2, 1, 18, 8, 1, 99005190, 1, 11, 88234320, 1
2, 1, 18, 8, 1, 99005190, 1, 10, 70812892, 1
2, 1, 18, 8, 1, 99005190, 1, 9, 60116460, 1
2, 1, 18, 8, 1, 99005190, 1, 8, 67188984, 1
2, 1, 18, 8, 1, 99005190, 1, 7, 75263447, 1
2, 1, 18, 8, 1, 99005190, 1, 6, 84171468, 1
2, 1, 18, 8, 1, 99005190, 1, 5, 99475371, 1
2, 1, 18, 8, 1, 99005190, 1, 4, 88881860, 1
2, 1, 18, 8, 1, 99005190, 1, 3, 26332457, 1
2, 1, 18, 8, 1, 99005190, 1, 2, 36865440, 1
2, 1, 18, 8, 1, 99005190, 1, 1, 1, 1
2, 1, 18, 8, 1, 99005190, 1, 0, 1, 0
2, 1, 18, 8, 1, 99005190, 0, 11, 60562728, 1
2, 1, 18, 8, 1, 99005190, 0, 10, 39539890, 1
2, 1, 18, 8, 1, 99005190, 0, 9, 43933211, 1
2, 1, 18, 8, 1, 99005190, 0, 8, 49424863, 1
2, 1, 18, 8, 1, 99005190, 0, 7, 56485557, 1
2, 1, 18, 8, 1, 99005190, 0, 6, 65899817, 1
2, 1, 18, 8, 1, 99005190, 0, 5, 79079780, 1
2, 1, 18, 8, 1, 99005190, 0, 4, 98849725, 1
2, 1, 18, 8, 1, 99005190, 0, 3, 22874161, 1
2, 1, 18, 8, 1, 99005190, 0, 2, 34311242, 1
2, 1, 18, 8, 1, 99005190, 0, 1, 1, 1
2, 2, 18, 8, 99005191, 158672208, 1, 11, 112950184, 1
2, 2, 18, 8, 99005191, 158672208, 1, 10, 96529605, 1
2, 2, 18, 8, 99005191, 158672208, 1, 9, 105845651, 1
2, 2, 18, 8, 99005191, 158672208, 1, 8, 115024938, 1
2, 2, 18, 8, 99005191, 158672208, 1, 7, 120386283, 1
2, 2, 18, 8, 99005191, 158672208, 1, 6, 120500209, 1
2, 2, 18, 8, 99005191, 158672208, 1, 5, 120312852, 1
2, 2, 18, 8, 99005191, 158672208, 1, 4, 77533646, 1
2, 2, 18, 8, 99005191, 158672208, 1, 3, 73936419, 1
2, 2, 18, 8, 99005191, 158672208, 1, 2, 103510987, 1
2, 2, 18, 8, 99005191, 158672208, 1, 1, 1, 1
2, 2, 18, 8, 99005191, 158672208, 1, 0, 1, 0
2, 2, 18, 8, 99005191, 158672208, 0, 11, 102550454, 1
2, 2, 18, 8, 99005191, 158672208, 0, 10, 102446183, 1
2, 2, 18, 8, 99005191, 158672208, 0, 9, 112045279, 1
2, 2, 18, 8, 99005191, 158672208, 0, 8, 121862997, 1
2, 2, 18, 8, 99005191, 158672208, 0, 7, 139271997, 1
2, 2, 18, 8, 99005191, 158672208, 0, 6, 122602075, 1
2, 2, 18, 8, 99005191, 158672208, 0, 5, 147122490, 1
2, 2, 18, 8, 99005191, 158672208, 0, 4, 82106625, 1
2, 2, 18, 8, 99005191, 158672208, 0, 3, 108043490, 1
2, 2, 18, 8, 99005191, 158672208, 0, 2, 162065234, 1
2, 2, 18, 8, 99005191, 158672208, 0, 1, 1, 1
2, 3, 18, 8, 158672209, 176123082, 1, 11, 33360862, 1
2, 3, 18, 8, 158672209, 176123082, 1, 10, 35757853, 1
2, 3, 18, 8, 158672209, 176123082, 1, 9, 39029352, 1
2, 3, 18, 8, 158672209, 176123082, 1, 8, 41237026, 1
2, 3, 18, 8, 158672209, 176123082, 1, 7, 32572336, 1
2, 3, 18, 8, 158672209, 176123082, 1, 6, 37583465, 1
2, 3, 18, 8, 158672209, 176123082, 1, 5, 39088542, 1
2, 3, 18, 8, 158672209, 176123082, 1, 4, 41636842, 1
2, 3, 18, 8, 158672209, 176123082, 1, 3, 53533082, 1
2, 3, 18, 8, 158672209, 176123082, 1, 2, 74946315, 1
2, 3, 18, 8, 158672209, 176123082, 1, 1, 56887903, 1
2, 3, 18, 8, 158672209, 176123082, 1, 0, 1, 0
2, 3, 18, 8, 158672209, 176123082, 0, 11, 22995921, 1
2, 3, 18, 8, 158672209, 176123082, 0, 10, 25295513, 1
2, 3, 18, 8, 158672209, 176123082, 0, 9, 28106126, 1
2, 3, 18, 8, 158672209, 176123082, 0, 8, 26553361, 1
2, 3, 18, 8, 158672209, 176123082, 0, 7, 20668242, 1
2, 3, 18, 8, 158672209, 176123082, 0, 6, 24112948, 1
2, 3, 18, 8, 158672209, 176123082, 0, 5, 17213322, 1
2, 3, 18, 8, 158672209, 176123082, 0, 4, 21516653, 1
2, 3, 18, 8, 158672209, 176123082, 0, 3, 28688870, 1
2, 3, 18, 8, 158672209, 176123082, 0, 2, 43033305, 1
2, 3, 18, 8, 158672209, 176123082, 0, 1, 86066609, 1
2, 4, 18, 8, 176123083, 207663075, 1, 11, 52327576, 1
2, 4, 18, 8, 176123083, 207663075, 1, 10, 51694254, 1
2, 4, 18, 8, 176123083, 207663075, 1, 9, 52011896, 1
2, 4, 18, 8, 176123083, 207663075, 1, 8, 58066483, 1
2, 4, 18, 8, 176123083, 207663075, 1, 7, 59585003, 1
2, 4, 18, 8, 176123083, 207663075, 1, 6, 65554282, 1
2, 4, 18, 8, 176123083, 207663075, 1, 5, 76243466, 1
2, 4, 18, 8, 176123083, 207663075, 1, 4, 88898680, 1
2, 4, 18, 8, 176123083, 207663075, 1, 3, 65117546, 1
2, 4, 18, 8, 176123083, 207663075, 1, 2, 24014917, 1
2, 4, 18, 8, 176123083, 207663075, 1, 1, 28771482, 1
2, 4, 18, 8, 176123083, 207663075, 1, 0, 1, 0
2, 4, 18, 8, 176123083, 207663075, 0, 11, 35981163, 1
2, 4, 18, 8, 176123083, 207663075, 0, 10, 39579279, 1
2, 4, 18, 8, 176123083, 207663075, 0, 9, 43976976, 1
2, 4, 18, 8, 176123083, 207663075, 0, 8, 49337122, 1
2, 4, 18, 8, 176123083, 207663075, 0, 7, 55960286, 1
2, 4, 18, 8, 176123083, 207663075, 0, 6, 65287001, 1
2, 4, 18, 8, 176123083, 207663075, 0, 5, 78344401, 1
2, 4, 18, 8, 176123083, 207663075, 0, 4, 97930501, 1
2, 4, 18, 8, 176123083, 207663075, 0, 3, 71080543, 1
2, 4, 18, 8, 176123083, 207663075, 0, 2, 1, 1
2, 4, 18, 8, 176123083, 207663075, 0, 1, 1, 1
2, 5, 18, 8, 207663076, 230522102, 1, 11, 715238, 1
2, 5, 18, 8, 207663076, 230522102, 1, 10, 783355, 1
2, 5, 18, 8, 207663076, 230522102, 1, 9, 865814, 1
2, 5, 18, 8, 207663076, 230522102, 1, 8, 967674, 1
2, 5, 18, 8, 207663076, 230522102, 1, 7, 1096697, 1
2, 5, 18, 8, 207663076, 230522102, 1, 6, 1265420, 1
2, 5, 18, 8, 207663076, 230522102, 1, 5, 1495496, 1
2, 5, 18, 8, 207663076, 230522102, 1, 4, 1827829, 1
2, 5, 18, 8, 207663076, 230522102, 1, 3, 1032189, 1
2, 5, 18, 8, 207663076, 230522102, 1, 2, 1445064, 1
2, 5, 18, 8, 207663076, 230522102, 1, 1, 2408440, 1
2, 5, 18, 8, 207663076, 230522102, 1, 0, 1, 0
2, 5, 18, 8, 207663076, 230522102, 0, 11, 1, 1
2, 5, 18, 8, 207663076, 230522102, 0, 10, 1, 1
2, 5, 18, 8, 207663076, 230522102, 0, 9, 1, 1
2, 5, 18, 8, 207663076, 230522102, 0, 8, 1, 1
2, 5, 18, 8, 207663076, 230522102, 0, 7, 1, 1
2, 5, 18, 8, 207663076, 230522102, 0, 6, 1, 1
2, 5, 18, 8, 207663076, 230522102, 0, 5, 1, 1
2, 5, 18, 8, 207663076, 230522102, 0, 4, 1, 1
2, 5, 18, 8, 207663076, 230522102, 0, 3, 1, 1
2, 5, 18, 8, 207663076, 230522102, 0, 2, 1, 1
2, 5, 18, 8, 207663076, 230522102, 0, 1, 1, 1
2, 6, 18, 8, 230522103, 276676193, 1, 11, 5445807, 1
2, 6, 18, 8, 230522103, 276676193, 1, 10, 5964455, 1
2, 6, 18, 8, 230522103, 276676193, 1, 9, 6592293, 1
2, 6, 18, 8, 230522103, 276676193, 1, 8, 7367856, 1
2, 6, 18, 8, 230522103, 276676193, 1, 7, 8126814, 1
2, 6, 18, 8, 230522103, 276676193, 1, 6, 9377093, 1
2, 6, 18, 8, 230522103, 276676193, 1, 5, 9487467, 1
2, 6, 18, 8, 230522103, 276676193, 1, 4, 11595793, 1
2, 6, 18, 8, 230522103, 276676193, 1, 3, 10533030, 1
2, 6, 18, 8, 230522103, 276676193, 1, 2, 4592036, 1
2, 6, 18, 8, 230522103, 276676193, 1, 1, 7653393, 1
2, 6, 18, 8, 230522103, 276676193, 1, 0, 1, 0
2, 6, 18, 8, 230522103, 276676193, 0, 11, 8910707, 1
2, 6, 18, 8, 230522103, 276676193, 0, 10, 9801778, 1
2, 6, 18, 8, 230522103, 276676193, 0, 9, 10890864, 1
2, 6, 18, 8, 230522103, 276676193, 0, 8, 12252222, 1
2, 6, 18, 8, 230522103, 276676193, 0, 7, 14002539, 1
2, 6, 18, 8, 230522103, 276676193, 0, 6, 16336296, 1
2, 6, 18, 8, 230522103, 276676193, 0, 5, 16280392, 1
2, 6, 18, 8, 230522103, 276676193, 0, 4, 20350489, 1
2, 6, 18, 8, 230522103, 276676193, 0, 3, 16923678, 1
2, 6, 18, 8, 230522103, 276676193, 0, 2, 1, 1
2, 6, 18, 8, 230522103, 276676193, 0, 1, 1, 1
2, 7, 18, 8, 276676194, 318471987, 1, 11, 5749824, 1
2, 7, 18, 8, 276676194, 318471987, 1, 10, 5332744, 1
2, 7, 18, 8, 276676194, 318471987, 1, 9, 5894085, 1
2, 7, 18, 8, 276676194, 318471987, 1, 8, 4212951, 1
2, 7, 18, 8, 276676194, 318471987, 1, 7, 4392410, 1
2, 7, 18, 8, 276676194, 318471987, 1, 6, 4579807, 1
2, 7, 18, 8, 276676194, 318471987, 1, 5, 3878045, 1
2, 7, 18, 8, 276676194, 318471987, 1, 4, 2277728, 1
2, 7, 18, 8, 276676194, 318471987, 1, 3, 1, 1
2, 7, 18, 8, 276676194, 318471987, 1, 2, 1, 1
2, 7, 18, 8, 276676194, 318471987, 1, 1, 1, 1
2, 7, 18, 8, 276676194, 318471987, 1, 0, 1, 0
2, 7, 18, 8, 276676194, 318471987, 0, 11, 5555343, 1
2, 7, 18, 8, 276676194, 318471987, 0, 10, 6110878, 1
2, 7, 18, 8, 276676194, 318471987, 0, 9, 6789864, 1
2, 7, 18, 8, 276676194, 318471987, 0, 8, 2592666, 1
2, 7, 18, 8, 276676194, 318471987, 0, 7, 2143902, 1
2, 7, 18, 8, 276676194, 318471987, 0, 6, 1443107, 1
2, 7, 18, 8, 276676194, 318471987, 0, 5, 1731729, 1
2, 7, 18, 8, 276676194, 318471987, 0, 4, 1, 1
2, 7, 18, 8, 276676194, 318471987, 0, 3, 1, 1
2, 7, 18, 8, 276676194, 318471987, 0, 2, 1, 1
2, 7, 18, 8, 276676194, 318471987, 0, 1, 1, 1
2, 8, 18, 8, 318471988, 360490710, 1, 11, 1938132, 1
2, 8, 18, 8, 318471988, 360490710, 1, 10, 2122716, 1
2, 8, 18, 8, 318471988, 360490710, 1, 9, 1612060, 1
2, 8, 18, 8, 318471988, 360490710, 1, 8, 833152, 1
2, 8, 18, 8, 318471988, 360490710, 1, 7, 944239, 1
2, 8, 18, 8, 318471988, 360490710, 1, 6, 1089506, 1
2, 8, 18, 8, 318471988, 360490710, 1, 5, 850942, 1
2, 8, 18, 8, 318471988, 360490710, 1, 4, 76656, 1
2, 8, 18, 8, 318471988, 360490710, 1, 3, 1, 1
2, 8, 18, 8, 318471988, 360490710, 1, 2, 1, 1
2, 8, 18, 8, 318471988, 360490710, 1, 1, 1, 1
2, 8, 18, 8, 318471988, 360490710, 1, 0, 1, 0
2, 8, 18, 8, 318471988, 360490710, 0, 11, 2285092, 1
2, 8, 18, 8, 318471988, 360490710, 0, 10, 2513602, 1
2, 8, 18, 8, 318471988, 360490710, 0, 9, 2792891, 1
2, 8, 18, 8, 318471988, 360490710, 0, 8, 1083808, 1
2, 8, 18, 8, 318471988, 360490710, 0, 7, 1238637, 1
2, 8, 18, 8, 318471988, 360490710, 0, 6, 1445077, 1
2, 8, 18, 8, 318471988, 360490710, 0, 5, 1734092, 1
2, 8, 18, 8, 318471988, 360490710, 0, 4, 1, 1
2, 8, 18, 8, 318471988, 360490710, 0, 3, 1, 1
2, 8, 18, 8, 318471988, 360490710, 0, 2, 1, 1
2, 8, 18, 8, 318471988, 360490710, 0, 1, 1, 1
2, 9, 18, 8, 360490711, 386892954, 1, 11, 191778112, 1
2, 9, 18, 8, 360490711, 386892954, 1, 10, 196138202, 1
2, 9, 18, 8, 360490711, 386892954, 1, 9, 178099369, 1
2, 9, 18, 8, 360490711, 386892954, 1, 8, 177662207, 1
2, 9, 18, 8, 360490711, 386892954, 1, 7, 174483997, 1
2, 9, 18, 8, 360490711, 386892954, 1, 6, 201327689, 1
2, 9, 18, 8, 360490711, 386892954, 1, 5, 204184220, 1
2, 9, 18, 8, 360490711, 386892954, 1, 4, 167507418, 1
2, 9, 18, 8, 360490711, 386892954, 1, 3, 163882158, 1
2, 9, 18, 8, 360490711, 386892954, 1, 2, 172491193, 1
2, 9, 18, 8, 360490711, 386892954, 1, 1, 202710612, 1
2, 9, 18, 8, 360490711, 386892954, 1, 0, 1, 0
2, 9, 18, 8, 360490711, 386892954, 0, 11, 149788382, 1
2, 9, 18, 8, 360490711, 386892954, 0, 10, 164767220, 1
2, 9, 18, 8, 360490711, 386892954, 0, 9, 143693243, 1
2, 9, 18, 8, 360490711, 386892954, 0, 8, 116201087, 1
2, 9, 18, 8, 360490711, 386892954, 0, 7, 128252694, 1
2, 9, 18, 8, 360490711, 386892954, 0, 6, 149628143, 1
2, 9, 18, 8, 360490711, 386892954, 0, 5, 179553772, 1
2, 9, 18, 8, 360490711, 386892954, 0, 4, 133896626, 1
2, 9, 18, 8, 360490711, 386892954, 0, 3, 178528835, 1
2, 9, 18, 8, 360490711, 386892954, 0, 2, 125433683, 1
2, 9, 18, 8, 360490711, 386892954, 0, 1, 250867366, 1
2, 10, 18, 8, 386892955, 393680972, 1, 11, 1268898147, 1
2, 10, 18, 8, 386892955, 393680972, 1, 10, 1212597232, 1
2, 10, 18, 8, 386892955, 393680972, 1, 9, 1150720255, 1
2, 10, 18, 8, 386892955, 393680972, 1, 8, 1080401906, 1
2, 10, 18, 8, 386892955, 393680972, 1, 7, 1054890638, 1
2, 10, 18, 8, 386892955, 393680972, 1, 6, 1008629910, 1
2, 10, 18, 8, 386892955, 393680972, 1, 5, 979338644, 1
2, 10, 18, 8, 386892955, 393680972, 1, 4, 848476441, 1
2, 10, 18, 8, 386892955, 393680972, 1, 3, 629009586, 1
2, 10, 18, 8, 386892955, 393680972, 1, 2, 583010437, 1
2, 10, 18, 8, 386892955, 393680972, 1, 1, 481316717, 0
2, 10, 18, 8, 386892955, 393680972, 1, 0, 125135209, 0
2, 10, 18, 8, 386892955, 393680972, 0, 11, 1313911239, 1
2, 10, 18, 8, 386892955, 393680972, 0, 10, 1255002704, 1
2, 10, 18, 8, 386892955, 393680972, 0, 9, 1194274537, 1
2, 10, 18, 8, 386892955, 393680972, 0, 8, 1127458360, 1
2, 10, 18, 8, 386892955, 393680972, 0, 7, 1189318881, 1
2, 10, 18, 8, 386892955, 393680972, 0, 6, 1072141075, 1
2, 10, 18, 8, 386892955, 393680972, 0, 5, 1151082200, 1
2, 10, 18, 8, 386892955, 393680972, 0, 4, 1040154653, 1
2, 10, 18, 8, 386892955, 393680972, 0, 3, 835271228, 1
2, 10, 18, 8, 386892955, 393680972, 0, 2, 705493571, 1
2, 10, 18, 8, 386892955, 393680972, 0, 1, 1, 1
2, 11, 18, 8, 393680973, 398785972, 1, 11, 960582001, 1
2, 11, 18, 8, 393680973, 398785972, 1, 10, 922917251, 1
2, 11, 18, 8, 393680973, 398785972, 1, 9, 878824230, 1
2, 11, 18, 8, 393680973, 398785972, 1, 8, 837184327, 1
2, 11, 18, 8, 393680973, 398785972, 1, 7, 778690557, 1
2, 11, 18, 8, 393680973, 398785972, 1, 6, 687573442, 1
2, 11, 18, 8, 393680973, 398785972, 1, 5, 603741997, 1
2, 11, 18, 8, 393680973, 398785972, 1, 4, 516908845, 1
2, 11, 18, 8, 393680973, 398785972, 1, 3, 403661683, 1
2, 11, 18, 8, 393680973, 398785972, 1, 2, 275180101, 1
2, 11, 18, 8, 393680973, 398785972, 1, 1, 78774907, 1
2, 11, 18, 8, 393680973, 398785972, 1, 0, 7253129, 0
2, 11, 18, 8, 393680973, 398785972, 0, 11, 977486738, 1
2, 11, 18, 8, 393680973, 398785972, 0, 10, 943709556, 1
2, 11, 18, 8, 393680973, 398785972, 0, 9, 901605019, 1
2, 11, 18, 8, 393680973, 398785972, 0, 8, 865552160, 1
2, 11, 18, 8, 393680973, 398785972, 0, 7, 817337492, 1
2, 11, 18, 8, 393680973, 398785972, 0, 6, 717810664, 1
2, 11, 18, 8, 393680973, 398785972, 0, 5, 624161682, 1
2, 11, 18, 8, 393680973, 398785972, 0, 4, 527575007, 1
2, 11, 18, 8, 393680973, 398785972, 0, 3, 412558172, 1
2, 11, 18, 8, 393680973, 398785972, 0, 2, 344875871, 1
2, 11, 18, 8, 393680973, 398785972, 0, 1, 118910980, 1
2, 12, 18, 8, 398785973, 445694234, 1, 11, 660529117, 1
2, 12, 18, 8, 398785973, 445694234, 1, 10, 628544257, 1
2, 12, 18, 8, 398785973, 445694234, 1, 9, 590756365, 1
2, 12, 18, 8, 398785973, 445694234, 1, 8, 541073797, 1
2, 12, 18, 8, 398785973, 445694234, 1, 7, 481047090, 1
2, 12, 18, 8, 398785973, 445694234, 1, 6, 411796518, 1
2, 12, 18, 8, 398785973, 445694234, 1, 5, 353416338, 1
2, 12, 18, 8, 398785973, 445694234, 1, 4, 295899395, 1
2, 12, 18, 8, 398785973, 445694234, 1, 3, 226345348, 1
2, 12, 18, 8, 398785973, 445694234, 1, 2, 163859283, 1
2, 12, 18, 8, 398785973, 445694234, 1, 1, 92086167, 1
2, 12, 18, 8, 398785973, 445694234, 1, 0, 1, 0
2, 12, 18, 8, 398785973, 445694234, 0, 11, 689454165, 1
2, 12, 18, 8, 398785973, 445694234, 0, 10, 659622801, 1
2, 12, 18, 8, 398785973, 445694234, 0, 9, 625113638, 1
2, 12, 18, 8, 398785973, 445694234, 0, 8, 575036966, 1
2, 12, 18, 8, 398785973, 445694234, 0, 7, 518965994, 1
2, 12, 18, 8, 398785973, 445694234, 0, 6, 443128381, 1
2, 12, 18, 8, 398785973, 445694234, 0, 5, 386743691, 1
2, 12, 18, 8, 398785973, 445694234, 0, 4, 327624207, 1
2, 12, 18, 8, 398785973, 445694234, 0, 3, 265963616, 1
2, 12, 18, 8, 398785973, 445694234, 0, 2, 207452192, 1
2, 12, 18, 8, 398785973, 445694234, 0, 1, 137585127, 1
2, 13, 18, 8, 445694235, 453585997, 1, 11, 463548829, 1
2, 13, 18, 8, 445694235, 453585997, 1, 10, 444548718, 1
2, 13, 18, 8, 445694235, 453585997, 1, 9, 422748782, 1
2, 13, 18, 8, 445694235, 453585997, 1, 8, 394674729, 1
2, 13, 18, 8, 445694235, 453585997, 1, 7, 362062342, 1
2, 13, 18, 8, 445694235, 453585997, 1, 6, 326176552, 1
2, 13, 18, 8, 445694235, 453585997, 1, 5, 292839193, 1
2, 13, 18, 8, 445694235, 453585997, 1, 4, 237590321, 1
2, 13, 18, 8, 445694235, 453585997, 1, 3, 185792795, 1
2, 13, 18, 8, 445694235, 453585997, 1, 2, 123359415, 1
2, 13, 18, 8, 445694235, 453585997, 1, 1, 58360568, 1
2, 13, 18, 8, 445694235, 453585997, 1, 0, 1, 0
2, 13, 18, 8, 445694235, 453585997, 0, 11, 475953905, 1
2, 13, 18, 8, 445694235, 453585997, 0, 10, 456822272, 1
2, 13, 18, 8, 445694235, 453585997, 0, 9, 435210594, 1
2, 13, 18, 8, 445694235, 453585997, 0, 8, 406896581, 1
2, 13, 18, 8, 445694235, 453585997, 0, 7, 373882286, 1
2, 13, 18, 8, 445694235, 453585997, 0, 6, 335468084, 1
2, 13, 18, 8, 445694235, 453585997, 0, 5, 315482655, 1
2, 13, 18, 8, 445694235, 453585997, 0, 4, 259909291, 1
2, 13, 18, 8, 445694235, 453585997, 0, 3, 221610460, 1
2, 13, 18, 8, 445694235, 453585997, 0, 2, 157564742, 1
2, 13, 18, 8, 445694235, 453585997, 0, 1, 89491456, 1
2, 14, 18, 8, 453585998, 458516150, 1, 11, 338788771, 1
2, 14, 18, 8, 453585998, 458516150, 1, 10, 322291848, 1
2, 14, 18, 8, 453585998, 458516150, 1, 9, 303522086, 1
2, 14, 18, 8, 453585998, 458516150, 1, 8, 279191190, 1
2, 14, 18, 8, 453585998, 458516150, 1, 7, 251320135, 1
2, 14, 18, 8, 453585998, 458516150, 1, 6, 221634549, 1
2, 14, 18, 8, 453585998, 458516150, 1, 5, 196752012, 1
2, 14, 18, 8, 453585998, 458516150, 1, 4, 153715661, 1
2, 14, 18, 8, 453585998, 458516150, 1, 3, 121109241, 1
2, 14, 18, 8, 453585998, 458516150, 1, 2, 51565967, 1
2, 14, 18, 8, 453585998, 458516150, 1, 1, 39400507, 1
2, 14, 18, 8, 453585998, 458516150, 1, 0, 1, 0
2, 14, 18, 8, 453585998, 458516150, 0, 11, 347200489, 1
2, 14, 18, 8, 453585998, 458516150, 0, 10, 330297867, 1
2, 14, 18, 8, 453585998, 458516150, 0, 9, 311410536, 1
2, 14, 18, 8, 453585998, 458516150, 0, 8, 286501957, 1
2, 14, 18, 8, 453585998, 458516150, 0, 7, 257866077, 1
2, 14, 18, 8, 453585998, 458516150, 0, 6, 225289761, 1
2, 14, 18, 8, 453585998, 458516150, 0, 5, 213477374, 1
2, 14, 18, 8, 453585998, 458516150, 0, 4, 170163571, 1
2, 14, 18, 8, 453585998, 458516150, 0, 3, 152297343, 1
2, 14, 18, 8, 453585998, 458516150, 0, 2, 68481973, 1
2, 14, 18, 8, 453585998, 458516150, 0, 1, 62369446, 1
2, 15, 18, 8, 458516151, 481958987, 1, 11, 290811256, 1
2, 15, 18, 8, 458516151, 481958987, 1, 10, 289418072, 1
2, 15, 18, 8, 458516151, 481958987, 1, 9, 279809052, 1
2, 15, 18, 8, 458516151, 481958987, 1, 8, 266907363, 1
2, 15, 18, 8, 458516151, 481958987, 1, 7, 254487390, 1
2, 15, 18, 8, 458516151, 481958987, 1, 6, 241229194, 1
2, 15, 18, 8, 458516151, 481958987, 1, 5, 225225929, 1
2, 15, 18, 8, 458516151, 481958987, 1, 4, 209831224, 1
2, 15, 18, 8, 458516151, 481958987, 1, 3, 213865570, 1
2, 15, 18, 8, 458516151, 481958987, 1, 2, 186850703, 1
2, 15, 18, 8, 458516151, 481958987, 1, 1, 124470172, 1
2, 15, 18, 8, 458516151, 481958987, 1, 0, 1, 0
2, 15, 18, 8, 458516151, 481958987, 0, 11, 302137719, 1
2, 15, 18, 8, 458516151, 481958987, 0, 10, 295119122, 1
2, 15, 18, 8, 458516151, 481958987, 0, 9, 288687933, 1
2, 15, 18, 8, 458516151, 481958987, 0, 8, 275873033, 1
2, 15, 18, 8, 458516151, 481958987, 0, 7, 258790871, 1
2, 15, 18, 8, 458516151, 481958987, 0, 6, 234037239, 1
2, 15, 18, 8, 458516151, 481958987, 0, 5, 227198225, 1
2, 15, 18, 8, 458516151, 481958987, 0, 4, 209272714, 1
2, 15, 18, 8, 458516151, 481958987, 0, 3, 243974704, 1
2, 15, 18, 8, 458516151, 481958987, 0, 2, 223101132, 1
2, 15, 18, 8, 458516151, 481958987, 0, 1, 162560368, 1
2, 16, 18, 8, 481958988, 496765159, 1, 11, 267186594, 1
2, 16, 18, 8, 481958988, 496765159, 1, 10, 272041068, 1
2, 16, 18, 8, 481958988, 496765159, 1, 9, 270704181, 1
2, 16, 18, 8, 481958988, 496765159, 1, 8, 267045248, 1
2, 16, 18, 8, 481958988, 496765159, 1, 7, 262218228, 1
2, 16, 18, 8, 481958988, 496765159, 1, 6, 265742265, 1
2, 16, 18, 8, 481958988, 496765159, 1, 5, 255296454, 1
2, 16, 18, 8, 481958988, 496765159, 1, 4, 226819798, 1
2, 16, 18, 8, 481958988, 496765159, 1, 3, 204612481, 1
2, 16, 18, 8, 481958988, 496765159, 1, 2, 182223150, 1
2, 16, 18, 8, 481958988, 496765159, 1, 1, 127125612, 1
2, 16, 18, 8, 481958988, 496765159, 1, 0, 1, 0
2, 16, 18, 8, 481958988, 496765159, 0, 11, 275596649, 1
2, 16, 18, 8, 481958988, 496765159, 0, 10, 273633591, 1
2, 16, 18, 8, 481958988, 496765159, 0, 9, 276076641, 1
2, 16, 18, 8, 481958988, 496765159, 0, 8, 272713281, 1
2, 16, 18, 8, 481958988, 496765159, 0, 7, 269658823, 1
2, 16, 18, 8, 481958988, 496765159, 0, 6, 263608796, 1
2, 16, 18, 8, 481958988, 496765159, 0, 5, 262793933, 1
2, 16, 18, 8, 481958988, 496765159, 0, 4, 232156894, 1
2, 16, 18, 8, 481958988, 496765159, 0, 3, 206780786, 1
2, 16, 18, 8, 481958988, 496765159, 0, 2, 217987094, 1
2, 16, 18, 8, 481958988, 496765159, 0, 1, 171104731, 1
2, 17, 18, 8, 496765160, 518498268, 1, 11, 624803078, 0
2, 17, 18, 8, 496765160, 518498268, 1, 10, 568887478, 0
2, 17, 18, 8, 496765160, 518498268, 1, 9, 580450910, 0
2, 17, 18, 8, 496765160, 518498268, 1, 8, 591501230, 0
2, 17, 18, 8, 496765160, 518498268, 1, 7, 534332717, 0
2, 17, 18, 8, 496765160, 518498268, 1, 6, 475774021, 0
2, 17, 18, 8, 496765160, 518498268, 1, 5, 507913449, 0
2, 17, 18, 8, 496765160, 518498268, 1, 4, 540948806, 0
2, 17, 18, 8, 496765160, 518498268, 1, 3, 560892889, 0
2, 17, 18, 8, 496765160, 518498268, 1, 2, 651202471, 0
2, 17, 18, 8, 496765160, 518498268, 1, 1, 834528974, 0
2, 17, 18, 8, 496765160, 518498268, 1, 0, 1251762552, 0
2, 17, 18, 8, 496765160, 518498268, 0, 11, 619285397, 1
2, 17, 18, 8, 496765160, 518498268, 0, 10, 632028531, 1
2, 17, 18, 8, 496765160, 518498268, 0, 9, 655711002, 1
2, 17, 18, 8, 496765160, 518498268, 0, 8, 677605530, 1
2, 17, 18, 8, 496765160, 518498268, 0, 7, 551078047, 1
2, 17, 18, 8, 496765160, 518498268, 0, 6, 410798566, 1
2, 17, 18, 8, 496765160, 518498268, 0, 5, 444259069, 1
2, 17, 18, 8, 496765160, 518498268, 0, 4, 465035080, 1
2, 17, 18, 8, 496765160, 518498268, 0, 3, 466281054, 1
2, 17, 18, 8, 496765160, 518498268, 0, 2, 520610842, 1
2, 17, 18, 8, 496765160, 518498268, 0, 1, 663048884, 1
2, 18, 18, 8, 518498269, 550603988, 1, 11, 501688387, 1
2, 18, 18, 8, 518498269, 550603988, 1, 10, 508670040, 1
2, 18, 18, 8, 518498269, 550603988, 1, 9, 520858180, 1
2, 18, 18, 8, 518498269, 550603988, 1, 8, 545721196, 1
2, 18, 18, 8, 518498269, 550603988, 1, 7, 598589734, 1
2, 18, 18, 8, 518498269, 550603988, 1, 6, 669584409, 1
2, 18, 18, 8, 518498269, 550603988, 1, 5, 791213739, 1
2, 18, 18, 8, 518498269, 550603988, 1, 4, 632562289, 1
2, 18, 18, 8, 518498269, 550603988, 1, 3, 687755941, 1
2, 18, 18, 8, 518498269, 550603988, 1, 2, 548378358, 1
2, 18, 18, 8, 518498269, 550603988, 1, 1, 609884016, 1
2, 18, 18, 8, 518498269, 550603988, 1, 0, 1, 0
2, 18, 18, 8, 518498269, 550603988, 0, 11, 421022160, 1
2, 18, 18, 8, 518498269, 550603988, 0, 10, 409375297, 1
2, 18, 18, 8, 518498269, 550603988, 0, 9, 419002038, 1
2, 18, 18, 8, 518498269, 550603988, 0, 8, 427207820, 1
2, 18, 18, 8, 518498269, 550603988, 0, 7, 488237508, 1
2, 18, 18, 8, 518498269, 550603988, 0, 6, 569610426, 1
2, 18, 18, 8, 518498269, 550603988, 0, 5, 683532511, 1
2, 18, 18, 8, 518498269, 550603988, 0, 4, 470055174, 1
2, 18, 18, 8, 518498269, 550603988, 0, 3, 472348447, 1
2, 18, 18, 8, 518498269, 550603988, 0, 2, 639493569, 1
2, 18, 18, 8, 518498269, 550603988, 0, 1, 955859581, 1
2, 19, 18, 8, 550603989, 580837707, 1, 11, 74908875, 1
2, 19, 18, 8, 550603989, 580837707, 1, 10, 78147968, 1
2, 19, 18, 8, 550603989, 580837707, 1, 9, 83318838, 1
2, 19, 18, 8, 550603989, 580837707, 1, 8, 88885968, 1
2, 19, 18, 8, 550603989, 580837707, 1, 7, 100737430, 1
2, 19, 18, 8, 550603989, 580837707, 1, 6, 116235496, 1
2, 19, 18, 8, 550603989, 580837707, 1, 5, 137369222, 1
2, 19, 18, 8, 550603989, 580837707, 1, 4, 167895716, 1
2, 19, 18, 8, 550603989, 580837707, 1, 3, 206604726, 1
2, 19, 18, 8, 550603989, 580837707, 1, 2, 289246616, 1
2, 19, 18, 8, 550603989, 580837707, 1, 1, 317783987, 1
2, 19, 18, 8, 550603989, 580837707, 1, 0, 1, 0
2, 19, 18, 8, 550603989, 580837707, 0, 11, 74038401, 1
2, 19, 18, 8, 550603989, 580837707, 0, 10, 73262560, 1
2, 19, 18, 8, 550603989, 580837707, 0, 9, 81402844, 1
2, 19, 18, 8, 550603989, 580837707, 0, 8, 91578200, 1
2, 19, 18, 8, 550603989, 580837707, 0, 7, 104660800, 1
2, 19, 18, 8, 550603989, 580837707, 0, 6, 122104266, 1
2, 19, 18, 8, 550603989, 580837707, 0, 5, 146525119, 1
2, 19, 18, 8, 550603989, 580837707, 0, 4, 183156399, 1
2, 19, 18, 8, 550603989, 580837707, 0, 3, 222599077, 1
2, 19, 18, 8, 550603989, 580837707, 0, 2, 333898615, 1
2, 19, 18, 8, 550603989, 580837707, 0, 1, 468306462, 1
2, 20, 18, 8, 580837708, 628307516, 1, 11, 22626029, 0
2, 20, 18, 8, 580837708, 628307516, 1, 10, 22227034, 0
2, 20, 18, 8, 580837708, 628307516, 1, 9, 21108517, 0
2, 20, 18, 8, 580837708, 628307516, 1, 8, 23591871, 0
2, 20, 18, 8, 580837708, 628307516, 1, 7, 25334171, 0
2, 20, 18, 8, 580837708, 628307516, 1, 6, 25108978, 0
2, 20, 18, 8, 580837708, 628307516, 1, 5, 24493560, 0
2, 20, 18, 8, 580837708, 628307516, 1, 4, 22211438, 0
2, 20, 18, 8, 580837708, 628307516, 1, 3, 10742846, 0
2, 20, 18, 8, 580837708, 628307516, 1, 2, 14811064, 0
2, 20, 18, 8, 580837708, 628307516, 1, 1, 24685106, 0
2, 20, 18, 8, 580837708, 628307516, 1, 0, 29843747, 0
2, 20, 18, 8, 580837708, 628307516, 0, 11, 21501800, 1
2, 20, 18, 8, 580837708, 628307516, 0, 10, 23651980, 1
2, 20, 18, 8, 580837708, 628307516, 0, 9, 23895836, 1
2, 20, 18, 8, 580837708, 628307516, 0, 8, 26882815, 1
2, 20, 18, 8, 580837708, 628307516, 0, 7, 27716181, 1
2, 20, 18, 8, 580837708, 628307516, 0, 6, 23402904, 1
2, 20, 18, 8, 580837708, 628307516, 0, 5, 16685973, 1
2, 20, 18, 8, 580837708, 628307516, 0, 4, 20857466, 1
2, 20, 18, 8, 580837708, 628307516, 0, 3, 4960289, 1
2, 20, 18, 8, 580837708, 628307516, 0, 2, 6868134, 1
2, 20, 18, 8, 580837708, 628307516, 0, 1, 13736267, 1
2, 21, 18, 8, 628307517, 796849336, 1, 11, 30826658, 0
2, 21, 18, 8, 628307517, 796849336, 1, 10, 33762531, 0
2, 21, 18, 8, 628307517, 796849336, 1, 9, 32584592, 0
2, 21, 18, 8, 628307517, 796849336, 1, 8, 32964495, 0
2, 21, 18, 8, 628307517, 796849336, 1, 7, 33315883, 0
2, 21, 18, 8, 628307517, 796849336, 1, 6, 37292965, 0
2, 21, 18, 8, 628307517, 796849336, 1, 5, 39812084, 0
2, 21, 18, 8, 628307517, 796849336, 1, 4, 37453310, 0
2, 21, 18, 8, 628307517, 796849336, 1, 3, 48154256, 0
2, 21, 18, 8, 628307517, 796849336, 1, 2, 67415958, 0
2, 21, 18, 8, 628307517, 796849336, 1, 1, 102533126, 0
2, 21, 18, 8, 628307517, 796849336, 1, 0, 104194978, 0
2, 21, 18, 8, 628307517, 796849336, 0, 11, 17854054, 1
2, 21, 18, 8, 628307517, 796849336, 0, 10, 19639460, 1
2, 21, 18, 8, 628307517, 796849336, 0, 9, 21821622, 1
2, 21, 18, 8, 628307517, 796849336, 0, 8, 17210471, 1
2, 21, 18, 8, 628307517, 796849336, 0, 7, 11003657, 1
2, 21, 18, 8, 628307517, 796849336, 0, 6, 12837600, 1
2, 21, 18, 8, 628307517, 796849336, 0, 5, 15405120, 1
2, 21, 18, 8, 628307517, 796849336, 0, 4, 19256400, 1
2, 21, 18, 8, 628307517, 796849336, 0, 3, 25675200, 1
2, 21, 18, 8, 628307517, 796849336, 0, 2, 38512799, 1
2, 21, 18, 8, 628307517, 796849336, 0, 1, 67646093, 1
2, 22, 18, 8, 796849337, 861723945, 1, 11, 66889720, 0
2, 22, 18, 8, 796849337, 861723945, 1, 10, 68119731, 0
2, 22, 18, 8, 796849337, 861723945, 1, 9, 69293246, 0
2, 22, 18, 8, 796849337, 861723945, 1, 8, 67131228, 0
2, 22, 18, 8, 796849337, 861723945, 1, 7, 65940792, 0
2, 22, 18, 8, 796849337, 861723945, 1, 6, 71933637, 0
2, 22, 18, 8, 796849337, 861723945, 1, 5, 78039338, 0
2, 22, 18, 8, 796849337, 861723945, 1, 4, 72140382, 0
2, 22, 18, 8, 796849337, 861723945, 1, 3, 85467803, 0
2, 22, 18, 8, 796849337, 861723945, 1, 2, 105913090, 0
2, 22, 18, 8, 796849337, 861723945, 1, 1, 127702242, 0
2, 22, 18, 8, 796849337, 861723945, 1, 0, 134230525, 0
2, 22, 18, 8, 796849337, 861723945, 0, 11, 55888029, 1
2, 22, 18, 8, 796849337, 861723945, 0, 10, 56079372, 1
2, 22, 18, 8, 796849337, 861723945, 0, 9, 55647292, 1
2, 22, 18, 8, 796849337, 861723945, 0, 8, 47432431, 1
2, 22, 18, 8, 796849337, 861723945, 0, 7, 40187863, 1
2, 22, 18, 8, 796849337, 861723945, 0, 6, 46885841, 1
2, 22, 18, 8, 796849337, 861723945, 0, 5, 56263009, 1
2, 22, 18, 8, 796849337, 861723945, 0, 4, 56304510, 1
2, 22, 18, 8, 796849337, 861723945, 0, 3, 58076407, 1
2, 22, 18, 8, 796849337, 861723945, 0, 2, 61913229, 1
2, 22, 18, 8, 796849337, 861723945, 0, 1, 60212765, 1
2, 23, 18, 8, 861723946, 990876607, 1, 11, 45298127, 1
2, 23, 18, 8, 861723946, 990876607, 1, 10, 46457061, 1
2, 23, 18, 8, 861723946, 990876607, 1, 9, 48290007, 1
2, 23, 18, 8, 861723946, 990876607, 1, 8, 52129644, 1
2, 23, 18, 8, 861723946, 990876607, 1, 7, 57736121, 1
2, 23, 18, 8, 861723946, 990876607, 1, 6, 60331760, 1
2, 23, 18, 8, 861723946, 990876607, 1, 5, 68360874, 1
2, 23, 18, 8, 861723946, 990876607, 1, 4, 62968112, 1
2, 23, 18, 8, 861723946, 990876607, 1, 3, 70285339, 1
2, 23, 18, 8, 861723946, 990876607, 1, 2, 83456348, 1
2, 23, 18, 8, 861723946, 990876607, 1, 1, 81561921, 1
2, 23, 18, 8, 861723946, 990876607, 1, 0, 1, 0
2, 23, 18, 8, 861723946, 990876607, 0, 11, 37886314, 1
2, 23, 18, 8, 861723946, 990876607, 0, 10, 37772759, 1
2, 23, 18, 8, 861723946, 990876607, 0, 9, 41969732, 1
2, 23, 18, 8, 861723946, 990876607, 0, 8, 47215948, 1
2, 23, 18, 8, 861723946, 990876607, 0, 7, 53961083, 1
2, 23, 18, 8, 861723946, 990876607, 0, 6, 62954597, 1
2, 23, 18, 8, 861723946, 990876607, 0, 5, 69076863, 1
2, 23, 18, 8, 861723946, 990876607, 0, 4, 69668815, 1
2, 23, 18, 8, 861723946, 990876607, 0, 3, 67986543, 1
2, 23, 18, 8, 861723946, 990876607, 0, 2, 101979814, 1
2, 23, 18, 8, 861723946, 990876607, 0, 1, 116621990, 1
2, 24, 18, 8, 990876608, 1038113704, 1, 11, 9025120, 1
2, 24, 18, 8, 990876608, 1038113704, 1, 10, 8494323, 1
2, 24, 18, 8, 990876608, 1038113704, 1, 9, 7279784, 1
2, 24, 18, 8, 990876608, 1038113704, 1, 8, 6078169, 1
2, 24, 18, 8, 990876608, 1038113704, 1, 7, 5510896, 1
2, 24, 18, 8, 990876608, 1038113704, 1, 6, 6358726, 1
2, 24, 18, 8, 990876608, 1038113704, 1, 5, 7514857, 1
2, 24, 18, 8, 990876608, 1038113704, 1, 4, 2450271, 1
2, 24, 18, 8, 990876608, 1038113704, 1, 3, 2766837, 1
2, 24, 18, 8, 990876608, 1038113704, 1, 2, 3873571, 1
2, 24, 18, 8, 990876608, 1038113704, 1, 1, 6455951, 1
2, 24, 18, 8, 990876608, 1038113704, 1, 0, 1, 0
2, 24, 18, 8, 990876608, 1038113704, 0, 11, 2656500, 1
2, 24, 18, 8, 990876608, 1038113704, 0, 10, 2922150, 1
2, 24, 18, 8, 990876608, 1038113704, 0, 9, 3246833, 1
2, 24, 18, 8, 990876608, 1038113704, 0, 8, 3652687, 1
2, 24, 18, 8, 990876608, 1038113704, 0, 7, 2766837, 1
2, 24, 18, 8, 990876608, 1038113704, 0, 6, 3227976, 1
2, 24, 18, 8, 990876608, 1038113704, 0, 5, 3873571, 1
2, 24, 18, 8, 990876608, 1038113704, 0, 4, 4841964, 1
2, 24, 18, 8, 990876608, 1038113704, 0, 3, 6455951, 1
2, 24, 18, 8, 990876608, 1038113704, 0, 2, 9683927, 1
2, 24, 18, 8, 990876608, 1038113704, 0, 1, 19367853, 1
2, 25, 18, 8, 1038113705, 1089311238, 1, 11, 685953636, 1
2, 25, 18, 8, 1038113705, 1089311238, 1, 10, 680255705, 1
2, 25, 18, 8, 1038113705, 1089311238, 1, 9, 673556036, 1
2, 25, 18, 8, 1038113705, 1089311238, 1, 8, 665338019, 1
2, 25, 18, 8, 1038113705, 1089311238, 1, 7, 654888721, 1
2, 25, 18, 8, 1038113705, 1089311238, 1, 6, 648204451, 1
2, 25, 18, 8, 1038113705, 1089311238, 1, 5, 650861263, 1
2, 25, 18, 8, 1038113705, 1089311238, 1, 4, 649316928, 1
2, 25, 18, 8, 1038113705, 1089311238, 1, 3, 615232082, 1
2, 25, 18, 8, 1038113705, 1089311238, 1, 2, 580532766, 1
2, 25, 18, 8, 1038113705, 1089311238, 1, 1, 490540321, 1
2, 25, 18, 8, 1038113705, 1089311238, 1, 0, 98113323, 0
2, 25, 18, 8, 1038113705, 1089311238, 0, 11, 706329294, 1
2, 25, 18, 8, 1038113705, 1089311238, 0, 10, 704160675, 1
2, 25, 18, 8, 1038113705, 1089311238, 0, 9, 702626444, 1
2, 25, 18, 8, 1038113705, 1089311238, 0, 8, 695001751, 1
2, 25, 18, 8, 1038113705, 1089311238, 0, 7, 685844396, 1
2, 25, 18, 8, 1038113705, 1089311238, 0, 6, 695456700, 1
2, 25, 18, 8, 1038113705, 1089311238, 0, 5, 696729508, 1
2, 25, 18, 8, 1038113705, 1089311238, 0, 4, 690771446, 1
2, 25, 18, 8, 1038113705, 1089311238, 0, 3, 664823965, 1
2, 25, 18, 8, 1038113705, 1089311238, 0, 2, 679562522, 1
2, 25, 18, 8, 1038113705, 1089311238, 0, 1, 708104475, 1
2, 26, 18, 8, 1089311239, 1134645577, 1, 11, 4141743, 1
2, 26, 18, 8, 1089311239, 1134645577, 1, 10, 4089853, 1
2, 26, 18, 8, 1089311239, 1134645577, 1, 9, 3696091, 1
2, 26, 18, 8, 1089311239, 1134645577, 1, 8, 3575112, 1
2, 26, 18, 8, 1089311239, 1134645577, 1, 7, 3723256, 1
2, 26, 18, 8, 1089311239, 1134645577, 1, 6, 3193971, 1
2, 26, 18, 8, 1089311239, 1134645577, 1, 5, 3774693, 1
2, 26, 18, 8, 1089311239, 1134645577, 1, 4, 4613513, 1
2, 26, 18, 8, 1089311239, 1134645577, 1, 3, 5931660, 1
2, 26, 18, 8, 1089311239, 1134645577, 1, 2, 5169427, 1
2, 26, 18, 8, 1089311239, 1134645577, 1, 1, 1, 1
2, 26, 18, 8, 1089311239, 1134645577, 1, 0, 1, 0
2, 26, 18, 8, 1089311239, 1134645577, 0, 11, 1306990, 1
2, 26, 18, 8, 1089311239, 1134645577, 0, 10, 1437689, 1
2, 26, 18, 8, 1089311239, 1134645577, 0, 9, 1597432, 1
2, 26, 18, 8, 1089311239, 1134645577, 0, 8, 616009, 1
2, 26, 18, 8, 1089311239, 1134645577, 0, 7, 1, 1
2, 26, 18, 8, 1089311239, 1134645577, 0, 6, 1, 1
2, 26, 18, 8, 1089311239, 1134645577, 0, 5, 1, 1
2, 26, 18, 8, 1089311239, 1134645577, 0, 4, 1, 1
2, 26, 18, 8, 1089311239, 1134645577, 0, 3, 1, 1
2, 26, 18, 8, 1089311239, 1134645577, 0, 2, 1, 1
2, 26, 18, 8, 1089311239, 1134645577, 0, 1, 1, 1
2, 27, 18, 8, 1134645578, 1252462973, 1, 11, 717696084, 1
2, 27, 18, 8, 1134645578, 1252462973, 1, 10, 745541444, 1
2, 27, 18, 8, 1134645578, 1252462973, 1, 9, 736546459, 1
2, 27, 18, 8, 1134645578, 1252462973, 1, 8, 725493050, 1
2, 27, 18, 8, 1134645578, 1252462973, 1, 7, 710838025, 1
2, 27, 18, 8, 1134645578, 1252462973, 1, 6, 699362687, 1
2, 27, 18, 8, 1134645578, 1252462973, 1, 5, 695566197, 1
2, 27, 18, 8, 1134645578, 1252462973, 1, 4, 684602681, 1
2, 27, 18, 8, 1134645578, 1252462973, 1, 3, 649060977, 1
2, 27, 18, 8, 1134645578, 1252462973, 1, 2, 646944111, 1
2, 27, 18, 8, 1134645578, 1252462973, 1, 1, 549207368, 1
2, 27, 18, 8, 1134645578, 1252462973, 1, 0, 228823573, 0
2, 27, 18, 8, 1134645578, 1252462973, 0, 11, 691278934, 1
2, 27, 18, 8, 1134645578, 1252462973, 0, 10, 760406827, 1
2, 27, 18, 8, 1134645578, 1252462973, 0, 9, 755445362, 1
2, 27, 18, 8, 1134645578, 1252462973, 0, 8, 743536628, 1
2, 27, 18, 8, 1134645578, 1252462973, 0, 7, 728871221, 1
2, 27, 18, 8, 1134645578, 1252462973, 0, 6, 731139455, 1
2, 27, 18, 8, 1134645578, 1252462973, 0, 5, 722306503, 1
2, 27, 18, 8, 1134645578, 1252462973, 0, 4, 700969879, 1
2, 27, 18, 8, 1134645578, 1252462973, 0, 3, 672467982, 1
2, 27, 18, 8, 1134645578, 1252462973, 0, 2, 766653770, 1
2, 27, 18, 8, 1134645578, 1252462973, 0, 1, 795195723, 1
2, 28, 18, 8, 1252462974, 1270870944, 1, 11, 1068168240, 1
2, 28, 18, 8, 1252462974, 1270870944, 1, 10, 1155058662, 1
2, 28, 18, 8, 1252462974, 1270870944, 1, 9, 1159320906, 1
2, 28, 18, 8, 1252462974, 1270870944, 1, 8, 1171126032, 1
2, 28, 18, 8, 1252462974, 1270870944, 1, 7, 1171901779, 1
2, 28, 18, 8, 1252462974, 1270870944, 1, 6, 1168679907, 1
2, 28, 18, 8, 1252462974, 1270870944, 1, 5, 1084610616, 1
2, 28, 18, 8, 1252462974, 1270870944, 1, 4, 1158482346, 1
2, 28, 18, 8, 1252462974, 1270870944, 1, 3, 1165126459, 1
2, 28, 18, 8, 1252462974, 1270870944, 1, 2, 989591180, 1
2, 28, 18, 8, 1252462974, 1270870944, 1, 1, 1104826674, 1
2, 28, 18, 8, 1252462974, 1270870944, 1, 0, 698256827, 0
2, 28, 18, 8, 1252462974, 1270870944, 0, 11, 1022765079, 1
2, 28, 18, 8, 1252462974, 1270870944, 0, 10, 1120413658, 1
2, 28, 18, 8, 1252462974, 1270870944, 0, 9, 1119887102, 1
2, 28, 18, 8, 1252462974, 1270870944, 0, 8, 1133302216, 1
2, 28, 18, 8, 1252462974, 1270870944, 0, 7, 1121958711, 1
2, 28, 18, 8, 1252462974, 1270870944, 0, 6, 1139223213, 1
2, 28, 18, 8, 1252462974, 1270870944, 0, 5, 1023428481, 1
2, 28, 18, 8, 1252462974, 1270870944, 0, 4, 1091058005, 1
2, 28, 18, 8, 1252462974, 1270870944, 0, 3, 1058221504, 1
2, 28, 18, 8, 1252462974, 1270870944, 0, 2, 792786019, 1
2, 28, 18, 8, 1252462974, 1270870944, 0, 1, 727539887, 1
2, 29, 18, 8, 1270870945, 1275681858, 1, 11, 773952248, 1
2, 29, 18, 8, 1270870945, 1275681858, 1, 10, 703803864, 1
2, 29, 18, 8, 1270870945, 1275681858, 1, 9, 695930072, 1
2, 29, 18, 8, 1270870945, 1275681858, 1, 8, 683723165, 1
2, 29, 18, 8, 1270870945, 1275681858, 1, 7, 664245106, 1
2, 29, 18, 8, 1270870945, 1275681858, 1, 6, 568044123, 1
2, 29, 18, 8, 1270870945, 1275681858, 1, 5, 409576264, 1
2, 29, 18, 8, 1270870945, 1275681858, 1, 4, 415102851, 1
2, 29, 18, 8, 1270870945, 1275681858, 1, 3, 278716091, 1
2, 29, 18, 8, 1270870945, 1275681858, 1, 2, 390202527, 1
2, 29, 18, 8, 1270870945, 1275681858, 1, 1, 338771926, 1
2, 29, 18, 8, 1270870945, 1275681858, 1, 0, 217343954, 0
2, 29, 18, 8, 1270870945, 1275681858, 0, 11, 835564408, 1
2, 29, 18, 8, 1270870945, 1275681858, 0, 10, 779023772, 1
2, 29, 18, 8, 1270870945, 1275681858, 0, 9, 776447915, 1
2, 29, 18, 8, 1270870945, 1275681858, 0, 8, 783583112, 1
2, 29, 18, 8, 1270870945, 1275681858, 0, 7, 763312318, 1
2, 29, 18, 8, 1270870945, 1275681858, 0, 6, 650594813, 1
2, 29, 18, 8, 1270870945, 1275681858, 0, 5, 492790305, 1
2, 29, 18, 8, 1270870945, 1275681858, 0, 4, 498957055, 1
2, 29, 18, 8, 1270870945, 1275681858, 0, 3, 335419096, 1
2, 29, 18, 8, 1270870945, 1275681858, 0, 2, 503128644, 1
2, 29, 18, 8, 1270870945, 1275681858, 0, 1, 448136239, 1
2, 30, 18, 8, 1275681859, 1313877930, 1, 11, 472319089, 1
2, 30, 18, 8, 1275681859, 1313877930, 1, 10, 471897886, 1
2, 30, 18, 8, 1275681859, 1313877930, 1, 9, 465819829, 1
2, 30, 18, 8, 1275681859, 1313877930, 1, 8, 459019554, 1
2, 30, 18, 8, 1275681859, 1313877930, 1, 7, 449603570, 1
2, 30, 18, 8, 1275681859, 1313877930, 1, 6, 437290361, 1
2, 30, 18, 8, 1275681859, 1313877930, 1, 5, 420499620, 1
2, 30, 18, 8, 1275681859, 1313877930, 1, 4, 389581635, 1
2, 30, 18, 8, 1275681859, 1313877930, 1, 3, 337893441, 1
2, 30, 18, 8, 1275681859, 1313877930, 1, 2, 250995047, 1
2, 30, 18, 8, 1275681859, 1313877930, 1, 1, 136360398, 1
2, 30, 18, 8, 1275681859, 1313877930, 1, 0, 1, 0
2, 30, 18, 8, 1275681859, 1313877930, 0, 11, 481640142, 1
2, 30, 18, 8, 1275681859, 1313877930, 0, 10, 487419755, 1
2, 30, 18, 8, 1275681859, 1313877930, 0, 9, 482728680, 1
2, 30, 18, 8, 1275681859, 1313877930, 0, 8, 476864836, 1
2, 30, 18, 8, 1275681859, 1313877930, 0, 7, 469325608, 1
2, 30, 18, 8, 1275681859, 1313877930, 0, 6, 459273303, 1
2, 30, 18, 8, 1275681859, 1313877930, 0, 5, 445200078, 1
2, 30, 18, 8, 1275681859, 1313877930, 0, 4, 427127375, 1
2, 30, 18, 8, 1275681859, 1313877930, 0, 3, 384536753, 1
2, 30, 18, 8, 1275681859, 1313877930, 0, 2, 316279699, 1
2, 30, 18, 8, 1275681859, 1313877930, 0, 1, 211850043, 1
2, 31, 18, 8, 1313877931, 1334604626, 1, 11, 498942259, 1
2, 31, 18, 8, 1313877931, 1334604626, 1, 10, 491452563, 1
2, 31, 18, 8, 1313877931, 1334604626, 1, 9, 474243144, 1
2, 31, 18, 8, 1313877931, 1334604626, 1, 8, 466673864, 1
2, 31, 18, 8, 1313877931, 1334604626, 1, 7, 458157688, 1
2, 31, 18, 8, 1313877931, 1334604626, 1, 6, 454037079, 1
2, 31, 18, 8, 1313877931, 1334604626, 1, 5, 448418067, 1
2, 31, 18, 8, 1313877931, 1334604626, 1, 4, 435074449, 1
2, 31, 18, 8, 1313877931, 1334604626, 1, 3, 400955791, 1
2, 31, 18, 8, 1313877931, 1334604626, 1, 2, 351267733, 1
2, 31, 18, 8, 1313877931, 1334604626, 1, 1, 332406828, 1
2, 31, 18, 8, 1313877931, 1334604626, 1, 0, 1960851, 0
2, 31, 18, 8, 1313877931, 1334604626, 0, 11, 456556840, 1
2, 31, 18, 8, 1313877931, 1334604626, 0, 10, 451057165, 1
2, 31, 18, 8, 1313877931, 1334604626, 0, 9, 447292223, 1
2, 31, 18, 8, 1313877931, 1334604626, 0, 8, 442586046, 1
2, 31, 18, 8, 1313877931, 1334604626, 0, 7, 436535246, 1
2, 31, 18, 8, 1313877931, 1334604626, 0, 6, 428467513, 1
2, 31, 18, 8, 1313877931, 1334604626, 0, 5, 417172687, 1
2, 31, 18, 8, 1313877931, 1334604626, 0, 4, 395837757, 1
2, 31, 18, 8, 1313877931, 1334604626, 0, 3, 355943000, 1
2, 31, 18, 8, 1313877931, 1334604626, 0, 2, 280102291, 1
2, 31, 18, 8, 1313877931, 1334604626, 0, 1, 177533104, 1
2, 32, 18, 8, 1334604627, 1377731082, 1, 11, 336822293, 1
2, 32, 18, 8, 1334604627, 1377731082, 1, 10, 307981109, 1
2, 32, 18, 8, 1334604627, 1377731082, 1, 9, 276239232, 1
2, 32, 18, 8, 1334604627, 1377731082, 1, 8, 264554758, 1
2, 32, 18, 8, 1334604627, 1377731082, 1, 7, 262598553, 1
2, 32, 18, 8, 1334604627, 1377731082, 1, 6, 301809475, 1
2, 32, 18, 8, 1334604627, 1377731082, 1, 5, 356683925, 1
2, 32, 18, 8, 1334604627, 1377731082, 1, 4, 264505201, 1
2, 32, 18, 8, 1334604627, 1377731082, 1, 3, 166185366, 0
2, 32, 18, 8, 1334604627, 1377731082, 1, 2, 429403, 0
2, 32, 18, 8, 1334604627, 1377731082, 1, 1, 715671, 0
2, 32, 18, 8, 1334604627, 1377731082, 1, 0, 2147013, 0
2, 32, 18, 8, 1334604627, 1377731082, 0, 11, 255850590, 1
2, 32, 18, 8, 1334604627, 1377731082, 0, 10, 237063831, 1
2, 32, 18, 8, 1334604627, 1377731082, 0, 9, 246472111, 1
2, 32, 18, 8, 1334604627, 1377731082, 0, 8, 251587665, 1
2, 32, 18, 8, 1334604627, 1377731082, 0, 7, 287528760, 1
2, 32, 18, 8, 1334604627, 1377731082, 0, 6, 332874366, 1
2, 32, 18, 8, 1334604627, 1377731082, 0, 5, 399449239, 1
2, 32, 18, 8, 1334604627, 1377731082, 0, 4, 113567458, 1
2, 32, 18, 8, 1334604627, 1377731082, 0, 3, 1, 1
2, 32, 18, 8, 1334604627, 1377731082, 0, 2, 1, 1
2, 32, 18, 8, 1334604627, 1377731082, 0, 1, 1, 1
2, 33, 18, 8, 1377731083, 1527492740, 1, 11, 433144893, 0
2, 33, 18, 8, 1377731083, 1527492740, 1, 10, 436120463, 0
2, 33, 18, 8, 1377731083, 1527492740, 1, 9, 439749628, 0
2, 33, 18, 8, 1377731083, 1527492740, 1, 8, 430504216, 0
2, 33, 18, 8, 1377731083, 1527492740, 1, 7, 384121214, 0
2, 33, 18, 8, 1377731083, 1527492740, 1, 6, 327079392, 0
2, 33, 18, 8, 1377731083, 1527492740, 1, 5, 248066903, 0
2, 33, 18, 8, 1377731083, 1527492740, 1, 4, 303192881, 0
2, 33, 18, 8, 1377731083, 1527492740, 1, 3, 389819418, 0
2, 33, 18, 8, 1377731083, 1527492740, 1, 2, 545747185, 0
2, 33, 18, 8, 1377731083, 1527492740, 1, 1, 416326786, 0
2, 33, 18, 8, 1377731083, 1527492740, 1, 0, 501585698, 0
2, 33, 18, 8, 1377731083, 1527492740, 0, 11, 397974500, 1
2, 33, 18, 8, 1377731083, 1527492740, 0, 10, 437771950, 1
2, 33, 18, 8, 1377731083, 1527492740, 0, 9, 397159189, 1
2, 33, 18, 8, 1377731083, 1527492740, 0, 8, 376438839, 1
2, 33, 18, 8, 1377731083, 1527492740, 0, 7, 319657579, 1
2, 33, 18, 8, 1377731083, 1527492740, 0, 6, 243859997, 1
2, 33, 18, 8, 1377731083, 1527492740, 0, 5, 141155051, 1
2, 33, 18, 8, 1377731083, 1527492740, 0, 4, 176443814, 1
2, 33, 18, 8, 1377731083, 1527492740, 0, 3, 235258418, 1
2, 33, 18, 8, 1377731083, 1527492740, 0, 2, 352887627, 1
2, 33, 18, 8, 1377731083, 1527492740, 0, 1, 1, 1
2, 34, 18, 8, 1527492741, 1658524413, 1, 11, 12516014, 1
2, 34, 18, 8, 1527492741, 1658524413, 1, 10, 10499503, 1
2, 34, 18, 8, 1527492741, 1658524413, 1, 9, 11604713, 1
2, 34, 18, 8, 1527492741, 1658524413, 1, 8, 12969974, 1
2, 34, 18, 8, 1527492741, 1658524413, 1, 7, 14699303, 1
2, 34, 18, 8, 1527492741, 1658524413, 1, 6, 16960735, 1
2, 34, 18, 8, 1527492741, 1658524413, 1, 5, 20044504, 1
2, 34, 18, 8, 1527492741, 1658524413, 1, 4, 24498839, 1
2, 34, 18, 8, 1527492741, 1658524413, 1, 3, 31498507, 1
2, 34, 18, 8, 1527492741, 1658524413, 1, 2, 44097909, 1
2, 34, 18, 8, 1527492741, 1658524413, 1, 1, 27385102, 1
2, 34, 18, 8, 1527492741, 1658524413, 1, 0, 1, 0
2, 34, 18, 8, 1527492741, 1658524413, 0, 11, 3685082, 1
2, 34, 18, 8, 1527492741, 1658524413, 0, 10, 4053590, 1
2, 34, 18, 8, 1527492741, 1658524413, 0, 9, 4503989, 1
2, 34, 18, 8, 1527492741, 1658524413, 0, 8, 5066988, 1
2, 34, 18, 8, 1527492741, 1658524413, 0, 7, 5790843, 1
2, 34, 18, 8, 1527492741, 1658524413, 0, 6, 6755983, 1
2, 34, 18, 8, 1527492741, 1658524413, 0, 5, 8107180, 1
2, 34, 18, 8, 1527492741, 1658524413, 0, 4, 10133975, 1
2, 34, 18, 8, 1527492741, 1658524413, 0, 3, 13511966, 1
2, 34, 18, 8, 1527492741, 1658524413, 0, 2, 20267949, 1
2, 34, 18, 8, 1527492741, 1658524413, 0, 1, 1, 1
2, 35, 18, 8, 1658524414, 1788725423, 1, 11, 15801554, 1
2, 35, 18, 8, 1658524414, 1788725423, 1, 10, 17306464, 1
2, 35, 18, 8, 1658524414, 1788725423, 1, 9, 19128197, 1
2, 35, 18, 8, 1658524414, 1788725423, 1, 8, 21378574, 1
2, 35, 18, 8, 1658524414, 1788725423, 1, 7, 24229050, 1
2, 35, 18, 8, 1658524414, 1788725423, 1, 6, 27956596, 1
2, 35, 18, 8, 1658524414, 1788725423, 1, 5, 33039613, 1
2, 35, 18, 8, 1658524414, 1788725423, 1, 4, 40381750, 1
2, 35, 18, 8, 1658524414, 1788725423, 1, 3, 51919392, 1
2, 35, 18, 8, 1658524414, 1788725423, 1, 2, 34996633, 1
2, 35, 18, 8, 1658524414, 1788725423, 1, 1, 1, 1
2, 35, 18, 8, 1658524414, 1788725423, 1, 0, 1, 0
2, 35, 18, 8, 1658524414, 1788725423, 0, 11, 3648720, 1
2, 35, 18, 8, 1658524414, 1788725423, 0, 10, 4013592, 1
2, 35, 18, 8, 1658524414, 1788725423, 0, 9, 4459546, 1
2, 35, 18, 8, 1658524414, 1788725423, 0, 8, 5016989, 1
2, 35, 18, 8, 1658524414, 1788725423, 0, 7, 5733702, 1
2, 35, 18, 8, 1658524414, 1788725423, 0, 6, 6689319, 1
2, 35, 18, 8, 1658524414, 1788725423, 0, 5, 8027183, 1
2, 35, 18, 8, 1658524414, 1788725423, 0, 4, 10033978, 1
2, 35, 18, 8, 1658524414, 1788725423, 0, 3, 13378638, 1
2, 35, 18, 8, 1658524414, 1788725423, 0, 2, 20067956, 1
2, 35, 18, 8, 1658524414, 1788725423, 0, 1, 1, 1
2, 36, 18, 8, 1788725424, 1917764869, 1, 11, 11140846, 1
2, 36, 18, 8, 1788725424, 1917764869, 1, 10, 12201879, 1
2, 36, 18, 8, 1788725424, 1917764869, 1, 9, 13486287, 1
2, 36, 18, 8, 1788725424, 1917764869, 1, 8, 15072909, 1
2, 36, 18, 8, 1788725424, 1917764869, 1, 7, 17082630, 1
2, 36, 18, 8, 1788725424, 1917764869, 1, 6, 19710727, 1
2, 36, 18, 8, 1788725424, 1917764869, 1, 5, 23294495, 1
2, 36, 18, 8, 1788725424, 1917764869, 1, 4, 28471050, 1
2, 36, 18, 8, 1788725424, 1917764869, 1, 3, 17075049, 1
2, 36, 18, 8, 1788725424, 1917764869, 1, 2, 23905069, 1
2, 36, 18, 8, 1788725424, 1917764869, 1, 1, 1, 1
2, 36, 18, 8, 1788725424, 1917764869, 1, 0, 1, 0
2, 36, 18, 8, 1788725424, 1917764869, 0, 11, 1, 1
2, 36, 18, 8, 1788725424, 1917764869, 0, 10, 1, 1
2, 36, 18, 8, 1788725424, 1917764869, 0, 9, 1, 1
2, 36, 18, 8, 1788725424, 1917764869, 0, 8, 1, 1
2, 36, 18, 8, 1788725424, 1917764869, 0, 7, 1, 1
2, 36, 18, 8, 1788725424, 1917764869, 0, 6, 1, 1
2, 36, 18, 8, 1788725424, 1917764869, 0, 5, 1, 1
2, 36, 18, 8, 1788725424, 1917764869, 0, 4, 1, 1
2, 36, 18, 8, 1788725424, 1917764869, 0, 3, 1, 1
2, 36, 18, 8, 1788725424, 1917764869, 0, 2, 1, 1
2, 36, 18, 8, 1788725424, 1917764869, 0, 1, 1, 1
2, 37, 18, 8, 1917764870, 1976777661, 1, 11, 6730376, 1
2, 37, 18, 8, 1917764870, 1976777661, 1, 10, 7371364, 1
2, 37, 18, 8, 1917764870, 1976777661, 1, 9, 8147297, 1
2, 37, 18, 8, 1917764870, 1976777661, 1, 8, 9105803, 1
2, 37, 18, 8, 1917764870, 1976777661, 1, 7, 10319910, 1
2, 37, 18, 8, 1917764870, 1976777661, 1, 6, 11907588, 1
2, 37, 18, 8, 1917764870, 1976777661, 1, 5, 14072604, 1
2, 37, 18, 8, 1917764870, 1976777661, 1, 4, 17199849, 1
2, 37, 18, 8, 1917764870, 1976777661, 1, 3, 22114092, 1
2, 37, 18, 8, 1917764870, 1976777661, 1, 2, 30959729, 1
2, 37, 18, 8, 1917764870, 1976777661, 1, 1, 1, 1
2, 37, 18, 8, 1917764870, 1976777661, 1, 0, 1, 0
2, 37, 18, 8, 1917764870, 1976777661, 0, 11, 1, 1
2, 37, 18, 8, 1917764870, 1976777661, 0, 10, 1, 1
2, 37, 18, 8, 1917764870, 1976777661, 0, 9, 1, 1
2, 37, 18, 8, 1917764870, 1976777661, 0, 8, 1, 1
2, 37, 18, 8, 1917764870, 1976777661, 0, 7, 1, 1
2, 37, 18, 8, 1917764870, 1976777661, 0, 6, 1, 1
2, 37, 18, 8, 1917764870, 1976777661, 0, 5, 1, 1
2, 37, 18, 8, 1917764870, 1976777661, 0, 4, 1, 1
2, 37, 18, 8, 1917764870, 1976777661, 0, 3, 1, 1
2, 37, 18, 8, 1917764870, 1976777661, 0, 2, 1, 1
2, 37, 18, 8, 1917764870, 1976777661, 0, 1, 1, 1
2, 38, 18, 8, 1976777662, 2011520554, 1, 11, 216678987, 1
2, 38, 18, 8, 1976777662, 2011520554, 1, 10, 226151229, 1
2, 38, 18, 8, 1976777662, 2011520554, 1, 9, 245249282, 1
2, 38, 18, 8, 1976777662, 2011520554, 1, 8, 246520858, 1
2, 38, 18, 8, 1976777662, 2011520554, 1, 7, 263760913, 1
2, 38, 18, 8, 1976777662, 2011520554, 1, 6, 268271687, 1
2, 38, 18, 8, 1976777662, 2011520554, 1, 5, 274422741, 1
2, 38, 18, 8, 1976777662, 2011520554, 1, 4, 335405573, 1
2, 38, 18, 8, 1976777662, 2011520554, 1, 3, 431235736, 1
2, 38, 18, 8, 1976777662, 2011520554, 1, 2, 445701840, 1
2, 38, 18, 8, 1976777662, 2011520554, 1, 1, 86340396, 1
2, 38, 18, 8, 1976777662, 2011520554, 1, 0, 1, 0
2, 38, 18, 8, 1976777662, 2011520554, 0, 11, 282081513, 1
2, 38, 18, 8, 1976777662, 2011520554, 0, 10, 286845576, 1
2, 38, 18, 8, 1976777662, 2011520554, 0, 9, 308779589, 1
2, 38, 18, 8, 1976777662, 2011520554, 0, 8, 318071926, 1
2, 38, 18, 8, 1976777662, 2011520554, 0, 7, 330019218, 1
2, 38, 18, 8, 1976777662, 2011520554, 0, 6, 345948940, 1
2, 38, 18, 8, 1976777662, 2011520554, 0, 5, 368250551, 1
2, 38, 18, 8, 1976777662, 2011520554, 0, 4, 460313189, 1
2, 38, 18, 8, 1976777662, 2011520554, 0, 3, 613750918, 1
2, 38, 18, 8, 1976777662, 2011520554, 0, 2, 525555900, 1
2, 38, 18, 8, 1976777662, 2011520554, 0, 1, 259021186, 1
2, 39, 18, 8, 2011520555, 2017478682, 1, 11, 234495515, 1
2, 39, 18, 8, 2011520555, 2017478682, 1, 10, 209203463, 1
2, 39, 18, 8, 2011520555, 2017478682, 1, 9, 185632212, 1
2, 39, 18, 8, 2011520555, 2017478682, 1, 8, 181556226, 1
2, 39, 18, 8, 2011520555, 2017478682, 1, 7, 184617685, 1
2, 39, 18, 8, 2011520555, 2017478682, 1, 6, 183100203, 1
2, 39, 18, 8, 2011520555, 2017478682, 1, 5, 130821732, 1
2, 39, 18, 8, 2011520555, 2017478682, 1, 4, 5604540, 1
2, 39, 18, 8, 2011520555, 2017478682, 1, 3, 6389776, 1
2, 39, 18, 8, 2011520555, 2017478682, 1, 2, 1, 1
2, 39, 18, 8, 2011520555, 2017478682, 1, 1, 1, 1
2, 39, 18, 8, 2011520555, 2017478682, 1, 0, 1, 0
2, 39, 18, 8, 2011520555, 2017478682, 0, 11, 144175696, 1
2, 39, 18, 8, 2011520555, 2017478682, 0, 10, 158593265, 1
2, 39, 18, 8, 2011520555, 2017478682, 0, 9, 176214739, 1
2, 39, 18, 8, 2011520555, 2017478682, 0, 8, 198241581, 1
2, 39, 18, 8, 2011520555, 2017478682, 0, 7, 226561807, 1
2, 39, 18, 8, 2011520555, 2017478682, 0, 6, 199495003, 1
2, 39, 18, 8, 2011520555, 2017478682, 0, 5, 131188120, 1
2, 39, 18, 8, 2011520555, 2017478682, 0, 4, 1428107, 1
2, 39, 18, 8, 2011520555, 2017478682, 0, 3, 1, 1
2, 39, 18, 8, 2011520555, 2017478682, 0, 2, 1, 1
2, 39, 18, 8, 2011520555, 2017478682, 0, 1, 1, 1
2, 40, 18, 8, 2017478683, 2055559935, 1, 11, 1539305550, 1
2, 40, 18, 8, 2017478683, 2055559935, 1, 10, 1499427614, 1
2, 40, 18, 8, 2017478683, 2055559935, 1, 9, 1453820430, 1
2, 40, 18, 8, 2017478683, 2055559935, 1, 8, 1419405312, 1
2, 40, 18, 8, 2017478683, 2055559935, 1, 7, 1384599297, 1
2, 40, 18, 8, 2017478683, 2055559935, 1, 6, 1334889650, 1
2, 40, 18, 8, 2017478683, 2055559935, 1, 5, 1199570451, 1
2, 40, 18, 8, 2017478683, 2055559935, 1, 4, 954405540, 1
2, 40, 18, 8, 2017478683, 2055559935, 1, 3, 851245652, 1
2, 40, 18, 8, 2017478683, 2055559935, 1, 2, 542931152, 1
2, 40, 18, 8, 2017478683, 2055559935, 1, 1, 109623727, 1
2, 40, 18, 8, 2017478683, 2055559935, 1, 0, 8116333, 0
2, 40, 18, 8, 2017478683, 2055559935, 0, 11, 1496179198, 1
2, 40, 18, 8, 2017478683, 2055559935, 0, 10, 1515056099, 1
2, 40, 18, 8, 2017478683, 2055559935, 0, 9, 1528882601, 1
2, 40, 18, 8, 2017478683, 2055559935, 0, 8, 1539539399, 1
2, 40, 18, 8, 2017478683, 2055559935, 0, 7, 1554445480, 1
2, 40, 18, 8, 2017478683, 2055559935, 0, 6, 1480607045, 1
2, 40, 18, 8, 2017478683, 2055559935, 0, 5, 1346819880, 1
2, 40, 18, 8, 2017478683, 2055559935, 0, 4, 1118839444, 1
2, 40, 18, 8, 2017478683, 2055559935, 0, 3, 953710632, 1
2, 40, 18, 8, 2017478683, 2055559935, 0, 2, 635154987, 1
2, 40, 18, 8, 2017478683, 2055559935, 0, 1, 218327454, 1
2, 41, 18, 8, 2055559936, 2096458027, 1, 11, 670859606, 1
2, 41, 18, 8, 2055559936, 2096458027, 1, 10, 670472040, 1
2, 41, 18, 8, 2055559936, 2096458027, 1, 9, 670002881, 1
2, 41, 18, 8, 2055559936, 2096458027, 1, 8, 669423331, 1
2, 41, 18, 8, 2055559936, 2096458027, 1, 7, 668689235, 1
2, 41, 18, 8, 2055559936, 2096458027, 1, 6, 667729263, 1
2, 41, 18, 8, 2055559936, 2096458027, 1, 5, 666420211, 1
2, 41, 18, 8, 2055559936, 2096458027, 1, 4, 559632886, 1
2, 41, 18, 8, 2055559936, 2096458027, 1, 3, 413283716, 1
2, 41, 18, 8, 2055559936, 2096458027, 1, 2, 243985586, 1
2, 41, 18, 8, 2055559936, 2096458027, 1, 1, 164574916, 1
2, 41, 18, 8, 2055559936, 2096458027, 1, 0, 32655996, 0
2, 41, 18, 8, 2055559936, 2096458027, 0, 11, 689669237, 1
2, 41, 18, 8, 2055559936, 2096458027, 0, 10, 691143255, 1
2, 41, 18, 8, 2055559936, 2096458027, 0, 9, 692944833, 1
2, 41, 18, 8, 2055559936, 2096458027, 0, 8, 695196806, 1
2, 41, 18, 8, 2055559936, 2096458027, 0, 7, 698092200, 1
2, 41, 18, 8, 2055559936, 2096458027, 0, 6, 701952724, 1
2, 41, 18, 8, 2055559936, 2096458027, 0, 5, 707357459, 1
2, 41, 18, 8, 2055559936, 2096458027, 0, 4, 599179485, 1
2, 41, 18, 8, 2055559936, 2096458027, 0, 3, 455736592, 1
2, 41, 18, 8, 2055559936, 2096458027, 0, 2, 275316056, 1
2, 41, 18, 8, 2055559936, 2096458027, 0, 1, 195929276, 1
