1,1.0,99861615.0,2059887292.8693535
2,99861616.0,140137462.0,2969379275.328295
3,140137463.0,173372248.0,2789530704.7386026
4,173372249.0,204458514.0,2881418038.213699
5,204458515.0,289165757.0,2748025966.224057
6,289165758.0,315395821.0,3377930436.9328294
7,315395822.0,421044822.0,2890959196.162422
8,421044823.0,450312923.0,3644020966.2025056
9,450312924.0,519905268.0,3351304514.697581
10,519905269.0,562706465.0,3547789800.897964
11,562706466.0,659358586.0,3294606081.660133
12,659358587.0,716016325.0,3746581515.6957145
13,716016326.0,733170704.0,3344310628.4091754
14,733170705.0,772990338.0,3394137467.810348
15,772990339.0,819766362.0,3430532722.410133
16,819766363.0,839030516.0,3100446305.7068095
17,839030517.0,865555993.0,3430550768.519717
18,865555994.0,948595655.0,3793647557.1471505
19,948595656.0,967104223.0,3767665528.5776005
20,967104224.0,1006331883.0,3531029896.076837
21,1006331884.0,1103181839.0,3682608423.1033645
22,1103181840.0,1136040039.0,3877340124.869547
23,1136040040.0,1164370484.0,3754410439.7475653
24,1164370485.0,1202946284.0,3923995729.9464383
25,1202946285.0,1253048619.0,3742304143.1085734
26,1253048620.0,1286377791.0,3623496026.22439
27,1286377792.0,1351524827.0,3724504476.7977033
28,1351524828.0,1361197278.0,3931463130.4696093
29,1361197279.0,1421057789.0,3707219021.1265693
30,1421057790.0,1437752543.0,3601876021.131591
31,1437752544.0,1477759536.0,3779192519.6896067
32,1477759537.0,1551598164.0,3672142105.0402365
33,1551598165.0,1601003899.0,3552056507.539961
34,1601003900.0,1732168800.0,3762257057.856246
35,1732168801.0,1749395320.0,3542375598.4583154
36,1749395321.0,1795619524.0,3344366423.263477
37,1795619525.0,1820055068.0,3742383207.4404364
38,1820055069.0,1928640823.0,3882778892.981749
39,1928640824.0,1966179440.0,3483649752.296662
40,1966179441.0,2143726128.0,3708760669.0044417
41,2143726129.0,2196025834.0,3447995399.306695
