3, 1, 17, 8, 1, 88252366, 2, 11, 217829328, 0
3, 1, 17, 8, 1, 88252366, 2, 10, 214581387, 0
3, 1, 17, 8, 1, 88252366, 2, 9, 218129160, 0
3, 1, 17, 8, 1, 88252366, 2, 8, 215766110, 0
3, 1, 17, 8, 1, 88252366, 2, 7, 203668075, 0
3, 1, 17, 8, 1, 88252366, 2, 6, 189784575, 0
3, 1, 17, 8, 1, 88252366, 2, 5, 186872433, 0
3, 1, 17, 8, 1, 88252366, 2, 4, 178002460, 0
3, 1, 17, 8, 1, 88252366, 2, 3, 178650536, 0
3, 1, 17, 8, 1, 88252366, 2, 2, 189350975, 0
3, 1, 17, 8, 1, 88252366, 2, 1, 236912278, 0
3, 1, 17, 8, 1, 88252366, 2, 0, 229540383, 0
3, 1, 17, 8, 1, 88252366, 1, 11, 212635409, 0
3, 1, 17, 8, 1, 88252366, 1, 10, 214475146, 0
3, 1, 17, 8, 1, 88252366, 1, 9, 223934707, 1
3, 1, 17, 8, 1, 88252366, 1, 8, 210634741, 0
3, 1, 17, 8, 1, 88252366, 1, 7, 199026818, 0
3, 1, 17, 8, 1, 88252366, 1, 6, 187168217, 0
3, 1, 17, 8, 1, 88252366, 1, 5, 203252515, 1
3, 1, 17, 8, 1, 88252366, 1, 4, 179858565, 0
3, 1, 17, 8, 1, 88252366, 1, 3, 173585842, 0
3, 1, 17, 8, 1, 88252366, 1, 2, 180921467, 1
3, 1, 17, 8, 1, 88252366, 1, 1, 234065743, 1
3, 1, 17, 8, 1, 88252366, 1, 0, 165998863, 0
3, 1, 17, 8, 1, 88252366, 0, 11, 138171572, 1
3, 1, 17, 8, 1, 88252366, 0, 10, 151988729, 1
3, 1, 17, 8, 1, 88252366, 0, 9, 168876366, 1
3, 1, 17, 8, 1, 88252366, 0, 8, 152904078, 1
3, 1, 17, 8, 1, 88252366, 0, 7, 134890875, 1
3, 1, 17, 8, 1, 88252366, 0, 6, 157070409, 1
3, 1, 17, 8, 1, 88252366, 0, 5, 178024866, 1
3, 1, 17, 8, 1, 88252366, 0, 4, 115398948, 1
3, 1, 17, 8, 1, 88252366, 0, 3, 142750859, 1
3, 1, 17, 8, 1, 88252366, 0, 2, 214126289, 1
3, 1, 17, 8, 1, 88252366, 0, 1, 226867303, 1
3, 2, 17, 8, 88252367, 100293101, 2, 11, 797668, 1
3, 2, 17, 8, 88252367, 100293101, 2, 10, 872450, 1
3, 2, 17, 8, 88252367, 100293101, 2, 9, 962703, 1
3, 2, 17, 8, 88252367, 100293101, 2, 8, 1073784, 1
3, 2, 17, 8, 88252367, 100293101, 2, 7, 1158205, 1
3, 2, 17, 8, 88252367, 100293101, 2, 6, 1, 1
3, 2, 17, 8, 88252367, 100293101, 2, 5, 1, 1
3, 2, 17, 8, 88252367, 100293101, 2, 4, 1, 1
3, 2, 17, 8, 88252367, 100293101, 2, 3, 1, 1
3, 2, 17, 8, 88252367, 100293101, 2, 2, 1, 1
3, 2, 17, 8, 88252367, 100293101, 2, 1, 1, 1
3, 2, 17, 8, 88252367, 100293101, 2, 0, 1, 0
3, 2, 17, 8, 88252367, 100293101, 1, 11, 770315, 1
3, 2, 17, 8, 88252367, 100293101, 1, 10, 843678, 1
3, 2, 17, 8, 88252367, 100293101, 1, 9, 932486, 1
3, 2, 17, 8, 88252367, 100293101, 1, 8, 1042191, 1
3, 2, 17, 8, 88252367, 100293101, 1, 7, 1095839, 1
3, 2, 17, 8, 88252367, 100293101, 1, 6, 1, 1
3, 2, 17, 8, 88252367, 100293101, 1, 5, 1, 1
3, 2, 17, 8, 88252367, 100293101, 1, 4, 1, 1
3, 2, 17, 8, 88252367, 100293101, 1, 3, 1, 1
3, 2, 17, 8, 88252367, 100293101, 1, 2, 1, 1
3, 2, 17, 8, 88252367, 100293101, 1, 1, 1, 1
3, 2, 17, 8, 88252367, 100293101, 1, 0, 1, 0
3, 2, 17, 8, 88252367, 100293101, 0, 11, 116333, 1
3, 2, 17, 8, 88252367, 100293101, 0, 10, 127967, 1
3, 2, 17, 8, 88252367, 100293101, 0, 9, 142185, 1
3, 2, 17, 8, 88252367, 100293101, 0, 8, 159958, 1
3, 2, 17, 8, 88252367, 100293101, 0, 7, 1, 1
3, 2, 17, 8, 88252367, 100293101, 0, 6, 1, 1
3, 2, 17, 8, 88252367, 100293101, 0, 5, 1, 1
3, 2, 17, 8, 88252367, 100293101, 0, 4, 1, 1
3, 2, 17, 8, 88252367, 100293101, 0, 3, 1, 1
3, 2, 17, 8, 88252367, 100293101, 0, 2, 1, 1
3, 2, 17, 8, 88252367, 100293101, 0, 1, 1, 1
3, 3, 17, 8, 100293102, 162840636, 2, 11, 67940362, 1
3, 3, 17, 8, 100293102, 162840636, 2, 10, 56448963, 1
3, 3, 17, 8, 100293102, 162840636, 2, 9, 51291061, 1
3, 3, 17, 8, 100293102, 162840636, 2, 8, 51325514, 1
3, 3, 17, 8, 100293102, 162840636, 2, 7, 49548476, 1
3, 3, 17, 8, 100293102, 162840636, 2, 6, 46737383, 1
3, 3, 17, 8, 100293102, 162840636, 2, 5, 41942458, 1
3, 3, 17, 8, 100293102, 162840636, 2, 4, 50930128, 1
3, 3, 17, 8, 100293102, 162840636, 2, 3, 54147419, 1
3, 3, 17, 8, 100293102, 162840636, 2, 2, 62310123, 1
3, 3, 17, 8, 100293102, 162840636, 2, 1, 76122222, 1
3, 3, 17, 8, 100293102, 162840636, 2, 0, 57616759, 0
3, 3, 17, 8, 100293102, 162840636, 1, 11, 53560176, 1
3, 3, 17, 8, 100293102, 162840636, 1, 10, 43319909, 1
3, 3, 17, 8, 100293102, 162840636, 1, 9, 41949265, 1
3, 3, 17, 8, 100293102, 162840636, 1, 8, 45680785, 1
3, 3, 17, 8, 100293102, 162840636, 1, 7, 45175298, 1
3, 3, 17, 8, 100293102, 162840636, 1, 6, 44793426, 1
3, 3, 17, 8, 100293102, 162840636, 1, 5, 38466616, 1
3, 3, 17, 8, 100293102, 162840636, 1, 4, 47014753, 1
3, 3, 17, 8, 100293102, 162840636, 1, 3, 43676086, 1
3, 3, 17, 8, 100293102, 162840636, 1, 2, 41718395, 1
3, 3, 17, 8, 100293102, 162840636, 1, 1, 30240701, 1
3, 3, 17, 8, 100293102, 162840636, 1, 0, 1, 0
3, 3, 17, 8, 100293102, 162840636, 0, 11, 84810877, 1
3, 3, 17, 8, 100293102, 162840636, 0, 10, 79703604, 1
3, 3, 17, 8, 100293102, 162840636, 0, 9, 88559560, 1
3, 3, 17, 8, 100293102, 162840636, 0, 8, 97071667, 1
3, 3, 17, 8, 100293102, 162840636, 0, 7, 96804210, 1
3, 3, 17, 8, 100293102, 162840636, 0, 6, 97052423, 1
3, 3, 17, 8, 100293102, 162840636, 0, 5, 84626555, 1
3, 3, 17, 8, 100293102, 162840636, 0, 4, 105783193, 1
3, 3, 17, 8, 100293102, 162840636, 0, 3, 101910867, 1
3, 3, 17, 8, 100293102, 162840636, 0, 2, 104295988, 1
3, 3, 17, 8, 100293102, 162840636, 0, 1, 90722102, 1
3, 4, 17, 8, 162840637, 314881765, 2, 11, 461623796, 1
3, 4, 17, 8, 162840637, 314881765, 2, 10, 428568752, 1
3, 4, 17, 8, 162840637, 314881765, 2, 9, 406694344, 1
3, 4, 17, 8, 162840637, 314881765, 2, 8, 359022182, 1
3, 4, 17, 8, 162840637, 314881765, 2, 7, 332276496, 1
3, 4, 17, 8, 162840637, 314881765, 2, 6, 342359051, 1
3, 4, 17, 8, 162840637, 314881765, 2, 5, 302575031, 1
3, 4, 17, 8, 162840637, 314881765, 2, 4, 300720935, 1
3, 4, 17, 8, 162840637, 314881765, 2, 3, 332830879, 1
3, 4, 17, 8, 162840637, 314881765, 2, 2, 355400182, 1
3, 4, 17, 8, 162840637, 314881765, 2, 1, 377473306, 1
3, 4, 17, 8, 162840637, 314881765, 2, 0, 325862600, 0
3, 4, 17, 8, 162840637, 314881765, 1, 11, 462642535, 1
3, 4, 17, 8, 162840637, 314881765, 1, 10, 430620511, 1
3, 4, 17, 8, 162840637, 314881765, 1, 9, 417127778, 1
3, 4, 17, 8, 162840637, 314881765, 1, 8, 371804700, 1
3, 4, 17, 8, 162840637, 314881765, 1, 7, 370330307, 1
3, 4, 17, 8, 162840637, 314881765, 1, 6, 366136632, 1
3, 4, 17, 8, 162840637, 314881765, 1, 5, 348955082, 1
3, 4, 17, 8, 162840637, 314881765, 1, 4, 322758163, 1
3, 4, 17, 8, 162840637, 314881765, 1, 3, 336552864, 1
3, 4, 17, 8, 162840637, 314881765, 1, 2, 307586366, 1
3, 4, 17, 8, 162840637, 314881765, 1, 1, 194638710, 1
3, 4, 17, 8, 162840637, 314881765, 1, 0, 1, 0
3, 4, 17, 8, 162840637, 314881765, 0, 11, 749573114, 1
3, 4, 17, 8, 162840637, 314881765, 0, 10, 739278057, 1
3, 4, 17, 8, 162840637, 314881765, 0, 9, 783973097, 1
3, 4, 17, 8, 162840637, 314881765, 0, 8, 789857585, 1
3, 4, 17, 8, 162840637, 314881765, 0, 7, 793305054, 1
3, 4, 17, 8, 162840637, 314881765, 0, 6, 792992832, 1
3, 4, 17, 8, 162840637, 314881765, 0, 5, 767337334, 1
3, 4, 17, 8, 162840637, 314881765, 0, 4, 725751061, 1
3, 4, 17, 8, 162840637, 314881765, 0, 3, 785290016, 1
3, 4, 17, 8, 162840637, 314881765, 0, 2, 768965915, 1
3, 4, 17, 8, 162840637, 314881765, 0, 1, 583916129, 1
3, 5, 17, 8, 314881766, 336979031, 2, 11, 8969575, 0
3, 5, 17, 8, 314881766, 336979031, 2, 10, 8116775, 0
3, 5, 17, 8, 314881766, 336979031, 2, 9, 7068296, 0
3, 5, 17, 8, 314881766, 336979031, 2, 8, 7716029, 0
3, 5, 17, 8, 314881766, 336979031, 2, 7, 8722467, 0
3, 5, 17, 8, 314881766, 336979031, 2, 6, 8044051, 0
3, 5, 17, 8, 314881766, 336979031, 2, 5, 5414169, 0
3, 5, 17, 8, 314881766, 336979031, 2, 4, 6574348, 0
3, 5, 17, 8, 314881766, 336979031, 2, 3, 2623658, 0
3, 5, 17, 8, 314881766, 336979031, 2, 2, 3607529, 0
3, 5, 17, 8, 314881766, 336979031, 2, 1, 5772046, 0
3, 5, 17, 8, 314881766, 336979031, 2, 0, 14430115, 0
3, 5, 17, 8, 314881766, 336979031, 1, 11, 11990101, 0
3, 5, 17, 8, 314881766, 336979031, 1, 10, 11683423, 0
3, 5, 17, 8, 314881766, 336979031, 1, 9, 10031350, 0
3, 5, 17, 8, 314881766, 336979031, 1, 8, 11211509, 0
3, 5, 17, 8, 314881766, 336979031, 1, 7, 12706377, 0
3, 5, 17, 8, 314881766, 336979031, 1, 6, 11604609, 0
3, 5, 17, 8, 314881766, 336979031, 1, 5, 7456343, 0
3, 5, 17, 8, 314881766, 336979031, 1, 4, 9113308, 0
3, 5, 17, 8, 314881766, 336979031, 1, 3, 2691306, 0
3, 5, 17, 8, 314881766, 336979031, 1, 2, 3767828, 0
3, 5, 17, 8, 314881766, 336979031, 1, 1, 6279712, 0
3, 5, 17, 8, 314881766, 336979031, 1, 0, 18839136, 0
3, 5, 17, 8, 314881766, 336979031, 0, 11, 6007473, 1
3, 5, 17, 8, 314881766, 336979031, 0, 10, 3566177, 1
3, 5, 17, 8, 314881766, 336979031, 0, 9, 3962419, 1
3, 5, 17, 8, 314881766, 336979031, 0, 8, 4457722, 1
3, 5, 17, 8, 314881766, 336979031, 0, 7, 5094539, 1
3, 5, 17, 8, 314881766, 336979031, 0, 6, 5943629, 1
3, 5, 17, 8, 314881766, 336979031, 0, 5, 1, 1
3, 5, 17, 8, 314881766, 336979031, 0, 4, 1, 1
3, 5, 17, 8, 314881766, 336979031, 0, 3, 1, 1
3, 5, 17, 8, 314881766, 336979031, 0, 2, 1, 1
3, 5, 17, 8, 314881766, 336979031, 0, 1, 1, 1
3, 6, 17, 8, 336979032, 403625856, 2, 11, 552550490, 1
3, 6, 17, 8, 336979032, 403625856, 2, 10, 508694907, 1
3, 6, 17, 8, 336979032, 403625856, 2, 9, 461801765, 1
3, 6, 17, 8, 336979032, 403625856, 2, 8, 409751875, 1
3, 6, 17, 8, 336979032, 403625856, 2, 7, 378769753, 1
3, 6, 17, 8, 336979032, 403625856, 2, 6, 374265648, 1
3, 6, 17, 8, 336979032, 403625856, 2, 5, 319264730, 1
3, 6, 17, 8, 336979032, 403625856, 2, 4, 312401521, 1
3, 6, 17, 8, 336979032, 403625856, 2, 3, 306377028, 1
3, 6, 17, 8, 336979032, 403625856, 2, 2, 300519941, 1
3, 6, 17, 8, 336979032, 403625856, 2, 1, 290064011, 0
3, 6, 17, 8, 336979032, 403625856, 2, 0, 266058457, 0
3, 6, 17, 8, 336979032, 403625856, 1, 11, 580611066, 1
3, 6, 17, 8, 336979032, 403625856, 1, 10, 537317468, 1
3, 6, 17, 8, 336979032, 403625856, 1, 9, 487551469, 1
3, 6, 17, 8, 336979032, 403625856, 1, 8, 431460983, 1
3, 6, 17, 8, 336979032, 403625856, 1, 7, 424696880, 1
3, 6, 17, 8, 336979032, 403625856, 1, 6, 412293930, 1
3, 6, 17, 8, 336979032, 403625856, 1, 5, 387870457, 1
3, 6, 17, 8, 336979032, 403625856, 1, 4, 356966213, 1
3, 6, 17, 8, 336979032, 403625856, 1, 3, 315603133, 1
3, 6, 17, 8, 336979032, 403625856, 1, 2, 248646831, 1
3, 6, 17, 8, 336979032, 403625856, 1, 1, 96464894, 1
3, 6, 17, 8, 336979032, 403625856, 1, 0, 1, 0
3, 6, 17, 8, 336979032, 403625856, 0, 11, 912266358, 1
3, 6, 17, 8, 336979032, 403625856, 0, 10, 894692522, 1
3, 6, 17, 8, 336979032, 403625856, 0, 9, 893230759, 1
3, 6, 17, 8, 336979032, 403625856, 0, 8, 882890900, 1
3, 6, 17, 8, 336979032, 403625856, 0, 7, 871249099, 1
3, 6, 17, 8, 336979032, 403625856, 0, 6, 848018597, 1
3, 6, 17, 8, 336979032, 403625856, 0, 5, 798973104, 1
3, 6, 17, 8, 336979032, 403625856, 0, 4, 735246602, 1
3, 6, 17, 8, 336979032, 403625856, 0, 3, 645837476, 1
3, 6, 17, 8, 336979032, 403625856, 0, 2, 485762325, 1
3, 6, 17, 8, 336979032, 403625856, 0, 1, 17685176, 1
3, 7, 17, 8, 403625857, 467570217, 2, 11, 663473688, 1
3, 7, 17, 8, 403625857, 467570217, 2, 10, 643139389, 1
3, 7, 17, 8, 403625857, 467570217, 2, 9, 614135797, 1
3, 7, 17, 8, 403625857, 467570217, 2, 8, 569618140, 1
3, 7, 17, 8, 403625857, 467570217, 2, 7, 562982482, 1
3, 7, 17, 8, 403625857, 467570217, 2, 6, 589307559, 1
3, 7, 17, 8, 403625857, 467570217, 2, 5, 574038518, 1
3, 7, 17, 8, 403625857, 467570217, 2, 4, 560868676, 1
3, 7, 17, 8, 403625857, 467570217, 2, 3, 625336247, 1
3, 7, 17, 8, 403625857, 467570217, 2, 2, 601564051, 1
3, 7, 17, 8, 403625857, 467570217, 2, 1, 556946748, 0
3, 7, 17, 8, 403625857, 467570217, 2, 0, 472296852, 0
3, 7, 17, 8, 403625857, 467570217, 1, 11, 583891486, 1
3, 7, 17, 8, 403625857, 467570217, 1, 10, 564094309, 1
3, 7, 17, 8, 403625857, 467570217, 1, 9, 525928096, 1
3, 7, 17, 8, 403625857, 467570217, 1, 8, 467038503, 1
3, 7, 17, 8, 403625857, 467570217, 1, 7, 458709785, 1
3, 7, 17, 8, 403625857, 467570217, 1, 6, 446070768, 1
3, 7, 17, 8, 403625857, 467570217, 1, 5, 437637103, 1
3, 7, 17, 8, 403625857, 467570217, 1, 4, 435687322, 1
3, 7, 17, 8, 403625857, 467570217, 1, 3, 421103306, 1
3, 7, 17, 8, 403625857, 467570217, 1, 2, 385164107, 1
3, 7, 17, 8, 403625857, 467570217, 1, 1, 303750377, 1
3, 7, 17, 8, 403625857, 467570217, 1, 0, 1, 0
3, 7, 17, 8, 403625857, 467570217, 0, 11, 858275133, 1
3, 7, 17, 8, 403625857, 467570217, 0, 10, 857799075, 1
3, 7, 17, 8, 403625857, 467570217, 0, 9, 858916856, 1
3, 7, 17, 8, 403625857, 467570217, 0, 8, 837990369, 1
3, 7, 17, 8, 403625857, 467570217, 0, 7, 821867904, 1
3, 7, 17, 8, 403625857, 467570217, 0, 6, 796584783, 1
3, 7, 17, 8, 403625857, 467570217, 0, 5, 780551399, 1
3, 7, 17, 8, 403625857, 467570217, 0, 4, 752483691, 1
3, 7, 17, 8, 403625857, 467570217, 0, 3, 678824004, 1
3, 7, 17, 8, 403625857, 467570217, 0, 2, 507284701, 1
3, 7, 17, 8, 403625857, 467570217, 0, 1, 1, 1
3, 8, 17, 8, 467570218, 490323915, 2, 11, 5407881, 1
3, 8, 17, 8, 467570218, 490323915, 2, 10, 5307482, 1
3, 8, 17, 8, 467570218, 490323915, 2, 9, 5292884, 1
3, 8, 17, 8, 467570218, 490323915, 2, 8, 5903601, 1
3, 8, 17, 8, 467570218, 490323915, 2, 7, 6673636, 1
3, 8, 17, 8, 467570218, 490323915, 2, 6, 6760626, 1
3, 8, 17, 8, 467570218, 490323915, 2, 5, 5650830, 1
3, 8, 17, 8, 467570218, 490323915, 2, 4, 4074626, 1
3, 8, 17, 8, 467570218, 490323915, 2, 3, 5185887, 1
3, 8, 17, 8, 467570218, 490323915, 2, 2, 1, 1
3, 8, 17, 8, 467570218, 490323915, 2, 1, 1, 1
3, 8, 17, 8, 467570218, 490323915, 2, 0, 1, 0
3, 8, 17, 8, 467570218, 490323915, 1, 11, 6214891, 1
3, 8, 17, 8, 467570218, 490323915, 1, 10, 6806785, 1
3, 8, 17, 8, 467570218, 490323915, 1, 9, 7523289, 1
3, 8, 17, 8, 467570218, 490323915, 1, 8, 8408381, 1
3, 8, 17, 8, 467570218, 490323915, 1, 7, 9529499, 1
3, 8, 17, 8, 467570218, 490323915, 1, 6, 9589337, 1
3, 8, 17, 8, 467570218, 490323915, 1, 5, 8176270, 1
3, 8, 17, 8, 467570218, 490323915, 1, 4, 5657735, 1
3, 8, 17, 8, 467570218, 490323915, 1, 3, 7274230, 1
3, 8, 17, 8, 467570218, 490323915, 1, 2, 1, 1
3, 8, 17, 8, 467570218, 490323915, 1, 1, 1, 1
3, 8, 17, 8, 467570218, 490323915, 1, 0, 1, 0
3, 8, 17, 8, 467570218, 490323915, 0, 11, 12994771, 1
3, 8, 17, 8, 467570218, 490323915, 0, 10, 14294248, 1
3, 8, 17, 8, 467570218, 490323915, 0, 9, 15882498, 1
3, 8, 17, 8, 467570218, 490323915, 0, 8, 17867810, 1
3, 8, 17, 8, 467570218, 490323915, 0, 7, 20420354, 1
3, 8, 17, 8, 467570218, 490323915, 0, 6, 20776896, 1
3, 8, 17, 8, 467570218, 490323915, 0, 5, 17987792, 1
3, 8, 17, 8, 467570218, 490323915, 0, 4, 12729902, 1
3, 8, 17, 8, 467570218, 490323915, 0, 3, 16973203, 1
3, 8, 17, 8, 467570218, 490323915, 0, 2, 1, 1
3, 8, 17, 8, 467570218, 490323915, 0, 1, 1, 1
3, 9, 17, 8, 490323916, 715011936, 2, 11, 278223145, 0
3, 9, 17, 8, 490323916, 715011936, 2, 10, 263911174, 0
3, 9, 17, 8, 490323916, 715011936, 2, 9, 228688127, 0
3, 9, 17, 8, 490323916, 715011936, 2, 8, 187322985, 0
3, 9, 17, 8, 490323916, 715011936, 2, 7, 155515160, 0
3, 9, 17, 8, 490323916, 715011936, 2, 6, 155946788, 0
3, 9, 17, 8, 490323916, 715011936, 2, 5, 110265081, 0
3, 9, 17, 8, 490323916, 715011936, 2, 4, 109976188, 0
3, 9, 17, 8, 490323916, 715011936, 2, 3, 139969694, 0
3, 9, 17, 8, 490323916, 715011936, 2, 2, 192458329, 0
3, 9, 17, 8, 490323916, 715011936, 2, 1, 307933325, 0
3, 9, 17, 8, 490323916, 715011936, 2, 0, 256611105, 0
3, 9, 17, 8, 490323916, 715011936, 1, 11, 205980114, 1
3, 9, 17, 8, 490323916, 715011936, 1, 10, 209652518, 1
3, 9, 17, 8, 490323916, 715011936, 1, 9, 163845923, 1
3, 9, 17, 8, 490323916, 715011936, 1, 8, 110299179, 1
3, 9, 17, 8, 490323916, 715011936, 1, 7, 101182762, 1
3, 9, 17, 8, 490323916, 715011936, 1, 6, 90992438, 1
3, 9, 17, 8, 490323916, 715011936, 1, 5, 77096541, 1
3, 9, 17, 8, 490323916, 715011936, 1, 4, 57024690, 1
3, 9, 17, 8, 490323916, 715011936, 1, 3, 73317459, 1
3, 9, 17, 8, 490323916, 715011936, 1, 2, 102644442, 1
3, 9, 17, 8, 490323916, 715011936, 1, 1, 171074070, 1
3, 9, 17, 8, 490323916, 715011936, 1, 0, 1, 0
3, 9, 17, 8, 490323916, 715011936, 0, 11, 213079834, 1
3, 9, 17, 8, 490323916, 715011936, 0, 10, 200903843, 1
3, 9, 17, 8, 490323916, 715011936, 0, 9, 186022077, 1
3, 9, 17, 8, 490323916, 715011936, 0, 8, 167419870, 1
3, 9, 17, 8, 490323916, 715011936, 0, 7, 143502745, 1
3, 9, 17, 8, 490323916, 715011936, 0, 6, 111613247, 1
3, 9, 17, 8, 490323916, 715011936, 0, 5, 66967948, 1
3, 9, 17, 8, 490323916, 715011936, 0, 4, 1, 1
3, 9, 17, 8, 490323916, 715011936, 0, 3, 1, 1
3, 9, 17, 8, 490323916, 715011936, 0, 2, 1, 1
3, 9, 17, 8, 490323916, 715011936, 0, 1, 1, 1
3, 10, 17, 8, 715011937, 917771987, 2, 11, 226502430, 0
3, 10, 17, 8, 715011937, 917771987, 2, 10, 244825809, 0
3, 10, 17, 8, 715011937, 917771987, 2, 9, 266940232, 0
3, 10, 17, 8, 715011937, 917771987, 2, 8, 294157983, 1
3, 10, 17, 8, 715011937, 917771987, 2, 7, 321543089, 1
3, 10, 17, 8, 715011937, 917771987, 2, 6, 346034465, 1
3, 10, 17, 8, 715011937, 917771987, 2, 5, 368315341, 1
3, 10, 17, 8, 715011937, 917771987, 2, 4, 404223611, 1
3, 10, 17, 8, 715011937, 917771987, 2, 3, 368066707, 1
3, 10, 17, 8, 715011937, 917771987, 2, 2, 435484283, 1
3, 10, 17, 8, 715011937, 917771987, 2, 1, 488398377, 1
3, 10, 17, 8, 715011937, 917771987, 2, 0, 219068676, 0
3, 10, 17, 8, 715011937, 917771987, 1, 11, 239506515, 1
3, 10, 17, 8, 715011937, 917771987, 1, 10, 257880509, 1
3, 10, 17, 8, 715011937, 917771987, 1, 9, 280122712, 1
3, 10, 17, 8, 715011937, 917771987, 1, 8, 307598375, 1
3, 10, 17, 8, 715011937, 917771987, 1, 7, 331770391, 1
3, 10, 17, 8, 715011937, 917771987, 1, 6, 346288777, 1
3, 10, 17, 8, 715011937, 917771987, 1, 5, 349311420, 1
3, 10, 17, 8, 715011937, 917771987, 1, 4, 367735658, 1
3, 10, 17, 8, 715011937, 917771987, 1, 3, 390401934, 1
3, 10, 17, 8, 715011937, 917771987, 1, 2, 521519912, 1
3, 10, 17, 8, 715011937, 917771987, 1, 1, 521905728, 1
3, 10, 17, 8, 715011937, 917771987, 1, 0, 1, 0
3, 10, 17, 8, 715011937, 917771987, 0, 11, 195035018, 1
3, 10, 17, 8, 715011937, 917771987, 0, 10, 205222604, 1
3, 10, 17, 8, 715011937, 917771987, 0, 9, 217674098, 1
3, 10, 17, 8, 715011937, 917771987, 0, 8, 233238466, 1
3, 10, 17, 8, 715011937, 917771987, 0, 7, 246963697, 1
3, 10, 17, 8, 715011937, 917771987, 0, 6, 272597787, 1
3, 10, 17, 8, 715011937, 917771987, 0, 5, 271580167, 1
3, 10, 17, 8, 715011937, 917771987, 0, 4, 316185419, 1
3, 10, 17, 8, 715011937, 917771987, 0, 3, 375859944, 1
3, 10, 17, 8, 715011937, 917771987, 0, 2, 563789916, 1
3, 10, 17, 8, 715011937, 917771987, 0, 1, 1127579831, 1
3, 11, 17, 8, 917771988, 938326252, 2, 11, 110964, 1
3, 11, 17, 8, 917771988, 938326252, 2, 10, 121367, 1
3, 11, 17, 8, 917771988, 938326252, 2, 9, 133922, 1
3, 11, 17, 8, 917771988, 938326252, 2, 8, 149375, 1
3, 11, 17, 8, 917771988, 938326252, 2, 7, 168858, 1
3, 11, 17, 8, 917771988, 938326252, 2, 6, 194187, 1
3, 11, 17, 8, 917771988, 938326252, 2, 5, 228455, 1
3, 11, 17, 8, 917771988, 938326252, 2, 4, 277410, 1
3, 11, 17, 8, 917771988, 938326252, 2, 3, 353067, 1
3, 11, 17, 8, 917771988, 938326252, 2, 2, 1, 1
3, 11, 17, 8, 917771988, 938326252, 2, 1, 1, 1
3, 11, 17, 8, 917771988, 938326252, 2, 0, 1, 0
3, 11, 17, 8, 917771988, 938326252, 1, 11, 168858, 1
3, 11, 17, 8, 917771988, 938326252, 1, 10, 184940, 1
3, 11, 17, 8, 917771988, 938326252, 1, 9, 204408, 1
3, 11, 17, 8, 917771988, 938326252, 1, 8, 228455, 1
3, 11, 17, 8, 917771988, 938326252, 1, 7, 258916, 1
3, 11, 17, 8, 917771988, 938326252, 1, 6, 298749, 1
3, 11, 17, 8, 917771988, 938326252, 1, 5, 353067, 1
3, 11, 17, 8, 917771988, 938326252, 1, 4, 431526, 1
3, 11, 17, 8, 917771988, 938326252, 1, 3, 554820, 1
3, 11, 17, 8, 917771988, 938326252, 1, 2, 1, 1
3, 11, 17, 8, 917771988, 938326252, 1, 1, 1, 1
3, 11, 17, 8, 917771988, 938326252, 1, 0, 1, 0
3, 11, 17, 8, 917771988, 938326252, 0, 11, 1, 1
3, 11, 17, 8, 917771988, 938326252, 0, 10, 1, 1
3, 11, 17, 8, 917771988, 938326252, 0, 9, 1, 1
3, 11, 17, 8, 917771988, 938326252, 0, 8, 1, 1
3, 11, 17, 8, 917771988, 938326252, 0, 7, 1, 1
3, 11, 17, 8, 917771988, 938326252, 0, 6, 1, 1
3, 11, 17, 8, 917771988, 938326252, 0, 5, 1, 1
3, 11, 17, 8, 917771988, 938326252, 0, 4, 1, 1
3, 11, 17, 8, 917771988, 938326252, 0, 3, 1, 1
3, 11, 17, 8, 917771988, 938326252, 0, 2, 1, 1
3, 11, 17, 8, 917771988, 938326252, 0, 1, 1, 1
3, 12, 17, 8, 938326253, 992808468, 2, 11, 223033601, 0
3, 12, 17, 8, 938326253, 992808468, 2, 10, 243943001, 0
3, 12, 17, 8, 938326253, 992808468, 2, 9, 269178484, 0
3, 12, 17, 8, 938326253, 992808468, 2, 8, 300237540, 0
3, 12, 17, 8, 938326253, 992808468, 2, 7, 336684401, 0
3, 12, 17, 8, 938326253, 992808468, 2, 6, 346492233, 0
3, 12, 17, 8, 938326253, 992808468, 2, 5, 349052119, 0
3, 12, 17, 8, 938326253, 992808468, 2, 4, 305638763, 0
3, 12, 17, 8, 938326253, 992808468, 2, 3, 216741170, 0
3, 12, 17, 8, 938326253, 992808468, 2, 2, 254949772, 0
3, 12, 17, 8, 938326253, 992808468, 2, 1, 248585490, 0
3, 12, 17, 8, 938326253, 992808468, 2, 0, 171523251, 0
3, 12, 17, 8, 938326253, 992808468, 1, 11, 219518887, 1
3, 12, 17, 8, 938326253, 992808468, 1, 10, 240425448, 1
3, 12, 17, 8, 938326253, 992808468, 1, 9, 265733390, 1
3, 12, 17, 8, 938326253, 992808468, 1, 8, 296996142, 1
3, 12, 17, 8, 938326253, 992808468, 1, 7, 332433307, 1
3, 12, 17, 8, 938326253, 992808468, 1, 6, 320969464, 1
3, 12, 17, 8, 938326253, 992808468, 1, 5, 288785854, 1
3, 12, 17, 8, 938326253, 992808468, 1, 4, 250765203, 1
3, 12, 17, 8, 938326253, 992808468, 1, 3, 178087315, 1
3, 12, 17, 8, 938326253, 992808468, 1, 2, 249322241, 1
3, 12, 17, 8, 938326253, 992808468, 1, 1, 149980158, 1
3, 12, 17, 8, 938326253, 992808468, 1, 0, 1, 0
3, 12, 17, 8, 938326253, 992808468, 0, 11, 11473908, 1
3, 12, 17, 8, 938326253, 992808468, 0, 10, 12621299, 1
3, 12, 17, 8, 938326253, 992808468, 0, 9, 14023665, 1
3, 12, 17, 8, 938326253, 992808468, 0, 8, 15776623, 1
3, 12, 17, 8, 938326253, 992808468, 0, 7, 12020285, 1
3, 12, 17, 8, 938326253, 992808468, 0, 6, 14023665, 1
3, 12, 17, 8, 938326253, 992808468, 0, 5, 8414199, 1
3, 12, 17, 8, 938326253, 992808468, 0, 4, 10517749, 1
3, 12, 17, 8, 938326253, 992808468, 0, 3, 1, 1
3, 12, 17, 8, 938326253, 992808468, 0, 2, 1, 1
3, 12, 17, 8, 938326253, 992808468, 0, 1, 1, 1
3, 13, 17, 8, 992808469, 1676200777, 2, 11, 484634809, 1
3, 13, 17, 8, 992808469, 1676200777, 2, 10, 504931728, 1
3, 13, 17, 8, 992808469, 1676200777, 2, 9, 526108593, 1
3, 13, 17, 8, 992808469, 1676200777, 2, 8, 555874852, 1
3, 13, 17, 8, 992808469, 1676200777, 2, 7, 559043619, 1
3, 13, 17, 8, 992808469, 1676200777, 2, 6, 602660481, 1
3, 13, 17, 8, 992808469, 1676200777, 2, 5, 580977530, 1
3, 13, 17, 8, 992808469, 1676200777, 2, 4, 572556654, 1
3, 13, 17, 8, 992808469, 1676200777, 2, 3, 525147686, 1
3, 13, 17, 8, 992808469, 1676200777, 2, 2, 482316125, 1
3, 13, 17, 8, 992808469, 1676200777, 2, 1, 463812946, 1
3, 13, 17, 8, 992808469, 1676200777, 2, 0, 177254759, 0
3, 13, 17, 8, 992808469, 1676200777, 1, 11, 577549095, 1
3, 13, 17, 8, 992808469, 1676200777, 1, 10, 597302774, 1
3, 13, 17, 8, 992808469, 1676200777, 1, 9, 616148646, 1
3, 13, 17, 8, 992808469, 1676200777, 1, 8, 645091373, 1
3, 13, 17, 8, 992808469, 1676200777, 1, 7, 629062835, 1
3, 13, 17, 8, 992808469, 1676200777, 1, 6, 663934532, 1
3, 13, 17, 8, 992808469, 1676200777, 1, 5, 592608128, 1
3, 13, 17, 8, 992808469, 1676200777, 1, 4, 631717618, 1
3, 13, 17, 8, 992808469, 1676200777, 1, 3, 630610467, 1
3, 13, 17, 8, 992808469, 1676200777, 1, 2, 584840306, 1
3, 13, 17, 8, 992808469, 1676200777, 1, 1, 461579087, 1
3, 13, 17, 8, 992808469, 1676200777, 1, 0, 173769485, 0
3, 13, 17, 8, 992808469, 1676200777, 0, 11, 675535092, 1
3, 13, 17, 8, 992808469, 1676200777, 0, 10, 675474719, 1
3, 13, 17, 8, 992808469, 1676200777, 0, 9, 657579245, 1
3, 13, 17, 8, 992808469, 1676200777, 0, 8, 655259299, 1
3, 13, 17, 8, 992808469, 1676200777, 0, 7, 652276511, 1
3, 13, 17, 8, 992808469, 1676200777, 0, 6, 648299460, 1
3, 13, 17, 8, 992808469, 1676200777, 0, 5, 572847770, 1
3, 13, 17, 8, 992808469, 1676200777, 0, 4, 547025008, 1
3, 13, 17, 8, 992808469, 1676200777, 0, 3, 639984515, 1
3, 13, 17, 8, 992808469, 1676200777, 0, 2, 639984515, 1
3, 13, 17, 8, 992808469, 1676200777, 0, 1, 639984515, 1
3, 14, 17, 8, 1676200778, 1689930090, 2, 11, 27033308, 1
3, 14, 17, 8, 1676200778, 1689930090, 2, 10, 26606525, 1
3, 14, 17, 8, 1676200778, 1689930090, 2, 9, 24554146, 1
3, 14, 17, 8, 1676200778, 1689930090, 2, 8, 26281949, 1
3, 14, 17, 8, 1676200778, 1689930090, 2, 7, 26082504, 1
3, 14, 17, 8, 1676200778, 1689930090, 2, 6, 28790955, 1
3, 14, 17, 8, 1676200778, 1689930090, 2, 5, 27054578, 1
3, 14, 17, 8, 1676200778, 1689930090, 2, 4, 27427190, 1
3, 14, 17, 8, 1676200778, 1689930090, 2, 3, 29243727, 1
3, 14, 17, 8, 1676200778, 1689930090, 2, 2, 28580219, 1
3, 14, 17, 8, 1676200778, 1689930090, 2, 1, 45728350, 1
3, 14, 17, 8, 1676200778, 1689930090, 2, 0, 1, 0
3, 14, 17, 8, 1676200778, 1689930090, 1, 11, 31075304, 1
3, 14, 17, 8, 1676200778, 1689930090, 1, 10, 29522620, 1
3, 14, 17, 8, 1676200778, 1689930090, 1, 9, 25927797, 1
3, 14, 17, 8, 1676200778, 1689930090, 1, 8, 27287564, 1
3, 14, 17, 8, 1676200778, 1689930090, 1, 7, 25363701, 1
3, 14, 17, 8, 1676200778, 1689930090, 1, 6, 29260682, 1
3, 14, 17, 8, 1676200778, 1689930090, 1, 5, 27869437, 1
3, 14, 17, 8, 1676200778, 1689930090, 1, 4, 30710527, 1
3, 14, 17, 8, 1676200778, 1689930090, 1, 3, 30915522, 1
3, 14, 17, 8, 1676200778, 1689930090, 1, 2, 27647777, 1
3, 14, 17, 8, 1676200778, 1689930090, 1, 1, 46079628, 1
3, 14, 17, 8, 1676200778, 1689930090, 1, 0, 1, 0
3, 14, 17, 8, 1676200778, 1689930090, 0, 11, 27188450, 1
3, 14, 17, 8, 1676200778, 1689930090, 0, 10, 29907295, 1
3, 14, 17, 8, 1676200778, 1689930090, 0, 9, 28575169, 1
3, 14, 17, 8, 1676200778, 1689930090, 0, 8, 28554620, 1
3, 14, 17, 8, 1676200778, 1689930090, 0, 7, 27616922, 1
3, 14, 17, 8, 1676200778, 1689930090, 0, 6, 32208635, 1
3, 14, 17, 8, 1676200778, 1689930090, 0, 5, 38650362, 1
3, 14, 17, 8, 1676200778, 1689930090, 0, 4, 43017442, 1
3, 14, 17, 8, 1676200778, 1689930090, 0, 3, 37850752, 1
3, 14, 17, 8, 1676200778, 1689930090, 0, 2, 48252875, 1
3, 14, 17, 8, 1676200778, 1689930090, 0, 1, 96505749, 1
3, 15, 17, 8, 1689930091, 1748785331, 2, 11, 7139097, 1
3, 15, 17, 8, 1689930091, 1748785331, 2, 10, 7808387, 1
3, 15, 17, 8, 1689930091, 1748785331, 2, 9, 6628108, 1
3, 15, 17, 8, 1689930091, 1748785331, 2, 8, 7208733, 1
3, 15, 17, 8, 1689930091, 1748785331, 2, 7, 8149003, 1
3, 15, 17, 8, 1689930091, 1748785331, 2, 6, 6994009, 1
3, 15, 17, 8, 1689930091, 1748785331, 2, 5, 4778494, 1
3, 15, 17, 8, 1689930091, 1748785331, 2, 4, 5802457, 1
3, 15, 17, 8, 1689930091, 1748785331, 2, 3, 7384945, 1
3, 15, 17, 8, 1689930091, 1748785331, 2, 2, 2628638, 1
3, 15, 17, 8, 1689930091, 1748785331, 2, 1, 1, 1
3, 15, 17, 8, 1689930091, 1748785331, 2, 0, 1, 0
3, 15, 17, 8, 1689930091, 1748785331, 1, 11, 10189285, 1
3, 15, 17, 8, 1689930091, 1748785331, 1, 10, 11159694, 1
3, 15, 17, 8, 1689930091, 1748785331, 1, 9, 10116585, 1
3, 15, 17, 8, 1689930091, 1748785331, 1, 8, 11025121, 1
3, 15, 17, 8, 1689930091, 1748785331, 1, 7, 12495137, 1
3, 15, 17, 8, 1689930091, 1748785331, 1, 6, 10760014, 1
3, 15, 17, 8, 1689930091, 1748785331, 1, 5, 7384945, 1
3, 15, 17, 8, 1689930091, 1748785331, 1, 4, 9026044, 1
3, 15, 17, 8, 1689930091, 1748785331, 1, 3, 11604913, 1
3, 15, 17, 8, 1689930091, 1748785331, 1, 2, 4205820, 1
3, 15, 17, 8, 1689930091, 1748785331, 1, 1, 1, 1
3, 15, 17, 8, 1689930091, 1748785331, 1, 0, 1, 0
3, 15, 17, 8, 1689930091, 1748785331, 0, 11, 15831661, 1
3, 15, 17, 8, 1689930091, 1748785331, 0, 10, 17414827, 1
3, 15, 17, 8, 1689930091, 1748785331, 0, 9, 14667758, 1
3, 15, 17, 8, 1689930091, 1748785331, 0, 8, 15902720, 1
3, 15, 17, 8, 1689930091, 1748785331, 0, 7, 18174538, 1
3, 15, 17, 8, 1689930091, 1748785331, 0, 6, 13279148, 1
3, 15, 17, 8, 1689930091, 1748785331, 0, 5, 4205820, 1
3, 15, 17, 8, 1689930091, 1748785331, 0, 4, 5257275, 1
3, 15, 17, 8, 1689930091, 1748785331, 0, 3, 7009700, 1
3, 15, 17, 8, 1689930091, 1748785331, 0, 2, 10514549, 1
3, 15, 17, 8, 1689930091, 1748785331, 0, 1, 1, 1
3, 16, 17, 8, 1748785332, 1753043203, 2, 11, 12724836, 1
3, 16, 17, 8, 1748785332, 1753043203, 2, 10, 11472076, 1
3, 16, 17, 8, 1748785332, 1753043203, 2, 9, 10800631, 1
3, 16, 17, 8, 1748785332, 1753043203, 2, 8, 10941490, 1
3, 16, 17, 8, 1748785332, 1753043203, 2, 7, 10841749, 1
3, 16, 17, 8, 1748785332, 1753043203, 2, 6, 12464680, 1
3, 16, 17, 8, 1748785332, 1753043203, 2, 5, 9821422, 1
3, 16, 17, 8, 1748785332, 1753043203, 2, 4, 7000724, 0
3, 16, 17, 8, 1748785332, 1753043203, 2, 3, 8566181, 0
3, 16, 17, 8, 1748785332, 1753043203, 2, 2, 4138091, 0
3, 16, 17, 8, 1748785332, 1753043203, 2, 1, 158222, 0
3, 16, 17, 8, 1748785332, 1753043203, 2, 0, 395554, 0
3, 16, 17, 8, 1748785332, 1753043203, 1, 11, 12128236, 1
3, 16, 17, 8, 1748785332, 1753043203, 1, 10, 11079543, 1
3, 16, 17, 8, 1748785332, 1753043203, 1, 9, 10040735, 1
3, 16, 17, 8, 1748785332, 1753043203, 1, 8, 9531436, 1
3, 16, 17, 8, 1748785332, 1753043203, 1, 7, 8461060, 1
3, 16, 17, 8, 1748785332, 1753043203, 1, 6, 9757635, 1
3, 16, 17, 8, 1748785332, 1753043203, 1, 5, 7871459, 1
3, 16, 17, 8, 1748785332, 1753043203, 1, 4, 6986612, 0
3, 16, 17, 8, 1748785332, 1753043203, 1, 3, 8772990, 0
3, 16, 17, 8, 1748785332, 1753043203, 1, 2, 57534, 0
3, 16, 17, 8, 1748785332, 1753043203, 1, 1, 95889, 0
3, 16, 17, 8, 1748785332, 1753043203, 1, 0, 287666, 0
3, 16, 17, 8, 1748785332, 1753043203, 0, 11, 11545745, 1
3, 16, 17, 8, 1748785332, 1753043203, 0, 10, 12700319, 1
3, 16, 17, 8, 1748785332, 1753043203, 0, 9, 9456306, 1
3, 16, 17, 8, 1748785332, 1753043203, 0, 8, 7045900, 1
3, 16, 17, 8, 1748785332, 1753043203, 0, 7, 3035527, 1
3, 16, 17, 8, 1748785332, 1753043203, 0, 6, 3530341, 1
3, 16, 17, 8, 1748785332, 1753043203, 0, 5, 4236409, 1
3, 16, 17, 8, 1748785332, 1753043203, 0, 4, 1, 1
3, 16, 17, 8, 1748785332, 1753043203, 0, 3, 1, 1
3, 16, 17, 8, 1748785332, 1753043203, 0, 2, 1, 1
3, 16, 17, 8, 1748785332, 1753043203, 0, 1, 1, 1
