1,1.0,99883129.0,1955851599.7220435
2,99883130.0,141571607.0,3355408399.3880377
3,141571608.0,174336143.0,3061217745.6187587
4,174336144.0,207255717.0,3292238079.7573657
5,207255718.0,282407399.0,3137093869.998066
6,282407400.0,301939355.0,3422656291.173163
7,301939356.0,421308775.0,3161722877.439685
8,421308776.0,452308958.0,3903965121.1327724
9,452308959.0,519935208.0,3680160873.3088765
10,519935209.0,562091575.0,3916505653.1712766
11,562091576.0,674229661.0,3775073208.5547767
12,674229662.0,715176358.0,3880574232.584694
13,715176359.0,736583887.0,3442541099.7216973
14,736583888.0,776040349.0,3739020927.873351
15,776040350.0,854506066.0,3525603186.38953
16,854506067.0,921953797.0,3816417910.3010383
17,921953798.0,942319461.0,3905377813.273155
18,942319462.0,969393301.0,3625846244.0638385
19,969393302.0,1009101378.0,3597651982.8262033
20,1009101379.0,1105485760.0,3614744625.874897
21,1105485761.0,1137523381.0,3768106203.6759143
22,1137523382.0,1165607826.0,3778506905.7011065
23,1165607827.0,1206074740.0,3878684035.4252553
24,1206074741.0,1248246028.0,3518369094.0552535
25,1248246029.0,1284137610.0,3499699424.4999504
26,1284137611.0,1316431615.0,3759377550.4372435
27,1316431616.0,1346794072.0,3450747290.9368815
28,1346794073.0,1365456627.0,3920721725.849363
29,1365456628.0,1413719830.0,3292895535.406595
30,1413719831.0,1439743355.0,3231174357.1513314
31,1439743356.0,1485557723.0,3265824509.6712093
32,1485557724.0,1623994445.0,3196000400.090209
33,1623994446.0,1681899972.0,3506811720.6742277
34,1681899973.0,1733311796.0,3701883263.7464843
35,1733311797.0,1751181497.0,3587655688.489242
36,1751181498.0,1788315157.0,3383609689.8317795
37,1788315158.0,1815185540.0,3655545320.9334497
38,1815185541.0,1928985258.0,3835817270.1358876
39,1928985259.0,1966214042.0,3489648718.8176455
40,1966214043.0,2141322980.0,3776402628.7915325
41,2141322981.0,2196025834.0,3576472566.2724886
