1,1.0,99887360.0,2044299043.2948282
2,99887361.0,142096272.0,3346532686.7185106
3,142096273.0,175215413.0,3134148806.947626
4,175215414.0,206216921.0,3262137157.897211
5,206216922.0,276128945.0,3063187617.218463
6,276128946.0,311226875.0,3354992827.332963
7,311226876.0,403103656.0,3146161760.1633515
8,403103657.0,420943085.0,3297710619.926422
9,420943086.0,452787066.0,3846788950.6572123
10,452787067.0,520235525.0,3650217969.8518853
11,520235526.0,561374779.0,3910614041.7953863
12,561374780.0,670550282.0,3771976530.351064
13,670550283.0,716543346.0,3953654000.618764
14,716543347.0,736529011.0,3684402584.0219507
15,736529012.0,775070524.0,3848689025.8366094
16,775070525.0,853849345.0,3445226956.815954
17,853849346.0,922154627.0,3827468194.8860826
18,922154628.0,944460202.0,3933776613.3624015
19,944460203.0,974924094.0,3250255760.8782654
20,974924095.0,1008551380.0,3134766682.5675907
21,1008551381.0,1104865587.0,3177271859.66773
22,1104865588.0,1134922332.0,3642544697.2461057
23,1134922333.0,1164255911.0,3283603078.0554347
24,1164255912.0,1205165120.0,3633306409.6913977
25,1205165121.0,1249622869.0,3176061760.8771873
26,1249622870.0,1282213455.0,3340168195.4176755
27,1282213456.0,1343644571.0,3670030204.720896
28,1343644572.0,1364335020.0,3931252893.908682
29,1364335021.0,1423343402.0,3758808873.7285266
30,1423343403.0,1438994994.0,3615228360.484847
31,1438994995.0,1545991700.0,3662314725.7176213
32,1545991701.0,1597630800.0,3521800514.964716
33,1597630801.0,1625201746.0,3736148115.2105765
34,1625201747.0,1683200147.0,3687084309.0528755
35,1683200148.0,1734128013.0,3776711654.208382
36,1734128014.0,1750091835.0,3561894687.5219064
37,1750091836.0,1795423945.0,3372307243.770222
38,1795423946.0,1819863219.0,3768966162.919587
39,1819863220.0,1923651045.0,3974797196.5687757
40,1923651046.0,1960621420.0,3402554832.5895557
41,1960621421.0,2196025834.0,3743721958.6396513
