3, 1, 16, 5, 1, 95316488, 3, 14, 23398137, 1
3, 1, 16, 5, 1, 95316488, 3, 13, 21911537, 1
3, 1, 16, 5, 1, 95316488, 3, 12, 23618190, 1
3, 1, 16, 5, 1, 95316488, 3, 11, 23672880, 1
3, 1, 16, 5, 1, 95316488, 3, 10, 24375238, 1
3, 1, 16, 5, 1, 95316488, 3, 9, 19060030, 1
3, 1, 16, 5, 1, 95316488, 3, 8, 17512099, 1
3, 1, 16, 5, 1, 95316488, 3, 7, 12617964, 1
3, 1, 16, 5, 1, 95316488, 3, 6, 11552117, 1
3, 1, 16, 5, 1, 95316488, 3, 5, 12715081, 1
3, 1, 16, 5, 1, 95316488, 3, 4, 15391940, 1
3, 1, 16, 5, 1, 95316488, 3, 3, 18276604, 1
3, 1, 16, 5, 1, 95316488, 3, 2, 24736400, 1
3, 1, 16, 5, 1, 95316488, 3, 1, 14278723, 1
3, 1, 16, 5, 1, 95316488, 3, 0, 1, 0
3, 1, 16, 5, 1, 95316488, 2, 14, 22937502, 1
3, 1, 16, 5, 1, 95316488, 2, 13, 22284073, 1
3, 1, 16, 5, 1, 95316488, 2, 12, 24043342, 1
3, 1, 16, 5, 1, 95316488, 2, 11, 23478419, 1
3, 1, 16, 5, 1, 95316488, 2, 10, 24887065, 1
3, 1, 16, 5, 1, 95316488, 2, 9, 18517847, 1
3, 1, 16, 5, 1, 95316488, 2, 8, 20654522, 1
3, 1, 16, 5, 1, 95316488, 2, 7, 13706566, 1
3, 1, 16, 5, 1, 95316488, 2, 6, 11800064, 1
3, 1, 16, 5, 1, 95316488, 2, 5, 12737705, 1
3, 1, 16, 5, 1, 95316488, 2, 4, 15467213, 1
3, 1, 16, 5, 1, 95316488, 2, 3, 18022107, 1
3, 1, 16, 5, 1, 95316488, 2, 2, 24780396, 1
3, 1, 16, 5, 1, 95316488, 2, 1, 5218765, 1
3, 1, 16, 5, 1, 95316488, 2, 0, 1, 0
3, 1, 16, 5, 1, 95316488, 1, 14, 9018771, 1
3, 1, 16, 5, 1, 95316488, 1, 13, 9686828, 1
3, 1, 16, 5, 1, 95316488, 1, 12, 10461775, 1
3, 1, 16, 5, 1, 95316488, 1, 11, 11127085, 1
3, 1, 16, 5, 1, 95316488, 1, 10, 12186807, 1
3, 1, 16, 5, 1, 95316488, 1, 9, 13469629, 1
3, 1, 16, 5, 1, 95316488, 1, 8, 15054291, 1
3, 1, 16, 5, 1, 95316488, 1, 7, 2277092, 1
3, 1, 16, 5, 1, 95316488, 1, 6, 2627414, 1
3, 1, 16, 5, 1, 95316488, 1, 5, 3105126, 1
3, 1, 16, 5, 1, 95316488, 1, 4, 3795154, 1
3, 1, 16, 5, 1, 95316488, 1, 3, 4879483, 1
3, 1, 16, 5, 1, 95316488, 1, 2, 6831276, 1
3, 1, 16, 5, 1, 95316488, 1, 1, 8697942, 1
3, 1, 16, 5, 1, 95316488, 1, 0, 1, 0
3, 1, 16, 5, 1, 95316488, 0, 14, 6595275, 1
3, 1, 16, 5, 1, 95316488, 0, 13, 7102603, 1
3, 1, 16, 5, 1, 95316488, 0, 12, 7694487, 1
3, 1, 16, 5, 1, 95316488, 0, 11, 8393986, 1
3, 1, 16, 5, 1, 95316488, 0, 10, 9233384, 1
3, 1, 16, 5, 1, 95316488, 0, 9, 10259316, 1
3, 1, 16, 5, 1, 95316488, 0, 8, 11541730, 1
3, 1, 16, 5, 1, 95316488, 0, 7, 1151794, 1
3, 1, 16, 5, 1, 95316488, 0, 6, 1343760, 1
3, 1, 16, 5, 1, 95316488, 0, 5, 1612512, 1
3, 1, 16, 5, 1, 95316488, 0, 4, 2015640, 1
3, 1, 16, 5, 1, 95316488, 0, 3, 2687519, 1
3, 1, 16, 5, 1, 95316488, 0, 2, 4031279, 1
3, 1, 16, 5, 1, 95316488, 0, 1, 1, 1
3, 2, 16, 5, 95316489, 152310254, 3, 14, 2948176091, 1
3, 2, 16, 5, 95316489, 152310254, 3, 13, 2911254121, 1
3, 2, 16, 5, 95316489, 152310254, 3, 12, 2875633874, 1
3, 2, 16, 5, 95316489, 152310254, 3, 11, 2842876365, 1
3, 2, 16, 5, 95316489, 152310254, 3, 10, 2797093512, 1
3, 2, 16, 5, 95316489, 152310254, 3, 9, 2741595352, 1
3, 2, 16, 5, 95316489, 152310254, 3, 8, 2669650297, 1
3, 2, 16, 5, 95316489, 152310254, 3, 7, 2595750534, 1
3, 2, 16, 5, 95316489, 152310254, 3, 6, 2489382899, 1
3, 2, 16, 5, 95316489, 152310254, 3, 5, 2355442774, 1
3, 2, 16, 5, 95316489, 152310254, 3, 4, 2162958071, 1
3, 2, 16, 5, 95316489, 152310254, 3, 3, 1845365349, 1
3, 2, 16, 5, 95316489, 152310254, 3, 2, 1305509333, 1
3, 2, 16, 5, 95316489, 152310254, 3, 1, 721241589, 1
3, 2, 16, 5, 95316489, 152310254, 3, 0, 223839461, 0
3, 2, 16, 5, 95316489, 152310254, 2, 14, 2945669097, 1
3, 2, 16, 5, 95316489, 152310254, 2, 13, 2910648011, 1
3, 2, 16, 5, 95316489, 152310254, 2, 12, 2878482221, 1
3, 2, 16, 5, 95316489, 152310254, 2, 11, 2850681762, 1
3, 2, 16, 5, 95316489, 152310254, 2, 10, 2807211222, 1
3, 2, 16, 5, 95316489, 152310254, 2, 9, 2754781730, 1
3, 2, 16, 5, 95316489, 152310254, 2, 8, 2683381421, 1
3, 2, 16, 5, 95316489, 152310254, 2, 7, 2607364516, 1
3, 2, 16, 5, 95316489, 152310254, 2, 6, 2494270816, 1
3, 2, 16, 5, 95316489, 152310254, 2, 5, 2354013093, 1
3, 2, 16, 5, 95316489, 152310254, 2, 4, 2150728776, 1
3, 2, 16, 5, 95316489, 152310254, 2, 3, 1833663295, 1
3, 2, 16, 5, 95316489, 152310254, 2, 2, 1283351651, 1
3, 2, 16, 5, 95316489, 152310254, 2, 1, 656575912, 1
3, 2, 16, 5, 95316489, 152310254, 2, 0, 1, 0
3, 2, 16, 5, 95316489, 152310254, 1, 14, 3024262077, 1
3, 2, 16, 5, 95316489, 152310254, 1, 13, 2996969326, 1
3, 2, 16, 5, 95316489, 152310254, 1, 12, 2975110831, 1
3, 2, 16, 5, 95316489, 152310254, 1, 11, 2948279074, 1
3, 2, 16, 5, 95316489, 152310254, 1, 10, 2905013661, 1
3, 2, 16, 5, 95316489, 152310254, 1, 9, 2852693089, 1
3, 2, 16, 5, 95316489, 152310254, 1, 8, 2777552131, 1
3, 2, 16, 5, 95316489, 152310254, 1, 7, 2706054259, 1
3, 2, 16, 5, 95316489, 152310254, 1, 6, 2590600544, 1
3, 2, 16, 5, 95316489, 152310254, 1, 5, 2452870371, 1
3, 2, 16, 5, 95316489, 152310254, 1, 4, 2237669127, 1
3, 2, 16, 5, 95316489, 152310254, 1, 3, 1920980595, 1
3, 2, 16, 5, 95316489, 152310254, 1, 2, 1368908428, 1
3, 2, 16, 5, 95316489, 152310254, 1, 1, 729528791, 1
3, 2, 16, 5, 95316489, 152310254, 1, 0, 1, 0
3, 2, 16, 5, 95316489, 152310254, 0, 14, 3135307761, 1
3, 2, 16, 5, 95316489, 152310254, 0, 13, 3118917297, 1
3, 2, 16, 5, 95316489, 152310254, 0, 12, 3099015464, 1
3, 2, 16, 5, 95316489, 152310254, 0, 11, 3085677928, 1
3, 2, 16, 5, 95316489, 152310254, 0, 10, 3053743026, 1
3, 2, 16, 5, 95316489, 152310254, 0, 9, 3014420891, 1
3, 2, 16, 5, 95316489, 152310254, 0, 8, 2950918541, 1
3, 2, 16, 5, 95316489, 152310254, 0, 7, 2891372140, 1
3, 2, 16, 5, 95316489, 152310254, 0, 6, 2790859892, 1
3, 2, 16, 5, 95316489, 152310254, 0, 5, 2689445599, 1
3, 2, 16, 5, 95316489, 152310254, 0, 4, 2505926738, 1
3, 2, 16, 5, 95316489, 152310254, 0, 3, 2241144027, 1
3, 2, 16, 5, 95316489, 152310254, 0, 2, 1711135535, 1
3, 2, 16, 5, 95316489, 152310254, 0, 1, 1094293186, 1
3, 3, 16, 5, 152310255, 176076506, 3, 14, 1979226439, 1
3, 3, 16, 5, 152310255, 176076506, 3, 13, 1943847938, 1
3, 3, 16, 5, 152310255, 176076506, 3, 12, 1913687160, 1
3, 3, 16, 5, 152310255, 176076506, 3, 11, 1869695019, 1
3, 3, 16, 5, 152310255, 176076506, 3, 10, 1850021635, 1
3, 3, 16, 5, 152310255, 176076506, 3, 9, 1823983167, 1
3, 3, 16, 5, 152310255, 176076506, 3, 8, 1746117832, 1
3, 3, 16, 5, 152310255, 176076506, 3, 7, 1725429719, 1
3, 3, 16, 5, 152310255, 176076506, 3, 6, 1706021181, 1
3, 3, 16, 5, 152310255, 176076506, 3, 5, 1668914268, 1
3, 3, 16, 5, 152310255, 176076506, 3, 4, 1639833990, 1
3, 3, 16, 5, 152310255, 176076506, 3, 3, 1551916973, 1
3, 3, 16, 5, 152310255, 176076506, 3, 2, 1333960802, 1
3, 3, 16, 5, 152310255, 176076506, 3, 1, 818409333, 1
3, 3, 16, 5, 152310255, 176076506, 3, 0, 629105631, 0
3, 3, 16, 5, 152310255, 176076506, 2, 14, 2035650090, 1
3, 3, 16, 5, 152310255, 176076506, 2, 13, 2005040408, 1
3, 3, 16, 5, 152310255, 176076506, 2, 12, 1982932033, 1
3, 3, 16, 5, 152310255, 176076506, 2, 11, 1945893223, 1
3, 3, 16, 5, 152310255, 176076506, 2, 10, 1948872189, 1
3, 3, 16, 5, 152310255, 176076506, 2, 9, 1916693481, 1
3, 3, 16, 5, 152310255, 176076506, 2, 8, 1846189137, 1
3, 3, 16, 5, 152310255, 176076506, 2, 7, 1816110360, 1
3, 3, 16, 5, 152310255, 176076506, 2, 6, 1787010623, 1
3, 3, 16, 5, 152310255, 176076506, 2, 5, 1732828958, 1
3, 3, 16, 5, 152310255, 176076506, 2, 4, 1687523822, 1
3, 3, 16, 5, 152310255, 176076506, 2, 3, 1641350757, 1
3, 3, 16, 5, 152310255, 176076506, 2, 2, 1503663052, 1
3, 3, 16, 5, 152310255, 176076506, 2, 1, 1096407715, 0
3, 3, 16, 5, 152310255, 176076506, 2, 0, 943658447, 0
3, 3, 16, 5, 152310255, 176076506, 1, 14, 2196654850, 1
3, 3, 16, 5, 152310255, 176076506, 1, 13, 2175252793, 1
3, 3, 16, 5, 152310255, 176076506, 1, 12, 2172522282, 1
3, 3, 16, 5, 152310255, 176076506, 1, 11, 2149769224, 1
3, 3, 16, 5, 152310255, 176076506, 1, 10, 2153135932, 1
3, 3, 16, 5, 152310255, 176076506, 1, 9, 2155523611, 1
3, 3, 16, 5, 152310255, 176076506, 1, 8, 2116230826, 1
3, 3, 16, 5, 152310255, 176076506, 1, 7, 2076064556, 0
3, 3, 16, 5, 152310255, 176076506, 1, 6, 2038928160, 0
3, 3, 16, 5, 152310255, 176076506, 1, 5, 1965397225, 0
3, 3, 16, 5, 152310255, 176076506, 1, 4, 1909114918, 0
3, 3, 16, 5, 152310255, 176076506, 1, 3, 1885824037, 0
3, 3, 16, 5, 152310255, 176076506, 1, 2, 1977797317, 0
3, 3, 16, 5, 152310255, 176076506, 1, 1, 1655627879, 0
3, 3, 16, 5, 152310255, 176076506, 1, 0, 1887316893, 0
3, 3, 16, 5, 152310255, 176076506, 0, 14, 2073348987, 1
3, 3, 16, 5, 152310255, 176076506, 0, 13, 2043395008, 1
3, 3, 16, 5, 152310255, 176076506, 0, 12, 2004238097, 1
3, 3, 16, 5, 152310255, 176076506, 0, 11, 1961389117, 1
3, 3, 16, 5, 152310255, 176076506, 0, 10, 1976805886, 1
3, 3, 16, 5, 152310255, 176076506, 0, 9, 1995358014, 1
3, 3, 16, 5, 152310255, 176076506, 0, 8, 1939880929, 1
3, 3, 16, 5, 152310255, 176076506, 0, 7, 1871615437, 1
3, 3, 16, 5, 152310255, 176076506, 0, 6, 1778238471, 1
3, 3, 16, 5, 152310255, 176076506, 0, 5, 1651312654, 1
3, 3, 16, 5, 152310255, 176076506, 0, 4, 1607283650, 1
3, 3, 16, 5, 152310255, 176076506, 0, 3, 1562558520, 1
3, 3, 16, 5, 152310255, 176076506, 0, 2, 1515892361, 1
3, 3, 16, 5, 152310255, 176076506, 0, 1, 652192285, 1
3, 4, 16, 5, 176076507, 239491638, 3, 14, 3108217611, 1
3, 4, 16, 5, 176076507, 239491638, 3, 13, 3048486031, 1
3, 4, 16, 5, 176076507, 239491638, 3, 12, 2989144097, 1
3, 4, 16, 5, 176076507, 239491638, 3, 11, 2909043252, 1
3, 4, 16, 5, 176076507, 239491638, 3, 10, 2853171446, 1
3, 4, 16, 5, 176076507, 239491638, 3, 9, 2785849506, 1
3, 4, 16, 5, 176076507, 239491638, 3, 8, 2682805622, 1
3, 4, 16, 5, 176076507, 239491638, 3, 7, 2586134755, 1
3, 4, 16, 5, 176076507, 239491638, 3, 6, 2478705919, 1
3, 4, 16, 5, 176076507, 239491638, 3, 5, 2319589645, 1
3, 4, 16, 5, 176076507, 239491638, 3, 4, 2117127646, 1
3, 4, 16, 5, 176076507, 239491638, 3, 3, 1768531057, 1
3, 4, 16, 5, 176076507, 239491638, 3, 2, 1221209920, 1
3, 4, 16, 5, 176076507, 239491638, 3, 1, 716158381, 1
3, 4, 16, 5, 176076507, 239491638, 3, 0, 197445176, 0
3, 4, 16, 5, 176076507, 239491638, 2, 14, 3130101752, 1
3, 4, 16, 5, 176076507, 239491638, 2, 13, 3072243606, 1
3, 4, 16, 5, 176076507, 239491638, 2, 12, 3017231556, 1
3, 4, 16, 5, 176076507, 239491638, 2, 11, 2939947617, 1
3, 4, 16, 5, 176076507, 239491638, 2, 10, 2903022838, 1
3, 4, 16, 5, 176076507, 239491638, 2, 9, 2825831692, 1
3, 4, 16, 5, 176076507, 239491638, 2, 8, 2734309738, 1
3, 4, 16, 5, 176076507, 239491638, 2, 7, 2621386325, 1
3, 4, 16, 5, 176076507, 239491638, 2, 6, 2494851676, 1
3, 4, 16, 5, 176076507, 239491638, 2, 5, 2304282420, 1
3, 4, 16, 5, 176076507, 239491638, 2, 4, 2064137870, 1
3, 4, 16, 5, 176076507, 239491638, 2, 3, 1723902622, 1
3, 4, 16, 5, 176076507, 239491638, 2, 2, 1203841274, 1
3, 4, 16, 5, 176076507, 239491638, 2, 1, 663115972, 1
3, 4, 16, 5, 176076507, 239491638, 2, 0, 1, 0
3, 4, 16, 5, 176076507, 239491638, 1, 14, 3313966778, 1
3, 4, 16, 5, 176076507, 239491638, 1, 13, 3266228569, 1
3, 4, 16, 5, 176076507, 239491638, 1, 12, 3230891832, 1
3, 4, 16, 5, 176076507, 239491638, 1, 11, 3173662904, 1
3, 4, 16, 5, 176076507, 239491638, 1, 10, 3141008013, 1
3, 4, 16, 5, 176076507, 239491638, 1, 9, 3051679671, 1
3, 4, 16, 5, 176076507, 239491638, 1, 8, 2946659122, 1
3, 4, 16, 5, 176076507, 239491638, 1, 7, 2814725935, 1
3, 4, 16, 5, 176076507, 239491638, 1, 6, 2667407898, 1
3, 4, 16, 5, 176076507, 239491638, 1, 5, 2443629270, 1
3, 4, 16, 5, 176076507, 239491638, 1, 4, 2170322518, 1
3, 4, 16, 5, 176076507, 239491638, 1, 3, 1805993223, 1
3, 4, 16, 5, 176076507, 239491638, 1, 2, 1284097359, 1
3, 4, 16, 5, 176076507, 239491638, 1, 1, 736795524, 1
3, 4, 16, 5, 176076507, 239491638, 1, 0, 1, 0
3, 4, 16, 5, 176076507, 239491638, 0, 14, 3395025894, 1
3, 4, 16, 5, 176076507, 239491638, 0, 13, 3352057992, 1
3, 4, 16, 5, 176076507, 239491638, 0, 12, 3300719493, 1
3, 4, 16, 5, 176076507, 239491638, 0, 11, 3243474090, 1
3, 4, 16, 5, 176076507, 239491638, 0, 10, 3252159464, 1
3, 4, 16, 5, 176076507, 239491638, 0, 9, 3160916821, 1
3, 4, 16, 5, 176076507, 239491638, 0, 8, 3069279331, 1
3, 4, 16, 5, 176076507, 239491638, 0, 7, 2936282424, 1
3, 4, 16, 5, 176076507, 239491638, 0, 6, 2777876282, 1
3, 4, 16, 5, 176076507, 239491638, 0, 5, 2559909617, 1
3, 4, 16, 5, 176076507, 239491638, 0, 4, 2379319342, 1
3, 4, 16, 5, 176076507, 239491638, 0, 3, 2106992094, 1
3, 4, 16, 5, 176076507, 239491638, 0, 2, 1605121699, 1
3, 4, 16, 5, 176076507, 239491638, 0, 1, 1105193286, 1
3, 5, 16, 5, 239491639, 253335053, 3, 14, 3051916299, 1
3, 5, 16, 5, 239491639, 253335053, 3, 13, 2997826323, 1
3, 5, 16, 5, 239491639, 253335053, 3, 12, 2943497748, 1
3, 5, 16, 5, 239491639, 253335053, 3, 11, 2867587841, 1
3, 5, 16, 5, 239491639, 253335053, 3, 10, 2817645106, 1
3, 5, 16, 5, 239491639, 253335053, 3, 9, 2757468456, 1
3, 5, 16, 5, 239491639, 253335053, 3, 8, 2662137036, 1
3, 5, 16, 5, 239491639, 253335053, 3, 7, 2568336543, 1
3, 5, 16, 5, 239491639, 253335053, 3, 6, 2474979353, 1
3, 5, 16, 5, 239491639, 253335053, 3, 5, 2342859665, 1
3, 5, 16, 5, 239491639, 253335053, 3, 4, 2169040159, 1
3, 5, 16, 5, 239491639, 253335053, 3, 3, 1881847826, 1
3, 5, 16, 5, 239491639, 253335053, 3, 2, 1436392286, 1
3, 5, 16, 5, 239491639, 253335053, 3, 1, 1109577950, 1
3, 5, 16, 5, 239491639, 253335053, 3, 0, 96560719, 0
3, 5, 16, 5, 239491639, 253335053, 2, 14, 3035164048, 1
3, 5, 16, 5, 239491639, 253335053, 2, 13, 2980746106, 1
3, 5, 16, 5, 239491639, 253335053, 2, 12, 2925878114, 1
3, 5, 16, 5, 239491639, 253335053, 2, 11, 2846537215, 1
3, 5, 16, 5, 239491639, 253335053, 2, 10, 2808430781, 1
3, 5, 16, 5, 239491639, 253335053, 2, 9, 2729813499, 1
3, 5, 16, 5, 239491639, 253335053, 2, 8, 2635101252, 1
3, 5, 16, 5, 239491639, 253335053, 2, 7, 2516976861, 1
3, 5, 16, 5, 239491639, 253335053, 2, 6, 2388419484, 1
3, 5, 16, 5, 239491639, 253335053, 2, 5, 2210542215, 1
3, 5, 16, 5, 239491639, 253335053, 2, 4, 1988529073, 1
3, 5, 16, 5, 239491639, 253335053, 2, 3, 1676315094, 1
3, 5, 16, 5, 239491639, 253335053, 2, 2, 1205290966, 1
3, 5, 16, 5, 239491639, 253335053, 2, 1, 728916500, 1
3, 5, 16, 5, 239491639, 253335053, 2, 0, 20508856, 0
3, 5, 16, 5, 239491639, 253335053, 1, 14, 3163354426, 1
3, 5, 16, 5, 239491639, 253335053, 1, 13, 3114009404, 1
3, 5, 16, 5, 239491639, 253335053, 1, 12, 3080763409, 1
3, 5, 16, 5, 239491639, 253335053, 1, 11, 3011510849, 1
3, 5, 16, 5, 239491639, 253335053, 1, 10, 2980398947, 1
3, 5, 16, 5, 239491639, 253335053, 1, 9, 2892938434, 1
3, 5, 16, 5, 239491639, 253335053, 1, 8, 2788030424, 1
3, 5, 16, 5, 239491639, 253335053, 1, 7, 2647236740, 1
3, 5, 16, 5, 239491639, 253335053, 1, 6, 2501590127, 1
3, 5, 16, 5, 239491639, 253335053, 1, 5, 2280090712, 1
3, 5, 16, 5, 239491639, 253335053, 1, 4, 2010076158, 1
3, 5, 16, 5, 239491639, 253335053, 1, 3, 1650920317, 1
3, 5, 16, 5, 239491639, 253335053, 1, 2, 1138336669, 1
3, 5, 16, 5, 239491639, 253335053, 1, 1, 540211596, 1
3, 5, 16, 5, 239491639, 253335053, 1, 0, 1, 0
3, 5, 16, 5, 239491639, 253335053, 0, 14, 3220438917, 1
3, 5, 16, 5, 239491639, 253335053, 0, 13, 3177760743, 1
3, 5, 16, 5, 239491639, 253335053, 0, 12, 3126760260, 1
3, 5, 16, 5, 239491639, 253335053, 0, 11, 3063351941, 1
3, 5, 16, 5, 239491639, 253335053, 0, 10, 3071860445, 1
3, 5, 16, 5, 239491639, 253335053, 0, 9, 2980401628, 1
3, 5, 16, 5, 239491639, 253335053, 0, 8, 2888493919, 1
3, 5, 16, 5, 239491639, 253335053, 0, 7, 2755149589, 1
3, 5, 16, 5, 239491639, 253335053, 0, 6, 2596280216, 1
3, 5, 16, 5, 239491639, 253335053, 0, 5, 2377665027, 1
3, 5, 16, 5, 239491639, 253335053, 0, 4, 2196101966, 1
3, 5, 16, 5, 239491639, 253335053, 0, 3, 1922153408, 1
3, 5, 16, 5, 239491639, 253335053, 0, 2, 1417040394, 1
3, 5, 16, 5, 239491639, 253335053, 0, 1, 798556510, 1
3, 6, 16, 5, 253335054, 313616480, 3, 14, 3236393345, 1
3, 6, 16, 5, 253335054, 313616480, 3, 13, 3177026001, 1
3, 6, 16, 5, 253335054, 313616480, 3, 12, 3116592237, 1
3, 6, 16, 5, 253335054, 313616480, 3, 11, 3030404443, 1
3, 6, 16, 5, 253335054, 313616480, 3, 10, 2969035984, 1
3, 6, 16, 5, 253335054, 313616480, 3, 9, 2899469266, 1
3, 6, 16, 5, 253335054, 313616480, 3, 8, 2790990412, 1
3, 6, 16, 5, 253335054, 313616480, 3, 7, 2680649600, 1
3, 6, 16, 5, 253335054, 313616480, 3, 6, 2565851257, 1
3, 6, 16, 5, 253335054, 313616480, 3, 5, 2396802167, 1
3, 6, 16, 5, 253335054, 313616480, 3, 4, 2180225113, 1
3, 6, 16, 5, 253335054, 313616480, 3, 3, 1827471208, 1
3, 6, 16, 5, 253335054, 313616480, 3, 2, 1268772953, 1
3, 6, 16, 5, 253335054, 313616480, 3, 1, 699295655, 1
3, 6, 16, 5, 253335054, 313616480, 3, 0, 200704948, 0
3, 6, 16, 5, 253335054, 313616480, 2, 14, 3256553173, 1
3, 6, 16, 5, 253335054, 313616480, 2, 13, 3199526568, 1
3, 6, 16, 5, 253335054, 313616480, 2, 12, 3141638019, 1
3, 6, 16, 5, 253335054, 313616480, 2, 11, 3054550889, 1
3, 6, 16, 5, 253335054, 313616480, 2, 10, 3011848158, 1
3, 6, 16, 5, 253335054, 313616480, 2, 9, 2927683621, 1
3, 6, 16, 5, 253335054, 313616480, 2, 8, 2826143982, 1
3, 6, 16, 5, 253335054, 313616480, 2, 7, 2699411140, 1
3, 6, 16, 5, 253335054, 313616480, 2, 6, 2559662777, 1
3, 6, 16, 5, 253335054, 313616480, 2, 5, 2366644762, 1
3, 6, 16, 5, 253335054, 313616480, 2, 4, 2123001985, 1
3, 6, 16, 5, 253335054, 313616480, 2, 3, 1777360386, 1
3, 6, 16, 5, 253335054, 313616480, 2, 2, 1247837924, 1
3, 6, 16, 5, 253335054, 313616480, 2, 1, 642767123, 1
3, 6, 16, 5, 253335054, 313616480, 2, 0, 1, 0
3, 6, 16, 5, 253335054, 313616480, 1, 14, 3411531798, 1
3, 6, 16, 5, 253335054, 313616480, 1, 13, 3361530222, 1
3, 6, 16, 5, 253335054, 313616480, 1, 12, 3327522625, 1
3, 6, 16, 5, 253335054, 313616480, 1, 11, 3257376010, 1
3, 6, 16, 5, 253335054, 313616480, 1, 10, 3225199756, 1
3, 6, 16, 5, 253335054, 313616480, 1, 9, 3136450819, 1
3, 6, 16, 5, 253335054, 313616480, 1, 8, 3029951224, 1
3, 6, 16, 5, 253335054, 313616480, 1, 7, 2887141534, 1
3, 6, 16, 5, 253335054, 313616480, 1, 6, 2738858603, 1
3, 6, 16, 5, 253335054, 313616480, 1, 5, 2513764212, 1
3, 6, 16, 5, 253335054, 313616480, 1, 4, 2238556914, 1
3, 6, 16, 5, 253335054, 313616480, 1, 3, 1871241045, 1
3, 6, 16, 5, 253335054, 313616480, 1, 2, 1343969349, 1
3, 6, 16, 5, 253335054, 313616480, 1, 1, 711572163, 1
3, 6, 16, 5, 253335054, 313616480, 1, 0, 1, 0
3, 6, 16, 5, 253335054, 313616480, 0, 14, 3477479767, 1
3, 6, 16, 5, 253335054, 313616480, 0, 13, 3434801593, 1
3, 6, 16, 5, 253335054, 313616480, 0, 12, 3383801110, 1
3, 6, 16, 5, 253335054, 313616480, 0, 11, 3320392791, 1
3, 6, 16, 5, 253335054, 313616480, 0, 10, 3328901295, 1
3, 6, 16, 5, 253335054, 313616480, 0, 9, 3237442478, 1
3, 6, 16, 5, 253335054, 313616480, 0, 8, 3145534769, 1
3, 6, 16, 5, 253335054, 313616480, 0, 7, 3012190439, 1
3, 6, 16, 5, 253335054, 313616480, 0, 6, 2853321066, 1
3, 6, 16, 5, 253335054, 313616480, 0, 5, 2634705877, 1
3, 6, 16, 5, 253335054, 313616480, 0, 4, 2453142816, 1
3, 6, 16, 5, 253335054, 313616480, 0, 3, 2179194258, 1
3, 6, 16, 5, 253335054, 313616480, 0, 2, 1674081244, 1
3, 6, 16, 5, 253335054, 313616480, 0, 1, 1055597360, 1
3, 7, 16, 5, 313616481, 330206332, 3, 14, 3607019419, 1
3, 7, 16, 5, 313616481, 330206332, 3, 13, 3575061568, 1
3, 7, 16, 5, 313616481, 330206332, 3, 12, 3540661576, 1
3, 7, 16, 5, 313616481, 330206332, 3, 11, 3502729387, 1
3, 7, 16, 5, 313616481, 330206332, 3, 10, 3456777087, 1
3, 7, 16, 5, 313616481, 330206332, 3, 9, 3431672094, 1
3, 7, 16, 5, 313616481, 330206332, 3, 8, 3361478723, 1
3, 7, 16, 5, 313616481, 330206332, 3, 7, 3305768340, 1
3, 7, 16, 5, 313616481, 330206332, 3, 6, 3197895465, 1
3, 7, 16, 5, 313616481, 330206332, 3, 5, 3099500443, 1
3, 7, 16, 5, 313616481, 330206332, 3, 4, 2955548384, 1
3, 7, 16, 5, 313616481, 330206332, 3, 3, 2703210211, 1
3, 7, 16, 5, 313616481, 330206332, 3, 2, 2214364981, 1
3, 7, 16, 5, 313616481, 330206332, 3, 1, 1229976038, 1
3, 7, 16, 5, 313616481, 330206332, 3, 0, 429531752, 0
3, 7, 16, 5, 313616481, 330206332, 2, 14, 3632297734, 1
3, 7, 16, 5, 313616481, 330206332, 2, 13, 3602288094, 1
3, 7, 16, 5, 313616481, 330206332, 2, 12, 3568387283, 1
3, 7, 16, 5, 313616481, 330206332, 2, 11, 3534066130, 1
3, 7, 16, 5, 313616481, 330206332, 2, 10, 3490505028, 1
3, 7, 16, 5, 313616481, 330206332, 2, 9, 3440113070, 1
3, 7, 16, 5, 313616481, 330206332, 2, 8, 3368961625, 1
3, 7, 16, 5, 313616481, 330206332, 2, 7, 3283587937, 1
3, 7, 16, 5, 313616481, 330206332, 2, 6, 3170964050, 1
3, 7, 16, 5, 313616481, 330206332, 2, 5, 3080407008, 1
3, 7, 16, 5, 313616481, 330206332, 2, 4, 2881163237, 1
3, 7, 16, 5, 313616481, 330206332, 2, 3, 2575903319, 1
3, 7, 16, 5, 313616481, 330206332, 2, 2, 2023689047, 1
3, 7, 16, 5, 313616481, 330206332, 2, 1, 871902107, 1
3, 7, 16, 5, 313616481, 330206332, 2, 0, 440843710, 0
3, 7, 16, 5, 313616481, 330206332, 1, 14, 3679865562, 1
3, 7, 16, 5, 313616481, 330206332, 1, 13, 3650912321, 1
3, 7, 16, 5, 313616481, 330206332, 1, 12, 3622759478, 1
3, 7, 16, 5, 313616481, 330206332, 1, 11, 3592500967, 1
3, 7, 16, 5, 313616481, 330206332, 1, 10, 3551958155, 1
3, 7, 16, 5, 313616481, 330206332, 1, 9, 3512245698, 1
3, 7, 16, 5, 313616481, 330206332, 1, 8, 3448838999, 1
3, 7, 16, 5, 313616481, 330206332, 1, 7, 3372813901, 1
3, 7, 16, 5, 313616481, 330206332, 1, 6, 3275910825, 1
3, 7, 16, 5, 313616481, 330206332, 1, 5, 3148812359, 1
3, 7, 16, 5, 313616481, 330206332, 1, 4, 2958003870, 1
3, 7, 16, 5, 313616481, 330206332, 1, 3, 2662580109, 1
3, 7, 16, 5, 313616481, 330206332, 1, 2, 2109233781, 1
3, 7, 16, 5, 313616481, 330206332, 1, 1, 895026891, 0
3, 7, 16, 5, 313616481, 330206332, 1, 0, 870864893, 0
3, 7, 16, 5, 313616481, 330206332, 0, 14, 3791244607, 1
3, 7, 16, 5, 313616481, 330206332, 0, 13, 3769313033, 1
3, 7, 16, 5, 313616481, 330206332, 0, 12, 3750808358, 1
3, 7, 16, 5, 313616481, 330206332, 0, 11, 3728704703, 1
3, 7, 16, 5, 313616481, 330206332, 0, 10, 3700135471, 1
3, 7, 16, 5, 313616481, 330206332, 0, 9, 3677237280, 1
3, 7, 16, 5, 313616481, 330206332, 0, 8, 3632885645, 1
3, 7, 16, 5, 313616481, 330206332, 0, 7, 3576292649, 1
3, 7, 16, 5, 313616481, 330206332, 0, 6, 3501543932, 1
3, 7, 16, 5, 313616481, 330206332, 0, 5, 3400491087, 1
3, 7, 16, 5, 313616481, 330206332, 0, 4, 3237491386, 1
3, 7, 16, 5, 313616481, 330206332, 0, 3, 2985963147, 1
3, 7, 16, 5, 313616481, 330206332, 0, 2, 2450345362, 1
3, 7, 16, 5, 313616481, 330206332, 0, 1, 815988702, 1
3, 8, 16, 5, 330206333, 460328856, 3, 14, 3290425462, 1
3, 8, 16, 5, 330206333, 460328856, 3, 13, 3242104354, 1
3, 8, 16, 5, 330206333, 460328856, 3, 12, 3169935758, 1
3, 8, 16, 5, 330206333, 460328856, 3, 11, 3084078775, 1
3, 8, 16, 5, 330206333, 460328856, 3, 10, 3022143934, 1
3, 8, 16, 5, 330206333, 460328856, 3, 9, 2949823639, 1
3, 8, 16, 5, 330206333, 460328856, 3, 8, 2839050343, 1
3, 8, 16, 5, 330206333, 460328856, 3, 7, 2734121958, 1
3, 8, 16, 5, 330206333, 460328856, 3, 6, 2595578627, 1
3, 8, 16, 5, 330206333, 460328856, 3, 5, 2415462518, 1
3, 8, 16, 5, 330206333, 460328856, 3, 4, 2195756537, 1
3, 8, 16, 5, 330206333, 460328856, 3, 3, 1842778467, 1
3, 8, 16, 5, 330206333, 460328856, 3, 2, 1286904290, 1
3, 8, 16, 5, 330206333, 460328856, 3, 1, 694853963, 1
3, 8, 16, 5, 330206333, 460328856, 3, 0, 184948482, 0
3, 8, 16, 5, 330206333, 460328856, 2, 14, 3319987840, 1
3, 8, 16, 5, 330206333, 460328856, 2, 13, 3280223117, 1
3, 8, 16, 5, 330206333, 460328856, 2, 12, 3209061372, 1
3, 8, 16, 5, 330206333, 460328856, 2, 11, 3122222154, 1
3, 8, 16, 5, 330206333, 460328856, 2, 10, 3077941446, 1
3, 8, 16, 5, 330206333, 460328856, 2, 9, 2998374184, 1
3, 8, 16, 5, 330206333, 460328856, 2, 8, 2903056198, 1
3, 8, 16, 5, 330206333, 460328856, 2, 7, 2781228903, 1
3, 8, 16, 5, 330206333, 460328856, 2, 6, 2619444596, 1
3, 8, 16, 5, 330206333, 460328856, 2, 5, 2409511285, 1
3, 8, 16, 5, 330206333, 460328856, 2, 4, 2158800931, 1
3, 8, 16, 5, 330206333, 460328856, 2, 3, 1810548726, 1
3, 8, 16, 5, 330206333, 460328856, 2, 2, 1275103289, 1
3, 8, 16, 5, 330206333, 460328856, 2, 1, 646369844, 1
3, 8, 16, 5, 330206333, 460328856, 2, 0, 1, 0
3, 8, 16, 5, 330206333, 460328856, 1, 14, 3497620911, 1
3, 8, 16, 5, 330206333, 460328856, 1, 13, 3483758351, 1
3, 8, 16, 5, 330206333, 460328856, 1, 12, 3430324886, 1
3, 8, 16, 5, 330206333, 460328856, 1, 11, 3361336883, 1
3, 8, 16, 5, 330206333, 460328856, 1, 10, 3317593549, 1
3, 8, 16, 5, 330206333, 460328856, 1, 9, 3224766048, 1
3, 8, 16, 5, 330206333, 460328856, 1, 8, 3114090003, 1
3, 8, 16, 5, 330206333, 460328856, 1, 7, 2968407907, 1
3, 8, 16, 5, 330206333, 460328856, 1, 6, 2772656207, 1
3, 8, 16, 5, 330206333, 460328856, 1, 5, 2519555957, 1
3, 8, 16, 5, 330206333, 460328856, 1, 4, 2230491294, 1
3, 8, 16, 5, 330206333, 460328856, 1, 3, 1896765332, 1
3, 8, 16, 5, 330206333, 460328856, 1, 2, 1360110175, 1
3, 8, 16, 5, 330206333, 460328856, 1, 1, 718188716, 1
3, 8, 16, 5, 330206333, 460328856, 1, 0, 1, 0
3, 8, 16, 5, 330206333, 460328856, 0, 14, 3537115783, 1
3, 8, 16, 5, 330206333, 460328856, 0, 13, 3563154118, 1
3, 8, 16, 5, 330206333, 460328856, 0, 12, 3513658484, 1
3, 8, 16, 5, 330206333, 460328856, 0, 11, 3448261892, 1
3, 8, 16, 5, 330206333, 460328856, 0, 10, 3449238377, 1
3, 8, 16, 5, 330206333, 460328856, 0, 9, 3371389944, 1
3, 8, 16, 5, 330206333, 460328856, 0, 8, 3266147961, 1
3, 8, 16, 5, 330206333, 460328856, 0, 7, 3144007796, 1
3, 8, 16, 5, 330206333, 460328856, 0, 6, 2960879705, 1
3, 8, 16, 5, 330206333, 460328856, 0, 5, 2725621154, 1
3, 8, 16, 5, 330206333, 460328856, 0, 4, 2544913647, 1
3, 8, 16, 5, 330206333, 460328856, 0, 3, 2212892887, 1
3, 8, 16, 5, 330206333, 460328856, 0, 2, 1700137719, 1
3, 8, 16, 5, 330206333, 460328856, 0, 1, 1077283074, 1
3, 9, 16, 5, 460328857, 483493199, 3, 14, 2042934721, 1
3, 9, 16, 5, 460328857, 483493199, 3, 13, 2018235404, 1
3, 9, 16, 5, 460328857, 483493199, 3, 12, 1986329424, 1
3, 9, 16, 5, 460328857, 483493199, 3, 11, 1944617465, 1
3, 9, 16, 5, 460328857, 483493199, 3, 10, 1939912939, 1
3, 9, 16, 5, 460328857, 483493199, 3, 9, 1931247514, 1
3, 9, 16, 5, 460328857, 483493199, 3, 8, 1891418847, 1
3, 9, 16, 5, 460328857, 483493199, 3, 7, 1853298457, 1
3, 9, 16, 5, 460328857, 483493199, 3, 6, 1848031907, 1
3, 9, 16, 5, 460328857, 483493199, 3, 5, 1789776806, 1
3, 9, 16, 5, 460328857, 483493199, 3, 4, 1703873064, 1
3, 9, 16, 5, 460328857, 483493199, 3, 3, 1509435065, 1
3, 9, 16, 5, 460328857, 483493199, 3, 2, 1252044893, 1
3, 9, 16, 5, 460328857, 483493199, 3, 1, 759222405, 0
3, 9, 16, 5, 460328857, 483493199, 3, 0, 939965260, 0
3, 9, 16, 5, 460328857, 483493199, 2, 14, 2035756990, 1
3, 9, 16, 5, 460328857, 483493199, 2, 13, 2013764954, 1
3, 9, 16, 5, 460328857, 483493199, 2, 12, 1983746918, 1
3, 9, 16, 5, 460328857, 483493199, 2, 11, 1940024820, 1
3, 9, 16, 5, 460328857, 483493199, 2, 10, 1943319780, 1
3, 9, 16, 5, 460328857, 483493199, 2, 9, 1918379681, 1
3, 9, 16, 5, 460328857, 483493199, 2, 8, 1885394764, 1
3, 9, 16, 5, 460328857, 483493199, 2, 7, 1858703890, 1
3, 9, 16, 5, 460328857, 483493199, 2, 6, 1825497728, 1
3, 9, 16, 5, 460328857, 483493199, 2, 5, 1781523840, 1
3, 9, 16, 5, 460328857, 483493199, 2, 4, 1712249874, 1
3, 9, 16, 5, 460328857, 483493199, 2, 3, 1511998807, 1
3, 9, 16, 5, 460328857, 483493199, 2, 2, 1271401303, 1
3, 9, 16, 5, 460328857, 483493199, 2, 1, 658809263, 0
3, 9, 16, 5, 460328857, 483493199, 2, 0, 813055882, 0
3, 9, 16, 5, 460328857, 483493199, 1, 14, 2224746244, 1
3, 9, 16, 5, 460328857, 483493199, 1, 13, 2210846172, 1
3, 9, 16, 5, 460328857, 483493199, 1, 12, 2199205440, 1
3, 9, 16, 5, 460328857, 483493199, 1, 11, 2173431927, 1
3, 9, 16, 5, 460328857, 483493199, 1, 10, 2183148607, 1
3, 9, 16, 5, 460328857, 483493199, 1, 9, 2150774772, 1
3, 9, 16, 5, 460328857, 483493199, 1, 8, 2107282114, 1
3, 9, 16, 5, 460328857, 483493199, 1, 7, 2057925154, 1
3, 9, 16, 5, 460328857, 483493199, 1, 6, 1995676779, 1
3, 9, 16, 5, 460328857, 483493199, 1, 5, 1912264055, 1
3, 9, 16, 5, 460328857, 483493199, 1, 4, 1781739256, 1
3, 9, 16, 5, 460328857, 483493199, 1, 3, 1581579296, 1
3, 9, 16, 5, 460328857, 483493199, 1, 2, 1214788122, 1
3, 9, 16, 5, 460328857, 483493199, 1, 1, 507368318, 1
3, 9, 16, 5, 460328857, 483493199, 1, 0, 1, 0
3, 9, 16, 5, 460328857, 483493199, 0, 14, 2281123160, 1
3, 9, 16, 5, 460328857, 483493199, 0, 13, 2264432887, 1
3, 9, 16, 5, 460328857, 483493199, 0, 12, 2263797887, 1
3, 9, 16, 5, 460328857, 483493199, 0, 11, 2242214883, 1
3, 9, 16, 5, 460328857, 483493199, 0, 10, 2293605976, 1
3, 9, 16, 5, 460328857, 483493199, 0, 9, 2274973480, 1
3, 9, 16, 5, 460328857, 483493199, 0, 8, 2246297441, 1
3, 9, 16, 5, 460328857, 483493199, 0, 7, 2222328683, 1
3, 9, 16, 5, 460328857, 483493199, 0, 6, 2180773820, 1
3, 9, 16, 5, 460328857, 483493199, 0, 5, 2145697906, 1
3, 9, 16, 5, 460328857, 483493199, 0, 4, 2051867406, 1
3, 9, 16, 5, 460328857, 483493199, 0, 3, 1903822349, 1
3, 9, 16, 5, 460328857, 483493199, 0, 2, 1608086557, 1
3, 9, 16, 5, 460328857, 483493199, 0, 1, 774727392, 1
3, 10, 16, 5, 483493200, 537344822, 3, 14, 3126662624, 1
3, 10, 16, 5, 483493200, 537344822, 3, 13, 3087114701, 1
3, 10, 16, 5, 483493200, 537344822, 3, 12, 3033244236, 1
3, 10, 16, 5, 483493200, 537344822, 3, 11, 2967268323, 1
3, 10, 16, 5, 483493200, 537344822, 3, 10, 2890851880, 1
3, 10, 16, 5, 483493200, 537344822, 3, 9, 2840195350, 1
3, 10, 16, 5, 483493200, 537344822, 3, 8, 2728807516, 1
3, 10, 16, 5, 483493200, 537344822, 3, 7, 2625071069, 1
3, 10, 16, 5, 483493200, 537344822, 3, 6, 2529766538, 1
3, 10, 16, 5, 483493200, 537344822, 3, 5, 2377527396, 1
3, 10, 16, 5, 483493200, 537344822, 3, 4, 2148033245, 1
3, 10, 16, 5, 483493200, 537344822, 3, 3, 1807408052, 1
3, 10, 16, 5, 483493200, 537344822, 3, 2, 1261774602, 1
3, 10, 16, 5, 483493200, 537344822, 3, 1, 707460845, 1
3, 10, 16, 5, 483493200, 537344822, 3, 0, 176161863, 0
3, 10, 16, 5, 483493200, 537344822, 2, 14, 3116013224, 1
3, 10, 16, 5, 483493200, 537344822, 2, 13, 3088233197, 1
3, 10, 16, 5, 483493200, 537344822, 2, 12, 3033742969, 1
3, 10, 16, 5, 483493200, 537344822, 2, 11, 2965968922, 1
3, 10, 16, 5, 483493200, 537344822, 2, 10, 2900846530, 1
3, 10, 16, 5, 483493200, 537344822, 2, 9, 2849934575, 1
3, 10, 16, 5, 483493200, 537344822, 2, 8, 2751357287, 1
3, 10, 16, 5, 483493200, 537344822, 2, 7, 2632991670, 1
3, 10, 16, 5, 483493200, 537344822, 2, 6, 2531994033, 1
3, 10, 16, 5, 483493200, 537344822, 2, 5, 2363170184, 1
3, 10, 16, 5, 483493200, 537344822, 2, 4, 2104140968, 1
3, 10, 16, 5, 483493200, 537344822, 2, 3, 1773330693, 1
3, 10, 16, 5, 483493200, 537344822, 2, 2, 1253151548, 1
3, 10, 16, 5, 483493200, 537344822, 2, 1, 665948270, 1
3, 10, 16, 5, 483493200, 537344822, 2, 0, 1, 0
3, 10, 16, 5, 483493200, 537344822, 1, 14, 3195360301, 1
3, 10, 16, 5, 483493200, 537344822, 1, 13, 3157082899, 1
3, 10, 16, 5, 483493200, 537344822, 1, 12, 3123906135, 1
3, 10, 16, 5, 483493200, 537344822, 1, 11, 3084959498, 1
3, 10, 16, 5, 483493200, 537344822, 1, 10, 3018494417, 1
3, 10, 16, 5, 483493200, 537344822, 1, 9, 2980033776, 1
3, 10, 16, 5, 483493200, 537344822, 1, 8, 2865002610, 1
3, 10, 16, 5, 483493200, 537344822, 1, 7, 2725316669, 1
3, 10, 16, 5, 483493200, 537344822, 1, 6, 2624000694, 1
3, 10, 16, 5, 483493200, 537344822, 1, 5, 2436109836, 1
3, 10, 16, 5, 483493200, 537344822, 1, 4, 2137318611, 1
3, 10, 16, 5, 483493200, 537344822, 1, 3, 1862100928, 1
3, 10, 16, 5, 483493200, 537344822, 1, 2, 1335103504, 1
3, 10, 16, 5, 483493200, 537344822, 1, 1, 737290055, 1
3, 10, 16, 5, 483493200, 537344822, 1, 0, 1, 0
3, 10, 16, 5, 483493200, 537344822, 0, 14, 3305628117, 1
3, 10, 16, 5, 483493200, 537344822, 0, 13, 3309284925, 1
3, 10, 16, 5, 483493200, 537344822, 0, 12, 3287409297, 1
3, 10, 16, 5, 483493200, 537344822, 0, 11, 3261556283, 1
3, 10, 16, 5, 483493200, 537344822, 0, 10, 3256536617, 1
3, 10, 16, 5, 483493200, 537344822, 0, 9, 3263268623, 1
3, 10, 16, 5, 483493200, 537344822, 0, 8, 3128201586, 1
3, 10, 16, 5, 483493200, 537344822, 0, 7, 2967444401, 1
3, 10, 16, 5, 483493200, 537344822, 0, 6, 2866719725, 1
3, 10, 16, 5, 483493200, 537344822, 0, 5, 2600948367, 1
3, 10, 16, 5, 483493200, 537344822, 0, 4, 2387159855, 1
3, 10, 16, 5, 483493200, 537344822, 0, 3, 2149352972, 1
3, 10, 16, 5, 483493200, 537344822, 0, 2, 1662911328, 1
3, 10, 16, 5, 483493200, 537344822, 0, 1, 1093998980, 1
3, 11, 16, 5, 537344823, 558628252, 3, 14, 2906253344, 1
3, 11, 16, 5, 537344823, 558628252, 3, 13, 2873969769, 1
3, 11, 16, 5, 537344823, 558628252, 3, 12, 2816849659, 1
3, 11, 16, 5, 537344823, 558628252, 3, 11, 2751105784, 1
3, 11, 16, 5, 537344823, 558628252, 3, 10, 2686418132, 1
3, 11, 16, 5, 537344823, 558628252, 3, 9, 2637893456, 1
3, 11, 16, 5, 537344823, 558628252, 3, 8, 2545067130, 1
3, 11, 16, 5, 537344823, 558628252, 3, 7, 2461878679, 1
3, 11, 16, 5, 537344823, 558628252, 3, 6, 2367961943, 1
3, 11, 16, 5, 537344823, 558628252, 3, 5, 2264391230, 1
3, 11, 16, 5, 537344823, 558628252, 3, 4, 2044213839, 1
3, 11, 16, 5, 537344823, 558628252, 3, 3, 1721693331, 1
3, 11, 16, 5, 537344823, 558628252, 3, 2, 1207331606, 1
3, 11, 16, 5, 537344823, 558628252, 3, 1, 569416012, 1
3, 11, 16, 5, 537344823, 558628252, 3, 0, 83006542, 0
3, 11, 16, 5, 537344823, 558628252, 2, 14, 2880303805, 1
3, 11, 16, 5, 537344823, 558628252, 2, 13, 2862336851, 1
3, 11, 16, 5, 537344823, 558628252, 2, 12, 2803568910, 1
3, 11, 16, 5, 537344823, 558628252, 2, 11, 2736202002, 1
3, 11, 16, 5, 537344823, 558628252, 2, 10, 2686953843, 1
3, 11, 16, 5, 537344823, 558628252, 2, 9, 2639058690, 1
3, 11, 16, 5, 537344823, 558628252, 2, 8, 2565655276, 1
3, 11, 16, 5, 537344823, 558628252, 2, 7, 2475104411, 1
3, 11, 16, 5, 537344823, 558628252, 2, 6, 2376180481, 1
3, 11, 16, 5, 537344823, 558628252, 2, 5, 2273477070, 1
3, 11, 16, 5, 537344823, 558628252, 2, 4, 2032265620, 1
3, 11, 16, 5, 537344823, 558628252, 2, 3, 1728683514, 1
3, 11, 16, 5, 537344823, 558628252, 2, 2, 1256153666, 1
3, 11, 16, 5, 537344823, 558628252, 2, 1, 562921089, 1
3, 11, 16, 5, 537344823, 558628252, 2, 0, 1, 0
3, 11, 16, 5, 537344823, 558628252, 1, 14, 2898309339, 1
3, 11, 16, 5, 537344823, 558628252, 1, 13, 2872759730, 1
3, 11, 16, 5, 537344823, 558628252, 1, 12, 2830574069, 1
3, 11, 16, 5, 537344823, 558628252, 1, 11, 2781051772, 1
3, 11, 16, 5, 537344823, 558628252, 1, 10, 2734479490, 1
3, 11, 16, 5, 537344823, 558628252, 1, 9, 2684197484, 1
3, 11, 16, 5, 537344823, 558628252, 1, 8, 2599975955, 1
3, 11, 16, 5, 537344823, 558628252, 1, 7, 2493295350, 1
3, 11, 16, 5, 537344823, 558628252, 1, 6, 2382701013, 1
3, 11, 16, 5, 537344823, 558628252, 1, 5, 2280008046, 1
3, 11, 16, 5, 537344823, 558628252, 1, 4, 1984685750, 1
3, 11, 16, 5, 537344823, 558628252, 1, 3, 1714919240, 1
3, 11, 16, 5, 537344823, 558628252, 1, 2, 1197733929, 1
3, 11, 16, 5, 537344823, 558628252, 1, 1, 622815409, 1
3, 11, 16, 5, 537344823, 558628252, 1, 0, 1, 0
3, 11, 16, 5, 537344823, 558628252, 0, 14, 2953196569, 1
3, 11, 16, 5, 537344823, 558628252, 0, 13, 2942951871, 1
3, 11, 16, 5, 537344823, 558628252, 0, 12, 2904857820, 1
3, 11, 16, 5, 537344823, 558628252, 0, 11, 2859837578, 1
3, 11, 16, 5, 537344823, 558628252, 0, 10, 2831817238, 1
3, 11, 16, 5, 537344823, 558628252, 0, 9, 2810437309, 1
3, 11, 16, 5, 537344823, 558628252, 0, 8, 2736731912, 1
3, 11, 16, 5, 537344823, 558628252, 0, 7, 2641967830, 1
3, 11, 16, 5, 537344823, 558628252, 0, 6, 2515615720, 1
3, 11, 16, 5, 537344823, 558628252, 0, 5, 2429236398, 1
3, 11, 16, 5, 537344823, 558628252, 0, 4, 2215447886, 1
3, 11, 16, 5, 537344823, 558628252, 0, 3, 1977641003, 1
3, 11, 16, 5, 537344823, 558628252, 0, 2, 1491199359, 1
3, 11, 16, 5, 537344823, 558628252, 0, 1, 922287011, 1
3, 12, 16, 5, 558628253, 1461334479, 3, 14, 3000135400, 1
3, 12, 16, 5, 558628253, 1461334479, 3, 13, 2985489915, 1
3, 12, 16, 5, 558628253, 1461334479, 3, 12, 2974561080, 1
3, 12, 16, 5, 558628253, 1461334479, 3, 11, 2960347101, 1
3, 12, 16, 5, 558628253, 1461334479, 3, 10, 2934351597, 1
3, 12, 16, 5, 558628253, 1461334479, 3, 9, 2883804962, 1
3, 12, 16, 5, 558628253, 1461334479, 3, 8, 2816447847, 1
3, 12, 16, 5, 558628253, 1461334479, 3, 7, 2705564009, 1
3, 12, 16, 5, 558628253, 1461334479, 3, 6, 2552870953, 1
3, 12, 16, 5, 558628253, 1461334479, 3, 5, 2385476004, 1
3, 12, 16, 5, 558628253, 1461334479, 3, 4, 2179136837, 1
3, 12, 16, 5, 558628253, 1461334479, 3, 3, 1837706447, 1
3, 12, 16, 5, 558628253, 1461334479, 3, 2, 1314986349, 1
3, 12, 16, 5, 558628253, 1461334479, 3, 1, 750780412, 1
3, 12, 16, 5, 558628253, 1461334479, 3, 0, 165302168, 0
3, 12, 16, 5, 558628253, 1461334479, 2, 14, 3006917007, 1
3, 12, 16, 5, 558628253, 1461334479, 2, 13, 2991241858, 1
3, 12, 16, 5, 558628253, 1461334479, 2, 12, 2977289966, 1
3, 12, 16, 5, 558628253, 1461334479, 2, 11, 2959032859, 1
3, 12, 16, 5, 558628253, 1461334479, 2, 10, 2929673943, 1
3, 12, 16, 5, 558628253, 1461334479, 2, 9, 2868394903, 1
3, 12, 16, 5, 558628253, 1461334479, 2, 8, 2785897863, 1
3, 12, 16, 5, 558628253, 1461334479, 2, 7, 2683363773, 1
3, 12, 16, 5, 558628253, 1461334479, 2, 6, 2545446968, 1
3, 12, 16, 5, 558628253, 1461334479, 2, 5, 2379056080, 1
3, 12, 16, 5, 558628253, 1461334479, 2, 4, 2152058938, 1
3, 12, 16, 5, 558628253, 1461334479, 2, 3, 1817526304, 1
3, 12, 16, 5, 558628253, 1461334479, 2, 2, 1310889490, 1
3, 12, 16, 5, 558628253, 1461334479, 2, 1, 718076498, 1
3, 12, 16, 5, 558628253, 1461334479, 2, 0, 1, 0
3, 12, 16, 5, 558628253, 1461334479, 1, 14, 2920341964, 1
3, 12, 16, 5, 558628253, 1461334479, 1, 13, 2895151703, 1
3, 12, 16, 5, 558628253, 1461334479, 1, 12, 2871425830, 1
3, 12, 16, 5, 558628253, 1461334479, 1, 11, 2835226516, 1
3, 12, 16, 5, 558628253, 1461334479, 1, 10, 2793619843, 1
3, 12, 16, 5, 558628253, 1461334479, 1, 9, 2745569801, 1
3, 12, 16, 5, 558628253, 1461334479, 1, 8, 2683625474, 1
3, 12, 16, 5, 558628253, 1461334479, 1, 7, 2605162659, 1
3, 12, 16, 5, 558628253, 1461334479, 1, 6, 2499172618, 1
3, 12, 16, 5, 558628253, 1461334479, 1, 5, 2367536641, 1
3, 12, 16, 5, 558628253, 1461334479, 1, 4, 2197385833, 1
3, 12, 16, 5, 558628253, 1461334479, 1, 3, 1906057730, 1
3, 12, 16, 5, 558628253, 1461334479, 1, 2, 1401057699, 1
3, 12, 16, 5, 558628253, 1461334479, 1, 1, 807069535, 1
3, 12, 16, 5, 558628253, 1461334479, 1, 0, 1, 0
3, 12, 16, 5, 558628253, 1461334479, 0, 14, 3020329555, 1
3, 12, 16, 5, 558628253, 1461334479, 0, 13, 3001068309, 1
3, 12, 16, 5, 558628253, 1461334479, 0, 12, 2990044419, 1
3, 12, 16, 5, 558628253, 1461334479, 0, 11, 2959562944, 1
3, 12, 16, 5, 558628253, 1461334479, 0, 10, 2930509714, 1
3, 12, 16, 5, 558628253, 1461334479, 0, 9, 2895000211, 1
3, 12, 16, 5, 558628253, 1461334479, 0, 8, 2850613333, 1
3, 12, 16, 5, 558628253, 1461334479, 0, 7, 2787258391, 1
3, 12, 16, 5, 558628253, 1461334479, 0, 6, 2702785135, 1
3, 12, 16, 5, 558628253, 1461334479, 0, 5, 2599935324, 1
3, 12, 16, 5, 558628253, 1461334479, 0, 4, 2487570063, 1
3, 12, 16, 5, 558628253, 1461334479, 0, 3, 2244415354, 1
3, 12, 16, 5, 558628253, 1461334479, 0, 2, 1782344126, 1
3, 12, 16, 5, 558628253, 1461334479, 0, 1, 1252034716, 1
3, 13, 16, 5, 1461334480, 1595271564, 3, 14, 3131325868, 1
3, 13, 16, 5, 1461334480, 1595271564, 3, 13, 3111341659, 1
3, 13, 16, 5, 1461334480, 1595271564, 3, 12, 3090775842, 1
3, 13, 16, 5, 1461334480, 1595271564, 3, 11, 3059994500, 1
3, 13, 16, 5, 1461334480, 1595271564, 3, 10, 3014594593, 1
3, 13, 16, 5, 1461334480, 1595271564, 3, 9, 2970340952, 1
3, 13, 16, 5, 1461334480, 1595271564, 3, 8, 2876036631, 1
3, 13, 16, 5, 1461334480, 1595271564, 3, 7, 2785792072, 1
3, 13, 16, 5, 1461334480, 1595271564, 3, 6, 2633887489, 1
3, 13, 16, 5, 1461334480, 1595271564, 3, 5, 2465873818, 1
3, 13, 16, 5, 1461334480, 1595271564, 3, 4, 2222510646, 1
3, 13, 16, 5, 1461334480, 1595271564, 3, 3, 1793317828, 1
3, 13, 16, 5, 1461334480, 1595271564, 3, 2, 1287404865, 1
3, 13, 16, 5, 1461334480, 1595271564, 3, 1, 750826575, 1
3, 13, 16, 5, 1461334480, 1595271564, 3, 0, 206377739, 0
3, 13, 16, 5, 1461334480, 1595271564, 2, 14, 3184644420, 1
3, 13, 16, 5, 1461334480, 1595271564, 2, 13, 3162106653, 1
3, 13, 16, 5, 1461334480, 1595271564, 2, 12, 3139436914, 1
3, 13, 16, 5, 1461334480, 1595271564, 2, 11, 3103863701, 1
3, 13, 16, 5, 1461334480, 1595271564, 2, 10, 3049672150, 1
3, 13, 16, 5, 1461334480, 1595271564, 2, 9, 2995228032, 1
3, 13, 16, 5, 1461334480, 1595271564, 2, 8, 2877925045, 1
3, 13, 16, 5, 1461334480, 1595271564, 2, 7, 2810184280, 1
3, 13, 16, 5, 1461334480, 1595271564, 2, 6, 2671997545, 1
3, 13, 16, 5, 1461334480, 1595271564, 2, 5, 2502966555, 1
3, 13, 16, 5, 1461334480, 1595271564, 2, 4, 2223144229, 1
3, 13, 16, 5, 1461334480, 1595271564, 2, 3, 1784726631, 1
3, 13, 16, 5, 1461334480, 1595271564, 2, 2, 1269592528, 1
3, 13, 16, 5, 1461334480, 1595271564, 2, 1, 695497922, 1
3, 13, 16, 5, 1461334480, 1595271564, 2, 0, 1, 0
3, 13, 16, 5, 1461334480, 1595271564, 1, 14, 3237248801, 1
3, 13, 16, 5, 1461334480, 1595271564, 1, 13, 3213751394, 1
3, 13, 16, 5, 1461334480, 1595271564, 1, 12, 3178309127, 1
3, 13, 16, 5, 1461334480, 1595271564, 1, 11, 3127861228, 1
3, 13, 16, 5, 1461334480, 1595271564, 1, 10, 3087232412, 1
3, 13, 16, 5, 1461334480, 1595271564, 1, 9, 3016576880, 1
3, 13, 16, 5, 1461334480, 1595271564, 1, 8, 2908742453, 1
3, 13, 16, 5, 1461334480, 1595271564, 1, 7, 2822646274, 1
3, 13, 16, 5, 1461334480, 1595271564, 1, 6, 2710058962, 1
3, 13, 16, 5, 1461334480, 1595271564, 1, 5, 2570332311, 1
3, 13, 16, 5, 1461334480, 1595271564, 1, 4, 2314338233, 1
3, 13, 16, 5, 1461334480, 1595271564, 1, 3, 1855760319, 1
3, 13, 16, 5, 1461334480, 1595271564, 1, 2, 1354232030, 1
3, 13, 16, 5, 1461334480, 1595271564, 1, 1, 772775469, 1
3, 13, 16, 5, 1461334480, 1595271564, 1, 0, 1, 0
3, 13, 16, 5, 1461334480, 1595271564, 0, 14, 3291135385, 1
3, 13, 16, 5, 1461334480, 1595271564, 0, 13, 3286571366, 1
3, 13, 16, 5, 1461334480, 1595271564, 0, 12, 3277560285, 1
3, 13, 16, 5, 1461334480, 1595271564, 0, 11, 3233842133, 1
3, 13, 16, 5, 1461334480, 1595271564, 0, 10, 3222179582, 1
3, 13, 16, 5, 1461334480, 1595271564, 0, 9, 3162592873, 1
3, 13, 16, 5, 1461334480, 1595271564, 0, 8, 3088109487, 1
3, 13, 16, 5, 1461334480, 1595271564, 0, 7, 3050629752, 1
3, 13, 16, 5, 1461334480, 1595271564, 0, 6, 2932658050, 1
3, 13, 16, 5, 1461334480, 1595271564, 0, 5, 2872228575, 1
3, 13, 16, 5, 1461334480, 1595271564, 0, 4, 2659709303, 1
3, 13, 16, 5, 1461334480, 1595271564, 0, 3, 2174140338, 1
3, 13, 16, 5, 1461334480, 1595271564, 0, 2, 1692790038, 1
3, 13, 16, 5, 1461334480, 1595271564, 0, 1, 1159163203, 1
3, 14, 16, 5, 1595271565, 1678895895, 3, 14, 3077078640, 1
3, 14, 16, 5, 1595271565, 1678895895, 3, 13, 3069977944, 1
3, 14, 16, 5, 1595271565, 1678895895, 3, 12, 3064316582, 1
3, 14, 16, 5, 1595271565, 1678895895, 3, 11, 3050976624, 1
3, 14, 16, 5, 1595271565, 1678895895, 3, 10, 3026263009, 1
3, 14, 16, 5, 1595271565, 1678895895, 3, 9, 3006939003, 1
3, 14, 16, 5, 1595271565, 1678895895, 3, 8, 2943262519, 1
3, 14, 16, 5, 1595271565, 1678895895, 3, 7, 2891549754, 1
3, 14, 16, 5, 1595271565, 1678895895, 3, 6, 2789593794, 1
3, 14, 16, 5, 1595271565, 1678895895, 3, 5, 2688902178, 1
3, 14, 16, 5, 1595271565, 1678895895, 3, 4, 2541207192, 1
3, 14, 16, 5, 1595271565, 1678895895, 3, 3, 2258705591, 1
3, 14, 16, 5, 1595271565, 1678895895, 3, 2, 2006168368, 1
3, 14, 16, 5, 1595271565, 1678895895, 3, 1, 2012538092, 1
3, 14, 16, 5, 1595271565, 1678895895, 3, 0, 908859848, 0
3, 14, 16, 5, 1595271565, 1678895895, 2, 14, 3103060962, 1
3, 14, 16, 5, 1595271565, 1678895895, 2, 13, 3091485053, 1
3, 14, 16, 5, 1595271565, 1678895895, 2, 12, 3081507992, 1
3, 14, 16, 5, 1595271565, 1678895895, 2, 11, 3060803345, 1
3, 14, 16, 5, 1595271565, 1678895895, 2, 10, 3024268215, 1
3, 14, 16, 5, 1595271565, 1678895895, 2, 9, 2991133572, 1
3, 14, 16, 5, 1595271565, 1678895895, 2, 8, 2900057629, 1
3, 14, 16, 5, 1595271565, 1678895895, 2, 7, 2865385748, 1
3, 14, 16, 5, 1595271565, 1678895895, 2, 6, 2770188561, 1
3, 14, 16, 5, 1595271565, 1678895895, 2, 5, 2659319901, 1
3, 14, 16, 5, 1595271565, 1678895895, 2, 4, 2462586618, 1
3, 14, 16, 5, 1595271565, 1678895895, 2, 3, 2152579359, 1
3, 14, 16, 5, 1595271565, 1678895895, 2, 2, 1862163349, 1
3, 14, 16, 5, 1595271565, 1678895895, 2, 1, 1782448547, 1
3, 14, 16, 5, 1595271565, 1678895895, 2, 0, 599354202, 0
3, 14, 16, 5, 1595271565, 1678895895, 1, 14, 3215431951, 1
3, 14, 16, 5, 1595271565, 1678895895, 1, 13, 3207458889, 1
3, 14, 16, 5, 1595271565, 1678895895, 1, 12, 3190024863, 1
3, 14, 16, 5, 1595271565, 1678895895, 1, 11, 3160717074, 1
3, 14, 16, 5, 1595271565, 1678895895, 1, 10, 3145255054, 1
3, 14, 16, 5, 1595271565, 1678895895, 1, 9, 3105064593, 1
3, 14, 16, 5, 1595271565, 1678895895, 1, 8, 3034863487, 1
3, 14, 16, 5, 1595271565, 1678895895, 1, 7, 2996436181, 1
3, 14, 16, 5, 1595271565, 1678895895, 1, 6, 2946185089, 1
3, 14, 16, 5, 1595271565, 1678895895, 1, 5, 2891462374, 1
3, 14, 16, 5, 1595271565, 1678895895, 1, 4, 2758251759, 1
3, 14, 16, 5, 1595271565, 1678895895, 1, 3, 2492619287, 1
3, 14, 16, 5, 1595271565, 1678895895, 1, 2, 2338392793, 1
3, 14, 16, 5, 1595271565, 1678895895, 1, 1, 2567307086, 1
3, 14, 16, 5, 1595271565, 1678895895, 1, 0, 916154611, 0
3, 14, 16, 5, 1595271565, 1678895895, 0, 14, 3214869005, 1
3, 14, 16, 5, 1595271565, 1678895895, 0, 13, 3222237996, 1
3, 14, 16, 5, 1595271565, 1678895895, 0, 12, 3227148761, 1
3, 14, 16, 5, 1595271565, 1678895895, 0, 11, 3199883699, 1
3, 14, 16, 5, 1595271565, 1678895895, 0, 10, 3207964857, 1
3, 14, 16, 5, 1595271565, 1678895895, 0, 9, 3172509348, 1
3, 14, 16, 5, 1595271565, 1678895895, 0, 8, 3128189961, 1
3, 14, 16, 5, 1595271565, 1678895895, 0, 7, 3129492511, 1
3, 14, 16, 5, 1595271565, 1678895895, 0, 6, 3063230522, 1
3, 14, 16, 5, 1595271565, 1678895895, 0, 5, 3075194645, 1
3, 14, 16, 5, 1595271565, 1678895895, 0, 4, 2971265771, 1
3, 14, 16, 5, 1595271565, 1678895895, 0, 3, 2666680802, 1
3, 14, 16, 5, 1595271565, 1678895895, 0, 2, 2547298494, 1
3, 14, 16, 5, 1595271565, 1678895895, 0, 1, 3099575635, 1
3, 15, 16, 5, 1678895896, 1729786910, 3, 14, 2654804359, 1
3, 15, 16, 5, 1678895896, 1729786910, 3, 13, 2637294618, 1
3, 15, 16, 5, 1678895896, 1729786910, 3, 12, 2600250640, 1
3, 15, 16, 5, 1678895896, 1729786910, 3, 11, 2559947274, 1
3, 15, 16, 5, 1678895896, 1729786910, 3, 10, 2517825869, 1
3, 15, 16, 5, 1678895896, 1729786910, 3, 9, 2474103878, 1
3, 15, 16, 5, 1678895896, 1729786910, 3, 8, 2402114974, 1
3, 15, 16, 5, 1678895896, 1729786910, 3, 7, 2314135876, 1
3, 15, 16, 5, 1678895896, 1729786910, 3, 6, 2201105448, 1
3, 15, 16, 5, 1678895896, 1729786910, 3, 5, 2049872635, 1
3, 15, 16, 5, 1678895896, 1729786910, 3, 4, 1861093328, 1
3, 15, 16, 5, 1678895896, 1729786910, 3, 3, 1548044921, 1
3, 15, 16, 5, 1678895896, 1729786910, 3, 2, 1107741808, 1
3, 15, 16, 5, 1678895896, 1729786910, 3, 1, 659895345, 1
3, 15, 16, 5, 1678895896, 1729786910, 3, 0, 186686986, 0
3, 15, 16, 5, 1678895896, 1729786910, 2, 14, 2679462823, 1
3, 15, 16, 5, 1678895896, 1729786910, 2, 13, 2652700028, 1
3, 15, 16, 5, 1678895896, 1729786910, 2, 12, 2616778790, 1
3, 15, 16, 5, 1678895896, 1729786910, 2, 11, 2576395526, 1
3, 15, 16, 5, 1678895896, 1729786910, 2, 10, 2529817469, 1
3, 15, 16, 5, 1678895896, 1729786910, 2, 9, 2490064956, 1
3, 15, 16, 5, 1678895896, 1729786910, 2, 8, 2418909766, 1
3, 15, 16, 5, 1678895896, 1729786910, 2, 7, 2332383301, 1
3, 15, 16, 5, 1678895896, 1729786910, 2, 6, 2221092669, 1
3, 15, 16, 5, 1678895896, 1729786910, 2, 5, 2069073301, 1
3, 15, 16, 5, 1678895896, 1729786910, 2, 4, 1851597212, 1
3, 15, 16, 5, 1678895896, 1729786910, 2, 3, 1529297770, 1
3, 15, 16, 5, 1678895896, 1729786910, 2, 2, 1089853024, 1
3, 15, 16, 5, 1678895896, 1729786910, 2, 1, 608880969, 1
3, 15, 16, 5, 1678895896, 1729786910, 2, 0, 1, 0
3, 15, 16, 5, 1678895896, 1729786910, 1, 14, 2726732952, 1
3, 15, 16, 5, 1678895896, 1729786910, 1, 13, 2704799926, 1
3, 15, 16, 5, 1678895896, 1729786910, 1, 12, 2669738366, 1
3, 15, 16, 5, 1678895896, 1729786910, 1, 11, 2633772270, 1
3, 15, 16, 5, 1678895896, 1729786910, 1, 10, 2590480798, 1
3, 15, 16, 5, 1678895896, 1729786910, 1, 9, 2534964071, 1
3, 15, 16, 5, 1678895896, 1729786910, 1, 8, 2466357483, 1
3, 15, 16, 5, 1678895896, 1729786910, 1, 7, 2381832678, 1
3, 15, 16, 5, 1678895896, 1729786910, 1, 6, 2275878586, 1
3, 15, 16, 5, 1678895896, 1729786910, 1, 5, 2136256284, 1
3, 15, 16, 5, 1678895896, 1729786910, 1, 4, 1926804575, 1
3, 15, 16, 5, 1678895896, 1729786910, 1, 3, 1606193276, 1
3, 15, 16, 5, 1678895896, 1729786910, 1, 2, 1162509893, 1
3, 15, 16, 5, 1678895896, 1729786910, 1, 1, 676534410, 1
3, 15, 16, 5, 1678895896, 1729786910, 1, 0, 1, 0
3, 15, 16, 5, 1678895896, 1729786910, 0, 14, 2792306649, 1
3, 15, 16, 5, 1678895896, 1729786910, 0, 13, 2778408756, 1
3, 15, 16, 5, 1678895896, 1729786910, 0, 12, 2747926074, 1
3, 15, 16, 5, 1678895896, 1729786910, 0, 11, 2719363954, 1
3, 15, 16, 5, 1678895896, 1729786910, 0, 10, 2683283836, 1
3, 15, 16, 5, 1678895896, 1729786910, 0, 9, 2638267256, 1
3, 15, 16, 5, 1678895896, 1729786910, 0, 8, 2583326303, 1
3, 15, 16, 5, 1678895896, 1729786910, 0, 7, 2505203705, 1
3, 15, 16, 5, 1678895896, 1729786910, 0, 6, 2402656335, 1
3, 15, 16, 5, 1678895896, 1729786910, 0, 5, 2270025185, 1
3, 15, 16, 5, 1678895896, 1729786910, 0, 4, 2078344138, 1
3, 15, 16, 5, 1678895896, 1729786910, 0, 3, 1745759574, 1
3, 15, 16, 5, 1678895896, 1729786910, 0, 2, 1453137366, 1
3, 15, 16, 5, 1678895896, 1729786910, 0, 1, 1014801615, 1
3, 16, 16, 5, 1729786911, 1753043203, 3, 14, 982571861, 1
3, 16, 16, 5, 1729786911, 1753043203, 3, 13, 980938710, 1
3, 16, 16, 5, 1729786911, 1753043203, 3, 12, 962261767, 1
3, 16, 16, 5, 1729786911, 1753043203, 3, 11, 943451741, 1
3, 16, 16, 5, 1729786911, 1753043203, 3, 10, 926822437, 1
3, 16, 16, 5, 1729786911, 1753043203, 3, 9, 913821696, 1
3, 16, 16, 5, 1729786911, 1753043203, 3, 8, 879576041, 1
3, 16, 16, 5, 1729786911, 1753043203, 3, 7, 839080385, 1
3, 16, 16, 5, 1729786911, 1753043203, 3, 6, 787602569, 1
3, 16, 16, 5, 1729786911, 1753043203, 3, 5, 719331970, 1
3, 16, 16, 5, 1729786911, 1753043203, 3, 4, 648446337, 1
3, 16, 16, 5, 1729786911, 1753043203, 3, 3, 516168229, 1
3, 16, 16, 5, 1729786911, 1753043203, 3, 2, 388104723, 1
3, 16, 16, 5, 1729786911, 1753043203, 3, 1, 468193808, 1
3, 16, 16, 5, 1729786911, 1753043203, 3, 0, 173533936, 0
3, 16, 16, 5, 1729786911, 1753043203, 2, 14, 1002909344, 1
3, 16, 16, 5, 1729786911, 1753043203, 2, 13, 991803778, 1
3, 16, 16, 5, 1729786911, 1753043203, 2, 12, 974011964, 1
3, 16, 16, 5, 1729786911, 1753043203, 2, 11, 954866024, 1
3, 16, 16, 5, 1729786911, 1753043203, 2, 10, 933507290, 1
3, 16, 16, 5, 1729786911, 1753043203, 2, 9, 924191891, 1
3, 16, 16, 5, 1729786911, 1753043203, 2, 8, 890497765, 1
3, 16, 16, 5, 1729786911, 1753043203, 2, 7, 851204814, 1
3, 16, 16, 5, 1729786911, 1753043203, 2, 6, 801317751, 1
3, 16, 16, 5, 1729786911, 1753043203, 2, 5, 732373800, 1
3, 16, 16, 5, 1729786911, 1753043203, 2, 4, 633576878, 1
3, 16, 16, 5, 1729786911, 1753043203, 2, 3, 494690695, 1
3, 16, 16, 5, 1729786911, 1753043203, 2, 2, 376219150, 0
3, 16, 16, 5, 1729786911, 1753043203, 2, 1, 403779081, 1
3, 16, 16, 5, 1729786911, 1753043203, 2, 0, 260300904, 0
3, 16, 16, 5, 1729786911, 1753043203, 1, 14, 1013900554, 1
3, 16, 16, 5, 1729786911, 1753043203, 1, 13, 1005130729, 1
3, 16, 16, 5, 1729786911, 1753043203, 1, 12, 985338482, 1
3, 16, 16, 5, 1729786911, 1753043203, 1, 11, 967297233, 1
3, 16, 16, 5, 1729786911, 1753043203, 1, 10, 945344864, 1
3, 16, 16, 5, 1729786911, 1753043203, 1, 9, 915659682, 1
3, 16, 16, 5, 1729786911, 1753043203, 1, 8, 878962650, 1
3, 16, 16, 5, 1729786911, 1753043203, 1, 7, 834856616, 1
3, 16, 16, 5, 1729786911, 1753043203, 1, 6, 781757839, 1
3, 16, 16, 5, 1729786911, 1753043203, 1, 5, 714210967, 1
3, 16, 16, 5, 1729786911, 1753043203, 1, 4, 608868214, 1
3, 16, 16, 5, 1729786911, 1753043203, 1, 3, 451856701, 1
3, 16, 16, 5, 1729786911, 1753043203, 1, 2, 302652933, 1
3, 16, 16, 5, 1729786911, 1753043203, 1, 1, 174448123, 1
3, 16, 16, 5, 1729786911, 1753043203, 1, 0, 1, 0
3, 16, 16, 5, 1729786911, 1753043203, 0, 14, 990735406, 1
3, 16, 16, 5, 1729786911, 1753043203, 0, 13, 983680927, 1
3, 16, 16, 5, 1729786911, 1753043203, 0, 12, 961182227, 1
3, 16, 16, 5, 1729786911, 1753043203, 0, 11, 942055722, 1
3, 16, 16, 5, 1729786911, 1753043203, 0, 10, 917298342, 1
3, 16, 16, 5, 1729786911, 1753043203, 0, 9, 886120664, 1
3, 16, 16, 5, 1729786911, 1753043203, 0, 8, 848478340, 1
3, 16, 16, 5, 1729786911, 1753043203, 0, 7, 792596834, 1
3, 16, 16, 5, 1729786911, 1753043203, 0, 6, 719704254, 1
3, 16, 16, 5, 1729786911, 1753043203, 0, 5, 628589811, 1
3, 16, 16, 5, 1729786911, 1753043203, 0, 4, 499183825, 1
3, 16, 16, 5, 1729786911, 1753043203, 0, 3, 270391027, 1
3, 16, 16, 5, 1729786911, 1753043203, 0, 2, 185352353, 1
3, 16, 16, 5, 1729786911, 1753043203, 0, 1, 369767203, 1
