2, 1, 1, 19, 1, 85050128, 18, 0, 249111389, 0
2, 1, 1, 19, 1, 85050128, 17, 0, 228099142, 0
2, 1, 1, 19, 1, 85050128, 16, 0, 204506390, 0
2, 1, 1, 19, 1, 85050128, 15, 0, 192015159, 0
2, 1, 1, 19, 1, 85050128, 14, 0, 167064101, 0
2, 1, 1, 19, 1, 85050128, 13, 0, 159878939, 0
2, 1, 1, 19, 1, 85050128, 12, 0, 149272929, 0
2, 1, 1, 19, 1, 85050128, 11, 0, 162843196, 0
2, 1, 1, 19, 1, 85050128, 10, 0, 150283437, 0
2, 1, 1, 19, 1, 85050128, 9, 0, 145060796, 0
2, 1, 1, 19, 1, 85050128, 8, 0, 126934792, 0
2, 1, 1, 19, 1, 85050128, 7, 0, 57419676, 0
2, 1, 1, 19, 1, 85050128, 6, 0, 59093745, 0
2, 1, 1, 19, 1, 85050128, 5, 0, 70912494, 0
2, 1, 1, 19, 1, 85050128, 4, 0, 88640617, 0
2, 1, 1, 19, 1, 85050128, 3, 0, 118187489, 0
2, 1, 1, 19, 1, 85050128, 2, 0, 177281233, 0
2, 1, 1, 19, 1, 85050128, 1, 0, 1, 0
2, 2, 1, 19, 85050129, 100773851, 18, 0, 43592040, 0
2, 2, 1, 19, 85050129, 100773851, 17, 0, 41904920, 0
2, 2, 1, 19, 85050129, 100773851, 16, 0, 41040423, 0
2, 2, 1, 19, 85050129, 100773851, 15, 0, 43776451, 0
2, 2, 1, 19, 85050129, 100773851, 14, 0, 46903340, 0
2, 2, 1, 19, 85050129, 100773851, 13, 0, 48191664, 0
2, 2, 1, 19, 85050129, 100773851, 12, 0, 52207636, 0
2, 2, 1, 19, 85050129, 100773851, 11, 0, 56953785, 0
2, 2, 1, 19, 85050129, 100773851, 10, 0, 49825743, 0
2, 2, 1, 19, 85050129, 100773851, 9, 0, 50671975, 0
2, 2, 1, 19, 85050129, 100773851, 8, 0, 57005972, 0
2, 2, 1, 19, 85050129, 100773851, 7, 0, 65149683, 0
2, 2, 1, 19, 85050129, 100773851, 6, 0, 57871787, 0
2, 2, 1, 19, 85050129, 100773851, 5, 0, 38377890, 0
2, 2, 1, 19, 85050129, 100773851, 4, 0, 47972363, 0
2, 2, 1, 19, 85050129, 100773851, 3, 0, 63963150, 0
2, 2, 1, 19, 85050129, 100773851, 2, 0, 1, 0
2, 2, 1, 19, 85050129, 100773851, 1, 0, 1, 0
2, 3, 1, 19, 100773852, 184337753, 18, 0, 1501030645, 0
2, 3, 1, 19, 100773852, 184337753, 17, 0, 1437877191, 0
2, 3, 1, 19, 100773852, 184337753, 16, 0, 1389551195, 0
2, 3, 1, 19, 100773852, 184337753, 15, 0, 1352604021, 0
2, 3, 1, 19, 100773852, 184337753, 14, 0, 1319133585, 0
2, 3, 1, 19, 100773852, 184337753, 13, 0, 1277275382, 0
2, 3, 1, 19, 100773852, 184337753, 12, 0, 1181417737, 0
2, 3, 1, 19, 100773852, 184337753, 11, 0, 1112404151, 0
2, 3, 1, 19, 100773852, 184337753, 10, 0, 975324432, 0
2, 3, 1, 19, 100773852, 184337753, 9, 0, 830078879, 0
2, 3, 1, 19, 100773852, 184337753, 8, 0, 688773933, 0
2, 3, 1, 19, 100773852, 184337753, 7, 0, 477529681, 0
2, 3, 1, 19, 100773852, 184337753, 6, 0, 210473053, 0
2, 3, 1, 19, 100773852, 184337753, 5, 0, 252567664, 0
2, 3, 1, 19, 100773852, 184337753, 4, 0, 315709580, 0
2, 3, 1, 19, 100773852, 184337753, 3, 0, 407296193, 0
2, 3, 1, 19, 100773852, 184337753, 2, 0, 590469420, 0
2, 3, 1, 19, 100773852, 184337753, 1, 0, 40949740, 0
2, 4, 1, 19, 184337754, 207084135, 18, 0, 36977405, 0
2, 4, 1, 19, 184337754, 207084135, 17, 0, 35489737, 0
2, 4, 1, 19, 184337754, 207084135, 16, 0, 37707845, 0
2, 4, 1, 19, 184337754, 207084135, 15, 0, 31498671, 0
2, 4, 1, 19, 184337754, 207084135, 14, 0, 25993246, 0
2, 4, 1, 19, 184337754, 207084135, 13, 0, 27992726, 0
2, 4, 1, 19, 184337754, 207084135, 12, 0, 30325453, 0
2, 4, 1, 19, 184337754, 207084135, 11, 0, 33082312, 0
2, 4, 1, 19, 184337754, 207084135, 10, 0, 36390544, 0
2, 4, 1, 19, 184337754, 207084135, 9, 0, 40433937, 0
2, 4, 1, 19, 184337754, 207084135, 8, 0, 33492910, 0
2, 4, 1, 19, 184337754, 207084135, 7, 0, 27102143, 0
2, 4, 1, 19, 184337754, 207084135, 6, 0, 31619167, 0
2, 4, 1, 19, 184337754, 207084135, 5, 0, 37943001, 0
2, 4, 1, 19, 184337754, 207084135, 4, 0, 35578568, 0
2, 4, 1, 19, 184337754, 207084135, 3, 0, 1, 0
2, 4, 1, 19, 184337754, 207084135, 2, 0, 1, 0
2, 4, 1, 19, 184337754, 207084135, 1, 0, 1, 0
2, 5, 1, 19, 207084136, 241413042, 18, 0, 21832147, 0
2, 5, 1, 19, 207084136, 241413042, 17, 0, 23116391, 0
2, 5, 1, 19, 207084136, 241413042, 16, 0, 24561165, 0
2, 5, 1, 19, 207084136, 241413042, 15, 0, 26198576, 0
2, 5, 1, 19, 207084136, 241413042, 14, 0, 28069903, 0
2, 5, 1, 19, 207084136, 241413042, 13, 0, 30229126, 0
2, 5, 1, 19, 207084136, 241413042, 12, 0, 32748220, 0
2, 5, 1, 19, 207084136, 241413042, 11, 0, 32617076, 0
2, 5, 1, 19, 207084136, 241413042, 10, 0, 35878783, 0
2, 5, 1, 19, 207084136, 241413042, 9, 0, 30901479, 0
2, 5, 1, 19, 207084136, 241413042, 8, 0, 26162627, 0
2, 5, 1, 19, 207084136, 241413042, 7, 0, 29900145, 0
2, 5, 1, 19, 207084136, 241413042, 6, 0, 34883503, 0
2, 5, 1, 19, 207084136, 241413042, 5, 0, 36392716, 0
2, 5, 1, 19, 207084136, 241413042, 4, 0, 24846106, 0
2, 5, 1, 19, 207084136, 241413042, 3, 0, 11707748, 0
2, 5, 1, 19, 207084136, 241413042, 2, 0, 1, 0
2, 5, 1, 19, 207084136, 241413042, 1, 0, 1, 0
2, 6, 1, 19, 241413043, 277426844, 18, 0, 346266, 0
2, 6, 1, 19, 241413043, 277426844, 17, 0, 366635, 0
2, 6, 1, 19, 241413043, 277426844, 16, 0, 389549, 0
2, 6, 1, 19, 241413043, 277426844, 15, 0, 415519, 0
2, 6, 1, 19, 241413043, 277426844, 14, 0, 445199, 0
2, 6, 1, 19, 241413043, 277426844, 13, 0, 479445, 0
2, 6, 1, 19, 241413043, 277426844, 12, 0, 519399, 0
2, 6, 1, 19, 241413043, 277426844, 11, 0, 566617, 0
2, 6, 1, 19, 241413043, 277426844, 10, 0, 623279, 0
2, 6, 1, 19, 241413043, 277426844, 9, 0, 692532, 0
2, 6, 1, 19, 241413043, 277426844, 8, 0, 779098, 0
2, 6, 1, 19, 241413043, 277426844, 7, 0, 890398, 0
2, 6, 1, 19, 241413043, 277426844, 6, 0, 1038798, 0
2, 6, 1, 19, 241413043, 277426844, 5, 0, 1246557, 0
2, 6, 1, 19, 241413043, 277426844, 4, 0, 1558196, 0
2, 6, 1, 19, 241413043, 277426844, 3, 0, 2077595, 0
2, 6, 1, 19, 241413043, 277426844, 2, 0, 1, 0
2, 6, 1, 19, 241413043, 277426844, 1, 0, 1, 0
2, 7, 1, 19, 277426845, 316648496, 18, 0, 104112607, 0
2, 7, 1, 19, 277426845, 316648496, 17, 0, 101355827, 0
2, 7, 1, 19, 277426845, 316648496, 16, 0, 107690566, 0
2, 7, 1, 19, 277426845, 316648496, 15, 0, 105495243, 0
2, 7, 1, 19, 277426845, 316648496, 14, 0, 102197139, 0
2, 7, 1, 19, 277426845, 316648496, 13, 0, 99057457, 0
2, 7, 1, 19, 277426845, 316648496, 12, 0, 97217116, 0
2, 7, 1, 19, 277426845, 316648496, 11, 0, 93727877, 0
2, 7, 1, 19, 277426845, 316648496, 10, 0, 88100953, 0
2, 7, 1, 19, 277426845, 316648496, 9, 0, 97889948, 0
2, 7, 1, 19, 277426845, 316648496, 8, 0, 92769899, 0
2, 7, 1, 19, 277426845, 316648496, 7, 0, 106022742, 0
2, 7, 1, 19, 277426845, 316648496, 6, 0, 123693198, 0
2, 7, 1, 19, 277426845, 316648496, 5, 0, 123312073, 0
2, 7, 1, 19, 277426845, 316648496, 4, 0, 109569666, 0
2, 7, 1, 19, 277426845, 316648496, 3, 0, 89145846, 0
2, 7, 1, 19, 277426845, 316648496, 2, 0, 78156221, 0
2, 7, 1, 19, 277426845, 316648496, 1, 0, 156312442, 0
2, 8, 1, 19, 316648497, 359964513, 18, 0, 18855650, 0
2, 8, 1, 19, 316648497, 359964513, 17, 0, 19347860, 0
2, 8, 1, 19, 316648497, 359964513, 16, 0, 20557101, 0
2, 8, 1, 19, 316648497, 359964513, 15, 0, 20242315, 0
2, 8, 1, 19, 316648497, 359964513, 14, 0, 19089705, 0
2, 8, 1, 19, 316648497, 359964513, 13, 0, 20558144, 0
2, 8, 1, 19, 316648497, 359964513, 12, 0, 20927502, 0
2, 8, 1, 19, 316648497, 359964513, 11, 0, 22830003, 0
2, 8, 1, 19, 316648497, 359964513, 10, 0, 23092368, 0
2, 8, 1, 19, 316648497, 359964513, 9, 0, 25658187, 0
2, 8, 1, 19, 316648497, 359964513, 8, 0, 22681023, 0
2, 8, 1, 19, 316648497, 359964513, 7, 0, 25921169, 0
2, 8, 1, 19, 316648497, 359964513, 6, 0, 30241364, 0
2, 8, 1, 19, 316648497, 359964513, 5, 0, 29729393, 0
2, 8, 1, 19, 316648497, 359964513, 4, 0, 27988132, 0
2, 8, 1, 19, 316648497, 359964513, 3, 0, 24321452, 0
2, 8, 1, 19, 316648497, 359964513, 2, 0, 11543791, 0
2, 8, 1, 19, 316648497, 359964513, 1, 0, 23087582, 0
2, 9, 1, 19, 359964514, 387215926, 18, 0, 60637498, 0
2, 9, 1, 19, 359964514, 387215926, 17, 0, 56714836, 0
2, 9, 1, 19, 359964514, 387215926, 16, 0, 60259513, 0
2, 9, 1, 19, 359964514, 387215926, 15, 0, 64276814, 0
2, 9, 1, 19, 359964514, 387215926, 14, 0, 68868015, 0
2, 9, 1, 19, 359964514, 387215926, 13, 0, 59601125, 0
2, 9, 1, 19, 359964514, 387215926, 12, 0, 59452042, 0
2, 9, 1, 19, 359964514, 387215926, 11, 0, 54309818, 0
2, 9, 1, 19, 359964514, 387215926, 10, 0, 59740800, 0
2, 9, 1, 19, 359964514, 387215926, 9, 0, 66378667, 0
2, 9, 1, 19, 359964514, 387215926, 8, 0, 74676000, 0
2, 9, 1, 19, 359964514, 387215926, 7, 0, 85344000, 0
2, 9, 1, 19, 359964514, 387215926, 6, 0, 99568000, 0
2, 9, 1, 19, 359964514, 387215926, 5, 0, 80775841, 0
2, 9, 1, 19, 359964514, 387215926, 4, 0, 100969801, 0
2, 9, 1, 19, 359964514, 387215926, 3, 0, 68410306, 0
2, 9, 1, 19, 359964514, 387215926, 2, 0, 1, 0
2, 9, 1, 19, 359964514, 387215926, 1, 0, 1, 0
2, 10, 1, 19, 387215927, 402079046, 18, 0, 2685814, 0
2, 10, 1, 19, 387215927, 402079046, 17, 0, 2843803, 0
2, 10, 1, 19, 387215927, 402079046, 16, 0, 3021540, 0
2, 10, 1, 19, 387215927, 402079046, 15, 0, 1439405, 0
2, 10, 1, 19, 387215927, 402079046, 14, 0, 1542220, 0
2, 10, 1, 19, 387215927, 402079046, 13, 0, 1660852, 0
2, 10, 1, 19, 387215927, 402079046, 12, 0, 1, 0
2, 10, 1, 19, 387215927, 402079046, 11, 0, 1, 0
2, 10, 1, 19, 387215927, 402079046, 10, 0, 1, 0
2, 10, 1, 19, 387215927, 402079046, 9, 0, 1, 0
2, 10, 1, 19, 387215927, 402079046, 8, 0, 1, 0
2, 10, 1, 19, 387215927, 402079046, 7, 0, 1, 0
2, 10, 1, 19, 387215927, 402079046, 6, 0, 1, 0
2, 10, 1, 19, 387215927, 402079046, 5, 0, 1, 0
2, 10, 1, 19, 387215927, 402079046, 4, 0, 1, 0
2, 10, 1, 19, 387215927, 402079046, 3, 0, 1, 0
2, 10, 1, 19, 387215927, 402079046, 2, 0, 1, 0
2, 10, 1, 19, 387215927, 402079046, 1, 0, 1, 0
2, 11, 1, 19, 402079047, 413315843, 18, 0, 1, 0
2, 11, 1, 19, 402079047, 413315843, 17, 0, 1, 0
2, 11, 1, 19, 402079047, 413315843, 16, 0, 1, 0
2, 11, 1, 19, 402079047, 413315843, 15, 0, 1, 0
2, 11, 1, 19, 402079047, 413315843, 14, 0, 1, 0
2, 11, 1, 19, 402079047, 413315843, 13, 0, 1, 0
2, 11, 1, 19, 402079047, 413315843, 12, 0, 1, 0
2, 11, 1, 19, 402079047, 413315843, 11, 0, 1, 0
2, 11, 1, 19, 402079047, 413315843, 10, 0, 1, 0
2, 11, 1, 19, 402079047, 413315843, 9, 0, 1, 0
2, 11, 1, 19, 402079047, 413315843, 8, 0, 1, 0
2, 11, 1, 19, 402079047, 413315843, 7, 0, 1, 0
2, 11, 1, 19, 402079047, 413315843, 6, 0, 1, 0
2, 11, 1, 19, 402079047, 413315843, 5, 0, 1, 0
2, 11, 1, 19, 402079047, 413315843, 4, 0, 1, 0
2, 11, 1, 19, 402079047, 413315843, 3, 0, 1, 0
2, 11, 1, 19, 402079047, 413315843, 2, 0, 1, 0
2, 11, 1, 19, 402079047, 413315843, 1, 0, 1, 0
2, 12, 1, 19, 413315844, 445688706, 18, 0, 1, 0
2, 12, 1, 19, 413315844, 445688706, 17, 0, 1, 0
2, 12, 1, 19, 413315844, 445688706, 16, 0, 1, 0
2, 12, 1, 19, 413315844, 445688706, 15, 0, 1, 0
2, 12, 1, 19, 413315844, 445688706, 14, 0, 1, 0
2, 12, 1, 19, 413315844, 445688706, 13, 0, 1, 0
2, 12, 1, 19, 413315844, 445688706, 12, 0, 1, 0
2, 12, 1, 19, 413315844, 445688706, 11, 0, 1, 0
2, 12, 1, 19, 413315844, 445688706, 10, 0, 1, 0
2, 12, 1, 19, 413315844, 445688706, 9, 0, 1, 0
2, 12, 1, 19, 413315844, 445688706, 8, 0, 1, 0
2, 12, 1, 19, 413315844, 445688706, 7, 0, 1, 0
2, 12, 1, 19, 413315844, 445688706, 6, 0, 1, 0
2, 12, 1, 19, 413315844, 445688706, 5, 0, 1, 0
2, 12, 1, 19, 413315844, 445688706, 4, 0, 1, 0
2, 12, 1, 19, 413315844, 445688706, 3, 0, 1, 0
2, 12, 1, 19, 413315844, 445688706, 2, 0, 1, 0
2, 12, 1, 19, 413315844, 445688706, 1, 0, 1, 0
2, 13, 1, 19, 445688707, 448533231, 18, 0, 185071384, 0
2, 13, 1, 19, 445688707, 448533231, 17, 0, 183788891, 0
2, 13, 1, 19, 445688707, 448533231, 16, 0, 182195938, 0
2, 13, 1, 19, 445688707, 448533231, 15, 0, 176552730, 0
2, 13, 1, 19, 445688707, 448533231, 14, 0, 171663946, 0
2, 13, 1, 19, 445688707, 448533231, 13, 0, 172270478, 0
2, 13, 1, 19, 445688707, 448533231, 12, 0, 168350035, 0
2, 13, 1, 19, 445688707, 448533231, 11, 0, 161490749, 0
2, 13, 1, 19, 445688707, 448533231, 10, 0, 161908787, 0
2, 13, 1, 19, 445688707, 448533231, 9, 0, 153431517, 0
2, 13, 1, 19, 445688707, 448533231, 8, 0, 152710392, 0
2, 13, 1, 19, 445688707, 448533231, 7, 0, 141205031, 0
2, 13, 1, 19, 445688707, 448533231, 6, 0, 137746879, 0
2, 13, 1, 19, 445688707, 448533231, 5, 0, 129668542, 0
2, 13, 1, 19, 445688707, 448533231, 4, 0, 118675875, 0
2, 13, 1, 19, 445688707, 448533231, 3, 0, 114847255, 0
2, 13, 1, 19, 445688707, 448533231, 2, 0, 133982387, 0
2, 13, 1, 19, 445688707, 448533231, 1, 0, 19847294, 0
2, 14, 1, 19, 448533232, 461737108, 18, 0, 155518035, 0
2, 14, 1, 19, 448533232, 461737108, 17, 0, 148794751, 0
2, 14, 1, 19, 448533232, 461737108, 16, 0, 140703527, 0
2, 14, 1, 19, 448533232, 461737108, 15, 0, 131579897, 0
2, 14, 1, 19, 448533232, 461737108, 14, 0, 120978418, 0
2, 14, 1, 19, 448533232, 461737108, 13, 0, 110701304, 0
2, 14, 1, 19, 448533232, 461737108, 12, 0, 99491725, 0
2, 14, 1, 19, 448533232, 461737108, 11, 0, 85013012, 0
2, 14, 1, 19, 448533232, 461737108, 10, 0, 89936021, 0
2, 14, 1, 19, 448533232, 461737108, 9, 0, 95953032, 0
2, 14, 1, 19, 448533232, 461737108, 8, 0, 103474296, 0
2, 14, 1, 19, 448533232, 461737108, 7, 0, 93521384, 0
2, 14, 1, 19, 448533232, 461737108, 6, 0, 83088349, 0
2, 14, 1, 19, 448533232, 461737108, 5, 0, 75738671, 0
2, 14, 1, 19, 448533232, 461737108, 4, 0, 68399220, 0
2, 14, 1, 19, 448533232, 461737108, 3, 0, 58722778, 0
2, 14, 1, 19, 448533232, 461737108, 2, 0, 87742919, 0
2, 14, 1, 19, 448533232, 461737108, 1, 0, 35504377, 0
2, 15, 1, 19, 461737109, 481923014, 18, 0, 85989367, 0
2, 15, 1, 19, 461737109, 481923014, 17, 0, 85786831, 0
2, 15, 1, 19, 461737109, 481923014, 16, 0, 77198479, 0
2, 15, 1, 19, 461737109, 481923014, 15, 0, 74385999, 0
2, 15, 1, 19, 461737109, 481923014, 14, 0, 62797699, 0
2, 15, 1, 19, 461737109, 481923014, 13, 0, 52614416, 0
2, 15, 1, 19, 461737109, 481923014, 12, 0, 41390427, 0
2, 15, 1, 19, 461737109, 481923014, 11, 0, 27672540, 0
2, 15, 1, 19, 461737109, 481923014, 10, 0, 30439794, 0
2, 15, 1, 19, 461737109, 481923014, 9, 0, 33821993, 0
2, 15, 1, 19, 461737109, 481923014, 8, 0, 38049742, 0
2, 15, 1, 19, 461737109, 481923014, 7, 0, 34775740, 0
2, 15, 1, 19, 461737109, 481923014, 6, 0, 30847451, 0
2, 15, 1, 19, 461737109, 481923014, 5, 0, 28000440, 0
2, 15, 1, 19, 461737109, 481923014, 4, 0, 20043415, 0
2, 15, 1, 19, 461737109, 481923014, 3, 0, 9023320, 0
2, 15, 1, 19, 461737109, 481923014, 2, 0, 13534980, 0
2, 15, 1, 19, 461737109, 481923014, 1, 0, 27069959, 0
2, 16, 1, 19, 481923015, 489504079, 18, 0, 60160884, 0
2, 16, 1, 19, 481923015, 489504079, 17, 0, 62118372, 0
2, 16, 1, 19, 481923015, 489504079, 16, 0, 54443970, 0
2, 16, 1, 19, 481923015, 489504079, 15, 0, 45674584, 0
2, 16, 1, 19, 481923015, 489504079, 14, 0, 36503246, 0
2, 16, 1, 19, 481923015, 489504079, 13, 0, 27160219, 0
2, 16, 1, 19, 481923015, 489504079, 12, 0, 19027455, 0
2, 16, 1, 19, 481923015, 489504079, 11, 0, 8962833, 0
2, 16, 1, 19, 481923015, 489504079, 10, 0, 9859116, 0
2, 16, 1, 19, 481923015, 489504079, 9, 0, 10954573, 0
2, 16, 1, 19, 481923015, 489504079, 8, 0, 12323895, 0
2, 16, 1, 19, 481923015, 489504079, 7, 0, 13544168, 0
2, 16, 1, 19, 481923015, 489504079, 6, 0, 13218040, 0
2, 16, 1, 19, 481923015, 489504079, 5, 0, 12842325, 0
2, 16, 1, 19, 481923015, 489504079, 4, 0, 11638399, 0
2, 16, 1, 19, 481923015, 489504079, 3, 0, 5824467, 0
2, 16, 1, 19, 481923015, 489504079, 2, 0, 1887871, 0
2, 16, 1, 19, 481923015, 489504079, 1, 0, 3775742, 0
2, 17, 1, 19, 489504080, 503511681, 18, 0, 140198966, 0
2, 17, 1, 19, 489504080, 503511681, 17, 0, 133620518, 0
2, 17, 1, 19, 489504080, 503511681, 16, 0, 121800984, 0
2, 17, 1, 19, 489504080, 503511681, 15, 0, 109298887, 0
2, 17, 1, 19, 489504080, 503511681, 14, 0, 99335850, 0
2, 17, 1, 19, 489504080, 503511681, 13, 0, 84593479, 0
2, 17, 1, 19, 489504080, 503511681, 12, 0, 73293714, 0
2, 17, 1, 19, 489504080, 503511681, 11, 0, 60035329, 0
2, 17, 1, 19, 489504080, 503511681, 10, 0, 59650678, 0
2, 17, 1, 19, 489504080, 503511681, 9, 0, 50963201, 0
2, 17, 1, 19, 489504080, 503511681, 8, 0, 44887413, 0
2, 17, 1, 19, 489504080, 503511681, 7, 0, 45085914, 0
2, 17, 1, 19, 489504080, 503511681, 6, 0, 43963079, 0
2, 17, 1, 19, 489504080, 503511681, 5, 0, 42857817, 0
2, 17, 1, 19, 489504080, 503511681, 4, 0, 43333527, 0
2, 17, 1, 19, 489504080, 503511681, 3, 0, 36962218, 0
2, 17, 1, 19, 489504080, 503511681, 2, 0, 29027454, 0
2, 17, 1, 19, 489504080, 503511681, 1, 0, 50171146, 0
2, 18, 1, 19, 503511682, 527806704, 18, 0, 532706018, 0
2, 18, 1, 19, 503511682, 527806704, 17, 0, 512442575, 0
2, 18, 1, 19, 503511682, 527806704, 16, 0, 544470235, 0
2, 18, 1, 19, 503511682, 527806704, 15, 0, 527968600, 0
2, 18, 1, 19, 503511682, 527806704, 14, 0, 502157651, 0
2, 18, 1, 19, 503511682, 527806704, 13, 0, 469858938, 0
2, 18, 1, 19, 503511682, 527806704, 12, 0, 446374039, 0
2, 18, 1, 19, 503511682, 527806704, 11, 0, 417544980, 0
2, 18, 1, 19, 503511682, 527806704, 10, 0, 402936781, 0
2, 18, 1, 19, 503511682, 527806704, 9, 0, 389820406, 0
2, 18, 1, 19, 503511682, 527806704, 8, 0, 391430761, 0
2, 18, 1, 19, 503511682, 527806704, 7, 0, 447349441, 0
2, 18, 1, 19, 503511682, 527806704, 6, 0, 495670853, 0
2, 18, 1, 19, 503511682, 527806704, 5, 0, 494267580, 0
2, 18, 1, 19, 503511682, 527806704, 4, 0, 515681038, 0
2, 18, 1, 19, 503511682, 527806704, 3, 0, 517063872, 0
2, 18, 1, 19, 503511682, 527806704, 2, 0, 557759891, 0
2, 18, 1, 19, 503511682, 527806704, 1, 0, 495011433, 0
2, 19, 1, 19, 527806705, 562827911, 18, 0, 559234045, 0
2, 19, 1, 19, 527806705, 562827911, 17, 0, 592130165, 0
2, 19, 1, 19, 527806705, 562827911, 16, 0, 629138301, 0
2, 19, 1, 19, 527806705, 562827911, 15, 0, 671080854, 0
2, 19, 1, 19, 527806705, 562827911, 14, 0, 719015201, 0
2, 19, 1, 19, 527806705, 562827911, 13, 0, 774324062, 0
2, 19, 1, 19, 527806705, 562827911, 12, 0, 742852968, 0
2, 19, 1, 19, 527806705, 562827911, 11, 0, 704221276, 0
2, 19, 1, 19, 527806705, 562827911, 10, 0, 667171432, 0
2, 19, 1, 19, 527806705, 562827911, 9, 0, 646532742, 0
2, 19, 1, 19, 527806705, 562827911, 8, 0, 636852313, 0
2, 19, 1, 19, 527806705, 562827911, 7, 0, 675835406, 0
2, 19, 1, 19, 527806705, 562827911, 6, 0, 731024055, 0
2, 19, 1, 19, 527806705, 562827911, 5, 0, 574533296, 0
2, 19, 1, 19, 527806705, 562827911, 4, 0, 677895271, 0
2, 19, 1, 19, 527806705, 562827911, 3, 0, 622872692, 0
2, 19, 1, 19, 527806705, 562827911, 2, 0, 765860856, 0
2, 19, 1, 19, 527806705, 562827911, 1, 0, 814450551, 0
2, 20, 1, 19, 562827912, 687865116, 18, 0, 147054938, 0
2, 20, 1, 19, 562827912, 687865116, 17, 0, 138231965, 0
2, 20, 1, 19, 562827912, 687865116, 16, 0, 144902930, 0
2, 20, 1, 19, 562827912, 687865116, 15, 0, 135081584, 0
2, 20, 1, 19, 562827912, 687865116, 14, 0, 128865686, 0
2, 20, 1, 19, 562827912, 687865116, 13, 0, 119719289, 0
2, 20, 1, 19, 562827912, 687865116, 12, 0, 119260569, 0
2, 20, 1, 19, 562827912, 687865116, 11, 0, 115061930, 0
2, 20, 1, 19, 562827912, 687865116, 10, 0, 126568123, 0
2, 20, 1, 19, 562827912, 687865116, 9, 0, 130469075, 0
2, 20, 1, 19, 562827912, 687865116, 8, 0, 135345265, 0
2, 20, 1, 19, 562827912, 687865116, 7, 0, 122644255, 0
2, 20, 1, 19, 562827912, 687865116, 6, 0, 107518686, 0
2, 20, 1, 19, 562827912, 687865116, 5, 0, 118654364, 0
2, 20, 1, 19, 562827912, 687865116, 4, 0, 102821051, 0
2, 20, 1, 19, 562827912, 687865116, 3, 0, 78484686, 0
2, 20, 1, 19, 562827912, 687865116, 2, 0, 43982324, 0
2, 20, 1, 19, 562827912, 687865116, 1, 0, 87964648, 0
2, 21, 1, 19, 687865117, 757714173, 18, 0, 227665772, 0
2, 21, 1, 19, 687865117, 757714173, 17, 0, 214552807, 0
2, 21, 1, 19, 687865117, 757714173, 16, 0, 216397532, 0
2, 21, 1, 19, 687865117, 757714173, 15, 0, 201106446, 0
2, 21, 1, 19, 687865117, 757714173, 14, 0, 188639417, 0
2, 21, 1, 19, 687865117, 757714173, 13, 0, 172280177, 0
2, 21, 1, 19, 687865117, 757714173, 12, 0, 163406472, 0
2, 21, 1, 19, 687865117, 757714173, 11, 0, 165770215, 0
2, 21, 1, 19, 687865117, 757714173, 10, 0, 182347237, 0
2, 21, 1, 19, 687865117, 757714173, 9, 0, 163254766, 0
2, 21, 1, 19, 687865117, 757714173, 8, 0, 145263101, 0
2, 21, 1, 19, 687865117, 757714173, 7, 0, 116291841, 0
2, 21, 1, 19, 687865117, 757714173, 6, 0, 92511013, 0
2, 21, 1, 19, 687865117, 757714173, 5, 0, 52747847, 0
2, 21, 1, 19, 687865117, 757714173, 4, 0, 65934809, 0
2, 21, 1, 19, 687865117, 757714173, 3, 0, 1, 0
2, 21, 1, 19, 687865117, 757714173, 2, 0, 1, 0
2, 21, 1, 19, 687865117, 757714173, 1, 0, 1, 0
2, 22, 1, 19, 757714174, 1069781641, 18, 0, 51123891, 0
2, 22, 1, 19, 757714174, 1069781641, 17, 0, 42546810, 0
2, 22, 1, 19, 757714174, 1069781641, 16, 0, 32161025, 0
2, 22, 1, 19, 757714174, 1069781641, 15, 0, 34305093, 0
2, 22, 1, 19, 757714174, 1069781641, 14, 0, 26771445, 0
2, 22, 1, 19, 757714174, 1069781641, 13, 0, 18167997, 0
2, 22, 1, 19, 757714174, 1069781641, 12, 0, 17061601, 0
2, 22, 1, 19, 757714174, 1069781641, 11, 0, 18612656, 0
2, 22, 1, 19, 757714174, 1069781641, 10, 0, 20473921, 0
2, 22, 1, 19, 757714174, 1069781641, 9, 0, 13929306, 0
2, 22, 1, 19, 757714174, 1069781641, 8, 0, 15670469, 0
2, 22, 1, 19, 757714174, 1069781641, 7, 0, 17909108, 0
2, 22, 1, 19, 757714174, 1069781641, 6, 0, 20893959, 0
2, 22, 1, 19, 757714174, 1069781641, 5, 0, 6304111, 0
2, 22, 1, 19, 757714174, 1069781641, 4, 0, 7880138, 0
2, 22, 1, 19, 757714174, 1069781641, 3, 0, 1, 0
2, 22, 1, 19, 757714174, 1069781641, 2, 0, 1, 0
2, 22, 1, 19, 757714174, 1069781641, 1, 0, 1, 0
2, 23, 1, 19, 1069781642, 1143956939, 18, 0, 21029584, 0
2, 23, 1, 19, 1069781642, 1143956939, 17, 0, 14588988, 0
2, 23, 1, 19, 1069781642, 1143956939, 16, 0, 9564122, 0
2, 23, 1, 19, 1069781642, 1143956939, 15, 0, 10201730, 0
2, 23, 1, 19, 1069781642, 1143956939, 14, 0, 6053959, 0
2, 23, 1, 19, 1069781642, 1143956939, 13, 0, 6519648, 0
2, 23, 1, 19, 1069781642, 1143956939, 12, 0, 7062952, 0
2, 23, 1, 19, 1069781642, 1143956939, 11, 0, 7705039, 0
2, 23, 1, 19, 1069781642, 1143956939, 10, 0, 8475542, 0
2, 23, 1, 19, 1069781642, 1143956939, 9, 0, 4942779, 0
2, 23, 1, 19, 1069781642, 1143956939, 8, 0, 5560626, 0
2, 23, 1, 19, 1069781642, 1143956939, 7, 0, 6355001, 0
2, 23, 1, 19, 1069781642, 1143956939, 6, 0, 7414168, 0
2, 23, 1, 19, 1069781642, 1143956939, 5, 0, 8897002, 0
2, 23, 1, 19, 1069781642, 1143956939, 4, 0, 7356162, 0
2, 23, 1, 19, 1069781642, 1143956939, 3, 0, 1, 0
2, 23, 1, 19, 1069781642, 1143956939, 2, 0, 1, 0
2, 23, 1, 19, 1069781642, 1143956939, 1, 0, 1, 0
2, 24, 1, 19, 1143956940, 1243803189, 18, 0, 10277272, 0
2, 24, 1, 19, 1143956940, 1243803189, 17, 0, 5196956, 0
2, 24, 1, 19, 1143956940, 1243803189, 16, 0, 5521766, 0
2, 24, 1, 19, 1143956940, 1243803189, 15, 0, 5889884, 0
2, 24, 1, 19, 1143956940, 1243803189, 14, 0, 3853914, 0
2, 24, 1, 19, 1143956940, 1243803189, 13, 0, 4150369, 0
2, 24, 1, 19, 1143956940, 1243803189, 12, 0, 4496233, 0
2, 24, 1, 19, 1143956940, 1243803189, 11, 0, 4904982, 0
2, 24, 1, 19, 1143956940, 1243803189, 10, 0, 5395480, 0
2, 24, 1, 19, 1143956940, 1243803189, 9, 0, 5284606, 0
2, 24, 1, 19, 1143956940, 1243803189, 8, 0, 5945182, 0
2, 24, 1, 19, 1143956940, 1243803189, 7, 0, 6794494, 0
2, 24, 1, 19, 1143956940, 1243803189, 6, 0, 7926909, 0
2, 24, 1, 19, 1143956940, 1243803189, 5, 0, 3720026, 0
2, 24, 1, 19, 1143956940, 1243803189, 4, 0, 4650033, 0
2, 24, 1, 19, 1143956940, 1243803189, 3, 0, 6200043, 0
2, 24, 1, 19, 1143956940, 1243803189, 2, 0, 9300065, 0
2, 24, 1, 19, 1143956940, 1243803189, 1, 0, 18600129, 0
2, 25, 1, 19, 1243803190, 1267661741, 18, 0, 106426416, 0
2, 25, 1, 19, 1243803190, 1267661741, 17, 0, 112686794, 0
2, 25, 1, 19, 1243803190, 1267661741, 16, 0, 119729718, 0
2, 25, 1, 19, 1243803190, 1267661741, 15, 0, 127711699, 0
2, 25, 1, 19, 1243803190, 1267661741, 14, 0, 136833964, 0
2, 25, 1, 19, 1243803190, 1267661741, 13, 0, 147359653, 0
2, 25, 1, 19, 1243803190, 1267661741, 12, 0, 151907560, 0
2, 25, 1, 19, 1243803190, 1267661741, 11, 0, 140367990, 0
2, 25, 1, 19, 1243803190, 1267661741, 10, 0, 103803868, 0
2, 25, 1, 19, 1243803190, 1267661741, 9, 0, 52046978, 0
2, 25, 1, 19, 1243803190, 1267661741, 8, 0, 2134768, 0
2, 25, 1, 19, 1243803190, 1267661741, 7, 0, 1, 0
2, 25, 1, 19, 1243803190, 1267661741, 6, 0, 1, 0
2, 25, 1, 19, 1243803190, 1267661741, 5, 0, 1, 0
2, 25, 1, 19, 1243803190, 1267661741, 4, 0, 1, 0
2, 25, 1, 19, 1243803190, 1267661741, 3, 0, 1, 0
2, 25, 1, 19, 1243803190, 1267661741, 2, 0, 1, 0
2, 25, 1, 19, 1243803190, 1267661741, 1, 0, 1, 0
2, 26, 1, 19, 1267661742, 1276127065, 18, 0, 195236157, 0
2, 26, 1, 19, 1267661742, 1276127065, 17, 0, 166838482, 0
2, 26, 1, 19, 1267661742, 1276127065, 16, 0, 148583536, 0
2, 26, 1, 19, 1267661742, 1276127065, 15, 0, 158489105, 0
2, 26, 1, 19, 1267661742, 1276127065, 14, 0, 134269456, 0
2, 26, 1, 19, 1267661742, 1276127065, 13, 0, 144597876, 0
2, 26, 1, 19, 1267661742, 1276127065, 12, 0, 115184016, 0
2, 26, 1, 19, 1267661742, 1276127065, 11, 0, 82002707, 0
2, 26, 1, 19, 1267661742, 1276127065, 10, 0, 1, 0
2, 26, 1, 19, 1267661742, 1276127065, 9, 0, 1, 0
2, 26, 1, 19, 1267661742, 1276127065, 8, 0, 1, 0
2, 26, 1, 19, 1267661742, 1276127065, 7, 0, 1, 0
2, 26, 1, 19, 1267661742, 1276127065, 6, 0, 1, 0
2, 26, 1, 19, 1267661742, 1276127065, 5, 0, 1, 0
2, 26, 1, 19, 1267661742, 1276127065, 4, 0, 1, 0
2, 26, 1, 19, 1267661742, 1276127065, 3, 0, 1, 0
2, 26, 1, 19, 1267661742, 1276127065, 2, 0, 1, 0
2, 26, 1, 19, 1267661742, 1276127065, 1, 0, 1, 0
2, 27, 1, 19, 1276127066, 1287862800, 18, 0, 36251571, 0
2, 27, 1, 19, 1276127066, 1287862800, 17, 0, 35831175, 0
2, 27, 1, 19, 1276127066, 1287862800, 16, 0, 15275682, 0
2, 27, 1, 19, 1276127066, 1287862800, 15, 0, 16294061, 0
2, 27, 1, 19, 1276127066, 1287862800, 14, 0, 15297416, 0
2, 27, 1, 19, 1276127066, 1287862800, 13, 0, 15013665, 0
2, 27, 1, 19, 1276127066, 1287862800, 12, 0, 14452923, 0
2, 27, 1, 19, 1276127066, 1287862800, 11, 0, 15292823, 0
2, 27, 1, 19, 1276127066, 1287862800, 10, 0, 12896497, 0
2, 27, 1, 19, 1276127066, 1287862800, 9, 0, 6064256, 0
2, 27, 1, 19, 1276127066, 1287862800, 8, 0, 5854584, 0
2, 27, 1, 19, 1276127066, 1287862800, 7, 0, 4363887, 0
2, 27, 1, 19, 1276127066, 1287862800, 6, 0, 4986977, 0
2, 27, 1, 19, 1276127066, 1287862800, 5, 0, 3949423, 0
2, 27, 1, 19, 1276127066, 1287862800, 4, 0, 2479740, 0
2, 27, 1, 19, 1276127066, 1287862800, 3, 0, 1, 0
2, 27, 1, 19, 1276127066, 1287862800, 2, 0, 1, 0
2, 27, 1, 19, 1276127066, 1287862800, 1, 0, 1, 0
2, 28, 1, 19, 1287862801, 1313791651, 18, 0, 16574529, 0
2, 28, 1, 19, 1287862801, 1313791651, 17, 0, 14185599, 0
2, 28, 1, 19, 1287862801, 1313791651, 16, 0, 15072199, 0
2, 28, 1, 19, 1287862801, 1313791651, 15, 0, 13708057, 0
2, 28, 1, 19, 1287862801, 1313791651, 14, 0, 12803822, 0
2, 28, 1, 19, 1287862801, 1313791651, 13, 0, 12065227, 0
2, 28, 1, 19, 1287862801, 1313791651, 12, 0, 13067141, 0
2, 28, 1, 19, 1287862801, 1313791651, 11, 0, 14255063, 0
2, 28, 1, 19, 1287862801, 1313791651, 10, 0, 13645486, 0
2, 28, 1, 19, 1287862801, 1313791651, 9, 0, 12898429, 0
2, 28, 1, 19, 1287862801, 1313791651, 8, 0, 12015149, 0
2, 28, 1, 19, 1287862801, 1313791651, 7, 0, 10859361, 0
2, 28, 1, 19, 1287862801, 1313791651, 6, 0, 8662486, 0
2, 28, 1, 19, 1287862801, 1313791651, 5, 0, 6479738, 0
2, 28, 1, 19, 1287862801, 1313791651, 4, 0, 4359891, 0
2, 28, 1, 19, 1287862801, 1313791651, 3, 0, 2470183, 0
2, 28, 1, 19, 1287862801, 1313791651, 2, 0, 1, 0
2, 28, 1, 19, 1287862801, 1313791651, 1, 0, 1, 0
2, 29, 1, 19, 1313791652, 1340434064, 18, 0, 528835911, 0
2, 29, 1, 19, 1313791652, 1340434064, 17, 0, 548344271, 0
2, 29, 1, 19, 1313791652, 1340434064, 16, 0, 578544987, 0
2, 29, 1, 19, 1313791652, 1340434064, 15, 0, 520720437, 0
2, 29, 1, 19, 1313791652, 1340434064, 14, 0, 473028200, 0
2, 29, 1, 19, 1313791652, 1340434064, 13, 0, 405785529, 0
2, 29, 1, 19, 1313791652, 1340434064, 12, 0, 439239916, 0
2, 29, 1, 19, 1313791652, 1340434064, 11, 0, 479158404, 0
2, 29, 1, 19, 1313791652, 1340434064, 10, 0, 526872777, 0
2, 29, 1, 19, 1313791652, 1340434064, 9, 0, 585119459, 0
2, 29, 1, 19, 1313791652, 1340434064, 8, 0, 547897569, 0
2, 29, 1, 19, 1313791652, 1340434064, 7, 0, 519489735, 0
2, 29, 1, 19, 1313791652, 1340434064, 6, 0, 467788369, 0
2, 29, 1, 19, 1313791652, 1340434064, 5, 0, 448052041, 0
2, 29, 1, 19, 1313791652, 1340434064, 4, 0, 438209313, 0
2, 29, 1, 19, 1313791652, 1340434064, 3, 0, 453308582, 0
2, 29, 1, 19, 1313791652, 1340434064, 2, 0, 379444715, 0
2, 29, 1, 19, 1313791652, 1340434064, 1, 0, 356025039, 0
2, 30, 1, 19, 1340434065, 1374403929, 18, 0, 501458971, 0
2, 30, 1, 19, 1340434065, 1374403929, 17, 0, 502053308, 0
2, 30, 1, 19, 1340434065, 1374403929, 16, 0, 527214005, 0
2, 30, 1, 19, 1340434065, 1374403929, 15, 0, 562361606, 0
2, 30, 1, 19, 1340434065, 1374403929, 14, 0, 544598142, 0
2, 30, 1, 19, 1340434065, 1374403929, 13, 0, 586490307, 0
2, 30, 1, 19, 1340434065, 1374403929, 12, 0, 635364499, 0
2, 30, 1, 19, 1340434065, 1374403929, 11, 0, 693124908, 0
2, 30, 1, 19, 1340434065, 1374403929, 10, 0, 762437398, 0
2, 30, 1, 19, 1340434065, 1374403929, 9, 0, 695046258, 0
2, 30, 1, 19, 1340434065, 1374403929, 8, 0, 610807334, 0
2, 30, 1, 19, 1340434065, 1374403929, 7, 0, 624135164, 0
2, 30, 1, 19, 1340434065, 1374403929, 6, 0, 489867058, 0
2, 30, 1, 19, 1340434065, 1374403929, 5, 0, 497573692, 0
2, 30, 1, 19, 1340434065, 1374403929, 4, 0, 531632756, 0
2, 30, 1, 19, 1340434065, 1374403929, 3, 0, 561965204, 0
2, 30, 1, 19, 1340434065, 1374403929, 2, 0, 609013943, 0
2, 30, 1, 19, 1340434065, 1374403929, 1, 0, 567922973, 0
2, 31, 1, 19, 1374403930, 1406181290, 18, 0, 56762616, 0
2, 31, 1, 19, 1374403930, 1406181290, 17, 0, 28282308, 0
2, 31, 1, 19, 1374403930, 1406181290, 16, 0, 30049952, 0
2, 31, 1, 19, 1374403930, 1406181290, 15, 0, 32053282, 0
2, 31, 1, 19, 1374403930, 1406181290, 14, 0, 34342802, 0
2, 31, 1, 19, 1374403930, 1406181290, 13, 0, 36984556, 0
2, 31, 1, 19, 1374403930, 1406181290, 12, 0, 40066602, 0
2, 31, 1, 19, 1374403930, 1406181290, 11, 0, 43709021, 0
2, 31, 1, 19, 1374403930, 1406181290, 10, 0, 48079923, 0
2, 31, 1, 19, 1374403930, 1406181290, 9, 0, 53422136, 0
2, 31, 1, 19, 1374403930, 1406181290, 8, 0, 60099903, 0
2, 31, 1, 19, 1374403930, 1406181290, 7, 0, 42423341, 0
2, 31, 1, 19, 1374403930, 1406181290, 6, 0, 42475250, 0
2, 31, 1, 19, 1374403930, 1406181290, 5, 0, 38584681, 0
2, 31, 1, 19, 1374403930, 1406181290, 4, 0, 19852701, 0
2, 31, 1, 19, 1374403930, 1406181290, 3, 0, 9474852, 0
2, 31, 1, 19, 1374403930, 1406181290, 2, 0, 3127716, 0
2, 31, 1, 19, 1374403930, 1406181290, 1, 0, 6255431, 0
2, 32, 1, 19, 1406181291, 1462359165, 18, 0, 772267702, 0
2, 32, 1, 19, 1406181291, 1462359165, 17, 0, 743457680, 0
2, 32, 1, 19, 1406181291, 1462359165, 16, 0, 777712400, 0
2, 32, 1, 19, 1406181291, 1462359165, 15, 0, 751061391, 0
2, 32, 1, 19, 1406181291, 1462359165, 14, 0, 730037619, 0
2, 32, 1, 19, 1406181291, 1462359165, 13, 0, 703955071, 0
2, 32, 1, 19, 1406181291, 1462359165, 12, 0, 686820641, 0
2, 32, 1, 19, 1406181291, 1462359165, 11, 0, 749258881, 0
2, 32, 1, 19, 1406181291, 1462359165, 10, 0, 736623995, 0
2, 32, 1, 19, 1406181291, 1462359165, 9, 0, 711126693, 0
2, 32, 1, 19, 1406181291, 1462359165, 8, 0, 683012407, 0
2, 32, 1, 19, 1406181291, 1462359165, 7, 0, 651307600, 0
2, 32, 1, 19, 1406181291, 1462359165, 6, 0, 632655182, 0
2, 32, 1, 19, 1406181291, 1462359165, 5, 0, 602578557, 0
2, 32, 1, 19, 1406181291, 1462359165, 4, 0, 544567493, 0
2, 32, 1, 19, 1406181291, 1462359165, 3, 0, 468724502, 0
2, 32, 1, 19, 1406181291, 1462359165, 2, 0, 331447082, 0
2, 32, 1, 19, 1406181291, 1462359165, 1, 0, 662894164, 0
2, 33, 1, 19, 1462359166, 1569862743, 18, 0, 731036296, 0
2, 33, 1, 19, 1462359166, 1569862743, 17, 0, 696612869, 0
2, 33, 1, 19, 1462359166, 1569862743, 16, 0, 728019885, 0
2, 33, 1, 19, 1462359166, 1569862743, 15, 0, 689697297, 0
2, 33, 1, 19, 1462359166, 1569862743, 14, 0, 659964807, 0
2, 33, 1, 19, 1462359166, 1569862743, 13, 0, 695800514, 0
2, 33, 1, 19, 1462359166, 1569862743, 12, 0, 667538107, 0
2, 33, 1, 19, 1462359166, 1569862743, 11, 0, 719016333, 0
2, 33, 1, 19, 1462359166, 1569862743, 10, 0, 693323766, 0
2, 33, 1, 19, 1462359166, 1569862743, 9, 0, 659079528, 0
2, 33, 1, 19, 1462359166, 1569862743, 8, 0, 623444232, 0
2, 33, 1, 19, 1462359166, 1569862743, 7, 0, 705848719, 0
2, 33, 1, 19, 1462359166, 1569862743, 6, 0, 709063154, 0
2, 33, 1, 19, 1462359166, 1569862743, 5, 0, 671596024, 0
2, 33, 1, 19, 1462359166, 1569862743, 4, 0, 630487121, 0
2, 33, 1, 19, 1462359166, 1569862743, 3, 0, 558627136, 0
2, 33, 1, 19, 1462359166, 1569862743, 2, 0, 449335476, 0
2, 33, 1, 19, 1462359166, 1569862743, 1, 0, 766251182, 0
2, 34, 1, 19, 1569862744, 1614406479, 18, 0, 73647453, 0
2, 34, 1, 19, 1569862744, 1614406479, 17, 0, 48993823, 0
2, 34, 1, 19, 1569862744, 1614406479, 16, 0, 52055936, 0
2, 34, 1, 19, 1569862744, 1614406479, 15, 0, 55526332, 0
2, 34, 1, 19, 1569862744, 1614406479, 14, 0, 39315587, 0
2, 34, 1, 19, 1569862744, 1614406479, 13, 0, 42339863, 0
2, 34, 1, 19, 1569862744, 1614406479, 12, 0, 45868185, 0
2, 34, 1, 19, 1569862744, 1614406479, 11, 0, 50038020, 0
2, 34, 1, 19, 1569862744, 1614406479, 10, 0, 39795161, 0
2, 34, 1, 19, 1569862744, 1614406479, 9, 0, 24433900, 0
2, 34, 1, 19, 1569862744, 1614406479, 8, 0, 12402324, 0
2, 34, 1, 19, 1569862744, 1614406479, 7, 0, 14174085, 0
2, 34, 1, 19, 1569862744, 1614406479, 6, 0, 16536432, 0
2, 34, 1, 19, 1569862744, 1614406479, 5, 0, 11112583, 0
2, 34, 1, 19, 1569862744, 1614406479, 4, 0, 5647921, 0
2, 34, 1, 19, 1569862744, 1614406479, 3, 0, 1, 0
2, 34, 1, 19, 1569862744, 1614406479, 2, 0, 1, 0
2, 34, 1, 19, 1569862744, 1614406479, 1, 0, 1, 0
2, 35, 1, 19, 1614406480, 1795828117, 18, 0, 398845749, 0
2, 35, 1, 19, 1614406480, 1795828117, 17, 0, 419128713, 0
2, 35, 1, 19, 1614406480, 1795828117, 16, 0, 441947048, 0
2, 35, 1, 19, 1614406480, 1795828117, 15, 0, 467807827, 0
2, 35, 1, 19, 1614406480, 1795828117, 14, 0, 497363003, 0
2, 35, 1, 19, 1614406480, 1795828117, 13, 0, 531465129, 0
2, 35, 1, 19, 1614406480, 1795828117, 12, 0, 571250943, 0
2, 35, 1, 19, 1614406480, 1795828117, 11, 0, 623182847, 0
2, 35, 1, 19, 1614406480, 1795828117, 10, 0, 600416452, 0
2, 35, 1, 19, 1614406480, 1795828117, 9, 0, 572262574, 0
2, 35, 1, 19, 1614406480, 1795828117, 8, 0, 538326076, 0
2, 35, 1, 19, 1614406480, 1795828117, 7, 0, 615229802, 0
2, 35, 1, 19, 1614406480, 1795828117, 6, 0, 583092941, 0
2, 35, 1, 19, 1614406480, 1795828117, 5, 0, 561407361, 0
2, 35, 1, 19, 1614406480, 1795828117, 4, 0, 513433455, 0
2, 35, 1, 19, 1614406480, 1795828117, 3, 0, 441254491, 0
2, 35, 1, 19, 1614406480, 1795828117, 2, 0, 371868996, 0
2, 35, 1, 19, 1614406480, 1795828117, 1, 0, 743737992, 0
2, 36, 1, 19, 1795828118, 1825142431, 18, 0, 11038487, 0
2, 36, 1, 19, 1795828118, 1825142431, 17, 0, 11687810, 0
2, 36, 1, 19, 1795828118, 1825142431, 16, 0, 12418298, 0
2, 36, 1, 19, 1795828118, 1825142431, 15, 0, 13246185, 0
2, 36, 1, 19, 1795828118, 1825142431, 14, 0, 14192341, 0
2, 36, 1, 19, 1795828118, 1825142431, 13, 0, 15284059, 0
2, 36, 1, 19, 1795828118, 1825142431, 12, 0, 16557731, 0
2, 36, 1, 19, 1795828118, 1825142431, 11, 0, 18062979, 0
2, 36, 1, 19, 1795828118, 1825142431, 10, 0, 9314757, 0
2, 36, 1, 19, 1795828118, 1825142431, 9, 0, 5149571, 0
2, 36, 1, 19, 1795828118, 1825142431, 8, 0, 665160, 0
2, 36, 1, 19, 1795828118, 1825142431, 7, 0, 760183, 0
2, 36, 1, 19, 1795828118, 1825142431, 6, 0, 1, 0
2, 36, 1, 19, 1795828118, 1825142431, 5, 0, 1, 0
2, 36, 1, 19, 1795828118, 1825142431, 4, 0, 1, 0
2, 36, 1, 19, 1795828118, 1825142431, 3, 0, 1, 0
2, 36, 1, 19, 1795828118, 1825142431, 2, 0, 1, 0
2, 36, 1, 19, 1795828118, 1825142431, 1, 0, 1, 0
2, 37, 1, 19, 1825142432, 1908922849, 18, 0, 303873448, 0
2, 37, 1, 19, 1825142432, 1908922849, 17, 0, 321748357, 0
2, 37, 1, 19, 1825142432, 1908922849, 16, 0, 341857629, 0
2, 37, 1, 19, 1825142432, 1908922849, 15, 0, 364648138, 0
2, 37, 1, 19, 1825142432, 1908922849, 14, 0, 390694434, 0
2, 37, 1, 19, 1825142432, 1908922849, 13, 0, 420747852, 0
2, 37, 1, 19, 1825142432, 1908922849, 12, 0, 455810172, 0
2, 37, 1, 19, 1825142432, 1908922849, 11, 0, 488378297, 0
2, 37, 1, 19, 1825142432, 1908922849, 10, 0, 479755086, 0
2, 37, 1, 19, 1825142432, 1908922849, 9, 0, 469215604, 0
2, 37, 1, 19, 1825142432, 1908922849, 8, 0, 456041253, 0
2, 37, 1, 19, 1825142432, 1908922849, 7, 0, 521190003, 0
2, 37, 1, 19, 1825142432, 1908922849, 6, 0, 495289988, 0
2, 37, 1, 19, 1825142432, 1908922849, 5, 0, 470835806, 0
2, 37, 1, 19, 1825142432, 1908922849, 4, 0, 428522622, 0
2, 37, 1, 19, 1825142432, 1908922849, 3, 0, 365778195, 0
2, 37, 1, 19, 1825142432, 1908922849, 2, 0, 315261774, 0
2, 37, 1, 19, 1825142432, 1908922849, 1, 0, 630523548, 0
2, 38, 1, 19, 1908922850, 2005768592, 18, 0, 2468773, 0
2, 38, 1, 19, 1908922850, 2005768592, 17, 0, 2613995, 0
2, 38, 1, 19, 1908922850, 2005768592, 16, 0, 2777370, 0
2, 38, 1, 19, 1908922850, 2005768592, 15, 0, 2962527, 0
2, 38, 1, 19, 1908922850, 2005768592, 14, 0, 3174137, 0
2, 38, 1, 19, 1908922850, 2005768592, 13, 0, 3418301, 0
2, 38, 1, 19, 1908922850, 2005768592, 12, 0, 3703159, 0
2, 38, 1, 19, 1908922850, 2005768592, 11, 0, 4039810, 0
2, 38, 1, 19, 1908922850, 2005768592, 10, 0, 4443791, 0
2, 38, 1, 19, 1908922850, 2005768592, 9, 0, 4937545, 0
2, 38, 1, 19, 1908922850, 2005768592, 8, 0, 5554739, 0
2, 38, 1, 19, 1908922850, 2005768592, 7, 0, 6348273, 0
2, 38, 1, 19, 1908922850, 2005768592, 6, 0, 794823, 0
2, 38, 1, 19, 1908922850, 2005768592, 5, 0, 953787, 0
2, 38, 1, 19, 1908922850, 2005768592, 4, 0, 1, 0
2, 38, 1, 19, 1908922850, 2005768592, 3, 0, 1, 0
2, 38, 1, 19, 1908922850, 2005768592, 2, 0, 1, 0
2, 38, 1, 19, 1908922850, 2005768592, 1, 0, 1, 0
2, 39, 1, 19, 2005768593, 2055886854, 18, 0, 262562942, 0
2, 39, 1, 19, 2005768593, 2055886854, 17, 0, 188114896, 0
2, 39, 1, 19, 2005768593, 2055886854, 16, 0, 185687556, 0
2, 39, 1, 19, 2005768593, 2055886854, 15, 0, 141108704, 0
2, 39, 1, 19, 2005768593, 2055886854, 14, 0, 111803463, 0
2, 39, 1, 19, 2005768593, 2055886854, 13, 0, 101184863, 0
2, 39, 1, 19, 2005768593, 2055886854, 12, 0, 98683279, 0
2, 39, 1, 19, 2005768593, 2055886854, 11, 0, 93620982, 0
2, 39, 1, 19, 2005768593, 2055886854, 10, 0, 79114973, 0
2, 39, 1, 19, 2005768593, 2055886854, 9, 0, 34348124, 0
2, 39, 1, 19, 2005768593, 2055886854, 8, 0, 616538, 0
2, 39, 1, 19, 2005768593, 2055886854, 7, 0, 1, 0
2, 39, 1, 19, 2005768593, 2055886854, 6, 0, 1, 0
2, 39, 1, 19, 2005768593, 2055886854, 5, 0, 1, 0
2, 39, 1, 19, 2005768593, 2055886854, 4, 0, 1, 0
2, 39, 1, 19, 2005768593, 2055886854, 3, 0, 1, 0
2, 39, 1, 19, 2005768593, 2055886854, 2, 0, 1, 0
2, 39, 1, 19, 2005768593, 2055886854, 1, 0, 1, 0
2, 40, 1, 19, 2055886855, 2077170216, 18, 0, 113684241, 0
2, 40, 1, 19, 2055886855, 2077170216, 17, 0, 107797584, 0
2, 40, 1, 19, 2055886855, 2077170216, 16, 0, 101175095, 0
2, 40, 1, 19, 2055886855, 2077170216, 15, 0, 93669607, 0
2, 40, 1, 19, 2055886855, 2077170216, 14, 0, 85091907, 0
2, 40, 1, 19, 2055886855, 2077170216, 13, 0, 75194560, 0
2, 40, 1, 19, 2055886855, 2077170216, 12, 0, 64611721, 0
2, 40, 1, 19, 2055886855, 2077170216, 11, 0, 61375412, 0
2, 40, 1, 19, 2055886855, 2077170216, 10, 0, 66504649, 0
2, 40, 1, 19, 2055886855, 2077170216, 9, 0, 68600919, 0
2, 40, 1, 19, 2055886855, 2077170216, 8, 0, 77050190, 0
2, 40, 1, 19, 2055886855, 2077170216, 7, 0, 85017993, 0
2, 40, 1, 19, 2055886855, 2077170216, 6, 0, 87333770, 0
2, 40, 1, 19, 2055886855, 2077170216, 5, 0, 95805945, 0
2, 40, 1, 19, 2055886855, 2077170216, 4, 0, 110410396, 0
2, 40, 1, 19, 2055886855, 2077170216, 3, 0, 107325814, 0
2, 40, 1, 19, 2055886855, 2077170216, 2, 0, 89080686, 0
2, 40, 1, 19, 2055886855, 2077170216, 1, 0, 178161371, 0
2, 41, 1, 19, 2077170217, 2096458027, 18, 0, 165695696, 0
2, 41, 1, 19, 2077170217, 2096458027, 17, 0, 175442502, 0
2, 41, 1, 19, 2077170217, 2096458027, 16, 0, 127290306, 0
2, 41, 1, 19, 2077170217, 2096458027, 15, 0, 85617811, 0
2, 41, 1, 19, 2077170217, 2096458027, 14, 0, 62833803, 0
2, 41, 1, 19, 2077170217, 2096458027, 13, 0, 38799054, 0
2, 41, 1, 19, 2077170217, 2096458027, 12, 0, 26464386, 0
2, 41, 1, 19, 2077170217, 2096458027, 11, 0, 19348547, 0
2, 41, 1, 19, 2077170217, 2096458027, 10, 0, 15484652, 0
2, 41, 1, 19, 2077170217, 2096458027, 9, 0, 17205169, 0
2, 41, 1, 19, 2077170217, 2096458027, 8, 0, 17343976, 0
2, 41, 1, 19, 2077170217, 2096458027, 7, 0, 19821686, 0
2, 41, 1, 19, 2077170217, 2096458027, 6, 0, 19095762, 0
2, 41, 1, 19, 2077170217, 2096458027, 5, 0, 22914914, 0
2, 41, 1, 19, 2077170217, 2096458027, 4, 0, 14848811, 0
2, 41, 1, 19, 2077170217, 2096458027, 3, 0, 1, 0
2, 41, 1, 19, 2077170217, 2096458027, 2, 0, 1, 0
2, 41, 1, 19, 2077170217, 2096458027, 1, 0, 1, 0
