1,1.0,99905286.0,2049734851.1846833
2,99905287.0,142840451.0,3383395146.7564797
3,142840452.0,176333501.0,3138728362.406669
4,176333502.0,203325476.0,3283721174.6949177
5,203325477.0,269916720.0,3104800993.242421
6,269916721.0,303035140.0,3368209537.8020897
7,303035141.0,418957291.0,3179941253.904499
8,418957292.0,449071529.0,3814379253.991696
9,449071530.0,520526852.0,3687695125.306283
10,520526853.0,562144613.0,3901914027.5525784
11,562144614.0,675380648.0,3448648784.297049
12,675380649.0,699679195.0,4062939862.348338
13,699679196.0,739278394.0,3322870110.089012
14,739278395.0,767447202.0,3843020025.0264835
15,767447203.0,807631071.0,3159299525.0791426
16,807631072.0,837107615.0,3121796523.571161
17,837107616.0,870091785.0,3541536995.4987574
18,870091786.0,935741157.0,3357626151.8080287
19,935741158.0,974563596.0,3581925695.9866066
20,974563597.0,1010716999.0,3378730309.1020036
21,1010717000.0,1105540467.0,3684955347.9110446
22,1105540468.0,1131820684.0,3903948958.212208
23,1131820685.0,1169889297.0,3773151724.346016
24,1169889298.0,1203425529.0,3919657955.8995547
25,1203425530.0,1248547021.0,3710929236.8766227
26,1248547022.0,1281038007.0,3610225328.39591
27,1281038008.0,1380458628.0,3770128833.4723063
28,1380458629.0,1408569436.0,3759138200.2039576
29,1408569437.0,1438066447.0,3631044421.586611
30,1438066448.0,1477930885.0,3810410738.4008737
31,1477930886.0,1559528971.0,3625953064.396648
32,1559528972.0,1598668411.0,3412725752.536286
33,1598668412.0,1626520928.0,3773351004.4089837
34,1626520929.0,1683201092.0,3882033318.2803006
35,1683201093.0,1732169311.0,3798107631.553475
36,1732169312.0,1749446065.0,3568469468.5255094
37,1749446066.0,1792544532.0,3352187400.6879845
38,1792544533.0,1820345729.0,3776015656.7463994
39,1820345730.0,1927863823.0,3916868003.066036
40,1927863824.0,1967410499.0,3511206349.0054593
41,1967410500.0,2196025834.0,3660650173.630716
