1,1.0,99863070.0,2042074088.9610596
2,99863071.0,142329152.0,3368775870.7845273
3,142329153.0,176041726.0,3121516496.008551
4,176041727.0,206244433.0,3312063992.4477105
5,206244434.0,277837908.0,3131421546.4831324
6,277837909.0,312105317.0,3392039292.612954
7,312105318.0,405999819.0,3177537089.4363375
8,405999820.0,427541044.0,3361331285.424859
9,427541045.0,452400484.0,4001139556.362789
10,452400485.0,519160873.0,3725883990.589607
11,519160874.0,561422301.0,3947345647.7478137
12,561422302.0,670914270.0,3810688936.658958
13,670914271.0,712324803.0,4065131011.5405097
14,712324804.0,736388787.0,3727315751.806508
15,736388788.0,775869883.0,3892643208.0824
16,775869884.0,854177027.0,3628276637.524582
17,854177028.0,922942577.0,3844998869.4419827
18,922942578.0,936049435.0,4074193928.1106625
19,936049436.0,968520849.0,3250255760.8782654
20,968520850.0,1025590057.0,3134766682.5675907
21,1025590058.0,1068641218.0,3471496979.3101645
22,1068641219.0,1101511651.0,3177271859.66773
23,1101511652.0,1204598840.0,3283603078.0554347
24,1204598841.0,1249055433.0,3176061760.8771873
25,1249055434.0,1286686223.0,3340168195.4176755
26,1286686224.0,1314549933.0,3670030204.720896
27,1314549934.0,1336172351.0,3764861939.1188564
28,1336172352.0,1392961729.0,3888332560.2551374
29,1392961730.0,1560300310.0,3662703122.728872
30,1560300311.0,1600730587.0,3598016121.567997
31,1600730588.0,1625958605.0,3837602936.1611
32,1625958606.0,1681638546.0,3687084309.0528755
33,1681638547.0,1730582440.0,3837266801.860428
34,1730582441.0,1748967477.0,3666276384.6109366
35,1748967478.0,1793636243.0,3396062906.2096963
36,1793636244.0,1811760893.0,3768966162.919587
37,1811760894.0,1881454565.0,4001530051.435893
38,1881454566.0,1918025122.0,4136439054.1200294
39,1918025123.0,1931000871.0,3739033285.5704875
40,1931000872.0,1967039445.0,3517945157.322722
41,1967039446.0,2196025834.0,3316706235.7720323
