0, 1, 19, 6, 1, 99902884, 0, 13, 11774509, 1
0, 1, 19, 6, 1, 99902884, 0, 12, 12042259, 1
0, 1, 19, 6, 1, 99902884, 0, 11, 13137009, 1
0, 1, 19, 6, 1, 99902884, 0, 10, 13590351, 1
0, 1, 19, 6, 1, 99902884, 0, 9, 12918746, 1
0, 1, 19, 6, 1, 99902884, 0, 8, 13503109, 1
0, 1, 19, 6, 1, 99902884, 0, 7, 13829487, 1
0, 1, 19, 6, 1, 99902884, 0, 6, 14649809, 1
0, 1, 19, 6, 1, 99902884, 0, 5, 14231730, 1
0, 1, 19, 6, 1, 99902884, 0, 4, 14075633, 1
0, 1, 19, 6, 1, 99902884, 0, 3, 15057066, 1
0, 1, 19, 6, 1, 99902884, 0, 2, 12939760, 1
0, 1, 19, 6, 1, 99902884, 0, 1, 9400899, 1
0, 2, 19, 6, 99902885, 141276984, 0, 13, 28731669, 1
0, 2, 19, 6, 99902885, 141276984, 0, 12, 31125975, 1
0, 2, 19, 6, 99902885, 141276984, 0, 11, 33955609, 1
0, 2, 19, 6, 99902885, 141276984, 0, 10, 37351169, 1
0, 2, 19, 6, 99902885, 141276984, 0, 9, 32127583, 1
0, 2, 19, 6, 99902885, 141276984, 0, 8, 30521938, 1
0, 2, 19, 6, 99902885, 141276984, 0, 7, 30165813, 1
0, 2, 19, 6, 99902885, 141276984, 0, 6, 35193448, 1
0, 2, 19, 6, 99902885, 141276984, 0, 5, 20261983, 1
0, 2, 19, 6, 99902885, 141276984, 0, 4, 25327479, 1
0, 2, 19, 6, 99902885, 141276984, 0, 3, 33769972, 1
0, 2, 19, 6, 99902885, 141276984, 0, 2, 50654958, 1
0, 2, 19, 6, 99902885, 141276984, 0, 1, 1, 1
0, 3, 19, 6, 141276985, 174817367, 0, 13, 7962599, 1
0, 3, 19, 6, 141276985, 174817367, 0, 12, 8626149, 1
0, 3, 19, 6, 141276985, 174817367, 0, 11, 9410345, 1
0, 3, 19, 6, 141276985, 174817367, 0, 10, 9079416, 1
0, 3, 19, 6, 141276985, 174817367, 0, 9, 10088240, 1
0, 3, 19, 6, 141276985, 174817367, 0, 8, 9768522, 1
0, 3, 19, 6, 141276985, 174817367, 0, 7, 8935663, 1
0, 3, 19, 6, 141276985, 174817367, 0, 6, 10424940, 1
0, 3, 19, 6, 141276985, 174817367, 0, 5, 12509928, 1
0, 3, 19, 6, 141276985, 174817367, 0, 4, 15637410, 1
0, 3, 19, 6, 141276985, 174817367, 0, 3, 15335282, 1
0, 3, 19, 6, 141276985, 174817367, 0, 2, 23002923, 1
0, 3, 19, 6, 141276985, 174817367, 0, 1, 33475180, 1
0, 4, 19, 6, 174817368, 205261094, 0, 13, 5187290, 1
0, 4, 19, 6, 174817368, 205261094, 0, 12, 5283586, 1
0, 4, 19, 6, 174817368, 205261094, 0, 11, 3621939, 1
0, 4, 19, 6, 174817368, 205261094, 0, 10, 3984133, 1
0, 4, 19, 6, 174817368, 205261094, 0, 9, 4426814, 1
0, 4, 19, 6, 174817368, 205261094, 0, 8, 3337644, 1
0, 4, 19, 6, 174817368, 205261094, 0, 7, 3348182, 1
0, 4, 19, 6, 174817368, 205261094, 0, 6, 2474036, 1
0, 4, 19, 6, 174817368, 205261094, 0, 5, 2968843, 1
0, 4, 19, 6, 174817368, 205261094, 0, 4, 3711054, 1
0, 4, 19, 6, 174817368, 205261094, 0, 3, 4948071, 1
0, 4, 19, 6, 174817368, 205261094, 0, 2, 4642250, 1
0, 4, 19, 6, 174817368, 205261094, 0, 1, 7107687, 1
0, 5, 19, 6, 205261095, 274987896, 0, 13, 27880465, 1
0, 5, 19, 6, 205261095, 274987896, 0, 12, 30203837, 1
0, 5, 19, 6, 205261095, 274987896, 0, 11, 32949640, 1
0, 5, 19, 6, 205261095, 274987896, 0, 10, 31780679, 1
0, 5, 19, 6, 205261095, 274987896, 0, 9, 28165276, 1
0, 5, 19, 6, 205261095, 274987896, 0, 8, 29456136, 1
0, 5, 19, 6, 205261095, 274987896, 0, 7, 32394396, 1
0, 5, 19, 6, 205261095, 274987896, 0, 6, 33094056, 1
0, 5, 19, 6, 205261095, 274987896, 0, 5, 39712867, 1
0, 5, 19, 6, 205261095, 274987896, 0, 4, 31466346, 1
0, 5, 19, 6, 205261095, 274987896, 0, 3, 30546592, 1
0, 5, 19, 6, 205261095, 274987896, 0, 2, 45819887, 1
0, 5, 19, 6, 205261095, 274987896, 0, 1, 37553704, 1
0, 6, 19, 6, 274987897, 303680917, 0, 13, 4627097, 1
0, 6, 19, 6, 274987897, 303680917, 0, 12, 5012689, 1
0, 6, 19, 6, 274987897, 303680917, 0, 11, 5468388, 1
0, 6, 19, 6, 274987897, 303680917, 0, 10, 6015227, 1
0, 6, 19, 6, 274987897, 303680917, 0, 9, 6683585, 1
0, 6, 19, 6, 274987897, 303680917, 0, 8, 4115059, 1
0, 6, 19, 6, 274987897, 303680917, 0, 7, 4702925, 1
0, 6, 19, 6, 274987897, 303680917, 0, 6, 5486746, 1
0, 6, 19, 6, 274987897, 303680917, 0, 5, 6584095, 1
0, 6, 19, 6, 274987897, 303680917, 0, 4, 8230118, 1
0, 6, 19, 6, 274987897, 303680917, 0, 3, 10973491, 1
0, 6, 19, 6, 274987897, 303680917, 0, 2, 1, 1
0, 6, 19, 6, 274987897, 303680917, 0, 1, 1, 1
0, 7, 19, 6, 303680918, 419869295, 0, 13, 1, 1
0, 7, 19, 6, 303680918, 419869295, 0, 12, 1, 1
0, 7, 19, 6, 303680918, 419869295, 0, 11, 1, 1
0, 7, 19, 6, 303680918, 419869295, 0, 10, 1, 1
0, 7, 19, 6, 303680918, 419869295, 0, 9, 1, 1
0, 7, 19, 6, 303680918, 419869295, 0, 8, 1, 1
0, 7, 19, 6, 303680918, 419869295, 0, 7, 1, 1
0, 7, 19, 6, 303680918, 419869295, 0, 6, 1, 1
0, 7, 19, 6, 303680918, 419869295, 0, 5, 1, 1
0, 7, 19, 6, 303680918, 419869295, 0, 4, 1, 1
0, 7, 19, 6, 303680918, 419869295, 0, 3, 1, 1
0, 7, 19, 6, 303680918, 419869295, 0, 2, 1, 1
0, 7, 19, 6, 303680918, 419869295, 0, 1, 1, 1
0, 8, 19, 6, 419869296, 452679302, 0, 13, 164877267, 1
0, 8, 19, 6, 419869296, 452679302, 0, 12, 178617039, 1
0, 8, 19, 6, 419869296, 452679302, 0, 11, 194854952, 1
0, 8, 19, 6, 419869296, 452679302, 0, 10, 205896748, 1
0, 8, 19, 6, 419869296, 452679302, 0, 9, 196831848, 1
0, 8, 19, 6, 419869296, 452679302, 0, 8, 200753825, 1
0, 8, 19, 6, 419869296, 452679302, 0, 7, 191412633, 1
0, 8, 19, 6, 419869296, 452679302, 0, 6, 170517363, 1
0, 8, 19, 6, 419869296, 452679302, 0, 5, 204620835, 1
0, 8, 19, 6, 419869296, 452679302, 0, 4, 184890027, 1
0, 8, 19, 6, 419869296, 452679302, 0, 3, 208696498, 1
0, 8, 19, 6, 419869296, 452679302, 0, 2, 274809076, 1
0, 8, 19, 6, 419869296, 452679302, 0, 1, 240639256, 1
0, 9, 19, 6, 452679303, 520524483, 0, 13, 320337260, 1
0, 9, 19, 6, 452679303, 520524483, 0, 12, 347032032, 1
0, 9, 19, 6, 452679303, 520524483, 0, 11, 378580399, 1
0, 9, 19, 6, 452679303, 520524483, 0, 10, 373745757, 1
0, 9, 19, 6, 452679303, 520524483, 0, 9, 366799998, 1
0, 9, 19, 6, 452679303, 520524483, 0, 8, 360009631, 1
0, 9, 19, 6, 452679303, 520524483, 0, 7, 350375357, 1
0, 9, 19, 6, 452679303, 520524483, 0, 6, 339324199, 1
0, 9, 19, 6, 452679303, 520524483, 0, 5, 324088488, 1
0, 9, 19, 6, 452679303, 520524483, 0, 4, 305824486, 1
0, 9, 19, 6, 452679303, 520524483, 0, 3, 281970532, 1
0, 9, 19, 6, 452679303, 520524483, 0, 2, 212251045, 1
0, 9, 19, 6, 452679303, 520524483, 0, 1, 424502089, 1
0, 10, 19, 6, 520524484, 538724009, 0, 13, 1, 1
0, 10, 19, 6, 520524484, 538724009, 0, 12, 1, 1
0, 10, 19, 6, 520524484, 538724009, 0, 11, 1, 1
0, 10, 19, 6, 520524484, 538724009, 0, 10, 1, 1
0, 10, 19, 6, 520524484, 538724009, 0, 9, 1, 1
0, 10, 19, 6, 520524484, 538724009, 0, 8, 1, 1
0, 10, 19, 6, 520524484, 538724009, 0, 7, 1, 1
0, 10, 19, 6, 520524484, 538724009, 0, 6, 1, 1
0, 10, 19, 6, 520524484, 538724009, 0, 5, 1, 1
0, 10, 19, 6, 520524484, 538724009, 0, 4, 1, 1
0, 10, 19, 6, 520524484, 538724009, 0, 3, 1, 1
0, 10, 19, 6, 520524484, 538724009, 0, 2, 1, 1
0, 10, 19, 6, 520524484, 538724009, 0, 1, 1, 1
0, 11, 19, 6, 538724010, 677726440, 0, 13, 553707139, 1
0, 11, 19, 6, 538724010, 677726440, 0, 12, 549933335, 1
0, 11, 19, 6, 538724010, 677726440, 0, 11, 549267060, 1
0, 11, 19, 6, 538724010, 677726440, 0, 10, 546581364, 1
0, 11, 19, 6, 538724010, 677726440, 0, 9, 547750485, 1
0, 11, 19, 6, 538724010, 677726440, 0, 8, 537180319, 1
0, 11, 19, 6, 538724010, 677726440, 0, 7, 528576856, 1
0, 11, 19, 6, 538724010, 677726440, 0, 6, 519884364, 1
0, 11, 19, 6, 538724010, 677726440, 0, 5, 498011801, 1
0, 11, 19, 6, 538724010, 677726440, 0, 4, 471015345, 1
0, 11, 19, 6, 538724010, 677726440, 0, 3, 435262955, 1
0, 11, 19, 6, 538724010, 677726440, 0, 2, 354243449, 1
0, 11, 19, 6, 538724010, 677726440, 0, 1, 595908349, 1
0, 12, 19, 6, 677726441, 710015438, 0, 13, 2394326, 1
0, 12, 19, 6, 677726441, 710015438, 0, 12, 2593853, 1
0, 12, 19, 6, 677726441, 710015438, 0, 11, 2829658, 1
0, 12, 19, 6, 677726441, 710015438, 0, 10, 3112623, 1
0, 12, 19, 6, 677726441, 710015438, 0, 9, 3100877, 1
0, 12, 19, 6, 677726441, 710015438, 0, 8, 3488486, 1
0, 12, 19, 6, 677726441, 710015438, 0, 7, 3986842, 1
0, 12, 19, 6, 677726441, 710015438, 0, 6, 4651315, 1
0, 12, 19, 6, 677726441, 710015438, 0, 5, 5581578, 1
0, 12, 19, 6, 677726441, 710015438, 0, 4, 6976972, 1
0, 12, 19, 6, 677726441, 710015438, 0, 3, 9302630, 1
0, 12, 19, 6, 677726441, 710015438, 0, 2, 1, 1
0, 12, 19, 6, 677726441, 710015438, 0, 1, 1, 1
0, 13, 19, 6, 710015439, 734604395, 0, 13, 322220632, 1
0, 13, 19, 6, 710015439, 734604395, 0, 12, 320913418, 1
0, 13, 19, 6, 710015439, 734604395, 0, 11, 315928165, 1
0, 13, 19, 6, 710015439, 734604395, 0, 10, 313555977, 1
0, 13, 19, 6, 710015439, 734604395, 0, 9, 309946280, 1
0, 13, 19, 6, 710015439, 734604395, 0, 8, 302611955, 1
0, 13, 19, 6, 710015439, 734604395, 0, 7, 293303675, 1
0, 13, 19, 6, 710015439, 734604395, 0, 6, 284441930, 1
0, 13, 19, 6, 710015439, 734604395, 0, 5, 275601379, 1
0, 13, 19, 6, 710015439, 734604395, 0, 4, 254594307, 1
0, 13, 19, 6, 710015439, 734604395, 0, 3, 234691298, 1
0, 13, 19, 6, 710015439, 734604395, 0, 2, 352036946, 1
0, 13, 19, 6, 710015439, 734604395, 0, 1, 360521146, 1
0, 14, 19, 6, 734604396, 776218139, 0, 13, 383251878, 1
0, 14, 19, 6, 734604396, 776218139, 0, 12, 379563921, 1
0, 14, 19, 6, 734604396, 776218139, 0, 11, 375764823, 1
0, 14, 19, 6, 734604396, 776218139, 0, 10, 370396309, 1
0, 14, 19, 6, 734604396, 776218139, 0, 9, 382678373, 1
0, 14, 19, 6, 734604396, 776218139, 0, 8, 373246516, 1
0, 14, 19, 6, 734604396, 776218139, 0, 7, 359236075, 1
0, 14, 19, 6, 734604396, 776218139, 0, 6, 345512370, 1
0, 14, 19, 6, 734604396, 776218139, 0, 5, 348583723, 1
0, 14, 19, 6, 734604396, 776218139, 0, 4, 327504604, 1
0, 14, 19, 6, 734604396, 776218139, 0, 3, 291522550, 1
0, 14, 19, 6, 734604396, 776218139, 0, 2, 430343205, 1
0, 14, 19, 6, 734604396, 776218139, 0, 1, 434791169, 1
0, 15, 19, 6, 776218140, 847243857, 0, 13, 303036828, 1
0, 15, 19, 6, 776218140, 847243857, 0, 12, 301629718, 1
0, 15, 19, 6, 776218140, 847243857, 0, 11, 299966769, 1
0, 15, 19, 6, 776218140, 847243857, 0, 10, 296972919, 1
0, 15, 19, 6, 776218140, 847243857, 0, 9, 289399262, 1
0, 15, 19, 6, 776218140, 847243857, 0, 8, 276203100, 1
0, 15, 19, 6, 776218140, 847243857, 0, 7, 268471204, 1
0, 15, 19, 6, 776218140, 847243857, 0, 6, 256769307, 1
0, 15, 19, 6, 776218140, 847243857, 0, 5, 237801444, 1
0, 15, 19, 6, 776218140, 847243857, 0, 4, 233400247, 1
0, 15, 19, 6, 776218140, 847243857, 0, 3, 200633716, 1
0, 15, 19, 6, 776218140, 847243857, 0, 2, 300950573, 1
0, 15, 19, 6, 776218140, 847243857, 0, 1, 318652148, 1
0, 16, 19, 6, 847243858, 891714252, 0, 13, 379030935, 1
0, 16, 19, 6, 847243858, 891714252, 0, 12, 374186437, 1
0, 16, 19, 6, 847243858, 891714252, 0, 11, 372067101, 1
0, 16, 19, 6, 847243858, 891714252, 0, 10, 366594387, 1
0, 16, 19, 6, 847243858, 891714252, 0, 9, 359790988, 1
0, 16, 19, 6, 847243858, 891714252, 0, 8, 356856302, 1
0, 16, 19, 6, 847243858, 891714252, 0, 7, 350301340, 1
0, 16, 19, 6, 847243858, 891714252, 0, 6, 341380057, 1
0, 16, 19, 6, 847243858, 891714252, 0, 5, 328237908, 1
0, 16, 19, 6, 847243858, 891714252, 0, 4, 313059440, 1
0, 16, 19, 6, 847243858, 891714252, 0, 3, 278688120, 1
0, 16, 19, 6, 847243858, 891714252, 0, 2, 416271414, 1
0, 16, 19, 6, 847243858, 891714252, 0, 1, 423049390, 1
0, 17, 19, 6, 891714253, 921628221, 0, 13, 255173401, 1
0, 17, 19, 6, 891714253, 921628221, 0, 12, 251164570, 1
0, 17, 19, 6, 891714253, 921628221, 0, 11, 250032840, 1
0, 17, 19, 6, 891714253, 921628221, 0, 10, 245745253, 1
0, 17, 19, 6, 891714253, 921628221, 0, 9, 240390343, 1
0, 17, 19, 6, 891714253, 921628221, 0, 8, 239266269, 1
0, 17, 19, 6, 891714253, 921628221, 0, 7, 235039235, 1
0, 17, 19, 6, 891714253, 921628221, 0, 6, 229221857, 1
0, 17, 19, 6, 891714253, 921628221, 0, 5, 220425175, 1
0, 17, 19, 6, 891714253, 921628221, 0, 4, 211764907, 1
0, 17, 19, 6, 891714253, 921628221, 0, 3, 188257254, 1
0, 17, 19, 6, 891714253, 921628221, 0, 2, 282385880, 1
0, 17, 19, 6, 891714253, 921628221, 0, 1, 289163856, 1
0, 18, 19, 6, 921628222, 943840069, 0, 13, 32509168, 1
0, 18, 19, 6, 921628222, 943840069, 0, 12, 25216014, 1
0, 18, 19, 6, 921628222, 943840069, 0, 11, 18146656, 1
0, 18, 19, 6, 921628222, 943840069, 0, 10, 19479414, 1
0, 18, 19, 6, 921628222, 943840069, 0, 9, 21643793, 1
0, 18, 19, 6, 921628222, 943840069, 0, 8, 20450790, 1
0, 18, 19, 6, 921628222, 943840069, 0, 7, 13534284, 1
0, 18, 19, 6, 921628222, 943840069, 0, 6, 2209001, 1
0, 18, 19, 6, 921628222, 943840069, 0, 5, 2650801, 1
0, 18, 19, 6, 921628222, 943840069, 0, 4, 3313501, 1
0, 18, 19, 6, 921628222, 943840069, 0, 3, 1, 1
0, 18, 19, 6, 921628222, 943840069, 0, 2, 1, 1
0, 18, 19, 6, 921628222, 943840069, 0, 1, 1, 1
0, 19, 19, 6, 943840070, 1028558069, 0, 13, 50096059, 1
0, 19, 19, 6, 943840070, 1028558069, 0, 12, 28759559, 1
0, 19, 19, 6, 943840070, 1028558069, 0, 11, 1, 1
0, 19, 19, 6, 943840070, 1028558069, 0, 10, 1, 1
0, 19, 19, 6, 943840070, 1028558069, 0, 9, 1, 1
0, 19, 19, 6, 943840070, 1028558069, 0, 8, 1, 1
0, 19, 19, 6, 943840070, 1028558069, 0, 7, 1, 1
0, 19, 19, 6, 943840070, 1028558069, 0, 6, 1, 1
0, 19, 19, 6, 943840070, 1028558069, 0, 5, 1, 1
0, 19, 19, 6, 943840070, 1028558069, 0, 4, 1, 1
0, 19, 19, 6, 943840070, 1028558069, 0, 3, 1, 1
0, 19, 19, 6, 943840070, 1028558069, 0, 2, 1, 1
0, 19, 19, 6, 943840070, 1028558069, 0, 1, 1, 1
0, 20, 19, 6, 1028558070, 1068942833, 0, 13, 145878, 1
0, 20, 19, 6, 1028558070, 1068942833, 0, 12, 1, 1
0, 20, 19, 6, 1028558070, 1068942833, 0, 11, 1, 1
0, 20, 19, 6, 1028558070, 1068942833, 0, 10, 1, 1
0, 20, 19, 6, 1028558070, 1068942833, 0, 9, 1, 1
0, 20, 19, 6, 1028558070, 1068942833, 0, 8, 1, 1
0, 20, 19, 6, 1028558070, 1068942833, 0, 7, 1, 1
0, 20, 19, 6, 1028558070, 1068942833, 0, 6, 1, 1
0, 20, 19, 6, 1028558070, 1068942833, 0, 5, 1, 1
0, 20, 19, 6, 1028558070, 1068942833, 0, 4, 1, 1
0, 20, 19, 6, 1028558070, 1068942833, 0, 3, 1, 1
0, 20, 19, 6, 1028558070, 1068942833, 0, 2, 1, 1
0, 20, 19, 6, 1028558070, 1068942833, 0, 1, 1, 1
0, 21, 19, 6, 1068942834, 1106354500, 0, 13, 1, 1
0, 21, 19, 6, 1068942834, 1106354500, 0, 12, 1, 1
0, 21, 19, 6, 1068942834, 1106354500, 0, 11, 1, 1
0, 21, 19, 6, 1068942834, 1106354500, 0, 10, 1, 1
0, 21, 19, 6, 1068942834, 1106354500, 0, 9, 1, 1
0, 21, 19, 6, 1068942834, 1106354500, 0, 8, 1, 1
0, 21, 19, 6, 1068942834, 1106354500, 0, 7, 1, 1
0, 21, 19, 6, 1068942834, 1106354500, 0, 6, 1, 1
0, 21, 19, 6, 1068942834, 1106354500, 0, 5, 1, 1
0, 21, 19, 6, 1068942834, 1106354500, 0, 4, 1, 1
0, 21, 19, 6, 1068942834, 1106354500, 0, 3, 1, 1
0, 21, 19, 6, 1068942834, 1106354500, 0, 2, 1, 1
0, 21, 19, 6, 1068942834, 1106354500, 0, 1, 1, 1
0, 22, 19, 6, 1106354501, 1206078451, 0, 13, 1, 1
0, 22, 19, 6, 1106354501, 1206078451, 0, 12, 1, 1
0, 22, 19, 6, 1106354501, 1206078451, 0, 11, 1, 1
0, 22, 19, 6, 1106354501, 1206078451, 0, 10, 1, 1
0, 22, 19, 6, 1106354501, 1206078451, 0, 9, 1, 1
0, 22, 19, 6, 1106354501, 1206078451, 0, 8, 1, 1
0, 22, 19, 6, 1106354501, 1206078451, 0, 7, 1, 1
0, 22, 19, 6, 1106354501, 1206078451, 0, 6, 1, 1
0, 22, 19, 6, 1106354501, 1206078451, 0, 5, 1, 1
0, 22, 19, 6, 1106354501, 1206078451, 0, 4, 1, 1
0, 22, 19, 6, 1106354501, 1206078451, 0, 3, 1, 1
0, 22, 19, 6, 1106354501, 1206078451, 0, 2, 1, 1
0, 22, 19, 6, 1106354501, 1206078451, 0, 1, 1, 1
0, 23, 19, 6, 1206078452, 1288413030, 0, 13, 6679495, 1
0, 23, 19, 6, 1206078452, 1288413030, 0, 12, 5604979, 1
0, 23, 19, 6, 1206078452, 1288413030, 0, 11, 1, 1
0, 23, 19, 6, 1206078452, 1288413030, 0, 10, 1, 1
0, 23, 19, 6, 1206078452, 1288413030, 0, 9, 1, 1
0, 23, 19, 6, 1206078452, 1288413030, 0, 8, 1, 1
0, 23, 19, 6, 1206078452, 1288413030, 0, 7, 1, 1
0, 23, 19, 6, 1206078452, 1288413030, 0, 6, 1, 1
0, 23, 19, 6, 1206078452, 1288413030, 0, 5, 1, 1
0, 23, 19, 6, 1206078452, 1288413030, 0, 4, 1, 1
0, 23, 19, 6, 1206078452, 1288413030, 0, 3, 1, 1
0, 23, 19, 6, 1206078452, 1288413030, 0, 2, 1, 1
0, 23, 19, 6, 1206078452, 1288413030, 0, 1, 1, 1
0, 24, 19, 6, 1288413031, 1314494816, 0, 13, 18945223, 1
0, 24, 19, 6, 1288413031, 1314494816, 0, 12, 9294236, 1
0, 24, 19, 6, 1288413031, 1314494816, 0, 11, 1, 1
0, 24, 19, 6, 1288413031, 1314494816, 0, 10, 1, 1
0, 24, 19, 6, 1288413031, 1314494816, 0, 9, 1, 1
0, 24, 19, 6, 1288413031, 1314494816, 0, 8, 1, 1
0, 24, 19, 6, 1288413031, 1314494816, 0, 7, 1, 1
0, 24, 19, 6, 1288413031, 1314494816, 0, 6, 1, 1
0, 24, 19, 6, 1288413031, 1314494816, 0, 5, 1, 1
0, 24, 19, 6, 1288413031, 1314494816, 0, 4, 1, 1
0, 24, 19, 6, 1288413031, 1314494816, 0, 3, 1, 1
0, 24, 19, 6, 1288413031, 1314494816, 0, 2, 1, 1
0, 24, 19, 6, 1288413031, 1314494816, 0, 1, 1, 1
0, 25, 19, 6, 1314494817, 1334997095, 0, 13, 1, 1
0, 25, 19, 6, 1314494817, 1334997095, 0, 12, 1, 1
0, 25, 19, 6, 1314494817, 1334997095, 0, 11, 1, 1
0, 25, 19, 6, 1314494817, 1334997095, 0, 10, 1, 1
0, 25, 19, 6, 1314494817, 1334997095, 0, 9, 1, 1
0, 25, 19, 6, 1314494817, 1334997095, 0, 8, 1, 1
0, 25, 19, 6, 1314494817, 1334997095, 0, 7, 1, 1
0, 25, 19, 6, 1314494817, 1334997095, 0, 6, 1, 1
0, 25, 19, 6, 1314494817, 1334997095, 0, 5, 1, 1
0, 25, 19, 6, 1314494817, 1334997095, 0, 4, 1, 1
0, 25, 19, 6, 1314494817, 1334997095, 0, 3, 1, 1
0, 25, 19, 6, 1314494817, 1334997095, 0, 2, 1, 1
0, 25, 19, 6, 1314494817, 1334997095, 0, 1, 1, 1
0, 26, 19, 6, 1334997096, 1381406107, 0, 13, 19625013, 1
0, 26, 19, 6, 1334997096, 1381406107, 0, 12, 18404343, 1
0, 26, 19, 6, 1334997096, 1381406107, 0, 11, 15934738, 1
0, 26, 19, 6, 1334997096, 1381406107, 0, 10, 15356350, 1
0, 26, 19, 6, 1334997096, 1381406107, 0, 9, 15016727, 1
0, 26, 19, 6, 1334997096, 1381406107, 0, 8, 15379563, 1
0, 26, 19, 6, 1334997096, 1381406107, 0, 7, 14473985, 1
0, 26, 19, 6, 1334997096, 1381406107, 0, 6, 14017466, 1
0, 26, 19, 6, 1334997096, 1381406107, 0, 5, 12477237, 1
0, 26, 19, 6, 1334997096, 1381406107, 0, 4, 10166893, 1
0, 26, 19, 6, 1334997096, 1381406107, 0, 3, 6316320, 1
0, 26, 19, 6, 1334997096, 1381406107, 0, 2, 1, 1
0, 26, 19, 6, 1334997096, 1381406107, 0, 1, 1, 1
0, 27, 19, 6, 1381406108, 1487182603, 0, 13, 41455497, 1
0, 27, 19, 6, 1381406108, 1487182603, 0, 12, 38705228, 1
0, 27, 19, 6, 1381406108, 1487182603, 0, 11, 35348551, 1
0, 27, 19, 6, 1381406108, 1487182603, 0, 10, 37825983, 1
0, 27, 19, 6, 1381406108, 1487182603, 0, 9, 42028870, 1
0, 27, 19, 6, 1381406108, 1487182603, 0, 8, 35083742, 1
0, 27, 19, 6, 1381406108, 1487182603, 0, 7, 33299653, 1
0, 27, 19, 6, 1381406108, 1487182603, 0, 6, 38387244, 1
0, 27, 19, 6, 1381406108, 1487182603, 0, 5, 37387350, 1
0, 27, 19, 6, 1381406108, 1487182603, 0, 4, 37983929, 1
0, 27, 19, 6, 1381406108, 1487182603, 0, 3, 50645238, 1
0, 27, 19, 6, 1381406108, 1487182603, 0, 2, 53727256, 1
0, 27, 19, 6, 1381406108, 1487182603, 0, 1, 59840888, 1
0, 28, 19, 6, 1487182604, 1520814293, 0, 13, 2329394, 1
0, 28, 19, 6, 1487182604, 1520814293, 0, 12, 1985586, 1
0, 28, 19, 6, 1487182604, 1520814293, 0, 11, 1950387, 1
0, 28, 19, 6, 1487182604, 1520814293, 0, 10, 2145425, 1
0, 28, 19, 6, 1487182604, 1520814293, 0, 9, 2383806, 1
0, 28, 19, 6, 1487182604, 1520814293, 0, 8, 2681782, 1
0, 28, 19, 6, 1487182604, 1520814293, 0, 7, 1526916, 1
0, 28, 19, 6, 1487182604, 1520814293, 0, 6, 1781402, 1
0, 28, 19, 6, 1487182604, 1520814293, 0, 5, 2137682, 1
0, 28, 19, 6, 1487182604, 1520814293, 0, 4, 2672102, 1
0, 28, 19, 6, 1487182604, 1520814293, 0, 3, 3562803, 1
0, 28, 19, 6, 1487182604, 1520814293, 0, 2, 5344204, 1
0, 28, 19, 6, 1487182604, 1520814293, 0, 1, 1, 1
0, 29, 19, 6, 1520814294, 1559864289, 0, 13, 39723810, 1
0, 29, 19, 6, 1520814294, 1559864289, 0, 12, 35494483, 1
0, 29, 19, 6, 1520814294, 1559864289, 0, 11, 30309092, 1
0, 29, 19, 6, 1520814294, 1559864289, 0, 10, 22858106, 1
0, 29, 19, 6, 1520814294, 1559864289, 0, 9, 25397896, 1
0, 29, 19, 6, 1520814294, 1559864289, 0, 8, 24212813, 1
0, 29, 19, 6, 1520814294, 1559864289, 0, 7, 27671786, 1
0, 29, 19, 6, 1520814294, 1559864289, 0, 6, 32283750, 1
0, 29, 19, 6, 1520814294, 1559864289, 0, 5, 38740500, 1
0, 29, 19, 6, 1520814294, 1559864289, 0, 4, 28735777, 1
0, 29, 19, 6, 1520814294, 1559864289, 0, 3, 17675398, 1
0, 29, 19, 6, 1520814294, 1559864289, 0, 2, 1, 1
0, 29, 19, 6, 1520814294, 1559864289, 0, 1, 1, 1
0, 30, 19, 6, 1559864290, 1597870380, 0, 13, 3632612, 1
0, 30, 19, 6, 1559864290, 1597870380, 0, 12, 3323589, 1
0, 30, 19, 6, 1559864290, 1597870380, 0, 11, 3625734, 1
0, 30, 19, 6, 1559864290, 1597870380, 0, 10, 3988307, 1
0, 30, 19, 6, 1559864290, 1597870380, 0, 9, 3614449, 1
0, 30, 19, 6, 1559864290, 1597870380, 0, 8, 4066255, 1
0, 30, 19, 6, 1559864290, 1597870380, 0, 7, 4647148, 1
0, 30, 19, 6, 1559864290, 1597870380, 0, 6, 5421673, 1
0, 30, 19, 6, 1559864290, 1597870380, 0, 5, 6506007, 1
0, 30, 19, 6, 1559864290, 1597870380, 0, 4, 2870560, 1
0, 30, 19, 6, 1559864290, 1597870380, 0, 3, 3827413, 1
0, 30, 19, 6, 1559864290, 1597870380, 0, 2, 1, 1
0, 30, 19, 6, 1559864290, 1597870380, 0, 1, 1, 1
0, 31, 19, 6, 1597870381, 1729507988, 0, 13, 234402, 1
0, 31, 19, 6, 1597870381, 1729507988, 0, 12, 1, 1
0, 31, 19, 6, 1597870381, 1729507988, 0, 11, 1, 1
0, 31, 19, 6, 1597870381, 1729507988, 0, 10, 1, 1
0, 31, 19, 6, 1597870381, 1729507988, 0, 9, 1, 1
0, 31, 19, 6, 1597870381, 1729507988, 0, 8, 1, 1
0, 31, 19, 6, 1597870381, 1729507988, 0, 7, 1, 1
0, 31, 19, 6, 1597870381, 1729507988, 0, 6, 1, 1
0, 31, 19, 6, 1597870381, 1729507988, 0, 5, 1, 1
0, 31, 19, 6, 1597870381, 1729507988, 0, 4, 1, 1
0, 31, 19, 6, 1597870381, 1729507988, 0, 3, 1, 1
0, 31, 19, 6, 1597870381, 1729507988, 0, 2, 1, 1
0, 31, 19, 6, 1597870381, 1729507988, 0, 1, 1, 1
0, 32, 19, 6, 1729507989, 1749385693, 0, 13, 14800561, 1
0, 32, 19, 6, 1729507989, 1749385693, 0, 12, 11731245, 1
0, 32, 19, 6, 1729507989, 1749385693, 0, 11, 12797722, 1
0, 32, 19, 6, 1729507989, 1749385693, 0, 10, 9802293, 1
0, 32, 19, 6, 1729507989, 1749385693, 0, 9, 10891436, 1
0, 32, 19, 6, 1729507989, 1749385693, 0, 8, 11622274, 1
0, 32, 19, 6, 1729507989, 1749385693, 0, 7, 13282598, 1
0, 32, 19, 6, 1729507989, 1749385693, 0, 6, 10036755, 1
0, 32, 19, 6, 1729507989, 1749385693, 0, 5, 12044106, 1
0, 32, 19, 6, 1729507989, 1749385693, 0, 4, 14184787, 1
0, 32, 19, 6, 1729507989, 1749385693, 0, 3, 13455903, 1
0, 32, 19, 6, 1729507989, 1749385693, 0, 2, 1, 1
0, 32, 19, 6, 1729507989, 1749385693, 0, 1, 1, 1
0, 33, 19, 6, 1749385694, 1792716322, 0, 13, 2275800, 1
0, 33, 19, 6, 1749385694, 1792716322, 0, 12, 2465449, 1
0, 33, 19, 6, 1749385694, 1792716322, 0, 11, 2689581, 1
0, 33, 19, 6, 1749385694, 1792716322, 0, 10, 2958539, 1
0, 33, 19, 6, 1749385694, 1792716322, 0, 9, 3131659, 1
0, 33, 19, 6, 1749385694, 1792716322, 0, 8, 3523116, 1
0, 33, 19, 6, 1749385694, 1792716322, 0, 7, 4026419, 1
0, 33, 19, 6, 1749385694, 1792716322, 0, 6, 4697488, 1
0, 33, 19, 6, 1749385694, 1792716322, 0, 5, 5636986, 1
0, 33, 19, 6, 1749385694, 1792716322, 0, 4, 4062071, 1
0, 33, 19, 6, 1749385694, 1792716322, 0, 3, 5416094, 1
0, 33, 19, 6, 1749385694, 1792716322, 0, 2, 8124141, 1
0, 33, 19, 6, 1749385694, 1792716322, 0, 1, 1, 1
0, 34, 19, 6, 1792716323, 1814010395, 0, 13, 1, 1
0, 34, 19, 6, 1792716323, 1814010395, 0, 12, 1, 1
0, 34, 19, 6, 1792716323, 1814010395, 0, 11, 1, 1
0, 34, 19, 6, 1792716323, 1814010395, 0, 10, 1, 1
0, 34, 19, 6, 1792716323, 1814010395, 0, 9, 1, 1
0, 34, 19, 6, 1792716323, 1814010395, 0, 8, 1, 1
0, 34, 19, 6, 1792716323, 1814010395, 0, 7, 1, 1
0, 34, 19, 6, 1792716323, 1814010395, 0, 6, 1, 1
0, 34, 19, 6, 1792716323, 1814010395, 0, 5, 1, 1
0, 34, 19, 6, 1792716323, 1814010395, 0, 4, 1, 1
0, 34, 19, 6, 1792716323, 1814010395, 0, 3, 1, 1
0, 34, 19, 6, 1792716323, 1814010395, 0, 2, 1, 1
0, 34, 19, 6, 1792716323, 1814010395, 0, 1, 1, 1
0, 35, 19, 6, 1814010396, 1854024650, 0, 13, 1110464, 1
0, 35, 19, 6, 1814010396, 1854024650, 0, 12, 1203002, 1
0, 35, 19, 6, 1814010396, 1854024650, 0, 11, 1312366, 1
0, 35, 19, 6, 1814010396, 1854024650, 0, 10, 1443602, 1
0, 35, 19, 6, 1814010396, 1854024650, 0, 9, 1604003, 1
0, 35, 19, 6, 1814010396, 1854024650, 0, 8, 1804503, 1
0, 35, 19, 6, 1814010396, 1854024650, 0, 7, 2062289, 1
0, 35, 19, 6, 1814010396, 1854024650, 0, 6, 2406004, 1
0, 35, 19, 6, 1814010396, 1854024650, 0, 5, 2887204, 1
0, 35, 19, 6, 1814010396, 1854024650, 0, 4, 1, 1
0, 35, 19, 6, 1814010396, 1854024650, 0, 3, 1, 1
0, 35, 19, 6, 1814010396, 1854024650, 0, 2, 1, 1
0, 35, 19, 6, 1814010396, 1854024650, 0, 1, 1, 1
0, 36, 19, 6, 1854024651, 1919411151, 0, 13, 41972116, 1
0, 36, 19, 6, 1854024651, 1919411151, 0, 12, 41431773, 1
0, 36, 19, 6, 1854024651, 1919411151, 0, 11, 45198298, 1
0, 36, 19, 6, 1854024651, 1919411151, 0, 10, 45084324, 1
0, 36, 19, 6, 1854024651, 1919411151, 0, 9, 50093693, 1
0, 36, 19, 6, 1854024651, 1919411151, 0, 8, 56355405, 1
0, 36, 19, 6, 1854024651, 1919411151, 0, 7, 53371947, 1
0, 36, 19, 6, 1854024651, 1919411151, 0, 6, 54340641, 1
0, 36, 19, 6, 1854024651, 1919411151, 0, 5, 53339008, 1
0, 36, 19, 6, 1854024651, 1919411151, 0, 4, 59322336, 1
0, 36, 19, 6, 1854024651, 1919411151, 0, 3, 59313512, 1
0, 36, 19, 6, 1854024651, 1919411151, 0, 2, 46190727, 1
0, 36, 19, 6, 1854024651, 1919411151, 0, 1, 92381454, 1
0, 37, 19, 6, 1919411152, 1932236959, 0, 13, 89206944, 1
0, 37, 19, 6, 1919411152, 1932236959, 0, 12, 90373801, 1
0, 37, 19, 6, 1919411152, 1932236959, 0, 11, 91752813, 1
0, 37, 19, 6, 1919411152, 1932236959, 0, 10, 99862835, 1
0, 37, 19, 6, 1919411152, 1932236959, 0, 9, 90955974, 1
0, 37, 19, 6, 1919411152, 1932236959, 0, 8, 96145509, 1
0, 37, 19, 6, 1919411152, 1932236959, 0, 7, 109880582, 1
0, 37, 19, 6, 1919411152, 1932236959, 0, 6, 120481050, 1
0, 37, 19, 6, 1919411152, 1932236959, 0, 5, 144577260, 1
0, 37, 19, 6, 1919411152, 1932236959, 0, 4, 179782695, 1
0, 37, 19, 6, 1919411152, 1932236959, 0, 3, 172104515, 1
0, 37, 19, 6, 1919411152, 1932236959, 0, 2, 194461685, 1
0, 37, 19, 6, 1919411152, 1932236959, 0, 1, 157795712, 1
0, 38, 19, 6, 1932236960, 1968051987, 0, 13, 15775074, 1
0, 38, 19, 6, 1932236960, 1968051987, 0, 12, 17089663, 1
0, 38, 19, 6, 1932236960, 1968051987, 0, 11, 18643269, 1
0, 38, 19, 6, 1932236960, 1968051987, 0, 10, 20507596, 1
0, 38, 19, 6, 1932236960, 1968051987, 0, 9, 19811026, 1
0, 38, 19, 6, 1932236960, 1968051987, 0, 8, 22287404, 1
0, 38, 19, 6, 1932236960, 1968051987, 0, 7, 25471319, 1
0, 38, 19, 6, 1932236960, 1968051987, 0, 6, 29716538, 1
0, 38, 19, 6, 1932236960, 1968051987, 0, 5, 35659846, 1
0, 38, 19, 6, 1932236960, 1968051987, 0, 4, 36307337, 1
0, 38, 19, 6, 1932236960, 1968051987, 0, 3, 23630198, 1
0, 38, 19, 6, 1932236960, 1968051987, 0, 2, 18535533, 1
0, 38, 19, 6, 1932236960, 1968051987, 0, 1, 37071065, 1
0, 39, 19, 6, 1968051988, 2153459583, 0, 13, 17140885, 1
0, 39, 19, 6, 1968051988, 2153459583, 0, 12, 18569292, 1
0, 39, 19, 6, 1968051988, 2153459583, 0, 11, 20257410, 1
0, 39, 19, 6, 1968051988, 2153459583, 0, 10, 20050217, 1
0, 39, 19, 6, 1968051988, 2153459583, 0, 9, 19017130, 1
0, 39, 19, 6, 1968051988, 2153459583, 0, 8, 21394271, 1
0, 39, 19, 6, 1968051988, 2153459583, 0, 7, 24450595, 1
0, 39, 19, 6, 1968051988, 2153459583, 0, 6, 28525694, 1
0, 39, 19, 6, 1968051988, 2153459583, 0, 5, 34230833, 1
0, 39, 19, 6, 1968051988, 2153459583, 0, 4, 42788541, 1
0, 39, 19, 6, 1968051988, 2153459583, 0, 3, 27615794, 1
0, 39, 19, 6, 1968051988, 2153459583, 0, 2, 4894766, 1
0, 39, 19, 6, 1968051988, 2153459583, 0, 1, 9789532, 1
0, 40, 19, 6, 2153459584, 2154865365, 0, 13, 213601100, 1
0, 40, 19, 6, 2153459584, 2154865365, 0, 12, 231401192, 1
0, 40, 19, 6, 2153459584, 2154865365, 0, 11, 245127347, 1
0, 40, 19, 6, 2153459584, 2154865365, 0, 10, 220148302, 1
0, 40, 19, 6, 2153459584, 2154865365, 0, 9, 188838508, 1
0, 40, 19, 6, 2153459584, 2154865365, 0, 8, 208113046, 1
0, 40, 19, 6, 2153459584, 2154865365, 0, 7, 233285833, 1
0, 40, 19, 6, 2153459584, 2154865365, 0, 6, 263615708, 1
0, 40, 19, 6, 2153459584, 2154865365, 0, 5, 293627963, 1
0, 40, 19, 6, 2153459584, 2154865365, 0, 4, 276067334, 1
0, 40, 19, 6, 2153459584, 2154865365, 0, 3, 237982266, 1
0, 40, 19, 6, 2153459584, 2154865365, 0, 2, 205629410, 1
0, 40, 19, 6, 2153459584, 2154865365, 0, 1, 146550494, 1
0, 41, 19, 6, 2154865366, 2196025834, 0, 13, 214511462, 1
0, 41, 19, 6, 2154865366, 2196025834, 0, 12, 232387417, 1
0, 41, 19, 6, 2154865366, 2196025834, 0, 11, 246203228, 1
0, 41, 19, 6, 2154865366, 2196025834, 0, 10, 221331772, 1
0, 41, 19, 6, 2154865366, 2196025834, 0, 9, 190153474, 1
0, 41, 19, 6, 2154865366, 2196025834, 0, 8, 209592383, 1
0, 41, 19, 6, 2154865366, 2196025834, 0, 7, 234976504, 1
0, 41, 19, 6, 2154865366, 2196025834, 0, 6, 265588157, 1
0, 41, 19, 6, 2154865366, 2196025834, 0, 5, 295994903, 1
0, 41, 19, 6, 2154865366, 2196025834, 0, 4, 279026009, 1
0, 41, 19, 6, 2154865366, 2196025834, 0, 3, 241927165, 1
0, 41, 19, 6, 2154865366, 2196025834, 0, 2, 211546759, 1
0, 41, 19, 6, 2154865366, 2196025834, 0, 1, 158385192, 1
