1,1.0,99898582.0,2051287250.361658
2,99898583.0,141805512.0,2969379275.328295
3,141805513.0,289165757.0,2721470509.9503636
4,289165758.0,302745171.0,3411232428.307136
5,302745172.0,403402226.0,2890959196.162422
6,403402227.0,422143024.0,2959621532.946448
7,422143025.0,452582559.0,3644020966.2025056
8,452582560.0,519681830.0,3351304514.697581
9,519681831.0,673632513.0,3776632136.1112347
10,673632514.0,704002553.0,3986940254.768457
11,704002554.0,736110175.0,3514028132.2033205
12,736110176.0,774564828.0,3692003882.4236574
13,774564829.0,853851295.0,3547939144.7070417
14,853851296.0,921619418.0,3815848584.958647
15,921619419.0,940714326.0,3961797054.4853606
16,940714327.0,967911328.0,3763859160.047327
17,967911329.0,1009759279.0,3599319463.5818105
18,1009759280.0,1101735230.0,3664469368.205991
19,1101735231.0,1139261954.0,3895653436.870217
20,1139261955.0,1166593928.0,3739944151.79434
21,1166593929.0,1205276844.0,3925833534.0161853
22,1205276845.0,1249309988.0,3576928877.746714
23,1249309989.0,1281553462.0,3605106609.0171285
24,1281553463.0,1350666063.0,3683877897.0837398
25,1350666064.0,1365096019.0,3931473296.548063
26,1365096020.0,1412676654.0,3776929034.2655535
27,1412676655.0,1438535014.0,3619770533.786078
28,1438535015.0,1481191106.0,3794340099.8086667
29,1481191107.0,1552031696.0,3652281954.3815937
30,1552031697.0,1598895255.0,3531789131.536937
31,1598895256.0,1625992781.0,3658877502.095495
32,1625992782.0,1683254043.0,3811502140.3420124
33,1683254044.0,1733125375.0,3758757617.1454124
34,1733125376.0,1749620479.0,3551129123.8947506
35,1749620480.0,1794416105.0,3346974696.017711
36,1794416106.0,1819575498.0,3750059811.3208165
37,1819575499.0,1928370384.0,3865497974.360295
38,1928370385.0,1965732370.0,3482977986.9323106
39,1965732371.0,2153870801.0,3567266570.9831705
40,2153870802.0,2154935541.0,3079485559.386448
41,2154935542.0,2196025834.0,3079485559.386448
