3, 1, 14, 12, 1, 86195472, 5, 7, 29256437, 1
3, 1, 14, 12, 1, 86195472, 5, 6, 29828345, 1
3, 1, 14, 12, 1, 86195472, 5, 5, 33551169, 1
3, 1, 14, 12, 1, 86195472, 5, 4, 37918710, 1
3, 1, 14, 12, 1, 86195472, 5, 3, 40657769, 1
3, 1, 14, 12, 1, 86195472, 5, 2, 34529902, 1
3, 1, 14, 12, 1, 86195472, 5, 1, 29570286, 1
3, 1, 14, 12, 1, 86195472, 5, 0, 13523428, 0
3, 1, 14, 12, 1, 86195472, 4, 7, 28893734, 1
3, 1, 14, 12, 1, 86195472, 4, 6, 30673092, 1
3, 1, 14, 12, 1, 86195472, 4, 5, 34283237, 1
3, 1, 14, 12, 1, 86195472, 4, 4, 38315232, 1
3, 1, 14, 12, 1, 86195472, 4, 3, 41186874, 1
3, 1, 14, 12, 1, 86195472, 4, 2, 33444514, 1
3, 1, 14, 12, 1, 86195472, 4, 1, 36141460, 1
3, 1, 14, 12, 1, 86195472, 4, 0, 16904285, 0
3, 1, 14, 12, 1, 86195472, 3, 7, 20617992, 1
3, 1, 14, 12, 1, 86195472, 3, 6, 23672509, 1
3, 1, 14, 12, 1, 86195472, 3, 5, 25673327, 1
3, 1, 14, 12, 1, 86195472, 3, 4, 31078237, 1
3, 1, 14, 12, 1, 86195472, 3, 3, 31146503, 1
3, 1, 14, 12, 1, 86195472, 3, 2, 36418733, 1
3, 1, 14, 12, 1, 86195472, 3, 1, 36808000, 1
3, 1, 14, 12, 1, 86195472, 3, 0, 1, 0
3, 1, 14, 12, 1, 86195472, 2, 7, 22317176, 1
3, 1, 14, 12, 1, 86195472, 2, 6, 25664753, 1
3, 1, 14, 12, 1, 86195472, 2, 5, 27330813, 1
3, 1, 14, 12, 1, 86195472, 2, 4, 33187415, 1
3, 1, 14, 12, 1, 86195472, 2, 3, 31030441, 1
3, 1, 14, 12, 1, 86195472, 2, 2, 34342921, 1
3, 1, 14, 12, 1, 86195472, 2, 1, 26358661, 1
3, 1, 14, 12, 1, 86195472, 2, 0, 1, 0
3, 1, 14, 12, 1, 86195472, 1, 7, 29377091, 1
3, 1, 14, 12, 1, 86195472, 1, 6, 33896643, 1
3, 1, 14, 12, 1, 86195472, 1, 5, 35635011, 1
3, 1, 14, 12, 1, 86195472, 1, 4, 43553902, 1
3, 1, 14, 12, 1, 86195472, 1, 3, 38385165, 1
3, 1, 14, 12, 1, 86195472, 1, 2, 40420935, 1
3, 1, 14, 12, 1, 86195472, 1, 1, 19718205, 1
3, 1, 14, 12, 1, 86195472, 1, 0, 1, 0
3, 1, 14, 12, 1, 86195472, 0, 7, 29414678, 1
3, 1, 14, 12, 1, 86195472, 0, 6, 34317124, 1
3, 1, 14, 12, 1, 86195472, 0, 5, 41180548, 1
3, 1, 14, 12, 1, 86195472, 0, 4, 51475685, 1
3, 1, 14, 12, 1, 86195472, 0, 3, 27537926, 1
3, 1, 14, 12, 1, 86195472, 0, 2, 41306889, 1
3, 1, 14, 12, 1, 86195472, 0, 1, 59154614, 1
3, 2, 14, 12, 86195473, 100049050, 5, 7, 26107917, 1
3, 2, 14, 12, 86195473, 100049050, 5, 6, 27942842, 1
3, 2, 14, 12, 86195473, 100049050, 5, 5, 32602377, 1
3, 2, 14, 12, 86195473, 100049050, 5, 4, 35239519, 1
3, 2, 14, 12, 86195473, 100049050, 5, 3, 33610080, 1
3, 2, 14, 12, 86195473, 100049050, 5, 2, 14487751, 1
3, 2, 14, 12, 86195473, 100049050, 5, 1, 14696533, 1
3, 2, 14, 12, 86195473, 100049050, 5, 0, 17292330, 0
3, 2, 14, 12, 86195473, 100049050, 4, 7, 27683432, 1
3, 2, 14, 12, 86195473, 100049050, 4, 6, 29359950, 1
3, 2, 14, 12, 86195473, 100049050, 4, 5, 34422011, 1
3, 2, 14, 12, 86195473, 100049050, 4, 4, 36629216, 1
3, 2, 14, 12, 86195473, 100049050, 4, 3, 33167735, 1
3, 2, 14, 12, 86195473, 100049050, 4, 2, 14867847, 1
3, 2, 14, 12, 86195473, 100049050, 4, 1, 13724438, 1
3, 2, 14, 12, 86195473, 100049050, 4, 0, 12079934, 0
3, 2, 14, 12, 86195473, 100049050, 3, 7, 28603243, 1
3, 2, 14, 12, 86195473, 100049050, 3, 6, 29825369, 1
3, 2, 14, 12, 86195473, 100049050, 3, 5, 35012390, 1
3, 2, 14, 12, 86195473, 100049050, 3, 4, 37886423, 1
3, 2, 14, 12, 86195473, 100049050, 3, 3, 31395189, 1
3, 2, 14, 12, 86195473, 100049050, 3, 2, 14530011, 1
3, 2, 14, 12, 86195473, 100049050, 3, 1, 10742887, 1
3, 2, 14, 12, 86195473, 100049050, 3, 0, 1, 0
3, 2, 14, 12, 86195473, 100049050, 2, 7, 31555828, 1
3, 2, 14, 12, 86195473, 100049050, 2, 6, 35008129, 1
3, 2, 14, 12, 86195473, 100049050, 2, 5, 41186035, 1
3, 2, 14, 12, 86195473, 100049050, 2, 4, 43908547, 1
3, 2, 14, 12, 86195473, 100049050, 2, 3, 41962449, 1
3, 2, 14, 12, 86195473, 100049050, 2, 2, 19978765, 1
3, 2, 14, 12, 86195473, 100049050, 2, 1, 15040042, 1
3, 2, 14, 12, 86195473, 100049050, 2, 0, 1, 0
3, 2, 14, 12, 86195473, 100049050, 1, 7, 20664908, 1
3, 2, 14, 12, 86195473, 100049050, 1, 6, 21873243, 1
3, 2, 14, 12, 86195473, 100049050, 1, 5, 25850196, 1
3, 2, 14, 12, 86195473, 100049050, 1, 4, 22101025, 1
3, 2, 14, 12, 86195473, 100049050, 1, 3, 27888894, 1
3, 2, 14, 12, 86195473, 100049050, 1, 2, 15040042, 1
3, 2, 14, 12, 86195473, 100049050, 1, 1, 25066736, 1
3, 2, 14, 12, 86195473, 100049050, 1, 0, 1, 0
3, 2, 14, 12, 86195473, 100049050, 0, 7, 28415604, 1
3, 2, 14, 12, 86195473, 100049050, 0, 6, 33151538, 1
3, 2, 14, 12, 86195473, 100049050, 0, 5, 39781845, 1
3, 2, 14, 12, 86195473, 100049050, 0, 4, 49727306, 1
3, 2, 14, 12, 86195473, 100049050, 0, 3, 65074084, 1
3, 2, 14, 12, 86195473, 100049050, 0, 2, 37600104, 1
3, 2, 14, 12, 86195473, 100049050, 0, 1, 75200208, 1
3, 3, 14, 12, 100049051, 161726455, 5, 7, 4006236, 0
3, 3, 14, 12, 100049051, 161726455, 5, 6, 2794577, 0
3, 3, 14, 12, 100049051, 161726455, 5, 5, 2551630, 0
3, 3, 14, 12, 100049051, 161726455, 5, 4, 3079554, 0
3, 3, 14, 12, 100049051, 161726455, 5, 3, 2287672, 0
3, 3, 14, 12, 100049051, 161726455, 5, 2, 3095086, 0
3, 3, 14, 12, 100049051, 161726455, 5, 1, 1119200, 0
3, 3, 14, 12, 100049051, 161726455, 5, 0, 2462240, 0
3, 3, 14, 12, 100049051, 161726455, 4, 7, 2426051, 0
3, 3, 14, 12, 100049051, 161726455, 4, 6, 2626678, 0
3, 3, 14, 12, 100049051, 161726455, 4, 5, 3079554, 0
3, 3, 14, 12, 100049051, 161726455, 4, 4, 3721128, 0
3, 3, 14, 12, 100049051, 161726455, 4, 3, 2769288, 0
3, 3, 14, 12, 100049051, 161726455, 4, 2, 3758319, 0
3, 3, 14, 12, 100049051, 161726455, 4, 1, 1367911, 0
3, 3, 14, 12, 100049051, 161726455, 4, 0, 3077799, 0
3, 3, 14, 12, 100049051, 161726455, 3, 7, 2880873, 0
3, 3, 14, 12, 100049051, 161726455, 3, 6, 3307669, 0
3, 3, 14, 12, 100049051, 161726455, 3, 5, 3882916, 0
3, 3, 14, 12, 100049051, 161726455, 3, 4, 4700372, 0
3, 3, 14, 12, 100049051, 161726455, 3, 3, 3507764, 0
3, 3, 14, 12, 100049051, 161726455, 3, 2, 4783314, 0
3, 3, 14, 12, 100049051, 161726455, 3, 1, 1758743, 0
3, 3, 14, 12, 100049051, 161726455, 3, 0, 4103732, 0
3, 3, 14, 12, 100049051, 161726455, 2, 7, 3882916, 0
3, 3, 14, 12, 100049051, 161726455, 2, 6, 4465353, 0
3, 3, 14, 12, 100049051, 161726455, 2, 5, 5253356, 0
3, 3, 14, 12, 100049051, 161726455, 2, 4, 6379075, 0
3, 3, 14, 12, 100049051, 161726455, 2, 3, 4783314, 0
3, 3, 14, 12, 100049051, 161726455, 2, 2, 6577057, 0
3, 3, 14, 12, 100049051, 161726455, 2, 1, 2462240, 0
3, 3, 14, 12, 100049051, 161726455, 2, 0, 6155598, 0
3, 3, 14, 12, 100049051, 161726455, 1, 7, 2446040, 1
3, 3, 14, 12, 100049051, 161726455, 1, 6, 2822354, 1
3, 3, 14, 12, 100049051, 161726455, 1, 5, 3335509, 1
3, 3, 14, 12, 100049051, 161726455, 1, 4, 4076733, 1
3, 3, 14, 12, 100049051, 161726455, 1, 3, 1, 1
3, 3, 14, 12, 100049051, 161726455, 1, 2, 1, 1
3, 3, 14, 12, 100049051, 161726455, 1, 1, 1, 1
3, 3, 14, 12, 100049051, 161726455, 1, 0, 1, 0
3, 3, 14, 12, 100049051, 161726455, 0, 7, 1, 1
3, 3, 14, 12, 100049051, 161726455, 0, 6, 1, 1
3, 3, 14, 12, 100049051, 161726455, 0, 5, 1, 1
3, 3, 14, 12, 100049051, 161726455, 0, 4, 1, 1
3, 3, 14, 12, 100049051, 161726455, 0, 3, 1, 1
3, 3, 14, 12, 100049051, 161726455, 0, 2, 1, 1
3, 3, 14, 12, 100049051, 161726455, 0, 1, 1, 1
3, 4, 14, 12, 161726456, 313706658, 5, 7, 1776471, 1
3, 4, 14, 12, 161726456, 313706658, 5, 6, 2036442, 1
3, 4, 14, 12, 161726456, 313706658, 5, 5, 1340886, 1
3, 4, 14, 12, 161726456, 313706658, 5, 4, 1618310, 1
3, 4, 14, 12, 161726456, 313706658, 5, 3, 1987982, 1
3, 4, 14, 12, 161726456, 313706658, 5, 2, 493990, 1
3, 4, 14, 12, 161726456, 313706658, 5, 1, 763438, 1
3, 4, 14, 12, 161726456, 313706658, 5, 0, 1, 0
3, 4, 14, 12, 161726456, 313706658, 4, 7, 2109916, 1
3, 4, 14, 12, 161726456, 313706658, 4, 6, 2420197, 1
3, 4, 14, 12, 161726456, 313706658, 4, 5, 1576675, 1
3, 4, 14, 12, 161726456, 313706658, 4, 4, 1905149, 1
3, 4, 14, 12, 161726456, 313706658, 4, 3, 2406504, 1
3, 4, 14, 12, 161726456, 313706658, 4, 2, 599844, 1
3, 4, 14, 12, 161726456, 313706658, 4, 1, 933091, 1
3, 4, 14, 12, 161726456, 313706658, 4, 0, 1, 0
3, 4, 14, 12, 161726456, 313706658, 3, 7, 2654410, 1
3, 4, 14, 12, 161726456, 313706658, 3, 6, 3047656, 1
3, 4, 14, 12, 161726456, 313706658, 3, 5, 1987982, 1
3, 4, 14, 12, 161726456, 313706658, 3, 4, 2406504, 1
3, 4, 14, 12, 161726456, 313706658, 3, 3, 3048239, 1
3, 4, 14, 12, 161726456, 313706658, 3, 2, 763438, 1
3, 4, 14, 12, 161726456, 313706658, 3, 1, 1199688, 1
3, 4, 14, 12, 161726456, 313706658, 3, 0, 1, 0
3, 4, 14, 12, 161726456, 313706658, 2, 7, 3212560, 1
3, 4, 14, 12, 161726456, 313706658, 2, 6, 3694444, 1
3, 4, 14, 12, 161726456, 313706658, 2, 5, 2195633, 1
3, 4, 14, 12, 161726456, 313706658, 2, 4, 2666126, 1
3, 4, 14, 12, 161726456, 313706658, 2, 3, 3393251, 1
3, 4, 14, 12, 161726456, 313706658, 2, 2, 1, 1
3, 4, 14, 12, 161726456, 313706658, 2, 1, 1, 1
3, 4, 14, 12, 161726456, 313706658, 2, 0, 1, 0
3, 4, 14, 12, 161726456, 313706658, 1, 7, 2437542, 1
3, 4, 14, 12, 161726456, 313706658, 1, 6, 2812548, 1
3, 4, 14, 12, 161726456, 313706658, 1, 5, 1, 1
3, 4, 14, 12, 161726456, 313706658, 1, 4, 1, 1
3, 4, 14, 12, 161726456, 313706658, 1, 3, 1, 1
3, 4, 14, 12, 161726456, 313706658, 1, 2, 1, 1
3, 4, 14, 12, 161726456, 313706658, 1, 1, 1, 1
3, 4, 14, 12, 161726456, 313706658, 1, 0, 1, 0
3, 4, 14, 12, 161726456, 313706658, 0, 7, 5223304, 1
3, 4, 14, 12, 161726456, 313706658, 0, 6, 6093854, 1
3, 4, 14, 12, 161726456, 313706658, 0, 5, 1, 1
3, 4, 14, 12, 161726456, 313706658, 0, 4, 1, 1
3, 4, 14, 12, 161726456, 313706658, 0, 3, 1, 1
3, 4, 14, 12, 161726456, 313706658, 0, 2, 1, 1
3, 4, 14, 12, 161726456, 313706658, 0, 1, 1, 1
3, 5, 14, 12, 313706659, 377736619, 5, 7, 31558401, 1
3, 5, 14, 12, 313706659, 377736619, 5, 6, 31275079, 1
3, 5, 14, 12, 313706659, 377736619, 5, 5, 26657318, 1
3, 5, 14, 12, 313706659, 377736619, 5, 4, 24035816, 1
3, 5, 14, 12, 313706659, 377736619, 5, 3, 27816504, 1
3, 5, 14, 12, 313706659, 377736619, 5, 2, 34982007, 1
3, 5, 14, 12, 313706659, 377736619, 5, 1, 33809496, 0
3, 5, 14, 12, 313706659, 377736619, 5, 0, 38073351, 0
3, 5, 14, 12, 313706659, 377736619, 4, 7, 35704827, 1
3, 5, 14, 12, 313706659, 377736619, 4, 6, 35044755, 1
3, 5, 14, 12, 313706659, 377736619, 4, 5, 29043088, 1
3, 5, 14, 12, 313706659, 377736619, 4, 4, 27286173, 1
3, 5, 14, 12, 313706659, 377736619, 4, 3, 31465844, 1
3, 5, 14, 12, 313706659, 377736619, 4, 2, 39483254, 1
3, 5, 14, 12, 313706659, 377736619, 4, 1, 36663989, 0
3, 5, 14, 12, 313706659, 377736619, 4, 0, 37109549, 0
3, 5, 14, 12, 313706659, 377736619, 3, 7, 41726121, 0
3, 5, 14, 12, 313706659, 377736619, 3, 6, 40464561, 1
3, 5, 14, 12, 313706659, 377736619, 3, 5, 36619545, 1
3, 5, 14, 12, 313706659, 377736619, 3, 4, 34466745, 1
3, 5, 14, 12, 313706659, 377736619, 3, 3, 39856735, 1
3, 5, 14, 12, 313706659, 377736619, 3, 2, 50251414, 1
3, 5, 14, 12, 313706659, 377736619, 3, 1, 47139414, 0
3, 5, 14, 12, 313706659, 377736619, 3, 0, 49479399, 0
3, 5, 14, 12, 313706659, 377736619, 2, 7, 46509651, 0
3, 5, 14, 12, 313706659, 377736619, 2, 6, 47169903, 0
3, 5, 14, 12, 313706659, 377736619, 2, 5, 42171187, 0
3, 5, 14, 12, 313706659, 377736619, 2, 4, 39745510, 0
3, 5, 14, 12, 313706659, 377736619, 2, 3, 45401818, 0
3, 5, 14, 12, 313706659, 377736619, 2, 2, 56791816, 0
3, 5, 14, 12, 313706659, 377736619, 2, 1, 62285782, 0
3, 5, 14, 12, 313706659, 377736619, 2, 0, 74219098, 0
3, 5, 14, 12, 313706659, 377736619, 1, 7, 57898680, 0
3, 5, 14, 12, 313706659, 377736619, 1, 6, 63695423, 0
3, 5, 14, 12, 313706659, 377736619, 1, 5, 54768260, 0
3, 5, 14, 12, 313706659, 377736619, 1, 4, 49108646, 0
3, 5, 14, 12, 313706659, 377736619, 1, 3, 54994383, 0
3, 5, 14, 12, 313706659, 377736619, 1, 2, 67975043, 0
3, 5, 14, 12, 313706659, 377736619, 1, 1, 79516360, 0
3, 5, 14, 12, 313706659, 377736619, 1, 0, 114124110, 0
3, 5, 14, 12, 313706659, 377736619, 0, 7, 47763810, 1
3, 5, 14, 12, 313706659, 377736619, 0, 6, 55724445, 1
3, 5, 14, 12, 313706659, 377736619, 0, 5, 52795640, 1
3, 5, 14, 12, 313706659, 377736619, 0, 4, 54836867, 1
3, 5, 14, 12, 313706659, 377736619, 0, 3, 54110111, 1
3, 5, 14, 12, 313706659, 377736619, 0, 2, 58622433, 1
3, 5, 14, 12, 313706659, 377736619, 0, 1, 28850838, 1
3, 6, 14, 12, 377736620, 430820998, 5, 7, 44371307, 1
3, 6, 14, 12, 377736620, 430820998, 5, 6, 46378160, 1
3, 6, 14, 12, 377736620, 430820998, 5, 5, 48017781, 1
3, 6, 14, 12, 377736620, 430820998, 5, 4, 34816735, 1
3, 6, 14, 12, 377736620, 430820998, 5, 3, 34902852, 0
3, 6, 14, 12, 377736620, 430820998, 5, 2, 31087002, 0
3, 6, 14, 12, 377736620, 430820998, 5, 1, 33033397, 0
3, 6, 14, 12, 377736620, 430820998, 5, 0, 39282457, 0
3, 6, 14, 12, 377736620, 430820998, 4, 7, 47655447, 1
3, 6, 14, 12, 377736620, 430820998, 4, 6, 51308573, 1
3, 6, 14, 12, 377736620, 430820998, 4, 5, 54487167, 1
3, 6, 14, 12, 377736620, 430820998, 4, 4, 37882950, 0
3, 6, 14, 12, 377736620, 430820998, 4, 3, 39945556, 0
3, 6, 14, 12, 377736620, 430820998, 4, 2, 34619929, 0
3, 6, 14, 12, 377736620, 430820998, 4, 1, 40374151, 0
3, 6, 14, 12, 377736620, 430820998, 4, 0, 49103071, 0
3, 6, 14, 12, 377736620, 430820998, 3, 7, 53375485, 0
3, 6, 14, 12, 377736620, 430820998, 3, 6, 59340208, 1
3, 6, 14, 12, 377736620, 430820998, 3, 5, 66091940, 0
3, 6, 14, 12, 377736620, 430820998, 3, 4, 47852148, 0
3, 6, 14, 12, 377736620, 430820998, 3, 3, 50597704, 0
3, 6, 14, 12, 377736620, 430820998, 3, 2, 44061728, 0
3, 6, 14, 12, 377736620, 430820998, 3, 1, 51909623, 0
3, 6, 14, 12, 377736620, 430820998, 3, 0, 65470761, 0
3, 6, 14, 12, 377736620, 430820998, 2, 7, 46029790, 1
3, 6, 14, 12, 377736620, 430820998, 2, 6, 50898730, 1
3, 6, 14, 12, 377736620, 430820998, 2, 5, 55053153, 1
3, 6, 14, 12, 377736620, 430820998, 2, 4, 35046529, 0
3, 6, 14, 12, 377736620, 430820998, 2, 3, 34913019, 0
3, 6, 14, 12, 377736620, 430820998, 2, 2, 27833270, 0
3, 6, 14, 12, 377736620, 430820998, 2, 1, 23489817, 0
3, 6, 14, 12, 377736620, 430820998, 2, 0, 41803330, 0
3, 6, 14, 12, 377736620, 430820998, 1, 7, 45083288, 1
3, 6, 14, 12, 377736620, 430820998, 1, 6, 48887596, 1
3, 6, 14, 12, 377736620, 430820998, 1, 5, 50315250, 1
3, 6, 14, 12, 377736620, 430820998, 1, 4, 20229652, 1
3, 6, 14, 12, 377736620, 430820998, 1, 3, 10779811, 1
3, 6, 14, 12, 377736620, 430820998, 1, 2, 10212190, 1
3, 6, 14, 12, 377736620, 430820998, 1, 1, 1, 1
3, 6, 14, 12, 377736620, 430820998, 1, 0, 1, 0
3, 6, 14, 12, 377736620, 430820998, 0, 7, 57877700, 1
3, 6, 14, 12, 377736620, 430820998, 0, 6, 67523983, 1
3, 6, 14, 12, 377736620, 430820998, 0, 5, 64614581, 1
3, 6, 14, 12, 377736620, 430820998, 0, 4, 39417286, 1
3, 6, 14, 12, 377736620, 430820998, 0, 3, 17020316, 1
3, 6, 14, 12, 377736620, 430820998, 0, 2, 25530473, 1
3, 6, 14, 12, 377736620, 430820998, 0, 1, 1, 1
3, 7, 14, 12, 430820999, 487130750, 5, 7, 35230625, 1
3, 7, 14, 12, 430820999, 487130750, 5, 6, 31611587, 1
3, 7, 14, 12, 430820999, 487130750, 5, 5, 31980098, 1
3, 7, 14, 12, 430820999, 487130750, 5, 4, 24461000, 1
3, 7, 14, 12, 430820999, 487130750, 5, 3, 22385618, 0
3, 7, 14, 12, 430820999, 487130750, 5, 2, 24284977, 0
3, 7, 14, 12, 430820999, 487130750, 5, 1, 17213081, 0
3, 7, 14, 12, 430820999, 487130750, 5, 0, 25232749, 0
3, 7, 14, 12, 430820999, 487130750, 4, 7, 35470490, 1
3, 7, 14, 12, 430820999, 487130750, 4, 6, 33255551, 1
3, 7, 14, 12, 430820999, 487130750, 4, 5, 32893694, 1
3, 7, 14, 12, 430820999, 487130750, 4, 4, 23087304, 0
3, 7, 14, 12, 430820999, 487130750, 4, 3, 18926079, 0
3, 7, 14, 12, 430820999, 487130750, 4, 2, 18397921, 0
3, 7, 14, 12, 430820999, 487130750, 4, 1, 14018194, 0
3, 7, 14, 12, 430820999, 487130750, 4, 0, 31540936, 0
3, 7, 14, 12, 430820999, 487130750, 3, 7, 40389448, 1
3, 7, 14, 12, 430820999, 487130750, 3, 6, 37015279, 1
3, 7, 14, 12, 430820999, 487130750, 3, 5, 38163372, 0
3, 7, 14, 12, 430820999, 487130750, 3, 4, 29162910, 0
3, 7, 14, 12, 430820999, 487130750, 3, 3, 23973033, 0
3, 7, 14, 12, 430820999, 487130750, 3, 2, 23415536, 0
3, 7, 14, 12, 430820999, 487130750, 3, 1, 18023392, 0
3, 7, 14, 12, 430820999, 487130750, 3, 0, 42054581, 0
3, 7, 14, 12, 430820999, 487130750, 2, 7, 47262155, 1
3, 7, 14, 12, 430820999, 487130750, 2, 6, 41718461, 1
3, 7, 14, 12, 430820999, 487130750, 2, 5, 43483474, 0
3, 7, 14, 12, 430820999, 487130750, 2, 4, 35099613, 0
3, 7, 14, 12, 430820999, 487130750, 2, 3, 27022860, 0
3, 7, 14, 12, 430820999, 487130750, 2, 2, 27287817, 0
3, 7, 14, 12, 430820999, 487130750, 2, 1, 17379076, 0
3, 7, 14, 12, 430820999, 487130750, 2, 0, 43447690, 0
3, 7, 14, 12, 430820999, 487130750, 1, 7, 50141020, 1
3, 7, 14, 12, 430820999, 487130750, 1, 6, 44876825, 1
3, 7, 14, 12, 430820999, 487130750, 1, 5, 44386233, 1
3, 7, 14, 12, 430820999, 487130750, 1, 4, 32946150, 0
3, 7, 14, 12, 430820999, 487130750, 1, 3, 14624604, 0
3, 7, 14, 12, 430820999, 487130750, 1, 2, 14113758, 0
3, 7, 14, 12, 430820999, 487130750, 1, 1, 9796824, 0
3, 7, 14, 12, 430820999, 487130750, 1, 0, 29390472, 0
3, 7, 14, 12, 430820999, 487130750, 0, 7, 55349231, 1
3, 7, 14, 12, 430820999, 487130750, 0, 6, 48010905, 1
3, 7, 14, 12, 430820999, 487130750, 0, 5, 38583056, 1
3, 7, 14, 12, 430820999, 487130750, 0, 4, 29336337, 1
3, 7, 14, 12, 430820999, 487130750, 0, 3, 1, 1
3, 7, 14, 12, 430820999, 487130750, 0, 2, 1, 1
3, 7, 14, 12, 430820999, 487130750, 0, 1, 1, 1
3, 8, 14, 12, 487130751, 663647086, 5, 7, 86243947, 1
3, 8, 14, 12, 487130751, 663647086, 5, 6, 83670549, 1
3, 8, 14, 12, 487130751, 663647086, 5, 5, 74908852, 1
3, 8, 14, 12, 487130751, 663647086, 5, 4, 64302447, 1
3, 8, 14, 12, 487130751, 663647086, 5, 3, 24989127, 1
3, 8, 14, 12, 487130751, 663647086, 5, 2, 33808819, 1
3, 8, 14, 12, 487130751, 663647086, 5, 1, 1, 1
3, 8, 14, 12, 487130751, 663647086, 5, 0, 1, 0
3, 8, 14, 12, 487130751, 663647086, 4, 7, 48126010, 1
3, 8, 14, 12, 487130751, 663647086, 4, 6, 55203364, 1
3, 8, 14, 12, 487130751, 663647086, 4, 5, 43343569, 1
3, 8, 14, 12, 487130751, 663647086, 4, 4, 28694020, 1
3, 8, 14, 12, 487130751, 663647086, 4, 3, 1, 1
3, 8, 14, 12, 487130751, 663647086, 4, 2, 1, 1
3, 8, 14, 12, 487130751, 663647086, 4, 1, 1, 1
3, 8, 14, 12, 487130751, 663647086, 4, 0, 1, 0
3, 8, 14, 12, 487130751, 663647086, 3, 7, 1, 1
3, 8, 14, 12, 487130751, 663647086, 3, 6, 1, 1
3, 8, 14, 12, 487130751, 663647086, 3, 5, 1, 1
3, 8, 14, 12, 487130751, 663647086, 3, 4, 1, 1
3, 8, 14, 12, 487130751, 663647086, 3, 3, 1, 1
3, 8, 14, 12, 487130751, 663647086, 3, 2, 1, 1
3, 8, 14, 12, 487130751, 663647086, 3, 1, 1, 1
3, 8, 14, 12, 487130751, 663647086, 3, 0, 1, 0
3, 8, 14, 12, 487130751, 663647086, 2, 7, 1, 1
3, 8, 14, 12, 487130751, 663647086, 2, 6, 1, 1
3, 8, 14, 12, 487130751, 663647086, 2, 5, 1, 1
3, 8, 14, 12, 487130751, 663647086, 2, 4, 1, 1
3, 8, 14, 12, 487130751, 663647086, 2, 3, 1, 1
3, 8, 14, 12, 487130751, 663647086, 2, 2, 1, 1
3, 8, 14, 12, 487130751, 663647086, 2, 1, 1, 1
3, 8, 14, 12, 487130751, 663647086, 2, 0, 1, 0
3, 8, 14, 12, 487130751, 663647086, 1, 7, 1, 1
3, 8, 14, 12, 487130751, 663647086, 1, 6, 1, 1
3, 8, 14, 12, 487130751, 663647086, 1, 5, 1, 1
3, 8, 14, 12, 487130751, 663647086, 1, 4, 1, 1
3, 8, 14, 12, 487130751, 663647086, 1, 3, 1, 1
3, 8, 14, 12, 487130751, 663647086, 1, 2, 1, 1
3, 8, 14, 12, 487130751, 663647086, 1, 1, 1, 1
3, 8, 14, 12, 487130751, 663647086, 1, 0, 1, 0
3, 8, 14, 12, 487130751, 663647086, 0, 7, 1, 1
3, 8, 14, 12, 487130751, 663647086, 0, 6, 1, 1
3, 8, 14, 12, 487130751, 663647086, 0, 5, 1, 1
3, 8, 14, 12, 487130751, 663647086, 0, 4, 1, 1
3, 8, 14, 12, 487130751, 663647086, 0, 3, 1, 1
3, 8, 14, 12, 487130751, 663647086, 0, 2, 1, 1
3, 8, 14, 12, 487130751, 663647086, 0, 1, 1, 1
3, 9, 14, 12, 663647087, 1293319209, 5, 7, 125302926, 0
3, 9, 14, 12, 663647087, 1293319209, 5, 6, 142063520, 0
3, 9, 14, 12, 663647087, 1293319209, 5, 5, 166417267, 0
3, 9, 14, 12, 663647087, 1293319209, 5, 4, 196736422, 0
3, 9, 14, 12, 663647087, 1293319209, 5, 3, 243263276, 0
3, 9, 14, 12, 663647087, 1293319209, 5, 2, 281131005, 0
3, 9, 14, 12, 663647087, 1293319209, 5, 1, 335581789, 0
3, 9, 14, 12, 663647087, 1293319209, 5, 0, 397718055, 0
3, 9, 14, 12, 663647087, 1293319209, 4, 7, 109376261, 0
3, 9, 14, 12, 663647087, 1293319209, 4, 6, 123560029, 0
3, 9, 14, 12, 663647087, 1293319209, 4, 5, 144863482, 0
3, 9, 14, 12, 663647087, 1293319209, 4, 4, 170074703, 0
3, 9, 14, 12, 663647087, 1293319209, 4, 3, 209025894, 0
3, 9, 14, 12, 663647087, 1293319209, 4, 2, 225404552, 0
3, 9, 14, 12, 663647087, 1293319209, 4, 1, 229759592, 0
3, 9, 14, 12, 663647087, 1293319209, 4, 0, 275536096, 0
3, 9, 14, 12, 663647087, 1293319209, 3, 7, 18706629, 0
3, 9, 14, 12, 663647087, 1293319209, 3, 6, 19084159, 0
3, 9, 14, 12, 663647087, 1293319209, 3, 5, 22403143, 0
3, 9, 14, 12, 663647087, 1293319209, 3, 4, 20843379, 0
3, 9, 14, 12, 663647087, 1293319209, 3, 3, 20534588, 0
3, 9, 14, 12, 663647087, 1293319209, 3, 2, 28001710, 0
3, 9, 14, 12, 663647087, 1293319209, 3, 1, 25144393, 0
3, 9, 14, 12, 663647087, 1293319209, 3, 0, 44002688, 0
3, 9, 14, 12, 663647087, 1293319209, 2, 7, 19473801, 0
3, 9, 14, 12, 663647087, 1293319209, 2, 6, 19163212, 0
3, 9, 14, 12, 663647087, 1293319209, 2, 5, 22544955, 0
3, 9, 14, 12, 663647087, 1293319209, 2, 4, 18858295, 0
3, 9, 14, 12, 663647087, 1293319209, 2, 3, 20001222, 0
3, 9, 14, 12, 663647087, 1293319209, 2, 2, 27501680, 0
3, 9, 14, 12, 663647087, 1293319209, 2, 1, 26401613, 0
3, 9, 14, 12, 663647087, 1293319209, 2, 0, 44002688, 0
3, 9, 14, 12, 663647087, 1293319209, 1, 7, 17601075, 0
3, 9, 14, 12, 663647087, 1293319209, 1, 6, 16924111, 0
3, 9, 14, 12, 663647087, 1293319209, 1, 5, 20001222, 0
3, 9, 14, 12, 663647087, 1293319209, 1, 4, 19556750, 0
3, 9, 14, 12, 663647087, 1293319209, 1, 3, 18858295, 0
3, 9, 14, 12, 663647087, 1293319209, 1, 2, 26401613, 0
3, 9, 14, 12, 663647087, 1293319209, 1, 1, 14667563, 0
3, 9, 14, 12, 663647087, 1293319209, 1, 0, 44002688, 0
3, 9, 14, 12, 663647087, 1293319209, 0, 7, 18858295, 1
3, 9, 14, 12, 663647087, 1293319209, 0, 6, 14667563, 1
3, 9, 14, 12, 663647087, 1293319209, 0, 5, 17601075, 1
3, 9, 14, 12, 663647087, 1293319209, 0, 4, 11000672, 1
3, 9, 14, 12, 663647087, 1293319209, 0, 3, 14667563, 1
3, 9, 14, 12, 663647087, 1293319209, 0, 2, 22001344, 1
3, 9, 14, 12, 663647087, 1293319209, 0, 1, 1, 1
3, 10, 14, 12, 1293319210, 1338984208, 5, 7, 669473, 1
3, 10, 14, 12, 1293319210, 1338984208, 5, 6, 767444, 1
3, 10, 14, 12, 1293319210, 1338984208, 5, 5, 899006, 1
3, 10, 14, 12, 1293319210, 1338984208, 5, 4, 1, 1
3, 10, 14, 12, 1293319210, 1338984208, 5, 3, 1, 1
3, 10, 14, 12, 1293319210, 1338984208, 5, 2, 1, 1
3, 10, 14, 12, 1293319210, 1338984208, 5, 1, 1, 1
3, 10, 14, 12, 1293319210, 1338984208, 5, 0, 1, 0
3, 10, 14, 12, 1293319210, 1338984208, 4, 7, 806800, 1
3, 10, 14, 12, 1293319210, 1338984208, 4, 6, 925447, 1
3, 10, 14, 12, 1293319210, 1338984208, 4, 5, 1085007, 1
3, 10, 14, 12, 1293319210, 1338984208, 4, 4, 1, 1
3, 10, 14, 12, 1293319210, 1338984208, 4, 3, 1, 1
3, 10, 14, 12, 1293319210, 1338984208, 4, 2, 1, 1
3, 10, 14, 12, 1293319210, 1338984208, 4, 1, 1, 1
3, 10, 14, 12, 1293319210, 1338984208, 4, 0, 1, 0
3, 10, 14, 12, 1293319210, 1338984208, 3, 7, 1015007, 1
3, 10, 14, 12, 1293319210, 1338984208, 3, 6, 1165378, 1
3, 10, 14, 12, 1293319210, 1338984208, 3, 5, 1368052, 1
3, 10, 14, 12, 1293319210, 1338984208, 3, 4, 1, 1
3, 10, 14, 12, 1293319210, 1338984208, 3, 3, 1, 1
3, 10, 14, 12, 1293319210, 1338984208, 3, 2, 1, 1
3, 10, 14, 12, 1293319210, 1338984208, 3, 1, 1, 1
3, 10, 14, 12, 1293319210, 1338984208, 3, 0, 1, 0
3, 10, 14, 12, 1293319210, 1338984208, 2, 7, 1368052, 1
3, 10, 14, 12, 1293319210, 1338984208, 2, 6, 1573260, 1
3, 10, 14, 12, 1293319210, 1338984208, 2, 5, 1850894, 1
3, 10, 14, 12, 1293319210, 1338984208, 2, 4, 1, 1
3, 10, 14, 12, 1293319210, 1338984208, 2, 3, 1, 1
3, 10, 14, 12, 1293319210, 1338984208, 2, 2, 1, 1
3, 10, 14, 12, 1293319210, 1338984208, 2, 1, 1, 1
3, 10, 14, 12, 1293319210, 1338984208, 2, 0, 1, 0
3, 10, 14, 12, 1293319210, 1338984208, 1, 7, 2097680, 1
3, 10, 14, 12, 1293319210, 1338984208, 1, 6, 2420400, 1
3, 10, 14, 12, 1293319210, 1338984208, 1, 5, 2860473, 1
3, 10, 14, 12, 1293319210, 1338984208, 1, 4, 1, 1
3, 10, 14, 12, 1293319210, 1338984208, 1, 3, 1, 1
3, 10, 14, 12, 1293319210, 1338984208, 1, 2, 1, 1
3, 10, 14, 12, 1293319210, 1338984208, 1, 1, 1, 1
3, 10, 14, 12, 1293319210, 1338984208, 1, 0, 1, 0
3, 10, 14, 12, 1293319210, 1338984208, 0, 7, 4495028, 1
3, 10, 14, 12, 1293319210, 1338984208, 0, 6, 5244200, 1
3, 10, 14, 12, 1293319210, 1338984208, 0, 5, 6293039, 1
3, 10, 14, 12, 1293319210, 1338984208, 0, 4, 1, 1
3, 10, 14, 12, 1293319210, 1338984208, 0, 3, 1, 1
3, 10, 14, 12, 1293319210, 1338984208, 0, 2, 1, 1
3, 10, 14, 12, 1293319210, 1338984208, 0, 1, 1, 1
3, 11, 14, 12, 1338984209, 1442692410, 5, 7, 438141019, 0
3, 11, 14, 12, 1338984209, 1442692410, 5, 6, 447340200, 0
3, 11, 14, 12, 1338984209, 1442692410, 5, 5, 452059660, 0
3, 11, 14, 12, 1338984209, 1442692410, 5, 4, 491133806, 0
3, 11, 14, 12, 1338984209, 1442692410, 5, 3, 504470847, 0
3, 11, 14, 12, 1338984209, 1442692410, 5, 2, 581819061, 0
3, 11, 14, 12, 1338984209, 1442692410, 5, 1, 559498502, 0
3, 11, 14, 12, 1338984209, 1442692410, 5, 0, 627397416, 0
3, 11, 14, 12, 1338984209, 1442692410, 4, 7, 470293425, 0
3, 11, 14, 12, 1338984209, 1442692410, 4, 6, 474841254, 0
3, 11, 14, 12, 1338984209, 1442692410, 4, 5, 471744182, 0
3, 11, 14, 12, 1338984209, 1442692410, 4, 4, 506508845, 0
3, 11, 14, 12, 1338984209, 1442692410, 4, 3, 503736851, 0
3, 11, 14, 12, 1338984209, 1442692410, 4, 2, 561363908, 0
3, 11, 14, 12, 1338984209, 1442692410, 4, 1, 464165881, 0
3, 11, 14, 12, 1338984209, 1442692410, 4, 0, 544574282, 0
3, 11, 14, 12, 1338984209, 1442692410, 3, 7, 478241060, 1
3, 11, 14, 12, 1338984209, 1442692410, 3, 6, 478002648, 1
3, 11, 14, 12, 1338984209, 1442692410, 3, 5, 454002181, 0
3, 11, 14, 12, 1338984209, 1442692410, 3, 4, 472237889, 1
3, 11, 14, 12, 1338984209, 1442692410, 3, 3, 482165760, 1
3, 11, 14, 12, 1338984209, 1442692410, 3, 2, 512722035, 1
3, 11, 14, 12, 1338984209, 1442692410, 3, 1, 433706976, 0
3, 11, 14, 12, 1338984209, 1442692410, 3, 0, 394850564, 0
3, 11, 14, 12, 1338984209, 1442692410, 2, 7, 408212492, 0
3, 11, 14, 12, 1338984209, 1442692410, 2, 6, 406816570, 0
3, 11, 14, 12, 1338984209, 1442692410, 2, 5, 382326511, 0
3, 11, 14, 12, 1338984209, 1442692410, 2, 4, 406918991, 1
3, 11, 14, 12, 1338984209, 1442692410, 2, 3, 420334348, 0
3, 11, 14, 12, 1338984209, 1442692410, 2, 2, 462247408, 1
3, 11, 14, 12, 1338984209, 1442692410, 2, 1, 422050052, 0
3, 11, 14, 12, 1338984209, 1442692410, 2, 0, 462849285, 0
3, 11, 14, 12, 1338984209, 1442692410, 1, 7, 376123756, 1
3, 11, 14, 12, 1338984209, 1442692410, 1, 6, 357550273, 1
3, 11, 14, 12, 1338984209, 1442692410, 1, 5, 301314787, 1
3, 11, 14, 12, 1338984209, 1442692410, 1, 4, 353180366, 1
3, 11, 14, 12, 1338984209, 1442692410, 1, 3, 337755481, 1
3, 11, 14, 12, 1338984209, 1442692410, 1, 2, 421087049, 1
3, 11, 14, 12, 1338984209, 1442692410, 1, 1, 394850564, 1
3, 11, 14, 12, 1338984209, 1442692410, 1, 0, 258853122, 0
3, 11, 14, 12, 1338984209, 1442692410, 0, 7, 455012577, 1
3, 11, 14, 12, 1338984209, 1442692410, 0, 6, 419707098, 1
3, 11, 14, 12, 1338984209, 1442692410, 0, 5, 370279428, 1
3, 11, 14, 12, 1338984209, 1442692410, 0, 4, 462849285, 1
3, 11, 14, 12, 1338984209, 1442692410, 0, 3, 394850564, 1
3, 11, 14, 12, 1338984209, 1442692410, 0, 2, 462849285, 1
3, 11, 14, 12, 1338984209, 1442692410, 0, 1, 258853122, 1
3, 12, 14, 12, 1442692411, 1480303814, 5, 7, 1, 1
3, 12, 14, 12, 1442692411, 1480303814, 5, 6, 1, 1
3, 12, 14, 12, 1442692411, 1480303814, 5, 5, 1, 1
3, 12, 14, 12, 1442692411, 1480303814, 5, 4, 1, 1
3, 12, 14, 12, 1442692411, 1480303814, 5, 3, 1, 1
3, 12, 14, 12, 1442692411, 1480303814, 5, 2, 1, 1
3, 12, 14, 12, 1442692411, 1480303814, 5, 1, 1, 1
3, 12, 14, 12, 1442692411, 1480303814, 5, 0, 1, 0
3, 12, 14, 12, 1442692411, 1480303814, 4, 7, 1, 1
3, 12, 14, 12, 1442692411, 1480303814, 4, 6, 1, 1
3, 12, 14, 12, 1442692411, 1480303814, 4, 5, 1, 1
3, 12, 14, 12, 1442692411, 1480303814, 4, 4, 1, 1
3, 12, 14, 12, 1442692411, 1480303814, 4, 3, 1, 1
3, 12, 14, 12, 1442692411, 1480303814, 4, 2, 1, 1
3, 12, 14, 12, 1442692411, 1480303814, 4, 1, 1, 1
3, 12, 14, 12, 1442692411, 1480303814, 4, 0, 1, 0
3, 12, 14, 12, 1442692411, 1480303814, 3, 7, 1, 1
3, 12, 14, 12, 1442692411, 1480303814, 3, 6, 1, 1
3, 12, 14, 12, 1442692411, 1480303814, 3, 5, 1, 1
3, 12, 14, 12, 1442692411, 1480303814, 3, 4, 1, 1
3, 12, 14, 12, 1442692411, 1480303814, 3, 3, 1, 1
3, 12, 14, 12, 1442692411, 1480303814, 3, 2, 1, 1
3, 12, 14, 12, 1442692411, 1480303814, 3, 1, 1, 1
3, 12, 14, 12, 1442692411, 1480303814, 3, 0, 1, 0
3, 12, 14, 12, 1442692411, 1480303814, 2, 7, 1, 1
3, 12, 14, 12, 1442692411, 1480303814, 2, 6, 1, 1
3, 12, 14, 12, 1442692411, 1480303814, 2, 5, 1, 1
3, 12, 14, 12, 1442692411, 1480303814, 2, 4, 1, 1
3, 12, 14, 12, 1442692411, 1480303814, 2, 3, 1, 1
3, 12, 14, 12, 1442692411, 1480303814, 2, 2, 1, 1
3, 12, 14, 12, 1442692411, 1480303814, 2, 1, 1, 1
3, 12, 14, 12, 1442692411, 1480303814, 2, 0, 1, 0
3, 12, 14, 12, 1442692411, 1480303814, 1, 7, 1, 1
3, 12, 14, 12, 1442692411, 1480303814, 1, 6, 1, 1
3, 12, 14, 12, 1442692411, 1480303814, 1, 5, 1, 1
3, 12, 14, 12, 1442692411, 1480303814, 1, 4, 1, 1
3, 12, 14, 12, 1442692411, 1480303814, 1, 3, 1, 1
3, 12, 14, 12, 1442692411, 1480303814, 1, 2, 1, 1
3, 12, 14, 12, 1442692411, 1480303814, 1, 1, 1, 1
3, 12, 14, 12, 1442692411, 1480303814, 1, 0, 1, 0
3, 12, 14, 12, 1442692411, 1480303814, 0, 7, 1, 1
3, 12, 14, 12, 1442692411, 1480303814, 0, 6, 1, 1
3, 12, 14, 12, 1442692411, 1480303814, 0, 5, 1, 1
3, 12, 14, 12, 1442692411, 1480303814, 0, 4, 1, 1
3, 12, 14, 12, 1442692411, 1480303814, 0, 3, 1, 1
3, 12, 14, 12, 1442692411, 1480303814, 0, 2, 1, 1
3, 12, 14, 12, 1442692411, 1480303814, 0, 1, 1, 1
3, 13, 14, 12, 1480303815, 1675589636, 5, 7, 318269393, 0
3, 13, 14, 12, 1480303815, 1675589636, 5, 6, 330003253, 0
3, 13, 14, 12, 1480303815, 1675589636, 5, 5, 324695502, 0
3, 13, 14, 12, 1480303815, 1675589636, 5, 4, 356481959, 0
3, 13, 14, 12, 1480303815, 1675589636, 5, 3, 370213236, 0
3, 13, 14, 12, 1480303815, 1675589636, 5, 2, 434314595, 0
3, 13, 14, 12, 1480303815, 1675589636, 5, 1, 406369016, 0
3, 13, 14, 12, 1480303815, 1675589636, 5, 0, 473734848, 0
3, 13, 14, 12, 1480303815, 1675589636, 4, 7, 340743488, 0
3, 13, 14, 12, 1480303815, 1675589636, 4, 6, 348837291, 0
3, 13, 14, 12, 1480303815, 1675589636, 4, 5, 334299211, 0
3, 13, 14, 12, 1480303815, 1675589636, 4, 4, 361179640, 0
3, 13, 14, 12, 1480303815, 1675589636, 4, 3, 360275736, 0
3, 13, 14, 12, 1480303815, 1675589636, 4, 2, 408120191, 0
3, 13, 14, 12, 1480303815, 1675589636, 4, 1, 311154858, 0
3, 13, 14, 12, 1480303815, 1675589636, 4, 0, 390911714, 0
3, 13, 14, 12, 1480303815, 1675589636, 3, 7, 345473368, 1
3, 13, 14, 12, 1480303815, 1675589636, 3, 6, 348330493, 1
3, 13, 14, 12, 1480303815, 1675589636, 3, 5, 314744892, 1
3, 13, 14, 12, 1480303815, 1675589636, 3, 4, 326987724, 1
3, 13, 14, 12, 1480303815, 1675589636, 3, 3, 338747363, 1
3, 13, 14, 12, 1480303815, 1675589636, 3, 2, 359059467, 1
3, 13, 14, 12, 1480303815, 1675589636, 3, 1, 280044408, 0
3, 13, 14, 12, 1480303815, 1675589636, 3, 0, 241187996, 0
3, 13, 14, 12, 1480303815, 1675589636, 2, 7, 282712583, 1
3, 13, 14, 12, 1480303815, 1675589636, 2, 6, 285541060, 1
3, 13, 14, 12, 1480303815, 1675589636, 2, 5, 248153439, 0
3, 13, 14, 12, 1480303815, 1675589636, 2, 4, 264673256, 1
3, 13, 14, 12, 1480303815, 1675589636, 2, 3, 280641105, 0
3, 13, 14, 12, 1480303815, 1675589636, 2, 2, 308584840, 1
3, 13, 14, 12, 1480303815, 1675589636, 2, 1, 268387484, 0
3, 13, 14, 12, 1480303815, 1675589636, 2, 0, 309186717, 0
3, 13, 14, 12, 1480303815, 1675589636, 1, 7, 265643931, 1
3, 13, 14, 12, 1480303815, 1675589636, 1, 6, 253713947, 1
3, 13, 14, 12, 1480303815, 1675589636, 1, 5, 177772349, 1
3, 13, 14, 12, 1480303815, 1675589636, 1, 4, 217277315, 1
3, 13, 14, 12, 1480303815, 1675589636, 1, 3, 206044708, 1
3, 13, 14, 12, 1480303815, 1675589636, 1, 2, 267424481, 1
3, 13, 14, 12, 1480303815, 1675589636, 1, 1, 241187996, 1
3, 13, 14, 12, 1480303815, 1675589636, 1, 0, 105190554, 0
3, 13, 14, 12, 1480303815, 1675589636, 0, 7, 368504621, 1
3, 13, 14, 12, 1480303815, 1675589636, 0, 6, 344391577, 1
3, 13, 14, 12, 1480303815, 1675589636, 0, 5, 247349374, 1
3, 13, 14, 12, 1480303815, 1675589636, 0, 4, 309186717, 1
3, 13, 14, 12, 1480303815, 1675589636, 0, 3, 241187996, 1
3, 13, 14, 12, 1480303815, 1675589636, 0, 2, 309186717, 1
3, 13, 14, 12, 1480303815, 1675589636, 0, 1, 105190554, 1
3, 14, 14, 12, 1675589637, 1689929321, 5, 7, 17855495, 1
3, 14, 14, 12, 1675589637, 1689929321, 5, 6, 16973246, 1
3, 14, 14, 12, 1675589637, 1689929321, 5, 5, 16274496, 1
3, 14, 14, 12, 1675589637, 1689929321, 5, 4, 19206285, 1
3, 14, 14, 12, 1675589637, 1689929321, 5, 3, 21145924, 1
3, 14, 14, 12, 1675589637, 1689929321, 5, 2, 21858182, 1
3, 14, 14, 12, 1675589637, 1689929321, 5, 1, 18055389, 1
3, 14, 14, 12, 1675589637, 1689929321, 5, 0, 9677439, 0
3, 14, 14, 12, 1675589637, 1689929321, 4, 7, 19889629, 1
3, 14, 14, 12, 1675589637, 1689929321, 4, 6, 18599717, 1
3, 14, 14, 12, 1675589637, 1689929321, 4, 5, 17451539, 1
3, 14, 14, 12, 1675589637, 1689929321, 4, 4, 20561231, 1
3, 14, 14, 12, 1675589637, 1689929321, 4, 3, 22254923, 1
3, 14, 14, 12, 1675589637, 1689929321, 4, 2, 22569553, 1
3, 14, 14, 12, 1675589637, 1689929321, 4, 1, 18771740, 1
3, 14, 14, 12, 1675589637, 1689929321, 4, 0, 12096799, 0
3, 14, 14, 12, 1675589637, 1689929321, 3, 7, 17348594, 1
3, 14, 14, 12, 1675589637, 1689929321, 3, 6, 17523842, 1
3, 14, 14, 12, 1675589637, 1689929321, 3, 5, 18094954, 1
3, 14, 14, 12, 1675589637, 1689929321, 3, 4, 21239941, 1
3, 14, 14, 12, 1675589637, 1689929321, 3, 3, 24342196, 1
3, 14, 14, 12, 1675589637, 1689929321, 3, 2, 23478469, 1
3, 14, 14, 12, 1675589637, 1689929321, 3, 1, 24135094, 1
3, 14, 14, 12, 1675589637, 1689929321, 3, 0, 16129065, 0
3, 14, 14, 12, 1675589637, 1689929321, 2, 7, 18822815, 1
3, 14, 14, 12, 1675589637, 1689929321, 2, 6, 18413103, 1
3, 14, 14, 12, 1675589637, 1689929321, 2, 5, 19828485, 1
3, 14, 14, 12, 1675589637, 1689929321, 2, 4, 24077446, 1
3, 14, 14, 12, 1675589637, 1689929321, 2, 3, 28878396, 1
3, 14, 14, 12, 1675589637, 1689929321, 2, 2, 26349070, 1
3, 14, 14, 12, 1675589637, 1689929321, 2, 1, 24295013, 1
3, 14, 14, 12, 1675589637, 1689929321, 2, 0, 2992082, 0
3, 14, 14, 12, 1675589637, 1689929321, 1, 7, 23142304, 1
3, 14, 14, 12, 1675589637, 1689929321, 1, 6, 21728607, 1
3, 14, 14, 12, 1675589637, 1689929321, 1, 5, 25679263, 1
3, 14, 14, 12, 1675589637, 1689929321, 1, 4, 31385765, 1
3, 14, 14, 12, 1675589637, 1689929321, 1, 3, 37578570, 1
3, 14, 14, 12, 1675589637, 1689929321, 1, 2, 36780216, 1
3, 14, 14, 12, 1675589637, 1689929321, 1, 1, 38496966, 1
3, 14, 14, 12, 1675589637, 1689929321, 1, 0, 1, 0
3, 14, 14, 12, 1675589637, 1689929321, 0, 7, 26590923, 1
3, 14, 14, 12, 1675589637, 1689929321, 0, 6, 27098045, 1
3, 14, 14, 12, 1675589637, 1689929321, 0, 5, 32517654, 1
3, 14, 14, 12, 1675589637, 1689929321, 0, 4, 40647067, 1
3, 14, 14, 12, 1675589637, 1689929321, 0, 3, 47722124, 1
3, 14, 14, 12, 1675589637, 1689929321, 0, 2, 70825125, 1
3, 14, 14, 12, 1675589637, 1689929321, 0, 1, 73240069, 1
3, 15, 14, 12, 1689929322, 1748722095, 5, 7, 2040740, 1
3, 15, 14, 12, 1689929322, 1748722095, 5, 6, 2339385, 1
3, 15, 14, 12, 1689929322, 1748722095, 5, 5, 1721600, 1
3, 15, 14, 12, 1689929322, 1748722095, 5, 4, 2077793, 1
3, 15, 14, 12, 1689929322, 1748722095, 5, 3, 2619826, 1
3, 15, 14, 12, 1689929322, 1748722095, 5, 2, 2244099, 1
3, 15, 14, 12, 1689929322, 1748722095, 5, 1, 449496, 1
3, 15, 14, 12, 1689929322, 1748722095, 5, 0, 1, 0
3, 15, 14, 12, 1689929322, 1748722095, 4, 7, 2459353, 1
3, 15, 14, 12, 1689929322, 1748722095, 4, 6, 2821023, 1
3, 15, 14, 12, 1689929322, 1748722095, 4, 5, 2077793, 1
3, 15, 14, 12, 1689929322, 1748722095, 4, 4, 2510666, 1
3, 15, 14, 12, 1689929322, 1748722095, 4, 3, 3171368, 1
3, 15, 14, 12, 1689929322, 1748722095, 4, 2, 2724977, 1
3, 15, 14, 12, 1689929322, 1748722095, 4, 1, 549384, 1
3, 15, 14, 12, 1689929322, 1748722095, 4, 0, 1, 0
3, 15, 14, 12, 1689929322, 1748722095, 3, 7, 3094025, 1
3, 15, 14, 12, 1689929322, 1748722095, 3, 6, 3552399, 1
3, 15, 14, 12, 1689929322, 1748722095, 3, 5, 2619826, 1
3, 15, 14, 12, 1689929322, 1748722095, 3, 4, 3171368, 1
3, 15, 14, 12, 1689929322, 1748722095, 3, 3, 4017066, 1
3, 15, 14, 12, 1689929322, 1748722095, 3, 2, 3468152, 1
3, 15, 14, 12, 1689929322, 1748722095, 3, 1, 706350, 1
3, 15, 14, 12, 1689929322, 1748722095, 3, 0, 1, 0
3, 15, 14, 12, 1689929322, 1748722095, 2, 7, 1039363, 1
3, 15, 14, 12, 1689929322, 1748722095, 2, 6, 1195268, 1
3, 15, 14, 12, 1689929322, 1748722095, 2, 5, 290850, 1
3, 15, 14, 12, 1689929322, 1748722095, 2, 4, 353175, 1
3, 15, 14, 12, 1689929322, 1748722095, 2, 3, 449496, 1
3, 15, 14, 12, 1689929322, 1748722095, 2, 2, 618057, 1
3, 15, 14, 12, 1689929322, 1748722095, 2, 1, 988890, 1
3, 15, 14, 12, 1689929322, 1748722095, 2, 0, 1, 0
3, 15, 14, 12, 1689929322, 1748722095, 1, 7, 1, 1
3, 15, 14, 12, 1689929322, 1748722095, 1, 6, 1, 1
3, 15, 14, 12, 1689929322, 1748722095, 1, 5, 1, 1
3, 15, 14, 12, 1689929322, 1748722095, 1, 4, 1, 1
3, 15, 14, 12, 1689929322, 1748722095, 1, 3, 1, 1
3, 15, 14, 12, 1689929322, 1748722095, 1, 2, 1, 1
3, 15, 14, 12, 1689929322, 1748722095, 1, 1, 1, 1
3, 15, 14, 12, 1689929322, 1748722095, 1, 0, 1, 0
3, 15, 14, 12, 1689929322, 1748722095, 0, 7, 1, 1
3, 15, 14, 12, 1689929322, 1748722095, 0, 6, 1, 1
3, 15, 14, 12, 1689929322, 1748722095, 0, 5, 1, 1
3, 15, 14, 12, 1689929322, 1748722095, 0, 4, 1, 1
3, 15, 14, 12, 1689929322, 1748722095, 0, 3, 1, 1
3, 15, 14, 12, 1689929322, 1748722095, 0, 2, 1, 1
3, 15, 14, 12, 1689929322, 1748722095, 0, 1, 1, 1
3, 16, 14, 12, 1748722096, 1753043203, 5, 7, 8753255, 1
3, 16, 14, 12, 1748722096, 1753043203, 5, 6, 8337096, 1
3, 16, 14, 12, 1748722096, 1753043203, 5, 5, 8138891, 1
3, 16, 14, 12, 1748722096, 1753043203, 5, 4, 9387451, 1
3, 16, 14, 12, 1748722096, 1753043203, 5, 3, 10165659, 1
3, 16, 14, 12, 1748722096, 1753043203, 5, 2, 12033715, 1
3, 16, 14, 12, 1748722096, 1753043203, 5, 1, 8581208, 1
3, 16, 14, 12, 1748722096, 1753043203, 5, 0, 1196833, 0
3, 16, 14, 12, 1748722096, 1753043203, 4, 7, 8729460, 1
3, 16, 14, 12, 1748722096, 1753043203, 4, 6, 8433418, 1
3, 16, 14, 12, 1748722096, 1753043203, 4, 5, 7923325, 1
3, 16, 14, 12, 1748722096, 1753043203, 4, 4, 9047973, 1
3, 16, 14, 12, 1748722096, 1753043203, 4, 3, 9406601, 1
3, 16, 14, 12, 1748722096, 1753043203, 4, 2, 10677744, 1
3, 16, 14, 12, 1748722096, 1753043203, 4, 1, 7251143, 1
3, 16, 14, 12, 1748722096, 1753043203, 4, 0, 1496041, 0
3, 16, 14, 12, 1748722096, 1753043203, 3, 7, 9230183, 1
3, 16, 14, 12, 1748722096, 1753043203, 3, 6, 9725462, 1
3, 16, 14, 12, 1748722096, 1753043203, 3, 5, 8940335, 1
3, 16, 14, 12, 1748722096, 1753043203, 3, 4, 10158033, 1
3, 16, 14, 12, 1748722096, 1753043203, 3, 3, 10305113, 1
3, 16, 14, 12, 1748722096, 1753043203, 3, 2, 11394517, 1
3, 16, 14, 12, 1748722096, 1753043203, 3, 1, 9322898, 1
3, 16, 14, 12, 1748722096, 1753043203, 3, 0, 1994722, 0
3, 16, 14, 12, 1748722096, 1753043203, 2, 7, 9724219, 1
3, 16, 14, 12, 1748722096, 1753043203, 2, 6, 10005442, 1
3, 16, 14, 12, 1748722096, 1753043203, 2, 5, 9937119, 1
3, 16, 14, 12, 1748722096, 1753043203, 2, 4, 12066502, 1
3, 16, 14, 12, 1748722096, 1753043203, 2, 3, 13591739, 1
3, 16, 14, 12, 1748722096, 1753043203, 2, 2, 15034016, 1
3, 16, 14, 12, 1748722096, 1753043203, 2, 1, 12038544, 1
3, 16, 14, 12, 1748722096, 1753043203, 2, 0, 2992082, 0
3, 16, 14, 12, 1748722096, 1753043203, 1, 7, 9388016, 1
3, 16, 14, 12, 1748722096, 1753043203, 1, 6, 9020926, 1
3, 16, 14, 12, 1748722096, 1753043203, 1, 5, 10661095, 1
3, 16, 14, 12, 1748722096, 1753043203, 1, 4, 13030227, 1
3, 16, 14, 12, 1748722096, 1753043203, 1, 3, 13978592, 1
3, 16, 14, 12, 1748722096, 1753043203, 1, 2, 19266804, 1
3, 16, 14, 12, 1748722096, 1753043203, 1, 1, 18069519, 1
3, 16, 14, 12, 1748722096, 1753043203, 1, 0, 1, 0
3, 16, 14, 12, 1748722096, 1753043203, 0, 7, 14081343, 1
3, 16, 14, 12, 1748722096, 1753043203, 0, 6, 12503535, 1
3, 16, 14, 12, 1748722096, 1753043203, 0, 5, 15004242, 1
3, 16, 14, 12, 1748722096, 1753043203, 0, 4, 18755302, 1
3, 16, 14, 12, 1748722096, 1753043203, 0, 3, 18533103, 1
3, 16, 14, 12, 1748722096, 1753043203, 0, 2, 27041594, 1
3, 16, 14, 12, 1748722096, 1753043203, 0, 1, 11957728, 1
