1, 1, 15, 16, 1, 99957646, 4, 3, 1, 1
1, 1, 15, 16, 1, 99957646, 4, 2, 1, 1
1, 1, 15, 16, 1, 99957646, 4, 1, 1, 1
1, 1, 15, 16, 1, 99957646, 4, 0, 1, 0
1, 1, 15, 16, 1, 99957646, 3, 3, 1, 1
1, 1, 15, 16, 1, 99957646, 3, 2, 1, 1
1, 1, 15, 16, 1, 99957646, 3, 1, 1, 1
1, 1, 15, 16, 1, 99957646, 3, 0, 1, 0
1, 1, 15, 16, 1, 99957646, 2, 3, 1, 1
1, 1, 15, 16, 1, 99957646, 2, 2, 1, 1
1, 1, 15, 16, 1, 99957646, 2, 1, 1, 1
1, 1, 15, 16, 1, 99957646, 2, 0, 1, 0
1, 1, 15, 16, 1, 99957646, 1, 3, 1, 1
1, 1, 15, 16, 1, 99957646, 1, 2, 1, 1
1, 1, 15, 16, 1, 99957646, 1, 1, 1, 1
1, 1, 15, 16, 1, 99957646, 1, 0, 1, 0
1, 1, 15, 16, 1, 99957646, 0, 3, 1, 1
1, 1, 15, 16, 1, 99957646, 0, 2, 1, 1
1, 1, 15, 16, 1, 99957646, 0, 1, 1, 1
1, 2, 15, 16, 99957647, 135695416, 4, 3, 192863947, 0
1, 2, 15, 16, 99957647, 135695416, 4, 2, 199614480, 0
1, 2, 15, 16, 99957647, 135695416, 4, 1, 171894377, 0
1, 2, 15, 16, 99957647, 135695416, 4, 0, 163133119, 0
1, 2, 15, 16, 99957647, 135695416, 3, 3, 164150776, 0
1, 2, 15, 16, 99957647, 135695416, 3, 2, 175077478, 0
1, 2, 15, 16, 99957647, 135695416, 3, 1, 138268918, 0
1, 2, 15, 16, 99957647, 135695416, 3, 0, 120982996, 0
1, 2, 15, 16, 99957647, 135695416, 2, 3, 130828679, 1
1, 2, 15, 16, 99957647, 135695416, 2, 2, 132137726, 1
1, 2, 15, 16, 99957647, 135695416, 2, 1, 77743090, 0
1, 2, 15, 16, 99957647, 135695416, 2, 0, 36682752, 0
1, 2, 15, 16, 99957647, 135695416, 1, 3, 92152931, 1
1, 2, 15, 16, 99957647, 135695416, 1, 2, 83490512, 1
1, 2, 15, 16, 99957647, 135695416, 1, 1, 12883232, 1
1, 2, 15, 16, 99957647, 135695416, 1, 0, 12883232, 0
1, 2, 15, 16, 99957647, 135695416, 0, 3, 54463297, 1
1, 2, 15, 16, 99957647, 135695416, 0, 2, 51051307, 1
1, 2, 15, 16, 99957647, 135695416, 0, 1, 12883232, 1
1, 3, 15, 16, 135695417, 167584202, 4, 3, 174678056, 1
1, 3, 15, 16, 135695417, 167584202, 4, 2, 178454839, 1
1, 3, 15, 16, 135695417, 167584202, 4, 1, 171091714, 1
1, 3, 15, 16, 135695417, 167584202, 4, 0, 35699280, 0
1, 3, 15, 16, 135695417, 167584202, 3, 3, 202304898, 1
1, 3, 15, 16, 135695417, 167584202, 3, 2, 214142785, 1
1, 3, 15, 16, 135695417, 167584202, 3, 1, 206375336, 1
1, 3, 15, 16, 135695417, 167584202, 3, 0, 31732693, 0
1, 3, 15, 16, 135695417, 167584202, 2, 3, 214611285, 1
1, 3, 15, 16, 135695417, 167584202, 2, 2, 210215162, 1
1, 3, 15, 16, 135695417, 167584202, 2, 1, 204003006, 1
1, 3, 15, 16, 135695417, 167584202, 2, 0, 23799520, 0
1, 3, 15, 16, 135695417, 167584202, 1, 3, 316846716, 1
1, 3, 15, 16, 135695417, 167584202, 1, 2, 307784835, 1
1, 3, 15, 16, 135695417, 167584202, 1, 1, 308272318, 1
1, 3, 15, 16, 135695417, 167584202, 1, 0, 1, 0
1, 3, 15, 16, 135695417, 167584202, 0, 3, 279339279, 1
1, 3, 15, 16, 135695417, 167584202, 0, 2, 319390353, 1
1, 3, 15, 16, 135695417, 167584202, 0, 1, 459792399, 1
1, 4, 15, 16, 167584203, 215168429, 4, 3, 61220082, 0
1, 4, 15, 16, 167584203, 215168429, 4, 2, 62892114, 0
1, 4, 15, 16, 167584203, 215168429, 4, 1, 58168706, 0
1, 4, 15, 16, 167584203, 215168429, 4, 0, 60865137, 0
1, 4, 15, 16, 167584203, 215168429, 3, 3, 63754550, 0
1, 4, 15, 16, 167584203, 215168429, 3, 2, 61238755, 0
1, 4, 15, 16, 167584203, 215168429, 3, 1, 53344343, 0
1, 4, 15, 16, 167584203, 215168429, 3, 0, 62235067, 0
1, 4, 15, 16, 167584203, 215168429, 2, 3, 61478223, 1
1, 4, 15, 16, 167584203, 215168429, 2, 2, 49196062, 0
1, 4, 15, 16, 167584203, 215168429, 2, 1, 37341041, 0
1, 4, 15, 16, 167584203, 215168429, 2, 0, 46676301, 0
1, 4, 15, 16, 167584203, 215168429, 1, 3, 44824800, 1
1, 4, 15, 16, 167584203, 215168429, 1, 2, 22702139, 1
1, 4, 15, 16, 167584203, 215168429, 1, 1, 1, 1
1, 4, 15, 16, 167584203, 215168429, 1, 0, 1, 0
1, 4, 15, 16, 167584203, 215168429, 0, 3, 52295600, 1
1, 4, 15, 16, 167584203, 215168429, 0, 2, 28377674, 1
1, 4, 15, 16, 167584203, 215168429, 0, 1, 1, 1
1, 5, 15, 16, 215168430, 259854314, 4, 3, 46773812, 1
1, 5, 15, 16, 215168430, 259854314, 4, 2, 44970999, 0
1, 5, 15, 16, 215168430, 259854314, 4, 1, 13832889, 0
1, 5, 15, 16, 215168430, 259854314, 4, 0, 15562000, 0
1, 5, 15, 16, 215168430, 259854314, 3, 3, 54817161, 1
1, 5, 15, 16, 215168430, 259854314, 3, 2, 51576907, 0
1, 5, 15, 16, 215168430, 259854314, 3, 1, 11856762, 0
1, 5, 15, 16, 215168430, 259854314, 3, 0, 13832889, 0
1, 5, 15, 16, 215168430, 259854314, 2, 3, 70596522, 1
1, 5, 15, 16, 215168430, 259854314, 2, 2, 65730914, 1
1, 5, 15, 16, 215168430, 259854314, 2, 1, 8299734, 0
1, 5, 15, 16, 215168430, 259854314, 2, 0, 10374667, 0
1, 5, 15, 16, 215168430, 259854314, 1, 3, 41145156, 1
1, 5, 15, 16, 215168430, 259854314, 1, 2, 8299734, 1
1, 5, 15, 16, 215168430, 259854314, 1, 1, 1, 1
1, 5, 15, 16, 215168430, 259854314, 1, 0, 1, 0
1, 5, 15, 16, 215168430, 259854314, 0, 3, 57673218, 1
1, 5, 15, 16, 215168430, 259854314, 0, 2, 10374667, 1
1, 5, 15, 16, 215168430, 259854314, 0, 1, 1, 1
1, 6, 15, 16, 259854315, 320654623, 4, 3, 48099850, 1
1, 6, 15, 16, 259854315, 320654623, 4, 2, 45163551, 0
1, 6, 15, 16, 259854315, 320654623, 4, 1, 40458123, 0
1, 6, 15, 16, 259854315, 320654623, 4, 0, 45515389, 0
1, 6, 15, 16, 259854315, 320654623, 3, 3, 46692085, 1
1, 6, 15, 16, 259854315, 320654623, 3, 2, 40929832, 0
1, 6, 15, 16, 259854315, 320654623, 3, 1, 32329644, 0
1, 6, 15, 16, 259854315, 320654623, 3, 0, 37717918, 0
1, 6, 15, 16, 259854315, 320654623, 2, 3, 52690798, 1
1, 6, 15, 16, 259854315, 320654623, 2, 2, 45112497, 1
1, 6, 15, 16, 259854315, 320654623, 2, 1, 27563121, 0
1, 6, 15, 16, 259854315, 320654623, 2, 0, 34453901, 0
1, 6, 15, 16, 259854315, 320654623, 1, 3, 48774437, 1
1, 6, 15, 16, 259854315, 320654623, 1, 2, 30835315, 1
1, 6, 15, 16, 259854315, 320654623, 1, 1, 1, 1
1, 6, 15, 16, 259854315, 320654623, 1, 0, 1, 0
1, 6, 15, 16, 259854315, 320654623, 0, 3, 54176681, 1
1, 6, 15, 16, 259854315, 320654623, 0, 2, 34453901, 1
1, 6, 15, 16, 259854315, 320654623, 0, 1, 1, 1
1, 7, 15, 16, 320654624, 340941003, 4, 3, 11746020, 1
1, 7, 15, 16, 320654624, 340941003, 4, 2, 14926797, 1
1, 7, 15, 16, 320654624, 340941003, 4, 1, 17495402, 1
1, 7, 15, 16, 320654624, 340941003, 4, 0, 19048600, 0
1, 7, 15, 16, 320654624, 340941003, 3, 3, 14878292, 0
1, 7, 15, 16, 320654624, 340941003, 3, 2, 18997741, 1
1, 7, 15, 16, 320654624, 340941003, 3, 1, 22494088, 1
1, 7, 15, 16, 320654624, 340941003, 3, 0, 25398133, 0
1, 7, 15, 16, 320654624, 340941003, 2, 3, 20288580, 0
1, 7, 15, 16, 320654624, 340941003, 2, 2, 26121894, 0
1, 7, 15, 16, 320654624, 340941003, 2, 1, 31491723, 1
1, 7, 15, 16, 320654624, 340941003, 2, 0, 38097199, 0
1, 7, 15, 16, 320654624, 340941003, 1, 3, 24505270, 0
1, 7, 15, 16, 320654624, 340941003, 1, 2, 34307378, 0
1, 7, 15, 16, 320654624, 340941003, 1, 1, 40006784, 1
1, 7, 15, 16, 320654624, 340941003, 1, 0, 38756136, 0
1, 7, 15, 16, 320654624, 340941003, 0, 3, 25230560, 1
1, 7, 15, 16, 320654624, 340941003, 0, 2, 37845840, 1
1, 7, 15, 16, 320654624, 340941003, 0, 1, 50280260, 1
1, 8, 15, 16, 340941004, 379738913, 4, 3, 150962011, 0
1, 8, 15, 16, 340941004, 379738913, 4, 2, 134960581, 0
1, 8, 15, 16, 340941004, 379738913, 4, 1, 151302854, 0
1, 8, 15, 16, 340941004, 379738913, 4, 0, 171655874, 0
1, 8, 15, 16, 340941004, 379738913, 3, 3, 170201153, 0
1, 8, 15, 16, 340941004, 379738913, 3, 2, 171768012, 0
1, 8, 15, 16, 340941004, 379738913, 3, 1, 194532240, 0
1, 8, 15, 16, 340941004, 379738913, 3, 0, 228874499, 0
1, 8, 15, 16, 340941004, 379738913, 2, 3, 121276533, 0
1, 8, 15, 16, 340941004, 379738913, 2, 2, 119783978, 0
1, 8, 15, 16, 340941004, 379738913, 2, 1, 130543386, 0
1, 8, 15, 16, 340941004, 379738913, 2, 0, 177335569, 0
1, 8, 15, 16, 340941004, 379738913, 1, 3, 6333991, 1
1, 8, 15, 16, 340941004, 379738913, 1, 2, 1, 1
1, 8, 15, 16, 340941004, 379738913, 1, 1, 1, 1
1, 8, 15, 16, 340941004, 379738913, 1, 0, 1, 0
1, 8, 15, 16, 340941004, 379738913, 0, 3, 7389656, 1
1, 8, 15, 16, 340941004, 379738913, 0, 2, 1, 1
1, 8, 15, 16, 340941004, 379738913, 0, 1, 1, 1
1, 9, 15, 16, 379738914, 417527880, 4, 3, 16404084, 1
1, 9, 15, 16, 379738914, 417527880, 4, 2, 15263774, 0
1, 9, 15, 16, 379738914, 417527880, 4, 1, 9778562, 0
1, 9, 15, 16, 379738914, 417527880, 4, 0, 17283483, 0
1, 9, 15, 16, 379738914, 417527880, 3, 3, 16169578, 1
1, 9, 15, 16, 379738914, 417527880, 3, 2, 13141719, 0
1, 9, 15, 16, 379738914, 417527880, 3, 1, 3594882, 0
1, 9, 15, 16, 379738914, 417527880, 3, 0, 4194029, 0
1, 9, 15, 16, 379738914, 417527880, 2, 3, 20905598, 1
1, 9, 15, 16, 379738914, 417527880, 2, 2, 16497102, 1
1, 9, 15, 16, 379738914, 417527880, 2, 1, 2516417, 0
1, 9, 15, 16, 379738914, 417527880, 2, 0, 3145522, 0
1, 9, 15, 16, 379738914, 417527880, 1, 3, 22975379, 1
1, 9, 15, 16, 379738914, 417527880, 1, 2, 12568578, 1
1, 9, 15, 16, 379738914, 417527880, 1, 1, 1, 1
1, 9, 15, 16, 379738914, 417527880, 1, 0, 1, 0
1, 9, 15, 16, 379738914, 417527880, 0, 3, 18427808, 1
1, 9, 15, 16, 379738914, 417527880, 0, 2, 3145522, 1
1, 9, 15, 16, 379738914, 417527880, 0, 1, 1, 1
1, 10, 15, 16, 417527881, 425822344, 4, 3, 1, 1
1, 10, 15, 16, 417527881, 425822344, 4, 2, 1, 1
1, 10, 15, 16, 417527881, 425822344, 4, 1, 1, 1
1, 10, 15, 16, 417527881, 425822344, 4, 0, 1, 0
1, 10, 15, 16, 417527881, 425822344, 3, 3, 1, 1
1, 10, 15, 16, 417527881, 425822344, 3, 2, 1, 1
1, 10, 15, 16, 417527881, 425822344, 3, 1, 1, 1
1, 10, 15, 16, 417527881, 425822344, 3, 0, 1, 0
1, 10, 15, 16, 417527881, 425822344, 2, 3, 1, 1
1, 10, 15, 16, 417527881, 425822344, 2, 2, 1, 1
1, 10, 15, 16, 417527881, 425822344, 2, 1, 1, 1
1, 10, 15, 16, 417527881, 425822344, 2, 0, 1, 0
1, 10, 15, 16, 417527881, 425822344, 1, 3, 1, 1
1, 10, 15, 16, 417527881, 425822344, 1, 2, 1, 1
1, 10, 15, 16, 417527881, 425822344, 1, 1, 1, 1
1, 10, 15, 16, 417527881, 425822344, 1, 0, 1, 0
1, 10, 15, 16, 417527881, 425822344, 0, 3, 1, 1
1, 10, 15, 16, 417527881, 425822344, 0, 2, 1, 1
1, 10, 15, 16, 417527881, 425822344, 0, 1, 1, 1
1, 11, 15, 16, 425822345, 466755099, 4, 3, 79827292, 1
1, 11, 15, 16, 425822345, 466755099, 4, 2, 91149774, 0
1, 11, 15, 16, 425822345, 466755099, 4, 1, 72566722, 0
1, 11, 15, 16, 425822345, 466755099, 4, 0, 32327296, 0
1, 11, 15, 16, 425822345, 466755099, 3, 3, 38734560, 1
1, 11, 15, 16, 425822345, 466755099, 3, 2, 32605360, 0
1, 11, 15, 16, 425822345, 466755099, 3, 1, 26606674, 0
1, 11, 15, 16, 425822345, 466755099, 3, 0, 28735374, 0
1, 11, 15, 16, 425822345, 466755099, 2, 3, 38146586, 1
1, 11, 15, 16, 425822345, 466755099, 2, 2, 26939413, 1
1, 11, 15, 16, 425822345, 466755099, 2, 1, 17241225, 0
1, 11, 15, 16, 425822345, 466755099, 2, 0, 21551531, 0
1, 11, 15, 16, 425822345, 466755099, 1, 3, 38862997, 1
1, 11, 15, 16, 425822345, 466755099, 1, 2, 17241225, 1
1, 11, 15, 16, 425822345, 466755099, 1, 1, 1, 1
1, 11, 15, 16, 425822345, 466755099, 1, 0, 1, 0
1, 11, 15, 16, 425822345, 466755099, 0, 3, 45340163, 1
1, 11, 15, 16, 425822345, 466755099, 0, 2, 21551531, 1
1, 11, 15, 16, 425822345, 466755099, 0, 1, 1, 1
1, 12, 15, 16, 466755100, 507133123, 4, 3, 51808908, 1
1, 12, 15, 16, 466755100, 507133123, 4, 2, 46309555, 0
1, 12, 15, 16, 466755100, 507133123, 4, 1, 41013409, 0
1, 12, 15, 16, 466755100, 507133123, 4, 0, 53336820, 0
1, 12, 15, 16, 466755100, 507133123, 3, 3, 50861989, 1
1, 12, 15, 16, 466755100, 507133123, 3, 2, 42133985, 0
1, 12, 15, 16, 466755100, 507133123, 3, 1, 31027663, 0
1, 12, 15, 16, 466755100, 507133123, 3, 0, 40946830, 0
1, 12, 15, 16, 466755100, 507133123, 2, 3, 54460390, 1
1, 12, 15, 16, 466755100, 507133123, 2, 2, 42023471, 1
1, 12, 15, 16, 466755100, 507133123, 2, 1, 24568098, 0
1, 12, 15, 16, 466755100, 507133123, 2, 0, 30710123, 0
1, 12, 15, 16, 466755100, 507133123, 1, 3, 49329959, 1
1, 12, 15, 16, 466755100, 507133123, 1, 2, 24568098, 1
1, 12, 15, 16, 466755100, 507133123, 1, 1, 1, 1
1, 12, 15, 16, 466755100, 507133123, 1, 0, 1, 0
1, 12, 15, 16, 466755100, 507133123, 0, 3, 57551619, 1
1, 12, 15, 16, 466755100, 507133123, 0, 2, 30710123, 1
1, 12, 15, 16, 466755100, 507133123, 0, 1, 1, 1
1, 13, 15, 16, 507133124, 546571974, 4, 3, 55906178, 0
1, 13, 15, 16, 507133124, 546571974, 4, 2, 75872670, 0
1, 13, 15, 16, 507133124, 546571974, 4, 1, 118024153, 0
1, 13, 15, 16, 507133124, 546571974, 4, 0, 193812464, 0
1, 13, 15, 16, 507133124, 546571974, 3, 3, 70814492, 0
1, 13, 15, 16, 507133124, 546571974, 3, 2, 96565216, 0
1, 13, 15, 16, 507133124, 546571974, 3, 1, 151745340, 0
1, 13, 15, 16, 507133124, 546571974, 3, 0, 258416619, 0
1, 13, 15, 16, 507133124, 546571974, 2, 3, 69737062, 0
1, 13, 15, 16, 507133124, 546571974, 2, 2, 95888461, 0
1, 13, 15, 16, 507133124, 546571974, 2, 1, 153421537, 0
1, 13, 15, 16, 507133124, 546571974, 2, 0, 240070082, 0
1, 13, 15, 16, 507133124, 546571974, 1, 3, 31838448, 0
1, 13, 15, 16, 507133124, 546571974, 1, 2, 44573827, 0
1, 13, 15, 16, 507133124, 546571974, 1, 1, 74289711, 0
1, 13, 15, 16, 507133124, 546571974, 1, 0, 222869132, 0
1, 13, 15, 16, 507133124, 546571974, 0, 3, 1, 1
1, 13, 15, 16, 507133124, 546571974, 0, 2, 1, 1
1, 13, 15, 16, 507133124, 546571974, 0, 1, 1, 1
1, 14, 15, 16, 546571975, 657925065, 4, 3, 61706378, 1
1, 14, 15, 16, 546571975, 657925065, 4, 2, 70060203, 1
1, 14, 15, 16, 546571975, 657925065, 4, 1, 96233478, 1
1, 14, 15, 16, 546571975, 657925065, 4, 0, 16665535, 0
1, 14, 15, 16, 546571975, 657925065, 3, 3, 72262078, 1
1, 14, 15, 16, 546571975, 657925065, 3, 2, 81122985, 1
1, 14, 15, 16, 546571975, 657925065, 3, 1, 115301137, 1
1, 14, 15, 16, 546571975, 657925065, 3, 0, 12388489, 0
1, 14, 15, 16, 546571975, 657925065, 2, 3, 91486826, 1
1, 14, 15, 16, 546571975, 657925065, 2, 2, 101847094, 1
1, 14, 15, 16, 546571975, 657925065, 2, 1, 151805711, 1
1, 14, 15, 16, 546571975, 657925065, 2, 0, 9291367, 0
1, 14, 15, 16, 546571975, 657925065, 1, 3, 135800984, 1
1, 14, 15, 16, 546571975, 657925065, 1, 2, 151805711, 1
1, 14, 15, 16, 546571975, 657925065, 1, 1, 240621030, 1
1, 14, 15, 16, 546571975, 657925065, 1, 0, 1, 0
1, 14, 15, 16, 546571975, 657925065, 0, 3, 152534776, 1
1, 14, 15, 16, 546571975, 657925065, 0, 2, 180907580, 1
1, 14, 15, 16, 546571975, 657925065, 0, 1, 343232427, 1
1, 15, 15, 16, 657925066, 789723757, 4, 3, 84116797, 1
1, 15, 15, 16, 657925066, 789723757, 4, 2, 68261781, 0
1, 15, 15, 16, 657925066, 789723757, 4, 1, 35509681, 0
1, 15, 15, 16, 657925066, 789723757, 4, 0, 39948391, 0
1, 15, 15, 16, 657925066, 789723757, 3, 3, 69070488, 1
1, 15, 15, 16, 657925066, 789723757, 3, 2, 39333089, 0
1, 15, 15, 16, 657925066, 789723757, 3, 1, 30436869, 0
1, 15, 15, 16, 657925066, 789723757, 3, 0, 35509681, 0
1, 15, 15, 16, 657925066, 789723757, 2, 3, 77544787, 1
1, 15, 15, 16, 657925066, 789723757, 2, 2, 34108802, 1
1, 15, 15, 16, 657925066, 789723757, 2, 1, 21305809, 0
1, 15, 15, 16, 657925066, 789723757, 2, 0, 26632261, 0
1, 15, 15, 16, 657925066, 789723757, 1, 3, 86837160, 1
1, 15, 15, 16, 657925066, 789723757, 1, 2, 22615371, 1
1, 15, 15, 16, 657925066, 789723757, 1, 1, 1, 1
1, 15, 15, 16, 657925066, 789723757, 1, 0, 1, 0
1, 15, 15, 16, 657925066, 789723757, 0, 3, 54055873, 1
1, 15, 15, 16, 657925066, 789723757, 0, 2, 28269214, 1
1, 15, 15, 16, 657925066, 789723757, 0, 1, 1, 1
1, 16, 15, 16, 789723758, 829676805, 4, 3, 12923885, 1
1, 16, 15, 16, 789723758, 829676805, 4, 2, 10891695, 0
1, 16, 15, 16, 789723758, 829676805, 4, 1, 11295091, 0
1, 16, 15, 16, 789723758, 829676805, 4, 0, 12706977, 0
1, 16, 15, 16, 789723758, 829676805, 3, 3, 12981728, 1
1, 16, 15, 16, 789723758, 829676805, 3, 2, 9241438, 1
1, 16, 15, 16, 789723758, 829676805, 3, 1, 7261130, 1
1, 16, 15, 16, 789723758, 829676805, 3, 0, 1, 0
1, 16, 15, 16, 789723758, 829676805, 2, 3, 17702356, 1
1, 16, 15, 16, 789723758, 829676805, 2, 2, 12706977, 1
1, 16, 15, 16, 789723758, 829676805, 2, 1, 10165582, 1
1, 16, 15, 16, 789723758, 829676805, 2, 0, 1, 0
1, 16, 15, 16, 789723758, 829676805, 1, 3, 20556858, 1
1, 16, 15, 16, 789723758, 829676805, 1, 2, 10165582, 1
1, 16, 15, 16, 789723758, 829676805, 1, 1, 1, 1
1, 16, 15, 16, 789723758, 829676805, 1, 0, 1, 0
1, 16, 15, 16, 789723758, 829676805, 0, 3, 15511683, 1
1, 16, 15, 16, 789723758, 829676805, 0, 2, 1, 1
1, 16, 15, 16, 789723758, 829676805, 0, 1, 1, 1
1, 17, 15, 16, 829676806, 922416865, 4, 3, 45111813, 0
1, 17, 15, 16, 829676806, 922416865, 4, 2, 44024019, 0
1, 17, 15, 16, 829676806, 922416865, 4, 1, 31054353, 0
1, 17, 15, 16, 829676806, 922416865, 4, 0, 48890153, 0
1, 17, 15, 16, 829676806, 922416865, 3, 3, 43432838, 1
1, 17, 15, 16, 829676806, 922416865, 3, 2, 42777321, 0
1, 17, 15, 16, 829676806, 922416865, 3, 1, 28858319, 0
1, 17, 15, 16, 829676806, 922416865, 3, 0, 43977568, 0
1, 17, 15, 16, 829676806, 922416865, 2, 3, 38561920, 1
1, 17, 15, 16, 829676806, 922416865, 2, 2, 33789129, 1
1, 17, 15, 16, 829676806, 922416865, 2, 1, 14015106, 0
1, 17, 15, 16, 829676806, 922416865, 2, 0, 34152398, 0
1, 17, 15, 16, 829676806, 922416865, 1, 3, 37213940, 1
1, 17, 15, 16, 829676806, 922416865, 1, 2, 26740688, 1
1, 17, 15, 16, 829676806, 922416865, 1, 1, 590245, 1
1, 17, 15, 16, 829676806, 922416865, 1, 0, 1, 0
1, 17, 15, 16, 829676806, 922416865, 0, 3, 44490867, 1
1, 17, 15, 16, 829676806, 922416865, 0, 2, 35037765, 1
1, 17, 15, 16, 829676806, 922416865, 0, 1, 1770735, 1
1, 18, 15, 16, 922416866, 1046000821, 4, 3, 43117647, 1
1, 18, 15, 16, 922416866, 1046000821, 4, 2, 42280460, 0
1, 18, 15, 16, 922416866, 1046000821, 4, 1, 38087810, 0
1, 18, 15, 16, 922416866, 1046000821, 4, 0, 45174934, 0
1, 18, 15, 16, 922416866, 1046000821, 3, 3, 42780185, 1
1, 18, 15, 16, 922416866, 1046000821, 3, 2, 40222250, 0
1, 18, 15, 16, 922416866, 1046000821, 3, 1, 34733690, 0
1, 18, 15, 16, 922416866, 1046000821, 3, 0, 43624169, 0
1, 18, 15, 16, 922416866, 1046000821, 2, 3, 42197295, 1
1, 18, 15, 16, 922416866, 1046000821, 2, 2, 36620383, 1
1, 18, 15, 16, 922416866, 1046000821, 2, 1, 28696275, 0
1, 18, 15, 16, 922416866, 1046000821, 2, 0, 40522639, 0
1, 18, 15, 16, 922416866, 1046000821, 1, 3, 48066422, 1
1, 18, 15, 16, 922416866, 1046000821, 1, 2, 38661720, 1
1, 18, 15, 16, 922416866, 1046000821, 1, 1, 31218048, 1
1, 18, 15, 16, 922416866, 1046000821, 1, 0, 31218048, 0
1, 18, 15, 16, 922416866, 1046000821, 0, 3, 50874484, 1
1, 18, 15, 16, 922416866, 1046000821, 0, 2, 40522639, 1
1, 18, 15, 16, 922416866, 1046000821, 0, 1, 31218048, 1
1, 19, 15, 16, 1046000822, 1082206645, 4, 3, 9492790, 1
1, 19, 15, 16, 1046000822, 1082206645, 4, 2, 6692215, 0
1, 19, 15, 16, 1046000822, 1082206645, 4, 1, 4888358, 0
1, 19, 15, 16, 1046000822, 1082206645, 4, 0, 6029226, 0
1, 19, 15, 16, 1046000822, 1082206645, 3, 3, 10416408, 1
1, 19, 15, 16, 1046000822, 1082206645, 3, 2, 6324919, 0
1, 19, 15, 16, 1046000822, 1082206645, 3, 1, 4259640, 0
1, 19, 15, 16, 1046000822, 1082206645, 3, 0, 6626106, 0
1, 19, 15, 16, 1046000822, 1082206645, 2, 3, 11493513, 1
1, 19, 15, 16, 1046000822, 1082206645, 2, 2, 4969580, 1
1, 19, 15, 16, 1046000822, 1082206645, 2, 1, 1987832, 0
1, 19, 15, 16, 1046000822, 1082206645, 2, 0, 4969580, 0
1, 19, 15, 16, 1046000822, 1082206645, 1, 3, 15221475, 1
1, 19, 15, 16, 1046000822, 1082206645, 1, 2, 3975664, 1
1, 19, 15, 16, 1046000822, 1082206645, 1, 1, 1, 1
1, 19, 15, 16, 1046000822, 1082206645, 1, 0, 1, 0
1, 19, 15, 16, 1046000822, 1082206645, 0, 3, 17758387, 1
1, 19, 15, 16, 1046000822, 1082206645, 0, 2, 4969580, 1
1, 19, 15, 16, 1046000822, 1082206645, 0, 1, 1, 1
1, 20, 15, 16, 1082206646, 1097357678, 4, 3, 11774414, 1
1, 20, 15, 16, 1082206646, 1097357678, 4, 2, 15979561, 1
1, 20, 15, 16, 1082206646, 1097357678, 4, 1, 24857095, 1
1, 20, 15, 16, 1082206646, 1097357678, 4, 0, 1, 0
1, 20, 15, 16, 1082206646, 1097357678, 3, 3, 14914257, 1
1, 20, 15, 16, 1082206646, 1097357678, 3, 2, 20337623, 1
1, 20, 15, 16, 1082206646, 1097357678, 3, 1, 31959122, 1
1, 20, 15, 16, 1082206646, 1097357678, 3, 0, 1, 0
1, 20, 15, 16, 1082206646, 1097357678, 2, 3, 20337623, 1
1, 20, 15, 16, 1082206646, 1097357678, 2, 2, 27964232, 1
1, 20, 15, 16, 1082206646, 1097357678, 2, 1, 44742771, 1
1, 20, 15, 16, 1082206646, 1097357678, 2, 0, 1, 0
1, 20, 15, 16, 1082206646, 1097357678, 1, 3, 31959122, 1
1, 20, 15, 16, 1082206646, 1097357678, 1, 2, 44742771, 1
1, 20, 15, 16, 1082206646, 1097357678, 1, 1, 74571284, 1
1, 20, 15, 16, 1082206646, 1097357678, 1, 0, 1, 0
1, 20, 15, 16, 1082206646, 1097357678, 0, 3, 74571284, 1
1, 20, 15, 16, 1082206646, 1097357678, 0, 2, 111856926, 1
1, 20, 15, 16, 1082206646, 1097357678, 0, 1, 223713851, 1
1, 21, 15, 16, 1097357679, 1140698024, 4, 3, 175545525, 0
1, 21, 15, 16, 1097357679, 1140698024, 4, 2, 143751366, 0
1, 21, 15, 16, 1097357679, 1140698024, 4, 1, 113400992, 0
1, 21, 15, 16, 1097357679, 1140698024, 4, 0, 136832802, 0
1, 21, 15, 16, 1097357679, 1140698024, 3, 3, 181183632, 0
1, 21, 15, 16, 1097357679, 1140698024, 3, 2, 139788670, 0
1, 21, 15, 16, 1097357679, 1140698024, 3, 1, 100578061, 0
1, 21, 15, 16, 1097357679, 1140698024, 3, 0, 129683318, 0
1, 21, 15, 16, 1097357679, 1140698024, 2, 3, 143910679, 1
1, 21, 15, 16, 1097357679, 1140698024, 2, 2, 102772878, 1
1, 21, 15, 16, 1097357679, 1140698024, 2, 1, 76356670, 0
1, 21, 15, 16, 1097357679, 1140698024, 2, 0, 115384352, 0
1, 21, 15, 16, 1097357679, 1140698024, 1, 3, 116858419, 1
1, 21, 15, 16, 1097357679, 1140698024, 1, 2, 109153035, 1
1, 21, 15, 16, 1097357679, 1140698024, 1, 1, 74500700, 1
1, 21, 15, 16, 1097357679, 1140698024, 1, 0, 72487452, 0
1, 21, 15, 16, 1097357679, 1140698024, 0, 3, 126210300, 1
1, 21, 15, 16, 1097357679, 1140698024, 0, 2, 121254511, 1
1, 21, 15, 16, 1097357679, 1140698024, 0, 1, 78527197, 1
1, 22, 15, 16, 1140698025, 1225270012, 4, 3, 686021331, 1
1, 22, 15, 16, 1140698025, 1225270012, 4, 2, 673490412, 1
1, 22, 15, 16, 1140698025, 1225270012, 4, 1, 670051956, 1
1, 22, 15, 16, 1140698025, 1225270012, 4, 0, 734229849, 0
1, 22, 15, 16, 1140698025, 1225270012, 3, 3, 690335041, 1
1, 22, 15, 16, 1140698025, 1225270012, 3, 2, 671438778, 1
1, 22, 15, 16, 1140698025, 1225270012, 3, 1, 666533023, 1
1, 22, 15, 16, 1140698025, 1225270012, 3, 0, 750161909, 0
1, 22, 15, 16, 1140698025, 1225270012, 2, 3, 694249808, 0
1, 22, 15, 16, 1140698025, 1225270012, 2, 2, 662986161, 1
1, 22, 15, 16, 1140698025, 1225270012, 2, 1, 661825123, 1
1, 22, 15, 16, 1140698025, 1225270012, 2, 0, 786091477, 0
1, 22, 15, 16, 1140698025, 1225270012, 1, 3, 736322523, 1
1, 22, 15, 16, 1140698025, 1225270012, 1, 2, 700266362, 1
1, 22, 15, 16, 1140698025, 1225270012, 1, 1, 714908754, 1
1, 22, 15, 16, 1140698025, 1225270012, 1, 0, 592508974, 0
1, 22, 15, 16, 1140698025, 1225270012, 0, 3, 764718163, 1
1, 22, 15, 16, 1140698025, 1225270012, 0, 2, 819005544, 1
1, 22, 15, 16, 1140698025, 1225270012, 0, 1, 959708314, 1
1, 23, 15, 16, 1225270013, 1257279119, 4, 3, 477698679, 0
1, 23, 15, 16, 1225270013, 1257279119, 4, 2, 466809288, 0
1, 23, 15, 16, 1225270013, 1257279119, 4, 1, 436155616, 0
1, 23, 15, 16, 1225270013, 1257279119, 4, 0, 497875038, 0
1, 23, 15, 16, 1225270013, 1257279119, 3, 3, 469642277, 0
1, 23, 15, 16, 1225270013, 1257279119, 3, 2, 453659922, 0
1, 23, 15, 16, 1225270013, 1257279119, 3, 1, 414407227, 0
1, 23, 15, 16, 1225270013, 1257279119, 3, 0, 495823710, 0
1, 23, 15, 16, 1225270013, 1257279119, 2, 3, 448345800, 1
1, 23, 15, 16, 1225270013, 1257279119, 2, 2, 425609951, 1
1, 23, 15, 16, 1225270013, 1257279119, 2, 1, 371961744, 0
1, 23, 15, 16, 1225270013, 1257279119, 2, 0, 483475098, 0
1, 23, 15, 16, 1225270013, 1257279119, 1, 3, 480473016, 1
1, 23, 15, 16, 1225270013, 1257279119, 1, 2, 472767548, 1
1, 23, 15, 16, 1225270013, 1257279119, 1, 1, 446429262, 1
1, 23, 15, 16, 1225270013, 1257279119, 1, 0, 446429262, 0
1, 23, 15, 16, 1225270013, 1257279119, 0, 3, 488895627, 1
1, 23, 15, 16, 1225270013, 1257279119, 0, 2, 483475098, 1
1, 23, 15, 16, 1225270013, 1257279119, 0, 1, 446429262, 1
1, 24, 15, 16, 1257279120, 1308157792, 4, 3, 551509717, 0
1, 24, 15, 16, 1257279120, 1308157792, 4, 2, 548011804, 0
1, 24, 15, 16, 1257279120, 1308157792, 4, 1, 527499562, 0
1, 24, 15, 16, 1257279120, 1308157792, 4, 0, 472520553, 0
1, 24, 15, 16, 1257279120, 1308157792, 3, 3, 511356871, 0
1, 24, 15, 16, 1257279120, 1308157792, 3, 2, 517803270, 0
1, 24, 15, 16, 1257279120, 1308157792, 3, 1, 498970006, 0
1, 24, 15, 16, 1257279120, 1308157792, 3, 0, 485647167, 0
1, 24, 15, 16, 1257279120, 1308157792, 2, 3, 455769527, 1
1, 24, 15, 16, 1257279120, 1308157792, 2, 2, 467824697, 1
1, 24, 15, 16, 1257279120, 1308157792, 2, 1, 436925627, 0
1, 24, 15, 16, 1257279120, 1308157792, 2, 0, 404340828, 0
1, 24, 15, 16, 1257279120, 1308157792, 1, 3, 413284209, 1
1, 24, 15, 16, 1257279120, 1308157792, 1, 2, 407058544, 1
1, 24, 15, 16, 1257279120, 1308157792, 1, 1, 384173131, 1
1, 24, 15, 16, 1257279120, 1308157792, 1, 0, 375540948, 0
1, 24, 15, 16, 1257279120, 1308157792, 0, 3, 418007313, 1
1, 24, 15, 16, 1257279120, 1308157792, 0, 2, 412586784, 1
1, 24, 15, 16, 1257279120, 1308157792, 0, 1, 375540948, 1
1, 25, 15, 16, 1308157793, 1346999034, 4, 3, 439924544, 1
1, 25, 15, 16, 1308157793, 1346999034, 4, 2, 432150741, 0
1, 25, 15, 16, 1308157793, 1346999034, 4, 1, 413214732, 0
1, 25, 15, 16, 1308157793, 1346999034, 4, 0, 432233683, 0
1, 25, 15, 16, 1308157793, 1346999034, 3, 3, 438307355, 1
1, 25, 15, 16, 1308157793, 1346999034, 3, 2, 423155157, 1
1, 25, 15, 16, 1308157793, 1346999034, 3, 1, 398773715, 0
1, 25, 15, 16, 1308157793, 1346999034, 3, 0, 420349221, 0
1, 25, 15, 16, 1308157793, 1346999034, 2, 3, 434478118, 1
1, 25, 15, 16, 1308157793, 1346999034, 2, 2, 413409069, 1
1, 25, 15, 16, 1308157793, 1346999034, 2, 1, 382373779, 0
1, 25, 15, 16, 1308157793, 1346999034, 2, 0, 424693813, 0
1, 25, 15, 16, 1308157793, 1346999034, 1, 3, 441982671, 1
1, 25, 15, 16, 1308157793, 1346999034, 1, 2, 414403652, 1
1, 25, 15, 16, 1308157793, 1346999034, 1, 1, 381500558, 1
1, 25, 15, 16, 1308157793, 1346999034, 1, 0, 381500558, 0
1, 25, 15, 16, 1308157793, 1346999034, 0, 3, 463957337, 1
1, 25, 15, 16, 1308157793, 1346999034, 0, 2, 424693813, 1
1, 25, 15, 16, 1308157793, 1346999034, 0, 1, 381500558, 1
1, 26, 15, 16, 1346999035, 1384073016, 4, 3, 461673525, 0
1, 26, 15, 16, 1346999035, 1384073016, 4, 2, 468496713, 0
1, 26, 15, 16, 1346999035, 1384073016, 4, 1, 473364537, 0
1, 26, 15, 16, 1346999035, 1384073016, 4, 0, 575696905, 0
1, 26, 15, 16, 1346999035, 1384073016, 3, 3, 467589645, 0
1, 26, 15, 16, 1346999035, 1384073016, 3, 2, 471186647, 0
1, 26, 15, 16, 1346999035, 1384073016, 3, 1, 477966587, 0
1, 26, 15, 16, 1346999035, 1384073016, 3, 0, 613800493, 0
1, 26, 15, 16, 1346999035, 1384073016, 2, 3, 476772488, 0
1, 26, 15, 16, 1346999035, 1384073016, 2, 2, 481890216, 0
1, 26, 15, 16, 1346999035, 1384073016, 2, 1, 495844171, 0
1, 26, 15, 16, 1346999035, 1384073016, 2, 0, 718121185, 0
1, 26, 15, 16, 1346999035, 1384073016, 1, 3, 476752559, 0
1, 26, 15, 16, 1346999035, 1384073016, 1, 2, 478303532, 0
1, 26, 15, 16, 1346999035, 1384073016, 1, 1, 492334310, 0
1, 26, 15, 16, 1346999035, 1384073016, 1, 0, 727003670, 0
1, 26, 15, 16, 1346999035, 1384073016, 0, 3, 436420299, 1
1, 26, 15, 16, 1346999035, 1384073016, 0, 2, 418192885, 1
1, 26, 15, 16, 1346999035, 1384073016, 0, 1, 374999630, 1
1, 27, 15, 16, 1384073017, 1395563130, 4, 3, 1, 1
1, 27, 15, 16, 1384073017, 1395563130, 4, 2, 1, 1
1, 27, 15, 16, 1384073017, 1395563130, 4, 1, 1, 1
1, 27, 15, 16, 1384073017, 1395563130, 4, 0, 1, 0
1, 27, 15, 16, 1384073017, 1395563130, 3, 3, 1, 1
1, 27, 15, 16, 1384073017, 1395563130, 3, 2, 1, 1
1, 27, 15, 16, 1384073017, 1395563130, 3, 1, 1, 1
1, 27, 15, 16, 1384073017, 1395563130, 3, 0, 1, 0
1, 27, 15, 16, 1384073017, 1395563130, 2, 3, 1, 1
1, 27, 15, 16, 1384073017, 1395563130, 2, 2, 1, 1
1, 27, 15, 16, 1384073017, 1395563130, 2, 1, 1, 1
1, 27, 15, 16, 1384073017, 1395563130, 2, 0, 1, 0
1, 27, 15, 16, 1384073017, 1395563130, 1, 3, 1, 1
1, 27, 15, 16, 1384073017, 1395563130, 1, 2, 1, 1
1, 27, 15, 16, 1384073017, 1395563130, 1, 1, 1, 1
1, 27, 15, 16, 1384073017, 1395563130, 1, 0, 1, 0
1, 27, 15, 16, 1384073017, 1395563130, 0, 3, 1, 1
1, 27, 15, 16, 1384073017, 1395563130, 0, 2, 1, 1
1, 27, 15, 16, 1384073017, 1395563130, 0, 1, 1, 1
1, 28, 15, 16, 1395563131, 1434436970, 4, 3, 318014353, 1
1, 28, 15, 16, 1395563131, 1434436970, 4, 2, 305988989, 1
1, 28, 15, 16, 1395563131, 1434436970, 4, 1, 309497942, 1
1, 28, 15, 16, 1395563131, 1434436970, 4, 0, 281730709, 0
1, 28, 15, 16, 1395563131, 1434436970, 3, 3, 304165652, 1
1, 28, 15, 16, 1395563131, 1434436970, 3, 2, 287872395, 1
1, 28, 15, 16, 1395563131, 1434436970, 3, 1, 291521211, 1
1, 28, 15, 16, 1395563131, 1434436970, 3, 0, 251502112, 0
1, 28, 15, 16, 1395563131, 1434436970, 2, 3, 283257418, 1
1, 28, 15, 16, 1395563131, 1434436970, 2, 2, 260310201, 1
1, 28, 15, 16, 1395563131, 1434436970, 2, 1, 265790049, 1
1, 28, 15, 16, 1395563131, 1434436970, 2, 0, 207612299, 0
1, 28, 15, 16, 1395563131, 1434436970, 1, 3, 297563292, 1
1, 28, 15, 16, 1395563131, 1434436970, 1, 2, 272417001, 1
1, 28, 15, 16, 1395563131, 1434436970, 1, 1, 202851213, 1
1, 28, 15, 16, 1395563131, 1434436970, 1, 0, 34109731, 0
1, 28, 15, 16, 1395563131, 1434436970, 0, 3, 340022491, 1
1, 28, 15, 16, 1395563131, 1434436970, 0, 2, 329819226, 1
1, 28, 15, 16, 1395563131, 1434436970, 0, 1, 287221954, 1
1, 29, 15, 16, 1434436971, 1468527693, 4, 3, 381687942, 1
1, 29, 15, 16, 1434436971, 1468527693, 4, 2, 367584500, 1
1, 29, 15, 16, 1434436971, 1468527693, 4, 1, 369012695, 1
1, 29, 15, 16, 1434436971, 1468527693, 4, 0, 332829404, 0
1, 29, 15, 16, 1434436971, 1468527693, 3, 3, 365827447, 1
1, 29, 15, 16, 1434436971, 1468527693, 3, 2, 347596705, 1
1, 29, 15, 16, 1434436971, 1468527693, 3, 1, 350059002, 1
1, 29, 15, 16, 1434436971, 1468527693, 3, 0, 293133205, 0
1, 29, 15, 16, 1434436971, 1468527693, 2, 3, 345993979, 1
1, 29, 15, 16, 1434436971, 1468527693, 2, 2, 316759909, 1
1, 29, 15, 16, 1434436971, 1468527693, 2, 1, 322569306, 1
1, 29, 15, 16, 1434436971, 1468527693, 2, 0, 230308186, 0
1, 29, 15, 16, 1434436971, 1468527693, 1, 3, 362077244, 1
1, 29, 15, 16, 1434436971, 1468527693, 1, 2, 330935932, 1
1, 29, 15, 16, 1434436971, 1468527693, 1, 1, 244482305, 1
1, 29, 15, 16, 1434436971, 1468527693, 1, 0, 1, 0
1, 29, 15, 16, 1434436971, 1468527693, 0, 3, 422423451, 1
1, 29, 15, 16, 1434436971, 1468527693, 0, 2, 413669915, 1
1, 29, 15, 16, 1434436971, 1468527693, 0, 1, 366723458, 1
1, 30, 15, 16, 1468527694, 1484977137, 4, 3, 5336198, 0
1, 30, 15, 16, 1468527694, 1484977137, 4, 2, 7241982, 0
1, 30, 15, 16, 1468527694, 1484977137, 4, 1, 7593939, 0
1, 30, 15, 16, 1468527694, 1484977137, 4, 0, 17086362, 0
1, 30, 15, 16, 1468527694, 1484977137, 3, 3, 6759184, 0
1, 30, 15, 16, 1468527694, 1484977137, 3, 2, 9217068, 0
1, 30, 15, 16, 1468527694, 1484977137, 3, 1, 9763636, 0
1, 30, 15, 16, 1468527694, 1484977137, 3, 0, 22781816, 0
1, 30, 15, 16, 1468527694, 1484977137, 2, 3, 9217068, 0
1, 30, 15, 16, 1468527694, 1484977137, 2, 2, 12673469, 0
1, 30, 15, 16, 1468527694, 1484977137, 2, 1, 13669090, 0
1, 30, 15, 16, 1468527694, 1484977137, 2, 0, 34172724, 0
1, 30, 15, 16, 1468527694, 1484977137, 1, 3, 9763636, 0
1, 30, 15, 16, 1468527694, 1484977137, 1, 2, 13669090, 0
1, 30, 15, 16, 1468527694, 1484977137, 1, 1, 22781816, 0
1, 30, 15, 16, 1468527694, 1484977137, 1, 0, 68345447, 0
1, 30, 15, 16, 1468527694, 1484977137, 0, 3, 1, 1
1, 30, 15, 16, 1468527694, 1484977137, 0, 2, 1, 1
1, 30, 15, 16, 1468527694, 1484977137, 0, 1, 1, 1
1, 31, 15, 16, 1484977138, 1602667902, 4, 3, 241797706, 0
1, 31, 15, 16, 1484977138, 1602667902, 4, 2, 235444765, 0
1, 31, 15, 16, 1484977138, 1602667902, 4, 1, 224429510, 0
1, 31, 15, 16, 1484977138, 1602667902, 4, 0, 226585989, 0
1, 31, 15, 16, 1484977138, 1602667902, 3, 3, 226632659, 1
1, 31, 15, 16, 1484977138, 1602667902, 3, 2, 214947210, 0
1, 31, 15, 16, 1484977138, 1602667902, 3, 1, 201021211, 0
1, 31, 15, 16, 1484977138, 1602667902, 3, 0, 195751226, 0
1, 31, 15, 16, 1484977138, 1602667902, 2, 3, 202753345, 1
1, 31, 15, 16, 1484977138, 1602667902, 2, 2, 182259420, 1
1, 31, 15, 16, 1484977138, 1602667902, 2, 1, 163978960, 0
1, 31, 15, 16, 1484977138, 1602667902, 2, 0, 146813420, 0
1, 31, 15, 16, 1484977138, 1602667902, 1, 3, 209452294, 1
1, 31, 15, 16, 1484977138, 1602667902, 1, 2, 174164336, 1
1, 31, 15, 16, 1484977138, 1602667902, 1, 1, 77547041, 1
1, 31, 15, 16, 1484977138, 1602667902, 1, 0, 1, 0
1, 31, 15, 16, 1484977138, 1602667902, 0, 3, 210203870, 1
1, 31, 15, 16, 1484977138, 1602667902, 0, 2, 159545140, 1
1, 31, 15, 16, 1484977138, 1602667902, 0, 1, 1, 1
1, 32, 15, 16, 1602667903, 1636265105, 4, 3, 92591016, 0
1, 32, 15, 16, 1602667903, 1636265105, 4, 2, 84804672, 0
1, 32, 15, 16, 1602667903, 1636265105, 4, 1, 57180836, 0
1, 32, 15, 16, 1602667903, 1636265105, 4, 0, 70855141, 0
1, 32, 15, 16, 1602667903, 1636265105, 3, 3, 99783101, 0
1, 32, 15, 16, 1602667903, 1636265105, 3, 2, 90690533, 0
1, 32, 15, 16, 1602667903, 1636265105, 3, 1, 59815573, 0
1, 32, 15, 16, 1602667903, 1636265105, 3, 0, 62500685, 0
1, 32, 15, 16, 1602667903, 1636265105, 2, 3, 103682972, 0
1, 32, 15, 16, 1602667903, 1636265105, 2, 2, 89271913, 0
1, 32, 15, 16, 1602667903, 1636265105, 2, 1, 46241392, 0
1, 32, 15, 16, 1602667903, 1636265105, 2, 0, 46875514, 0
1, 32, 15, 16, 1602667903, 1636265105, 1, 3, 26339066, 1
1, 32, 15, 16, 1602667903, 1636265105, 1, 2, 18750206, 1
1, 32, 15, 16, 1602667903, 1636265105, 1, 1, 1, 1
1, 32, 15, 16, 1602667903, 1636265105, 1, 0, 1, 0
1, 32, 15, 16, 1602667903, 1636265105, 0, 3, 1757788, 1
1, 32, 15, 16, 1602667903, 1636265105, 0, 2, 1, 1
1, 32, 15, 16, 1602667903, 1636265105, 0, 1, 1, 1
1, 33, 15, 16, 1636265106, 1645947019, 4, 3, 1, 1
1, 33, 15, 16, 1636265106, 1645947019, 4, 2, 1, 1
1, 33, 15, 16, 1636265106, 1645947019, 4, 1, 1, 1
1, 33, 15, 16, 1636265106, 1645947019, 4, 0, 1, 0
1, 33, 15, 16, 1636265106, 1645947019, 3, 3, 1, 1
1, 33, 15, 16, 1636265106, 1645947019, 3, 2, 1, 1
1, 33, 15, 16, 1636265106, 1645947019, 3, 1, 1, 1
1, 33, 15, 16, 1636265106, 1645947019, 3, 0, 1, 0
1, 33, 15, 16, 1636265106, 1645947019, 2, 3, 1, 1
1, 33, 15, 16, 1636265106, 1645947019, 2, 2, 1, 1
1, 33, 15, 16, 1636265106, 1645947019, 2, 1, 1, 1
1, 33, 15, 16, 1636265106, 1645947019, 2, 0, 1, 0
1, 33, 15, 16, 1636265106, 1645947019, 1, 3, 1, 1
1, 33, 15, 16, 1636265106, 1645947019, 1, 2, 1, 1
1, 33, 15, 16, 1636265106, 1645947019, 1, 1, 1, 1
1, 33, 15, 16, 1636265106, 1645947019, 1, 0, 1, 0
1, 33, 15, 16, 1636265106, 1645947019, 0, 3, 1, 1
1, 33, 15, 16, 1636265106, 1645947019, 0, 2, 1, 1
1, 33, 15, 16, 1636265106, 1645947019, 0, 1, 1, 1
1, 34, 15, 16, 1645947020, 1683965785, 4, 3, 49386270, 0
1, 34, 15, 16, 1645947020, 1683965785, 4, 2, 62407786, 0
1, 34, 15, 16, 1645947020, 1683965785, 4, 1, 51577842, 0
1, 34, 15, 16, 1645947020, 1683965785, 4, 0, 33097465, 0
1, 34, 15, 16, 1645947020, 1683965785, 3, 3, 55125803, 0
1, 34, 15, 16, 1645947020, 1683965785, 3, 2, 71404463, 0
1, 34, 15, 16, 1645947020, 1683965785, 3, 1, 60010089, 0
1, 34, 15, 16, 1645947020, 1683965785, 3, 0, 29419969, 0
1, 34, 15, 16, 1645947020, 1683965785, 2, 3, 35835130, 0
1, 34, 15, 16, 1645947020, 1683965785, 2, 2, 46992584, 0
1, 34, 15, 16, 1645947020, 1683965785, 2, 1, 66362143, 0
1, 34, 15, 16, 1645947020, 1683965785, 2, 0, 22064977, 0
1, 34, 15, 16, 1645947020, 1683965785, 1, 3, 8910817, 1
1, 34, 15, 16, 1645947020, 1683965785, 1, 2, 8825991, 1
1, 34, 15, 16, 1645947020, 1683965785, 1, 1, 1, 1
1, 34, 15, 16, 1645947020, 1683965785, 1, 0, 1, 0
1, 34, 15, 16, 1645947020, 1683965785, 0, 3, 1, 1
1, 34, 15, 16, 1645947020, 1683965785, 0, 2, 1, 1
1, 34, 15, 16, 1645947020, 1683965785, 0, 1, 1, 1
1, 35, 15, 16, 1683965786, 1767786336, 4, 3, 64128596, 1
1, 35, 15, 16, 1683965786, 1767786336, 4, 2, 64371554, 0
1, 35, 15, 16, 1683965786, 1767786336, 4, 1, 79128823, 1
1, 35, 15, 16, 1683965786, 1767786336, 4, 0, 28867388, 0
1, 35, 15, 16, 1683965786, 1767786336, 3, 3, 76373513, 1
1, 35, 15, 16, 1683965786, 1767786336, 3, 2, 81927432, 0
1, 35, 15, 16, 1683965786, 1767786336, 3, 1, 101737058, 1
1, 35, 15, 16, 1683965786, 1767786336, 3, 0, 38489851, 0
1, 35, 15, 16, 1683965786, 1767786336, 2, 3, 78433760, 0
1, 35, 15, 16, 1683965786, 1767786336, 2, 2, 86401378, 0
1, 35, 15, 16, 1683965786, 1767786336, 2, 1, 119337971, 0
1, 35, 15, 16, 1683965786, 1767786336, 2, 0, 47260585, 0
1, 35, 15, 16, 1683965786, 1767786336, 1, 3, 96247002, 1
1, 35, 15, 16, 1683965786, 1767786336, 1, 2, 100433738, 1
1, 35, 15, 16, 1683965786, 1767786336, 1, 1, 135882506, 1
1, 35, 15, 16, 1683965786, 1767786336, 1, 0, 1, 0
1, 35, 15, 16, 1683965786, 1767786336, 0, 3, 44307997, 1
1, 35, 15, 16, 1683965786, 1767786336, 0, 2, 23571913, 1
1, 35, 15, 16, 1683965786, 1767786336, 0, 1, 47143826, 1
1, 36, 15, 16, 1767786337, 1849903504, 4, 3, 63862321, 1
1, 36, 15, 16, 1767786337, 1849903504, 4, 2, 64708978, 1
1, 36, 15, 16, 1767786337, 1849903504, 4, 1, 68963029, 1
1, 36, 15, 16, 1767786337, 1849903504, 4, 0, 56203559, 0
1, 36, 15, 16, 1767786337, 1849903504, 3, 3, 75805170, 1
1, 36, 15, 16, 1767786337, 1849903504, 3, 2, 82356881, 1
1, 36, 15, 16, 1767786337, 1849903504, 3, 1, 88666752, 1
1, 36, 15, 16, 1767786337, 1849903504, 3, 0, 74938078, 0
1, 36, 15, 16, 1767786337, 1849903504, 2, 3, 70501143, 1
1, 36, 15, 16, 1767786337, 1849903504, 2, 2, 77583408, 1
1, 36, 15, 16, 1767786337, 1849903504, 2, 1, 86098996, 1
1, 36, 15, 16, 1767786337, 1849903504, 2, 0, 64864046, 0
1, 36, 15, 16, 1767786337, 1849903504, 1, 3, 83620042, 1
1, 36, 15, 16, 1767786337, 1849903504, 1, 2, 86098996, 1
1, 36, 15, 16, 1767786337, 1849903504, 1, 1, 80107565, 1
1, 36, 15, 16, 1767786337, 1849903504, 1, 0, 34641951, 0
1, 36, 15, 16, 1767786337, 1849903504, 0, 3, 114515864, 1
1, 36, 15, 16, 1767786337, 1849903504, 0, 2, 133062468, 1
1, 36, 15, 16, 1767786337, 1849903504, 0, 1, 171038794, 1
1, 37, 15, 16, 1849903505, 1935944083, 4, 3, 40340070, 1
1, 37, 15, 16, 1849903505, 1935944083, 4, 2, 40328282, 1
1, 37, 15, 16, 1849903505, 1935944083, 4, 1, 31663022, 0
1, 37, 15, 16, 1849903505, 1935944083, 4, 0, 34953594, 0
1, 37, 15, 16, 1849903505, 1935944083, 3, 3, 46502771, 0
1, 37, 15, 16, 1849903505, 1935944083, 3, 2, 51326904, 0
1, 37, 15, 16, 1849903505, 1935944083, 3, 1, 40709599, 0
1, 37, 15, 16, 1849903505, 1935944083, 3, 0, 46604792, 0
1, 37, 15, 16, 1849903505, 1935944083, 2, 3, 44347272, 1
1, 37, 15, 16, 1849903505, 1935944083, 2, 2, 44359298, 1
1, 37, 15, 16, 1849903505, 1935944083, 2, 1, 29030564, 0
1, 37, 15, 16, 1849903505, 1935944083, 2, 0, 34953594, 0
1, 37, 15, 16, 1849903505, 1935944083, 1, 3, 39728347, 1
1, 37, 15, 16, 1849903505, 1935944083, 1, 2, 29030564, 1
1, 37, 15, 16, 1849903505, 1935944083, 1, 1, 1779481, 1
1, 37, 15, 16, 1849903505, 1935944083, 1, 0, 1, 0
1, 37, 15, 16, 1849903505, 1935944083, 0, 3, 38978461, 1
1, 37, 15, 16, 1849903505, 1935944083, 0, 2, 34953594, 1
1, 37, 15, 16, 1849903505, 1935944083, 0, 1, 1, 1
1, 38, 15, 16, 1935944084, 2017198055, 4, 3, 33273993, 1
1, 38, 15, 16, 1935944084, 2017198055, 4, 2, 37483831, 1
1, 38, 15, 16, 1935944084, 2017198055, 4, 1, 31449891, 0
1, 38, 15, 16, 1935944084, 2017198055, 4, 0, 20143718, 0
1, 38, 15, 16, 1935944084, 2017198055, 3, 3, 32821773, 1
1, 38, 15, 16, 1935944084, 2017198055, 3, 2, 39873680, 1
1, 38, 15, 16, 1935944084, 2017198055, 3, 1, 28126552, 0
1, 38, 15, 16, 1935944084, 2017198055, 3, 0, 26858291, 0
1, 38, 15, 16, 1935944084, 2017198055, 2, 3, 21974965, 1
1, 38, 15, 16, 1935944084, 2017198055, 2, 2, 30215577, 1
1, 38, 15, 16, 1935944084, 2017198055, 2, 1, 16114975, 1
1, 38, 15, 16, 1935944084, 2017198055, 2, 0, 1, 0
1, 38, 15, 16, 1935944084, 2017198055, 1, 3, 23021392, 1
1, 38, 15, 16, 1935944084, 2017198055, 1, 2, 32229949, 1
1, 38, 15, 16, 1935944084, 2017198055, 1, 1, 1, 1
1, 38, 15, 16, 1935944084, 2017198055, 1, 0, 1, 0
1, 38, 15, 16, 1935944084, 2017198055, 0, 3, 26858291, 1
1, 38, 15, 16, 1935944084, 2017198055, 0, 2, 40287436, 1
1, 38, 15, 16, 1935944084, 2017198055, 0, 1, 1, 1
1, 39, 15, 16, 2017198056, 2131733152, 4, 3, 46328692, 1
1, 39, 15, 16, 2017198056, 2131733152, 4, 2, 37896174, 1
1, 39, 15, 16, 2017198056, 2131733152, 4, 1, 28857703, 0
1, 39, 15, 16, 2017198056, 2131733152, 4, 0, 20717629, 0
1, 39, 15, 16, 2017198056, 2131733152, 3, 3, 46813841, 1
1, 39, 15, 16, 2017198056, 2131733152, 3, 2, 40697811, 1
1, 39, 15, 16, 2017198056, 2131733152, 3, 1, 25264116, 0
1, 39, 15, 16, 2017198056, 2131733152, 3, 0, 27623506, 0
1, 39, 15, 16, 2017198056, 2131733152, 2, 3, 39108344, 1
1, 39, 15, 16, 2017198056, 2131733152, 2, 2, 33853389, 1
1, 39, 15, 16, 2017198056, 2131733152, 2, 1, 18795660, 1
1, 39, 15, 16, 2017198056, 2131733152, 2, 0, 1, 0
1, 39, 15, 16, 2017198056, 2131733152, 1, 3, 22596566, 1
1, 39, 15, 16, 2017198056, 2131733152, 1, 2, 18795660, 1
1, 39, 15, 16, 2017198056, 2131733152, 1, 1, 1, 1
1, 39, 15, 16, 2017198056, 2131733152, 1, 0, 1, 0
1, 39, 15, 16, 2017198056, 2131733152, 0, 3, 31326099, 1
1, 39, 15, 16, 2017198056, 2131733152, 0, 2, 46989148, 1
1, 39, 15, 16, 2017198056, 2131733152, 0, 1, 1, 1
1, 40, 15, 16, 2131733153, 2213437894, 4, 3, 35997101, 0
1, 40, 15, 16, 2131733153, 2213437894, 4, 2, 26277356, 0
1, 40, 15, 16, 2131733153, 2213437894, 4, 1, 25989717, 0
1, 40, 15, 16, 2131733153, 2213437894, 4, 0, 19492288, 0
1, 40, 15, 16, 2131733153, 2213437894, 3, 3, 34807435, 0
1, 40, 15, 16, 2131733153, 2213437894, 3, 2, 26355803, 0
1, 40, 15, 16, 2131733153, 2213437894, 3, 1, 22276900, 0
1, 40, 15, 16, 2131733153, 2213437894, 3, 0, 25989717, 0
1, 40, 15, 16, 2131733153, 2213437894, 2, 3, 27661068, 1
1, 40, 15, 16, 2131733153, 2213437894, 2, 2, 19492288, 1
1, 40, 15, 16, 2131733153, 2213437894, 2, 1, 15593830, 1
1, 40, 15, 16, 2131733153, 2213437894, 2, 0, 1, 0
1, 40, 15, 16, 2131733153, 2213437894, 1, 3, 9209886, 1
1, 40, 15, 16, 2131733153, 2213437894, 1, 2, 1, 1
1, 40, 15, 16, 2131733153, 2213437894, 1, 1, 1, 1
1, 40, 15, 16, 2131733153, 2213437894, 1, 0, 1, 0
1, 40, 15, 16, 2131733153, 2213437894, 0, 3, 1, 1
1, 40, 15, 16, 2131733153, 2213437894, 0, 2, 1, 1
1, 40, 15, 16, 2131733153, 2213437894, 0, 1, 1, 1
1, 41, 15, 16, 2213437895, 2247182358, 4, 3, 44552916, 1
1, 41, 15, 16, 2213437895, 2247182358, 4, 2, 44031734, 1
1, 41, 15, 16, 2213437895, 2247182358, 4, 1, 24393144, 0
1, 41, 15, 16, 2213437895, 2247182358, 4, 0, 19286170, 0
1, 41, 15, 16, 2213437895, 2247182358, 3, 3, 38396745, 1
1, 41, 15, 16, 2213437895, 2247182358, 3, 2, 37912189, 1
1, 41, 15, 16, 2213437895, 2247182358, 3, 1, 11020669, 1
1, 41, 15, 16, 2213437895, 2247182358, 3, 0, 1, 0
1, 41, 15, 16, 2213437895, 2247182358, 2, 3, 41956451, 1
1, 41, 15, 16, 2213437895, 2247182358, 2, 2, 46718489, 1
1, 41, 15, 16, 2213437895, 2247182358, 2, 1, 15428936, 1
1, 41, 15, 16, 2213437895, 2247182358, 2, 0, 1, 0
1, 41, 15, 16, 2213437895, 2247182358, 1, 3, 33726796, 1
1, 41, 15, 16, 2213437895, 2247182358, 1, 2, 43891710, 1
1, 41, 15, 16, 2213437895, 2247182358, 1, 1, 1, 1
1, 41, 15, 16, 2213437895, 2247182358, 1, 0, 1, 0
1, 41, 15, 16, 2213437895, 2247182358, 0, 3, 47437957, 1
1, 41, 15, 16, 2213437895, 2247182358, 0, 2, 71156936, 1
1, 41, 15, 16, 2213437895, 2247182358, 0, 1, 1, 1
1, 42, 15, 16, 2247182359, 2263548682, 4, 3, 1, 1
1, 42, 15, 16, 2247182359, 2263548682, 4, 2, 1, 1
1, 42, 15, 16, 2247182359, 2263548682, 4, 1, 1, 1
1, 42, 15, 16, 2247182359, 2263548682, 4, 0, 1, 0
1, 42, 15, 16, 2247182359, 2263548682, 3, 3, 1, 1
1, 42, 15, 16, 2247182359, 2263548682, 3, 2, 1, 1
1, 42, 15, 16, 2247182359, 2263548682, 3, 1, 1, 1
1, 42, 15, 16, 2247182359, 2263548682, 3, 0, 1, 0
1, 42, 15, 16, 2247182359, 2263548682, 2, 3, 1, 1
1, 42, 15, 16, 2247182359, 2263548682, 2, 2, 1, 1
1, 42, 15, 16, 2247182359, 2263548682, 2, 1, 1, 1
1, 42, 15, 16, 2247182359, 2263548682, 2, 0, 1, 0
1, 42, 15, 16, 2247182359, 2263548682, 1, 3, 1, 1
1, 42, 15, 16, 2247182359, 2263548682, 1, 2, 1, 1
1, 42, 15, 16, 2247182359, 2263548682, 1, 1, 1, 1
1, 42, 15, 16, 2247182359, 2263548682, 1, 0, 1, 0
1, 42, 15, 16, 2247182359, 2263548682, 0, 3, 1, 1
1, 42, 15, 16, 2247182359, 2263548682, 0, 2, 1, 1
1, 42, 15, 16, 2247182359, 2263548682, 0, 1, 1, 1
1, 43, 15, 16, 2263548683, 2415257182, 4, 3, 80349716, 1
1, 43, 15, 16, 2263548683, 2415257182, 4, 2, 63961181, 1
1, 43, 15, 16, 2263548683, 2415257182, 4, 1, 39061507, 0
1, 43, 15, 16, 2263548683, 2415257182, 4, 0, 31990221, 0
1, 43, 15, 16, 2263548683, 2415257182, 3, 3, 77128118, 1
1, 43, 15, 16, 2263548683, 2415257182, 3, 2, 55323741, 1
1, 43, 15, 16, 2263548683, 2415257182, 3, 1, 22898568, 0
1, 43, 15, 16, 2263548683, 2415257182, 3, 0, 10776364, 0
1, 43, 15, 16, 2263548683, 2415257182, 2, 3, 87982675, 1
1, 43, 15, 16, 2263548683, 2415257182, 2, 2, 64116170, 1
1, 43, 15, 16, 2263548683, 2415257182, 2, 1, 32057995, 0
1, 43, 15, 16, 2263548683, 2415257182, 2, 0, 16164546, 0
1, 43, 15, 16, 2263548683, 2415257182, 1, 3, 98007528, 1
1, 43, 15, 16, 2263548683, 2415257182, 1, 2, 62800017, 1
1, 43, 15, 16, 2263548683, 2415257182, 1, 1, 21552728, 0
1, 43, 15, 16, 2263548683, 2415257182, 1, 0, 32329092, 0
1, 43, 15, 16, 2263548683, 2415257182, 0, 3, 153209359, 1
1, 43, 15, 16, 2263548683, 2415257182, 0, 2, 73022209, 1
1, 43, 15, 16, 2263548683, 2415257182, 0, 1, 1, 1
1, 44, 15, 16, 2415257183, 2495157438, 4, 3, 77531433, 0
1, 44, 15, 16, 2415257183, 2495157438, 4, 2, 80612992, 0
1, 44, 15, 16, 2415257183, 2495157438, 4, 1, 93295875, 0
1, 44, 15, 16, 2415257183, 2495157438, 4, 0, 139831921, 0
1, 44, 15, 16, 2415257183, 2495157438, 3, 3, 73472516, 0
1, 44, 15, 16, 2415257183, 2495157438, 3, 2, 77031956, 0
1, 44, 15, 16, 2415257183, 2495157438, 3, 1, 93534120, 0
1, 44, 15, 16, 2415257183, 2495157438, 3, 0, 156903331, 0
1, 44, 15, 16, 2415257183, 2495157438, 2, 3, 47876607, 0
1, 44, 15, 16, 2415257183, 2495157438, 2, 2, 35153796, 0
1, 44, 15, 16, 2415257183, 2495157438, 2, 1, 36984806, 0
1, 44, 15, 16, 2415257183, 2495157438, 2, 0, 44308846, 0
1, 44, 15, 16, 2415257183, 2495157438, 1, 3, 22233313, 1
1, 44, 15, 16, 2415257183, 2495157438, 1, 2, 1, 1
1, 44, 15, 16, 2415257183, 2495157438, 1, 1, 1, 1
1, 44, 15, 16, 2415257183, 2495157438, 1, 0, 1, 0
1, 44, 15, 16, 2415257183, 2495157438, 0, 3, 23329687, 1
1, 44, 15, 16, 2415257183, 2495157438, 0, 2, 1, 1
1, 44, 15, 16, 2415257183, 2495157438, 0, 1, 1, 1
1, 45, 15, 16, 2495157439, 2568805197, 4, 3, 36888232, 0
1, 45, 15, 16, 2495157439, 2568805197, 4, 2, 38700592, 0
1, 45, 15, 16, 2495157439, 2568805197, 4, 1, 34542699, 0
1, 45, 15, 16, 2495157439, 2568805197, 4, 0, 32458155, 0
1, 45, 15, 16, 2495157439, 2568805197, 3, 3, 29274621, 0
1, 45, 15, 16, 2495157439, 2568805197, 3, 2, 29938355, 0
1, 45, 15, 16, 2495157439, 2568805197, 3, 1, 21181462, 0
1, 45, 15, 16, 2495157439, 2568805197, 3, 0, 16175196, 0
1, 45, 15, 16, 2495157439, 2568805197, 2, 3, 30852243, 0
1, 45, 15, 16, 2495157439, 2568805197, 2, 2, 28697158, 0
1, 45, 15, 16, 2495157439, 2568805197, 2, 1, 19679582, 0
1, 45, 15, 16, 2495157439, 2568805197, 2, 0, 24262794, 0
1, 45, 15, 16, 2495157439, 2568805197, 1, 3, 20261962, 1
1, 45, 15, 16, 2495157439, 2568805197, 1, 2, 16261407, 1
1, 45, 15, 16, 2495157439, 2568805197, 1, 1, 1, 1
1, 45, 15, 16, 2495157439, 2568805197, 1, 0, 1, 0
1, 45, 15, 16, 2495157439, 2568805197, 0, 3, 10087784, 1
1, 45, 15, 16, 2495157439, 2568805197, 0, 2, 1, 1
1, 45, 15, 16, 2495157439, 2568805197, 0, 1, 1, 1
1, 46, 15, 16, 2568805198, 2776075211, 4, 3, 101608542, 0
1, 46, 15, 16, 2568805198, 2776075211, 4, 2, 98919080, 0
1, 46, 15, 16, 2568805198, 2776075211, 4, 1, 92893885, 0
1, 46, 15, 16, 2568805198, 2776075211, 4, 0, 83604497, 0
1, 46, 15, 16, 2568805198, 2776075211, 3, 3, 85770851, 0
1, 46, 15, 16, 2568805198, 2776075211, 3, 2, 80294559, 0
1, 46, 15, 16, 2568805198, 2776075211, 3, 1, 71660997, 0
1, 46, 15, 16, 2568805198, 2776075211, 3, 0, 55736331, 0
1, 46, 15, 16, 2568805198, 2776075211, 2, 3, 97468963, 0
1, 46, 15, 16, 2568805198, 2776075211, 2, 2, 83604497, 0
1, 46, 15, 16, 2568805198, 2776075211, 2, 1, 66883597, 0
1, 46, 15, 16, 2568805198, 2776075211, 2, 0, 83604497, 0
1, 46, 15, 16, 2568805198, 2776075211, 1, 3, 61165579, 1
1, 46, 15, 16, 2568805198, 2776075211, 1, 2, 33441799, 1
1, 46, 15, 16, 2568805198, 2776075211, 1, 1, 1, 1
1, 46, 15, 16, 2568805198, 2776075211, 1, 0, 1, 0
1, 46, 15, 16, 2568805198, 2776075211, 0, 3, 43491677, 1
1, 46, 15, 16, 2568805198, 2776075211, 0, 2, 1, 1
1, 46, 15, 16, 2568805198, 2776075211, 0, 1, 1, 1
1, 47, 15, 16, 2776075212, 3010882131, 4, 3, 67684256, 0
1, 47, 15, 16, 2776075212, 3010882131, 4, 2, 73950472, 0
1, 47, 15, 16, 2776075212, 3010882131, 4, 1, 65582085, 0
1, 47, 15, 16, 2776075212, 3010882131, 4, 0, 73779845, 0
1, 47, 15, 16, 2776075212, 3010882131, 3, 3, 60378073, 0
1, 47, 15, 16, 2776075212, 3010882131, 3, 2, 68724034, 0
1, 47, 15, 16, 2776075212, 3010882131, 3, 1, 57715801, 0
1, 47, 15, 16, 2776075212, 3010882131, 3, 0, 67335102, 0
1, 47, 15, 16, 2776075212, 3010882131, 2, 3, 56938987, 1
1, 47, 15, 16, 2776075212, 3010882131, 2, 2, 59577768, 0
1, 47, 15, 16, 2776075212, 3010882131, 2, 1, 43556491, 0
1, 47, 15, 16, 2776075212, 3010882131, 2, 0, 54445614, 0
1, 47, 15, 16, 2776075212, 3010882131, 1, 3, 52498453, 1
1, 47, 15, 16, 2776075212, 3010882131, 1, 2, 43556491, 1
1, 47, 15, 16, 2776075212, 3010882131, 1, 1, 10518101, 0
1, 47, 15, 16, 2776075212, 3010882131, 1, 0, 15777152, 0
1, 47, 15, 16, 2776075212, 3010882131, 0, 3, 54842210, 1
1, 47, 15, 16, 2776075212, 3010882131, 0, 2, 46557039, 1
1, 47, 15, 16, 2776075212, 3010882131, 0, 1, 1, 1
1, 48, 15, 16, 3010882132, 3236942127, 4, 3, 44564838, 0
1, 48, 15, 16, 3010882132, 3236942127, 4, 2, 47097813, 0
1, 48, 15, 16, 3010882132, 3236942127, 4, 1, 39961781, 0
1, 48, 15, 16, 3010882132, 3236942127, 4, 0, 44957004, 0
1, 48, 15, 16, 3010882132, 3236942127, 3, 3, 44460260, 0
1, 48, 15, 16, 3010882132, 3236942127, 3, 2, 43594670, 0
1, 48, 15, 16, 3010882132, 3236942127, 3, 1, 34252955, 0
1, 48, 15, 16, 3010882132, 3236942127, 3, 0, 39961781, 0
1, 48, 15, 16, 3010882132, 3236942127, 2, 3, 37193907, 0
1, 48, 15, 16, 3010882132, 3236942127, 2, 2, 37464170, 1
1, 48, 15, 16, 3010882132, 3236942127, 2, 1, 23977069, 0
1, 48, 15, 16, 3010882132, 3236942127, 2, 0, 29971336, 0
1, 48, 15, 16, 3010882132, 3236942127, 1, 3, 23922742, 1
1, 48, 15, 16, 3010882132, 3236942127, 1, 2, 23977069, 1
1, 48, 15, 16, 3010882132, 3236942127, 1, 1, 1, 1
1, 48, 15, 16, 3010882132, 3236942127, 1, 0, 1, 0
1, 48, 15, 16, 3010882132, 3236942127, 0, 3, 27909866, 1
1, 48, 15, 16, 3010882132, 3236942127, 0, 2, 29971336, 1
1, 48, 15, 16, 3010882132, 3236942127, 0, 1, 1, 1
1, 49, 15, 16, 3236942128, 3585445262, 4, 3, 53535687, 0
1, 49, 15, 16, 3236942128, 3585445262, 4, 2, 58642515, 0
1, 49, 15, 16, 3236942128, 3585445262, 4, 1, 50191359, 0
1, 49, 15, 16, 3236942128, 3585445262, 4, 0, 58255831, 0
1, 49, 15, 16, 3236942128, 3585445262, 3, 3, 54186905, 0
1, 49, 15, 16, 3236942128, 3585445262, 3, 2, 56056429, 0
1, 49, 15, 16, 3236942128, 3585445262, 3, 1, 45067510, 0
1, 49, 15, 16, 3236942128, 3585445262, 3, 0, 54966165, 0
1, 49, 15, 16, 3236942128, 3585445262, 2, 3, 46257560, 0
1, 49, 15, 16, 3236942128, 3585445262, 2, 2, 46159123, 0
1, 49, 15, 16, 3236942128, 3585445262, 2, 1, 30114815, 0
1, 49, 15, 16, 3236942128, 3585445262, 2, 0, 41224624, 0
1, 49, 15, 16, 3236942128, 3585445262, 1, 3, 33358797, 1
1, 49, 15, 16, 3236942128, 3585445262, 1, 2, 30114815, 1
1, 49, 15, 16, 3236942128, 3585445262, 1, 1, 1, 1
1, 49, 15, 16, 3236942128, 3585445262, 1, 0, 1, 0
1, 49, 15, 16, 3236942128, 3585445262, 0, 3, 36531193, 1
1, 49, 15, 16, 3236942128, 3585445262, 0, 2, 34062415, 1
1, 49, 15, 16, 3236942128, 3585445262, 0, 1, 1, 1
1, 50, 15, 16, 3585445263, 3806140540, 4, 3, 78424071, 0
1, 50, 15, 16, 3585445263, 3806140540, 4, 2, 78539248, 0
1, 50, 15, 16, 3585445263, 3806140540, 4, 1, 65430351, 0
1, 50, 15, 16, 3585445263, 3806140540, 4, 0, 73609145, 0
1, 50, 15, 16, 3585445263, 3806140540, 3, 3, 72107860, 0
1, 50, 15, 16, 3585445263, 3806140540, 3, 2, 71378565, 0
1, 50, 15, 16, 3585445263, 3806140540, 3, 1, 56083158, 0
1, 50, 15, 16, 3585445263, 3806140540, 3, 0, 65430351, 0
1, 50, 15, 16, 3585445263, 3806140540, 2, 3, 63572018, 1
1, 50, 15, 16, 3585445263, 3806140540, 2, 2, 61340954, 1
1, 50, 15, 16, 3585445263, 3806140540, 2, 1, 39258211, 0
1, 50, 15, 16, 3585445263, 3806140540, 2, 0, 49072764, 0
1, 50, 15, 16, 3585445263, 3806140540, 1, 3, 44400204, 1
1, 50, 15, 16, 3585445263, 3806140540, 1, 2, 39258211, 1
1, 50, 15, 16, 3585445263, 3806140540, 1, 1, 1, 1
1, 50, 15, 16, 3585445263, 3806140540, 1, 0, 1, 0
1, 50, 15, 16, 3585445263, 3806140540, 0, 3, 51800238, 1
1, 50, 15, 16, 3585445263, 3806140540, 0, 2, 49072764, 1
1, 50, 15, 16, 3585445263, 3806140540, 0, 1, 1, 1
1, 51, 15, 16, 3806140541, 3818149841, 4, 3, 51777416, 0
1, 51, 15, 16, 3806140541, 3818149841, 4, 2, 60613528, 0
1, 51, 15, 16, 3806140541, 3818149841, 4, 1, 94287710, 0
1, 51, 15, 16, 3806140541, 3818149841, 4, 0, 88008734, 0
1, 51, 15, 16, 3806140541, 3818149841, 3, 3, 58393684, 0
1, 51, 15, 16, 3806140541, 3818149841, 3, 2, 67338523, 0
1, 51, 15, 16, 3806140541, 3818149841, 3, 1, 105817678, 0
1, 51, 15, 16, 3806140541, 3818149841, 3, 0, 101534677, 0
1, 51, 15, 16, 3806140541, 3818149841, 2, 3, 36988554, 0
1, 51, 15, 16, 3806140541, 3818149841, 2, 2, 50859261, 0
1, 51, 15, 16, 3806140541, 3818149841, 2, 1, 81374817, 0
1, 51, 15, 16, 3806140541, 3818149841, 2, 0, 116148219, 0
1, 51, 15, 16, 3806140541, 3818149841, 1, 3, 1, 1
1, 51, 15, 16, 3806140541, 3818149841, 1, 2, 1, 1
1, 51, 15, 16, 3806140541, 3818149841, 1, 1, 1, 1
1, 51, 15, 16, 3806140541, 3818149841, 1, 0, 1, 0
1, 51, 15, 16, 3806140541, 3818149841, 0, 3, 1, 1
1, 51, 15, 16, 3806140541, 3818149841, 0, 2, 1, 1
1, 51, 15, 16, 3806140541, 3818149841, 0, 1, 1, 1
1, 52, 15, 16, 3818149842, 3833896627, 4, 3, 160946201, 1
1, 52, 15, 16, 3818149842, 3833896627, 4, 2, 153579185, 0
1, 52, 15, 16, 3818149842, 3833896627, 4, 1, 163820658, 0
1, 52, 15, 16, 3818149842, 3833896627, 4, 0, 101717130, 0
1, 52, 15, 16, 3818149842, 3833896627, 3, 3, 153398173, 1
1, 52, 15, 16, 3818149842, 3833896627, 3, 2, 144379917, 1
1, 52, 15, 16, 3818149842, 3833896627, 3, 1, 149022417, 0
1, 52, 15, 16, 3818149842, 3833896627, 3, 0, 90683315, 0
1, 52, 15, 16, 3818149842, 3833896627, 2, 3, 122060550, 1
1, 52, 15, 16, 3818149842, 3833896627, 2, 2, 119931894, 0
1, 52, 15, 16, 3818149842, 3833896627, 2, 1, 136464796, 0
1, 52, 15, 16, 3818149842, 3833896627, 2, 0, 103756705, 0
1, 52, 15, 16, 3818149842, 3833896627, 1, 3, 129952337, 0
1, 52, 15, 16, 3818149842, 3833896627, 1, 2, 128658092, 0
1, 52, 15, 16, 3818149842, 3833896627, 1, 1, 127710133, 0
1, 52, 15, 16, 3818149842, 3833896627, 1, 0, 207513409, 0
1, 52, 15, 16, 3818149842, 3833896627, 0, 3, 109395757, 1
1, 52, 15, 16, 3818149842, 3833896627, 0, 2, 100695513, 1
1, 52, 15, 16, 3818149842, 3833896627, 0, 1, 80439954, 1
1, 53, 15, 16, 3833896628, 3846065655, 4, 3, 181455690, 0
1, 53, 15, 16, 3833896628, 3846065655, 4, 2, 156548304, 0
1, 53, 15, 16, 3833896628, 3846065655, 4, 1, 129495674, 0
1, 53, 15, 16, 3833896628, 3846065655, 4, 0, 113506220, 0
1, 53, 15, 16, 3833896628, 3846065655, 3, 3, 150167873, 0
1, 53, 15, 16, 3833896628, 3846065655, 3, 2, 130200220, 0
1, 53, 15, 16, 3833896628, 3846065655, 3, 1, 111039736, 0
1, 53, 15, 16, 3833896628, 3846065655, 3, 0, 107528106, 0
1, 53, 15, 16, 3833896628, 3846065655, 2, 3, 102182168, 0
1, 53, 15, 16, 3833896628, 3846065655, 2, 2, 85401792, 0
1, 53, 15, 16, 3833896628, 3846065655, 2, 1, 85130558, 0
1, 53, 15, 16, 3833896628, 3846065655, 2, 0, 78739810, 0
1, 53, 15, 16, 3833896628, 3846065655, 1, 3, 11909156, 1
1, 53, 15, 16, 3833896628, 3846065655, 1, 2, 1, 1
1, 53, 15, 16, 3833896628, 3846065655, 1, 1, 1, 1
1, 53, 15, 16, 3833896628, 3846065655, 1, 0, 1, 0
1, 53, 15, 16, 3833896628, 3846065655, 0, 3, 2305448, 1
1, 53, 15, 16, 3833896628, 3846065655, 0, 2, 1, 1
1, 53, 15, 16, 3833896628, 3846065655, 0, 1, 1, 1
1, 54, 15, 16, 3846065656, 3856696609, 4, 3, 194780506, 0
1, 54, 15, 16, 3846065656, 3856696609, 4, 2, 183456052, 0
1, 54, 15, 16, 3846065656, 3856696609, 4, 1, 192667399, 0
1, 54, 15, 16, 3846065656, 3856696609, 4, 0, 149263033, 0
1, 54, 15, 16, 3846065656, 3856696609, 3, 3, 147214809, 0
1, 54, 15, 16, 3846065656, 3856696609, 3, 2, 132373045, 0
1, 54, 15, 16, 3846065656, 3856696609, 3, 1, 141467105, 0
1, 54, 15, 16, 3846065656, 3856696609, 3, 0, 91673541, 0
1, 54, 15, 16, 3846065656, 3856696609, 2, 3, 100215397, 0
1, 54, 15, 16, 3846065656, 3856696609, 2, 2, 76783856, 0
1, 54, 15, 16, 3846065656, 3856696609, 2, 1, 97773998, 0
1, 54, 15, 16, 3846065656, 3856696609, 2, 0, 13340577, 0
1, 54, 15, 16, 3846065656, 3856696609, 1, 3, 55538052, 0
1, 54, 15, 16, 3846065656, 3856696609, 1, 2, 51620201, 0
1, 54, 15, 16, 3846065656, 3856696609, 1, 1, 53655770, 0
1, 54, 15, 16, 3846065656, 3856696609, 1, 0, 26681153, 0
1, 54, 15, 16, 3846065656, 3856696609, 0, 3, 1, 1
1, 54, 15, 16, 3846065656, 3856696609, 0, 2, 1, 1
1, 54, 15, 16, 3846065656, 3856696609, 0, 1, 1, 1
1, 55, 15, 16, 3856696610, 3866662367, 4, 3, 272495255, 0
1, 55, 15, 16, 3856696610, 3866662367, 4, 2, 243669504, 0
1, 55, 15, 16, 3856696610, 3866662367, 4, 1, 218528222, 0
1, 55, 15, 16, 3856696610, 3866662367, 4, 0, 265838042, 0
1, 55, 15, 16, 3856696610, 3866662367, 3, 3, 259565644, 0
1, 55, 15, 16, 3856696610, 3866662367, 3, 2, 220904960, 0
1, 55, 15, 16, 3856696610, 3866662367, 3, 1, 176126541, 0
1, 55, 15, 16, 3856696610, 3866662367, 3, 0, 206855915, 0
1, 55, 15, 16, 3856696610, 3866662367, 2, 3, 234689462, 0
1, 55, 15, 16, 3856696610, 3866662367, 2, 2, 196514982, 0
1, 55, 15, 16, 3856696610, 3866662367, 2, 1, 203702693, 0
1, 55, 15, 16, 3856696610, 3866662367, 2, 0, 203097713, 0
1, 55, 15, 16, 3856696610, 3866662367, 1, 3, 83987343, 1
1, 55, 15, 16, 3856696610, 3866662367, 1, 2, 21672250, 1
1, 55, 15, 16, 3856696610, 3866662367, 1, 1, 16980873, 1
1, 55, 15, 16, 3856696610, 3866662367, 1, 0, 1, 0
1, 55, 15, 16, 3856696610, 3866662367, 0, 3, 133515929, 1
1, 55, 15, 16, 3856696610, 3866662367, 0, 2, 1, 1
1, 55, 15, 16, 3856696610, 3866662367, 0, 1, 1, 1
1, 56, 15, 16, 3866662368, 3867483560, 4, 3, 117023270, 1
1, 56, 15, 16, 3866662368, 3867483560, 4, 2, 61366952, 0
1, 56, 15, 16, 3866662368, 3867483560, 4, 1, 41908507, 0
1, 56, 15, 16, 3866662368, 3867483560, 4, 0, 70044872, 0
1, 56, 15, 16, 3866662368, 3867483560, 3, 3, 97528385, 1
1, 56, 15, 16, 3866662368, 3867483560, 3, 2, 30231937, 1
1, 56, 15, 16, 3866662368, 3867483560, 3, 1, 1, 1
1, 56, 15, 16, 3866662368, 3867483560, 3, 0, 1, 0
1, 56, 15, 16, 3866662368, 3867483560, 2, 3, 79985472, 1
1, 56, 15, 16, 3866662368, 3867483560, 2, 2, 1, 1
1, 56, 15, 16, 3866662368, 3867483560, 2, 1, 1, 1
1, 56, 15, 16, 3866662368, 3867483560, 2, 0, 1, 0
1, 56, 15, 16, 3866662368, 3867483560, 1, 3, 55222712, 1
1, 56, 15, 16, 3866662368, 3867483560, 1, 2, 1, 1
1, 56, 15, 16, 3866662368, 3867483560, 1, 1, 1, 1
1, 56, 15, 16, 3866662368, 3867483560, 1, 0, 1, 0
1, 56, 15, 16, 3866662368, 3867483560, 0, 3, 128852995, 1
1, 56, 15, 16, 3866662368, 3867483560, 0, 2, 1, 1
1, 56, 15, 16, 3866662368, 3867483560, 0, 1, 1, 1
1, 57, 15, 16, 3867483561, 3868897325, 4, 3, 34183268, 1
1, 57, 15, 16, 3867483561, 3868897325, 4, 2, 15180627, 1
1, 57, 15, 16, 3867483561, 3868897325, 4, 1, 6716591, 1
1, 57, 15, 16, 3867483561, 3868897325, 4, 0, 1956656, 0
1, 57, 15, 16, 3867483561, 3868897325, 3, 3, 38043829, 1
1, 57, 15, 16, 3867483561, 3868897325, 3, 2, 15281416, 1
1, 57, 15, 16, 3867483561, 3868897325, 3, 1, 5838394, 1
1, 57, 15, 16, 3867483561, 3868897325, 3, 0, 934490, 0
1, 57, 15, 16, 3867483561, 3868897325, 2, 3, 42754627, 1
1, 57, 15, 16, 3867483561, 3868897325, 2, 2, 14052560, 1
1, 57, 15, 16, 3867483561, 3868897325, 2, 1, 5358042, 1
1, 57, 15, 16, 3867483561, 3868897325, 2, 0, 1209043, 0
1, 57, 15, 16, 3867483561, 3868897325, 1, 3, 52943552, 1
1, 57, 15, 16, 3867483561, 3868897325, 1, 2, 13688013, 1
1, 57, 15, 16, 3867483561, 3868897325, 1, 1, 8299223, 1
1, 57, 15, 16, 3867483561, 3868897325, 1, 0, 580245, 0
1, 57, 15, 16, 3867483561, 3868897325, 0, 3, 101959429, 1
1, 57, 15, 16, 3867483561, 3868897325, 0, 2, 16021424, 1
1, 57, 15, 16, 3867483561, 3868897325, 0, 1, 11615451, 1
1, 58, 15, 16, 3868897326, 3870996690, 4, 3, 17792014, 1
1, 58, 15, 16, 3868897326, 3870996690, 4, 2, 12234942, 1
1, 58, 15, 16, 3868897326, 3870996690, 4, 1, 6871743, 1
1, 58, 15, 16, 3868897326, 3870996690, 4, 0, 699397, 0
1, 58, 15, 16, 3868897326, 3870996690, 3, 3, 17777665, 1
1, 58, 15, 16, 3868897326, 3870996690, 3, 2, 12238257, 1
1, 58, 15, 16, 3868897326, 3870996690, 3, 1, 6857933, 1
1, 58, 15, 16, 3868897326, 3870996690, 3, 0, 293823, 0
1, 58, 15, 16, 3868897326, 3870996690, 2, 3, 18510326, 1
1, 58, 15, 16, 3868897326, 3870996690, 2, 2, 12894270, 1
1, 58, 15, 16, 3868897326, 3870996690, 2, 1, 7776299, 1
1, 58, 15, 16, 3868897326, 3870996690, 2, 0, 440734, 0
1, 58, 15, 16, 3868897326, 3870996690, 1, 3, 19908942, 1
1, 58, 15, 16, 3868897326, 3870996690, 1, 2, 14550951, 1
1, 58, 15, 16, 3868897326, 3870996690, 1, 1, 9503576, 1
1, 58, 15, 16, 3868897326, 3870996690, 1, 0, 1, 0
1, 58, 15, 16, 3868897326, 3870996690, 0, 3, 23185550, 1
1, 58, 15, 16, 3868897326, 3870996690, 0, 2, 18051822, 1
1, 58, 15, 16, 3868897326, 3870996690, 0, 1, 13338776, 1
1, 59, 15, 16, 3870996691, 3876250026, 4, 3, 33847615, 1
1, 59, 15, 16, 3870996691, 3876250026, 4, 2, 27956288, 0
1, 59, 15, 16, 3870996691, 3876250026, 4, 1, 30553751, 0
1, 59, 15, 16, 3870996691, 3876250026, 4, 0, 32448085, 0
1, 59, 15, 16, 3870996691, 3876250026, 3, 3, 29619002, 1
1, 59, 15, 16, 3870996691, 3876250026, 3, 2, 20463632, 1
1, 59, 15, 16, 3870996691, 3876250026, 3, 1, 19020426, 1
1, 59, 15, 16, 3870996691, 3876250026, 3, 0, 578282, 0
1, 59, 15, 16, 3870996691, 3876250026, 2, 3, 30994690, 1
1, 59, 15, 16, 3870996691, 3876250026, 2, 2, 23763025, 1
1, 59, 15, 16, 3870996691, 3876250026, 2, 1, 24505301, 1
1, 59, 15, 16, 3870996691, 3876250026, 2, 0, 867422, 0
1, 59, 15, 16, 3870996691, 3876250026, 1, 3, 26257762, 1
1, 59, 15, 16, 3870996691, 3876250026, 1, 2, 13387455, 1
1, 59, 15, 16, 3870996691, 3876250026, 1, 1, 7377950, 1
1, 59, 15, 16, 3870996691, 3876250026, 1, 0, 1734844, 0
1, 59, 15, 16, 3870996691, 3876250026, 0, 3, 39746642, 1
1, 59, 15, 16, 3870996691, 3876250026, 0, 2, 16091685, 1
1, 59, 15, 16, 3870996691, 3876250026, 0, 1, 9804125, 1
1, 60, 15, 16, 3876250027, 3882391810, 4, 3, 38466344, 1
1, 60, 15, 16, 3876250027, 3882391810, 4, 2, 49276591, 1
1, 60, 15, 16, 3876250027, 3882391810, 4, 1, 22680493, 1
1, 60, 15, 16, 3876250027, 3882391810, 4, 0, 34456507, 0
1, 60, 15, 16, 3876250027, 3882391810, 3, 3, 42894666, 1
1, 60, 15, 16, 3876250027, 3882391810, 3, 2, 54766522, 1
1, 60, 15, 16, 3876250027, 3882391810, 3, 1, 29160634, 1
1, 60, 15, 16, 3876250027, 3882391810, 3, 0, 45942009, 0
1, 60, 15, 16, 3876250027, 3882391810, 2, 3, 42017877, 1
1, 60, 15, 16, 3876250027, 3882391810, 2, 2, 52651049, 1
1, 60, 15, 16, 3876250027, 3882391810, 2, 1, 40824887, 0
1, 60, 15, 16, 3876250027, 3882391810, 2, 0, 68913014, 0
1, 60, 15, 16, 3876250027, 3882391810, 1, 3, 46338660, 1
1, 60, 15, 16, 3876250027, 3882391810, 1, 2, 56676472, 1
1, 60, 15, 16, 3876250027, 3882391810, 1, 1, 22099469, 1
1, 60, 15, 16, 3876250027, 3882391810, 1, 0, 1, 0
1, 60, 15, 16, 3876250027, 3882391810, 0, 3, 85237950, 1
1, 60, 15, 16, 3876250027, 3882391810, 0, 2, 127856924, 1
1, 60, 15, 16, 3876250027, 3882391810, 0, 1, 66298406, 1
1, 61, 15, 16, 3882391811, 3888651534, 4, 3, 34203240, 1
1, 61, 15, 16, 3882391811, 3888651534, 4, 2, 28770159, 1
1, 61, 15, 16, 3882391811, 3888651534, 4, 1, 26796425, 1
1, 61, 15, 16, 3882391811, 3888651534, 4, 0, 1, 0
1, 61, 15, 16, 3882391811, 3888651534, 3, 3, 25441861, 1
1, 61, 15, 16, 3882391811, 3888651534, 3, 2, 28520454, 1
1, 61, 15, 16, 3882391811, 3888651534, 3, 1, 34452546, 1
1, 61, 15, 16, 3882391811, 3888651534, 3, 0, 1, 0
1, 61, 15, 16, 3882391811, 3888651534, 2, 3, 25694421, 1
1, 61, 15, 16, 3882391811, 3888651534, 2, 2, 26841965, 1
1, 61, 15, 16, 3882391811, 3888651534, 2, 1, 28435711, 1
1, 61, 15, 16, 3882391811, 3888651534, 2, 0, 1, 0
1, 61, 15, 16, 3882391811, 3888651534, 1, 3, 8736451, 1
1, 61, 15, 16, 3882391811, 3888651534, 1, 2, 12231031, 1
1, 61, 15, 16, 3882391811, 3888651534, 1, 1, 17667723, 1
1, 61, 15, 16, 3882391811, 3888651534, 1, 0, 1, 0
1, 61, 15, 16, 3882391811, 3888651534, 0, 3, 17667723, 1
1, 61, 15, 16, 3882391811, 3888651534, 0, 2, 26501584, 1
1, 61, 15, 16, 3882391811, 3888651534, 0, 1, 53003168, 1
1, 62, 15, 16, 3888651535, 3889282193, 4, 3, 47868835, 1
1, 62, 15, 16, 3888651535, 3889282193, 4, 2, 18538898, 0
1, 62, 15, 16, 3888651535, 3889282193, 4, 1, 21531089, 0
1, 62, 15, 16, 3888651535, 3889282193, 4, 0, 37579575, 0
1, 62, 15, 16, 3888651535, 3889282193, 3, 3, 50652930, 1
1, 62, 15, 16, 3888651535, 3889282193, 3, 2, 9984606, 0
1, 62, 15, 16, 3888651535, 3889282193, 3, 1, 6295128, 0
1, 62, 15, 16, 3888651535, 3889282193, 3, 0, 539514, 0
1, 62, 15, 16, 3888651535, 3889282193, 2, 3, 46907337, 1
1, 62, 15, 16, 3888651535, 3889282193, 2, 2, 13728833, 0
1, 62, 15, 16, 3888651535, 3889282193, 2, 1, 8813178, 0
1, 62, 15, 16, 3888651535, 3889282193, 2, 0, 809270, 0
1, 62, 15, 16, 3888651535, 3889282193, 1, 3, 59204106, 1
1, 62, 15, 16, 3888651535, 3889282193, 1, 2, 1655741, 0
1, 62, 15, 16, 3888651535, 3889282193, 1, 1, 2759568, 0
1, 62, 15, 16, 3888651535, 3889282193, 1, 0, 1618540, 0
1, 62, 15, 16, 3888651535, 3889282193, 0, 3, 135383347, 1
1, 62, 15, 16, 3888651535, 3889282193, 0, 2, 1, 1
1, 62, 15, 16, 3888651535, 3889282193, 0, 1, 1, 1
1, 63, 15, 16, 3889282194, 3890551060, 4, 3, 21214756, 1
1, 63, 15, 16, 3889282194, 3890551060, 4, 2, 15487744, 1
1, 63, 15, 16, 3889282194, 3890551060, 4, 1, 8193460, 1
1, 63, 15, 16, 3889282194, 3890551060, 4, 0, 2357756, 0
1, 63, 15, 16, 3889282194, 3890551060, 3, 3, 21429614, 1
1, 63, 15, 16, 3889282194, 3890551060, 3, 2, 15802507, 1
1, 63, 15, 16, 3889282194, 3890551060, 3, 1, 8162918, 1
1, 63, 15, 16, 3889282194, 3890551060, 3, 0, 2133438, 0
1, 63, 15, 16, 3889282194, 3890551060, 2, 3, 22238780, 1
1, 63, 15, 16, 3889282194, 3890551060, 2, 2, 16834215, 1
1, 63, 15, 16, 3889282194, 3890551060, 2, 1, 8387799, 1
1, 63, 15, 16, 3889282194, 3890551060, 2, 0, 1863686, 0
1, 63, 15, 16, 3889282194, 3890551060, 1, 3, 23953788, 1
1, 63, 15, 16, 3889282194, 3890551060, 1, 2, 18612341, 1
1, 63, 15, 16, 3889282194, 3890551060, 1, 1, 8726405, 1
1, 63, 15, 16, 3889282194, 3890551060, 1, 0, 619766, 0
1, 63, 15, 16, 3889282194, 3890551060, 0, 3, 30893395, 1
1, 63, 15, 16, 3889282194, 3890551060, 0, 2, 28045563, 1
1, 63, 15, 16, 3889282194, 3890551060, 0, 1, 13544916, 1
1, 64, 15, 16, 3890551061, 3895150705, 4, 3, 33021087, 0
1, 64, 15, 16, 3890551061, 3895150705, 4, 2, 32403246, 0
1, 64, 15, 16, 3890551061, 3895150705, 4, 1, 37559009, 0
1, 64, 15, 16, 3890551061, 3895150705, 4, 0, 46179233, 0
1, 64, 15, 16, 3890551061, 3895150705, 3, 3, 32961918, 0
1, 64, 15, 16, 3890551061, 3895150705, 3, 2, 32453482, 0
1, 64, 15, 16, 3890551061, 3895150705, 3, 1, 37921925, 0
1, 64, 15, 16, 3890551061, 3895150705, 3, 0, 61335601, 0
1, 64, 15, 16, 3890551061, 3895150705, 2, 3, 38110958, 0
1, 64, 15, 16, 3890551061, 3895150705, 2, 2, 39640408, 0
1, 64, 15, 16, 3890551061, 3895150705, 2, 1, 49444058, 0
1, 64, 15, 16, 3890551061, 3895150705, 2, 0, 87990762, 0
1, 64, 15, 16, 3890551061, 3895150705, 1, 3, 25194044, 1
1, 64, 15, 16, 3890551061, 3895150705, 1, 2, 21455700, 1
1, 64, 15, 16, 3890551061, 3895150705, 1, 1, 20302393, 1
1, 64, 15, 16, 3890551061, 3895150705, 1, 0, 1, 0
1, 64, 15, 16, 3890551061, 3895150705, 0, 3, 22984865, 1
1, 64, 15, 16, 3890551061, 3895150705, 0, 2, 17789980, 1
1, 64, 15, 16, 3890551061, 3895150705, 0, 1, 11224333, 1
1, 65, 15, 16, 3895150706, 3900431919, 4, 3, 35413126, 1
1, 65, 15, 16, 3895150706, 3900431919, 4, 2, 26863222, 0
1, 65, 15, 16, 3895150706, 3900431919, 4, 1, 37043035, 0
1, 65, 15, 16, 3895150706, 3900431919, 4, 0, 12709661, 0
1, 65, 15, 16, 3895150706, 3900431919, 3, 3, 32494811, 1
1, 65, 15, 16, 3895150706, 3900431919, 3, 2, 21542767, 0
1, 65, 15, 16, 3895150706, 3900431919, 3, 1, 27753235, 0
1, 65, 15, 16, 3895150706, 3900431919, 3, 0, 16946214, 0
1, 65, 15, 16, 3895150706, 3900431919, 2, 3, 25019082, 1
1, 65, 15, 16, 3895150706, 3900431919, 2, 2, 23266474, 1
1, 65, 15, 16, 3895150706, 3900431919, 2, 1, 28686801, 1
1, 65, 15, 16, 3895150706, 3900431919, 2, 0, 1, 0
1, 65, 15, 16, 3895150706, 3900431919, 1, 3, 33216017, 1
1, 65, 15, 16, 3895150706, 3900431919, 1, 2, 28686801, 1
1, 65, 15, 16, 3895150706, 3900431919, 1, 1, 47811335, 1
1, 65, 15, 16, 3895150706, 3900431919, 1, 0, 1, 0
1, 65, 15, 16, 3895150706, 3900431919, 0, 3, 18876151, 1
1, 65, 15, 16, 3895150706, 3900431919, 0, 2, 1, 1
1, 65, 15, 16, 3895150706, 3900431919, 0, 1, 1, 1
1, 66, 15, 16, 3900431920, 3907777703, 4, 3, 119348776, 1
1, 66, 15, 16, 3900431920, 3907777703, 4, 2, 75365367, 1
1, 66, 15, 16, 3900431920, 3907777703, 4, 1, 29289116, 1
1, 66, 15, 16, 3900431920, 3907777703, 4, 0, 3311663, 0
1, 66, 15, 16, 3900431920, 3907777703, 3, 3, 120736618, 1
1, 66, 15, 16, 3900431920, 3907777703, 3, 2, 75997929, 1
1, 66, 15, 16, 3900431920, 3907777703, 3, 1, 28201830, 1
1, 66, 15, 16, 3900431920, 3907777703, 3, 0, 1434338, 0
1, 66, 15, 16, 3900431920, 3907777703, 2, 3, 120873937, 1
1, 66, 15, 16, 3900431920, 3907777703, 2, 2, 76385880, 1
1, 66, 15, 16, 3900431920, 3907777703, 2, 1, 28104323, 1
1, 66, 15, 16, 3900431920, 3907777703, 2, 0, 159323, 0
1, 66, 15, 16, 3900431920, 3907777703, 1, 3, 125753822, 1
1, 66, 15, 16, 3900431920, 3907777703, 1, 2, 82057504, 1
1, 66, 15, 16, 3900431920, 3907777703, 1, 1, 33781744, 1
1, 66, 15, 16, 3900431920, 3907777703, 1, 0, 1, 0
1, 66, 15, 16, 3900431920, 3907777703, 0, 3, 140634114, 1
1, 66, 15, 16, 3900431920, 3907777703, 0, 2, 98334940, 1
1, 66, 15, 16, 3900431920, 3907777703, 0, 1, 46356347, 1
1, 67, 15, 16, 3907777704, 3912797641, 4, 3, 11886722, 1
1, 67, 15, 16, 3907777704, 3912797641, 4, 2, 12256001, 1
1, 67, 15, 16, 3907777704, 3912797641, 4, 1, 7236419, 0
1, 67, 15, 16, 3907777704, 3912797641, 4, 0, 12629853, 0
1, 67, 15, 16, 3907777704, 3912797641, 3, 3, 11510500, 1
1, 67, 15, 16, 3907777704, 3912797641, 3, 2, 13616502, 1
1, 67, 15, 16, 3907777704, 3912797641, 3, 1, 9303968, 0
1, 67, 15, 16, 3907777704, 3912797641, 3, 0, 16839803, 0
1, 67, 15, 16, 3907777704, 3912797641, 2, 3, 11103462, 1
1, 67, 15, 16, 3907777704, 3912797641, 2, 2, 12407764, 1
1, 67, 15, 16, 3907777704, 3912797641, 2, 1, 2921673, 1
1, 67, 15, 16, 3907777704, 3912797641, 2, 0, 1, 0
1, 67, 15, 16, 3907777704, 3912797641, 1, 3, 15361389, 1
1, 67, 15, 16, 3907777704, 3912797641, 1, 2, 16930750, 1
1, 67, 15, 16, 3907777704, 3912797641, 1, 1, 1, 1
1, 67, 15, 16, 3907777704, 3912797641, 1, 0, 1, 0
1, 67, 15, 16, 3907777704, 3912797641, 0, 3, 28217916, 1
1, 67, 15, 16, 3907777704, 3912797641, 0, 2, 42326874, 1
1, 67, 15, 16, 3907777704, 3912797641, 0, 1, 1, 1
1, 68, 15, 16, 3912797642, 3913437119, 4, 3, 208503105, 1
1, 68, 15, 16, 3912797642, 3913437119, 4, 2, 144708343, 1
1, 68, 15, 16, 3912797642, 3913437119, 4, 1, 54872660, 0
1, 68, 15, 16, 3912797642, 3913437119, 4, 0, 61815723, 0
1, 68, 15, 16, 3912797642, 3913437119, 3, 3, 254205381, 1
1, 68, 15, 16, 3912797642, 3913437119, 3, 2, 170676230, 1
1, 68, 15, 16, 3912797642, 3913437119, 3, 1, 49339381, 0
1, 68, 15, 16, 3912797642, 3913437119, 3, 0, 32928206, 0
1, 68, 15, 16, 3912797642, 3913437119, 2, 3, 263644746, 1
1, 68, 15, 16, 3912797642, 3913437119, 2, 2, 180595353, 1
1, 68, 15, 16, 3912797642, 3913437119, 2, 1, 67654651, 0
1, 68, 15, 16, 3912797642, 3913437119, 2, 0, 45841104, 0
1, 68, 15, 16, 3912797642, 3913437119, 1, 3, 252841836, 1
1, 68, 15, 16, 3912797642, 3913437119, 1, 2, 157702283, 1
1, 68, 15, 16, 3912797642, 3913437119, 1, 1, 30560736, 0
1, 68, 15, 16, 3912797642, 3913437119, 1, 0, 91682208, 0
1, 68, 15, 16, 3912797642, 3913437119, 0, 3, 241580084, 1
1, 68, 15, 16, 3912797642, 3913437119, 0, 2, 123908695, 1
1, 68, 15, 16, 3912797642, 3913437119, 0, 1, 1, 1
1, 69, 15, 16, 3913437120, 3918300107, 4, 3, 19546493, 1
1, 69, 15, 16, 3913437120, 3918300107, 4, 2, 15311366, 1
1, 69, 15, 16, 3913437120, 3918300107, 4, 1, 13006127, 1
1, 69, 15, 16, 3913437120, 3918300107, 4, 0, 14507, 0
1, 69, 15, 16, 3913437120, 3918300107, 3, 3, 21404478, 1
1, 69, 15, 16, 3913437120, 3918300107, 3, 2, 17091236, 1
1, 69, 15, 16, 3913437120, 3918300107, 3, 1, 15019820, 1
1, 69, 15, 16, 3913437120, 3918300107, 3, 0, 19343, 0
1, 69, 15, 16, 3913437120, 3918300107, 2, 3, 17368380, 1
1, 69, 15, 16, 3913437120, 3918300107, 2, 2, 11214481, 1
1, 69, 15, 16, 3913437120, 3918300107, 2, 1, 5502943, 1
1, 69, 15, 16, 3913437120, 3918300107, 2, 0, 1, 0
1, 69, 15, 16, 3913437120, 3918300107, 1, 3, 17168414, 1
1, 69, 15, 16, 3913437120, 3918300107, 1, 2, 11575023, 1
1, 69, 15, 16, 3913437120, 3918300107, 1, 1, 5103703, 1
1, 69, 15, 16, 3913437120, 3918300107, 1, 0, 1, 0
1, 69, 15, 16, 3913437120, 3918300107, 0, 3, 19559214, 1
1, 69, 15, 16, 3913437120, 3918300107, 0, 2, 17193691, 1
1, 69, 15, 16, 3913437120, 3918300107, 0, 1, 6965261, 1
1, 70, 15, 16, 3918300108, 3924784864, 4, 3, 116753515, 1
1, 70, 15, 16, 3918300108, 3924784864, 4, 2, 96747179, 1
1, 70, 15, 16, 3918300108, 3924784864, 4, 1, 58079185, 1
1, 70, 15, 16, 3918300108, 3924784864, 4, 0, 27416142, 0
1, 70, 15, 16, 3918300108, 3924784864, 3, 3, 122713691, 1
1, 70, 15, 16, 3918300108, 3924784864, 3, 2, 95025383, 1
1, 70, 15, 16, 3918300108, 3924784864, 3, 1, 60525379, 1
1, 70, 15, 16, 3918300108, 3924784864, 3, 0, 36554856, 0
1, 70, 15, 16, 3918300108, 3924784864, 2, 3, 136410202, 1
1, 70, 15, 16, 3918300108, 3924784864, 2, 2, 115826931, 1
1, 70, 15, 16, 3918300108, 3924784864, 2, 1, 84735531, 1
1, 70, 15, 16, 3918300108, 3924784864, 2, 0, 54832283, 0
1, 70, 15, 16, 3918300108, 3924784864, 1, 3, 156179926, 1
1, 70, 15, 16, 3918300108, 3924784864, 1, 2, 128241290, 1
1, 70, 15, 16, 3918300108, 3924784864, 1, 1, 104671029, 1
1, 70, 15, 16, 3918300108, 3924784864, 1, 0, 1, 0
1, 70, 15, 16, 3918300108, 3924784864, 0, 3, 178374316, 1
1, 70, 15, 16, 3918300108, 3924784864, 0, 2, 154838633, 1
1, 70, 15, 16, 3918300108, 3924784864, 0, 1, 187045275, 1
1, 71, 15, 16, 3924784865, 3926262398, 4, 3, 29908815, 0
1, 71, 15, 16, 3924784865, 3926262398, 4, 2, 40590534, 0
1, 71, 15, 16, 3924784865, 3926262398, 4, 1, 63140830, 0
1, 71, 15, 16, 3924784865, 3926262398, 4, 0, 67378908, 0
1, 71, 15, 16, 3924784865, 3926262398, 3, 3, 25049443, 0
1, 71, 15, 16, 3924784865, 3926262398, 3, 2, 34158331, 0
1, 71, 15, 16, 3924784865, 3926262398, 3, 1, 53677377, 0
1, 71, 15, 16, 3924784865, 3926262398, 3, 0, 25663266, 0
1, 71, 15, 16, 3924784865, 3926262398, 2, 3, 15429312, 0
1, 71, 15, 16, 3924784865, 3926262398, 2, 2, 21215304, 0
1, 71, 15, 16, 3924784865, 3926262398, 2, 1, 33944486, 0
1, 71, 15, 16, 3924784865, 3926262398, 2, 0, 32299397, 0
1, 71, 15, 16, 3924784865, 3926262398, 1, 3, 9228400, 0
1, 71, 15, 16, 3924784865, 3926262398, 1, 2, 12919759, 0
1, 71, 15, 16, 3924784865, 3926262398, 1, 1, 21532932, 0
1, 71, 15, 16, 3924784865, 3926262398, 1, 0, 64598794, 0
1, 71, 15, 16, 3924784865, 3926262398, 0, 3, 1, 1
1, 71, 15, 16, 3924784865, 3926262398, 0, 2, 1, 1
1, 71, 15, 16, 3924784865, 3926262398, 0, 1, 1, 1
1, 72, 15, 16, 3926262399, 3926900607, 4, 3, 85284552, 1
1, 72, 15, 16, 3926262399, 3926900607, 4, 2, 76109236, 1
1, 72, 15, 16, 3926262399, 3926900607, 4, 1, 26565660, 0
1, 72, 15, 16, 3926262399, 3926900607, 4, 0, 29898404, 0
1, 72, 15, 16, 3926262399, 3926900607, 3, 3, 77402648, 1
1, 72, 15, 16, 3926262399, 3926900607, 3, 2, 55511962, 1
1, 72, 15, 16, 3926262399, 3926900607, 3, 1, 24485199, 0
1, 72, 15, 16, 3926262399, 3926900607, 3, 0, 17299690, 0
1, 72, 15, 16, 3926262399, 3926900607, 2, 3, 94397292, 1
1, 72, 15, 16, 3926262399, 3926900607, 2, 2, 61391782, 1
1, 72, 15, 16, 3926262399, 3926900607, 2, 1, 10379814, 0
1, 72, 15, 16, 3926262399, 3926900607, 2, 0, 25949534, 0
1, 72, 15, 16, 3926262399, 3926900607, 1, 3, 147853575, 1
1, 72, 15, 16, 3926262399, 3926900607, 1, 2, 98226852, 1
1, 72, 15, 16, 3926262399, 3926900607, 1, 1, 17299690, 0
1, 72, 15, 16, 3926262399, 3926900607, 1, 0, 51899068, 0
1, 72, 15, 16, 3926262399, 3926900607, 0, 3, 146621804, 1
1, 72, 15, 16, 3926262399, 3926900607, 0, 2, 219617595, 1
1, 72, 15, 16, 3926262399, 3926900607, 0, 1, 1, 1
1, 73, 15, 16, 3926900608, 3930949851, 4, 3, 96894970, 1
1, 73, 15, 16, 3926900608, 3930949851, 4, 2, 84535913, 1
1, 73, 15, 16, 3926900608, 3930949851, 4, 1, 8970242, 1
1, 73, 15, 16, 3926900608, 3930949851, 4, 0, 990414, 0
1, 73, 15, 16, 3926900608, 3930949851, 3, 3, 117041146, 1
1, 73, 15, 16, 3926900608, 3930949851, 3, 2, 103458115, 1
1, 73, 15, 16, 3926900608, 3930949851, 3, 1, 9442896, 1
1, 73, 15, 16, 3926900608, 3930949851, 3, 0, 1320551, 0
1, 73, 15, 16, 3926900608, 3930949851, 2, 3, 108601799, 1
1, 73, 15, 16, 3926900608, 3930949851, 2, 2, 76958591, 1
1, 73, 15, 16, 3926900608, 3930949851, 2, 1, 10236109, 1
1, 73, 15, 16, 3926900608, 3930949851, 2, 0, 702662, 0
1, 73, 15, 16, 3926900608, 3930949851, 1, 3, 90731965, 1
1, 73, 15, 16, 3926900608, 3930949851, 1, 2, 113076534, 1
1, 73, 15, 16, 3926900608, 3930949851, 1, 1, 10332932, 1
1, 73, 15, 16, 3926900608, 3930949851, 1, 0, 1405323, 0
1, 73, 15, 16, 3926900608, 3930949851, 0, 3, 186770497, 1
1, 73, 15, 16, 3926900608, 3930949851, 0, 2, 262113294, 1
1, 73, 15, 16, 3926900608, 3930949851, 0, 1, 14692612, 1
1, 74, 15, 16, 3930949852, 3957178344, 4, 3, 14132804, 1
1, 74, 15, 16, 3930949852, 3957178344, 4, 2, 15900885, 1
1, 74, 15, 16, 3930949852, 3957178344, 4, 1, 10332580, 1
1, 74, 15, 16, 3930949852, 3957178344, 4, 0, 6472226, 0
1, 74, 15, 16, 3930949852, 3957178344, 3, 3, 14784065, 1
1, 74, 15, 16, 3930949852, 3957178344, 3, 2, 15986372, 1
1, 74, 15, 16, 3930949852, 3957178344, 3, 1, 6604418, 1
1, 74, 15, 16, 3930949852, 3957178344, 3, 0, 8629635, 0
1, 74, 15, 16, 3930949852, 3957178344, 2, 3, 15530221, 1
1, 74, 15, 16, 3930949852, 3957178344, 2, 2, 15615192, 1
1, 74, 15, 16, 3930949852, 3957178344, 2, 1, 7890820, 0
1, 74, 15, 16, 3930949852, 3957178344, 2, 0, 12203512, 0
1, 74, 15, 16, 3930949852, 3957178344, 1, 3, 8754567, 1
1, 74, 15, 16, 3930949852, 3957178344, 1, 2, 12256393, 1
1, 74, 15, 16, 3930949852, 3957178344, 1, 1, 5015692, 1
1, 74, 15, 16, 3930949852, 3957178344, 1, 0, 1, 0
1, 74, 15, 16, 3930949852, 3957178344, 0, 3, 18613671, 1
1, 74, 15, 16, 3930949852, 3957178344, 0, 2, 27920506, 1
1, 74, 15, 16, 3930949852, 3957178344, 0, 1, 9606124, 1
1, 75, 15, 16, 3957178345, 3963807450, 4, 3, 24325006, 0
1, 75, 15, 16, 3957178345, 3963807450, 4, 2, 20727772, 0
1, 75, 15, 16, 3957178345, 3963807450, 4, 1, 29532128, 1
1, 75, 15, 16, 3957178345, 3963807450, 4, 0, 40380420, 0
1, 75, 15, 16, 3957178345, 3963807450, 3, 3, 27430503, 0
1, 75, 15, 16, 3957178345, 3963807450, 3, 2, 21770113, 0
1, 75, 15, 16, 3957178345, 3963807450, 3, 1, 30724512, 1
1, 75, 15, 16, 3957178345, 3963807450, 3, 0, 36934706, 0
1, 75, 15, 16, 3957178345, 3963807450, 2, 3, 29578076, 0
1, 75, 15, 16, 3957178345, 3963807450, 2, 2, 25840069, 0
1, 75, 15, 16, 3957178345, 3963807450, 2, 1, 36464180, 1
1, 75, 15, 16, 3957178345, 3963807450, 2, 0, 39026716, 0
1, 75, 15, 16, 3957178345, 3963807450, 1, 3, 29787422, 1
1, 75, 15, 16, 3957178345, 3963807450, 1, 2, 17974735, 1
1, 75, 15, 16, 3957178345, 3963807450, 1, 1, 23891026, 1
1, 75, 15, 16, 3957178345, 3963807450, 1, 0, 1, 0
1, 75, 15, 16, 3957178345, 3963807450, 0, 3, 35121697, 1
1, 75, 15, 16, 3957178345, 3963807450, 0, 2, 35836539, 1
1, 75, 15, 16, 3957178345, 3963807450, 0, 1, 71673078, 1
1, 76, 15, 16, 3963807451, 3982474729, 4, 3, 48388078, 0
1, 76, 15, 16, 3963807451, 3982474729, 4, 2, 33391560, 0
1, 76, 15, 16, 3963807451, 3982474729, 4, 1, 37215169, 0
1, 76, 15, 16, 3963807451, 3982474729, 4, 0, 47906093, 0
1, 76, 15, 16, 3963807451, 3982474729, 3, 3, 32500896, 0
1, 76, 15, 16, 3963807451, 3982474729, 3, 2, 19628795, 0
1, 76, 15, 16, 3963807451, 3982474729, 3, 1, 26055258, 0
1, 76, 15, 16, 3963807451, 3982474729, 3, 0, 13024885, 0
1, 76, 15, 16, 3963807451, 3982474729, 2, 3, 25350626, 1
1, 76, 15, 16, 3963807451, 3982474729, 2, 2, 5956986, 0
1, 76, 15, 16, 3963807451, 3982474729, 2, 1, 2825190, 0
1, 76, 15, 16, 3963807451, 3982474729, 2, 0, 5035116, 0
1, 76, 15, 16, 3963807451, 3982474729, 1, 3, 36568851, 1
1, 76, 15, 16, 3963807451, 3982474729, 1, 2, 4956194, 0
1, 76, 15, 16, 3963807451, 3982474729, 1, 1, 2788197, 0
1, 76, 15, 16, 3963807451, 3982474729, 1, 0, 8364591, 0
1, 76, 15, 16, 3963807451, 3982474729, 0, 3, 9684732, 1
1, 76, 15, 16, 3963807451, 3982474729, 0, 2, 1, 1
1, 76, 15, 16, 3963807451, 3982474729, 0, 1, 1, 1
