1,1.0,99789537.0,2058798238.8449657
2,99789538.0,140929316.0,3359658210.4715734
3,140929317.0,176306878.0,3112822267.448244
4,176306879.0,204833600.0,3281792450.5956945
5,204833601.0,278184187.0,3092340049.3297668
6,278184188.0,303609776.0,3358308411.843059
7,303609777.0,419885215.0,3177537089.4363375
8,419885216.0,454203229.0,3736522452.7872853
9,454203230.0,520235223.0,3689801358.274333
10,520235224.0,562229697.0,3895542119.3330803
11,562229698.0,670517655.0,3760183738.324065
12,670517656.0,716100851.0,3953057484.6371064
13,716100852.0,734186911.0,3679337084.613239
14,734186912.0,774460247.0,3855628067.2280145
15,774460248.0,807928913.0,3693471538.508863
16,807928914.0,863732569.0,3118929348.5116777
17,863732570.0,948088737.0,3442883397.4130087
18,948088738.0,966792909.0,3250255760.8782654
19,966792910.0,1008336557.0,3134766682.5675907
20,1008336558.0,1100203541.0,3162369633.821815
21,1100203542.0,1132520531.0,3642544697.2461057
22,1132520532.0,1169524930.0,3283603078.0554347
23,1169524931.0,1205266645.0,3633306409.6913977
24,1205266646.0,1248818272.0,3176061760.8771873
25,1248818273.0,1280717683.0,3340168195.4176755
26,1280717684.0,1352847512.0,3670030204.720896
27,1352847513.0,1363632326.0,3984353867.547648
28,1363632327.0,1423466788.0,3733713167.0669303
29,1423466789.0,1439312276.0,3602160911.2014184
30,1439312277.0,1481415015.0,3797733361.548402
31,1481415016.0,1560182777.0,3676415417.3830037
32,1560182778.0,1598868614.0,3525667039.773665
33,1598868615.0,1626363092.0,3800898346.0629516
34,1626363093.0,1684278695.0,3687084309.0528755
35,1684278696.0,1728552188.0,3698502944.0381765
36,1728552189.0,1749620628.0,3579373565.1259184
37,1749620629.0,1793410419.0,3378434901.704951
38,1793410420.0,1820545083.0,3751674143.5423956
39,1820545084.0,1927558061.0,3878545783.6154904
40,1927558062.0,1964463500.0,3483411872.5364337
41,1964463501.0,2196025834.0,3664535891.3197083
