2, 1, 18, 12, 1, 99359414, 1, 7, 1205439, 1
2, 1, 18, 12, 1, 99359414, 1, 6, 1390892, 1
2, 1, 18, 12, 1, 99359414, 1, 5, 1, 1
2, 1, 18, 12, 1, 99359414, 1, 4, 1, 1
2, 1, 18, 12, 1, 99359414, 1, 3, 1, 1
2, 1, 18, 12, 1, 99359414, 1, 2, 1, 1
2, 1, 18, 12, 1, 99359414, 1, 1, 1, 1
2, 1, 18, 12, 1, 99359414, 1, 0, 1, 0
2, 1, 18, 12, 1, 99359414, 0, 7, 1, 1
2, 1, 18, 12, 1, 99359414, 0, 6, 1, 1
2, 1, 18, 12, 1, 99359414, 0, 5, 1, 1
2, 1, 18, 12, 1, 99359414, 0, 4, 1, 1
2, 1, 18, 12, 1, 99359414, 0, 3, 1, 1
2, 1, 18, 12, 1, 99359414, 0, 2, 1, 1
2, 1, 18, 12, 1, 99359414, 0, 1, 1, 1
2, 2, 18, 12, 99359415, 155414612, 1, 7, 135249796, 0
2, 2, 18, 12, 99359415, 155414612, 1, 6, 112815882, 0
2, 2, 18, 12, 99359415, 155414612, 1, 5, 132258925, 0
2, 2, 18, 12, 99359415, 155414612, 1, 4, 156421867, 0
2, 2, 18, 12, 99359415, 155414612, 1, 3, 180351876, 1
2, 2, 18, 12, 99359415, 155414612, 1, 2, 205493527, 1
2, 2, 18, 12, 99359415, 155414612, 1, 1, 262900772, 1
2, 2, 18, 12, 99359415, 155414612, 1, 0, 171655824, 0
2, 2, 18, 12, 99359415, 155414612, 0, 7, 111164049, 1
2, 2, 18, 12, 99359415, 155414612, 0, 6, 113141869, 1
2, 2, 18, 12, 99359415, 155414612, 0, 5, 133418585, 1
2, 2, 18, 12, 99359415, 155414612, 0, 4, 159471355, 1
2, 2, 18, 12, 99359415, 155414612, 0, 3, 212628473, 1
2, 2, 18, 12, 99359415, 155414612, 0, 2, 201444962, 1
2, 2, 18, 12, 99359415, 155414612, 0, 1, 402889924, 1
2, 3, 18, 12, 155414613, 180386833, 1, 7, 162916230, 1
2, 3, 18, 12, 155414613, 180386833, 1, 6, 170458351, 1
2, 3, 18, 12, 155414613, 180386833, 1, 5, 181381939, 1
2, 3, 18, 12, 155414613, 180386833, 1, 4, 193697010, 1
2, 3, 18, 12, 155414613, 180386833, 1, 3, 158289817, 1
2, 3, 18, 12, 155414613, 180386833, 1, 2, 179382277, 1
2, 3, 18, 12, 155414613, 180386833, 1, 1, 144824614, 1
2, 3, 18, 12, 155414613, 180386833, 1, 0, 1, 0
2, 3, 18, 12, 155414613, 180386833, 0, 7, 138417137, 1
2, 3, 18, 12, 155414613, 180386833, 0, 6, 161486660, 1
2, 3, 18, 12, 155414613, 180386833, 0, 5, 193783992, 1
2, 3, 18, 12, 155414613, 180386833, 0, 4, 179247931, 1
2, 3, 18, 12, 155414613, 180386833, 0, 3, 145947511, 1
2, 3, 18, 12, 155414613, 180386833, 0, 2, 218921266, 1
2, 3, 18, 12, 155414613, 180386833, 0, 1, 167831461, 1
2, 4, 18, 12, 180386834, 206508123, 1, 7, 1, 1
2, 4, 18, 12, 180386834, 206508123, 1, 6, 1, 1
2, 4, 18, 12, 180386834, 206508123, 1, 5, 1, 1
2, 4, 18, 12, 180386834, 206508123, 1, 4, 1, 1
2, 4, 18, 12, 180386834, 206508123, 1, 3, 1, 1
2, 4, 18, 12, 180386834, 206508123, 1, 2, 1, 1
2, 4, 18, 12, 180386834, 206508123, 1, 1, 1, 1
2, 4, 18, 12, 180386834, 206508123, 1, 0, 1, 0
2, 4, 18, 12, 180386834, 206508123, 0, 7, 1, 1
2, 4, 18, 12, 180386834, 206508123, 0, 6, 1, 1
2, 4, 18, 12, 180386834, 206508123, 0, 5, 1, 1
2, 4, 18, 12, 180386834, 206508123, 0, 4, 1, 1
2, 4, 18, 12, 180386834, 206508123, 0, 3, 1, 1
2, 4, 18, 12, 180386834, 206508123, 0, 2, 1, 1
2, 4, 18, 12, 180386834, 206508123, 0, 1, 1, 1
2, 5, 18, 12, 206508124, 226938661, 1, 7, 36699126, 0
2, 5, 18, 12, 206508124, 226938661, 1, 6, 42345145, 0
2, 5, 18, 12, 206508124, 226938661, 1, 5, 34315356, 0
2, 5, 18, 12, 206508124, 226938661, 1, 4, 37073151, 0
2, 5, 18, 12, 206508124, 226938661, 1, 3, 42224264, 0
2, 5, 18, 12, 206508124, 226938661, 1, 2, 44151471, 0
2, 5, 18, 12, 206508124, 226938661, 1, 1, 32691277, 0
2, 5, 18, 12, 206508124, 226938661, 1, 0, 98073831, 0
2, 5, 18, 12, 206508124, 226938661, 0, 7, 24813812, 1
2, 5, 18, 12, 206508124, 226938661, 0, 6, 28949447, 1
2, 5, 18, 12, 206508124, 226938661, 0, 5, 17268519, 1
2, 5, 18, 12, 206508124, 226938661, 0, 4, 10633009, 1
2, 5, 18, 12, 206508124, 226938661, 0, 3, 14177345, 1
2, 5, 18, 12, 206508124, 226938661, 0, 2, 21266017, 1
2, 5, 18, 12, 206508124, 226938661, 0, 1, 1, 1
2, 6, 18, 12, 226938662, 265030313, 1, 7, 1, 1
2, 6, 18, 12, 226938662, 265030313, 1, 6, 1, 1
2, 6, 18, 12, 226938662, 265030313, 1, 5, 1, 1
2, 6, 18, 12, 226938662, 265030313, 1, 4, 1, 1
2, 6, 18, 12, 226938662, 265030313, 1, 3, 1, 1
2, 6, 18, 12, 226938662, 265030313, 1, 2, 1, 1
2, 6, 18, 12, 226938662, 265030313, 1, 1, 1, 1
2, 6, 18, 12, 226938662, 265030313, 1, 0, 1, 0
2, 6, 18, 12, 226938662, 265030313, 0, 7, 1, 1
2, 6, 18, 12, 226938662, 265030313, 0, 6, 1, 1
2, 6, 18, 12, 226938662, 265030313, 0, 5, 1, 1
2, 6, 18, 12, 226938662, 265030313, 0, 4, 1, 1
2, 6, 18, 12, 226938662, 265030313, 0, 3, 1, 1
2, 6, 18, 12, 226938662, 265030313, 0, 2, 1, 1
2, 6, 18, 12, 226938662, 265030313, 0, 1, 1, 1
2, 7, 18, 12, 265030314, 304441043, 1, 7, 364334079, 0
2, 7, 18, 12, 265030314, 304441043, 1, 6, 381622386, 0
2, 7, 18, 12, 265030314, 304441043, 1, 5, 363852052, 0
2, 7, 18, 12, 265030314, 304441043, 1, 4, 386482588, 0
2, 7, 18, 12, 265030314, 304441043, 1, 3, 359539574, 0
2, 7, 18, 12, 265030314, 304441043, 1, 2, 398836957, 0
2, 7, 18, 12, 265030314, 304441043, 1, 1, 497881322, 0
2, 7, 18, 12, 265030314, 304441043, 1, 0, 504161370, 0
2, 7, 18, 12, 265030314, 304441043, 0, 7, 353355986, 1
2, 7, 18, 12, 265030314, 304441043, 0, 6, 412248650, 1
2, 7, 18, 12, 265030314, 304441043, 0, 5, 399151215, 1
2, 7, 18, 12, 265030314, 304441043, 0, 4, 367931701, 1
2, 7, 18, 12, 265030314, 304441043, 0, 3, 327443654, 1
2, 7, 18, 12, 265030314, 304441043, 0, 2, 246160234, 1
2, 7, 18, 12, 265030314, 304441043, 0, 1, 492320468, 1
2, 8, 18, 12, 304441044, 358850522, 1, 7, 403920876, 0
2, 8, 18, 12, 304441044, 358850522, 1, 6, 421095265, 0
2, 8, 18, 12, 304441044, 358850522, 1, 5, 394727769, 0
2, 8, 18, 12, 304441044, 358850522, 1, 4, 411716420, 0
2, 8, 18, 12, 304441044, 358850522, 1, 3, 374475835, 0
2, 8, 18, 12, 304441044, 358850522, 1, 2, 455315359, 0
2, 8, 18, 12, 304441044, 358850522, 1, 1, 568193903, 1
2, 8, 18, 12, 304441044, 358850522, 1, 0, 567881774, 0
2, 8, 18, 12, 304441044, 358850522, 0, 7, 379213377, 1
2, 8, 18, 12, 304441044, 358850522, 0, 6, 435281361, 1
2, 8, 18, 12, 304441044, 358850522, 0, 5, 412118988, 1
2, 8, 18, 12, 304441044, 358850522, 0, 4, 369234379, 1
2, 8, 18, 12, 304441044, 358850522, 0, 3, 306872125, 1
2, 8, 18, 12, 304441044, 358850522, 0, 2, 287931164, 1
2, 8, 18, 12, 304441044, 358850522, 0, 1, 575862328, 1
2, 9, 18, 12, 358850523, 379182177, 1, 7, 436808226, 0
2, 9, 18, 12, 358850523, 379182177, 1, 6, 442329482, 0
2, 9, 18, 12, 358850523, 379182177, 1, 5, 407433563, 0
2, 9, 18, 12, 358850523, 379182177, 1, 4, 403087750, 0
2, 9, 18, 12, 358850523, 379182177, 1, 3, 384470334, 0
2, 9, 18, 12, 358850523, 379182177, 1, 2, 520134959, 0
2, 9, 18, 12, 358850523, 379182177, 1, 1, 633033692, 1
2, 9, 18, 12, 358850523, 379182177, 1, 0, 627141574, 0
2, 9, 18, 12, 358850523, 379182177, 0, 7, 355528604, 1
2, 9, 18, 12, 358850523, 379182177, 0, 6, 374267393, 1
2, 9, 18, 12, 358850523, 379182177, 0, 5, 324884283, 1
2, 9, 18, 12, 358850523, 379182177, 0, 4, 248510253, 1
2, 9, 18, 12, 358850523, 379182177, 0, 3, 231817084, 1
2, 9, 18, 12, 358850523, 379182177, 0, 2, 346261271, 1
2, 9, 18, 12, 358850523, 379182177, 0, 1, 628932274, 1
2, 10, 18, 12, 379182178, 391184147, 1, 7, 165457190, 1
2, 10, 18, 12, 379182178, 391184147, 1, 6, 159334783, 1
2, 10, 18, 12, 379182178, 391184147, 1, 5, 161827729, 1
2, 10, 18, 12, 379182178, 391184147, 1, 4, 176984715, 1
2, 10, 18, 12, 379182178, 391184147, 1, 3, 123626773, 1
2, 10, 18, 12, 379182178, 391184147, 1, 2, 61093142, 1
2, 10, 18, 12, 379182178, 391184147, 1, 1, 1, 1
2, 10, 18, 12, 379182178, 391184147, 1, 0, 1, 0
2, 10, 18, 12, 379182178, 391184147, 0, 7, 219715274, 1
2, 10, 18, 12, 379182178, 391184147, 0, 6, 214969211, 1
2, 10, 18, 12, 379182178, 391184147, 0, 5, 228612798, 1
2, 10, 18, 12, 379182178, 391184147, 0, 4, 267266241, 1
2, 10, 18, 12, 379182178, 391184147, 0, 3, 178607710, 1
2, 10, 18, 12, 379182178, 391184147, 0, 2, 149121172, 1
2, 10, 18, 12, 379182178, 391184147, 0, 1, 1, 1
2, 11, 18, 12, 391184148, 398756388, 1, 7, 353716402, 1
2, 11, 18, 12, 391184148, 398756388, 1, 6, 333759485, 1
2, 11, 18, 12, 391184148, 398756388, 1, 5, 309138403, 1
2, 11, 18, 12, 391184148, 398756388, 1, 4, 297805184, 1
2, 11, 18, 12, 391184148, 398756388, 1, 3, 267674639, 1
2, 11, 18, 12, 391184148, 398756388, 1, 2, 175413979, 1
2, 11, 18, 12, 391184148, 398756388, 1, 1, 108342713, 1
2, 11, 18, 12, 391184148, 398756388, 1, 0, 81296799, 0
2, 11, 18, 12, 391184148, 398756388, 0, 7, 361953643, 1
2, 11, 18, 12, 391184148, 398756388, 0, 6, 348507075, 1
2, 11, 18, 12, 391184148, 398756388, 0, 5, 328203515, 1
2, 11, 18, 12, 391184148, 398756388, 0, 4, 330903801, 1
2, 11, 18, 12, 391184148, 398756388, 0, 3, 331061959, 1
2, 11, 18, 12, 391184148, 398756388, 0, 2, 225656467, 1
2, 11, 18, 12, 391184148, 398756388, 0, 1, 137882868, 1
2, 12, 18, 12, 398756389, 408596922, 1, 7, 375912287, 1
2, 12, 18, 12, 398756389, 408596922, 1, 6, 359040675, 1
2, 12, 18, 12, 398756389, 408596922, 1, 5, 334658737, 1
2, 12, 18, 12, 398756389, 408596922, 1, 4, 298995576, 1
2, 12, 18, 12, 398756389, 408596922, 1, 3, 248223941, 1
2, 12, 18, 12, 398756389, 408596922, 1, 2, 174718625, 1
2, 12, 18, 12, 398756389, 408596922, 1, 1, 99919920, 1
2, 12, 18, 12, 398756389, 408596922, 1, 0, 1, 0
2, 12, 18, 12, 398756389, 408596922, 0, 7, 425247355, 1
2, 12, 18, 12, 398756389, 408596922, 0, 6, 414525547, 1
2, 12, 18, 12, 398756389, 408596922, 0, 5, 400248720, 1
2, 12, 18, 12, 398756389, 408596922, 0, 4, 337929253, 1
2, 12, 18, 12, 398756389, 408596922, 0, 3, 291306890, 1
2, 12, 18, 12, 398756389, 408596922, 0, 2, 213806729, 1
2, 12, 18, 12, 398756389, 408596922, 0, 1, 153978325, 1
2, 13, 18, 12, 408596923, 447914759, 1, 7, 360403768, 1
2, 13, 18, 12, 408596923, 447914759, 1, 6, 341425247, 1
2, 13, 18, 12, 408596923, 447914759, 1, 5, 317152882, 1
2, 13, 18, 12, 408596923, 447914759, 1, 4, 276419698, 1
2, 13, 18, 12, 408596923, 447914759, 1, 3, 218634436, 1
2, 13, 18, 12, 408596923, 447914759, 1, 2, 138660280, 1
2, 13, 18, 12, 408596923, 447914759, 1, 1, 84246117, 1
2, 13, 18, 12, 408596923, 447914759, 1, 0, 53465160, 0
2, 13, 18, 12, 408596923, 447914759, 0, 7, 383608157, 1
2, 13, 18, 12, 408596923, 447914759, 0, 6, 368349214, 1
2, 13, 18, 12, 408596923, 447914759, 0, 5, 350499200, 1
2, 13, 18, 12, 408596923, 447914759, 0, 4, 309843742, 1
2, 13, 18, 12, 408596923, 447914759, 0, 3, 261482393, 1
2, 13, 18, 12, 408596923, 447914759, 0, 2, 161530745, 1
2, 13, 18, 12, 408596923, 447914759, 0, 1, 110615641, 1
2, 14, 18, 12, 447914760, 463086168, 1, 7, 224278731, 1
2, 14, 18, 12, 447914760, 463086168, 1, 6, 214437889, 1
2, 14, 18, 12, 447914760, 463086168, 1, 5, 203091627, 1
2, 14, 18, 12, 447914760, 463086168, 1, 4, 184540332, 1
2, 14, 18, 12, 447914760, 463086168, 1, 3, 161705615, 1
2, 14, 18, 12, 447914760, 463086168, 1, 2, 138182184, 1
2, 14, 18, 12, 447914760, 463086168, 1, 1, 140486142, 1
2, 14, 18, 12, 447914760, 463086168, 1, 0, 88151759, 0
2, 14, 18, 12, 447914760, 463086168, 0, 7, 224602187, 1
2, 14, 18, 12, 447914760, 463086168, 0, 6, 213291810, 1
2, 14, 18, 12, 447914760, 463086168, 0, 5, 200645854, 1
2, 14, 18, 12, 447914760, 463086168, 0, 4, 179078089, 1
2, 14, 18, 12, 447914760, 463086168, 0, 3, 151040497, 1
2, 14, 18, 12, 447914760, 463086168, 0, 2, 111779886, 1
2, 14, 18, 12, 447914760, 463086168, 0, 1, 162970331, 1
2, 15, 18, 12, 463086169, 484279329, 1, 7, 233928799, 1
2, 15, 18, 12, 463086169, 484279329, 1, 6, 239106623, 1
2, 15, 18, 12, 463086169, 484279329, 1, 5, 232482915, 1
2, 15, 18, 12, 463086169, 484279329, 1, 4, 220966527, 1
2, 15, 18, 12, 463086169, 484279329, 1, 3, 211273987, 1
2, 15, 18, 12, 463086169, 484279329, 1, 2, 201584012, 0
2, 15, 18, 12, 463086169, 484279329, 1, 1, 186586417, 1
2, 15, 18, 12, 463086169, 484279329, 1, 0, 181088541, 0
2, 15, 18, 12, 463086169, 484279329, 0, 7, 250036692, 1
2, 15, 18, 12, 463086169, 484279329, 0, 6, 247183317, 1
2, 15, 18, 12, 463086169, 484279329, 0, 5, 247053365, 1
2, 15, 18, 12, 463086169, 484279329, 0, 4, 237306608, 1
2, 15, 18, 12, 463086169, 484279329, 0, 3, 219648337, 1
2, 15, 18, 12, 463086169, 484279329, 0, 2, 178399544, 1
2, 15, 18, 12, 463086169, 484279329, 0, 1, 193733526, 1
2, 16, 18, 12, 484279330, 495751577, 1, 7, 30334966, 1
2, 16, 18, 12, 484279330, 495751577, 1, 6, 35001884, 1
2, 16, 18, 12, 484279330, 495751577, 1, 5, 40497533, 1
2, 16, 18, 12, 484279330, 495751577, 1, 4, 49496985, 1
2, 16, 18, 12, 484279330, 495751577, 1, 3, 44413976, 1
2, 16, 18, 12, 484279330, 495751577, 1, 2, 44146499, 1
2, 16, 18, 12, 484279330, 495751577, 1, 1, 50104124, 1
2, 16, 18, 12, 484279330, 495751577, 1, 0, 1, 0
2, 16, 18, 12, 484279330, 495751577, 0, 7, 42525880, 1
2, 16, 18, 12, 484279330, 495751577, 0, 6, 49613527, 1
2, 16, 18, 12, 484279330, 495751577, 0, 5, 59536232, 1
2, 16, 18, 12, 484279330, 495751577, 0, 4, 74420290, 1
2, 16, 18, 12, 484279330, 495751577, 0, 3, 55740734, 1
2, 16, 18, 12, 484279330, 495751577, 0, 2, 38528434, 1
2, 16, 18, 12, 484279330, 495751577, 0, 1, 77056867, 1
2, 17, 18, 12, 495751578, 517629289, 1, 7, 243911075, 1
2, 17, 18, 12, 495751578, 517629289, 1, 6, 165955898, 1
2, 17, 18, 12, 495751578, 517629289, 1, 5, 192685489, 1
2, 17, 18, 12, 495751578, 517629289, 1, 4, 229898703, 1
2, 17, 18, 12, 495751578, 517629289, 1, 3, 135878926, 1
2, 17, 18, 12, 495751578, 517629289, 1, 2, 3938943, 0
2, 17, 18, 12, 495751578, 517629289, 1, 1, 6564904, 0
2, 17, 18, 12, 495751578, 517629289, 1, 0, 19694712, 0
2, 17, 18, 12, 495751578, 517629289, 0, 7, 297610435, 1
2, 17, 18, 12, 495751578, 517629289, 0, 6, 342119358, 1
2, 17, 18, 12, 495751578, 517629289, 0, 5, 410543229, 1
2, 17, 18, 12, 495751578, 517629289, 0, 4, 508364633, 1
2, 17, 18, 12, 495751578, 517629289, 0, 3, 310485924, 1
2, 17, 18, 12, 495751578, 517629289, 0, 2, 1, 1
2, 17, 18, 12, 495751578, 517629289, 0, 1, 1, 1
2, 18, 18, 12, 517629290, 549790968, 1, 7, 76572130, 1
2, 18, 18, 12, 517629290, 549790968, 1, 6, 82635885, 1
2, 18, 18, 12, 517629290, 549790968, 1, 5, 97660592, 1
2, 18, 18, 12, 517629290, 549790968, 1, 4, 119362945, 1
2, 18, 18, 12, 517629290, 549790968, 1, 3, 153466644, 1
2, 18, 18, 12, 517629290, 549790968, 1, 2, 214853301, 1
2, 18, 18, 12, 517629290, 549790968, 1, 1, 358088835, 1
2, 18, 18, 12, 517629290, 549790968, 1, 0, 1, 0
2, 18, 18, 12, 517629290, 549790968, 0, 7, 164083134, 1
2, 18, 18, 12, 517629290, 549790968, 0, 6, 179044418, 1
2, 18, 18, 12, 517629290, 549790968, 0, 5, 214853301, 1
2, 18, 18, 12, 517629290, 549790968, 0, 4, 268566627, 1
2, 18, 18, 12, 517629290, 549790968, 0, 3, 358088835, 1
2, 18, 18, 12, 517629290, 549790968, 0, 2, 537133253, 1
2, 18, 18, 12, 517629290, 549790968, 0, 1, 1074266505, 1
2, 19, 18, 12, 549790969, 579781098, 1, 7, 1609104, 1
2, 19, 18, 12, 549790969, 579781098, 1, 6, 551394, 1
2, 19, 18, 12, 549790969, 579781098, 1, 5, 651647, 1
2, 19, 18, 12, 549790969, 579781098, 1, 4, 1, 1
2, 19, 18, 12, 549790969, 579781098, 1, 3, 1, 1
2, 19, 18, 12, 549790969, 579781098, 1, 2, 1, 1
2, 19, 18, 12, 549790969, 579781098, 1, 1, 1, 1
2, 19, 18, 12, 549790969, 579781098, 1, 0, 1, 0
2, 19, 18, 12, 549790969, 579781098, 0, 7, 2424065, 1
2, 19, 18, 12, 549790969, 579781098, 0, 6, 1, 1
2, 19, 18, 12, 549790969, 579781098, 0, 5, 1, 1
2, 19, 18, 12, 549790969, 579781098, 0, 4, 1, 1
2, 19, 18, 12, 549790969, 579781098, 0, 3, 1, 1
2, 19, 18, 12, 549790969, 579781098, 0, 2, 1, 1
2, 19, 18, 12, 549790969, 579781098, 0, 1, 1, 1
2, 20, 18, 12, 579781099, 624405570, 1, 7, 65148, 1
2, 20, 18, 12, 579781099, 624405570, 1, 6, 75171, 1
2, 20, 18, 12, 579781099, 624405570, 1, 5, 88838, 1
2, 20, 18, 12, 579781099, 624405570, 1, 4, 108580, 1
2, 20, 18, 12, 579781099, 624405570, 1, 3, 139602, 1
2, 20, 18, 12, 579781099, 624405570, 1, 2, 195443, 1
2, 20, 18, 12, 579781099, 624405570, 1, 1, 325738, 1
2, 20, 18, 12, 579781099, 624405570, 1, 0, 1, 0
2, 20, 18, 12, 579781099, 624405570, 0, 7, 1, 1
2, 20, 18, 12, 579781099, 624405570, 0, 6, 1, 1
2, 20, 18, 12, 579781099, 624405570, 0, 5, 1, 1
2, 20, 18, 12, 579781099, 624405570, 0, 4, 1, 1
2, 20, 18, 12, 579781099, 624405570, 0, 3, 1, 1
2, 20, 18, 12, 579781099, 624405570, 0, 2, 1, 1
2, 20, 18, 12, 579781099, 624405570, 0, 1, 1, 1
2, 21, 18, 12, 624405571, 682929940, 1, 7, 109888374, 0
2, 21, 18, 12, 624405571, 682929940, 1, 6, 126093387, 0
2, 21, 18, 12, 624405571, 682929940, 1, 5, 117693640, 0
2, 21, 18, 12, 624405571, 682929940, 1, 4, 107199167, 0
2, 21, 18, 12, 624405571, 682929940, 1, 3, 109176245, 0
2, 21, 18, 12, 624405571, 682929940, 1, 2, 81893776, 0
2, 21, 18, 12, 624405571, 682929940, 1, 1, 136489626, 0
2, 21, 18, 12, 624405571, 682929940, 1, 0, 235663563, 0
2, 21, 18, 12, 624405571, 682929940, 0, 7, 113925412, 1
2, 21, 18, 12, 624405571, 682929940, 0, 6, 132912981, 1
2, 21, 18, 12, 624405571, 682929940, 0, 5, 119302214, 1
2, 21, 18, 12, 624405571, 682929940, 0, 4, 104334345, 1
2, 21, 18, 12, 624405571, 682929940, 0, 3, 72259531, 1
2, 21, 18, 12, 624405571, 682929940, 0, 2, 9620456, 1
2, 21, 18, 12, 624405571, 682929940, 0, 1, 19240911, 1
2, 22, 18, 12, 682929941, 805084560, 1, 7, 231730025, 1
2, 22, 18, 12, 682929941, 805084560, 1, 6, 248031928, 1
2, 22, 18, 12, 682929941, 805084560, 1, 5, 234254516, 1
2, 22, 18, 12, 682929941, 805084560, 1, 4, 215995237, 1
2, 22, 18, 12, 682929941, 805084560, 1, 3, 223370623, 1
2, 22, 18, 12, 682929941, 805084560, 1, 2, 200332673, 1
2, 22, 18, 12, 682929941, 805084560, 1, 1, 219550917, 1
2, 22, 18, 12, 682929941, 805084560, 1, 0, 1, 0
2, 22, 18, 12, 682929941, 805084560, 0, 7, 212249203, 1
2, 22, 18, 12, 682929941, 805084560, 0, 6, 247624070, 1
2, 22, 18, 12, 682929941, 805084560, 0, 5, 244833982, 1
2, 22, 18, 12, 682929941, 805084560, 0, 4, 217331021, 1
2, 22, 18, 12, 682929941, 805084560, 0, 3, 170843643, 1
2, 22, 18, 12, 682929941, 805084560, 0, 2, 130832314, 1
2, 22, 18, 12, 682929941, 805084560, 0, 1, 261664628, 1
2, 23, 18, 12, 805084561, 846259297, 1, 7, 18488952, 1
2, 23, 18, 12, 805084561, 846259297, 1, 6, 20874055, 1
2, 23, 18, 12, 805084561, 846259297, 1, 5, 23581606, 1
2, 23, 18, 12, 805084561, 846259297, 1, 4, 20670503, 1
2, 23, 18, 12, 805084561, 846259297, 1, 3, 19413309, 1
2, 23, 18, 12, 805084561, 846259297, 1, 2, 26581477, 1
2, 23, 18, 12, 805084561, 846259297, 1, 1, 35730547, 1
2, 23, 18, 12, 805084561, 846259297, 1, 0, 1, 0
2, 23, 18, 12, 805084561, 846259297, 0, 7, 19229454, 1
2, 23, 18, 12, 805084561, 846259297, 0, 6, 21936733, 1
2, 23, 18, 12, 805084561, 846259297, 0, 5, 24528227, 1
2, 23, 18, 12, 805084561, 846259297, 0, 4, 13065942, 1
2, 23, 18, 12, 805084561, 846259297, 0, 3, 1702728, 1
2, 23, 18, 12, 805084561, 846259297, 0, 2, 2554092, 1
2, 23, 18, 12, 805084561, 846259297, 0, 1, 5108184, 1
2, 24, 18, 12, 846259298, 964904217, 1, 7, 3389681, 1
2, 24, 18, 12, 846259298, 964904217, 1, 6, 3911171, 1
2, 24, 18, 12, 846259298, 964904217, 1, 5, 4622293, 1
2, 24, 18, 12, 846259298, 964904217, 1, 4, 5649469, 1
2, 24, 18, 12, 846259298, 964904217, 1, 3, 7263602, 1
2, 24, 18, 12, 846259298, 964904217, 1, 2, 8766385, 1
2, 24, 18, 12, 846259298, 964904217, 1, 1, 14610641, 1
2, 24, 18, 12, 846259298, 964904217, 1, 0, 1, 0
2, 24, 18, 12, 846259298, 964904217, 0, 7, 1, 1
2, 24, 18, 12, 846259298, 964904217, 0, 6, 1, 1
2, 24, 18, 12, 846259298, 964904217, 0, 5, 1, 1
2, 24, 18, 12, 846259298, 964904217, 0, 4, 1, 1
2, 24, 18, 12, 846259298, 964904217, 0, 3, 1, 1
2, 24, 18, 12, 846259298, 964904217, 0, 2, 1, 1
2, 24, 18, 12, 846259298, 964904217, 0, 1, 1, 1
2, 25, 18, 12, 964904218, 1064193098, 1, 7, 29954467, 0
2, 25, 18, 12, 964904218, 1064193098, 1, 6, 29343396, 0
2, 25, 18, 12, 964904218, 1064193098, 1, 5, 25840311, 0
2, 25, 18, 12, 964904218, 1064193098, 1, 4, 23471530, 0
2, 25, 18, 12, 964904218, 1064193098, 1, 3, 18133851, 0
2, 25, 18, 12, 964904218, 1064193098, 1, 2, 25387391, 0
2, 25, 18, 12, 964904218, 1064193098, 1, 1, 42312318, 0
2, 25, 18, 12, 964904218, 1064193098, 1, 0, 34505273, 0
2, 25, 18, 12, 964904218, 1064193098, 0, 7, 11433803, 1
2, 25, 18, 12, 964904218, 1064193098, 0, 6, 12200236, 1
2, 25, 18, 12, 964904218, 1064193098, 0, 5, 9573253, 1
2, 25, 18, 12, 964904218, 1064193098, 0, 4, 10418583, 1
2, 25, 18, 12, 964904218, 1064193098, 0, 3, 1, 1
2, 25, 18, 12, 964904218, 1064193098, 0, 2, 1, 1
2, 25, 18, 12, 964904218, 1064193098, 0, 1, 1, 1
2, 26, 18, 12, 1064193099, 1237115676, 1, 7, 32924661, 0
2, 26, 18, 12, 1064193099, 1237115676, 1, 6, 30851902, 0
2, 26, 18, 12, 1064193099, 1237115676, 1, 5, 28367114, 0
2, 26, 18, 12, 1064193099, 1237115676, 1, 4, 24887614, 0
2, 26, 18, 12, 1064193099, 1237115676, 1, 3, 19334522, 0
2, 26, 18, 12, 1064193099, 1237115676, 1, 2, 13244719, 0
2, 26, 18, 12, 1064193099, 1237115676, 1, 1, 22074531, 0
2, 26, 18, 12, 1064193099, 1237115676, 1, 0, 45046157, 0
2, 26, 18, 12, 1064193099, 1237115676, 0, 7, 27478802, 1
2, 26, 18, 12, 1064193099, 1237115676, 0, 6, 27286743, 1
2, 26, 18, 12, 1064193099, 1237115676, 0, 5, 29027203, 1
2, 26, 18, 12, 1064193099, 1237115676, 0, 4, 20224087, 1
2, 26, 18, 12, 1064193099, 1237115676, 0, 3, 7059145, 1
2, 26, 18, 12, 1064193099, 1237115676, 0, 2, 10588718, 1
2, 26, 18, 12, 1064193099, 1237115676, 0, 1, 21177435, 1
2, 27, 18, 12, 1237115677, 1268491432, 1, 7, 156555956, 1
2, 27, 18, 12, 1237115677, 1268491432, 1, 6, 180641488, 1
2, 27, 18, 12, 1237115677, 1268491432, 1, 5, 213485394, 1
2, 27, 18, 12, 1237115677, 1268491432, 1, 4, 260926593, 1
2, 27, 18, 12, 1237115677, 1268491432, 1, 3, 332171442, 1
2, 27, 18, 12, 1237115677, 1268491432, 1, 2, 429490283, 1
2, 27, 18, 12, 1237115677, 1268491432, 1, 1, 421488139, 1
2, 27, 18, 12, 1237115677, 1268491432, 1, 0, 1, 0
2, 27, 18, 12, 1237115677, 1268491432, 0, 7, 179902134, 1
2, 27, 18, 12, 1237115677, 1268491432, 0, 6, 209885823, 1
2, 27, 18, 12, 1237115677, 1268491432, 0, 5, 251862987, 1
2, 27, 18, 12, 1237115677, 1268491432, 0, 4, 314828734, 1
2, 27, 18, 12, 1237115677, 1268491432, 0, 3, 412058563, 1
2, 27, 18, 12, 1237115677, 1268491432, 0, 2, 618087845, 1
2, 27, 18, 12, 1237115677, 1268491432, 0, 1, 707546328, 1
2, 28, 18, 12, 1268491433, 1277420429, 1, 7, 169462178, 1
2, 28, 18, 12, 1268491433, 1277420429, 1, 6, 115388767, 1
2, 28, 18, 12, 1268491433, 1277420429, 1, 5, 136368542, 1
2, 28, 18, 12, 1268491433, 1277420429, 1, 4, 166672663, 1
2, 28, 18, 12, 1268491433, 1277420429, 1, 3, 214293423, 1
2, 28, 18, 12, 1268491433, 1277420429, 1, 2, 180018568, 1
2, 28, 18, 12, 1268491433, 1277420429, 1, 1, 1, 1
2, 28, 18, 12, 1268491433, 1277420429, 1, 0, 1, 0
2, 28, 18, 12, 1268491433, 1277420429, 0, 7, 187356098, 1
2, 28, 18, 12, 1268491433, 1277420429, 0, 6, 150015474, 1
2, 28, 18, 12, 1268491433, 1277420429, 0, 5, 180018568, 1
2, 28, 18, 12, 1268491433, 1277420429, 0, 4, 225023210, 1
2, 28, 18, 12, 1268491433, 1277420429, 0, 3, 300030947, 1
2, 28, 18, 12, 1268491433, 1277420429, 0, 2, 225023210, 1
2, 28, 18, 12, 1268491433, 1277420429, 0, 1, 1, 1
2, 29, 18, 12, 1277420430, 1292817690, 1, 7, 2175079, 0
2, 29, 18, 12, 1277420430, 1292817690, 1, 6, 2509707, 0
2, 29, 18, 12, 1277420430, 1292817690, 1, 5, 2966017, 0
2, 29, 18, 12, 1277420430, 1292817690, 1, 4, 3625132, 0
2, 29, 18, 12, 1277420430, 1292817690, 1, 3, 4660884, 0
2, 29, 18, 12, 1277420430, 1292817690, 1, 2, 6525237, 0
2, 29, 18, 12, 1277420430, 1292817690, 1, 1, 9909917, 0
2, 29, 18, 12, 1277420430, 1292817690, 1, 0, 23820917, 0
2, 29, 18, 12, 1277420430, 1292817690, 0, 7, 413777, 1
2, 29, 18, 12, 1277420430, 1292817690, 0, 6, 482740, 1
2, 29, 18, 12, 1277420430, 1292817690, 0, 5, 579287, 1
2, 29, 18, 12, 1277420430, 1292817690, 0, 4, 724109, 1
2, 29, 18, 12, 1277420430, 1292817690, 0, 3, 965479, 1
2, 29, 18, 12, 1277420430, 1292817690, 0, 2, 1448218, 1
2, 29, 18, 12, 1277420430, 1292817690, 0, 1, 1, 1
2, 30, 18, 12, 1292817691, 1313162227, 1, 7, 5203542, 0
2, 30, 18, 12, 1292817691, 1313162227, 1, 6, 6004087, 0
2, 30, 18, 12, 1292817691, 1313162227, 1, 5, 7095739, 0
2, 30, 18, 12, 1292817691, 1313162227, 1, 4, 8672570, 0
2, 30, 18, 12, 1292817691, 1313162227, 1, 3, 11150447, 0
2, 30, 18, 12, 1292817691, 1313162227, 1, 2, 15610626, 0
2, 30, 18, 12, 1292817691, 1313162227, 1, 1, 26017710, 0
2, 30, 18, 12, 1292817691, 1313162227, 1, 0, 31182152, 0
2, 30, 18, 12, 1292817691, 1313162227, 0, 7, 1, 1
2, 30, 18, 12, 1292817691, 1313162227, 0, 6, 1, 1
2, 30, 18, 12, 1292817691, 1313162227, 0, 5, 1, 1
2, 30, 18, 12, 1292817691, 1313162227, 0, 4, 1, 1
2, 30, 18, 12, 1292817691, 1313162227, 0, 3, 1, 1
2, 30, 18, 12, 1292817691, 1313162227, 0, 2, 1, 1
2, 30, 18, 12, 1292817691, 1313162227, 0, 1, 1, 1
2, 31, 18, 12, 1313162228, 1341015878, 1, 7, 43518365, 0
2, 31, 18, 12, 1313162228, 1341015878, 1, 6, 40360227, 0
2, 31, 18, 12, 1313162228, 1341015878, 1, 5, 19569322, 0
2, 31, 18, 12, 1313162228, 1341015878, 1, 4, 15395794, 0
2, 31, 18, 12, 1313162228, 1341015878, 1, 3, 11133636, 0
2, 31, 18, 12, 1313162228, 1341015878, 1, 2, 15587090, 0
2, 31, 18, 12, 1313162228, 1341015878, 1, 1, 25978484, 0
2, 31, 18, 12, 1313162228, 1341015878, 1, 0, 77935450, 0
2, 31, 18, 12, 1313162228, 1341015878, 0, 7, 1, 1
2, 31, 18, 12, 1313162228, 1341015878, 0, 6, 1, 1
2, 31, 18, 12, 1313162228, 1341015878, 0, 5, 1, 1
2, 31, 18, 12, 1313162228, 1341015878, 0, 4, 1, 1
2, 31, 18, 12, 1313162228, 1341015878, 0, 3, 1, 1
2, 31, 18, 12, 1313162228, 1341015878, 0, 2, 1, 1
2, 31, 18, 12, 1313162228, 1341015878, 0, 1, 1, 1
2, 32, 18, 12, 1341015879, 1377111657, 1, 7, 172441073, 0
2, 32, 18, 12, 1341015879, 1377111657, 1, 6, 169638049, 0
2, 32, 18, 12, 1341015879, 1377111657, 1, 5, 144808719, 0
2, 32, 18, 12, 1341015879, 1377111657, 1, 4, 166844322, 0
2, 32, 18, 12, 1341015879, 1377111657, 1, 3, 199630875, 1
2, 32, 18, 12, 1341015879, 1377111657, 1, 2, 279483225, 1
2, 32, 18, 12, 1341015879, 1377111657, 1, 1, 465805375, 1
2, 32, 18, 12, 1341015879, 1377111657, 1, 0, 308709589, 0
2, 32, 18, 12, 1341015879, 1377111657, 0, 7, 155529506, 1
2, 32, 18, 12, 1341015879, 1377111657, 0, 6, 181451090, 1
2, 32, 18, 12, 1341015879, 1377111657, 0, 5, 217741308, 1
2, 32, 18, 12, 1341015879, 1377111657, 0, 4, 272176634, 1
2, 32, 18, 12, 1341015879, 1377111657, 0, 3, 362902179, 1
2, 32, 18, 12, 1341015879, 1377111657, 0, 2, 544353268, 1
2, 32, 18, 12, 1341015879, 1377111657, 0, 1, 1088706536, 1
2, 33, 18, 12, 1377111658, 1474072045, 1, 7, 564876861, 1
2, 33, 18, 12, 1377111658, 1474072045, 1, 6, 580414959, 1
2, 33, 18, 12, 1377111658, 1474072045, 1, 5, 601650186, 1
2, 33, 18, 12, 1377111658, 1474072045, 1, 4, 592618836, 1
2, 33, 18, 12, 1377111658, 1474072045, 1, 3, 504129257, 1
2, 33, 18, 12, 1377111658, 1474072045, 1, 2, 354241487, 1
2, 33, 18, 12, 1377111658, 1474072045, 1, 1, 1, 1
2, 33, 18, 12, 1377111658, 1474072045, 1, 0, 1, 0
2, 33, 18, 12, 1377111658, 1474072045, 0, 7, 613103199, 1
2, 33, 18, 12, 1377111658, 1474072045, 0, 6, 715287066, 1
2, 33, 18, 12, 1377111658, 1474072045, 0, 5, 672895993, 1
2, 33, 18, 12, 1377111658, 1474072045, 0, 4, 669400587, 1
2, 33, 18, 12, 1377111658, 1474072045, 0, 3, 593246352, 1
2, 33, 18, 12, 1377111658, 1474072045, 0, 2, 440670178, 1
2, 33, 18, 12, 1377111658, 1474072045, 0, 1, 1, 1
2, 34, 18, 12, 1474072046, 1629501249, 1, 7, 503219051, 1
2, 34, 18, 12, 1474072046, 1629501249, 1, 6, 478121335, 1
2, 34, 18, 12, 1474072046, 1629501249, 1, 5, 540270534, 1
2, 34, 18, 12, 1474072046, 1629501249, 1, 4, 435188724, 1
2, 34, 18, 12, 1474072046, 1629501249, 1, 3, 363242939, 1
2, 34, 18, 12, 1474072046, 1629501249, 1, 2, 233633444, 1
2, 34, 18, 12, 1474072046, 1629501249, 1, 1, 10274565, 1
2, 34, 18, 12, 1474072046, 1629501249, 1, 0, 1, 0
2, 34, 18, 12, 1474072046, 1629501249, 0, 7, 693389211, 1
2, 34, 18, 12, 1474072046, 1629501249, 0, 6, 791406208, 1
2, 34, 18, 12, 1474072046, 1629501249, 0, 5, 928630003, 1
2, 34, 18, 12, 1474072046, 1629501249, 0, 4, 896356245, 1
2, 34, 18, 12, 1474072046, 1629501249, 0, 3, 772238088, 1
2, 34, 18, 12, 1474072046, 1629501249, 0, 2, 523734071, 1
2, 34, 18, 12, 1474072046, 1629501249, 0, 1, 15411848, 1
2, 35, 18, 12, 1629501250, 1737649647, 1, 7, 24765119, 1
2, 35, 18, 12, 1629501250, 1737649647, 1, 6, 23583145, 1
2, 35, 18, 12, 1629501250, 1737649647, 1, 5, 27870990, 1
2, 35, 18, 12, 1629501250, 1737649647, 1, 4, 26853888, 1
2, 35, 18, 12, 1629501250, 1737649647, 1, 3, 25255585, 1
2, 35, 18, 12, 1629501250, 1737649647, 1, 2, 22378639, 1
2, 35, 18, 12, 1629501250, 1737649647, 1, 1, 15665766, 1
2, 35, 18, 12, 1629501250, 1737649647, 1, 0, 1, 0
2, 35, 18, 12, 1629501250, 1737649647, 0, 7, 26534056, 1
2, 35, 18, 12, 1629501250, 1737649647, 0, 6, 25548407, 1
2, 35, 18, 12, 1629501250, 1737649647, 0, 5, 30658089, 1
2, 35, 18, 12, 1629501250, 1737649647, 0, 4, 30210624, 1
2, 35, 18, 12, 1629501250, 1737649647, 0, 3, 29464849, 1
2, 35, 18, 12, 1629501250, 1737649647, 0, 2, 27973299, 1
2, 35, 18, 12, 1629501250, 1737649647, 0, 1, 23498649, 1
2, 36, 18, 12, 1737649648, 1789192792, 1, 7, 1, 1
2, 36, 18, 12, 1737649648, 1789192792, 1, 6, 1, 1
2, 36, 18, 12, 1737649648, 1789192792, 1, 5, 1, 1
2, 36, 18, 12, 1737649648, 1789192792, 1, 4, 1, 1
2, 36, 18, 12, 1737649648, 1789192792, 1, 3, 1, 1
2, 36, 18, 12, 1737649648, 1789192792, 1, 2, 1, 1
2, 36, 18, 12, 1737649648, 1789192792, 1, 1, 1, 1
2, 36, 18, 12, 1737649648, 1789192792, 1, 0, 1, 0
2, 36, 18, 12, 1737649648, 1789192792, 0, 7, 1, 1
2, 36, 18, 12, 1737649648, 1789192792, 0, 6, 1, 1
2, 36, 18, 12, 1737649648, 1789192792, 0, 5, 1, 1
2, 36, 18, 12, 1737649648, 1789192792, 0, 4, 1, 1
2, 36, 18, 12, 1737649648, 1789192792, 0, 3, 1, 1
2, 36, 18, 12, 1737649648, 1789192792, 0, 2, 1, 1
2, 36, 18, 12, 1737649648, 1789192792, 0, 1, 1, 1
2, 37, 18, 12, 1789192793, 1896806462, 1, 7, 13621606, 1
2, 37, 18, 12, 1789192793, 1896806462, 1, 6, 13184120, 1
2, 37, 18, 12, 1789192793, 1896806462, 1, 5, 15581233, 1
2, 37, 18, 12, 1789192793, 1896806462, 1, 4, 14282797, 1
2, 37, 18, 12, 1789192793, 1896806462, 1, 3, 12242397, 1
2, 37, 18, 12, 1789192793, 1896806462, 1, 2, 8569678, 1
2, 37, 18, 12, 1789192793, 1896806462, 1, 1, 1, 1
2, 37, 18, 12, 1789192793, 1896806462, 1, 0, 1, 0
2, 37, 18, 12, 1789192793, 1896806462, 0, 7, 15302996, 1
2, 37, 18, 12, 1789192793, 1896806462, 0, 6, 14282797, 1
2, 37, 18, 12, 1789192793, 1896806462, 0, 5, 17139356, 1
2, 37, 18, 12, 1789192793, 1896806462, 0, 4, 16068146, 1
2, 37, 18, 12, 1789192793, 1896806462, 0, 3, 14282797, 1
2, 37, 18, 12, 1789192793, 1896806462, 0, 2, 10712098, 1
2, 37, 18, 12, 1789192793, 1896806462, 0, 1, 1, 1
2, 38, 18, 12, 1896806463, 1988398260, 1, 7, 1, 1
2, 38, 18, 12, 1896806463, 1988398260, 1, 6, 1, 1
2, 38, 18, 12, 1896806463, 1988398260, 1, 5, 1, 1
2, 38, 18, 12, 1896806463, 1988398260, 1, 4, 1, 1
2, 38, 18, 12, 1896806463, 1988398260, 1, 3, 1, 1
2, 38, 18, 12, 1896806463, 1988398260, 1, 2, 1, 1
2, 38, 18, 12, 1896806463, 1988398260, 1, 1, 1, 1
2, 38, 18, 12, 1896806463, 1988398260, 1, 0, 1, 0
2, 38, 18, 12, 1896806463, 1988398260, 0, 7, 1, 1
2, 38, 18, 12, 1896806463, 1988398260, 0, 6, 1, 1
2, 38, 18, 12, 1896806463, 1988398260, 0, 5, 1, 1
2, 38, 18, 12, 1896806463, 1988398260, 0, 4, 1, 1
2, 38, 18, 12, 1896806463, 1988398260, 0, 3, 1, 1
2, 38, 18, 12, 1896806463, 1988398260, 0, 2, 1, 1
2, 38, 18, 12, 1896806463, 1988398260, 0, 1, 1, 1
2, 39, 18, 12, 1988398261, 2057442632, 1, 7, 352769608, 1
2, 39, 18, 12, 1988398261, 2057442632, 1, 6, 330548649, 1
2, 39, 18, 12, 1988398261, 2057442632, 1, 5, 312416743, 1
2, 39, 18, 12, 1988398261, 2057442632, 1, 4, 333526713, 1
2, 39, 18, 12, 1988398261, 2057442632, 1, 3, 384323182, 1
2, 39, 18, 12, 1988398261, 2057442632, 1, 2, 461402414, 1
2, 39, 18, 12, 1988398261, 2057442632, 1, 1, 459057781, 1
2, 39, 18, 12, 1988398261, 2057442632, 1, 0, 1, 0
2, 39, 18, 12, 1988398261, 2057442632, 0, 7, 223297563, 1
2, 39, 18, 12, 1988398261, 2057442632, 0, 6, 260513823, 1
2, 39, 18, 12, 1988398261, 2057442632, 0, 5, 312616588, 1
2, 39, 18, 12, 1988398261, 2057442632, 0, 4, 390770735, 1
2, 39, 18, 12, 1988398261, 2057442632, 0, 3, 521027646, 1
2, 39, 18, 12, 1988398261, 2057442632, 0, 2, 589916367, 1
2, 39, 18, 12, 1988398261, 2057442632, 0, 1, 644515742, 1
2, 40, 18, 12, 2057442633, 2084053743, 1, 7, 21306910, 0
2, 40, 18, 12, 2057442633, 2084053743, 1, 6, 24584896, 0
2, 40, 18, 12, 2057442633, 2084053743, 1, 5, 29054878, 0
2, 40, 18, 12, 2057442633, 2084053743, 1, 4, 35511517, 0
2, 40, 18, 12, 2057442633, 2084053743, 1, 3, 45657664, 0
2, 40, 18, 12, 2057442633, 2084053743, 1, 2, 63920730, 0
2, 40, 18, 12, 2057442633, 2084053743, 1, 1, 106534550, 1
2, 40, 18, 12, 2057442633, 2084053743, 1, 0, 84693637, 0
2, 40, 18, 12, 2057442633, 2084053743, 0, 7, 15794456, 1
2, 40, 18, 12, 2057442633, 2084053743, 0, 6, 18426865, 1
2, 40, 18, 12, 2057442633, 2084053743, 0, 5, 22112238, 1
2, 40, 18, 12, 2057442633, 2084053743, 0, 4, 27640297, 1
2, 40, 18, 12, 2057442633, 2084053743, 0, 3, 36853730, 1
2, 40, 18, 12, 2057442633, 2084053743, 0, 2, 55280594, 1
2, 40, 18, 12, 2057442633, 2084053743, 0, 1, 110561188, 1
2, 41, 18, 12, 2084053744, 2096458027, 1, 7, 329211399, 1
2, 41, 18, 12, 2084053744, 2096458027, 1, 6, 319788258, 1
2, 41, 18, 12, 2084053744, 2096458027, 1, 5, 314213416, 1
2, 41, 18, 12, 2084053744, 2096458027, 1, 4, 312374497, 1
2, 41, 18, 12, 2084053744, 2096458027, 1, 3, 292518960, 1
2, 41, 18, 12, 2084053744, 2096458027, 1, 2, 268993727, 1
2, 41, 18, 12, 2084053744, 2096458027, 1, 1, 166020001, 1
2, 41, 18, 12, 2084053744, 2096458027, 1, 0, 74730730, 0
2, 41, 18, 12, 2084053744, 2096458027, 0, 7, 302710779, 1
2, 41, 18, 12, 2084053744, 2096458027, 0, 6, 304092581, 1
2, 41, 18, 12, 2084053744, 2096458027, 0, 5, 315308161, 1
2, 41, 18, 12, 2084053744, 2096458027, 0, 4, 338296390, 1
2, 41, 18, 12, 2084053744, 2096458027, 0, 3, 332594053, 1
2, 41, 18, 12, 2084053744, 2096458027, 0, 2, 331867505, 1
2, 41, 18, 12, 2084053744, 2096458027, 0, 1, 193670583, 1
