1,1.0,99642212.0,2053609075.8386593
2,99642213.0,140247949.0,3376956010.8615165
3,140247950.0,173149896.0,3111691785.000321
4,173149897.0,204173749.0,3271346298.1000247
5,204173750.0,277738559.0,3090632484.484756
6,277738560.0,302280431.0,3370852299.0081067
7,302280432.0,418746790.0,3080127854.1582613
8,418746791.0,452816793.0,3870136247.3166003
9,452816794.0,520496132.0,3686029574.3715644
10,520496133.0,561710213.0,3902597237.249399
11,561710214.0,675648545.0,3779376495.0147967
12,675648546.0,702177775.0,4045987784.2919106
13,702177776.0,734319194.0,3689250084.875383
14,734319195.0,771193510.0,3865895199.8239827
15,771193511.0,808735529.0,3718068267.167832
16,808735530.0,841988028.0,3533079653.513653
17,841988029.0,917037850.0,3767966778.522264
18,917037851.0,944459169.0,3951218574.325631
19,944459170.0,970021621.0,3778265034.470888
20,970021622.0,1007143755.0,3577502607.460666
21,1007143756.0,1101399820.0,3611855522.441279
22,1101399821.0,1135379250.0,3881655833.8309007
23,1135379251.0,1164160920.0,3766262887.1395564
24,1164160921.0,1205075020.0,3915675757.3721633
25,1205075021.0,1248949100.0,3742799716.0430703
26,1248949101.0,1283261396.0,3605930724.2053857
27,1283261397.0,1352146492.0,3589666805.8242283
28,1352146493.0,1363520944.0,3958645851.7375026
29,1363520945.0,1412863044.0,3743981501.6211424
30,1412863045.0,1440941263.0,3638460498.926553
31,1440941264.0,1481557903.0,3637966148.547735
32,1481557904.0,1551903105.0,3662916471.410679
33,1551903106.0,1602787565.0,3557247236.773566
34,1602787566.0,1681350126.0,3786551094.7787395
35,1681350127.0,1733418958.0,3317432667.6827607
36,1733418959.0,1750087294.0,3069433910.9353757
37,1750087295.0,1793972348.0,2912662175.267169
38,1793972349.0,1820346150.0,3505136672.097858
39,1820346151.0,1928061014.0,3468964882.302967
40,1928061015.0,1964173681.0,3062986074.630033
41,1964173682.0,2196025834.0,3321920829.454016
