3, 1, 16, 1, 1, 132509278, 3, 18, 1126594741, 1
3, 1, 16, 1, 1, 132509278, 3, 17, 1115999682, 1
3, 1, 16, 1, 1, 132509278, 3, 16, 1106800109, 1
3, 1, 16, 1, 1, 132509278, 3, 15, 1088864461, 1
3, 1, 16, 1, 1, 132509278, 3, 14, 1067988238, 1
3, 1, 16, 1, 1, 132509278, 3, 13, 1049071292, 1
3, 1, 16, 1, 1, 132509278, 3, 12, 1024545910, 1
3, 1, 16, 1, 1, 132509278, 3, 11, 992250496, 1
3, 1, 16, 1, 1, 132509278, 3, 10, 959899325, 1
3, 1, 16, 1, 1, 132509278, 3, 9, 923623104, 1
3, 1, 16, 1, 1, 132509278, 3, 8, 887766488, 1
3, 1, 16, 1, 1, 132509278, 3, 7, 829385066, 1
3, 1, 16, 1, 1, 132509278, 3, 6, 764113636, 1
3, 1, 16, 1, 1, 132509278, 3, 5, 658574607, 1
3, 1, 16, 1, 1, 132509278, 3, 4, 520851901, 1
3, 1, 16, 1, 1, 132509278, 3, 3, 311158838, 1
3, 1, 16, 1, 1, 132509278, 3, 2, 82681381, 0
3, 1, 16, 1, 1, 132509278, 3, 1, 108474096, 0
3, 1, 16, 1, 1, 132509278, 3, 0, 152988540, 0
3, 1, 16, 1, 1, 132509278, 2, 18, 1119685977, 1
3, 1, 16, 1, 1, 132509278, 2, 17, 1112331395, 1
3, 1, 16, 1, 1, 132509278, 2, 16, 1106076512, 1
3, 1, 16, 1, 1, 132509278, 2, 15, 1083564447, 1
3, 1, 16, 1, 1, 132509278, 2, 14, 1063852965, 1
3, 1, 16, 1, 1, 132509278, 2, 13, 1048112095, 1
3, 1, 16, 1, 1, 132509278, 2, 12, 1028577865, 1
3, 1, 16, 1, 1, 132509278, 2, 11, 990760822, 1
3, 1, 16, 1, 1, 132509278, 2, 10, 955586577, 1
3, 1, 16, 1, 1, 132509278, 2, 9, 917353336, 1
3, 1, 16, 1, 1, 132509278, 2, 8, 881561566, 1
3, 1, 16, 1, 1, 132509278, 2, 7, 821216722, 1
3, 1, 16, 1, 1, 132509278, 2, 6, 762009465, 1
3, 1, 16, 1, 1, 132509278, 2, 5, 640504392, 1
3, 1, 16, 1, 1, 132509278, 2, 4, 510101927, 1
3, 1, 16, 1, 1, 132509278, 2, 3, 297176828, 1
3, 1, 16, 1, 1, 132509278, 2, 2, 56316197, 0
3, 1, 16, 1, 1, 132509278, 2, 1, 90105914, 0
3, 1, 16, 1, 1, 132509278, 2, 0, 150176524, 0
3, 1, 16, 1, 1, 132509278, 1, 18, 1092970633, 1
3, 1, 16, 1, 1, 132509278, 1, 17, 1091905447, 1
3, 1, 16, 1, 1, 132509278, 1, 16, 1089550381, 1
3, 1, 16, 1, 1, 132509278, 1, 15, 1067586187, 1
3, 1, 16, 1, 1, 132509278, 1, 14, 1049398509, 1
3, 1, 16, 1, 1, 132509278, 1, 13, 1047593172, 1
3, 1, 16, 1, 1, 132509278, 1, 12, 1027299251, 1
3, 1, 16, 1, 1, 132509278, 1, 11, 982637604, 1
3, 1, 16, 1, 1, 132509278, 1, 10, 952956249, 1
3, 1, 16, 1, 1, 132509278, 1, 9, 920318038, 1
3, 1, 16, 1, 1, 132509278, 1, 8, 879024304, 1
3, 1, 16, 1, 1, 132509278, 1, 7, 823941319, 1
3, 1, 16, 1, 1, 132509278, 1, 6, 770485770, 1
3, 1, 16, 1, 1, 132509278, 1, 5, 659892008, 1
3, 1, 16, 1, 1, 132509278, 1, 4, 518191927, 1
3, 1, 16, 1, 1, 132509278, 1, 3, 289874317, 1
3, 1, 16, 1, 1, 132509278, 1, 2, 30035305, 0
3, 1, 16, 1, 1, 132509278, 1, 1, 50058842, 0
3, 1, 16, 1, 1, 132509278, 1, 0, 150176524, 0
3, 1, 16, 1, 1, 132509278, 0, 18, 1128870057, 1
3, 1, 16, 1, 1, 132509278, 0, 17, 1123942651, 1
3, 1, 16, 1, 1, 132509278, 0, 16, 1123822061, 1
3, 1, 16, 1, 1, 132509278, 0, 15, 1103787235, 1
3, 1, 16, 1, 1, 132509278, 0, 14, 1093727260, 1
3, 1, 16, 1, 1, 132509278, 0, 13, 1100418911, 1
3, 1, 16, 1, 1, 132509278, 0, 12, 1074516773, 1
3, 1, 16, 1, 1, 132509278, 0, 11, 1034536826, 1
3, 1, 16, 1, 1, 132509278, 0, 10, 996365629, 1
3, 1, 16, 1, 1, 132509278, 0, 9, 952338932, 1
3, 1, 16, 1, 1, 132509278, 0, 8, 921099721, 1
3, 1, 16, 1, 1, 132509278, 0, 7, 878623336, 1
3, 1, 16, 1, 1, 132509278, 0, 6, 824425039, 1
3, 1, 16, 1, 1, 132509278, 0, 5, 701692552, 1
3, 1, 16, 1, 1, 132509278, 0, 4, 592374190, 1
3, 1, 16, 1, 1, 132509278, 0, 3, 313157282, 1
3, 1, 16, 1, 1, 132509278, 0, 2, 1, 1
3, 1, 16, 1, 1, 132509278, 0, 1, 1, 1
3, 2, 16, 1, 132509279, 150213712, 3, 18, 3693371158, 1
3, 2, 16, 1, 132509279, 150213712, 3, 17, 3613896060, 1
3, 2, 16, 1, 132509279, 150213712, 3, 16, 3530330854, 1
3, 2, 16, 1, 132509279, 150213712, 3, 15, 3442813093, 1
3, 2, 16, 1, 132509279, 150213712, 3, 14, 3338377166, 1
3, 2, 16, 1, 132509279, 150213712, 3, 13, 3218520846, 1
3, 2, 16, 1, 132509279, 150213712, 3, 12, 3077282044, 1
3, 2, 16, 1, 132509279, 150213712, 3, 11, 2926740812, 1
3, 2, 16, 1, 132509279, 150213712, 3, 10, 2737420603, 1
3, 2, 16, 1, 132509279, 150213712, 3, 9, 2514823782, 1
3, 2, 16, 1, 132509279, 150213712, 3, 8, 2240181232, 1
3, 2, 16, 1, 132509279, 150213712, 3, 7, 1883800518, 1
3, 2, 16, 1, 132509279, 150213712, 3, 6, 1425375354, 1
3, 2, 16, 1, 132509279, 150213712, 3, 5, 981757351, 1
3, 2, 16, 1, 132509279, 150213712, 3, 4, 611075915, 1
3, 2, 16, 1, 132509279, 150213712, 3, 3, 289741338, 1
3, 2, 16, 1, 132509279, 150213712, 3, 2, 39304434, 0
3, 2, 16, 1, 132509279, 150213712, 3, 1, 56377171, 0
3, 2, 16, 1, 132509279, 150213712, 3, 0, 86572023, 0
3, 2, 16, 1, 132509279, 150213712, 2, 18, 3689745441, 1
3, 2, 16, 1, 132509279, 150213712, 2, 17, 3611476791, 1
3, 2, 16, 1, 132509279, 150213712, 2, 16, 3530188458, 1
3, 2, 16, 1, 132509279, 150213712, 2, 15, 3445879942, 1
3, 2, 16, 1, 132509279, 150213712, 2, 14, 3342469357, 1
3, 2, 16, 1, 132509279, 150213712, 2, 13, 3223950239, 1
3, 2, 16, 1, 132509279, 150213712, 2, 12, 3082015886, 1
3, 2, 16, 1, 132509279, 150213712, 2, 11, 2930034265, 1
3, 2, 16, 1, 132509279, 150213712, 2, 10, 2735082149, 1
3, 2, 16, 1, 132509279, 150213712, 2, 9, 2507270072, 1
3, 2, 16, 1, 132509279, 150213712, 2, 8, 2225315747, 1
3, 2, 16, 1, 132509279, 150213712, 2, 7, 1868421732, 1
3, 2, 16, 1, 132509279, 150213712, 2, 6, 1406280692, 1
3, 2, 16, 1, 132509279, 150213712, 2, 5, 952769249, 1
3, 2, 16, 1, 132509279, 150213712, 2, 4, 569256766, 1
3, 2, 16, 1, 132509279, 150213712, 2, 3, 274999252, 1
3, 2, 16, 1, 132509279, 150213712, 2, 2, 21579088, 0
3, 2, 16, 1, 132509279, 150213712, 2, 1, 34526541, 0
3, 2, 16, 1, 132509279, 150213712, 2, 0, 67462066, 0
3, 2, 16, 1, 132509279, 150213712, 1, 18, 3760140106, 1
3, 2, 16, 1, 132509279, 150213712, 1, 17, 3686952958, 1
3, 2, 16, 1, 132509279, 150213712, 1, 16, 3612319713, 1
3, 2, 16, 1, 132509279, 150213712, 1, 15, 3527186983, 1
3, 2, 16, 1, 132509279, 150213712, 1, 14, 3422112507, 1
3, 2, 16, 1, 132509279, 150213712, 1, 13, 3301508982, 1
3, 2, 16, 1, 132509279, 150213712, 1, 12, 3154462324, 1
3, 2, 16, 1, 132509279, 150213712, 1, 11, 2997286251, 1
3, 2, 16, 1, 132509279, 150213712, 1, 10, 2796579762, 1
3, 2, 16, 1, 132509279, 150213712, 1, 9, 2565028423, 1
3, 2, 16, 1, 132509279, 150213712, 1, 8, 2270387420, 1
3, 2, 16, 1, 132509279, 150213712, 1, 7, 1907201746, 1
3, 2, 16, 1, 132509279, 150213712, 1, 6, 1439177092, 1
3, 2, 16, 1, 132509279, 150213712, 1, 5, 977904041, 1
3, 2, 16, 1, 132509279, 150213712, 1, 4, 585772901, 1
3, 2, 16, 1, 132509279, 150213712, 1, 3, 282222020, 1
3, 2, 16, 1, 132509279, 150213712, 1, 2, 7541715, 0
3, 2, 16, 1, 132509279, 150213712, 1, 1, 12569525, 0
3, 2, 16, 1, 132509279, 150213712, 1, 0, 37708573, 0
3, 2, 16, 1, 132509279, 150213712, 0, 18, 3867161490, 1
3, 2, 16, 1, 132509279, 150213712, 0, 17, 3800724825, 1
3, 2, 16, 1, 132509279, 150213712, 0, 16, 3725398860, 1
3, 2, 16, 1, 132509279, 150213712, 0, 15, 3647496827, 1
3, 2, 16, 1, 132509279, 150213712, 0, 14, 3547087463, 1
3, 2, 16, 1, 132509279, 150213712, 0, 13, 3431029327, 1
3, 2, 16, 1, 132509279, 150213712, 0, 12, 3286061714, 1
3, 2, 16, 1, 132509279, 150213712, 0, 11, 3128799658, 1
3, 2, 16, 1, 132509279, 150213712, 0, 10, 2927414963, 1
3, 2, 16, 1, 132509279, 150213712, 0, 9, 2703113032, 1
3, 2, 16, 1, 132509279, 150213712, 0, 8, 2407036907, 1
3, 2, 16, 1, 132509279, 150213712, 0, 7, 2043974200, 1
3, 2, 16, 1, 132509279, 150213712, 0, 6, 1559742901, 1
3, 2, 16, 1, 132509279, 150213712, 0, 5, 1076455707, 1
3, 2, 16, 1, 132509279, 150213712, 0, 4, 659946091, 1
3, 2, 16, 1, 132509279, 150213712, 0, 3, 330527794, 1
3, 2, 16, 1, 132509279, 150213712, 0, 2, 1, 1
3, 2, 16, 1, 132509279, 150213712, 0, 1, 1, 1
3, 3, 16, 1, 150213713, 197522911, 3, 18, 4241688323, 1
3, 3, 16, 1, 150213713, 197522911, 3, 17, 4156908863, 1
3, 3, 16, 1, 150213713, 197522911, 3, 16, 4070202481, 1
3, 3, 16, 1, 150213713, 197522911, 3, 15, 3965997068, 1
3, 3, 16, 1, 150213713, 197522911, 3, 14, 3861593380, 1
3, 3, 16, 1, 150213713, 197522911, 3, 13, 3736116119, 1
3, 3, 16, 1, 150213713, 197522911, 3, 12, 3575329323, 1
3, 3, 16, 1, 150213713, 197522911, 3, 11, 3438140872, 1
3, 3, 16, 1, 150213713, 197522911, 3, 10, 3280081394, 1
3, 3, 16, 1, 150213713, 197522911, 3, 9, 3083143193, 1
3, 3, 16, 1, 150213713, 197522911, 3, 8, 2854029444, 1
3, 3, 16, 1, 150213713, 197522911, 3, 7, 2544824764, 1
3, 3, 16, 1, 150213713, 197522911, 3, 6, 2117074453, 1
3, 3, 16, 1, 150213713, 197522911, 3, 5, 1525779787, 1
3, 3, 16, 1, 150213713, 197522911, 3, 4, 954106053, 1
3, 3, 16, 1, 150213713, 197522911, 3, 3, 362912756, 1
3, 3, 16, 1, 150213713, 197522911, 3, 2, 79355853, 0
3, 3, 16, 1, 150213713, 197522911, 3, 1, 105837488, 0
3, 3, 16, 1, 150213713, 197522911, 3, 0, 150081794, 0
3, 3, 16, 1, 150213713, 197522911, 2, 18, 4302626608, 1
3, 3, 16, 1, 150213713, 197522911, 2, 17, 4221558756, 1
3, 3, 16, 1, 150213713, 197522911, 2, 16, 4140896917, 1
3, 3, 16, 1, 150213713, 197522911, 2, 15, 4041641758, 1
3, 3, 16, 1, 150213713, 197522911, 2, 14, 3949922331, 1
3, 3, 16, 1, 150213713, 197522911, 2, 13, 3813794884, 1
3, 3, 16, 1, 150213713, 197522911, 2, 12, 3656312319, 1
3, 3, 16, 1, 150213713, 197522911, 2, 11, 3510484575, 1
3, 3, 16, 1, 150213713, 197522911, 2, 10, 3343565799, 1
3, 3, 16, 1, 150213713, 197522911, 2, 9, 3133429539, 1
3, 3, 16, 1, 150213713, 197522911, 2, 8, 2892083428, 1
3, 3, 16, 1, 150213713, 197522911, 2, 7, 2599181095, 1
3, 3, 16, 1, 150213713, 197522911, 2, 6, 2195654127, 1
3, 3, 16, 1, 150213713, 197522911, 2, 5, 1619016939, 1
3, 3, 16, 1, 150213713, 197522911, 2, 4, 1006145538, 1
3, 3, 16, 1, 150213713, 197522911, 2, 3, 344317640, 1
3, 3, 16, 1, 150213713, 197522911, 2, 2, 52833626, 0
3, 3, 16, 1, 150213713, 197522911, 2, 1, 84533801, 0
3, 3, 16, 1, 150213713, 197522911, 2, 0, 145308516, 0
3, 3, 16, 1, 150213713, 197522911, 1, 18, 4481177465, 1
3, 3, 16, 1, 150213713, 197522911, 1, 17, 4407734718, 1
3, 3, 16, 1, 150213713, 197522911, 1, 16, 4342129120, 1
3, 3, 16, 1, 150213713, 197522911, 1, 15, 4253555168, 1
3, 3, 16, 1, 150213713, 197522911, 1, 14, 4154965112, 1
3, 3, 16, 1, 150213713, 197522911, 1, 13, 4031953036, 1
3, 3, 16, 1, 150213713, 197522911, 1, 12, 3892880863, 1
3, 3, 16, 1, 150213713, 197522911, 1, 11, 3735886089, 1
3, 3, 16, 1, 150213713, 197522911, 1, 10, 3558513903, 1
3, 3, 16, 1, 150213713, 197522911, 1, 9, 3330547870, 1
3, 3, 16, 1, 150213713, 197522911, 1, 8, 3075375793, 1
3, 3, 16, 1, 150213713, 197522911, 1, 7, 2782562443, 1
3, 3, 16, 1, 150213713, 197522911, 1, 6, 2451151473, 1
3, 3, 16, 1, 150213713, 197522911, 1, 5, 1852834580, 1
3, 3, 16, 1, 150213713, 197522911, 1, 4, 1193325312, 1
3, 3, 16, 1, 150213713, 197522911, 1, 3, 327275012, 1
3, 3, 16, 1, 150213713, 197522911, 1, 2, 26410395, 0
3, 3, 16, 1, 150213713, 197522911, 1, 1, 44017325, 0
3, 3, 16, 1, 150213713, 197522911, 1, 0, 132051973, 0
3, 3, 16, 1, 150213713, 197522911, 0, 18, 4483518285, 1
3, 3, 16, 1, 150213713, 197522911, 0, 17, 4409396206, 1
3, 3, 16, 1, 150213713, 197522911, 0, 16, 4322850916, 1
3, 3, 16, 1, 150213713, 197522911, 0, 15, 4227279657, 1
3, 3, 16, 1, 150213713, 197522911, 0, 14, 4124673710, 1
3, 3, 16, 1, 150213713, 197522911, 0, 13, 3988160602, 1
3, 3, 16, 1, 150213713, 197522911, 0, 12, 3843839185, 1
3, 3, 16, 1, 150213713, 197522911, 0, 11, 3675226175, 1
3, 3, 16, 1, 150213713, 197522911, 0, 10, 3471476778, 1
3, 3, 16, 1, 150213713, 197522911, 0, 9, 3224561923, 1
3, 3, 16, 1, 150213713, 197522911, 0, 8, 2989098216, 1
3, 3, 16, 1, 150213713, 197522911, 0, 7, 2698640539, 1
3, 3, 16, 1, 150213713, 197522911, 0, 6, 2325625003, 1
3, 3, 16, 1, 150213713, 197522911, 0, 5, 1658662934, 1
3, 3, 16, 1, 150213713, 197522911, 0, 4, 1090069867, 1
3, 3, 16, 1, 150213713, 197522911, 0, 3, 359812185, 1
3, 3, 16, 1, 150213713, 197522911, 0, 2, 1, 1
3, 3, 16, 1, 150213713, 197522911, 0, 1, 1, 1
3, 4, 16, 1, 197522912, 223615035, 3, 18, 3980326686, 1
3, 4, 16, 1, 197522912, 223615035, 3, 17, 3880584608, 1
3, 4, 16, 1, 197522912, 223615035, 3, 16, 3776361754, 1
3, 4, 16, 1, 197522912, 223615035, 3, 15, 3650952928, 1
3, 4, 16, 1, 197522912, 223615035, 3, 14, 3537059099, 1
3, 4, 16, 1, 197522912, 223615035, 3, 13, 3406606517, 1
3, 4, 16, 1, 197522912, 223615035, 3, 12, 3241736030, 1
3, 4, 16, 1, 197522912, 223615035, 3, 11, 3070545345, 1
3, 4, 16, 1, 197522912, 223615035, 3, 10, 2878735505, 1
3, 4, 16, 1, 197522912, 223615035, 3, 9, 2637145018, 1
3, 4, 16, 1, 197522912, 223615035, 3, 8, 2355389491, 1
3, 4, 16, 1, 197522912, 223615035, 3, 7, 1982460833, 1
3, 4, 16, 1, 197522912, 223615035, 3, 6, 1521360820, 1
3, 4, 16, 1, 197522912, 223615035, 3, 5, 1103115424, 1
3, 4, 16, 1, 197522912, 223615035, 3, 4, 719262877, 1
3, 4, 16, 1, 197522912, 223615035, 3, 3, 385918146, 1
3, 4, 16, 1, 197522912, 223615035, 3, 2, 135467499, 0
3, 4, 16, 1, 197522912, 223615035, 3, 1, 158276774, 0
3, 4, 16, 1, 197522912, 223615035, 3, 0, 194257129, 0
3, 4, 16, 1, 197522912, 223615035, 2, 18, 3996621404, 1
3, 4, 16, 1, 197522912, 223615035, 2, 17, 3897823475, 1
3, 4, 16, 1, 197522912, 223615035, 2, 16, 3796275805, 1
3, 4, 16, 1, 197522912, 223615035, 2, 15, 3672201968, 1
3, 4, 16, 1, 197522912, 223615035, 2, 14, 3571099807, 1
3, 4, 16, 1, 197522912, 223615035, 2, 13, 3432124745, 1
3, 4, 16, 1, 197522912, 223615035, 2, 12, 3273589039, 1
3, 4, 16, 1, 197522912, 223615035, 2, 11, 3089501444, 1
3, 4, 16, 1, 197522912, 223615035, 2, 10, 2883563543, 1
3, 4, 16, 1, 197522912, 223615035, 2, 9, 2623659855, 1
3, 4, 16, 1, 197522912, 223615035, 2, 8, 2321061523, 1
3, 4, 16, 1, 197522912, 223615035, 2, 7, 1954301438, 1
3, 4, 16, 1, 197522912, 223615035, 2, 6, 1507653460, 1
3, 4, 16, 1, 197522912, 223615035, 2, 5, 1080838450, 1
3, 4, 16, 1, 197522912, 223615035, 2, 4, 685357756, 1
3, 4, 16, 1, 197522912, 223615035, 2, 3, 375576671, 1
3, 4, 16, 1, 197522912, 223615035, 2, 2, 113421388, 0
3, 4, 16, 1, 197522912, 223615035, 2, 1, 142576676, 0
3, 4, 16, 1, 197522912, 223615035, 2, 0, 213961084, 0
3, 4, 16, 1, 197522912, 223615035, 1, 18, 4145147364, 1
3, 4, 16, 1, 197522912, 223615035, 1, 17, 4051746965, 1
3, 4, 16, 1, 197522912, 223615035, 1, 16, 3962206811, 1
3, 4, 16, 1, 197522912, 223615035, 1, 15, 3849430073, 1
3, 4, 16, 1, 197522912, 223615035, 1, 14, 3746786561, 1
3, 4, 16, 1, 197522912, 223615035, 1, 13, 3593893047, 1
3, 4, 16, 1, 197522912, 223615035, 1, 12, 3420158405, 1
3, 4, 16, 1, 197522912, 223615035, 1, 11, 3216921765, 1
3, 4, 16, 1, 197522912, 223615035, 1, 10, 2990579561, 1
3, 4, 16, 1, 197522912, 223615035, 1, 9, 2703334031, 1
3, 4, 16, 1, 197522912, 223615035, 1, 8, 2374934342, 1
3, 4, 16, 1, 197522912, 223615035, 1, 7, 1989366016, 1
3, 4, 16, 1, 197522912, 223615035, 1, 6, 1536660077, 1
3, 4, 16, 1, 197522912, 223615035, 1, 5, 1102185209, 1
3, 4, 16, 1, 197522912, 223615035, 1, 4, 696800807, 1
3, 4, 16, 1, 197522912, 223615035, 1, 3, 375537684, 1
3, 4, 16, 1, 197522912, 223615035, 1, 2, 95889787, 0
3, 4, 16, 1, 197522912, 223615035, 1, 1, 94987071, 0
3, 4, 16, 1, 197522912, 223615035, 1, 0, 187717349, 0
3, 4, 16, 1, 197522912, 223615035, 0, 18, 4228768540, 1
3, 4, 16, 1, 197522912, 223615035, 0, 17, 4137823727, 1
3, 4, 16, 1, 197522912, 223615035, 0, 16, 4034603853, 1
3, 4, 16, 1, 197522912, 223615035, 0, 15, 3920134732, 1
3, 4, 16, 1, 197522912, 223615035, 0, 14, 3844584207, 1
3, 4, 16, 1, 197522912, 223615035, 0, 13, 3686893377, 1
3, 4, 16, 1, 197522912, 223615035, 0, 12, 3517864619, 1
3, 4, 16, 1, 197522912, 223615035, 0, 11, 3308445092, 1
3, 4, 16, 1, 197522912, 223615035, 0, 10, 3068495500, 1
3, 4, 16, 1, 197522912, 223615035, 0, 9, 2777335962, 1
3, 4, 16, 1, 197522912, 223615035, 0, 8, 2486566400, 1
3, 4, 16, 1, 197522912, 223615035, 0, 7, 2125001197, 1
3, 4, 16, 1, 197522912, 223615035, 0, 6, 1657175626, 1
3, 4, 16, 1, 197522912, 223615035, 0, 5, 1203356382, 1
3, 4, 16, 1, 197522912, 223615035, 0, 4, 772591722, 1
3, 4, 16, 1, 197522912, 223615035, 0, 3, 423048383, 1
3, 4, 16, 1, 197522912, 223615035, 0, 2, 97243863, 1
3, 4, 16, 1, 197522912, 223615035, 0, 1, 97243863, 1
3, 5, 16, 1, 223615036, 258192122, 3, 18, 4033936055, 1
3, 5, 16, 1, 223615036, 258192122, 3, 17, 3936283194, 1
3, 5, 16, 1, 223615036, 258192122, 3, 16, 3835578929, 1
3, 5, 16, 1, 223615036, 258192122, 3, 15, 3712976020, 1
3, 5, 16, 1, 223615036, 258192122, 3, 14, 3598546621, 1
3, 5, 16, 1, 223615036, 258192122, 3, 13, 3472801333, 1
3, 5, 16, 1, 223615036, 258192122, 3, 12, 3312644946, 1
3, 5, 16, 1, 223615036, 258192122, 3, 11, 3144097448, 1
3, 5, 16, 1, 223615036, 258192122, 3, 10, 2953331166, 1
3, 5, 16, 1, 223615036, 258192122, 3, 9, 2719723597, 1
3, 5, 16, 1, 223615036, 258192122, 3, 8, 2440281753, 1
3, 5, 16, 1, 223615036, 258192122, 3, 7, 2078724712, 1
3, 5, 16, 1, 223615036, 258192122, 3, 6, 1632365685, 1
3, 5, 16, 1, 223615036, 258192122, 3, 5, 1233988573, 1
3, 5, 16, 1, 223615036, 258192122, 3, 4, 728780573, 1
3, 5, 16, 1, 223615036, 258192122, 3, 3, 388589330, 1
3, 5, 16, 1, 223615036, 258192122, 3, 2, 80756363, 0
3, 5, 16, 1, 223615036, 258192122, 3, 1, 105854041, 0
3, 5, 16, 1, 223615036, 258192122, 3, 0, 148764955, 0
3, 5, 16, 1, 223615036, 258192122, 2, 18, 4013260036, 1
3, 5, 16, 1, 223615036, 258192122, 2, 17, 3915392229, 1
3, 5, 16, 1, 223615036, 258192122, 2, 16, 3815092951, 1
3, 5, 16, 1, 223615036, 258192122, 2, 15, 3690890996, 1
3, 5, 16, 1, 223615036, 258192122, 2, 14, 3584632888, 1
3, 5, 16, 1, 223615036, 258192122, 2, 13, 3446884961, 1
3, 5, 16, 1, 223615036, 258192122, 2, 12, 3288788273, 1
3, 5, 16, 1, 223615036, 258192122, 2, 11, 3101356509, 1
3, 5, 16, 1, 223615036, 258192122, 2, 10, 2888637108, 1
3, 5, 16, 1, 223615036, 258192122, 2, 9, 2629593214, 1
3, 5, 16, 1, 223615036, 258192122, 2, 8, 2328053090, 1
3, 5, 16, 1, 223615036, 258192122, 2, 7, 1962627267, 1
3, 5, 16, 1, 223615036, 258192122, 2, 6, 1517713830, 1
3, 5, 16, 1, 223615036, 258192122, 2, 5, 1093245551, 1
3, 5, 16, 1, 223615036, 258192122, 2, 4, 708600299, 1
3, 5, 16, 1, 223615036, 258192122, 2, 3, 377037736, 1
3, 5, 16, 1, 223615036, 258192122, 2, 2, 55253141, 0
3, 5, 16, 1, 223615036, 258192122, 2, 1, 88405026, 0
3, 5, 16, 1, 223615036, 258192122, 2, 0, 147341710, 0
3, 5, 16, 1, 223615036, 258192122, 1, 18, 4149700436, 1
3, 5, 16, 1, 223615036, 258192122, 1, 17, 4056745229, 1
3, 5, 16, 1, 223615036, 258192122, 1, 16, 3967704228, 1
3, 5, 16, 1, 223615036, 258192122, 1, 15, 3853162461, 1
3, 5, 16, 1, 223615036, 258192122, 1, 14, 3750999650, 1
3, 5, 16, 1, 223615036, 258192122, 1, 13, 3598658052, 1
3, 5, 16, 1, 223615036, 258192122, 1, 12, 3424071181, 1
3, 5, 16, 1, 223615036, 258192122, 1, 11, 3213962548, 1
3, 5, 16, 1, 223615036, 258192122, 1, 10, 2987646873, 1
3, 5, 16, 1, 223615036, 258192122, 1, 9, 2700433457, 1
3, 5, 16, 1, 223615036, 258192122, 1, 8, 2372073439, 1
3, 5, 16, 1, 223615036, 258192122, 1, 7, 1986555362, 1
3, 5, 16, 1, 223615036, 258192122, 1, 6, 1533915134, 1
3, 5, 16, 1, 223615036, 258192122, 1, 5, 1099529872, 1
3, 5, 16, 1, 223615036, 258192122, 1, 4, 705915073, 1
3, 5, 16, 1, 223615036, 258192122, 1, 3, 373943098, 1
3, 5, 16, 1, 223615036, 258192122, 1, 2, 29468342, 0
3, 5, 16, 1, 223615036, 258192122, 1, 1, 49113904, 0
3, 5, 16, 1, 223615036, 258192122, 1, 0, 147341710, 0
3, 5, 16, 1, 223615036, 258192122, 0, 18, 4238099538, 1
3, 5, 16, 1, 223615036, 258192122, 0, 17, 4147894065, 1
3, 5, 16, 1, 223615036, 258192122, 0, 16, 4045505947, 1
3, 5, 16, 1, 223615036, 258192122, 0, 15, 3927167065, 1
3, 5, 16, 1, 223615036, 258192122, 0, 14, 3852350119, 1
3, 5, 16, 1, 223615036, 258192122, 0, 13, 3695505727, 1
3, 5, 16, 1, 223615036, 258192122, 0, 12, 3527464479, 1
3, 5, 16, 1, 223615036, 258192122, 0, 11, 3319212010, 1
3, 5, 16, 1, 223615036, 258192122, 0, 10, 3080662887, 1
3, 5, 16, 1, 223615036, 258192122, 0, 9, 2791215033, 1
3, 5, 16, 1, 223615036, 258192122, 0, 8, 2502585077, 1
3, 5, 16, 1, 223615036, 258192122, 0, 7, 2143770796, 1
3, 5, 16, 1, 223615036, 258192122, 0, 6, 1679613120, 1
3, 5, 16, 1, 223615036, 258192122, 0, 5, 1230928929, 1
3, 5, 16, 1, 223615036, 258192122, 0, 4, 807866850, 1
3, 5, 16, 1, 223615036, 258192122, 0, 3, 411709996, 1
3, 5, 16, 1, 223615036, 258192122, 0, 2, 1, 1
3, 5, 16, 1, 223615036, 258192122, 0, 1, 1, 1
3, 6, 16, 1, 258192123, 738672503, 3, 18, 3929854113, 1
3, 6, 16, 1, 258192123, 738672503, 3, 17, 3846555460, 1
3, 6, 16, 1, 258192123, 738672503, 3, 16, 3747130606, 1
3, 6, 16, 1, 258192123, 738672503, 3, 15, 3632890019, 1
3, 6, 16, 1, 258192123, 738672503, 3, 14, 3505724641, 1
3, 6, 16, 1, 258192123, 738672503, 3, 13, 3388125583, 1
3, 6, 16, 1, 258192123, 738672503, 3, 12, 3214150735, 1
3, 6, 16, 1, 258192123, 738672503, 3, 11, 3039123256, 1
3, 6, 16, 1, 258192123, 738672503, 3, 10, 2856126787, 1
3, 6, 16, 1, 258192123, 738672503, 3, 9, 2621478429, 1
3, 6, 16, 1, 258192123, 738672503, 3, 8, 2326152164, 1
3, 6, 16, 1, 258192123, 738672503, 3, 7, 1960063882, 1
3, 6, 16, 1, 258192123, 738672503, 3, 6, 1502909098, 1
3, 6, 16, 1, 258192123, 738672503, 3, 5, 1022219307, 1
3, 6, 16, 1, 258192123, 738672503, 3, 4, 638708905, 1
3, 6, 16, 1, 258192123, 738672503, 3, 3, 320366592, 1
3, 6, 16, 1, 258192123, 738672503, 3, 2, 67906402, 0
3, 6, 16, 1, 258192123, 738672503, 3, 1, 87907923, 0
3, 6, 16, 1, 258192123, 738672503, 3, 0, 133631035, 0
3, 6, 16, 1, 258192123, 738672503, 2, 18, 3906515599, 1
3, 6, 16, 1, 258192123, 738672503, 2, 17, 3831395789, 1
3, 6, 16, 1, 258192123, 738672503, 2, 16, 3730295454, 1
3, 6, 16, 1, 258192123, 738672503, 2, 15, 3613352686, 1
3, 6, 16, 1, 258192123, 738672503, 2, 14, 3491744758, 1
3, 6, 16, 1, 258192123, 738672503, 2, 13, 3371802614, 1
3, 6, 16, 1, 258192123, 738672503, 2, 12, 3202715490, 1
3, 6, 16, 1, 258192123, 738672503, 2, 11, 3014652333, 1
3, 6, 16, 1, 258192123, 738672503, 2, 10, 2824375875, 1
3, 6, 16, 1, 258192123, 738672503, 2, 9, 2575750773, 1
3, 6, 16, 1, 258192123, 738672503, 2, 8, 2260268343, 1
3, 6, 16, 1, 258192123, 738672503, 2, 7, 1895728917, 1
3, 6, 16, 1, 258192123, 738672503, 2, 6, 1445323197, 1
3, 6, 16, 1, 258192123, 738672503, 2, 5, 999830412, 1
3, 6, 16, 1, 258192123, 738672503, 2, 4, 603821411, 1
3, 6, 16, 1, 258192123, 738672503, 2, 3, 308179424, 1
3, 6, 16, 1, 258192123, 738672503, 2, 2, 43259664, 0
3, 6, 16, 1, 258192123, 738672503, 2, 1, 69215462, 0
3, 6, 16, 1, 258192123, 738672503, 2, 0, 107231180, 0
3, 6, 16, 1, 258192123, 738672503, 1, 18, 3969997623, 1
3, 6, 16, 1, 258192123, 738672503, 1, 17, 3885422410, 1
3, 6, 16, 1, 258192123, 738672503, 1, 16, 3799099459, 1
3, 6, 16, 1, 258192123, 738672503, 1, 15, 3701638064, 1
3, 6, 16, 1, 258192123, 738672503, 1, 14, 3576178518, 1
3, 6, 16, 1, 258192123, 738672503, 1, 13, 3461685879, 1
3, 6, 16, 1, 258192123, 738672503, 1, 12, 3282960163, 1
3, 6, 16, 1, 258192123, 738672503, 1, 11, 3077077934, 1
3, 6, 16, 1, 258192123, 738672503, 1, 10, 2882339723, 1
3, 6, 16, 1, 258192123, 738672503, 1, 9, 2617811374, 1
3, 6, 16, 1, 258192123, 738672503, 1, 8, 2276538714, 1
3, 6, 16, 1, 258192123, 738672503, 1, 7, 1934938657, 1
3, 6, 16, 1, 258192123, 738672503, 1, 6, 1476074893, 1
3, 6, 16, 1, 258192123, 738672503, 1, 5, 1022673544, 1
3, 6, 16, 1, 258192123, 738672503, 1, 4, 617957950, 1
3, 6, 16, 1, 258192123, 738672503, 1, 3, 308697027, 1
3, 6, 16, 1, 258192123, 738672503, 1, 2, 26322991, 0
3, 6, 16, 1, 258192123, 738672503, 1, 1, 43871651, 0
3, 6, 16, 1, 258192123, 738672503, 1, 0, 131614952, 0
3, 6, 16, 1, 258192123, 738672503, 0, 18, 4075711404, 1
3, 6, 16, 1, 258192123, 738672503, 0, 17, 4021573943, 1
3, 6, 16, 1, 258192123, 738672503, 0, 16, 3941062871, 1
3, 6, 16, 1, 258192123, 738672503, 0, 15, 3849816990, 1
3, 6, 16, 1, 258192123, 738672503, 0, 14, 3764110233, 1
3, 6, 16, 1, 258192123, 738672503, 0, 13, 3674125852, 1
3, 6, 16, 1, 258192123, 738672503, 0, 12, 3473489377, 1
3, 6, 16, 1, 258192123, 738672503, 0, 11, 3244582910, 1
3, 6, 16, 1, 258192123, 738672503, 0, 10, 3038066091, 1
3, 6, 16, 1, 258192123, 738672503, 0, 9, 2716347307, 1
3, 6, 16, 1, 258192123, 738672503, 0, 8, 2406633089, 1
3, 6, 16, 1, 258192123, 738672503, 0, 7, 2059217939, 1
3, 6, 16, 1, 258192123, 738672503, 0, 6, 1592388447, 1
3, 6, 16, 1, 258192123, 738672503, 0, 5, 1116909674, 1
3, 6, 16, 1, 258192123, 738672503, 0, 4, 688147688, 1
3, 6, 16, 1, 258192123, 738672503, 0, 3, 338210706, 1
3, 6, 16, 1, 258192123, 738672503, 0, 2, 1, 1
3, 6, 16, 1, 258192123, 738672503, 0, 1, 1, 1
3, 7, 16, 1, 738672504, 753357581, 3, 18, 3568836793, 1
3, 7, 16, 1, 738672504, 753357581, 3, 17, 3503655880, 1
3, 7, 16, 1, 738672504, 753357581, 3, 16, 3415946961, 1
3, 7, 16, 1, 738672504, 753357581, 3, 15, 3335044555, 1
3, 7, 16, 1, 738672504, 753357581, 3, 14, 3238478127, 1
3, 7, 16, 1, 738672504, 753357581, 3, 13, 3127865673, 1
3, 7, 16, 1, 738672504, 753357581, 3, 12, 2999902246, 1
3, 7, 16, 1, 738672504, 753357581, 3, 11, 2841379784, 1
3, 7, 16, 1, 738672504, 753357581, 3, 10, 2629137671, 1
3, 7, 16, 1, 738672504, 753357581, 3, 9, 2408932423, 1
3, 7, 16, 1, 738672504, 753357581, 3, 8, 2152827405, 1
3, 7, 16, 1, 738672504, 753357581, 3, 7, 1795187028, 1
3, 7, 16, 1, 738672504, 753357581, 3, 6, 1347293891, 1
3, 7, 16, 1, 738672504, 753357581, 3, 5, 913504341, 1
3, 7, 16, 1, 738672504, 753357581, 3, 4, 534690995, 1
3, 7, 16, 1, 738672504, 753357581, 3, 3, 235746096, 1
3, 7, 16, 1, 738672504, 753357581, 3, 2, 160628, 0
3, 7, 16, 1, 738672504, 753357581, 3, 1, 168277, 0
3, 7, 16, 1, 738672504, 753357581, 3, 0, 196323, 0
3, 7, 16, 1, 738672504, 753357581, 2, 18, 3563742373, 1
3, 7, 16, 1, 738672504, 753357581, 2, 17, 3496907998, 1
3, 7, 16, 1, 738672504, 753357581, 2, 16, 3402294916, 1
3, 7, 16, 1, 738672504, 753357581, 2, 15, 3316623337, 1
3, 7, 16, 1, 738672504, 753357581, 2, 14, 3216214599, 1
3, 7, 16, 1, 738672504, 753357581, 2, 13, 3101111900, 1
3, 7, 16, 1, 738672504, 753357581, 2, 12, 2967835091, 1
3, 7, 16, 1, 738672504, 753357581, 2, 11, 2802448233, 1
3, 7, 16, 1, 738672504, 753357581, 2, 10, 2606051338, 1
3, 7, 16, 1, 738672504, 753357581, 2, 9, 2393704372, 1
3, 7, 16, 1, 738672504, 753357581, 2, 8, 2134499970, 1
3, 7, 16, 1, 738672504, 753357581, 2, 7, 1785511498, 1
3, 7, 16, 1, 738672504, 753357581, 2, 6, 1345986640, 1
3, 7, 16, 1, 738672504, 753357581, 2, 5, 905753463, 1
3, 7, 16, 1, 738672504, 753357581, 2, 4, 517662112, 1
3, 7, 16, 1, 738672504, 753357581, 2, 3, 241090576, 1
3, 7, 16, 1, 738672504, 753357581, 2, 2, 147242, 0
3, 7, 16, 1, 738672504, 753357581, 2, 1, 235587, 0
3, 7, 16, 1, 738672504, 753357581, 2, 0, 294484, 0
3, 7, 16, 1, 738672504, 753357581, 1, 18, 3546817829, 1
3, 7, 16, 1, 738672504, 753357581, 1, 17, 3476244392, 1
3, 7, 16, 1, 738672504, 753357581, 1, 16, 3400654182, 1
3, 7, 16, 1, 738672504, 753357581, 1, 15, 3311544582, 1
3, 7, 16, 1, 738672504, 753357581, 1, 14, 3210144003, 1
3, 7, 16, 1, 738672504, 753357581, 1, 13, 3093721116, 1
3, 7, 16, 1, 738672504, 753357581, 1, 12, 2958670566, 1
3, 7, 16, 1, 738672504, 753357581, 1, 11, 2800132965, 1
3, 7, 16, 1, 738672504, 753357581, 1, 10, 2611397725, 1
3, 7, 16, 1, 738672504, 753357581, 1, 9, 2404054948, 1
3, 7, 16, 1, 738672504, 753357581, 1, 8, 2147925635, 1
3, 7, 16, 1, 738672504, 753357581, 1, 7, 1823495172, 1
3, 7, 16, 1, 738672504, 753357581, 1, 6, 1379581911, 1
3, 7, 16, 1, 738672504, 753357581, 1, 5, 932459290, 1
3, 7, 16, 1, 738672504, 753357581, 1, 4, 536812969, 1
3, 7, 16, 1, 738672504, 753357581, 1, 3, 252543034, 1
3, 7, 16, 1, 738672504, 753357581, 1, 2, 117794, 0
3, 7, 16, 1, 738672504, 753357581, 1, 1, 196323, 0
3, 7, 16, 1, 738672504, 753357581, 1, 0, 588968, 0
3, 7, 16, 1, 738672504, 753357581, 0, 18, 3642542593, 1
3, 7, 16, 1, 738672504, 753357581, 0, 17, 3575524335, 1
3, 7, 16, 1, 738672504, 753357581, 0, 16, 3507425060, 1
3, 7, 16, 1, 738672504, 753357581, 0, 15, 3422463199, 1
3, 7, 16, 1, 738672504, 753357581, 0, 14, 3325363929, 1
3, 7, 16, 1, 738672504, 753357581, 0, 13, 3213326309, 1
3, 7, 16, 1, 738672504, 753357581, 0, 12, 3082615753, 1
3, 7, 16, 1, 738672504, 753357581, 0, 11, 2928139641, 1
3, 7, 16, 1, 738672504, 753357581, 0, 10, 2742768307, 1
3, 7, 16, 1, 738672504, 753357581, 0, 9, 2538503218, 1
3, 7, 16, 1, 738672504, 753357581, 0, 8, 2283171857, 1
3, 7, 16, 1, 738672504, 753357581, 0, 7, 1954888678, 1
3, 7, 16, 1, 738672504, 753357581, 0, 6, 1492508639, 1
3, 7, 16, 1, 738672504, 753357581, 0, 5, 1023259102, 1
3, 7, 16, 1, 738672504, 753357581, 0, 4, 603840969, 1
3, 7, 16, 1, 738672504, 753357581, 0, 3, 294535378, 1
3, 7, 16, 1, 738672504, 753357581, 0, 2, 1, 1
3, 7, 16, 1, 738672504, 753357581, 0, 1, 1, 1
3, 8, 16, 1, 753357582, 943747156, 3, 18, 3763080451, 1
3, 8, 16, 1, 753357582, 943747156, 3, 17, 3698909627, 1
3, 8, 16, 1, 753357582, 943747156, 3, 16, 3631654424, 1
3, 8, 16, 1, 753357582, 943747156, 3, 15, 3555291759, 1
3, 8, 16, 1, 753357582, 943747156, 3, 14, 3463880631, 1
3, 8, 16, 1, 753357582, 943747156, 3, 13, 3342869547, 1
3, 8, 16, 1, 753357582, 943747156, 3, 12, 3208779999, 1
3, 8, 16, 1, 753357582, 943747156, 3, 11, 3019679039, 1
3, 8, 16, 1, 753357582, 943747156, 3, 10, 2808074533, 1
3, 8, 16, 1, 753357582, 943747156, 3, 9, 2583100402, 1
3, 8, 16, 1, 753357582, 943747156, 3, 8, 2294162379, 1
3, 8, 16, 1, 753357582, 943747156, 3, 7, 1931390601, 1
3, 8, 16, 1, 753357582, 943747156, 3, 6, 1480799131, 1
3, 8, 16, 1, 753357582, 943747156, 3, 5, 1038029285, 1
3, 8, 16, 1, 753357582, 943747156, 3, 4, 652398476, 1
3, 8, 16, 1, 753357582, 943747156, 3, 3, 339817172, 1
3, 8, 16, 1, 753357582, 943747156, 3, 2, 80677915, 0
3, 8, 16, 1, 753357582, 943747156, 3, 1, 102574872, 0
3, 8, 16, 1, 753357582, 943747156, 3, 0, 142641906, 0
3, 8, 16, 1, 753357582, 943747156, 2, 18, 3754136833, 1
3, 8, 16, 1, 753357582, 943747156, 2, 17, 3688045760, 1
3, 8, 16, 1, 753357582, 943747156, 2, 16, 3617214452, 1
3, 8, 16, 1, 753357582, 943747156, 2, 15, 3536580670, 1
3, 8, 16, 1, 753357582, 943747156, 2, 14, 3438656872, 1
3, 8, 16, 1, 753357582, 943747156, 2, 13, 3308121540, 1
3, 8, 16, 1, 753357582, 943747156, 2, 12, 3169694897, 1
3, 8, 16, 1, 753357582, 943747156, 2, 11, 2989446378, 1
3, 8, 16, 1, 753357582, 943747156, 2, 10, 2792001267, 1
3, 8, 16, 1, 753357582, 943747156, 2, 9, 2573618436, 1
3, 8, 16, 1, 753357582, 943747156, 2, 8, 2270673998, 1
3, 8, 16, 1, 753357582, 943747156, 2, 7, 1913805151, 1
3, 8, 16, 1, 753357582, 943747156, 2, 6, 1471083078, 1
3, 8, 16, 1, 753357582, 943747156, 2, 5, 1019294931, 1
3, 8, 16, 1, 753357582, 943747156, 2, 4, 622763354, 1
3, 8, 16, 1, 753357582, 943747156, 2, 3, 328807431, 1
3, 8, 16, 1, 753357582, 943747156, 2, 2, 57441419, 0
3, 8, 16, 1, 753357582, 943747156, 2, 1, 91906270, 0
3, 8, 16, 1, 753357582, 943747156, 2, 0, 145049192, 0
3, 8, 16, 1, 753357582, 943747156, 1, 18, 3719261088, 1
3, 8, 16, 1, 753357582, 943747156, 1, 17, 3648303880, 1
3, 8, 16, 1, 753357582, 943747156, 1, 16, 3572908548, 1
3, 8, 16, 1, 753357582, 943747156, 1, 15, 3482599530, 1
3, 8, 16, 1, 753357582, 943747156, 1, 14, 3379834097, 1
3, 8, 16, 1, 753357582, 943747156, 1, 13, 3263473883, 1
3, 8, 16, 1, 753357582, 943747156, 1, 12, 3126735928, 1
3, 8, 16, 1, 753357582, 943747156, 1, 11, 2966217459, 1
3, 8, 16, 1, 753357582, 943747156, 1, 10, 2773028678, 1
3, 8, 16, 1, 753357582, 943747156, 1, 9, 2553013060, 1
3, 8, 16, 1, 753357582, 943747156, 1, 8, 2284683182, 1
3, 8, 16, 1, 753357582, 943747156, 1, 7, 1948145184, 1
3, 8, 16, 1, 753357582, 943747156, 1, 6, 1499652338, 1
3, 8, 16, 1, 753357582, 943747156, 1, 5, 1037735269, 1
3, 8, 16, 1, 753357582, 943747156, 1, 4, 630615189, 1
3, 8, 16, 1, 753357582, 943747156, 1, 3, 324904746, 1
3, 8, 16, 1, 753357582, 943747156, 1, 2, 33886593, 0
3, 8, 16, 1, 753357582, 943747156, 1, 1, 56477655, 0
3, 8, 16, 1, 753357582, 943747156, 1, 0, 169432964, 0
3, 8, 16, 1, 753357582, 943747156, 0, 18, 3812078540, 1
3, 8, 16, 1, 753357582, 943747156, 0, 17, 3743887425, 1
3, 8, 16, 1, 753357582, 943747156, 0, 16, 3675758094, 1
3, 8, 16, 1, 753357582, 943747156, 0, 15, 3587828656, 1
3, 8, 16, 1, 753357582, 943747156, 0, 14, 3490480918, 1
3, 8, 16, 1, 753357582, 943747156, 0, 13, 3378156606, 1
3, 8, 16, 1, 753357582, 943747156, 0, 12, 3247111575, 1
3, 8, 16, 1, 753357582, 943747156, 0, 11, 3088239930, 1
3, 8, 16, 1, 753357582, 943747156, 0, 10, 2897593957, 1
3, 8, 16, 1, 753357582, 943747156, 0, 9, 2673144849, 1
3, 8, 16, 1, 753357582, 943747156, 0, 8, 2413538192, 1
3, 8, 16, 1, 753357582, 943747156, 0, 7, 2071369624, 1
3, 8, 16, 1, 753357582, 943747156, 0, 6, 1605071303, 1
3, 8, 16, 1, 753357582, 943747156, 0, 5, 1124565499, 1
3, 8, 16, 1, 753357582, 943747156, 0, 4, 688262967, 1
3, 8, 16, 1, 753357582, 943747156, 0, 3, 350816710, 1
3, 8, 16, 1, 753357582, 943747156, 0, 2, 1, 1
3, 8, 16, 1, 753357582, 943747156, 0, 1, 1, 1
3, 9, 16, 1, 943747157, 957265710, 3, 18, 3736265089, 1
3, 9, 16, 1, 943747157, 957265710, 3, 17, 3673329749, 1
3, 9, 16, 1, 943747157, 957265710, 3, 16, 3607457551, 1
3, 9, 16, 1, 943747157, 957265710, 3, 15, 3532157594, 1
3, 9, 16, 1, 943747157, 957265710, 3, 14, 3439988258, 1
3, 9, 16, 1, 943747157, 957265710, 3, 13, 3320784654, 1
3, 9, 16, 1, 943747157, 957265710, 3, 12, 3179274724, 1
3, 9, 16, 1, 943747157, 957265710, 3, 11, 2996433925, 1
3, 9, 16, 1, 943747157, 957265710, 3, 10, 2773953483, 1
3, 9, 16, 1, 943747157, 957265710, 3, 9, 2550299916, 1
3, 9, 16, 1, 943747157, 957265710, 3, 8, 2263184147, 1
3, 9, 16, 1, 943747157, 957265710, 3, 7, 1895677930, 1
3, 9, 16, 1, 943747157, 957265710, 3, 6, 1443495324, 1
3, 9, 16, 1, 943747157, 957265710, 3, 5, 999880860, 1
3, 9, 16, 1, 943747157, 957265710, 3, 4, 616480954, 1
3, 9, 16, 1, 943747157, 957265710, 3, 3, 307320366, 1
3, 9, 16, 1, 943747157, 957265710, 3, 2, 54089619, 0
3, 9, 16, 1, 943747157, 957265710, 3, 1, 67756865, 0
3, 9, 16, 1, 943747157, 957265710, 3, 0, 93896697, 0
3, 9, 16, 1, 943747157, 957265710, 2, 18, 3740232114, 1
3, 9, 16, 1, 943747157, 957265710, 2, 17, 3676113144, 1
3, 9, 16, 1, 943747157, 957265710, 2, 16, 3607490592, 1
3, 9, 16, 1, 943747157, 957265710, 2, 15, 3528682795, 1
3, 9, 16, 1, 943747157, 957265710, 2, 14, 3433544042, 1
3, 9, 16, 1, 943747157, 957265710, 2, 13, 3306201324, 1
3, 9, 16, 1, 943747157, 957265710, 2, 12, 3153909920, 1
3, 9, 16, 1, 943747157, 957265710, 2, 11, 2976486563, 1
3, 9, 16, 1, 943747157, 957265710, 2, 10, 2762907272, 1
3, 9, 16, 1, 943747157, 957265710, 2, 9, 2546316131, 1
3, 9, 16, 1, 943747157, 957265710, 2, 8, 2245845874, 1
3, 9, 16, 1, 943747157, 957265710, 2, 7, 1882625537, 1
3, 9, 16, 1, 943747157, 957265710, 2, 6, 1437783761, 1
3, 9, 16, 1, 943747157, 957265710, 2, 5, 984886549, 1
3, 9, 16, 1, 943747157, 957265710, 2, 4, 591427148, 1
3, 9, 16, 1, 943747157, 957265710, 2, 3, 302219135, 1
3, 9, 16, 1, 943747157, 957265710, 2, 2, 39161965, 0
3, 9, 16, 1, 943747157, 957265710, 2, 1, 62659144, 0
3, 9, 16, 1, 943747157, 957265710, 2, 0, 96303983, 0
3, 9, 16, 1, 943747157, 957265710, 1, 18, 3690124855, 1
3, 9, 16, 1, 943747157, 957265710, 1, 17, 3620288160, 1
3, 9, 16, 1, 943747157, 957265710, 1, 16, 3546149161, 1
3, 9, 16, 1, 943747157, 957265710, 1, 15, 3456250753, 1
3, 9, 16, 1, 943747157, 957265710, 1, 14, 3355029901, 1
3, 9, 16, 1, 943747157, 957265710, 1, 13, 3240443096, 1
3, 9, 16, 1, 943747157, 957265710, 1, 12, 3105762294, 1
3, 9, 16, 1, 943747157, 957265710, 1, 11, 2947658745, 1
3, 9, 16, 1, 943747157, 957265710, 1, 10, 2757344868, 1
3, 9, 16, 1, 943747157, 957265710, 1, 9, 2534430957, 1
3, 9, 16, 1, 943747157, 957265710, 1, 8, 2269649680, 1
3, 9, 16, 1, 943747157, 957265710, 1, 7, 1923084208, 1
3, 9, 16, 1, 943747157, 957265710, 1, 6, 1470920409, 1
3, 9, 16, 1, 943747157, 957265710, 1, 5, 1006715590, 1
3, 9, 16, 1, 943747157, 957265710, 1, 4, 603534517, 1
3, 9, 16, 1, 943747157, 957265710, 1, 3, 304013943, 1
3, 9, 16, 1, 943747157, 957265710, 1, 2, 24137551, 0
3, 9, 16, 1, 943747157, 957265710, 1, 1, 40229252, 0
3, 9, 16, 1, 943747157, 957265710, 1, 0, 120687755, 0
3, 9, 16, 1, 943747157, 957265710, 0, 18, 3780157925, 1
3, 9, 16, 1, 943747157, 957265710, 0, 17, 3712956493, 1
3, 9, 16, 1, 943747157, 957265710, 0, 16, 3645940554, 1
3, 9, 16, 1, 943747157, 957265710, 0, 15, 3557190112, 1
3, 9, 16, 1, 943747157, 957265710, 0, 14, 3461135708, 1
3, 9, 16, 1, 943747157, 957265710, 0, 13, 3350303703, 1
3, 9, 16, 1, 943747157, 957265710, 0, 12, 3220999698, 1
3, 9, 16, 1, 943747157, 957265710, 0, 11, 3064185629, 1
3, 9, 16, 1, 943747157, 957265710, 0, 10, 2876008746, 1
3, 9, 16, 1, 943747157, 957265710, 0, 9, 2654577415, 1
3, 9, 16, 1, 943747157, 957265710, 0, 8, 2398742980, 1
3, 9, 16, 1, 943747157, 957265710, 0, 7, 2045864731, 1
3, 9, 16, 1, 943747157, 957265710, 0, 6, 1583439797, 1
3, 9, 16, 1, 943747157, 957265710, 0, 5, 1095318374, 1
3, 9, 16, 1, 943747157, 957265710, 0, 4, 663890363, 1
3, 9, 16, 1, 943747157, 957265710, 0, 3, 334568307, 1
3, 9, 16, 1, 943747157, 957265710, 0, 2, 1, 1
3, 9, 16, 1, 943747157, 957265710, 0, 1, 1, 1
3, 10, 16, 1, 957265711, 987620457, 3, 18, 3734440402, 1
3, 10, 16, 1, 957265711, 987620457, 3, 17, 3671367152, 1
3, 10, 16, 1, 957265711, 987620457, 3, 16, 3605340576, 1
3, 10, 16, 1, 957265711, 987620457, 3, 15, 3529866638, 1
3, 10, 16, 1, 957265711, 987620457, 3, 14, 3437499731, 1
3, 10, 16, 1, 957265711, 987620457, 3, 13, 3318069817, 1
3, 10, 16, 1, 957265711, 987620457, 3, 12, 3176298079, 1
3, 10, 16, 1, 957265711, 987620457, 3, 11, 2993150907, 1
3, 10, 16, 1, 957265711, 987620457, 3, 10, 2770307095, 1
3, 10, 16, 1, 957265711, 987620457, 3, 9, 2546215618, 1
3, 10, 16, 1, 957265711, 987620457, 3, 8, 2263718340, 1
3, 10, 16, 1, 957265711, 987620457, 3, 7, 1896200635, 1
3, 10, 16, 1, 957265711, 987620457, 3, 6, 1444003137, 1
3, 10, 16, 1, 957265711, 987620457, 3, 5, 1000368602, 1
3, 10, 16, 1, 957265711, 987620457, 3, 4, 616940172, 1
3, 10, 16, 1, 957265711, 987620457, 3, 3, 307735850, 1
3, 10, 16, 1, 957265711, 987620457, 3, 2, 54429560, 0
3, 10, 16, 1, 957265711, 987620457, 3, 1, 68202026, 0
3, 10, 16, 1, 957265711, 987620457, 3, 0, 94519922, 0
3, 10, 16, 1, 957265711, 987620457, 2, 18, 3737576886, 1
3, 10, 16, 1, 957265711, 987620457, 2, 17, 3673272343, 1
3, 10, 16, 1, 957265711, 987620457, 2, 16, 3604441949, 1
3, 10, 16, 1, 957265711, 987620457, 2, 15, 3525399778, 1
3, 10, 16, 1, 957265711, 987620457, 2, 14, 3429994690, 1
3, 10, 16, 1, 957265711, 987620457, 2, 13, 3302346662, 1
3, 10, 16, 1, 957265711, 987620457, 2, 12, 3149701740, 1
3, 10, 16, 1, 957265711, 987620457, 2, 11, 2971864263, 1
3, 10, 16, 1, 957265711, 987620457, 2, 10, 2757793204, 1
3, 10, 16, 1, 957265711, 987620457, 2, 9, 2540608550, 1
3, 10, 16, 1, 957265711, 987620457, 2, 8, 2246349248, 1
3, 10, 16, 1, 957265711, 987620457, 2, 7, 1883113278, 1
3, 10, 16, 1, 957265711, 987620457, 2, 6, 1438251179, 1
3, 10, 16, 1, 957265711, 987620457, 2, 5, 985326472, 1
3, 10, 16, 1, 957265711, 987620457, 2, 4, 591827793, 1
3, 10, 16, 1, 957265711, 987620457, 2, 3, 302559076, 1
3, 10, 16, 1, 957265711, 987620457, 2, 2, 39395675, 0
3, 10, 16, 1, 957265711, 987620457, 2, 1, 63033079, 0
3, 10, 16, 1, 957265711, 987620457, 2, 0, 96927208, 0
3, 10, 16, 1, 957265711, 987620457, 1, 18, 3690680704, 1
3, 10, 16, 1, 957265711, 987620457, 1, 17, 3620840159, 1
3, 10, 16, 1, 957265711, 987620457, 1, 16, 3546696843, 1
3, 10, 16, 1, 957265711, 987620457, 1, 15, 3456793562, 1
3, 10, 16, 1, 957265711, 987620457, 1, 14, 3355567164, 1
3, 10, 16, 1, 957265711, 987620457, 1, 13, 3240973991, 1
3, 10, 16, 1, 957265711, 987620457, 1, 12, 3106285803, 1
3, 10, 16, 1, 957265711, 987620457, 1, 11, 2948173583, 1
3, 10, 16, 1, 957265711, 987620457, 1, 10, 2757849383, 1
3, 10, 16, 1, 957265711, 987620457, 1, 9, 2534922976, 1
3, 10, 16, 1, 957265711, 987620457, 1, 8, 2270126264, 1
3, 10, 16, 1, 957265711, 987620457, 1, 7, 1923541239, 1
3, 10, 16, 1, 957265711, 987620457, 1, 6, 1471351872, 1
3, 10, 16, 1, 957265711, 987620457, 1, 5, 1007112188, 1
3, 10, 16, 1, 957265711, 987620457, 1, 4, 603880754, 1
3, 10, 16, 1, 957265711, 987620457, 1, 3, 304281039, 1
3, 10, 16, 1, 957265711, 987620457, 1, 2, 24262196, 0
3, 10, 16, 1, 957265711, 987620457, 1, 1, 40436994, 0
3, 10, 16, 1, 957265711, 987620457, 1, 0, 121310980, 0
3, 10, 16, 1, 957265711, 987620457, 0, 18, 3780711903, 1
3, 10, 16, 1, 957265711, 987620457, 0, 17, 3713506397, 1
3, 10, 16, 1, 957265711, 987620457, 0, 16, 3646485876, 1
3, 10, 16, 1, 957265711, 987620457, 0, 15, 3557730240, 1
3, 10, 16, 1, 957265711, 987620457, 0, 14, 3461669901, 1
3, 10, 16, 1, 957265711, 987620457, 0, 13, 3350831047, 1
3, 10, 16, 1, 957265711, 987620457, 0, 12, 3221519052, 1
3, 10, 16, 1, 957265711, 987620457, 0, 11, 3064695540, 1
3, 10, 16, 1, 957265711, 987620457, 0, 10, 2876507326, 1
3, 10, 16, 1, 957265711, 987620457, 0, 9, 2655062146, 1
3, 10, 16, 1, 957265711, 987620457, 0, 8, 2399210399, 1
3, 10, 16, 1, 957265711, 987620457, 0, 7, 2046309892, 1
3, 10, 16, 1, 957265711, 987620457, 0, 6, 1583855280, 1
3, 10, 16, 1, 957265711, 987620457, 0, 5, 1095692309, 1
3, 10, 16, 1, 957265711, 987620457, 0, 4, 664201975, 1
3, 10, 16, 1, 957265711, 987620457, 0, 3, 334776049, 1
3, 10, 16, 1, 957265711, 987620457, 0, 2, 1, 1
3, 10, 16, 1, 957265711, 987620457, 0, 1, 1, 1
3, 11, 16, 1, 987620458, 1545534450, 3, 18, 3912283558, 1
3, 11, 16, 1, 987620458, 1545534450, 3, 17, 3846170597, 1
3, 11, 16, 1, 987620458, 1545534450, 3, 16, 3780708754, 1
3, 11, 16, 1, 987620458, 1545534450, 3, 15, 3689940651, 1
3, 11, 16, 1, 987620458, 1545534450, 3, 14, 3580384541, 1
3, 11, 16, 1, 987620458, 1545534450, 3, 13, 3462309427, 1
3, 11, 16, 1, 987620458, 1545534450, 3, 12, 3298305968, 1
3, 11, 16, 1, 987620458, 1545534450, 3, 11, 3121786156, 1
3, 11, 16, 1, 987620458, 1545534450, 3, 10, 2894138563, 1
3, 11, 16, 1, 987620458, 1545534450, 3, 9, 2644120580, 1
3, 11, 16, 1, 987620458, 1545534450, 3, 8, 2331483086, 1
3, 11, 16, 1, 987620458, 1545534450, 3, 7, 1918153287, 1
3, 11, 16, 1, 987620458, 1545534450, 3, 6, 1455661553, 1
3, 11, 16, 1, 987620458, 1545534450, 3, 5, 1015904146, 1
3, 11, 16, 1, 987620458, 1545534450, 3, 4, 631038434, 1
3, 11, 16, 1, 987620458, 1545534450, 3, 3, 320491420, 1
3, 11, 16, 1, 987620458, 1545534450, 3, 2, 64865936, 0
3, 11, 16, 1, 987620458, 1545534450, 3, 1, 81868708, 0
3, 11, 16, 1, 987620458, 1545534450, 3, 0, 113653277, 0
3, 11, 16, 1, 987620458, 1545534450, 2, 18, 3945582646, 1
3, 11, 16, 1, 987620458, 1545534450, 2, 17, 3877618429, 1
3, 11, 16, 1, 987620458, 1545534450, 2, 16, 3812949078, 1
3, 11, 16, 1, 987620458, 1545534450, 2, 15, 3717245349, 1
3, 11, 16, 1, 987620458, 1545534450, 2, 14, 3599801394, 1
3, 11, 16, 1, 987620458, 1545534450, 2, 13, 3472922346, 1
3, 11, 16, 1, 987620458, 1545534450, 2, 12, 3291597502, 1
3, 11, 16, 1, 987620458, 1545534450, 2, 11, 3127394714, 1
3, 11, 16, 1, 987620458, 1545534450, 2, 10, 2905968066, 1
3, 11, 16, 1, 987620458, 1545534450, 2, 9, 2652824732, 1
3, 11, 16, 1, 987620458, 1545534450, 2, 8, 2316613681, 1
3, 11, 16, 1, 987620458, 1545534450, 2, 7, 1889842613, 1
3, 11, 16, 1, 987620458, 1545534450, 2, 6, 1447293367, 1
3, 11, 16, 1, 987620458, 1545534450, 2, 5, 999592201, 1
3, 11, 16, 1, 987620458, 1545534450, 2, 4, 604127807, 1
3, 11, 16, 1, 987620458, 1545534450, 2, 3, 312995451, 1
3, 11, 16, 1, 987620458, 1545534450, 2, 2, 46570683, 0
3, 11, 16, 1, 987620458, 1545534450, 2, 1, 74513092, 0
3, 11, 16, 1, 987620458, 1545534450, 2, 0, 116060563, 0
3, 11, 16, 1, 987620458, 1545534450, 1, 18, 3988582253, 1
3, 11, 16, 1, 987620458, 1545534450, 1, 17, 3912940463, 1
3, 11, 16, 1, 987620458, 1545534450, 1, 16, 3844807690, 1
3, 11, 16, 1, 987620458, 1545534450, 1, 15, 3736968848, 1
3, 11, 16, 1, 987620458, 1545534450, 1, 14, 3628324384, 1
3, 11, 16, 1, 987620458, 1545534450, 1, 13, 3488473618, 1
3, 11, 16, 1, 987620458, 1545534450, 1, 12, 3312269964, 1
3, 11, 16, 1, 987620458, 1545534450, 1, 11, 3138353129, 1
3, 11, 16, 1, 987620458, 1545534450, 1, 10, 2931309277, 1
3, 11, 16, 1, 987620458, 1545534450, 1, 9, 2694141689, 1
3, 11, 16, 1, 987620458, 1545534450, 1, 8, 2366375366, 1
3, 11, 16, 1, 987620458, 1545534450, 1, 7, 1924930654, 1
3, 11, 16, 1, 987620458, 1545534450, 1, 6, 1476432152, 1
3, 11, 16, 1, 987620458, 1545534450, 1, 5, 1020462244, 1
3, 11, 16, 1, 987620458, 1545534450, 1, 4, 614510395, 1
3, 11, 16, 1, 987620458, 1545534450, 1, 3, 312481048, 1
3, 11, 16, 1, 987620458, 1545534450, 1, 2, 28088867, 0
3, 11, 16, 1, 987620458, 1545534450, 1, 1, 46814779, 0
3, 11, 16, 1, 987620458, 1545534450, 1, 0, 140444335, 0
3, 11, 16, 1, 987620458, 1545534450, 0, 18, 4064390571, 1
3, 11, 16, 1, 987620458, 1545534450, 0, 17, 4002983110, 1
3, 11, 16, 1, 987620458, 1545534450, 0, 16, 3931134923, 1
3, 11, 16, 1, 987620458, 1545534450, 0, 15, 3825456602, 1
3, 11, 16, 1, 987620458, 1545534450, 0, 14, 3733823687, 1
3, 11, 16, 1, 987620458, 1545534450, 0, 13, 3596709376, 1
3, 11, 16, 1, 987620458, 1545534450, 0, 12, 3436742679, 1
3, 11, 16, 1, 987620458, 1545534450, 0, 11, 3284781340, 1
3, 11, 16, 1, 987620458, 1545534450, 0, 10, 3061628501, 1
3, 11, 16, 1, 987620458, 1545534450, 0, 9, 2858626412, 1
3, 11, 16, 1, 987620458, 1545534450, 0, 8, 2530935284, 1
3, 11, 16, 1, 987620458, 1545534450, 0, 7, 2053316615, 1
3, 11, 16, 1, 987620458, 1545534450, 0, 6, 1588840897, 1
3, 11, 16, 1, 987620458, 1545534450, 0, 5, 1109755747, 1
3, 11, 16, 1, 987620458, 1545534450, 0, 4, 673768653, 1
3, 11, 16, 1, 987620458, 1545534450, 0, 3, 341153834, 1
3, 11, 16, 1, 987620458, 1545534450, 0, 2, 1, 1
3, 11, 16, 1, 987620458, 1545534450, 0, 1, 1, 1
3, 12, 16, 1, 1545534451, 1598001207, 3, 18, 4031033459, 1
3, 12, 16, 1, 1545534451, 1598001207, 3, 17, 3969153561, 1
3, 12, 16, 1, 1545534451, 1598001207, 3, 16, 3901828475, 1
3, 12, 16, 1, 1545534451, 1598001207, 3, 15, 3820944600, 1
3, 12, 16, 1, 1545534451, 1598001207, 3, 14, 3722612952, 1
3, 12, 16, 1, 1545534451, 1598001207, 3, 13, 3617394948, 1
3, 12, 16, 1, 1545534451, 1598001207, 3, 12, 3468265401, 1
3, 12, 16, 1, 1545534451, 1598001207, 3, 11, 3312481616, 1
3, 12, 16, 1, 1545534451, 1598001207, 3, 10, 3105787728, 1
3, 12, 16, 1, 1545534451, 1598001207, 3, 9, 2878354776, 1
3, 12, 16, 1, 1545534451, 1598001207, 3, 8, 2596436260, 1
3, 12, 16, 1, 1545534451, 1598001207, 3, 7, 2214650407, 1
3, 12, 16, 1, 1545534451, 1598001207, 3, 6, 1815654707, 1
3, 12, 16, 1, 1545534451, 1598001207, 3, 5, 1444514694, 1
3, 12, 16, 1, 1545534451, 1598001207, 3, 4, 739152481, 1
3, 12, 16, 1, 1545534451, 1598001207, 3, 3, 359430590, 1
3, 12, 16, 1, 1545534451, 1598001207, 3, 2, 90055432, 0
3, 12, 16, 1, 1545534451, 1598001207, 3, 1, 113924419, 0
3, 12, 16, 1, 1545534451, 1598001207, 3, 0, 161037947, 0
3, 12, 16, 1, 1545534451, 1598001207, 2, 18, 4043051775, 1
3, 12, 16, 1, 1545534451, 1598001207, 2, 17, 3976661113, 1
3, 12, 16, 1, 1545534451, 1598001207, 2, 16, 3904907804, 1
3, 12, 16, 1, 1545534451, 1598001207, 2, 15, 3817279538, 1
3, 12, 16, 1, 1545534451, 1598001207, 2, 14, 3709012246, 1
3, 12, 16, 1, 1545534451, 1598001207, 2, 13, 3592652786, 1
3, 12, 16, 1, 1545534451, 1598001207, 2, 12, 3423508519, 1
3, 12, 16, 1, 1545534451, 1598001207, 2, 11, 3278046636, 1
3, 12, 16, 1, 1545534451, 1598001207, 2, 10, 3073983312, 1
3, 12, 16, 1, 1545534451, 1598001207, 2, 9, 2838209235, 1
3, 12, 16, 1, 1545534451, 1598001207, 2, 8, 2527376033, 1
3, 12, 16, 1, 1545534451, 1598001207, 2, 7, 2132603124, 1
3, 12, 16, 1, 1545534451, 1598001207, 2, 6, 1720237021, 1
3, 12, 16, 1, 1545534451, 1598001207, 2, 5, 1326800651, 1
3, 12, 16, 1, 1545534451, 1598001207, 2, 4, 641286533, 1
3, 12, 16, 1, 1545534451, 1598001207, 2, 3, 346193885, 1
3, 12, 16, 1, 1545534451, 1598001207, 2, 2, 63436989, 0
3, 12, 16, 1, 1545534451, 1598001207, 2, 1, 101499182, 0
3, 12, 16, 1, 1545534451, 1598001207, 2, 0, 157178546, 0
3, 12, 16, 1, 1545534451, 1598001207, 1, 18, 4132508031, 1
3, 12, 16, 1, 1545534451, 1598001207, 1, 17, 4067065250, 1
3, 12, 16, 1, 1545534451, 1598001207, 1, 16, 3987489044, 1
3, 12, 16, 1, 1545534451, 1598001207, 1, 15, 3891084926, 1
3, 12, 16, 1, 1545534451, 1598001207, 1, 14, 3795452390, 1
3, 12, 16, 1, 1545534451, 1598001207, 1, 13, 3670541243, 1
3, 12, 16, 1, 1545534451, 1598001207, 1, 12, 3511667548, 1
3, 12, 16, 1, 1545534451, 1598001207, 1, 11, 3358094578, 1
3, 12, 16, 1, 1545534451, 1598001207, 1, 10, 3175269613, 1
3, 12, 16, 1, 1545534451, 1598001207, 1, 9, 2961945525, 1
3, 12, 16, 1, 1545534451, 1598001207, 1, 8, 2669751049, 1
3, 12, 16, 1, 1545534451, 1598001207, 1, 7, 2273364010, 1
3, 12, 16, 1, 1545534451, 1598001207, 1, 6, 1879593250, 1
3, 12, 16, 1, 1545534451, 1598001207, 1, 5, 1503208426, 1
3, 12, 16, 1, 1545534451, 1598001207, 1, 4, 648905465, 1
3, 12, 16, 1, 1545534451, 1598001207, 1, 3, 341937624, 1
3, 12, 16, 1, 1545534451, 1598001207, 1, 2, 38627764, 0
3, 12, 16, 1, 1545534451, 1598001207, 1, 1, 64379607, 0
3, 12, 16, 1, 1545534451, 1598001207, 1, 0, 193138820, 0
3, 12, 16, 1, 1545534451, 1598001207, 0, 18, 4177628292, 1
3, 12, 16, 1, 1545534451, 1598001207, 0, 17, 4124914630, 1
3, 12, 16, 1, 1545534451, 1598001207, 0, 16, 4062846966, 1
3, 12, 16, 1, 1545534451, 1598001207, 0, 15, 3968253239, 1
3, 12, 16, 1, 1545534451, 1598001207, 0, 14, 3889288432, 1
3, 12, 16, 1, 1545534451, 1598001207, 0, 13, 3766791167, 1
3, 12, 16, 1, 1545534451, 1598001207, 0, 12, 3623877692, 1
3, 12, 16, 1, 1545534451, 1598001207, 0, 11, 3492070160, 1
3, 12, 16, 1, 1545534451, 1598001207, 0, 10, 3293101889, 1
3, 12, 16, 1, 1545534451, 1598001207, 0, 9, 3108102284, 1
3, 12, 16, 1, 1545534451, 1598001207, 0, 8, 2815915248, 1
3, 12, 16, 1, 1545534451, 1598001207, 0, 7, 2383944696, 1
3, 12, 16, 1, 1545534451, 1598001207, 0, 6, 1971246505, 1
3, 12, 16, 1, 1545534451, 1598001207, 0, 5, 1575553849, 1
3, 12, 16, 1, 1545534451, 1598001207, 0, 4, 705876296, 1
3, 12, 16, 1, 1545534451, 1598001207, 0, 3, 366737425, 1
3, 12, 16, 1, 1545534451, 1598001207, 0, 2, 1, 1
3, 12, 16, 1, 1545534451, 1598001207, 0, 1, 1, 1
3, 13, 16, 1, 1598001208, 1640893314, 3, 18, 4069402533, 1
3, 13, 16, 1, 1598001208, 1640893314, 3, 17, 4009958625, 1
3, 13, 16, 1, 1598001208, 1640893314, 3, 16, 3945360393, 1
3, 13, 16, 1, 1598001208, 1640893314, 3, 15, 3867549639, 1
3, 13, 16, 1, 1598001208, 1640893314, 3, 14, 3772707807, 1
3, 13, 16, 1, 1598001208, 1640893314, 3, 13, 3671487228, 1
3, 13, 16, 1, 1598001208, 1640893314, 3, 12, 3526982154, 1
3, 13, 16, 1, 1598001208, 1640893314, 3, 11, 3376609986, 1
3, 13, 16, 1, 1598001208, 1640893314, 3, 10, 3176334526, 1
3, 13, 16, 1, 1598001208, 1640893314, 3, 9, 2956636604, 1
3, 13, 16, 1, 1598001208, 1640893314, 3, 8, 2684221124, 1
3, 13, 16, 1, 1598001208, 1640893314, 3, 7, 2314390704, 1
3, 13, 16, 1, 1598001208, 1640893314, 3, 6, 1930892788, 1
3, 13, 16, 1, 1598001208, 1640893314, 3, 5, 1580641092, 1
3, 13, 16, 1, 1598001208, 1640893314, 3, 4, 904962277, 1
3, 13, 16, 1, 1598001208, 1640893314, 3, 3, 444561932, 1
3, 13, 16, 1, 1598001208, 1640893314, 3, 2, 59846722, 0
3, 13, 16, 1, 1598001208, 1640893314, 3, 1, 79918365, 0
3, 13, 16, 1, 1598001208, 1640893314, 3, 0, 120552593, 0
3, 13, 16, 1, 1598001208, 1640893314, 2, 18, 4085811629, 1
3, 13, 16, 1, 1598001208, 1640893314, 2, 17, 4022116982, 1
3, 13, 16, 1, 1598001208, 1640893314, 2, 16, 3953383210, 1
3, 13, 16, 1, 1598001208, 1640893314, 2, 15, 3869159953, 1
3, 13, 16, 1, 1598001208, 1640893314, 2, 14, 3764761990, 1
3, 13, 16, 1, 1598001208, 1640893314, 2, 13, 3652838102, 1
3, 13, 16, 1, 1598001208, 1640893314, 2, 12, 3488829761, 1
3, 13, 16, 1, 1598001208, 1640893314, 2, 11, 3349384248, 1
3, 13, 16, 1, 1598001208, 1640893314, 2, 10, 3152465364, 1
3, 13, 16, 1, 1598001208, 1640893314, 2, 9, 2925313886, 1
3, 13, 16, 1, 1598001208, 1640893314, 2, 8, 2625093114, 1
3, 13, 16, 1, 1598001208, 1640893314, 2, 7, 2243701095, 1
3, 13, 16, 1, 1598001208, 1640893314, 2, 6, 1848730149, 1
3, 13, 16, 1, 1598001208, 1640893314, 2, 5, 1478828403, 1
3, 13, 16, 1, 1598001208, 1640893314, 2, 4, 826935176, 1
3, 13, 16, 1, 1598001208, 1640893314, 2, 3, 411720727, 1
3, 13, 16, 1, 1598001208, 1640893314, 2, 2, 37082020, 0
3, 13, 16, 1, 1598001208, 1640893314, 2, 1, 59331232, 0
3, 13, 16, 1, 1598001208, 1640893314, 2, 0, 98885386, 0
3, 13, 16, 1, 1598001208, 1640893314, 1, 18, 4185219117, 1
3, 13, 16, 1, 1598001208, 1640893314, 1, 17, 4123066669, 1
3, 13, 16, 1, 1598001208, 1640893314, 1, 16, 4047179625, 1
3, 13, 16, 1, 1598001208, 1640893314, 1, 15, 3954940689, 1
3, 13, 16, 1, 1598001208, 1640893314, 1, 14, 3864047842, 1
3, 13, 16, 1, 1598001208, 1640893314, 1, 13, 3744578562, 1
3, 13, 16, 1, 1598001208, 1640893314, 1, 12, 3592017432, 1
3, 13, 16, 1, 1598001208, 1640893314, 1, 11, 3445854864, 1
3, 13, 16, 1, 1598001208, 1640893314, 1, 10, 3271851807, 1
3, 13, 16, 1, 1598001208, 1640893314, 1, 9, 3069206869, 1
3, 13, 16, 1, 1598001208, 1640893314, 1, 8, 2790204286, 1
3, 13, 16, 1, 1598001208, 1640893314, 1, 7, 2410526978, 1
3, 13, 16, 1, 1598001208, 1640893314, 1, 6, 2038607404, 1
3, 13, 16, 1, 1598001208, 1640893314, 1, 5, 1692019652, 1
3, 13, 16, 1, 1598001208, 1640893314, 1, 4, 880756905, 1
3, 13, 16, 1, 1598001208, 1640893314, 1, 3, 444431452, 1
3, 13, 16, 1, 1598001208, 1640893314, 1, 2, 19777078, 0
3, 13, 16, 1, 1598001208, 1640893314, 1, 1, 32961796, 0
3, 13, 16, 1, 1598001208, 1640893314, 1, 0, 98885386, 0
3, 13, 16, 1, 1598001208, 1640893314, 0, 18, 4201381471, 1
3, 13, 16, 1, 1598001208, 1640893314, 0, 17, 4150351511, 1
3, 13, 16, 1, 1598001208, 1640893314, 0, 16, 4090178011, 1
3, 13, 16, 1, 1598001208, 1640893314, 0, 15, 3997731003, 1
3, 13, 16, 1, 1598001208, 1640893314, 0, 14, 3921219589, 1
3, 13, 16, 1, 1598001208, 1640893314, 0, 13, 3801553163, 1
3, 13, 16, 1, 1598001208, 1640893314, 0, 12, 3661942333, 1
3, 13, 16, 1, 1598001208, 1640893314, 0, 11, 3534037926, 1
3, 13, 16, 1, 1598001208, 1640893314, 0, 10, 3339753406, 1
3, 13, 16, 1, 1598001208, 1640893314, 0, 9, 3160478385, 1
3, 13, 16, 1, 1598001208, 1640893314, 0, 8, 2875447080, 1
3, 13, 16, 1, 1598001208, 1640893314, 0, 7, 2452676753, 1
3, 13, 16, 1, 1598001208, 1640893314, 0, 6, 2052245528, 1
3, 13, 16, 1, 1598001208, 1640893314, 0, 5, 1673726625, 1
3, 13, 16, 1, 1598001208, 1640893314, 0, 4, 829809701, 1
3, 13, 16, 1, 1598001208, 1640893314, 0, 3, 456473373, 1
3, 13, 16, 1, 1598001208, 1640893314, 0, 2, 1, 1
3, 13, 16, 1, 1598001208, 1640893314, 0, 1, 1, 1
3, 14, 16, 1, 1640893315, 1689994919, 3, 18, 3997851619, 1
3, 14, 16, 1, 1640893315, 1689994919, 3, 17, 3940992222, 1
3, 14, 16, 1, 1640893315, 1689994919, 3, 16, 3879287102, 1
3, 14, 16, 1, 1640893315, 1689994919, 3, 15, 3804736837, 1
3, 14, 16, 1, 1640893315, 1689994919, 3, 14, 3713597594, 1
3, 14, 16, 1, 1640893315, 1689994919, 3, 13, 3616618165, 1
3, 14, 16, 1, 1640893315, 1689994919, 3, 12, 3477019517, 1
3, 14, 16, 1, 1640893315, 1689994919, 3, 11, 3332388912, 1
3, 14, 16, 1, 1640893315, 1689994919, 3, 10, 3138923214, 1
3, 14, 16, 1, 1640893315, 1689994919, 3, 9, 2927431926, 1
3, 14, 16, 1, 1640893315, 1689994919, 3, 8, 2665098884, 1
3, 14, 16, 1, 1640893315, 1689994919, 3, 7, 2307952820, 1
3, 14, 16, 1, 1640893315, 1689994919, 3, 6, 1940897588, 1
3, 14, 16, 1, 1640893315, 1689994919, 3, 5, 1612807771, 1
3, 14, 16, 1, 1640893315, 1689994919, 3, 4, 890100044, 1
3, 14, 16, 1, 1640893315, 1689994919, 3, 3, 457050038, 1
3, 14, 16, 1, 1640893315, 1689994919, 3, 2, 119576322, 0
3, 14, 16, 1, 1640893315, 1689994919, 3, 1, 145596546, 0
3, 14, 16, 1, 1640893315, 1689994919, 3, 0, 177606138, 0
3, 14, 16, 1, 1640893315, 1689994919, 2, 18, 4020478359, 1
3, 14, 16, 1, 1640893315, 1689994919, 2, 17, 3959732357, 1
3, 14, 16, 1, 1640893315, 1689994919, 2, 16, 3894301067, 1
3, 14, 16, 1, 1640893315, 1689994919, 2, 15, 3813801887, 1
3, 14, 16, 1, 1640893315, 1689994919, 2, 14, 3713635829, 1
3, 14, 16, 1, 1640893315, 1689994919, 2, 13, 3606563149, 1
3, 14, 16, 1, 1640893315, 1689994919, 2, 12, 3448171996, 1
3, 14, 16, 1, 1640893315, 1689994919, 2, 11, 3315306618, 1
3, 14, 16, 1, 1640893315, 1689994919, 2, 10, 3126201643, 1
3, 14, 16, 1, 1640893315, 1689994919, 2, 9, 2908480746, 1
3, 14, 16, 1, 1640893315, 1689994919, 2, 8, 2619866844, 1
3, 14, 16, 1, 1640893315, 1689994919, 2, 7, 2253109573, 1
3, 14, 16, 1, 1640893315, 1689994919, 2, 6, 1877163798, 1
3, 14, 16, 1, 1640893315, 1689994919, 2, 5, 1533001992, 1
3, 14, 16, 1, 1640893315, 1689994919, 2, 4, 811314387, 1
3, 14, 16, 1, 1640893315, 1689994919, 2, 3, 423864996, 1
3, 14, 16, 1, 1640893315, 1689994919, 2, 2, 97815142, 0
3, 14, 16, 1, 1640893315, 1689994919, 2, 1, 156504227, 0
3, 14, 16, 1, 1640893315, 1689994919, 2, 0, 243178704, 0
3, 14, 16, 1, 1640893315, 1689994919, 1, 18, 4088993339, 1
3, 14, 16, 1, 1640893315, 1689994919, 1, 17, 4028052332, 1
3, 14, 16, 1, 1640893315, 1689994919, 1, 16, 3953523571, 1
3, 14, 16, 1, 1640893315, 1689994919, 1, 15, 3862818180, 1
3, 14, 16, 1, 1640893315, 1689994919, 1, 14, 3773670402, 1
3, 14, 16, 1, 1640893315, 1689994919, 1, 13, 3656204719, 1
3, 14, 16, 1, 1640893315, 1689994919, 1, 12, 3505967762, 1
3, 14, 16, 1, 1640893315, 1689994919, 1, 11, 3362533571, 1
3, 14, 16, 1, 1640893315, 1689994919, 1, 10, 3191778582, 1
3, 14, 16, 1, 1640893315, 1689994919, 1, 9, 2993065516, 1
3, 14, 16, 1, 1640893315, 1689994919, 1, 8, 2718919950, 1
3, 14, 16, 1, 1640893315, 1689994919, 1, 7, 2345394864, 1
3, 14, 16, 1, 1640893315, 1689994919, 1, 6, 1981520504, 1
3, 14, 16, 1, 1640893315, 1689994919, 1, 5, 1645903498, 1
3, 14, 16, 1, 1640893315, 1689994919, 1, 4, 850487385, 1
3, 14, 16, 1, 1640893315, 1689994919, 1, 3, 439063785, 1
3, 14, 16, 1, 1640893315, 1689994919, 1, 2, 59232745, 0
3, 14, 16, 1, 1640893315, 1689994919, 1, 1, 98721242, 0
3, 14, 16, 1, 1640893315, 1689994919, 1, 0, 296163724, 0
3, 14, 16, 1, 1640893315, 1689994919, 0, 18, 4097002801, 1
3, 14, 16, 1, 1640893315, 1689994919, 0, 17, 4046740331, 1
3, 14, 16, 1, 1640893315, 1689994919, 0, 16, 3987430258, 1
3, 14, 16, 1, 1640893315, 1689994919, 0, 15, 3895961800, 1
3, 14, 16, 1, 1640893315, 1689994919, 0, 14, 3820568729, 1
3, 14, 16, 1, 1640893315, 1689994919, 0, 13, 3702192698, 1
3, 14, 16, 1, 1640893315, 1689994919, 0, 12, 3564087329, 1
3, 14, 16, 1, 1640893315, 1689994919, 0, 11, 3437962105, 1
3, 14, 16, 1, 1640893315, 1689994919, 0, 10, 3245812603, 1
3, 14, 16, 1, 1640893315, 1689994919, 0, 9, 3069147049, 1
3, 14, 16, 1, 1640893315, 1689994919, 0, 8, 2787377577, 1
3, 14, 16, 1, 1640893315, 1689994919, 0, 7, 2368801036, 1
3, 14, 16, 1, 1640893315, 1689994919, 0, 6, 1973961525, 1
3, 14, 16, 1, 1640893315, 1689994919, 0, 5, 1603271023, 1
3, 14, 16, 1, 1640893315, 1689994919, 0, 4, 771096699, 1
3, 14, 16, 1, 1640893315, 1689994919, 0, 3, 417331372, 1
3, 14, 16, 1, 1640893315, 1689994919, 0, 2, 1, 1
3, 14, 16, 1, 1640893315, 1689994919, 0, 1, 1, 1
3, 15, 16, 1, 1689994920, 1710934715, 3, 18, 3375447110, 1
3, 15, 16, 1, 1689994920, 1710934715, 3, 17, 3316269684, 1
3, 15, 16, 1, 1689994920, 1710934715, 3, 16, 3237247666, 1
3, 15, 16, 1, 1689994920, 1710934715, 3, 15, 3150463497, 1
3, 15, 16, 1, 1689994920, 1710934715, 3, 14, 3056051836, 1
3, 15, 16, 1, 1689994920, 1710934715, 3, 13, 2952899357, 1
3, 15, 16, 1, 1689994920, 1710934715, 3, 12, 2821025587, 1
3, 15, 16, 1, 1689994920, 1710934715, 3, 11, 2668411925, 1
3, 15, 16, 1, 1689994920, 1710934715, 3, 10, 2488043323, 1
3, 15, 16, 1, 1689994920, 1710934715, 3, 9, 2271332150, 1
3, 15, 16, 1, 1689994920, 1710934715, 3, 8, 2019272112, 1
3, 15, 16, 1, 1689994920, 1710934715, 3, 7, 1690751354, 1
3, 15, 16, 1, 1689994920, 1710934715, 3, 6, 1305801685, 1
3, 15, 16, 1, 1689994920, 1710934715, 3, 5, 937809587, 1
3, 15, 16, 1, 1689994920, 1710934715, 3, 4, 599435868, 1
3, 15, 16, 1, 1689994920, 1710934715, 3, 3, 313872533, 1
3, 15, 16, 1, 1689994920, 1710934715, 3, 2, 90741138, 0
3, 15, 16, 1, 1689994920, 1710934715, 3, 1, 117699625, 0
3, 15, 16, 1, 1689994920, 1710934715, 3, 0, 158462363, 0
3, 15, 16, 1, 1689994920, 1710934715, 2, 18, 3394005756, 1
3, 15, 16, 1, 1689994920, 1710934715, 2, 17, 3327128488, 1
3, 15, 16, 1, 1689994920, 1710934715, 2, 16, 3248477067, 1
3, 15, 16, 1, 1689994920, 1710934715, 2, 15, 3161047943, 1
3, 15, 16, 1, 1689994920, 1710934715, 2, 14, 3062698171, 1
3, 15, 16, 1, 1689994920, 1710934715, 2, 13, 2961599873, 1
3, 15, 16, 1, 1689994920, 1710934715, 2, 12, 2829329358, 1
3, 15, 16, 1, 1689994920, 1710934715, 2, 11, 2676480806, 1
3, 15, 16, 1, 1689994920, 1710934715, 2, 10, 2495719258, 1
3, 15, 16, 1, 1689994920, 1710934715, 2, 9, 2276708951, 1
3, 15, 16, 1, 1689994920, 1710934715, 2, 8, 2006993270, 1
3, 15, 16, 1, 1689994920, 1710934715, 2, 7, 1673516962, 1
3, 15, 16, 1, 1689994920, 1710934715, 2, 6, 1289829472, 1
3, 15, 16, 1, 1689994920, 1710934715, 2, 5, 913607099, 1
3, 15, 16, 1, 1689994920, 1710934715, 2, 4, 564004746, 1
3, 15, 16, 1, 1689994920, 1710934715, 2, 3, 300474276, 1
3, 15, 16, 1, 1689994920, 1710934715, 2, 2, 65345679, 0
3, 15, 16, 1, 1689994920, 1710934715, 2, 1, 104553086, 0
3, 15, 16, 1, 1689994920, 1710934715, 2, 0, 174255144, 0
3, 15, 16, 1, 1689994920, 1710934715, 1, 18, 3432783042, 1
3, 15, 16, 1, 1689994920, 1710934715, 1, 17, 3368764247, 1
3, 15, 16, 1, 1689994920, 1710934715, 1, 16, 3289698289, 1
3, 15, 16, 1, 1689994920, 1710934715, 1, 15, 3204283236, 1
3, 15, 16, 1, 1689994920, 1710934715, 1, 14, 3106743056, 1
3, 15, 16, 1, 1689994920, 1710934715, 1, 13, 2992563072, 1
3, 15, 16, 1, 1689994920, 1710934715, 1, 12, 2860095861, 1
3, 15, 16, 1, 1689994920, 1710934715, 1, 11, 2706141009, 1
3, 15, 16, 1, 1689994920, 1710934715, 1, 10, 2525695638, 1
3, 15, 16, 1, 1689994920, 1710934715, 1, 9, 2310075770, 1
3, 15, 16, 1, 1689994920, 1710934715, 1, 8, 2039605612, 1
3, 15, 16, 1, 1689994920, 1710934715, 1, 7, 1700989393, 1
3, 15, 16, 1, 1689994920, 1710934715, 1, 6, 1309497781, 1
3, 15, 16, 1, 1689994920, 1710934715, 1, 5, 925450786, 1
3, 15, 16, 1, 1689994920, 1710934715, 1, 4, 565532128, 1
3, 15, 16, 1, 1689994920, 1710934715, 1, 3, 289888983, 1
3, 15, 16, 1, 1689994920, 1710934715, 1, 2, 34851029, 0
3, 15, 16, 1, 1689994920, 1710934715, 1, 1, 58085048, 0
3, 15, 16, 1, 1689994920, 1710934715, 1, 0, 174255144, 0
3, 15, 16, 1, 1689994920, 1710934715, 0, 18, 3498556888, 1
3, 15, 16, 1, 1689994920, 1710934715, 0, 17, 3439456564, 1
3, 15, 16, 1, 1689994920, 1710934715, 0, 16, 3362267345, 1
3, 15, 16, 1, 1689994920, 1710934715, 0, 15, 3280258999, 1
3, 15, 16, 1, 1689994920, 1710934715, 0, 14, 3185245479, 1
3, 15, 16, 1, 1689994920, 1710934715, 0, 13, 3074978502, 1
3, 15, 16, 1, 1689994920, 1710934715, 0, 12, 2947220209, 1
3, 15, 16, 1, 1689994920, 1710934715, 0, 11, 2791470444, 1
3, 15, 16, 1, 1689994920, 1710934715, 0, 10, 2605540382, 1
3, 15, 16, 1, 1689994920, 1710934715, 0, 9, 2384367623, 1
3, 15, 16, 1, 1689994920, 1710934715, 0, 8, 2111534512, 1
3, 15, 16, 1, 1689994920, 1710934715, 0, 7, 1755127876, 1
3, 15, 16, 1, 1689994920, 1710934715, 0, 6, 1404101334, 1
3, 15, 16, 1, 1689994920, 1710934715, 0, 5, 1000570351, 1
3, 15, 16, 1, 1689994920, 1710934715, 0, 4, 614441751, 1
3, 15, 16, 1, 1689994920, 1710934715, 0, 3, 309161290, 1
3, 15, 16, 1, 1689994920, 1710934715, 0, 2, 1, 1
3, 15, 16, 1, 1689994920, 1710934715, 0, 1, 1, 1
3, 16, 16, 1, 1710934716, 1753043203, 3, 18, 2487651003, 1
3, 16, 16, 1, 1710934716, 1753043203, 3, 17, 2447595384, 1
3, 16, 16, 1, 1710934716, 1753043203, 3, 16, 2389978374, 1
3, 16, 16, 1, 1710934716, 1753043203, 3, 15, 2327317309, 1
3, 16, 16, 1, 1710934716, 1753043203, 3, 14, 2260299681, 1
3, 16, 16, 1, 1710934716, 1753043203, 3, 13, 2188525823, 1
3, 16, 16, 1, 1710934716, 1753043203, 3, 12, 2092952810, 1
3, 16, 16, 1, 1710934716, 1753043203, 3, 11, 1982818757, 1
3, 16, 16, 1, 1710934716, 1753043203, 3, 10, 1852832947, 1
3, 16, 16, 1, 1710934716, 1753043203, 3, 9, 1696839498, 1
3, 16, 16, 1, 1710934716, 1753043203, 3, 8, 1519375521, 1
3, 16, 16, 1, 1710934716, 1753043203, 3, 7, 1284701420, 1
3, 16, 16, 1, 1710934716, 1753043203, 3, 6, 1021404825, 1
3, 16, 16, 1, 1710934716, 1753043203, 3, 5, 817379913, 1
3, 16, 16, 1, 1710934716, 1753043203, 3, 4, 646459502, 1
3, 16, 16, 1, 1710934716, 1753043203, 3, 3, 395381048, 1
3, 16, 16, 1, 1710934716, 1753043203, 3, 2, 1, 1
3, 16, 16, 1, 1710934716, 1753043203, 3, 1, 1, 1
3, 16, 16, 1, 1710934716, 1753043203, 3, 0, 1, 0
3, 16, 16, 1, 1710934716, 1753043203, 2, 18, 2539760741, 1
3, 16, 16, 1, 1710934716, 1753043203, 2, 17, 2493994595, 1
3, 16, 16, 1, 1710934716, 1753043203, 2, 16, 2438987631, 1
3, 16, 16, 1, 1710934716, 1753043203, 2, 15, 2378221407, 1
3, 16, 16, 1, 1710934716, 1753043203, 2, 14, 2310170383, 1
3, 16, 16, 1, 1710934716, 1753043203, 2, 13, 2243804798, 1
3, 16, 16, 1, 1710934716, 1753043203, 2, 12, 2151751107, 1
3, 16, 16, 1, 1710934716, 1753043203, 2, 11, 2046013691, 1
3, 16, 16, 1, 1710934716, 1753043203, 2, 10, 1921196619, 1
3, 16, 16, 1, 1710934716, 1753043203, 2, 9, 1769705507, 1
3, 16, 16, 1, 1710934716, 1753043203, 2, 8, 1583090372, 1
3, 16, 16, 1, 1710934716, 1753043203, 2, 7, 1354393015, 1
3, 16, 16, 1, 1710934716, 1753043203, 2, 6, 1106918160, 1
3, 16, 16, 1, 1710934716, 1753043203, 2, 5, 914983471, 1
3, 16, 16, 1, 1710934716, 1753043203, 2, 4, 739684864, 1
3, 16, 16, 1, 1710934716, 1753043203, 2, 3, 539155974, 1
3, 16, 16, 1, 1710934716, 1753043203, 2, 2, 1, 1
3, 16, 16, 1, 1710934716, 1753043203, 2, 1, 1, 1
3, 16, 16, 1, 1710934716, 1753043203, 2, 0, 1, 0
3, 16, 16, 1, 1710934716, 1753043203, 1, 18, 2619688180, 1
3, 16, 16, 1, 1710934716, 1753043203, 1, 17, 2579333005, 1
3, 16, 16, 1, 1710934716, 1753043203, 1, 16, 2526798982, 1
3, 16, 16, 1, 1710934716, 1753043203, 1, 15, 2471339341, 1
3, 16, 16, 1, 1710934716, 1753043203, 1, 14, 2407886352, 1
3, 16, 16, 1, 1710934716, 1753043203, 1, 13, 2332843515, 1
3, 16, 16, 1, 1710934716, 1753043203, 1, 12, 2245775395, 1
3, 16, 16, 1, 1710934716, 1753043203, 1, 11, 2145115127, 1
3, 16, 16, 1, 1710934716, 1753043203, 1, 10, 2028115689, 1
3, 16, 16, 1, 1710934716, 1753043203, 1, 9, 1889298793, 1
3, 16, 16, 1, 1710934716, 1753043203, 1, 8, 1713702895, 1
3, 16, 16, 1, 1710934716, 1753043203, 1, 7, 1495260738, 1
3, 16, 16, 1, 1710934716, 1753043203, 1, 6, 1260919823, 1
3, 16, 16, 1, 1710934716, 1753043203, 1, 5, 1091169234, 1
3, 16, 16, 1, 1710934716, 1753043203, 1, 4, 902400804, 1
3, 16, 16, 1, 1710934716, 1753043203, 1, 3, 571401400, 1
3, 16, 16, 1, 1710934716, 1753043203, 1, 2, 1, 1
3, 16, 16, 1, 1710934716, 1753043203, 1, 1, 1, 1
3, 16, 16, 1, 1710934716, 1753043203, 1, 0, 1, 0
3, 16, 16, 1, 1710934716, 1753043203, 0, 18, 2713029081, 1
3, 16, 16, 1, 1710934716, 1753043203, 0, 17, 2679909956, 1
3, 16, 16, 1, 1710934716, 1753043203, 0, 16, 2631949585, 1
3, 16, 16, 1, 1710934716, 1753043203, 0, 15, 2583067267, 1
3, 16, 16, 1, 1710934716, 1753043203, 0, 14, 2525912066, 1
3, 16, 16, 1, 1710934716, 1753043203, 0, 13, 2459327763, 1
3, 16, 16, 1, 1710934716, 1753043203, 0, 12, 2382532591, 1
3, 16, 16, 1, 1710934716, 1753043203, 0, 11, 2287011968, 1
3, 16, 16, 1, 1710934716, 1753043203, 0, 10, 2173356877, 1
3, 16, 16, 1, 1710934716, 1753043203, 0, 9, 2040520193, 1
3, 16, 16, 1, 1710934716, 1753043203, 0, 8, 1878107177, 1
3, 16, 16, 1, 1710934716, 1753043203, 0, 7, 1663669233, 1
3, 16, 16, 1, 1710934716, 1753043203, 0, 6, 1501934282, 1
3, 16, 16, 1, 1710934716, 1753043203, 0, 5, 1363411525, 1
3, 16, 16, 1, 1710934716, 1753043203, 0, 4, 1063419964, 1
3, 16, 16, 1, 1710934716, 1753043203, 0, 3, 686689764, 1
3, 16, 16, 1, 1710934716, 1753043203, 0, 2, 1, 1
3, 16, 16, 1, 1710934716, 1753043203, 0, 1, 1, 1
