1,1.0,99954924.0,2055536170.5513723
2,99954925.0,142409156.0,3028214178.555297
3,142409157.0,175753421.0,2796197020.7196617
4,175753422.0,205892397.0,3024268550.4483585
5,205892398.0,277459076.0,3151992838.5517955
6,277459077.0,302445562.0,3353592058.0969877
7,302445563.0,421128125.0,3187891805.4279494
8,421128126.0,452065015.0,3684355303.7039895
9,452065016.0,519973158.0,3309201686.2931247
10,519973159.0,561710149.0,3410905607.8716726
11,561710150.0,677471569.0,3229957128.990379
12,677471570.0,711567967.0,4014312955.2701287
13,711567968.0,736659379.0,3380841605.9360905
14,736659380.0,775850163.0,3451064900.717658
15,775850164.0,847491755.0,3289594054.0276585
16,847491756.0,922500232.0,3441169831.738026
17,922500233.0,937071689.0,4022793522.478
18,937071690.0,968903754.0,3298435073.13956
19,968903755.0,1030646270.0,3454134735.4499063
20,1030646271.0,1070748490.0,3725123849.0996137
21,1070748491.0,1100465283.0,3695269399.721438
22,1100465284.0,1141280119.0,3940195712.297797
23,1141280120.0,1167140546.0,3744744498.182377
24,1167140547.0,1205458446.0,3948409170.6493807
25,1205458447.0,1249716641.0,3755642692.409394
26,1249716642.0,1283674821.0,3659936532.476464
27,1283674822.0,1316413135.0,3867719620.5384173
28,1316413136.0,1338963619.0,3724569561.781817
29,1338963620.0,1381085577.0,3906120327.448463
30,1381085578.0,1544460766.0,3676290294.797839
31,1544460767.0,1603123392.0,3537969171.5227666
32,1603123393.0,1684469504.0,3746020618.8491383
33,1684469505.0,1737298122.0,3722231898.460134
34,1737298123.0,1788512482.0,3412650488.7606006
35,1788512483.0,1805465713.0,3701320335.806846
36,1805465714.0,1917668952.0,3922551807.6795397
37,1917668953.0,1930237474.0,3792145403.2964997
38,1930237475.0,1966743096.0,3530879991.445664
39,1966743097.0,2153105938.0,3740692909.056689
40,2153105939.0,2155189727.0,3316436690.5583377
41,2155189728.0,2196025834.0,3316436690.5583377
