1,1.0,99897005.0,2049890770.022544
2,99897006.0,141534952.0,3375647848.043426
3,141534953.0,176064199.0,3134039110.9718
4,176064200.0,206821483.0,3253218598.5389585
5,206821484.0,278103144.0,3151584158.3087325
6,278103145.0,312518691.0,3368446396.3485346
7,312518692.0,406065790.0,3177537089.4363375
8,406065791.0,424143345.0,3332847031.2997346
9,424143346.0,453450348.0,3953599328.5735817
10,453450349.0,521202070.0,3628995220.926084
11,521202071.0,562378963.0,3925976228.220136
12,562378964.0,666302908.0,3786841990.340441
13,666302909.0,708558010.0,4046858105.221326
14,708558011.0,735912223.0,3705527036.5904922
15,735912224.0,775877175.0,3892266769.5916142
16,775877176.0,850733698.0,3481538910.5552626
17,850733699.0,924405345.0,3819750936.5732226
18,924405346.0,935282407.0,4105286853.6209607
19,935282408.0,966010288.0,3250255760.8782654
20,966010289.0,1030978070.0,3134766682.5675907
21,1030978071.0,1063722564.0,3471496979.3101645
22,1063722565.0,1101086210.0,3177271859.66773
23,1101086211.0,1140905741.0,3642544697.2461057
24,1140905742.0,1217989532.0,3283603078.0554347
25,1217989533.0,1287115219.0,3176061760.8771873
26,1287115220.0,1305954132.0,3670030204.720896
27,1305954133.0,1335882571.0,3559956719.828113
28,1335882572.0,1381126365.0,3892761296.891696
29,1381126366.0,1545015243.0,3124262216.655031
30,1545015244.0,1599247755.0,3038207868.3064594
31,1599247756.0,1623689531.0,3342675261.2956448
32,1623689532.0,1680685880.0,3431661460.991203
33,1680685881.0,1728649863.0,3483483368.8974953
34,1728649864.0,1751375503.0,3620341294.4327774
35,1751375504.0,1788393187.0,3376503142.433839
36,1788393188.0,1804519249.0,3707023325.7374463
37,1804519250.0,1880061960.0,3937574542.3746343
38,1880061961.0,1917870164.0,4098553349.2946815
39,1917870165.0,1929963908.0,3814086262.0617824
40,1929963909.0,1966836245.0,3482161677.8907557
41,1966836246.0,2196025834.0,3702888010.53725
