0, 1, 16, 15, 1, 99897005, 3, 4, 5930923, 0
0, 1, 16, 15, 1, 99897005, 3, 3, 4321631, 0
0, 1, 16, 15, 1, 99897005, 3, 2, 4197111, 0
0, 1, 16, 15, 1, 99897005, 3, 1, 6595460, 0
0, 1, 16, 15, 1, 99897005, 3, 0, 9603473, 0
0, 1, 16, 15, 1, 99897005, 2, 4, 7841213, 0
0, 1, 16, 15, 1, 99897005, 2, 3, 5628536, 0
0, 1, 16, 15, 1, 99897005, 2, 2, 5407207, 0
0, 1, 16, 15, 1, 99897005, 2, 1, 8651532, 0
0, 1, 16, 15, 1, 99897005, 2, 0, 14405209, 0
0, 1, 16, 15, 1, 99897005, 1, 4, 8864307, 0
0, 1, 16, 15, 1, 99897005, 1, 3, 8844843, 0
0, 1, 16, 15, 1, 99897005, 1, 2, 8651532, 0
0, 1, 16, 15, 1, 99897005, 1, 1, 14419219, 0
0, 1, 16, 15, 1, 99897005, 1, 0, 28810417, 0
0, 1, 16, 15, 1, 99897005, 0, 4, 7760887, 1
0, 1, 16, 15, 1, 99897005, 0, 3, 4948976, 1
0, 1, 16, 15, 1, 99897005, 0, 2, 1, 1
0, 1, 16, 15, 1, 99897005, 0, 1, 1, 1
0, 2, 16, 15, 99897006, 141534952, 3, 4, 18289824, 0
0, 2, 16, 15, 99897006, 141534952, 3, 3, 23167111, 0
0, 2, 16, 15, 99897006, 141534952, 3, 2, 31591514, 1
0, 2, 16, 15, 99897006, 141534952, 3, 1, 39658650, 1
0, 2, 16, 15, 99897006, 141534952, 3, 0, 32294734, 0
0, 2, 16, 15, 99897006, 141534952, 2, 4, 9550636, 1
0, 2, 16, 15, 99897006, 141534952, 2, 3, 12155355, 1
0, 2, 16, 15, 99897006, 141534952, 2, 2, 16713612, 1
0, 2, 16, 15, 99897006, 141534952, 2, 1, 17616059, 1
0, 2, 16, 15, 99897006, 141534952, 2, 0, 10907212, 0
0, 2, 16, 15, 99897006, 141534952, 1, 4, 11492135, 1
0, 2, 16, 15, 99897006, 141534952, 1, 3, 14775602, 1
0, 2, 16, 15, 99897006, 141534952, 1, 2, 20685842, 1
0, 2, 16, 15, 99897006, 141534952, 1, 1, 22088625, 1
0, 2, 16, 15, 99897006, 141534952, 1, 0, 1, 0
0, 2, 16, 15, 99897006, 141534952, 0, 4, 19518242, 1
0, 2, 16, 15, 99897006, 141534952, 0, 3, 26024323, 1
0, 2, 16, 15, 99897006, 141534952, 0, 2, 39036484, 1
0, 2, 16, 15, 99897006, 141534952, 0, 1, 66265873, 1
0, 3, 16, 15, 141534953, 176064199, 3, 4, 1119533, 1
0, 3, 16, 15, 141534953, 176064199, 3, 3, 1418075, 1
0, 3, 16, 15, 141534953, 176064199, 3, 2, 1933738, 1
0, 3, 16, 15, 141534953, 176064199, 3, 1, 1119202, 1
0, 3, 16, 15, 141534953, 176064199, 3, 0, 520468, 0
0, 3, 16, 15, 141534953, 176064199, 2, 4, 1291048, 1
0, 3, 16, 15, 141534953, 176064199, 2, 3, 1643152, 1
0, 3, 16, 15, 141534953, 176064199, 2, 2, 2259333, 1
0, 3, 16, 15, 141534953, 176064199, 2, 1, 1254602, 1
0, 3, 16, 15, 141534953, 176064199, 2, 0, 1, 0
0, 3, 16, 15, 141534953, 176064199, 1, 4, 697001, 1
0, 3, 16, 15, 141534953, 176064199, 1, 3, 896144, 1
0, 3, 16, 15, 141534953, 176064199, 1, 2, 1254602, 1
0, 3, 16, 15, 141534953, 176064199, 1, 1, 2091003, 1
0, 3, 16, 15, 141534953, 176064199, 1, 0, 1, 0
0, 3, 16, 15, 141534953, 176064199, 0, 4, 1568252, 1
0, 3, 16, 15, 141534953, 176064199, 0, 3, 2091003, 1
0, 3, 16, 15, 141534953, 176064199, 0, 2, 3136504, 1
0, 3, 16, 15, 141534953, 176064199, 0, 1, 6273008, 1
0, 4, 16, 15, 176064200, 206821483, 3, 4, 36086406, 0
0, 4, 16, 15, 176064200, 206821483, 3, 3, 37078913, 0
0, 4, 16, 15, 176064200, 206821483, 3, 2, 34912567, 0
0, 4, 16, 15, 176064200, 206821483, 3, 1, 37943006, 0
0, 4, 16, 15, 176064200, 206821483, 3, 0, 37074632, 0
0, 4, 16, 15, 176064200, 206821483, 2, 4, 28409423, 1
0, 4, 16, 15, 176064200, 206821483, 2, 3, 29323452, 1
0, 4, 16, 15, 176064200, 206821483, 2, 2, 28028320, 1
0, 4, 16, 15, 176064200, 206821483, 2, 1, 30874833, 1
0, 4, 16, 15, 176064200, 206821483, 2, 0, 23915694, 0
0, 4, 16, 15, 176064200, 206821483, 1, 4, 30266512, 0
0, 4, 16, 15, 176064200, 206821483, 1, 3, 28174951, 0
0, 4, 16, 15, 176064200, 206821483, 1, 2, 26696694, 0
0, 4, 16, 15, 176064200, 206821483, 1, 1, 35464279, 0
0, 4, 16, 15, 176064200, 206821483, 1, 0, 47831388, 0
0, 4, 16, 15, 176064200, 206821483, 0, 4, 28134651, 1
0, 4, 16, 15, 176064200, 206821483, 0, 3, 26274625, 1
0, 4, 16, 15, 176064200, 206821483, 0, 2, 27397531, 1
0, 4, 16, 15, 176064200, 206821483, 0, 1, 27704429, 1
0, 5, 16, 15, 206821484, 278103144, 3, 4, 840014, 1
0, 5, 16, 15, 206821484, 278103144, 3, 3, 1064018, 1
0, 5, 16, 15, 206821484, 278103144, 3, 2, 1450933, 1
0, 5, 16, 15, 206821484, 278103144, 3, 1, 2280037, 1
0, 5, 16, 15, 206821484, 278103144, 3, 0, 1, 0
0, 5, 16, 15, 206821484, 278103144, 2, 4, 1, 1
0, 5, 16, 15, 206821484, 278103144, 2, 3, 1, 1
0, 5, 16, 15, 206821484, 278103144, 2, 2, 1, 1
0, 5, 16, 15, 206821484, 278103144, 2, 1, 1, 1
0, 5, 16, 15, 206821484, 278103144, 2, 0, 1, 0
0, 5, 16, 15, 206821484, 278103144, 1, 4, 1, 1
0, 5, 16, 15, 206821484, 278103144, 1, 3, 1, 1
0, 5, 16, 15, 206821484, 278103144, 1, 2, 1, 1
0, 5, 16, 15, 206821484, 278103144, 1, 1, 1, 1
0, 5, 16, 15, 206821484, 278103144, 1, 0, 1, 0
0, 5, 16, 15, 206821484, 278103144, 0, 4, 1, 1
0, 5, 16, 15, 206821484, 278103144, 0, 3, 1, 1
0, 5, 16, 15, 206821484, 278103144, 0, 2, 1, 1
0, 5, 16, 15, 206821484, 278103144, 0, 1, 1, 1
0, 6, 16, 15, 278103145, 312518691, 3, 4, 14042542, 0
0, 6, 16, 15, 278103145, 312518691, 3, 3, 14239311, 0
0, 6, 16, 15, 278103145, 312518691, 3, 2, 17698274, 0
0, 6, 16, 15, 278103145, 312518691, 3, 1, 22097057, 0
0, 6, 16, 15, 278103145, 312518691, 3, 0, 20764397, 0
0, 6, 16, 15, 278103145, 312518691, 2, 4, 7232614, 1
0, 6, 16, 15, 278103145, 312518691, 2, 3, 9205145, 1
0, 6, 16, 15, 278103145, 312518691, 2, 2, 12657074, 1
0, 6, 16, 15, 278103145, 312518691, 2, 1, 18477242, 1
0, 6, 16, 15, 278103145, 312518691, 2, 0, 1, 0
0, 6, 16, 15, 278103145, 312518691, 1, 4, 5123423, 1
0, 6, 16, 15, 278103145, 312518691, 1, 3, 6587258, 1
0, 6, 16, 15, 278103145, 312518691, 1, 2, 9222161, 1
0, 6, 16, 15, 278103145, 312518691, 1, 1, 14092594, 1
0, 6, 16, 15, 278103145, 312518691, 1, 0, 1, 0
0, 6, 16, 15, 278103145, 312518691, 0, 4, 791758, 1
0, 6, 16, 15, 278103145, 312518691, 0, 3, 1055677, 1
0, 6, 16, 15, 278103145, 312518691, 0, 2, 1583515, 1
0, 6, 16, 15, 278103145, 312518691, 0, 1, 1, 1
0, 7, 16, 15, 312518692, 406065790, 3, 4, 1, 1
0, 7, 16, 15, 312518692, 406065790, 3, 3, 1, 1
0, 7, 16, 15, 312518692, 406065790, 3, 2, 1, 1
0, 7, 16, 15, 312518692, 406065790, 3, 1, 1, 1
0, 7, 16, 15, 312518692, 406065790, 3, 0, 1, 0
0, 7, 16, 15, 312518692, 406065790, 2, 4, 1, 1
0, 7, 16, 15, 312518692, 406065790, 2, 3, 1, 1
0, 7, 16, 15, 312518692, 406065790, 2, 2, 1, 1
0, 7, 16, 15, 312518692, 406065790, 2, 1, 1, 1
0, 7, 16, 15, 312518692, 406065790, 2, 0, 1, 0
0, 7, 16, 15, 312518692, 406065790, 1, 4, 1, 1
0, 7, 16, 15, 312518692, 406065790, 1, 3, 1, 1
0, 7, 16, 15, 312518692, 406065790, 1, 2, 1, 1
0, 7, 16, 15, 312518692, 406065790, 1, 1, 1, 1
0, 7, 16, 15, 312518692, 406065790, 1, 0, 1, 0
0, 7, 16, 15, 312518692, 406065790, 0, 4, 1, 1
0, 7, 16, 15, 312518692, 406065790, 0, 3, 1, 1
0, 7, 16, 15, 312518692, 406065790, 0, 2, 1, 1
0, 7, 16, 15, 312518692, 406065790, 0, 1, 1, 1
0, 8, 16, 15, 406065791, 424143345, 3, 4, 4802886, 0
0, 8, 16, 15, 406065791, 424143345, 3, 3, 6083655, 0
0, 8, 16, 15, 406065791, 424143345, 3, 2, 8295893, 0
0, 8, 16, 15, 406065791, 424143345, 3, 1, 13036404, 0
0, 8, 16, 15, 406065791, 424143345, 3, 0, 15625291, 0
0, 8, 16, 15, 406065791, 424143345, 2, 4, 1486912, 0
0, 8, 16, 15, 406065791, 424143345, 2, 3, 1892433, 0
0, 8, 16, 15, 406065791, 424143345, 2, 2, 2602095, 0
0, 8, 16, 15, 406065791, 424143345, 2, 1, 4163352, 0
0, 8, 16, 15, 406065791, 424143345, 2, 0, 10408380, 0
0, 8, 16, 15, 406065791, 424143345, 1, 4, 2312974, 0
0, 8, 16, 15, 406065791, 424143345, 1, 3, 2973823, 0
0, 8, 16, 15, 406065791, 424143345, 1, 2, 4163352, 0
0, 8, 16, 15, 406065791, 424143345, 1, 1, 6938920, 0
0, 8, 16, 15, 406065791, 424143345, 1, 0, 20816760, 0
0, 8, 16, 15, 406065791, 424143345, 0, 4, 1, 1
0, 8, 16, 15, 406065791, 424143345, 0, 3, 1, 1
0, 8, 16, 15, 406065791, 424143345, 0, 2, 1, 1
0, 8, 16, 15, 406065791, 424143345, 0, 1, 1, 1
0, 9, 16, 15, 424143346, 453450348, 3, 4, 959833, 1
0, 9, 16, 15, 424143346, 453450348, 3, 3, 1215789, 1
0, 9, 16, 15, 424143346, 453450348, 3, 2, 1657893, 1
0, 9, 16, 15, 424143346, 453450348, 3, 1, 2605261, 1
0, 9, 16, 15, 424143346, 453450348, 3, 0, 1, 0
0, 9, 16, 15, 424143346, 453450348, 2, 4, 1, 1
0, 9, 16, 15, 424143346, 453450348, 2, 3, 1, 1
0, 9, 16, 15, 424143346, 453450348, 2, 2, 1, 1
0, 9, 16, 15, 424143346, 453450348, 2, 1, 1, 1
0, 9, 16, 15, 424143346, 453450348, 2, 0, 1, 0
0, 9, 16, 15, 424143346, 453450348, 1, 4, 1, 1
0, 9, 16, 15, 424143346, 453450348, 1, 3, 1, 1
0, 9, 16, 15, 424143346, 453450348, 1, 2, 1, 1
0, 9, 16, 15, 424143346, 453450348, 1, 1, 1, 1
0, 9, 16, 15, 424143346, 453450348, 1, 0, 1, 0
0, 9, 16, 15, 424143346, 453450348, 0, 4, 1, 1
0, 9, 16, 15, 424143346, 453450348, 0, 3, 1, 1
0, 9, 16, 15, 424143346, 453450348, 0, 2, 1, 1
0, 9, 16, 15, 424143346, 453450348, 0, 1, 1, 1
0, 10, 16, 15, 453450349, 521202070, 3, 4, 45096476, 0
0, 10, 16, 15, 453450349, 521202070, 3, 3, 57122203, 0
0, 10, 16, 15, 453450349, 521202070, 3, 2, 77893913, 0
0, 10, 16, 15, 453450349, 521202070, 3, 1, 80844584, 0
0, 10, 16, 15, 453450349, 521202070, 3, 0, 100610531, 0
0, 10, 16, 15, 453450349, 521202070, 2, 4, 37993308, 0
0, 10, 16, 15, 453450349, 521202070, 2, 3, 48355119, 0
0, 10, 16, 15, 453450349, 521202070, 2, 2, 66488289, 0
0, 10, 16, 15, 453450349, 521202070, 2, 1, 69623728, 0
0, 10, 16, 15, 453450349, 521202070, 2, 0, 100251098, 0
0, 10, 16, 15, 453450349, 521202070, 1, 4, 33951761, 0
0, 10, 16, 15, 453450349, 521202070, 1, 3, 43652264, 0
0, 10, 16, 15, 453450349, 521202070, 1, 2, 61113169, 0
0, 10, 16, 15, 453450349, 521202070, 1, 1, 60883413, 0
0, 10, 16, 15, 453450349, 521202070, 1, 0, 105033395, 0
0, 10, 16, 15, 453450349, 521202070, 0, 4, 21671104, 1
0, 10, 16, 15, 453450349, 521202070, 0, 3, 28894805, 1
0, 10, 16, 15, 453450349, 521202070, 0, 2, 43342207, 1
0, 10, 16, 15, 453450349, 521202070, 0, 1, 1, 1
0, 11, 16, 15, 521202071, 562378963, 3, 4, 8282244, 0
0, 11, 16, 15, 521202071, 562378963, 3, 3, 10490842, 0
0, 11, 16, 15, 521202071, 562378963, 3, 2, 14305694, 0
0, 11, 16, 15, 521202071, 562378963, 3, 1, 18113189, 0
0, 11, 16, 15, 521202071, 562378963, 3, 0, 30625066, 0
0, 11, 16, 15, 521202071, 562378963, 2, 4, 4027578, 0
0, 11, 16, 15, 521202071, 562378963, 2, 3, 5126008, 0
0, 11, 16, 15, 521202071, 562378963, 2, 2, 7048261, 0
0, 11, 16, 15, 521202071, 562378963, 2, 1, 8901374, 0
0, 11, 16, 15, 521202071, 562378963, 2, 0, 22253435, 0
0, 11, 16, 15, 521202071, 562378963, 1, 4, 2161380, 0
0, 11, 16, 15, 521202071, 562378963, 1, 3, 2778917, 0
0, 11, 16, 15, 521202071, 562378963, 1, 2, 3890483, 0
0, 11, 16, 15, 521202071, 562378963, 1, 1, 2524400, 0
0, 11, 16, 15, 521202071, 562378963, 1, 0, 7573199, 0
0, 11, 16, 15, 521202071, 562378963, 0, 4, 2969804, 1
0, 11, 16, 15, 521202071, 562378963, 0, 3, 3959739, 1
0, 11, 16, 15, 521202071, 562378963, 0, 2, 5939608, 1
0, 11, 16, 15, 521202071, 562378963, 0, 1, 1, 1
0, 12, 16, 15, 562378964, 666302908, 3, 4, 27562151, 1
0, 12, 16, 15, 562378964, 666302908, 3, 3, 27039958, 1
0, 12, 16, 15, 562378964, 666302908, 3, 2, 30003010, 1
0, 12, 16, 15, 562378964, 666302908, 3, 1, 42143088, 1
0, 12, 16, 15, 562378964, 666302908, 3, 0, 31820312, 0
0, 12, 16, 15, 562378964, 666302908, 2, 4, 23323910, 1
0, 12, 16, 15, 562378964, 666302908, 2, 3, 22778288, 1
0, 12, 16, 15, 562378964, 666302908, 2, 2, 29420876, 1
0, 12, 16, 15, 562378964, 666302908, 2, 1, 43914932, 1
0, 12, 16, 15, 562378964, 666302908, 2, 0, 10016992, 0
0, 12, 16, 15, 562378964, 666302908, 1, 4, 33097454, 1
0, 12, 16, 15, 562378964, 666302908, 1, 3, 31700501, 1
0, 12, 16, 15, 562378964, 666302908, 1, 2, 41341869, 1
0, 12, 16, 15, 562378964, 666302908, 1, 1, 68903114, 1
0, 12, 16, 15, 562378964, 666302908, 1, 0, 7168667, 0
0, 12, 16, 15, 562378964, 666302908, 0, 4, 44762807, 1
0, 12, 16, 15, 562378964, 666302908, 0, 3, 39559711, 1
0, 12, 16, 15, 562378964, 666302908, 0, 2, 59339566, 1
0, 12, 16, 15, 562378964, 666302908, 0, 1, 118679132, 1
0, 13, 16, 15, 666302909, 708558010, 3, 4, 7443511, 0
0, 13, 16, 15, 666302909, 708558010, 3, 3, 7373238, 0
0, 13, 16, 15, 666302909, 708558010, 3, 2, 9808035, 0
0, 13, 16, 15, 666302909, 708558010, 3, 1, 9429326, 0
0, 13, 16, 15, 666302909, 708558010, 3, 0, 6508305, 0
0, 13, 16, 15, 666302909, 708558010, 2, 4, 6452398, 0
0, 13, 16, 15, 666302909, 708558010, 2, 3, 6421395, 0
0, 13, 16, 15, 666302909, 708558010, 2, 2, 8490645, 0
0, 13, 16, 15, 666302909, 708558010, 2, 1, 7650187, 0
0, 13, 16, 15, 666302909, 708558010, 2, 0, 9762458, 0
0, 13, 16, 15, 666302909, 708558010, 1, 4, 7867628, 1
0, 13, 16, 15, 666302909, 708558010, 1, 3, 7301490, 1
0, 13, 16, 15, 666302909, 708558010, 1, 2, 9680049, 1
0, 13, 16, 15, 666302909, 708558010, 1, 1, 6242007, 1
0, 13, 16, 15, 666302909, 708558010, 1, 0, 1, 0
0, 13, 16, 15, 666302909, 708558010, 0, 4, 4924557, 1
0, 13, 16, 15, 666302909, 708558010, 0, 3, 1, 1
0, 13, 16, 15, 666302909, 708558010, 0, 2, 1, 1
0, 13, 16, 15, 666302909, 708558010, 0, 1, 1, 1
0, 14, 16, 15, 708558011, 735912223, 3, 4, 12720409, 0
0, 14, 16, 15, 708558011, 735912223, 3, 3, 15231068, 0
0, 14, 16, 15, 708558011, 735912223, 3, 2, 10642553, 0
0, 14, 16, 15, 708558011, 735912223, 3, 1, 11480036, 0
0, 14, 16, 15, 708558011, 735912223, 3, 0, 19667477, 0
0, 14, 16, 15, 708558011, 735912223, 2, 4, 6938740, 0
0, 14, 16, 15, 708558011, 735912223, 2, 3, 8831123, 0
0, 14, 16, 15, 708558011, 735912223, 2, 2, 4601274, 0
0, 14, 16, 15, 708558011, 735912223, 2, 1, 3013397, 0
0, 14, 16, 15, 708558011, 735912223, 2, 0, 7533492, 0
0, 14, 16, 15, 708558011, 735912223, 1, 4, 10793595, 0
0, 14, 16, 15, 708558011, 735912223, 1, 3, 13877479, 0
0, 14, 16, 15, 708558011, 735912223, 1, 2, 7362039, 0
0, 14, 16, 15, 708558011, 735912223, 1, 1, 5022328, 0
0, 14, 16, 15, 708558011, 735912223, 1, 0, 15066983, 0
0, 14, 16, 15, 708558011, 735912223, 0, 4, 3673075, 1
0, 14, 16, 15, 708558011, 735912223, 0, 3, 4897433, 1
0, 14, 16, 15, 708558011, 735912223, 0, 2, 4810966, 1
0, 14, 16, 15, 708558011, 735912223, 0, 1, 1, 1
0, 15, 16, 15, 735912224, 775877175, 3, 4, 2769227, 0
0, 15, 16, 15, 735912224, 775877175, 3, 3, 3507688, 0
0, 15, 16, 15, 735912224, 775877175, 3, 2, 3217404, 0
0, 15, 16, 15, 735912224, 775877175, 3, 1, 3752823, 0
0, 15, 16, 15, 735912224, 775877175, 3, 0, 5643786, 0
0, 15, 16, 15, 735912224, 775877175, 2, 4, 2548854, 1
0, 15, 16, 15, 735912224, 775877175, 2, 3, 3243996, 1
0, 15, 16, 15, 735912224, 775877175, 2, 2, 2307511, 1
0, 15, 16, 15, 735912224, 775877175, 2, 1, 1867681, 1
0, 15, 16, 15, 735912224, 775877175, 2, 0, 1, 0
0, 15, 16, 15, 735912224, 775877175, 1, 4, 2927284, 1
0, 15, 16, 15, 735912224, 775877175, 1, 3, 3763651, 1
0, 15, 16, 15, 735912224, 775877175, 1, 2, 1824337, 1
0, 15, 16, 15, 735912224, 775877175, 1, 1, 1, 1
0, 15, 16, 15, 735912224, 775877175, 1, 0, 1, 0
0, 15, 16, 15, 735912224, 775877175, 0, 4, 2280422, 1
0, 15, 16, 15, 735912224, 775877175, 0, 3, 3040562, 1
0, 15, 16, 15, 735912224, 775877175, 0, 2, 4560843, 1
0, 15, 16, 15, 735912224, 775877175, 0, 1, 1, 1
0, 16, 16, 15, 775877176, 850733698, 3, 4, 96582634, 0
0, 16, 16, 15, 775877176, 850733698, 3, 3, 99883407, 0
0, 16, 16, 15, 775877176, 850733698, 3, 2, 110906459, 0
0, 16, 16, 15, 775877176, 850733698, 3, 1, 118735948, 0
0, 16, 16, 15, 775877176, 850733698, 3, 0, 117183745, 0
0, 16, 16, 15, 775877176, 850733698, 2, 4, 76067169, 1
0, 16, 16, 15, 775877176, 850733698, 2, 3, 77827157, 1
0, 16, 16, 15, 775877176, 850733698, 2, 2, 88224494, 1
0, 16, 16, 15, 775877176, 850733698, 2, 1, 90987392, 1
0, 16, 16, 15, 775877176, 850733698, 2, 0, 74263764, 0
0, 16, 16, 15, 775877176, 850733698, 1, 4, 68860820, 1
0, 16, 16, 15, 775877176, 850733698, 1, 3, 70252869, 1
0, 16, 16, 15, 775877176, 850733698, 1, 2, 76838581, 1
0, 16, 16, 15, 775877176, 850733698, 1, 1, 71258149, 1
0, 16, 16, 15, 775877176, 850733698, 1, 0, 1, 0
0, 16, 16, 15, 775877176, 850733698, 0, 4, 89961786, 1
0, 16, 16, 15, 775877176, 850733698, 0, 3, 77289950, 1
0, 16, 16, 15, 775877176, 850733698, 0, 2, 115934924, 1
0, 16, 16, 15, 775877176, 850733698, 0, 1, 91241500, 1
0, 17, 16, 15, 850733699, 924405345, 3, 4, 19219805, 0
0, 17, 16, 15, 850733699, 924405345, 3, 3, 17704245, 0
0, 17, 16, 15, 850733699, 924405345, 3, 2, 18831703, 0
0, 17, 16, 15, 850733699, 924405345, 3, 1, 17717648, 0
0, 17, 16, 15, 850733699, 924405345, 3, 0, 14909299, 0
0, 17, 16, 15, 850733699, 924405345, 2, 4, 13252149, 0
0, 17, 16, 15, 850733699, 924405345, 2, 3, 13136480, 0
0, 17, 16, 15, 850733699, 924405345, 2, 2, 13125545, 0
0, 17, 16, 15, 850733699, 924405345, 2, 1, 14018459, 0
0, 17, 16, 15, 850733699, 924405345, 2, 0, 20020266, 0
0, 17, 16, 15, 850733699, 924405345, 1, 4, 11237614, 0
0, 17, 16, 15, 850733699, 924405345, 1, 3, 11024281, 0
0, 17, 16, 15, 850733699, 924405345, 1, 2, 9646377, 0
0, 17, 16, 15, 850733699, 924405345, 1, 1, 4439939, 0
0, 17, 16, 15, 850733699, 924405345, 1, 0, 10095120, 0
0, 17, 16, 15, 850733699, 924405345, 0, 4, 5992141, 1
0, 17, 16, 15, 850733699, 924405345, 0, 3, 1, 1
0, 17, 16, 15, 850733699, 924405345, 0, 2, 1, 1
0, 17, 16, 15, 850733699, 924405345, 0, 1, 1, 1
0, 18, 16, 15, 924405346, 935282407, 3, 4, 392006, 1
0, 18, 16, 15, 924405346, 935282407, 3, 3, 1, 1
0, 18, 16, 15, 924405346, 935282407, 3, 2, 1, 1
0, 18, 16, 15, 924405346, 935282407, 3, 1, 1, 1
0, 18, 16, 15, 924405346, 935282407, 3, 0, 1, 0
0, 18, 16, 15, 924405346, 935282407, 2, 4, 1, 1
0, 18, 16, 15, 924405346, 935282407, 2, 3, 1, 1
0, 18, 16, 15, 924405346, 935282407, 2, 2, 1, 1
0, 18, 16, 15, 924405346, 935282407, 2, 1, 1, 1
0, 18, 16, 15, 924405346, 935282407, 2, 0, 1, 0
0, 18, 16, 15, 924405346, 935282407, 1, 4, 1, 1
0, 18, 16, 15, 924405346, 935282407, 1, 3, 1, 1
0, 18, 16, 15, 924405346, 935282407, 1, 2, 1, 1
0, 18, 16, 15, 924405346, 935282407, 1, 1, 1, 1
0, 18, 16, 15, 924405346, 935282407, 1, 0, 1, 0
0, 18, 16, 15, 924405346, 935282407, 0, 4, 1, 1
0, 18, 16, 15, 924405346, 935282407, 0, 3, 1, 1
0, 18, 16, 15, 924405346, 935282407, 0, 2, 1, 1
0, 18, 16, 15, 924405346, 935282407, 0, 1, 1, 1
0, 19, 16, 15, 935282408, 966010288, 3, 4, 185237200, 1
0, 19, 16, 15, 935282408, 966010288, 3, 3, 120429709, 1
0, 19, 16, 15, 935282408, 966010288, 3, 2, 1, 1
0, 19, 16, 15, 935282408, 966010288, 3, 1, 1, 1
0, 19, 16, 15, 935282408, 966010288, 3, 0, 1, 0
0, 19, 16, 15, 935282408, 966010288, 2, 4, 161620269, 1
0, 19, 16, 15, 935282408, 966010288, 2, 3, 109617171, 1
0, 19, 16, 15, 935282408, 966010288, 2, 2, 1, 1
0, 19, 16, 15, 935282408, 966010288, 2, 1, 1, 1
0, 19, 16, 15, 935282408, 966010288, 2, 0, 1, 0
0, 19, 16, 15, 935282408, 966010288, 1, 4, 135712650, 1
0, 19, 16, 15, 935282408, 966010288, 1, 3, 93658586, 1
0, 19, 16, 15, 935282408, 966010288, 1, 2, 1, 1
0, 19, 16, 15, 935282408, 966010288, 1, 1, 1, 1
0, 19, 16, 15, 935282408, 966010288, 1, 0, 1, 0
0, 19, 16, 15, 935282408, 966010288, 0, 4, 168248102, 1
0, 19, 16, 15, 935282408, 966010288, 0, 3, 40836093, 1
0, 19, 16, 15, 935282408, 966010288, 0, 2, 1, 1
0, 19, 16, 15, 935282408, 966010288, 0, 1, 1, 1
0, 20, 16, 15, 966010289, 1030978070, 3, 4, 149835297, 1
0, 20, 16, 15, 966010289, 1030978070, 3, 3, 95119838, 1
0, 20, 16, 15, 966010289, 1030978070, 3, 2, 1, 1
0, 20, 16, 15, 966010289, 1030978070, 3, 1, 1, 1
0, 20, 16, 15, 966010289, 1030978070, 3, 0, 1, 0
0, 20, 16, 15, 966010289, 1030978070, 2, 4, 133448936, 1
0, 20, 16, 15, 966010289, 1030978070, 2, 3, 83455861, 1
0, 20, 16, 15, 966010289, 1030978070, 2, 2, 1, 1
0, 20, 16, 15, 966010289, 1030978070, 2, 1, 1, 1
0, 20, 16, 15, 966010289, 1030978070, 2, 0, 1, 0
0, 20, 16, 15, 966010289, 1030978070, 1, 4, 104630338, 1
0, 20, 16, 15, 966010289, 1030978070, 1, 3, 64630328, 1
0, 20, 16, 15, 966010289, 1030978070, 1, 2, 1, 1
0, 20, 16, 15, 966010289, 1030978070, 1, 1, 1, 1
0, 20, 16, 15, 966010289, 1030978070, 1, 0, 1, 0
0, 20, 16, 15, 966010289, 1030978070, 0, 4, 122315186, 1
0, 20, 16, 15, 966010289, 1030978070, 0, 3, 1, 1
0, 20, 16, 15, 966010289, 1030978070, 0, 2, 1, 1
0, 20, 16, 15, 966010289, 1030978070, 0, 1, 1, 1
0, 21, 16, 15, 1030978071, 1063722564, 3, 4, 124132546, 1
0, 21, 16, 15, 1030978071, 1063722564, 3, 3, 88908639, 1
0, 21, 16, 15, 1030978071, 1063722564, 3, 2, 1, 1
0, 21, 16, 15, 1030978071, 1063722564, 3, 1, 1, 1
0, 21, 16, 15, 1030978071, 1063722564, 3, 0, 1, 0
0, 21, 16, 15, 1030978071, 1063722564, 2, 4, 114403030, 1
0, 21, 16, 15, 1030978071, 1063722564, 2, 3, 87011564, 1
0, 21, 16, 15, 1030978071, 1063722564, 2, 2, 1, 1
0, 21, 16, 15, 1030978071, 1063722564, 2, 1, 1, 1
0, 21, 16, 15, 1030978071, 1063722564, 2, 0, 1, 0
0, 21, 16, 15, 1030978071, 1063722564, 1, 4, 107278171, 1
0, 21, 16, 15, 1030978071, 1063722564, 1, 3, 87598315, 1
0, 21, 16, 15, 1030978071, 1063722564, 1, 2, 1, 1
0, 21, 16, 15, 1030978071, 1063722564, 1, 1, 1, 1
0, 21, 16, 15, 1030978071, 1063722564, 1, 0, 1, 0
0, 21, 16, 15, 1030978071, 1063722564, 0, 4, 183469998, 1
0, 21, 16, 15, 1030978071, 1063722564, 0, 3, 127188219, 1
0, 21, 16, 15, 1030978071, 1063722564, 0, 2, 1, 1
0, 21, 16, 15, 1030978071, 1063722564, 0, 1, 1, 1
0, 22, 16, 15, 1063722565, 1101086210, 3, 4, 179274262, 1
0, 22, 16, 15, 1063722565, 1101086210, 3, 3, 115318992, 1
0, 22, 16, 15, 1063722565, 1101086210, 3, 2, 1, 1
0, 22, 16, 15, 1063722565, 1101086210, 3, 1, 1, 1
0, 22, 16, 15, 1063722565, 1101086210, 3, 0, 1, 0
0, 22, 16, 15, 1063722565, 1101086210, 2, 4, 166627782, 1
0, 22, 16, 15, 1063722565, 1101086210, 2, 3, 108497981, 1
0, 22, 16, 15, 1063722565, 1101086210, 2, 2, 1, 1
0, 22, 16, 15, 1063722565, 1101086210, 2, 1, 1, 1
0, 22, 16, 15, 1063722565, 1101086210, 2, 0, 1, 0
0, 22, 16, 15, 1063722565, 1101086210, 1, 4, 145669062, 1
0, 22, 16, 15, 1063722565, 1101086210, 1, 3, 98765759, 1
0, 22, 16, 15, 1063722565, 1101086210, 1, 2, 1, 1
0, 22, 16, 15, 1063722565, 1101086210, 1, 1, 1, 1
0, 22, 16, 15, 1063722565, 1101086210, 1, 0, 1, 0
0, 22, 16, 15, 1063722565, 1101086210, 0, 4, 179131009, 1
0, 22, 16, 15, 1063722565, 1101086210, 0, 3, 55170549, 1
0, 22, 16, 15, 1063722565, 1101086210, 0, 2, 1, 1
0, 22, 16, 15, 1063722565, 1101086210, 0, 1, 1, 1
0, 23, 16, 15, 1101086211, 1140905741, 3, 4, 133927682, 1
0, 23, 16, 15, 1101086211, 1140905741, 3, 3, 81164792, 1
0, 23, 16, 15, 1101086211, 1140905741, 3, 2, 1, 1
0, 23, 16, 15, 1101086211, 1140905741, 3, 1, 1, 1
0, 23, 16, 15, 1101086211, 1140905741, 3, 0, 1, 0
0, 23, 16, 15, 1101086211, 1140905741, 2, 4, 143086672, 1
0, 23, 16, 15, 1101086211, 1140905741, 2, 3, 95080763, 1
0, 23, 16, 15, 1101086211, 1140905741, 2, 2, 1, 1
0, 23, 16, 15, 1101086211, 1140905741, 2, 1, 1, 1
0, 23, 16, 15, 1101086211, 1140905741, 2, 0, 1, 0
0, 23, 16, 15, 1101086211, 1140905741, 1, 4, 148850030, 1
0, 23, 16, 15, 1101086211, 1140905741, 1, 3, 102154076, 1
0, 23, 16, 15, 1101086211, 1140905741, 1, 2, 1, 1
0, 23, 16, 15, 1101086211, 1140905741, 1, 1, 1, 1
0, 23, 16, 15, 1101086211, 1140905741, 1, 0, 1, 0
0, 23, 16, 15, 1101086211, 1140905741, 0, 4, 165185123, 1
0, 23, 16, 15, 1101086211, 1140905741, 0, 3, 117803601, 1
0, 23, 16, 15, 1101086211, 1140905741, 0, 2, 1, 1
0, 23, 16, 15, 1101086211, 1140905741, 0, 1, 1, 1
0, 24, 16, 15, 1140905742, 1217989532, 3, 4, 402723998, 1
0, 24, 16, 15, 1140905742, 1217989532, 3, 3, 344627152, 1
0, 24, 16, 15, 1140905742, 1217989532, 3, 2, 254329695, 1
0, 24, 16, 15, 1140905742, 1217989532, 3, 1, 249788093, 1
0, 24, 16, 15, 1140905742, 1217989532, 3, 0, 233135554, 0
0, 24, 16, 15, 1140905742, 1217989532, 2, 4, 470871455, 1
0, 24, 16, 15, 1140905742, 1217989532, 2, 3, 421716561, 1
0, 24, 16, 15, 1140905742, 1217989532, 2, 2, 349703331, 1
0, 24, 16, 15, 1140905742, 1217989532, 2, 1, 349703331, 1
0, 24, 16, 15, 1140905742, 1217989532, 2, 0, 349703331, 0
0, 24, 16, 15, 1140905742, 1217989532, 1, 4, 475124083, 1
0, 24, 16, 15, 1140905742, 1217989532, 1, 3, 423365570, 1
0, 24, 16, 15, 1140905742, 1217989532, 1, 2, 349703331, 1
0, 24, 16, 15, 1140905742, 1217989532, 1, 1, 349703331, 1
0, 24, 16, 15, 1140905742, 1217989532, 1, 0, 349703331, 0
0, 24, 16, 15, 1140905742, 1217989532, 0, 4, 472035475, 1
0, 24, 16, 15, 1140905742, 1217989532, 0, 3, 409025255, 1
0, 24, 16, 15, 1140905742, 1217989532, 0, 2, 349703331, 1
0, 24, 16, 15, 1140905742, 1217989532, 0, 1, 349703331, 1
0, 25, 16, 15, 1217989533, 1287115219, 3, 4, 241341623, 1
0, 25, 16, 15, 1217989533, 1287115219, 3, 3, 174345523, 1
0, 25, 16, 15, 1217989533, 1287115219, 3, 2, 59675067, 1
0, 25, 16, 15, 1217989533, 1287115219, 3, 1, 70331329, 0
0, 25, 16, 15, 1217989533, 1287115219, 3, 0, 54702145, 0
0, 25, 16, 15, 1217989533, 1287115219, 2, 4, 243168643, 1
0, 25, 16, 15, 1217989533, 1287115219, 2, 3, 177410730, 1
0, 25, 16, 15, 1217989533, 1287115219, 2, 2, 61539913, 1
0, 25, 16, 15, 1217989533, 1287115219, 2, 1, 65642574, 0
0, 25, 16, 15, 1217989533, 1287115219, 2, 0, 82053218, 0
0, 25, 16, 15, 1217989533, 1287115219, 1, 4, 269998999, 1
0, 25, 16, 15, 1217989533, 1287115219, 1, 3, 207127028, 1
0, 25, 16, 15, 1217989533, 1287115219, 1, 2, 98463861, 0
0, 25, 16, 15, 1217989533, 1287115219, 1, 1, 109404290, 0
0, 25, 16, 15, 1217989533, 1287115219, 1, 0, 164106435, 0
0, 25, 16, 15, 1217989533, 1287115219, 0, 4, 288644677, 1
0, 25, 16, 15, 1217989533, 1287115219, 0, 3, 219834671, 1
0, 25, 16, 15, 1217989533, 1287115219, 0, 2, 82053218, 1
0, 25, 16, 15, 1217989533, 1287115219, 0, 1, 1, 1
0, 26, 16, 15, 1287115220, 1305954132, 3, 4, 91201316, 1
0, 26, 16, 15, 1287115220, 1305954132, 3, 3, 65056517, 1
0, 26, 16, 15, 1287115220, 1305954132, 3, 2, 1, 1
0, 26, 16, 15, 1287115220, 1305954132, 3, 1, 1, 1
0, 26, 16, 15, 1287115220, 1305954132, 3, 0, 1, 0
0, 26, 16, 15, 1287115220, 1305954132, 2, 4, 86192633, 1
0, 26, 16, 15, 1287115220, 1305954132, 2, 3, 65854254, 1
0, 26, 16, 15, 1287115220, 1305954132, 2, 2, 1, 1
0, 26, 16, 15, 1287115220, 1305954132, 2, 1, 1, 1
0, 26, 16, 15, 1287115220, 1305954132, 2, 0, 1, 0
0, 26, 16, 15, 1287115220, 1305954132, 1, 4, 106287902, 1
0, 26, 16, 15, 1287115220, 1305954132, 1, 3, 67755866, 1
0, 26, 16, 15, 1287115220, 1305954132, 1, 2, 1, 1
0, 26, 16, 15, 1287115220, 1305954132, 1, 1, 1, 1
0, 26, 16, 15, 1287115220, 1305954132, 1, 0, 1, 0
0, 26, 16, 15, 1287115220, 1305954132, 0, 4, 117408041, 1
0, 26, 16, 15, 1287115220, 1305954132, 0, 3, 76792639, 1
0, 26, 16, 15, 1287115220, 1305954132, 0, 2, 1, 1
0, 26, 16, 15, 1287115220, 1305954132, 0, 1, 1, 1
0, 27, 16, 15, 1305954133, 1335882571, 3, 4, 178577780, 0
0, 27, 16, 15, 1305954133, 1335882571, 3, 3, 188753925, 0
0, 27, 16, 15, 1305954133, 1335882571, 3, 2, 186449805, 0
0, 27, 16, 15, 1305954133, 1335882571, 3, 1, 183564937, 0
0, 27, 16, 15, 1305954133, 1335882571, 3, 0, 189289484, 0
0, 27, 16, 15, 1305954133, 1335882571, 2, 4, 168874032, 0
0, 27, 16, 15, 1305954133, 1335882571, 2, 3, 180577121, 0
0, 27, 16, 15, 1305954133, 1335882571, 2, 2, 176812853, 0
0, 27, 16, 15, 1305954133, 1335882571, 2, 1, 174662065, 0
0, 27, 16, 15, 1305954133, 1335882571, 2, 0, 178911700, 0
0, 27, 16, 15, 1305954133, 1335882571, 1, 4, 175666298, 0
0, 27, 16, 15, 1305954133, 1335882571, 1, 3, 184564969, 0
0, 27, 16, 15, 1305954133, 1335882571, 1, 2, 182905849, 0
0, 27, 16, 15, 1305954133, 1335882571, 1, 1, 181433104, 0
0, 27, 16, 15, 1305954133, 1335882571, 1, 0, 195032677, 0
0, 27, 16, 15, 1305954133, 1335882571, 0, 4, 177616685, 1
0, 27, 16, 15, 1305954133, 1335882571, 0, 3, 173909666, 1
0, 27, 16, 15, 1305954133, 1335882571, 0, 2, 171943819, 1
0, 27, 16, 15, 1305954133, 1335882571, 0, 1, 163681912, 1
0, 28, 16, 15, 1335882572, 1381126365, 3, 4, 4212039, 1
0, 28, 16, 15, 1335882572, 1381126365, 3, 3, 4493168, 1
0, 28, 16, 15, 1335882572, 1381126365, 3, 2, 20939, 0
0, 28, 16, 15, 1335882572, 1381126365, 3, 1, 21936, 0
0, 28, 16, 15, 1335882572, 1381126365, 3, 0, 25592, 0
0, 28, 16, 15, 1335882572, 1381126365, 2, 4, 3099470, 1
0, 28, 16, 15, 1335882572, 1381126365, 2, 3, 3944780, 1
0, 28, 16, 15, 1335882572, 1381126365, 2, 2, 19194, 0
0, 28, 16, 15, 1335882572, 1381126365, 2, 1, 30710, 0
0, 28, 16, 15, 1335882572, 1381126365, 2, 0, 38388, 0
0, 28, 16, 15, 1335882572, 1381126365, 1, 4, 3377664, 1
0, 28, 16, 15, 1335882572, 1381126365, 1, 3, 4342711, 1
0, 28, 16, 15, 1335882572, 1381126365, 1, 2, 30710, 0
0, 28, 16, 15, 1335882572, 1381126365, 1, 1, 51183, 0
0, 28, 16, 15, 1335882572, 1381126365, 1, 0, 76775, 0
0, 28, 16, 15, 1335882572, 1381126365, 0, 4, 4690920, 1
0, 28, 16, 15, 1335882572, 1381126365, 0, 3, 6254560, 1
0, 28, 16, 15, 1335882572, 1381126365, 0, 2, 1, 1
0, 28, 16, 15, 1335882572, 1381126365, 0, 1, 1, 1
0, 29, 16, 15, 1381126366, 1545015243, 3, 4, 588315380, 0
0, 29, 16, 15, 1381126366, 1545015243, 3, 3, 591908089, 0
0, 29, 16, 15, 1381126366, 1545015243, 3, 2, 587756309, 0
0, 29, 16, 15, 1381126366, 1545015243, 3, 1, 582663265, 0
0, 29, 16, 15, 1381126366, 1545015243, 3, 0, 572889818, 0
0, 29, 16, 15, 1381126366, 1545015243, 2, 4, 555471836, 0
0, 29, 16, 15, 1381126366, 1545015243, 2, 3, 553396394, 0
0, 29, 16, 15, 1381126366, 1545015243, 2, 2, 535669233, 0
0, 29, 16, 15, 1381126366, 1545015243, 2, 1, 535444769, 0
0, 29, 16, 15, 1381126366, 1545015243, 2, 0, 542706383, 0
0, 29, 16, 15, 1381126366, 1545015243, 1, 4, 533587321, 0
0, 29, 16, 15, 1381126366, 1545015243, 1, 3, 531510843, 0
0, 29, 16, 15, 1381126366, 1545015243, 1, 2, 530478547, 0
0, 29, 16, 15, 1381126366, 1545015243, 1, 1, 532278055, 1
0, 29, 16, 15, 1381126366, 1545015243, 1, 0, 530904322, 0
0, 29, 16, 15, 1381126366, 1545015243, 0, 4, 524847145, 1
0, 29, 16, 15, 1381126366, 1545015243, 0, 3, 524518038, 1
0, 29, 16, 15, 1381126366, 1545015243, 0, 2, 514436282, 1
0, 29, 16, 15, 1381126366, 1545015243, 0, 1, 534754230, 1
0, 30, 16, 15, 1545015244, 1599247755, 3, 4, 547115574, 0
0, 30, 16, 15, 1545015244, 1599247755, 3, 3, 543567534, 0
0, 30, 16, 15, 1545015244, 1599247755, 3, 2, 537843510, 0
0, 30, 16, 15, 1545015244, 1599247755, 3, 1, 557187560, 0
0, 30, 16, 15, 1545015244, 1599247755, 3, 0, 545854680, 0
0, 30, 16, 15, 1545015244, 1599247755, 2, 4, 543341053, 0
0, 30, 16, 15, 1545015244, 1599247755, 2, 3, 540657105, 0
0, 30, 16, 15, 1545015244, 1599247755, 2, 2, 534793712, 0
0, 30, 16, 15, 1545015244, 1599247755, 2, 1, 560277119, 0
0, 30, 16, 15, 1545015244, 1599247755, 2, 0, 560392584, 0
0, 30, 16, 15, 1545015244, 1599247755, 1, 4, 543255852, 0
0, 30, 16, 15, 1545015244, 1599247755, 1, 3, 537151842, 0
0, 30, 16, 15, 1545015244, 1599247755, 1, 2, 525166042, 0
0, 30, 16, 15, 1545015244, 1599247755, 1, 1, 561090539, 0
0, 30, 16, 15, 1545015244, 1599247755, 1, 0, 562210107, 0
0, 30, 16, 15, 1545015244, 1599247755, 0, 4, 529366434, 1
0, 30, 16, 15, 1545015244, 1599247755, 0, 3, 514896079, 1
0, 30, 16, 15, 1545015244, 1599247755, 0, 2, 488829915, 1
0, 30, 16, 15, 1545015244, 1599247755, 0, 1, 534389085, 1
0, 31, 16, 15, 1599247756, 1623689531, 3, 4, 419700034, 1
0, 31, 16, 15, 1599247756, 1623689531, 3, 3, 407280050, 0
0, 31, 16, 15, 1599247756, 1623689531, 3, 2, 383308877, 0
0, 31, 16, 15, 1599247756, 1623689531, 3, 1, 408243044, 1
0, 31, 16, 15, 1599247756, 1623689531, 3, 0, 404320784, 0
0, 31, 16, 15, 1599247756, 1623689531, 2, 4, 426040774, 0
0, 31, 16, 15, 1599247756, 1623689531, 2, 3, 419309681, 0
0, 31, 16, 15, 1599247756, 1623689531, 2, 2, 397896313, 0
0, 31, 16, 15, 1599247756, 1623689531, 2, 1, 433776643, 1
0, 31, 16, 15, 1599247756, 1623689531, 2, 0, 434276653, 0
0, 31, 16, 15, 1599247756, 1623689531, 1, 4, 412092086, 0
0, 31, 16, 15, 1599247756, 1623689531, 1, 3, 404135486, 0
0, 31, 16, 15, 1599247756, 1623689531, 1, 2, 366920955, 0
0, 31, 16, 15, 1599247756, 1623689531, 1, 1, 441771426, 0
0, 31, 16, 15, 1599247756, 1623689531, 1, 0, 524144258, 0
0, 31, 16, 15, 1599247756, 1623689531, 0, 4, 408075783, 1
0, 31, 16, 15, 1599247756, 1623689531, 0, 3, 375038239, 1
0, 31, 16, 15, 1599247756, 1623689531, 0, 2, 310821210, 1
0, 31, 16, 15, 1599247756, 1623689531, 0, 1, 456760972, 1
0, 32, 16, 15, 1623689532, 1680685880, 3, 4, 304061652, 1
0, 32, 16, 15, 1623689532, 1680685880, 3, 3, 282734396, 1
0, 32, 16, 15, 1623689532, 1680685880, 3, 2, 239102158, 0
0, 32, 16, 15, 1623689532, 1680685880, 3, 1, 255422849, 1
0, 32, 16, 15, 1623689532, 1680685880, 3, 0, 255422849, 0
0, 32, 16, 15, 1623689532, 1680685880, 2, 4, 300883756, 1
0, 32, 16, 15, 1623689532, 1680685880, 2, 3, 281833317, 1
0, 32, 16, 15, 1623689532, 1680685880, 2, 2, 232981899, 0
0, 32, 16, 15, 1623689532, 1680685880, 2, 1, 255422849, 1
0, 32, 16, 15, 1623689532, 1680685880, 2, 0, 255422849, 0
0, 32, 16, 15, 1623689532, 1680685880, 1, 4, 301877790, 1
0, 32, 16, 15, 1623689532, 1680685880, 1, 3, 283998826, 1
0, 32, 16, 15, 1623689532, 1680685880, 1, 2, 219517329, 0
0, 32, 16, 15, 1623689532, 1680685880, 1, 1, 255422849, 1
0, 32, 16, 15, 1623689532, 1680685880, 1, 0, 255422849, 0
0, 32, 16, 15, 1623689532, 1680685880, 0, 4, 305430809, 1
0, 32, 16, 15, 1623689532, 1680685880, 0, 3, 258840222, 1
0, 32, 16, 15, 1623689532, 1680685880, 0, 2, 165659049, 1
0, 32, 16, 15, 1623689532, 1680685880, 0, 1, 255422849, 1
0, 33, 16, 15, 1680685881, 1728649863, 3, 4, 284068328, 0
0, 33, 16, 15, 1680685881, 1728649863, 3, 3, 273065769, 0
0, 33, 16, 15, 1680685881, 1728649863, 3, 2, 254474911, 0
0, 33, 16, 15, 1680685881, 1728649863, 3, 1, 286672402, 0
0, 33, 16, 15, 1680685881, 1728649863, 3, 0, 263505478, 0
0, 33, 16, 15, 1680685881, 1728649863, 2, 4, 281146340, 0
0, 33, 16, 15, 1680685881, 1728649863, 2, 3, 273351318, 0
0, 33, 16, 15, 1680685881, 1728649863, 2, 2, 254107624, 0
0, 33, 16, 15, 1680685881, 1728649863, 2, 1, 288788946, 0
0, 33, 16, 15, 1680685881, 1728649863, 2, 0, 293457747, 0
0, 33, 16, 15, 1680685881, 1728649863, 1, 4, 267704454, 0
0, 33, 16, 15, 1680685881, 1728649863, 1, 3, 250376578, 0
0, 33, 16, 15, 1680685881, 1728649863, 1, 2, 224046568, 0
0, 33, 16, 15, 1680685881, 1728649863, 1, 1, 294396884, 0
0, 33, 16, 15, 1680685881, 1728649863, 1, 0, 307139017, 0
0, 33, 16, 15, 1680685881, 1728649863, 0, 4, 226391084, 1
0, 33, 16, 15, 1680685881, 1728649863, 0, 3, 200287081, 1
0, 33, 16, 15, 1680685881, 1728649863, 0, 2, 128378068, 1
0, 33, 16, 15, 1680685881, 1728649863, 0, 1, 256756135, 1
0, 34, 16, 15, 1728649864, 1751375503, 3, 4, 9535515, 0
0, 34, 16, 15, 1728649864, 1751375503, 3, 3, 5729262, 0
0, 34, 16, 15, 1728649864, 1751375503, 3, 2, 7812630, 0
0, 34, 16, 15, 1728649864, 1751375503, 3, 1, 4287068, 0
0, 34, 16, 15, 1728649864, 1751375503, 3, 0, 6074057, 0
0, 34, 16, 15, 1728649864, 1751375503, 2, 4, 2173291, 1
0, 34, 16, 15, 1728649864, 1751375503, 2, 3, 1, 1
0, 34, 16, 15, 1728649864, 1751375503, 2, 2, 1, 1
0, 34, 16, 15, 1728649864, 1751375503, 2, 1, 1, 1
0, 34, 16, 15, 1728649864, 1751375503, 2, 0, 1, 0
0, 34, 16, 15, 1728649864, 1751375503, 1, 4, 3380675, 1
0, 34, 16, 15, 1728649864, 1751375503, 1, 3, 1, 1
0, 34, 16, 15, 1728649864, 1751375503, 1, 2, 1, 1
0, 34, 16, 15, 1728649864, 1751375503, 1, 1, 1, 1
0, 34, 16, 15, 1728649864, 1751375503, 1, 0, 1, 0
0, 34, 16, 15, 1728649864, 1751375503, 0, 4, 1, 1
0, 34, 16, 15, 1728649864, 1751375503, 0, 3, 1, 1
0, 34, 16, 15, 1728649864, 1751375503, 0, 2, 1, 1
0, 34, 16, 15, 1728649864, 1751375503, 0, 1, 1, 1
0, 35, 16, 15, 1751375504, 1788393187, 3, 4, 11632064, 1
0, 35, 16, 15, 1751375504, 1788393187, 3, 3, 10423024, 0
0, 35, 16, 15, 1751375504, 1788393187, 3, 2, 11379315, 0
0, 35, 16, 15, 1751375504, 1788393187, 3, 1, 13402634, 0
0, 35, 16, 15, 1751375504, 1788393187, 3, 0, 8770127, 0
0, 35, 16, 15, 1751375504, 1788393187, 2, 4, 13308121, 0
0, 35, 16, 15, 1751375504, 1788393187, 2, 3, 11650116, 0
0, 35, 16, 15, 1751375504, 1788393187, 2, 2, 12122298, 0
0, 35, 16, 15, 1751375504, 1788393187, 2, 1, 13124871, 0
0, 35, 16, 15, 1751375504, 1788393187, 2, 0, 13155190, 0
0, 35, 16, 15, 1751375504, 1788393187, 1, 4, 13834613, 0
0, 35, 16, 15, 1751375504, 1788393187, 1, 3, 11138828, 0
0, 35, 16, 15, 1751375504, 1788393187, 1, 2, 9359782, 0
0, 35, 16, 15, 1751375504, 1788393187, 1, 1, 15599636, 0
0, 35, 16, 15, 1751375504, 1788393187, 1, 0, 16142241, 0
0, 35, 16, 15, 1751375504, 1788393187, 0, 4, 10390434, 1
0, 35, 16, 15, 1751375504, 1788393187, 0, 3, 6116243, 1
0, 35, 16, 15, 1751375504, 1788393187, 0, 2, 1, 1
0, 35, 16, 15, 1751375504, 1788393187, 0, 1, 1, 1
0, 36, 16, 15, 1788393188, 1804519249, 3, 4, 12720521, 0
0, 36, 16, 15, 1788393188, 1804519249, 3, 3, 13859490, 0
0, 36, 16, 15, 1788393188, 1804519249, 3, 2, 17405959, 0
0, 36, 16, 15, 1788393188, 1804519249, 3, 1, 15632733, 0
0, 36, 16, 15, 1788393188, 1804519249, 3, 0, 15828764, 0
0, 36, 16, 15, 1788393188, 1804519249, 2, 4, 6000477, 0
0, 36, 16, 15, 1788393188, 1804519249, 2, 3, 7636971, 0
0, 36, 16, 15, 1788393188, 1804519249, 2, 2, 8447485, 0
0, 36, 16, 15, 1788393188, 1804519249, 2, 1, 9497259, 0
0, 36, 16, 15, 1788393188, 1804519249, 2, 0, 23743146, 0
0, 36, 16, 15, 1788393188, 1804519249, 1, 4, 4057821, 1
0, 36, 16, 15, 1788393188, 1804519249, 1, 3, 5217199, 1
0, 36, 16, 15, 1788393188, 1804519249, 1, 2, 4018717, 1
0, 36, 16, 15, 1788393188, 1804519249, 1, 1, 1, 1
0, 36, 16, 15, 1788393188, 1804519249, 1, 0, 1, 0
0, 36, 16, 15, 1788393188, 1804519249, 0, 4, 4564868, 1
0, 36, 16, 15, 1788393188, 1804519249, 0, 3, 6086491, 1
0, 36, 16, 15, 1788393188, 1804519249, 0, 2, 916335, 1
0, 36, 16, 15, 1788393188, 1804519249, 0, 1, 1, 1
0, 37, 16, 15, 1804519250, 1880061960, 3, 4, 21067698, 0
0, 37, 16, 15, 1804519250, 1880061960, 3, 3, 18744986, 0
0, 37, 16, 15, 1804519250, 1880061960, 3, 2, 23396411, 0
0, 37, 16, 15, 1804519250, 1880061960, 3, 1, 17549988, 0
0, 37, 16, 15, 1804519250, 1880061960, 3, 0, 27663202, 0
0, 37, 16, 15, 1804519250, 1880061960, 2, 4, 20951232, 0
0, 37, 16, 15, 1804519250, 1880061960, 2, 3, 16971116, 0
0, 37, 16, 15, 1804519250, 1880061960, 2, 2, 20358500, 0
0, 37, 16, 15, 1804519250, 1880061960, 2, 1, 24569983, 0
0, 37, 16, 15, 1804519250, 1880061960, 2, 0, 41494803, 0
0, 37, 16, 15, 1804519250, 1880061960, 1, 4, 19058773, 1
0, 37, 16, 15, 1804519250, 1880061960, 1, 3, 10757932, 1
0, 37, 16, 15, 1804519250, 1880061960, 1, 2, 10298251, 1
0, 37, 16, 15, 1804519250, 1880061960, 1, 1, 13286770, 1
0, 37, 16, 15, 1804519250, 1880061960, 1, 0, 1, 0
0, 37, 16, 15, 1804519250, 1880061960, 0, 4, 14239631, 1
0, 37, 16, 15, 1804519250, 1880061960, 0, 3, 1, 1
0, 37, 16, 15, 1804519250, 1880061960, 0, 2, 1, 1
0, 37, 16, 15, 1804519250, 1880061960, 0, 1, 1, 1
0, 38, 16, 15, 1880061961, 1917870164, 3, 4, 23382187, 1
0, 38, 16, 15, 1880061961, 1917870164, 3, 3, 20687088, 1
0, 38, 16, 15, 1880061961, 1917870164, 3, 2, 19739313, 1
0, 38, 16, 15, 1880061961, 1917870164, 3, 1, 20243254, 1
0, 38, 16, 15, 1880061961, 1917870164, 3, 0, 15083251, 0
0, 38, 16, 15, 1880061961, 1917870164, 2, 4, 26343960, 1
0, 38, 16, 15, 1880061961, 1917870164, 2, 3, 24876578, 1
0, 38, 16, 15, 1880061961, 1917870164, 2, 2, 22558560, 1
0, 38, 16, 15, 1880061961, 1917870164, 2, 1, 28340556, 1
0, 38, 16, 15, 1880061961, 1917870164, 2, 0, 22624876, 0
0, 38, 16, 15, 1880061961, 1917870164, 1, 4, 34914418, 0
0, 38, 16, 15, 1880061961, 1917870164, 1, 3, 31293812, 0
0, 38, 16, 15, 1880061961, 1917870164, 1, 2, 29214272, 0
0, 38, 16, 15, 1880061961, 1917870164, 1, 1, 37130545, 1
0, 38, 16, 15, 1880061961, 1917870164, 1, 0, 34196740, 0
0, 38, 16, 15, 1880061961, 1917870164, 0, 4, 29402953, 1
0, 38, 16, 15, 1880061961, 1917870164, 0, 3, 23873621, 1
0, 38, 16, 15, 1880061961, 1917870164, 0, 2, 24837367, 1
0, 38, 16, 15, 1880061961, 1917870164, 0, 1, 49674734, 1
0, 39, 16, 15, 1917870165, 1929963908, 3, 4, 37291561, 1
0, 39, 16, 15, 1917870165, 1929963908, 3, 3, 32448203, 1
0, 39, 16, 15, 1917870165, 1929963908, 3, 2, 28119808, 1
0, 39, 16, 15, 1917870165, 1929963908, 3, 1, 27435928, 1
0, 39, 16, 15, 1917870165, 1929963908, 3, 0, 10329364, 0
0, 39, 16, 15, 1917870165, 1929963908, 2, 4, 46417558, 1
0, 39, 16, 15, 1917870165, 1929963908, 2, 3, 38911746, 1
0, 39, 16, 15, 1917870165, 1929963908, 2, 2, 31328005, 1
0, 39, 16, 15, 1917870165, 1929963908, 2, 1, 26671531, 1
0, 39, 16, 15, 1917870165, 1929963908, 2, 0, 15494045, 0
0, 39, 16, 15, 1917870165, 1929963908, 1, 4, 41491370, 1
0, 39, 16, 15, 1917870165, 1929963908, 1, 3, 40786507, 1
0, 39, 16, 15, 1917870165, 1929963908, 1, 2, 35303684, 1
0, 39, 16, 15, 1917870165, 1929963908, 1, 1, 44452552, 1
0, 39, 16, 15, 1917870165, 1929963908, 1, 0, 30988090, 0
0, 39, 16, 15, 1917870165, 1929963908, 0, 4, 59208941, 1
0, 39, 16, 15, 1917870165, 1929963908, 0, 3, 49639660, 1
0, 39, 16, 15, 1917870165, 1929963908, 0, 2, 46804383, 1
0, 39, 16, 15, 1917870165, 1929963908, 0, 1, 57483141, 1
0, 40, 16, 15, 1929963909, 1966836245, 3, 4, 42892662, 0
0, 40, 16, 15, 1929963909, 1966836245, 3, 3, 49365250, 1
0, 40, 16, 15, 1929963909, 1966836245, 3, 2, 49572314, 0
0, 40, 16, 15, 1929963909, 1966836245, 3, 1, 58767683, 1
0, 40, 16, 15, 1929963909, 1966836245, 3, 0, 47107032, 0
0, 40, 16, 15, 1929963909, 1966836245, 2, 4, 48770708, 0
0, 40, 16, 15, 1929963909, 1966836245, 2, 3, 58213685, 0
0, 40, 16, 15, 1929963909, 1966836245, 2, 2, 55645905, 0
0, 40, 16, 15, 1929963909, 1966836245, 2, 1, 68701197, 1
0, 40, 16, 15, 1929963909, 1966836245, 2, 0, 70660548, 0
0, 40, 16, 15, 1929963909, 1966836245, 1, 4, 44006581, 0
0, 40, 16, 15, 1929963909, 1966836245, 1, 3, 51759767, 0
0, 40, 16, 15, 1929963909, 1966836245, 1, 2, 47590729, 0
0, 40, 16, 15, 1929963909, 1966836245, 1, 1, 65762648, 1
0, 40, 16, 15, 1929963909, 1966836245, 1, 0, 64389823, 0
0, 40, 16, 15, 1929963909, 1966836245, 0, 4, 45579133, 1
0, 40, 16, 15, 1929963909, 1966836245, 0, 3, 49525223, 1
0, 40, 16, 15, 1929963909, 1966836245, 0, 2, 46566553, 1
0, 40, 16, 15, 1929963909, 1966836245, 0, 1, 93133106, 1
0, 41, 16, 15, 1966836246, 2196025834, 3, 4, 31178787, 1
0, 41, 16, 15, 1966836246, 2196025834, 3, 3, 30404038, 0
0, 41, 16, 15, 1966836246, 2196025834, 3, 2, 36747191, 0
0, 41, 16, 15, 1966836246, 2196025834, 3, 1, 42042804, 1
0, 41, 16, 15, 1966836246, 2196025834, 3, 0, 18308748, 0
0, 41, 16, 15, 1966836246, 2196025834, 2, 4, 33608531, 0
0, 41, 16, 15, 1966836246, 2196025834, 2, 3, 30380277, 0
0, 41, 16, 15, 1966836246, 2196025834, 2, 2, 35292697, 0
0, 41, 16, 15, 1966836246, 2196025834, 2, 1, 45970306, 0
0, 41, 16, 15, 1966836246, 2196025834, 2, 0, 27463121, 0
0, 41, 16, 15, 1966836246, 2196025834, 1, 4, 16049565, 1
0, 41, 16, 15, 1966836246, 2196025834, 1, 3, 10025195, 1
0, 41, 16, 15, 1966836246, 2196025834, 1, 2, 11180203, 1
0, 41, 16, 15, 1966836246, 2196025834, 1, 1, 18633672, 1
0, 41, 16, 15, 1966836246, 2196025834, 1, 0, 168833, 0
0, 41, 16, 15, 1966836246, 2196025834, 0, 4, 18490594, 1
0, 41, 16, 15, 1966836246, 2196025834, 0, 3, 11885245, 1
0, 41, 16, 15, 1966836246, 2196025834, 0, 2, 10690195, 1
0, 41, 16, 15, 1966836246, 2196025834, 0, 1, 21380390, 1
