0, 1, 14, 17, 1, 99523722, 5, 2, 7564387, 1
0, 1, 14, 17, 1, 99523722, 5, 1, 5833941, 1
0, 1, 14, 17, 1, 99523722, 5, 0, 1, 0
0, 1, 14, 17, 1, 99523722, 4, 2, 9185327, 1
0, 1, 14, 17, 1, 99523722, 4, 1, 7130373, 1
0, 1, 14, 17, 1, 99523722, 4, 0, 1, 0
0, 1, 14, 17, 1, 99523722, 3, 2, 9116334, 1
0, 1, 14, 17, 1, 99523722, 3, 1, 9167622, 1
0, 1, 14, 17, 1, 99523722, 3, 0, 1, 0
0, 1, 14, 17, 1, 99523722, 2, 2, 12269211, 1
0, 1, 14, 17, 1, 99523722, 2, 1, 12409472, 1
0, 1, 14, 17, 1, 99523722, 2, 0, 1, 0
0, 1, 14, 17, 1, 99523722, 1, 2, 14095357, 1
0, 1, 14, 17, 1, 99523722, 1, 1, 16294585, 1
0, 1, 14, 17, 1, 99523722, 1, 0, 1, 0
0, 1, 14, 17, 1, 99523722, 0, 2, 25335520, 1
0, 1, 14, 17, 1, 99523722, 0, 1, 36980526, 1
0, 2, 14, 17, 99523723, 142172925, 5, 2, 97227449, 0
0, 2, 14, 17, 99523723, 142172925, 5, 1, 150260603, 0
0, 2, 14, 17, 99523723, 142172925, 5, 0, 330573327, 0
0, 2, 14, 17, 99523723, 142172925, 4, 2, 93389345, 0
0, 2, 14, 17, 99523723, 142172925, 4, 1, 145272314, 0
0, 2, 14, 17, 99523723, 142172925, 4, 0, 326862706, 0
0, 2, 14, 17, 99523723, 142172925, 3, 2, 88894296, 0
0, 2, 14, 17, 99523723, 142172925, 3, 1, 139691036, 0
0, 2, 14, 17, 99523723, 142172925, 3, 0, 325945751, 0
0, 2, 14, 17, 99523723, 142172925, 2, 2, 78916588, 0
0, 2, 14, 17, 99523723, 142172925, 2, 1, 126266541, 0
0, 2, 14, 17, 99523723, 142172925, 2, 0, 315666352, 0
0, 2, 14, 17, 99523723, 142172925, 1, 2, 59675461, 0
0, 2, 14, 17, 99523723, 142172925, 1, 1, 99459102, 0
0, 2, 14, 17, 99523723, 142172925, 1, 0, 298377304, 0
0, 2, 14, 17, 99523723, 142172925, 0, 2, 1, 1
0, 2, 14, 17, 99523723, 142172925, 0, 1, 1, 1
0, 3, 14, 17, 142172926, 175184256, 5, 2, 116089407, 0
0, 3, 14, 17, 142172926, 175184256, 5, 1, 179410902, 0
0, 3, 14, 17, 142172926, 175184256, 5, 0, 394703983, 0
0, 3, 14, 17, 142172926, 175184256, 4, 2, 112094861, 0
0, 3, 14, 17, 142172926, 175184256, 4, 1, 174369784, 0
0, 3, 14, 17, 142172926, 175184256, 4, 0, 392332013, 0
0, 3, 14, 17, 142172926, 175184256, 3, 2, 104997236, 0
0, 3, 14, 17, 142172926, 175184256, 3, 1, 164995656, 0
0, 3, 14, 17, 142172926, 175184256, 3, 0, 384989863, 0
0, 3, 14, 17, 142172926, 175184256, 2, 2, 95965100, 0
0, 3, 14, 17, 142172926, 175184256, 2, 1, 153544160, 0
0, 3, 14, 17, 142172926, 175184256, 2, 0, 383860398, 0
0, 3, 14, 17, 142172926, 175184256, 1, 2, 74336642, 0
0, 3, 14, 17, 142172926, 175184256, 1, 1, 123894403, 0
0, 3, 14, 17, 142172926, 175184256, 1, 0, 371683209, 0
0, 3, 14, 17, 142172926, 175184256, 0, 2, 1, 1
0, 3, 14, 17, 142172926, 175184256, 0, 1, 1, 1
0, 4, 14, 17, 175184257, 205811049, 5, 2, 390198963, 0
0, 4, 14, 17, 175184257, 205811049, 5, 1, 410034469, 0
0, 4, 14, 17, 175184257, 205811049, 5, 0, 406121408, 0
0, 4, 14, 17, 175184257, 205811049, 4, 2, 380331332, 0
0, 4, 14, 17, 175184257, 205811049, 4, 1, 403697013, 0
0, 4, 14, 17, 175184257, 205811049, 4, 0, 401167160, 0
0, 4, 14, 17, 175184257, 205811049, 3, 2, 402931000, 0
0, 4, 14, 17, 175184257, 205811049, 3, 1, 400173418, 0
0, 4, 14, 17, 175184257, 205811049, 3, 0, 394851093, 0
0, 4, 14, 17, 175184257, 205811049, 2, 2, 404766482, 0
0, 4, 14, 17, 175184257, 205811049, 2, 1, 405183522, 0
0, 4, 14, 17, 175184257, 205811049, 2, 0, 413161467, 0
0, 4, 14, 17, 175184257, 205811049, 1, 2, 404247376, 0
0, 4, 14, 17, 175184257, 205811049, 1, 1, 406696987, 0
0, 4, 14, 17, 175184257, 205811049, 1, 0, 421878700, 0
0, 4, 14, 17, 175184257, 205811049, 0, 2, 391844528, 1
0, 4, 14, 17, 175184257, 205811049, 0, 1, 391169062, 1
0, 5, 14, 17, 205811050, 278332259, 5, 2, 66281591, 0
0, 5, 14, 17, 205811050, 278332259, 5, 1, 102435185, 0
0, 5, 14, 17, 205811050, 278332259, 5, 0, 225357407, 0
0, 5, 14, 17, 205811050, 278332259, 4, 2, 63721815, 0
0, 5, 14, 17, 205811050, 278332259, 4, 1, 99122824, 0
0, 5, 14, 17, 205811050, 278332259, 4, 0, 223026352, 0
0, 5, 14, 17, 205811050, 278332259, 3, 2, 61596593, 0
0, 5, 14, 17, 205811050, 278332259, 3, 1, 96794646, 0
0, 5, 14, 17, 205811050, 278332259, 3, 0, 225854174, 0
0, 5, 14, 17, 205811050, 278332259, 2, 2, 57945880, 0
0, 5, 14, 17, 205811050, 278332259, 2, 1, 92713408, 0
0, 5, 14, 17, 205811050, 278332259, 2, 0, 231783519, 0
0, 5, 14, 17, 205811050, 278332259, 1, 2, 46522862, 0
0, 5, 14, 17, 205811050, 278332259, 1, 1, 77538103, 0
0, 5, 14, 17, 205811050, 278332259, 1, 0, 232614307, 0
0, 5, 14, 17, 205811050, 278332259, 0, 2, 1, 1
0, 5, 14, 17, 205811050, 278332259, 0, 1, 1, 1
0, 6, 14, 17, 278332260, 302745276, 5, 2, 480882, 0
0, 6, 14, 17, 278332260, 302745276, 5, 1, 743181, 0
0, 6, 14, 17, 278332260, 302745276, 5, 0, 1634997, 0
0, 6, 14, 17, 278332260, 302745276, 4, 2, 1, 1
0, 6, 14, 17, 278332260, 302745276, 4, 1, 1, 1
0, 6, 14, 17, 278332260, 302745276, 4, 0, 1, 0
0, 6, 14, 17, 278332260, 302745276, 3, 2, 1, 1
0, 6, 14, 17, 278332260, 302745276, 3, 1, 1, 1
0, 6, 14, 17, 278332260, 302745276, 3, 0, 1, 0
0, 6, 14, 17, 278332260, 302745276, 2, 2, 1, 1
0, 6, 14, 17, 278332260, 302745276, 2, 1, 1, 1
0, 6, 14, 17, 278332260, 302745276, 2, 0, 1, 0
0, 6, 14, 17, 278332260, 302745276, 1, 2, 1, 1
0, 6, 14, 17, 278332260, 302745276, 1, 1, 1, 1
0, 6, 14, 17, 278332260, 302745276, 1, 0, 1, 0
0, 6, 14, 17, 278332260, 302745276, 0, 2, 1, 1
0, 6, 14, 17, 278332260, 302745276, 0, 1, 1, 1
0, 7, 14, 17, 302745277, 419436940, 5, 2, 1, 1
0, 7, 14, 17, 302745277, 419436940, 5, 1, 1, 1
0, 7, 14, 17, 302745277, 419436940, 5, 0, 1, 0
0, 7, 14, 17, 302745277, 419436940, 4, 2, 1, 1
0, 7, 14, 17, 302745277, 419436940, 4, 1, 1, 1
0, 7, 14, 17, 302745277, 419436940, 4, 0, 1, 0
0, 7, 14, 17, 302745277, 419436940, 3, 2, 1, 1
0, 7, 14, 17, 302745277, 419436940, 3, 1, 1, 1
0, 7, 14, 17, 302745277, 419436940, 3, 0, 1, 0
0, 7, 14, 17, 302745277, 419436940, 2, 2, 1, 1
0, 7, 14, 17, 302745277, 419436940, 2, 1, 1, 1
0, 7, 14, 17, 302745277, 419436940, 2, 0, 1, 0
0, 7, 14, 17, 302745277, 419436940, 1, 2, 1, 1
0, 7, 14, 17, 302745277, 419436940, 1, 1, 1, 1
0, 7, 14, 17, 302745277, 419436940, 1, 0, 1, 0
0, 7, 14, 17, 302745277, 419436940, 0, 2, 1, 1
0, 7, 14, 17, 302745277, 419436940, 0, 1, 1, 1
0, 8, 14, 17, 419436941, 452374343, 5, 2, 8881003, 0
0, 8, 14, 17, 419436941, 452374343, 5, 1, 13725186, 0
0, 8, 14, 17, 419436941, 452374343, 5, 0, 30195408, 0
0, 8, 14, 17, 419436941, 452374343, 4, 2, 10784075, 0
0, 8, 14, 17, 419436941, 452374343, 4, 1, 16775227, 0
0, 8, 14, 17, 419436941, 452374343, 4, 0, 37744260, 0
0, 8, 14, 17, 419436941, 452374343, 3, 2, 13725186, 0
0, 8, 14, 17, 419436941, 452374343, 3, 1, 21568149, 0
0, 8, 14, 17, 419436941, 452374343, 3, 0, 50325680, 0
0, 8, 14, 17, 419436941, 452374343, 2, 2, 18872130, 0
0, 8, 14, 17, 419436941, 452374343, 2, 1, 30195408, 0
0, 8, 14, 17, 419436941, 452374343, 2, 0, 75488519, 0
0, 8, 14, 17, 419436941, 452374343, 1, 2, 29255583, 0
0, 8, 14, 17, 419436941, 452374343, 1, 1, 48759305, 0
0, 8, 14, 17, 419436941, 452374343, 1, 0, 146277914, 0
0, 8, 14, 17, 419436941, 452374343, 0, 2, 1, 1
0, 8, 14, 17, 419436941, 452374343, 0, 1, 1, 1
0, 9, 14, 17, 452374344, 520667389, 5, 2, 15640102, 0
0, 9, 14, 17, 452374344, 520667389, 5, 1, 24171067, 0
0, 9, 14, 17, 452374344, 520667389, 5, 0, 53176347, 0
0, 9, 14, 17, 452374344, 520667389, 4, 2, 12558671, 0
0, 9, 14, 17, 452374344, 520667389, 4, 1, 19535710, 0
0, 9, 14, 17, 452374344, 520667389, 4, 0, 43955347, 0
0, 9, 14, 17, 452374344, 520667389, 3, 2, 12002024, 0
0, 9, 14, 17, 452374344, 520667389, 3, 1, 18860323, 0
0, 9, 14, 17, 452374344, 520667389, 3, 0, 44007420, 0
0, 9, 14, 17, 452374344, 520667389, 2, 2, 14108000, 0
0, 9, 14, 17, 452374344, 520667389, 2, 1, 22572800, 0
0, 9, 14, 17, 452374344, 520667389, 2, 0, 56431998, 0
0, 9, 14, 17, 452374344, 520667389, 1, 2, 8650504, 0
0, 9, 14, 17, 452374344, 520667389, 1, 1, 14417506, 0
0, 9, 14, 17, 452374344, 520667389, 1, 0, 43252517, 0
0, 9, 14, 17, 452374344, 520667389, 0, 2, 1, 1
0, 9, 14, 17, 452374344, 520667389, 0, 1, 1, 1
0, 10, 14, 17, 520667390, 563888455, 5, 2, 1830160, 0
0, 10, 14, 17, 520667390, 563888455, 5, 1, 2828428, 0
0, 10, 14, 17, 520667390, 563888455, 5, 0, 6222542, 0
0, 10, 14, 17, 520667390, 563888455, 4, 2, 873954, 0
0, 10, 14, 17, 520667390, 563888455, 4, 1, 1359483, 0
0, 10, 14, 17, 520667390, 563888455, 4, 0, 3058837, 0
0, 10, 14, 17, 520667390, 563888455, 3, 2, 1112305, 0
0, 10, 14, 17, 520667390, 563888455, 3, 1, 1747907, 0
0, 10, 14, 17, 520667390, 563888455, 3, 0, 4078449, 0
0, 10, 14, 17, 520667390, 563888455, 2, 2, 1508186, 0
0, 10, 14, 17, 520667390, 563888455, 2, 1, 2413098, 0
0, 10, 14, 17, 520667390, 563888455, 2, 0, 6032744, 0
0, 10, 14, 17, 520667390, 563888455, 1, 2, 1, 1
0, 10, 14, 17, 520667390, 563888455, 1, 1, 1, 1
0, 10, 14, 17, 520667390, 563888455, 1, 0, 1, 0
0, 10, 14, 17, 520667390, 563888455, 0, 2, 1, 1
0, 10, 14, 17, 520667390, 563888455, 0, 1, 1, 1
0, 11, 14, 17, 563888456, 633398309, 5, 2, 7681071, 0
0, 11, 14, 17, 563888456, 633398309, 5, 1, 4530723, 0
0, 11, 14, 17, 563888456, 633398309, 5, 0, 6016006, 0
0, 11, 14, 17, 563888456, 633398309, 4, 2, 5298758, 0
0, 11, 14, 17, 563888456, 633398309, 4, 1, 3674948, 0
0, 11, 14, 17, 563888456, 633398309, 4, 0, 3329153, 0
0, 11, 14, 17, 563888456, 633398309, 3, 2, 5533272, 1
0, 11, 14, 17, 563888456, 633398309, 3, 1, 2822560, 1
0, 11, 14, 17, 563888456, 633398309, 3, 0, 1, 0
0, 11, 14, 17, 563888456, 633398309, 2, 2, 4377729, 1
0, 11, 14, 17, 563888456, 633398309, 2, 1, 1407900, 1
0, 11, 14, 17, 563888456, 633398309, 2, 0, 1, 0
0, 11, 14, 17, 563888456, 633398309, 1, 2, 4797459, 1
0, 11, 14, 17, 563888456, 633398309, 1, 1, 2346499, 1
0, 11, 14, 17, 563888456, 633398309, 1, 0, 1, 0
0, 11, 14, 17, 563888456, 633398309, 0, 2, 1, 1
0, 11, 14, 17, 563888456, 633398309, 0, 1, 1, 1
0, 12, 14, 17, 633398310, 676775989, 5, 2, 1, 1
0, 12, 14, 17, 633398310, 676775989, 5, 1, 1, 1
0, 12, 14, 17, 633398310, 676775989, 5, 0, 1, 0
0, 12, 14, 17, 633398310, 676775989, 4, 2, 1, 1
0, 12, 14, 17, 633398310, 676775989, 4, 1, 1, 1
0, 12, 14, 17, 633398310, 676775989, 4, 0, 1, 0
0, 12, 14, 17, 633398310, 676775989, 3, 2, 1, 1
0, 12, 14, 17, 633398310, 676775989, 3, 1, 1, 1
0, 12, 14, 17, 633398310, 676775989, 3, 0, 1, 0
0, 12, 14, 17, 633398310, 676775989, 2, 2, 1, 1
0, 12, 14, 17, 633398310, 676775989, 2, 1, 1, 1
0, 12, 14, 17, 633398310, 676775989, 2, 0, 1, 0
0, 12, 14, 17, 633398310, 676775989, 1, 2, 1, 1
0, 12, 14, 17, 633398310, 676775989, 1, 1, 1, 1
0, 12, 14, 17, 633398310, 676775989, 1, 0, 1, 0
0, 12, 14, 17, 633398310, 676775989, 0, 2, 1, 1
0, 12, 14, 17, 633398310, 676775989, 0, 1, 1, 1
0, 13, 14, 17, 676775990, 702274624, 5, 2, 1162538, 0
0, 13, 14, 17, 676775990, 702274624, 5, 1, 1351780, 0
0, 13, 14, 17, 676775990, 702274624, 5, 0, 2973915, 0
0, 13, 14, 17, 676775990, 702274624, 4, 2, 1411654, 0
0, 13, 14, 17, 676775990, 702274624, 4, 1, 1652175, 0
0, 13, 14, 17, 676775990, 702274624, 4, 0, 3717393, 0
0, 13, 14, 17, 676775990, 702274624, 3, 2, 1796650, 0
0, 13, 14, 17, 676775990, 702274624, 3, 1, 2124225, 0
0, 13, 14, 17, 676775990, 702274624, 3, 0, 4956524, 0
0, 13, 14, 17, 676775990, 702274624, 2, 2, 611697, 1
0, 13, 14, 17, 676775990, 702274624, 2, 1, 1, 1
0, 13, 14, 17, 676775990, 702274624, 2, 0, 1, 0
0, 13, 14, 17, 676775990, 702274624, 1, 2, 1, 1
0, 13, 14, 17, 676775990, 702274624, 1, 1, 1, 1
0, 13, 14, 17, 676775990, 702274624, 1, 0, 1, 0
0, 13, 14, 17, 676775990, 702274624, 0, 2, 1, 1
0, 13, 14, 17, 676775990, 702274624, 0, 1, 1, 1
0, 14, 14, 17, 702274625, 802631210, 5, 2, 138538613, 0
0, 14, 14, 17, 702274625, 802631210, 5, 1, 148344717, 1
0, 14, 14, 17, 702274625, 802631210, 5, 0, 140806009, 0
0, 14, 14, 17, 702274625, 802631210, 4, 2, 128731196, 0
0, 14, 14, 17, 702274625, 802631210, 4, 1, 140509150, 1
0, 14, 14, 17, 702274625, 802631210, 4, 0, 129094324, 0
0, 14, 14, 17, 702274625, 802631210, 3, 2, 118870441, 0
0, 14, 14, 17, 702274625, 802631210, 3, 1, 137420879, 1
0, 14, 14, 17, 702274625, 802631210, 3, 0, 126217824, 0
0, 14, 14, 17, 702274625, 802631210, 2, 2, 115102399, 0
0, 14, 14, 17, 702274625, 802631210, 2, 1, 115038100, 1
0, 14, 14, 17, 702274625, 802631210, 2, 0, 104263171, 0
0, 14, 14, 17, 702274625, 802631210, 1, 2, 107872122, 1
0, 14, 14, 17, 702274625, 802631210, 1, 1, 122221386, 1
0, 14, 14, 17, 702274625, 802631210, 1, 0, 1, 0
0, 14, 14, 17, 702274625, 802631210, 0, 2, 96537121, 1
0, 14, 14, 17, 702274625, 802631210, 0, 1, 183997633, 1
0, 15, 14, 17, 802631211, 852701799, 5, 2, 19612744, 0
0, 15, 14, 17, 802631211, 852701799, 5, 1, 20512432, 0
0, 15, 14, 17, 802631211, 852701799, 5, 0, 25998053, 0
0, 15, 14, 17, 802631211, 852701799, 4, 2, 12038620, 0
0, 15, 14, 17, 802631211, 852701799, 4, 1, 12487969, 0
0, 15, 14, 17, 802631211, 852701799, 4, 0, 17094048, 0
0, 15, 14, 17, 802631211, 852701799, 3, 2, 14538954, 0
0, 15, 14, 17, 802631211, 852701799, 3, 1, 15471077, 0
0, 15, 14, 17, 802631211, 852701799, 3, 0, 21427335, 0
0, 15, 14, 17, 802631211, 852701799, 2, 2, 16087207, 0
0, 15, 14, 17, 802631211, 852701799, 2, 1, 15413340, 0
0, 15, 14, 17, 802631211, 852701799, 2, 0, 32141002, 0
0, 15, 14, 17, 802631211, 852701799, 1, 2, 2556940, 1
0, 15, 14, 17, 802631211, 852701799, 1, 1, 4261566, 1
0, 15, 14, 17, 802631211, 852701799, 1, 0, 1, 0
0, 15, 14, 17, 802631211, 852701799, 0, 2, 1, 1
0, 15, 14, 17, 802631211, 852701799, 0, 1, 1, 1
0, 16, 14, 17, 852701800, 921552028, 5, 2, 1624755, 0
0, 16, 14, 17, 852701800, 921552028, 5, 1, 784099, 0
0, 16, 14, 17, 852701800, 921552028, 5, 0, 1725017, 0
0, 16, 14, 17, 852701800, 921552028, 4, 2, 1, 1
0, 16, 14, 17, 852701800, 921552028, 4, 1, 1, 1
0, 16, 14, 17, 852701800, 921552028, 4, 0, 1, 0
0, 16, 14, 17, 852701800, 921552028, 3, 2, 1, 1
0, 16, 14, 17, 852701800, 921552028, 3, 1, 1, 1
0, 16, 14, 17, 852701800, 921552028, 3, 0, 1, 0
0, 16, 14, 17, 852701800, 921552028, 2, 2, 1, 1
0, 16, 14, 17, 852701800, 921552028, 2, 1, 1, 1
0, 16, 14, 17, 852701800, 921552028, 2, 0, 1, 0
0, 16, 14, 17, 852701800, 921552028, 1, 2, 1, 1
0, 16, 14, 17, 852701800, 921552028, 1, 1, 1, 1
0, 16, 14, 17, 852701800, 921552028, 1, 0, 1, 0
0, 16, 14, 17, 852701800, 921552028, 0, 2, 1, 1
0, 16, 14, 17, 852701800, 921552028, 0, 1, 1, 1
0, 17, 14, 17, 921552029, 948498348, 5, 2, 61088605, 0
0, 17, 14, 17, 921552029, 948498348, 5, 1, 55036263, 0
0, 17, 14, 17, 921552029, 948498348, 5, 0, 56099250, 0
0, 17, 14, 17, 921552029, 948498348, 4, 2, 50412209, 0
0, 17, 14, 17, 921552029, 948498348, 4, 1, 47517851, 0
0, 17, 14, 17, 921552029, 948498348, 4, 0, 60176766, 0
0, 17, 14, 17, 921552029, 948498348, 3, 2, 58041769, 0
0, 17, 14, 17, 921552029, 948498348, 3, 1, 54468919, 0
0, 17, 14, 17, 921552029, 948498348, 3, 0, 67997575, 0
0, 17, 14, 17, 921552029, 948498348, 2, 2, 60744610, 0
0, 17, 14, 17, 921552029, 948498348, 2, 1, 48879128, 0
0, 17, 14, 17, 921552029, 948498348, 2, 0, 83821792, 0
0, 17, 14, 17, 921552029, 948498348, 1, 2, 59804437, 0
0, 17, 14, 17, 921552029, 948498348, 1, 1, 54254118, 0
0, 17, 14, 17, 921552029, 948498348, 1, 0, 86010298, 0
0, 17, 14, 17, 921552029, 948498348, 0, 2, 32298949, 1
0, 17, 14, 17, 921552029, 948498348, 0, 1, 1, 1
0, 18, 14, 17, 948498349, 973282559, 5, 2, 326043578, 1
0, 18, 14, 17, 948498349, 973282559, 5, 1, 250053235, 1
0, 18, 14, 17, 948498349, 973282559, 5, 0, 1, 0
0, 18, 14, 17, 948498349, 973282559, 4, 2, 306136986, 1
0, 18, 14, 17, 948498349, 973282559, 4, 1, 238880982, 1
0, 18, 14, 17, 948498349, 973282559, 4, 0, 1, 0
0, 18, 14, 17, 948498349, 973282559, 3, 2, 294967990, 1
0, 18, 14, 17, 948498349, 973282559, 3, 1, 228535724, 1
0, 18, 14, 17, 948498349, 973282559, 3, 0, 1, 0
0, 18, 14, 17, 948498349, 973282559, 2, 2, 337028305, 1
0, 18, 14, 17, 948498349, 973282559, 2, 1, 213329649, 1
0, 18, 14, 17, 948498349, 973282559, 2, 0, 1, 0
0, 18, 14, 17, 948498349, 973282559, 1, 2, 404646807, 1
0, 18, 14, 17, 948498349, 973282559, 1, 1, 314713322, 1
0, 18, 14, 17, 948498349, 973282559, 1, 0, 1, 0
0, 18, 14, 17, 948498349, 973282559, 0, 2, 465793780, 1
0, 18, 14, 17, 948498349, 973282559, 0, 1, 391869981, 1
0, 19, 14, 17, 973282560, 1024335087, 5, 2, 273479978, 1
0, 19, 14, 17, 973282560, 1024335087, 5, 1, 207080043, 1
0, 19, 14, 17, 973282560, 1024335087, 5, 0, 1, 0
0, 19, 14, 17, 973282560, 1024335087, 4, 2, 262183863, 1
0, 19, 14, 17, 973282560, 1024335087, 4, 1, 196566375, 1
0, 19, 14, 17, 973282560, 1024335087, 4, 0, 1, 0
0, 19, 14, 17, 973282560, 1024335087, 3, 2, 249451092, 1
0, 19, 14, 17, 973282560, 1024335087, 3, 1, 186213601, 1
0, 19, 14, 17, 973282560, 1024335087, 3, 0, 1, 0
0, 19, 14, 17, 973282560, 1024335087, 2, 2, 286443715, 1
0, 19, 14, 17, 973282560, 1024335087, 2, 1, 170216583, 1
0, 19, 14, 17, 973282560, 1024335087, 2, 0, 1, 0
0, 19, 14, 17, 973282560, 1024335087, 1, 2, 360457795, 1
0, 19, 14, 17, 973282560, 1024335087, 1, 1, 283694305, 1
0, 19, 14, 17, 973282560, 1024335087, 1, 0, 1, 0
0, 19, 14, 17, 973282560, 1024335087, 0, 2, 437607793, 1
0, 19, 14, 17, 973282560, 1024335087, 0, 1, 386680932, 1
0, 20, 14, 17, 1024335088, 1103269906, 5, 2, 474409758, 1
0, 20, 14, 17, 1024335088, 1103269906, 5, 1, 454359442, 1
0, 20, 14, 17, 1024335088, 1103269906, 5, 0, 294225120, 0
0, 20, 14, 17, 1024335088, 1103269906, 4, 2, 458958183, 1
0, 20, 14, 17, 1024335088, 1103269906, 4, 1, 448111250, 1
0, 20, 14, 17, 1024335088, 1103269906, 4, 0, 294225120, 0
0, 20, 14, 17, 1024335088, 1103269906, 3, 2, 446054575, 1
0, 20, 14, 17, 1024335088, 1103269906, 3, 1, 442944573, 1
0, 20, 14, 17, 1024335088, 1103269906, 3, 0, 294225120, 0
0, 20, 14, 17, 1024335088, 1103269906, 2, 2, 484787749, 1
0, 20, 14, 17, 1024335088, 1103269906, 2, 1, 456107645, 1
0, 20, 14, 17, 1024335088, 1103269906, 2, 0, 294225120, 0
0, 20, 14, 17, 1024335088, 1103269906, 1, 2, 452349329, 1
0, 20, 14, 17, 1024335088, 1103269906, 1, 1, 436841111, 1
0, 20, 14, 17, 1024335088, 1103269906, 1, 0, 294225120, 0
0, 20, 14, 17, 1024335088, 1103269906, 0, 2, 471882149, 1
0, 20, 14, 17, 1024335088, 1103269906, 0, 1, 485761956, 1
0, 21, 14, 17, 1103269907, 1135059629, 5, 2, 228066088, 1
0, 21, 14, 17, 1103269907, 1135059629, 5, 1, 171315474, 1
0, 21, 14, 17, 1103269907, 1135059629, 5, 0, 1, 0
0, 21, 14, 17, 1103269907, 1135059629, 4, 2, 238265067, 1
0, 21, 14, 17, 1103269907, 1135059629, 4, 1, 190320748, 1
0, 21, 14, 17, 1103269907, 1135059629, 4, 0, 1, 0
0, 21, 14, 17, 1103269907, 1135059629, 3, 2, 242922527, 1
0, 21, 14, 17, 1103269907, 1135059629, 3, 1, 197439552, 1
0, 21, 14, 17, 1103269907, 1135059629, 3, 0, 1, 0
0, 21, 14, 17, 1103269907, 1135059629, 2, 2, 249154753, 1
0, 21, 14, 17, 1103269907, 1135059629, 2, 1, 204081829, 1
0, 21, 14, 17, 1103269907, 1135059629, 2, 0, 1, 0
0, 21, 14, 17, 1103269907, 1135059629, 1, 2, 266499507, 1
0, 21, 14, 17, 1103269907, 1135059629, 1, 1, 222332780, 1
0, 21, 14, 17, 1103269907, 1135059629, 1, 0, 1, 0
0, 21, 14, 17, 1103269907, 1135059629, 0, 2, 319826663, 1
0, 21, 14, 17, 1103269907, 1135059629, 0, 1, 325383849, 1
0, 22, 14, 17, 1135059630, 1166468957, 5, 2, 368649656, 1
0, 22, 14, 17, 1135059630, 1166468957, 5, 1, 283248492, 1
0, 22, 14, 17, 1135059630, 1166468957, 5, 0, 1, 0
0, 22, 14, 17, 1135059630, 1166468957, 4, 2, 371963468, 1
0, 22, 14, 17, 1135059630, 1166468957, 4, 1, 287245367, 1
0, 22, 14, 17, 1135059630, 1166468957, 4, 0, 1, 0
0, 22, 14, 17, 1135059630, 1166468957, 3, 2, 378050040, 1
0, 22, 14, 17, 1135059630, 1166468957, 3, 1, 294593355, 1
0, 22, 14, 17, 1135059630, 1166468957, 3, 0, 1, 0
0, 22, 14, 17, 1135059630, 1166468957, 2, 2, 387360459, 1
0, 22, 14, 17, 1135059630, 1166468957, 2, 1, 305908285, 1
0, 22, 14, 17, 1135059630, 1166468957, 2, 0, 1, 0
0, 22, 14, 17, 1135059630, 1166468957, 1, 2, 412375302, 1
0, 22, 14, 17, 1135059630, 1166468957, 1, 1, 333957440, 1
0, 22, 14, 17, 1135059630, 1166468957, 1, 0, 1, 0
0, 22, 14, 17, 1135059630, 1166468957, 0, 2, 507371963, 1
0, 22, 14, 17, 1135059630, 1166468957, 0, 1, 486491076, 1
0, 23, 14, 17, 1166468958, 1204672885, 5, 2, 192914018, 1
0, 23, 14, 17, 1166468958, 1204672885, 5, 1, 145954949, 1
0, 23, 14, 17, 1166468958, 1204672885, 5, 0, 1, 0
0, 23, 14, 17, 1166468958, 1204672885, 4, 2, 208527813, 1
0, 23, 14, 17, 1166468958, 1204672885, 4, 1, 158298074, 1
0, 23, 14, 17, 1166468958, 1204672885, 4, 0, 1, 0
0, 23, 14, 17, 1166468958, 1204672885, 3, 2, 213802037, 1
0, 23, 14, 17, 1166468958, 1204672885, 3, 1, 164024686, 1
0, 23, 14, 17, 1166468958, 1204672885, 3, 0, 1, 0
0, 23, 14, 17, 1166468958, 1204672885, 2, 2, 214045526, 1
0, 23, 14, 17, 1166468958, 1204672885, 2, 1, 162100579, 1
0, 23, 14, 17, 1166468958, 1204672885, 2, 0, 1, 0
0, 23, 14, 17, 1166468958, 1204672885, 1, 2, 244607127, 1
0, 23, 14, 17, 1166468958, 1204672885, 1, 1, 210845708, 1
0, 23, 14, 17, 1166468958, 1204672885, 1, 0, 1, 0
0, 23, 14, 17, 1166468958, 1204672885, 0, 2, 296281085, 1
0, 23, 14, 17, 1166468958, 1204672885, 0, 1, 316522172, 1
0, 24, 14, 17, 1204672886, 1248511401, 5, 2, 366550386, 1
0, 24, 14, 17, 1204672886, 1248511401, 5, 1, 286786545, 1
0, 24, 14, 17, 1204672886, 1248511401, 5, 0, 1, 0
0, 24, 14, 17, 1204672886, 1248511401, 4, 2, 367767174, 1
0, 24, 14, 17, 1204672886, 1248511401, 4, 1, 287722323, 1
0, 24, 14, 17, 1204672886, 1248511401, 4, 0, 1, 0
0, 24, 14, 17, 1204672886, 1248511401, 3, 2, 379488221, 1
0, 24, 14, 17, 1204672886, 1248511401, 3, 1, 298267439, 1
0, 24, 14, 17, 1204672886, 1248511401, 3, 0, 1, 0
0, 24, 14, 17, 1204672886, 1248511401, 2, 2, 403396376, 1
0, 24, 14, 17, 1204672886, 1248511401, 2, 1, 325139952, 1
0, 24, 14, 17, 1204672886, 1248511401, 2, 0, 1, 0
0, 24, 14, 17, 1204672886, 1248511401, 1, 2, 447339748, 1
0, 24, 14, 17, 1204672886, 1248511401, 1, 1, 376767393, 1
0, 24, 14, 17, 1204672886, 1248511401, 1, 0, 1, 0
0, 24, 14, 17, 1204672886, 1248511401, 0, 2, 565151090, 1
0, 24, 14, 17, 1204672886, 1248511401, 0, 1, 565151090, 1
0, 25, 14, 17, 1248511402, 1281032449, 5, 2, 226926698, 1
0, 25, 14, 17, 1248511402, 1281032449, 5, 1, 175740332, 1
0, 25, 14, 17, 1248511402, 1281032449, 5, 0, 1, 0
0, 25, 14, 17, 1248511402, 1281032449, 4, 2, 226353095, 1
0, 25, 14, 17, 1248511402, 1281032449, 4, 1, 177521301, 1
0, 25, 14, 17, 1248511402, 1281032449, 4, 0, 1, 0
0, 25, 14, 17, 1248511402, 1281032449, 3, 2, 229344199, 1
0, 25, 14, 17, 1248511402, 1281032449, 3, 1, 180024187, 1
0, 25, 14, 17, 1248511402, 1281032449, 3, 0, 1, 0
0, 25, 14, 17, 1248511402, 1281032449, 2, 2, 237974955, 1
0, 25, 14, 17, 1248511402, 1281032449, 2, 1, 192420686, 1
0, 25, 14, 17, 1248511402, 1281032449, 2, 0, 1, 0
0, 25, 14, 17, 1248511402, 1281032449, 1, 2, 248308048, 1
0, 25, 14, 17, 1248511402, 1281032449, 1, 1, 210270762, 1
0, 25, 14, 17, 1248511402, 1281032449, 1, 0, 1, 0
0, 25, 14, 17, 1248511402, 1281032449, 0, 2, 301170183, 1
0, 25, 14, 17, 1248511402, 1281032449, 0, 1, 303104371, 1
0, 26, 14, 17, 1281032450, 1353335904, 5, 2, 89761097, 0
0, 26, 14, 17, 1281032450, 1353335904, 5, 1, 87815891, 0
0, 26, 14, 17, 1281032450, 1353335904, 5, 0, 78825811, 0
0, 26, 14, 17, 1281032450, 1353335904, 4, 2, 74149437, 0
0, 26, 14, 17, 1281032450, 1353335904, 4, 1, 83645050, 0
0, 26, 14, 17, 1281032450, 1353335904, 4, 0, 69850436, 0
0, 26, 14, 17, 1281032450, 1353335904, 3, 2, 81168777, 0
0, 26, 14, 17, 1281032450, 1353335904, 3, 1, 86795698, 0
0, 26, 14, 17, 1281032450, 1353335904, 3, 0, 72837553, 0
0, 26, 14, 17, 1281032450, 1353335904, 2, 2, 71124085, 0
0, 26, 14, 17, 1281032450, 1353335904, 2, 1, 56741204, 0
0, 26, 14, 17, 1281032450, 1353335904, 2, 0, 69280969, 0
0, 26, 14, 17, 1281032450, 1353335904, 1, 2, 70485662, 0
0, 26, 14, 17, 1281032450, 1353335904, 1, 1, 48601968, 0
0, 26, 14, 17, 1281032450, 1353335904, 1, 0, 68429697, 0
0, 26, 14, 17, 1281032450, 1353335904, 0, 2, 50632095, 1
0, 26, 14, 17, 1281032450, 1353335904, 0, 1, 57390421, 1
0, 27, 14, 17, 1353335905, 1364937900, 5, 2, 1, 1
0, 27, 14, 17, 1353335905, 1364937900, 5, 1, 1, 1
0, 27, 14, 17, 1353335905, 1364937900, 5, 0, 1, 0
0, 27, 14, 17, 1353335905, 1364937900, 4, 2, 1, 1
0, 27, 14, 17, 1353335905, 1364937900, 4, 1, 1, 1
0, 27, 14, 17, 1353335905, 1364937900, 4, 0, 1, 0
0, 27, 14, 17, 1353335905, 1364937900, 3, 2, 1, 1
0, 27, 14, 17, 1353335905, 1364937900, 3, 1, 1, 1
0, 27, 14, 17, 1353335905, 1364937900, 3, 0, 1, 0
0, 27, 14, 17, 1353335905, 1364937900, 2, 2, 1, 1
0, 27, 14, 17, 1353335905, 1364937900, 2, 1, 1, 1
0, 27, 14, 17, 1353335905, 1364937900, 2, 0, 1, 0
0, 27, 14, 17, 1353335905, 1364937900, 1, 2, 1, 1
0, 27, 14, 17, 1353335905, 1364937900, 1, 1, 1, 1
0, 27, 14, 17, 1353335905, 1364937900, 1, 0, 1, 0
0, 27, 14, 17, 1353335905, 1364937900, 0, 2, 1, 1
0, 27, 14, 17, 1353335905, 1364937900, 0, 1, 1, 1
0, 28, 14, 17, 1364937901, 1419415090, 5, 2, 1215601, 1
0, 28, 14, 17, 1364937901, 1419415090, 5, 1, 1, 1
0, 28, 14, 17, 1364937901, 1419415090, 5, 0, 1, 0
0, 28, 14, 17, 1364937901, 1419415090, 4, 2, 1476086, 1
0, 28, 14, 17, 1364937901, 1419415090, 4, 1, 1, 1
0, 28, 14, 17, 1364937901, 1419415090, 4, 0, 1, 0
0, 28, 14, 17, 1364937901, 1419415090, 3, 2, 731518, 1
0, 28, 14, 17, 1364937901, 1419415090, 3, 1, 1, 1
0, 28, 14, 17, 1364937901, 1419415090, 3, 0, 1, 0
0, 28, 14, 17, 1364937901, 1419415090, 2, 2, 1005837, 1
0, 28, 14, 17, 1364937901, 1419415090, 2, 1, 1, 1
0, 28, 14, 17, 1364937901, 1419415090, 2, 0, 1, 0
0, 28, 14, 17, 1364937901, 1419415090, 1, 2, 1609339, 1
0, 28, 14, 17, 1364937901, 1419415090, 1, 1, 1, 1
0, 28, 14, 17, 1364937901, 1419415090, 1, 0, 1, 0
0, 28, 14, 17, 1364937901, 1419415090, 0, 2, 1, 1
0, 28, 14, 17, 1364937901, 1419415090, 0, 1, 1, 1
0, 29, 14, 17, 1419415091, 1440370198, 5, 2, 108187678, 0
0, 29, 14, 17, 1419415091, 1440370198, 5, 1, 108434229, 0
0, 29, 14, 17, 1419415091, 1440370198, 5, 0, 100945126, 0
0, 29, 14, 17, 1419415091, 1440370198, 4, 2, 98247419, 0
0, 29, 14, 17, 1419415091, 1440370198, 4, 1, 100503362, 0
0, 29, 14, 17, 1419415091, 1440370198, 4, 0, 98282431, 0
0, 29, 14, 17, 1419415091, 1440370198, 3, 2, 93697457, 0
0, 29, 14, 17, 1419415091, 1440370198, 3, 1, 93352015, 0
0, 29, 14, 17, 1419415091, 1440370198, 3, 0, 91734464, 0
0, 29, 14, 17, 1419415091, 1440370198, 2, 2, 86723749, 1
0, 29, 14, 17, 1419415091, 1440370198, 2, 1, 87562495, 1
0, 29, 14, 17, 1419415091, 1440370198, 2, 0, 74204135, 0
0, 29, 14, 17, 1419415091, 1440370198, 1, 2, 86618196, 0
0, 29, 14, 17, 1419415091, 1440370198, 1, 1, 89434274, 0
0, 29, 14, 17, 1419415091, 1440370198, 1, 0, 88935051, 0
0, 29, 14, 17, 1419415091, 1440370198, 0, 2, 83211730, 1
0, 29, 14, 17, 1419415091, 1440370198, 0, 1, 87805859, 1
0, 30, 14, 17, 1440370199, 1480562303, 5, 2, 28253726, 1
0, 30, 14, 17, 1440370199, 1480562303, 5, 1, 30731660, 0
0, 30, 14, 17, 1440370199, 1480562303, 5, 0, 33519837, 0
0, 30, 14, 17, 1440370199, 1480562303, 4, 2, 22311858, 1
0, 30, 14, 17, 1440370199, 1480562303, 4, 1, 18900104, 1
0, 30, 14, 17, 1440370199, 1480562303, 4, 0, 1, 0
0, 30, 14, 17, 1440370199, 1480562303, 3, 2, 17226368, 1
0, 30, 14, 17, 1440370199, 1480562303, 3, 1, 6746424, 1
0, 30, 14, 17, 1440370199, 1480562303, 3, 0, 1, 0
0, 30, 14, 17, 1440370199, 1480562303, 2, 2, 23686256, 1
0, 30, 14, 17, 1440370199, 1480562303, 2, 1, 9444994, 1
0, 30, 14, 17, 1440370199, 1480562303, 2, 0, 1, 0
0, 30, 14, 17, 1440370199, 1480562303, 1, 2, 37898009, 1
0, 30, 14, 17, 1440370199, 1480562303, 1, 1, 15741656, 1
0, 30, 14, 17, 1440370199, 1480562303, 1, 0, 1, 0
0, 30, 14, 17, 1440370199, 1480562303, 0, 2, 34544192, 1
0, 30, 14, 17, 1440370199, 1480562303, 0, 1, 1, 1
0, 31, 14, 17, 1480562304, 1546649601, 5, 2, 2911775, 1
0, 31, 14, 17, 1480562304, 1546649601, 5, 1, 2064448, 1
0, 31, 14, 17, 1480562304, 1546649601, 5, 0, 1, 0
0, 31, 14, 17, 1480562304, 1546649601, 4, 2, 1, 1
0, 31, 14, 17, 1480562304, 1546649601, 4, 1, 1, 1
0, 31, 14, 17, 1480562304, 1546649601, 4, 0, 1, 0
0, 31, 14, 17, 1480562304, 1546649601, 3, 2, 1, 1
0, 31, 14, 17, 1480562304, 1546649601, 3, 1, 1, 1
0, 31, 14, 17, 1480562304, 1546649601, 3, 0, 1, 0
0, 31, 14, 17, 1480562304, 1546649601, 2, 2, 1, 1
0, 31, 14, 17, 1480562304, 1546649601, 2, 1, 1, 1
0, 31, 14, 17, 1480562304, 1546649601, 2, 0, 1, 0
0, 31, 14, 17, 1480562304, 1546649601, 1, 2, 1, 1
0, 31, 14, 17, 1480562304, 1546649601, 1, 1, 1, 1
0, 31, 14, 17, 1480562304, 1546649601, 1, 0, 1, 0
0, 31, 14, 17, 1480562304, 1546649601, 0, 2, 1, 1
0, 31, 14, 17, 1480562304, 1546649601, 0, 1, 1, 1
0, 32, 14, 17, 1546649602, 1600068596, 5, 2, 34785068, 1
0, 32, 14, 17, 1546649602, 1600068596, 5, 1, 33921303, 1
0, 32, 14, 17, 1546649602, 1600068596, 5, 0, 20420325, 0
0, 32, 14, 17, 1546649602, 1600068596, 4, 2, 31718203, 1
0, 32, 14, 17, 1546649602, 1600068596, 4, 1, 32656868, 1
0, 32, 14, 17, 1546649602, 1600068596, 4, 0, 19291886, 0
0, 32, 14, 17, 1546649602, 1600068596, 3, 2, 35172660, 1
0, 32, 14, 17, 1546649602, 1600068596, 3, 1, 36142221, 1
0, 32, 14, 17, 1546649602, 1600068596, 3, 0, 18943181, 0
0, 32, 14, 17, 1546649602, 1600068596, 2, 2, 36420966, 1
0, 32, 14, 17, 1546649602, 1600068596, 2, 1, 39971755, 1
0, 32, 14, 17, 1546649602, 1600068596, 2, 0, 28414771, 0
0, 32, 14, 17, 1546649602, 1600068596, 1, 2, 35939367, 0
0, 32, 14, 17, 1546649602, 1600068596, 1, 1, 48965958, 1
0, 32, 14, 17, 1546649602, 1600068596, 1, 0, 56829541, 0
0, 32, 14, 17, 1546649602, 1600068596, 0, 2, 30074186, 1
0, 32, 14, 17, 1546649602, 1600068596, 0, 1, 60148372, 1
0, 33, 14, 17, 1600068597, 1625740418, 5, 2, 13697131, 0
0, 33, 14, 17, 1600068597, 1625740418, 5, 1, 9023539, 0
0, 33, 14, 17, 1600068597, 1625740418, 5, 0, 6690771, 0
0, 33, 14, 17, 1600068597, 1625740418, 4, 2, 13675616, 0
0, 33, 14, 17, 1600068597, 1625740418, 4, 1, 11028770, 0
0, 33, 14, 17, 1600068597, 1625740418, 4, 0, 8363463, 0
0, 33, 14, 17, 1600068597, 1625740418, 3, 2, 14296704, 1
0, 33, 14, 17, 1600068597, 1625740418, 3, 1, 9400726, 1
0, 33, 14, 17, 1600068597, 1625740418, 3, 0, 1, 0
0, 33, 14, 17, 1600068597, 1625740418, 2, 2, 17241920, 1
0, 33, 14, 17, 1600068597, 1625740418, 2, 1, 9295339, 1
0, 33, 14, 17, 1600068597, 1625740418, 2, 0, 1, 0
0, 33, 14, 17, 1600068597, 1625740418, 1, 2, 14072109, 1
0, 33, 14, 17, 1600068597, 1625740418, 1, 1, 4849115, 1
0, 33, 14, 17, 1600068597, 1625740418, 1, 0, 1, 0
0, 33, 14, 17, 1600068597, 1625740418, 0, 2, 1, 1
0, 33, 14, 17, 1600068597, 1625740418, 0, 1, 1, 1
0, 34, 14, 17, 1625740419, 1684098912, 5, 2, 102517278, 1
0, 34, 14, 17, 1625740419, 1684098912, 5, 1, 77782078, 1
0, 34, 14, 17, 1625740419, 1684098912, 5, 0, 1, 0
0, 34, 14, 17, 1625740419, 1684098912, 4, 2, 103936369, 1
0, 34, 14, 17, 1625740419, 1684098912, 4, 1, 81827199, 1
0, 34, 14, 17, 1625740419, 1684098912, 4, 0, 1, 0
0, 34, 14, 17, 1625740419, 1684098912, 3, 2, 112431903, 1
0, 34, 14, 17, 1625740419, 1684098912, 3, 1, 92280212, 1
0, 34, 14, 17, 1625740419, 1684098912, 3, 0, 1, 0
0, 34, 14, 17, 1625740419, 1684098912, 2, 2, 127336038, 1
0, 34, 14, 17, 1625740419, 1684098912, 2, 1, 91236353, 1
0, 34, 14, 17, 1625740419, 1684098912, 2, 0, 1, 0
0, 34, 14, 17, 1625740419, 1684098912, 1, 2, 127825773, 1
0, 34, 14, 17, 1625740419, 1684098912, 1, 1, 88800682, 1
0, 34, 14, 17, 1625740419, 1684098912, 1, 0, 1, 0
0, 34, 14, 17, 1625740419, 1684098912, 0, 2, 157250261, 1
0, 34, 14, 17, 1625740419, 1684098912, 0, 1, 124720803, 1
0, 35, 14, 17, 1684098913, 1732634392, 5, 2, 15007065, 0
0, 35, 14, 17, 1684098913, 1732634392, 5, 1, 12797634, 0
0, 35, 14, 17, 1684098913, 1732634392, 5, 0, 9396591, 0
0, 35, 14, 17, 1684098913, 1732634392, 4, 2, 12143994, 0
0, 35, 14, 17, 1684098913, 1732634392, 4, 1, 13656234, 0
0, 35, 14, 17, 1684098913, 1732634392, 4, 0, 11745738, 0
0, 35, 14, 17, 1684098913, 1732634392, 3, 2, 7847618, 1
0, 35, 14, 17, 1684098913, 1732634392, 3, 1, 5601998, 1
0, 35, 14, 17, 1684098913, 1732634392, 3, 0, 1, 0
0, 35, 14, 17, 1684098913, 1732634392, 2, 2, 4901748, 1
0, 35, 14, 17, 1684098913, 1732634392, 2, 1, 7842796, 1
0, 35, 14, 17, 1684098913, 1732634392, 2, 0, 1, 0
0, 35, 14, 17, 1684098913, 1732634392, 1, 2, 1, 1
0, 35, 14, 17, 1684098913, 1732634392, 1, 1, 1, 1
0, 35, 14, 17, 1684098913, 1732634392, 1, 0, 1, 0
0, 35, 14, 17, 1684098913, 1732634392, 0, 2, 1, 1
0, 35, 14, 17, 1684098913, 1732634392, 0, 1, 1, 1
0, 36, 14, 17, 1732634393, 1751236645, 5, 2, 24615696, 0
0, 36, 14, 17, 1732634393, 1751236645, 5, 1, 20196793, 0
0, 36, 14, 17, 1732634393, 1751236645, 5, 0, 25129436, 0
0, 36, 14, 17, 1732634393, 1751236645, 4, 2, 12080402, 0
0, 36, 14, 17, 1732634393, 1751236645, 4, 1, 9796269, 0
0, 36, 14, 17, 1732634393, 1751236645, 4, 0, 4796151, 0
0, 36, 14, 17, 1732634393, 1751236645, 3, 2, 10361905, 1
0, 36, 14, 17, 1732634393, 1751236645, 3, 1, 4717393, 1
0, 36, 14, 17, 1732634393, 1751236645, 3, 0, 1, 0
0, 36, 14, 17, 1732634393, 1751236645, 2, 2, 4127719, 1
0, 36, 14, 17, 1732634393, 1751236645, 2, 1, 6604351, 1
0, 36, 14, 17, 1732634393, 1751236645, 2, 0, 1, 0
0, 36, 14, 17, 1732634393, 1751236645, 1, 2, 509891, 1
0, 36, 14, 17, 1732634393, 1751236645, 1, 1, 849818, 1
0, 36, 14, 17, 1732634393, 1751236645, 1, 0, 1, 0
0, 36, 14, 17, 1732634393, 1751236645, 0, 2, 1274726, 1
0, 36, 14, 17, 1732634393, 1751236645, 0, 1, 2549452, 1
0, 37, 14, 17, 1751236646, 1786340564, 5, 2, 20231650, 1
0, 37, 14, 17, 1751236646, 1786340564, 5, 1, 14927766, 0
0, 37, 14, 17, 1751236646, 1786340564, 5, 0, 13649284, 0
0, 37, 14, 17, 1751236646, 1786340564, 4, 2, 23189088, 1
0, 37, 14, 17, 1751236646, 1786340564, 4, 1, 18084598, 0
0, 37, 14, 17, 1751236646, 1786340564, 4, 0, 16700595, 0
0, 37, 14, 17, 1751236646, 1786340564, 3, 2, 22719471, 1
0, 37, 14, 17, 1751236646, 1786340564, 3, 1, 15856626, 0
0, 37, 14, 17, 1751236646, 1786340564, 3, 0, 8034336, 0
0, 37, 14, 17, 1751236646, 1786340564, 2, 2, 23884079, 1
0, 37, 14, 17, 1751236646, 1786340564, 2, 1, 17365376, 0
0, 37, 14, 17, 1751236646, 1786340564, 2, 0, 12051504, 0
0, 37, 14, 17, 1751236646, 1786340564, 1, 2, 25364043, 0
0, 37, 14, 17, 1751236646, 1786340564, 1, 1, 19044270, 0
0, 37, 14, 17, 1751236646, 1786340564, 1, 0, 24103007, 0
0, 37, 14, 17, 1751236646, 1786340564, 0, 2, 17471034, 1
0, 37, 14, 17, 1751236646, 1786340564, 0, 1, 1, 1
0, 38, 14, 17, 1786340565, 1812182269, 5, 2, 110854169, 0
0, 38, 14, 17, 1786340565, 1812182269, 5, 1, 116618086, 0
0, 38, 14, 17, 1786340565, 1812182269, 5, 0, 132441457, 0
0, 38, 14, 17, 1786340565, 1812182269, 4, 2, 101392802, 0
0, 38, 14, 17, 1786340565, 1812182269, 4, 1, 108772898, 0
0, 38, 14, 17, 1786340565, 1812182269, 4, 0, 118220800, 0
0, 38, 14, 17, 1786340565, 1812182269, 3, 2, 104917805, 0
0, 38, 14, 17, 1786340565, 1812182269, 3, 1, 111701184, 0
0, 38, 14, 17, 1786340565, 1812182269, 3, 0, 125156039, 0
0, 38, 14, 17, 1786340565, 1812182269, 2, 2, 100619104, 0
0, 38, 14, 17, 1786340565, 1812182269, 2, 1, 107636185, 0
0, 38, 14, 17, 1786340565, 1812182269, 2, 0, 114912978, 0
0, 38, 14, 17, 1786340565, 1812182269, 1, 2, 82762889, 0
0, 38, 14, 17, 1786340565, 1812182269, 1, 1, 88386320, 0
0, 38, 14, 17, 1786340565, 1812182269, 1, 0, 100612042, 0
0, 38, 14, 17, 1786340565, 1812182269, 0, 2, 68087844, 1
0, 38, 14, 17, 1786340565, 1812182269, 0, 1, 76552488, 1
0, 39, 14, 17, 1812182270, 1927647187, 5, 2, 21418353, 0
0, 39, 14, 17, 1812182270, 1927647187, 5, 1, 10551493, 0
0, 39, 14, 17, 1812182270, 1927647187, 5, 0, 23145314, 0
0, 39, 14, 17, 1812182270, 1927647187, 4, 2, 8343383, 0
0, 39, 14, 17, 1812182270, 1927647187, 4, 1, 5005370, 0
0, 39, 14, 17, 1812182270, 1927647187, 4, 0, 11177119, 0
0, 39, 14, 17, 1812182270, 1927647187, 3, 2, 10172241, 0
0, 39, 14, 17, 1812182270, 1927647187, 3, 1, 5733658, 0
0, 39, 14, 17, 1812182270, 1927647187, 3, 0, 13265253, 0
0, 39, 14, 17, 1812182270, 1927647187, 2, 2, 11970540, 0
0, 39, 14, 17, 1812182270, 1927647187, 2, 1, 7959152, 0
0, 39, 14, 17, 1812182270, 1927647187, 2, 0, 19897879, 0
0, 39, 14, 17, 1812182270, 1927647187, 1, 2, 12456044, 0
0, 39, 14, 17, 1812182270, 1927647187, 1, 1, 13265253, 0
0, 39, 14, 17, 1812182270, 1927647187, 1, 0, 39795758, 0
0, 39, 14, 17, 1812182270, 1927647187, 0, 2, 1, 1
0, 39, 14, 17, 1812182270, 1927647187, 0, 1, 1, 1
0, 40, 14, 17, 1927647188, 1968070595, 5, 2, 6204186, 0
0, 40, 14, 17, 1927647188, 1968070595, 5, 1, 9588288, 0
0, 40, 14, 17, 1927647188, 1968070595, 5, 0, 4815705, 0
0, 40, 14, 17, 1927647188, 1968070595, 4, 2, 7533655, 0
0, 40, 14, 17, 1927647188, 1968070595, 4, 1, 11719018, 0
0, 40, 14, 17, 1927647188, 1968070595, 4, 0, 6019631, 0
0, 40, 14, 17, 1927647188, 1968070595, 3, 2, 4658161, 0
0, 40, 14, 17, 1927647188, 1968070595, 3, 1, 7319967, 0
0, 40, 14, 17, 1927647188, 1968070595, 3, 0, 624779, 0
0, 40, 14, 17, 1927647188, 1968070595, 2, 2, 2404330, 1
0, 40, 14, 17, 1927647188, 1968070595, 2, 1, 3846928, 1
0, 40, 14, 17, 1927647188, 1968070595, 2, 0, 1, 0
0, 40, 14, 17, 1927647188, 1968070595, 1, 2, 516689, 1
0, 40, 14, 17, 1927647188, 1968070595, 1, 1, 861148, 1
0, 40, 14, 17, 1927647188, 1968070595, 1, 0, 1, 0
0, 40, 14, 17, 1927647188, 1968070595, 0, 2, 1, 1
0, 40, 14, 17, 1927647188, 1968070595, 0, 1, 1, 1
0, 41, 14, 17, 1968070596, 2196025834, 5, 2, 14849800, 1
0, 41, 14, 17, 1968070596, 2196025834, 5, 1, 9632682, 0
0, 41, 14, 17, 1968070596, 2196025834, 5, 0, 15030154, 0
0, 41, 14, 17, 1968070596, 2196025834, 4, 2, 15311279, 1
0, 41, 14, 17, 1968070596, 2196025834, 4, 1, 7541201, 0
0, 41, 14, 17, 1968070596, 2196025834, 4, 0, 9265521, 0
0, 41, 14, 17, 1968070596, 2196025834, 3, 2, 10932483, 1
0, 41, 14, 17, 1968070596, 2196025834, 3, 1, 2356590, 0
0, 41, 14, 17, 1968070596, 2196025834, 3, 0, 1304261, 0
0, 41, 14, 17, 1968070596, 2196025834, 2, 2, 12954371, 1
0, 41, 14, 17, 1968070596, 2196025834, 2, 1, 3299225, 0
0, 41, 14, 17, 1968070596, 2196025834, 2, 0, 1956391, 0
0, 41, 14, 17, 1968070596, 2196025834, 1, 2, 16933814, 1
0, 41, 14, 17, 1968070596, 2196025834, 1, 1, 5498708, 0
0, 41, 14, 17, 1968070596, 2196025834, 1, 0, 3912782, 0
0, 41, 14, 17, 1968070596, 2196025834, 0, 2, 15712108, 1
0, 41, 14, 17, 1968070596, 2196025834, 0, 1, 1, 1
