3, 1, 9, 18, 1, 85160774, 10, 1, 50462040, 0
3, 1, 9, 18, 1, 85160774, 10, 0, 52510863, 0
3, 1, 9, 18, 1, 85160774, 9, 1, 46188192, 0
3, 1, 9, 18, 1, 85160774, 9, 0, 52624206, 0
3, 1, 9, 18, 1, 85160774, 8, 1, 42471726, 0
3, 1, 9, 18, 1, 85160774, 8, 0, 58068570, 0
3, 1, 9, 18, 1, 85160774, 7, 1, 48134623, 0
3, 1, 9, 18, 1, 85160774, 7, 0, 66364079, 0
3, 1, 9, 18, 1, 85160774, 6, 1, 55539950, 0
3, 1, 9, 18, 1, 85160774, 6, 0, 77424759, 0
3, 1, 9, 18, 1, 85160774, 5, 1, 55530145, 0
3, 1, 9, 18, 1, 85160774, 5, 0, 70672161, 0
3, 1, 9, 18, 1, 85160774, 4, 1, 66737464, 0
3, 1, 9, 18, 1, 85160774, 4, 0, 88340202, 0
3, 1, 9, 18, 1, 85160774, 3, 1, 39409805, 0
3, 1, 9, 18, 1, 85160774, 3, 0, 37800991, 0
3, 1, 9, 18, 1, 85160774, 2, 1, 39223330, 0
3, 1, 9, 18, 1, 85160774, 2, 0, 56701487, 0
3, 1, 9, 18, 1, 85160774, 1, 1, 41427338, 0
3, 1, 9, 18, 1, 85160774, 1, 0, 113402973, 0
3, 1, 9, 18, 1, 85160774, 0, 1, 10879041, 1
3, 2, 9, 18, 85160775, 100007062, 10, 1, 33729227, 1
3, 2, 9, 18, 85160775, 100007062, 10, 0, 4518094, 0
3, 2, 9, 18, 85160775, 100007062, 9, 1, 33948787, 1
3, 2, 9, 18, 85160775, 100007062, 9, 0, 1, 0
3, 2, 9, 18, 85160775, 100007062, 8, 1, 37942762, 1
3, 2, 9, 18, 85160775, 100007062, 8, 0, 1, 0
3, 2, 9, 18, 85160775, 100007062, 7, 1, 36575017, 1
3, 2, 9, 18, 85160775, 100007062, 7, 0, 1, 0
3, 2, 9, 18, 85160775, 100007062, 6, 1, 42201943, 1
3, 2, 9, 18, 85160775, 100007062, 6, 0, 1, 0
3, 2, 9, 18, 85160775, 100007062, 5, 1, 43854199, 1
3, 2, 9, 18, 85160775, 100007062, 5, 0, 1, 0
3, 2, 9, 18, 85160775, 100007062, 4, 1, 53599577, 1
3, 2, 9, 18, 85160775, 100007062, 4, 0, 1, 0
3, 2, 9, 18, 85160775, 100007062, 3, 1, 39119197, 1
3, 2, 9, 18, 85160775, 100007062, 3, 0, 1, 0
3, 2, 9, 18, 85160775, 100007062, 2, 1, 16974571, 1
3, 2, 9, 18, 85160775, 100007062, 2, 0, 1, 0
3, 2, 9, 18, 85160775, 100007062, 1, 1, 17280656, 1
3, 2, 9, 18, 85160775, 100007062, 1, 0, 1, 0
3, 2, 9, 18, 85160775, 100007062, 0, 1, 51841967, 1
3, 3, 9, 18, 100007063, 161084564, 10, 1, 53370885, 0
3, 3, 9, 18, 100007063, 161084564, 10, 0, 33878445, 0
3, 3, 9, 18, 100007063, 161084564, 9, 1, 39884310, 0
3, 3, 9, 18, 100007063, 161084564, 9, 0, 19873226, 0
3, 3, 9, 18, 100007063, 161084564, 8, 1, 32439689, 0
3, 3, 9, 18, 100007063, 161084564, 8, 0, 14061950, 0
3, 3, 9, 18, 100007063, 161084564, 7, 1, 30793980, 0
3, 3, 9, 18, 100007063, 161084564, 7, 0, 16070800, 0
3, 3, 9, 18, 100007063, 161084564, 6, 1, 34672758, 0
3, 3, 9, 18, 100007063, 161084564, 6, 0, 17039322, 0
3, 3, 9, 18, 100007063, 161084564, 5, 1, 40029138, 0
3, 3, 9, 18, 100007063, 161084564, 5, 0, 18362121, 0
3, 3, 9, 18, 100007063, 161084564, 4, 1, 36840549, 0
3, 3, 9, 18, 100007063, 161084564, 4, 0, 22952651, 0
3, 3, 9, 18, 100007063, 161084564, 3, 1, 33514082, 0
3, 3, 9, 18, 100007063, 161084564, 3, 0, 30603534, 0
3, 3, 9, 18, 100007063, 161084564, 2, 1, 16345348, 0
3, 3, 9, 18, 100007063, 161084564, 2, 0, 36101055, 0
3, 3, 9, 18, 100007063, 161084564, 1, 1, 3174876, 1
3, 3, 9, 18, 100007063, 161084564, 1, 0, 1, 0
3, 3, 9, 18, 100007063, 161084564, 0, 1, 1, 1
3, 4, 9, 18, 161084565, 300210940, 10, 1, 590690344, 0
3, 4, 9, 18, 161084565, 300210940, 10, 0, 560782562, 0
3, 4, 9, 18, 161084565, 300210940, 9, 1, 572207540, 0
3, 4, 9, 18, 161084565, 300210940, 9, 0, 540306744, 0
3, 4, 9, 18, 161084565, 300210940, 8, 1, 557133192, 0
3, 4, 9, 18, 161084565, 300210940, 8, 0, 517447079, 0
3, 4, 9, 18, 161084565, 300210940, 7, 1, 559767353, 0
3, 4, 9, 18, 161084565, 300210940, 7, 0, 551421449, 0
3, 4, 9, 18, 161084565, 300210940, 6, 1, 523926143, 0
3, 4, 9, 18, 161084565, 300210940, 6, 0, 509993207, 0
3, 4, 9, 18, 161084565, 300210940, 5, 1, 534700799, 0
3, 4, 9, 18, 161084565, 300210940, 5, 0, 597316537, 0
3, 4, 9, 18, 161084565, 300210940, 4, 1, 501817801, 0
3, 4, 9, 18, 161084565, 300210940, 4, 0, 520532787, 0
3, 4, 9, 18, 161084565, 300210940, 3, 1, 412957587, 0
3, 4, 9, 18, 161084565, 300210940, 3, 0, 395242359, 0
3, 4, 9, 18, 161084565, 300210940, 2, 1, 413624755, 0
3, 4, 9, 18, 161084565, 300210940, 2, 0, 226577570, 0
3, 4, 9, 18, 161084565, 300210940, 1, 1, 260704595, 1
3, 4, 9, 18, 161084565, 300210940, 1, 0, 13045560, 0
3, 4, 9, 18, 161084565, 300210940, 0, 1, 50019516, 1
3, 5, 9, 18, 300210941, 363725887, 10, 1, 57691873, 1
3, 5, 9, 18, 300210941, 363725887, 10, 0, 64764126, 0
3, 5, 9, 18, 300210941, 363725887, 9, 1, 60159290, 1
3, 5, 9, 18, 300210941, 363725887, 9, 0, 71960140, 0
3, 5, 9, 18, 300210941, 363725887, 8, 1, 61385019, 1
3, 5, 9, 18, 300210941, 363725887, 8, 0, 68520009, 0
3, 5, 9, 18, 300210941, 363725887, 7, 1, 62939437, 1
3, 5, 9, 18, 300210941, 363725887, 7, 0, 74835955, 0
3, 5, 9, 18, 300210941, 363725887, 6, 1, 65869519, 1
3, 5, 9, 18, 300210941, 363725887, 6, 0, 87075126, 0
3, 5, 9, 18, 300210941, 363725887, 5, 1, 59967047, 1
3, 5, 9, 18, 300210941, 363725887, 5, 0, 73345383, 0
3, 5, 9, 18, 300210941, 363725887, 4, 1, 65418486, 1
3, 5, 9, 18, 300210941, 363725887, 4, 0, 73963942, 0
3, 5, 9, 18, 300210941, 363725887, 3, 1, 72743850, 0
3, 5, 9, 18, 300210941, 363725887, 3, 0, 98602680, 0
3, 5, 9, 18, 300210941, 363725887, 2, 1, 71564903, 1
3, 5, 9, 18, 300210941, 363725887, 2, 0, 88091702, 0
3, 5, 9, 18, 300210941, 363725887, 1, 1, 79109938, 1
3, 5, 9, 18, 300210941, 363725887, 1, 0, 55688707, 0
3, 5, 9, 18, 300210941, 363725887, 0, 1, 98209289, 1
3, 6, 9, 18, 363725888, 429697345, 10, 1, 518876382, 0
3, 6, 9, 18, 363725888, 429697345, 10, 0, 557917618, 0
3, 6, 9, 18, 363725888, 429697345, 9, 1, 501171008, 0
3, 6, 9, 18, 363725888, 429697345, 9, 0, 550502389, 0
3, 6, 9, 18, 363725888, 429697345, 8, 1, 471711267, 0
3, 6, 9, 18, 363725888, 429697345, 8, 0, 524075578, 0
3, 6, 9, 18, 363725888, 429697345, 7, 1, 444067824, 0
3, 6, 9, 18, 363725888, 429697345, 7, 0, 503699784, 0
3, 6, 9, 18, 363725888, 429697345, 6, 1, 460266239, 0
3, 6, 9, 18, 363725888, 429697345, 6, 0, 474723706, 0
3, 6, 9, 18, 363725888, 429697345, 5, 1, 488821585, 0
3, 6, 9, 18, 363725888, 429697345, 5, 0, 569668447, 0
3, 6, 9, 18, 363725888, 429697345, 4, 1, 448493223, 0
3, 6, 9, 18, 363725888, 429697345, 4, 0, 521661756, 0
3, 6, 9, 18, 363725888, 429697345, 3, 1, 394522308, 0
3, 6, 9, 18, 363725888, 429697345, 3, 0, 463895097, 0
3, 6, 9, 18, 363725888, 429697345, 2, 1, 419642692, 0
3, 6, 9, 18, 363725888, 429697345, 2, 0, 371721229, 0
3, 6, 9, 18, 363725888, 429697345, 1, 1, 264901394, 1
3, 6, 9, 18, 363725888, 429697345, 1, 0, 1, 0
3, 6, 9, 18, 363725888, 429697345, 0, 1, 85621101, 1
3, 7, 9, 18, 429697346, 487605127, 10, 1, 75685209, 0
3, 7, 9, 18, 429697346, 487605127, 10, 0, 89274036, 0
3, 7, 9, 18, 429697346, 487605127, 9, 1, 71441079, 0
3, 7, 9, 18, 429697346, 487605127, 9, 0, 94105060, 0
3, 7, 9, 18, 429697346, 487605127, 8, 1, 71950221, 0
3, 7, 9, 18, 429697346, 487605127, 8, 0, 89089850, 0
3, 7, 9, 18, 429697346, 487605127, 7, 1, 74502589, 0
3, 7, 9, 18, 429697346, 487605127, 7, 0, 86729125, 0
3, 7, 9, 18, 429697346, 487605127, 6, 1, 73421921, 0
3, 7, 9, 18, 429697346, 487605127, 6, 0, 101183979, 0
3, 7, 9, 18, 429697346, 487605127, 5, 1, 73276134, 0
3, 7, 9, 18, 429697346, 487605127, 5, 0, 121420775, 0
3, 7, 9, 18, 429697346, 487605127, 4, 1, 50365326, 0
3, 7, 9, 18, 429697346, 487605127, 4, 0, 108210905, 0
3, 7, 9, 18, 429697346, 487605127, 3, 1, 50493985, 0
3, 7, 9, 18, 429697346, 487605127, 3, 0, 111004527, 0
3, 7, 9, 18, 429697346, 487605127, 2, 1, 58150459, 0
3, 7, 9, 18, 429697346, 487605127, 2, 0, 135153991, 0
3, 7, 9, 18, 429697346, 487605127, 1, 1, 56566036, 0
3, 7, 9, 18, 429697346, 487605127, 1, 0, 149253795, 0
3, 7, 9, 18, 429697346, 487605127, 0, 1, 1, 1
3, 8, 9, 18, 487605128, 664895286, 10, 1, 233396139, 0
3, 8, 9, 18, 487605128, 664895286, 10, 0, 299480672, 0
3, 8, 9, 18, 487605128, 664895286, 9, 1, 189267759, 0
3, 8, 9, 18, 487605128, 664895286, 9, 0, 284367950, 0
3, 8, 9, 18, 487605128, 664895286, 8, 1, 160551365, 0
3, 8, 9, 18, 487605128, 664895286, 8, 0, 211574669, 0
3, 8, 9, 18, 487605128, 664895286, 7, 1, 149056435, 0
3, 8, 9, 18, 487605128, 664895286, 7, 0, 206547716, 0
3, 8, 9, 18, 487605128, 664895286, 6, 1, 153006399, 0
3, 8, 9, 18, 487605128, 664895286, 6, 0, 199845112, 0
3, 8, 9, 18, 487605128, 664895286, 5, 1, 141016316, 0
3, 8, 9, 18, 487605128, 664895286, 5, 0, 201586059, 0
3, 8, 9, 18, 487605128, 664895286, 4, 1, 117516977, 0
3, 8, 9, 18, 487605128, 664895286, 4, 0, 190291739, 0
3, 8, 9, 18, 487605128, 664895286, 3, 1, 115841351, 0
3, 8, 9, 18, 487605128, 664895286, 3, 0, 171467872, 0
3, 8, 9, 18, 487605128, 664895286, 2, 1, 102880723, 0
3, 8, 9, 18, 487605128, 664895286, 2, 0, 133820138, 0
3, 8, 9, 18, 487605128, 664895286, 1, 1, 6958979, 0
3, 8, 9, 18, 487605128, 664895286, 1, 0, 20876936, 0
3, 8, 9, 18, 487605128, 664895286, 0, 1, 1, 1
3, 9, 9, 18, 664895287, 756256353, 10, 1, 174079959, 0
3, 9, 9, 18, 664895287, 756256353, 10, 0, 260768492, 0
3, 9, 9, 18, 664895287, 756256353, 9, 1, 161582904, 0
3, 9, 9, 18, 664895287, 756256353, 9, 0, 224675663, 0
3, 9, 9, 18, 664895287, 756256353, 8, 1, 122206810, 0
3, 9, 9, 18, 664895287, 756256353, 8, 0, 128690196, 0
3, 9, 9, 18, 664895287, 756256353, 7, 1, 69866281, 1
3, 9, 9, 18, 664895287, 756256353, 7, 0, 1, 0
3, 9, 9, 18, 664895287, 756256353, 6, 1, 80614939, 1
3, 9, 9, 18, 664895287, 756256353, 6, 0, 1, 0
3, 9, 9, 18, 664895287, 756256353, 5, 1, 3823315, 1
3, 9, 9, 18, 664895287, 756256353, 5, 0, 1, 0
3, 9, 9, 18, 664895287, 756256353, 4, 1, 4672941, 1
3, 9, 9, 18, 664895287, 756256353, 4, 0, 1, 0
3, 9, 9, 18, 664895287, 756256353, 3, 1, 3004033, 1
3, 9, 9, 18, 664895287, 756256353, 3, 0, 1, 0
3, 9, 9, 18, 664895287, 756256353, 2, 1, 4205647, 1
3, 9, 9, 18, 664895287, 756256353, 2, 0, 1, 0
3, 9, 9, 18, 664895287, 756256353, 1, 1, 7009411, 1
3, 9, 9, 18, 664895287, 756256353, 1, 0, 1, 0
3, 9, 9, 18, 664895287, 756256353, 0, 1, 1, 1
3, 10, 9, 18, 756256354, 789224033, 10, 1, 6194637, 0
3, 10, 9, 18, 756256354, 789224033, 10, 0, 13008737, 0
3, 10, 9, 18, 756256354, 789224033, 9, 1, 3145583, 0
3, 10, 9, 18, 756256354, 789224033, 9, 0, 6640675, 0
3, 10, 9, 18, 756256354, 789224033, 8, 1, 3515652, 0
3, 10, 9, 18, 756256354, 789224033, 8, 0, 7470760, 0
3, 10, 9, 18, 756256354, 789224033, 7, 1, 3984405, 0
3, 10, 9, 18, 756256354, 789224033, 7, 0, 8538011, 0
3, 10, 9, 18, 756256354, 789224033, 6, 1, 4597391, 0
3, 10, 9, 18, 756256354, 789224033, 6, 0, 9961013, 0
3, 10, 9, 18, 756256354, 789224033, 5, 1, 5433280, 0
3, 10, 9, 18, 756256354, 789224033, 5, 0, 11953215, 0
3, 10, 9, 18, 756256354, 789224033, 4, 1, 6640675, 0
3, 10, 9, 18, 756256354, 789224033, 4, 0, 14941519, 0
3, 10, 9, 18, 756256354, 789224033, 3, 1, 8538011, 0
3, 10, 9, 18, 756256354, 789224033, 3, 0, 19922025, 0
3, 10, 9, 18, 756256354, 789224033, 2, 1, 1, 1
3, 10, 9, 18, 756256354, 789224033, 2, 0, 1, 0
3, 10, 9, 18, 756256354, 789224033, 1, 1, 1, 1
3, 10, 9, 18, 756256354, 789224033, 1, 0, 1, 0
3, 10, 9, 18, 756256354, 789224033, 0, 1, 1, 1
3, 11, 9, 18, 789224034, 848436641, 10, 1, 1, 1
3, 11, 9, 18, 789224034, 848436641, 10, 0, 1, 0
3, 11, 9, 18, 789224034, 848436641, 9, 1, 1, 1
3, 11, 9, 18, 789224034, 848436641, 9, 0, 1, 0
3, 11, 9, 18, 789224034, 848436641, 8, 1, 1, 1
3, 11, 9, 18, 789224034, 848436641, 8, 0, 1, 0
3, 11, 9, 18, 789224034, 848436641, 7, 1, 1, 1
3, 11, 9, 18, 789224034, 848436641, 7, 0, 1, 0
3, 11, 9, 18, 789224034, 848436641, 6, 1, 1, 1
3, 11, 9, 18, 789224034, 848436641, 6, 0, 1, 0
3, 11, 9, 18, 789224034, 848436641, 5, 1, 1, 1
3, 11, 9, 18, 789224034, 848436641, 5, 0, 1, 0
3, 11, 9, 18, 789224034, 848436641, 4, 1, 1, 1
3, 11, 9, 18, 789224034, 848436641, 4, 0, 1, 0
3, 11, 9, 18, 789224034, 848436641, 3, 1, 1, 1
3, 11, 9, 18, 789224034, 848436641, 3, 0, 1, 0
3, 11, 9, 18, 789224034, 848436641, 2, 1, 1, 1
3, 11, 9, 18, 789224034, 848436641, 2, 0, 1, 0
3, 11, 9, 18, 789224034, 848436641, 1, 1, 1, 1
3, 11, 9, 18, 789224034, 848436641, 1, 0, 1, 0
3, 11, 9, 18, 789224034, 848436641, 0, 1, 1, 1
3, 12, 9, 18, 848436642, 1213818759, 10, 1, 1, 1
3, 12, 9, 18, 848436642, 1213818759, 10, 0, 1, 0
3, 12, 9, 18, 848436642, 1213818759, 9, 1, 1, 1
3, 12, 9, 18, 848436642, 1213818759, 9, 0, 1, 0
3, 12, 9, 18, 848436642, 1213818759, 8, 1, 1, 1
3, 12, 9, 18, 848436642, 1213818759, 8, 0, 1, 0
3, 12, 9, 18, 848436642, 1213818759, 7, 1, 1, 1
3, 12, 9, 18, 848436642, 1213818759, 7, 0, 1, 0
3, 12, 9, 18, 848436642, 1213818759, 6, 1, 1, 1
3, 12, 9, 18, 848436642, 1213818759, 6, 0, 1, 0
3, 12, 9, 18, 848436642, 1213818759, 5, 1, 1, 1
3, 12, 9, 18, 848436642, 1213818759, 5, 0, 1, 0
3, 12, 9, 18, 848436642, 1213818759, 4, 1, 1, 1
3, 12, 9, 18, 848436642, 1213818759, 4, 0, 1, 0
3, 12, 9, 18, 848436642, 1213818759, 3, 1, 1, 1
3, 12, 9, 18, 848436642, 1213818759, 3, 0, 1, 0
3, 12, 9, 18, 848436642, 1213818759, 2, 1, 1, 1
3, 12, 9, 18, 848436642, 1213818759, 2, 0, 1, 0
3, 12, 9, 18, 848436642, 1213818759, 1, 1, 1, 1
3, 12, 9, 18, 848436642, 1213818759, 1, 0, 1, 0
3, 12, 9, 18, 848436642, 1213818759, 0, 1, 1, 1
3, 13, 9, 18, 1213818760, 1675237562, 10, 1, 7637866, 0
3, 13, 9, 18, 1213818760, 1675237562, 10, 0, 16039517, 0
3, 13, 9, 18, 1213818760, 1675237562, 9, 1, 8441852, 0
3, 13, 9, 18, 1213818760, 1675237562, 9, 0, 17821686, 0
3, 13, 9, 18, 1213818760, 1675237562, 8, 1, 9435010, 0
3, 13, 9, 18, 1213818760, 1675237562, 8, 0, 20049397, 0
3, 13, 9, 18, 1213818760, 1675237562, 7, 1, 1, 1
3, 13, 9, 18, 1213818760, 1675237562, 7, 0, 1, 0
3, 13, 9, 18, 1213818760, 1675237562, 6, 1, 1, 1
3, 13, 9, 18, 1213818760, 1675237562, 6, 0, 1, 0
3, 13, 9, 18, 1213818760, 1675237562, 5, 1, 1, 1
3, 13, 9, 18, 1213818760, 1675237562, 5, 0, 1, 0
3, 13, 9, 18, 1213818760, 1675237562, 4, 1, 1, 1
3, 13, 9, 18, 1213818760, 1675237562, 4, 0, 1, 0
3, 13, 9, 18, 1213818760, 1675237562, 3, 1, 1, 1
3, 13, 9, 18, 1213818760, 1675237562, 3, 0, 1, 0
3, 13, 9, 18, 1213818760, 1675237562, 2, 1, 1, 1
3, 13, 9, 18, 1213818760, 1675237562, 2, 0, 1, 0
3, 13, 9, 18, 1213818760, 1675237562, 1, 1, 1, 1
3, 13, 9, 18, 1213818760, 1675237562, 1, 0, 1, 0
3, 13, 9, 18, 1213818760, 1675237562, 0, 1, 1, 1
3, 14, 9, 18, 1675237563, 1689671074, 10, 1, 15877777, 1
3, 14, 9, 18, 1675237563, 1689671074, 10, 0, 17290364, 0
3, 14, 9, 18, 1675237563, 1689671074, 9, 1, 17549122, 1
3, 14, 9, 18, 1675237563, 1689671074, 9, 0, 19211516, 0
3, 14, 9, 18, 1675237563, 1689671074, 8, 1, 12008791, 1
3, 14, 9, 18, 1675237563, 1689671074, 8, 0, 14114371, 0
3, 14, 9, 18, 1675237563, 1689671074, 7, 1, 12514320, 1
3, 14, 9, 18, 1675237563, 1689671074, 7, 0, 13782902, 0
3, 14, 9, 18, 1675237563, 1689671074, 6, 1, 12760330, 1
3, 14, 9, 18, 1675237563, 1689671074, 6, 0, 12441634, 0
3, 14, 9, 18, 1675237563, 1689671074, 5, 1, 12192464, 1
3, 14, 9, 18, 1675237563, 1689671074, 5, 0, 14929961, 0
3, 14, 9, 18, 1675237563, 1689671074, 4, 1, 13324024, 1
3, 14, 9, 18, 1675237563, 1689671074, 4, 0, 18662451, 0
3, 14, 9, 18, 1675237563, 1689671074, 3, 1, 15512542, 1
3, 14, 9, 18, 1675237563, 1689671074, 3, 0, 24883268, 0
3, 14, 9, 18, 1675237563, 1689671074, 2, 1, 12213251, 1
3, 14, 9, 18, 1675237563, 1689671074, 2, 0, 13564132, 0
3, 14, 9, 18, 1675237563, 1689671074, 1, 1, 20355418, 1
3, 14, 9, 18, 1675237563, 1689671074, 1, 0, 27128264, 0
3, 14, 9, 18, 1675237563, 1689671074, 0, 1, 33937989, 1
3, 15, 9, 18, 1689671075, 1748601354, 10, 1, 42303868, 0
3, 15, 9, 18, 1689671075, 1748601354, 10, 0, 56659122, 0
3, 15, 9, 18, 1689671075, 1748601354, 9, 1, 42960180, 0
3, 15, 9, 18, 1689671075, 1748601354, 9, 0, 54939269, 0
3, 15, 9, 18, 1689671075, 1748601354, 8, 1, 45259672, 0
3, 15, 9, 18, 1689671075, 1748601354, 8, 0, 61806678, 0
3, 15, 9, 18, 1689671075, 1748601354, 7, 1, 42743408, 0
3, 15, 9, 18, 1689671075, 1748601354, 7, 0, 56527427, 0
3, 15, 9, 18, 1689671075, 1748601354, 6, 1, 41548205, 0
3, 15, 9, 18, 1689671075, 1748601354, 6, 0, 49111256, 0
3, 15, 9, 18, 1689671075, 1748601354, 5, 1, 42285571, 0
3, 15, 9, 18, 1689671075, 1748601354, 5, 0, 43936432, 0
3, 15, 9, 18, 1689671075, 1748601354, 4, 1, 43959602, 0
3, 15, 9, 18, 1689671075, 1748601354, 4, 0, 48370836, 0
3, 15, 9, 18, 1689671075, 1748601354, 3, 1, 43619391, 0
3, 15, 9, 18, 1689671075, 1748601354, 3, 0, 58511672, 0
3, 15, 9, 18, 1689671075, 1748601354, 2, 1, 44236994, 0
3, 15, 9, 18, 1689671075, 1748601354, 2, 0, 45692126, 0
3, 15, 9, 18, 1689671075, 1748601354, 1, 1, 38960866, 1
3, 15, 9, 18, 1689671075, 1748601354, 1, 0, 23680552, 0
3, 15, 9, 18, 1689671075, 1748601354, 0, 1, 42782347, 1
3, 16, 9, 18, 1748601355, 1753043203, 10, 1, 23383190, 1
3, 16, 9, 18, 1748601355, 1753043203, 10, 0, 26707381, 0
3, 16, 9, 18, 1748601355, 1753043203, 9, 1, 23472188, 1
3, 16, 9, 18, 1748601355, 1753043203, 9, 0, 28281350, 0
3, 16, 9, 18, 1748601355, 1753043203, 8, 1, 23478976, 1
3, 16, 9, 18, 1748601355, 1753043203, 8, 0, 31816519, 0
3, 16, 9, 18, 1748601355, 1753043203, 7, 1, 23779745, 1
3, 16, 9, 18, 1748601355, 1753043203, 7, 0, 30297964, 0
3, 16, 9, 18, 1748601355, 1753043203, 6, 1, 23757994, 1
3, 16, 9, 18, 1748601355, 1753043203, 6, 0, 27373914, 0
3, 16, 9, 18, 1748601355, 1753043203, 5, 1, 26820867, 1
3, 16, 9, 18, 1748601355, 1753043203, 5, 0, 30083820, 0
3, 16, 9, 18, 1748601355, 1753043203, 4, 1, 26791848, 1
3, 16, 9, 18, 1748601355, 1753043203, 4, 0, 34182209, 0
3, 16, 9, 18, 1748601355, 1753043203, 3, 1, 26548305, 1
3, 16, 9, 18, 1748601355, 1753043203, 3, 0, 39593503, 0
3, 16, 9, 18, 1748601355, 1753043203, 2, 1, 22460969, 1
3, 16, 9, 18, 1748601355, 1753043203, 2, 0, 22623610, 0
3, 16, 9, 18, 1748601355, 1753043203, 1, 1, 29007460, 1
3, 16, 9, 18, 1748601355, 1753043203, 1, 0, 23680552, 0
3, 16, 9, 18, 1748601355, 1753043203, 0, 1, 42782347, 1
