2, 1, 18, 4, 1, 99381760, 1, 15, 121522009, 1
2, 1, 18, 4, 1, 99381760, 1, 14, 104090908, 1
2, 1, 18, 4, 1, 99381760, 1, 13, 92520600, 1
2, 1, 18, 4, 1, 99381760, 1, 12, 97611704, 1
2, 1, 18, 4, 1, 99381760, 1, 11, 101039908, 1
2, 1, 18, 4, 1, 99381760, 1, 10, 102081755, 1
2, 1, 18, 4, 1, 99381760, 1, 9, 107786108, 1
2, 1, 18, 4, 1, 99381760, 1, 8, 97090003, 1
2, 1, 18, 4, 1, 99381760, 1, 7, 55246212, 1
2, 1, 18, 4, 1, 99381760, 1, 6, 55486345, 1
2, 1, 18, 4, 1, 99381760, 1, 5, 30069815, 1
2, 1, 18, 4, 1, 99381760, 1, 4, 36751996, 1
2, 1, 18, 4, 1, 99381760, 1, 3, 28334966, 1
2, 1, 18, 4, 1, 99381760, 1, 2, 39668953, 1
2, 1, 18, 4, 1, 99381760, 1, 1, 8892216, 1
2, 1, 18, 4, 1, 99381760, 1, 0, 1, 0
2, 1, 18, 4, 1, 99381760, 0, 15, 92057264, 1
2, 1, 18, 4, 1, 99381760, 0, 14, 71925300, 1
2, 1, 18, 4, 1, 99381760, 0, 13, 71872748, 1
2, 1, 18, 4, 1, 99381760, 0, 12, 75285559, 1
2, 1, 18, 4, 1, 99381760, 0, 11, 82129701, 1
2, 1, 18, 4, 1, 99381760, 0, 10, 86106195, 1
2, 1, 18, 4, 1, 99381760, 0, 9, 85031239, 1
2, 1, 18, 4, 1, 99381760, 0, 8, 95660143, 1
2, 1, 18, 4, 1, 99381760, 0, 7, 47913010, 1
2, 1, 18, 4, 1, 99381760, 0, 6, 45808301, 1
2, 1, 18, 4, 1, 99381760, 0, 5, 20622733, 1
2, 1, 18, 4, 1, 99381760, 0, 4, 25778416, 1
2, 1, 18, 4, 1, 99381760, 0, 3, 1, 1
2, 1, 18, 4, 1, 99381760, 0, 2, 1, 1
2, 1, 18, 4, 1, 99381760, 0, 1, 1, 1
2, 2, 18, 4, 99381761, 156732346, 1, 15, 136094270, 0
2, 2, 18, 4, 99381761, 156732346, 1, 14, 122325181, 0
2, 2, 18, 4, 99381761, 156732346, 1, 13, 128925782, 0
2, 2, 18, 4, 99381761, 156732346, 1, 12, 132983725, 0
2, 2, 18, 4, 99381761, 156732346, 1, 11, 135851462, 0
2, 2, 18, 4, 99381761, 156732346, 1, 10, 134995824, 0
2, 2, 18, 4, 99381761, 156732346, 1, 9, 131421946, 0
2, 2, 18, 4, 99381761, 156732346, 1, 8, 104154049, 0
2, 2, 18, 4, 99381761, 156732346, 1, 7, 99307425, 0
2, 2, 18, 4, 99381761, 156732346, 1, 6, 112574266, 0
2, 2, 18, 4, 99381761, 156732346, 1, 5, 76831905, 0
2, 2, 18, 4, 99381761, 156732346, 1, 4, 93905661, 0
2, 2, 18, 4, 99381761, 156732346, 1, 3, 113538737, 0
2, 2, 18, 4, 99381761, 156732346, 1, 2, 81682306, 0
2, 2, 18, 4, 99381761, 156732346, 1, 1, 136137176, 0
2, 2, 18, 4, 99381761, 156732346, 1, 0, 327661331, 0
2, 2, 18, 4, 99381761, 156732346, 0, 15, 131649555, 1
2, 2, 18, 4, 99381761, 156732346, 0, 14, 130055027, 1
2, 2, 18, 4, 99381761, 156732346, 0, 13, 134948943, 1
2, 2, 18, 4, 99381761, 156732346, 0, 12, 139204412, 1
2, 2, 18, 4, 99381761, 156732346, 0, 11, 151859358, 1
2, 2, 18, 4, 99381761, 156732346, 0, 10, 138078163, 1
2, 2, 18, 4, 99381761, 156732346, 0, 9, 148480824, 1
2, 2, 18, 4, 99381761, 156732346, 0, 8, 109845209, 1
2, 2, 18, 4, 99381761, 156732346, 0, 7, 117726551, 1
2, 2, 18, 4, 99381761, 156732346, 0, 6, 132989990, 1
2, 2, 18, 4, 99381761, 156732346, 0, 5, 84685937, 1
2, 2, 18, 4, 99381761, 156732346, 0, 4, 105857421, 1
2, 2, 18, 4, 99381761, 156732346, 0, 3, 124349965, 1
2, 2, 18, 4, 99381761, 156732346, 0, 2, 17738035, 1
2, 2, 18, 4, 99381761, 156732346, 0, 1, 35476070, 1
2, 3, 18, 4, 156732347, 181463105, 1, 15, 170896966, 1
2, 3, 18, 4, 156732347, 181463105, 1, 14, 173987941, 1
2, 3, 18, 4, 156732347, 181463105, 1, 13, 177797121, 1
2, 3, 18, 4, 156732347, 181463105, 1, 12, 180968930, 1
2, 3, 18, 4, 156732347, 181463105, 1, 11, 166966840, 1
2, 3, 18, 4, 156732347, 181463105, 1, 10, 170497210, 1
2, 3, 18, 4, 156732347, 181463105, 1, 9, 161540121, 1
2, 3, 18, 4, 156732347, 181463105, 1, 8, 152120406, 1
2, 3, 18, 4, 156732347, 181463105, 1, 7, 170778408, 1
2, 3, 18, 4, 156732347, 181463105, 1, 6, 197052009, 1
2, 3, 18, 4, 156732347, 181463105, 1, 5, 172247751, 1
2, 3, 18, 4, 156732347, 181463105, 1, 4, 139168890, 1
2, 3, 18, 4, 156732347, 181463105, 1, 3, 145249891, 0
2, 3, 18, 4, 156732347, 181463105, 1, 2, 134829371, 0
2, 3, 18, 4, 156732347, 181463105, 1, 1, 137870764, 0
2, 3, 18, 4, 156732347, 181463105, 1, 0, 62297828, 0
2, 3, 18, 4, 156732347, 181463105, 0, 15, 131467491, 1
2, 3, 18, 4, 156732347, 181463105, 0, 14, 140858026, 1
2, 3, 18, 4, 156732347, 181463105, 0, 13, 151693259, 1
2, 3, 18, 4, 156732347, 181463105, 0, 12, 141309446, 1
2, 3, 18, 4, 156732347, 181463105, 0, 11, 126563035, 1
2, 3, 18, 4, 156732347, 181463105, 0, 10, 136788557, 1
2, 3, 18, 4, 156732347, 181463105, 0, 9, 119278191, 1
2, 3, 18, 4, 156732347, 181463105, 0, 8, 110162685, 1
2, 3, 18, 4, 156732347, 181463105, 0, 7, 122418672, 1
2, 3, 18, 4, 156732347, 181463105, 0, 6, 142821783, 1
2, 3, 18, 4, 156732347, 181463105, 0, 5, 125963694, 1
2, 3, 18, 4, 156732347, 181463105, 0, 4, 76995273, 1
2, 3, 18, 4, 156732347, 181463105, 0, 3, 24070107, 1
2, 3, 18, 4, 156732347, 181463105, 0, 2, 1, 1
2, 3, 18, 4, 156732347, 181463105, 0, 1, 1, 1
2, 4, 18, 4, 181463106, 207899891, 1, 15, 71261141, 0
2, 4, 18, 4, 181463106, 207899891, 1, 14, 71336932, 0
2, 4, 18, 4, 181463106, 207899891, 1, 13, 72186974, 0
2, 4, 18, 4, 181463106, 207899891, 1, 12, 77023323, 0
2, 4, 18, 4, 181463106, 207899891, 1, 11, 77716917, 0
2, 4, 18, 4, 181463106, 207899891, 1, 10, 82073824, 0
2, 4, 18, 4, 181463106, 207899891, 1, 9, 88823860, 0
2, 4, 18, 4, 181463106, 207899891, 1, 8, 95687877, 0
2, 4, 18, 4, 181463106, 207899891, 1, 7, 82512653, 0
2, 4, 18, 4, 181463106, 207899891, 1, 6, 65938670, 0
2, 4, 18, 4, 181463106, 207899891, 1, 5, 72824833, 0
2, 4, 18, 4, 181463106, 207899891, 1, 4, 76932145, 0
2, 4, 18, 4, 181463106, 207899891, 1, 3, 95717127, 0
2, 4, 18, 4, 181463106, 207899891, 1, 2, 71946272, 0
2, 4, 18, 4, 181463106, 207899891, 1, 1, 96169942, 0
2, 4, 18, 4, 181463106, 207899891, 1, 0, 107183318, 0
2, 4, 18, 4, 181463106, 207899891, 0, 15, 43036160, 1
2, 4, 18, 4, 181463106, 207899891, 0, 14, 46110172, 1
2, 4, 18, 4, 181463106, 207899891, 0, 13, 49657108, 1
2, 4, 18, 4, 181463106, 207899891, 0, 12, 51839765, 1
2, 4, 18, 4, 181463106, 207899891, 0, 11, 54248435, 1
2, 4, 18, 4, 181463106, 207899891, 0, 10, 59673279, 1
2, 4, 18, 4, 181463106, 207899891, 0, 9, 66303643, 1
2, 4, 18, 4, 181463106, 207899891, 0, 8, 74591598, 1
2, 4, 18, 4, 181463106, 207899891, 0, 7, 56554713, 1
2, 4, 18, 4, 181463106, 207899891, 0, 6, 26711992, 1
2, 4, 18, 4, 181463106, 207899891, 0, 5, 32054390, 1
2, 4, 18, 4, 181463106, 207899891, 0, 4, 40067988, 1
2, 4, 18, 4, 181463106, 207899891, 0, 3, 45967512, 1
2, 4, 18, 4, 181463106, 207899891, 0, 2, 1, 1
2, 4, 18, 4, 181463106, 207899891, 0, 1, 1, 1
2, 5, 18, 4, 207899892, 231133248, 1, 15, 883474, 1
2, 5, 18, 4, 207899892, 231133248, 1, 14, 944403, 1
2, 5, 18, 4, 207899892, 231133248, 1, 13, 954605, 1
2, 5, 18, 4, 207899892, 231133248, 1, 12, 1030973, 1
2, 5, 18, 4, 207899892, 231133248, 1, 11, 1120623, 1
2, 5, 18, 4, 207899892, 231133248, 1, 10, 1227349, 1
2, 5, 18, 4, 207899892, 231133248, 1, 9, 1356544, 1
2, 5, 18, 4, 207899892, 231133248, 1, 8, 1516137, 1
2, 5, 18, 4, 207899892, 231133248, 1, 7, 896083, 1
2, 5, 18, 4, 207899892, 231133248, 1, 6, 1033941, 1
2, 5, 18, 4, 207899892, 231133248, 1, 5, 1221931, 1
2, 5, 18, 4, 207899892, 231133248, 1, 4, 345329, 1
2, 5, 18, 4, 207899892, 231133248, 1, 3, 1, 1
2, 5, 18, 4, 207899892, 231133248, 1, 2, 1, 1
2, 5, 18, 4, 207899892, 231133248, 1, 1, 1, 1
2, 5, 18, 4, 207899892, 231133248, 1, 0, 1, 0
2, 5, 18, 4, 207899892, 231133248, 0, 15, 314754, 1
2, 5, 18, 4, 207899892, 231133248, 0, 14, 337237, 1
2, 5, 18, 4, 207899892, 231133248, 0, 13, 239074, 1
2, 5, 18, 4, 207899892, 231133248, 0, 12, 258997, 1
2, 5, 18, 4, 207899892, 231133248, 0, 11, 282542, 1
2, 5, 18, 4, 207899892, 231133248, 0, 10, 310796, 1
2, 5, 18, 4, 207899892, 231133248, 0, 9, 345329, 1
2, 5, 18, 4, 207899892, 231133248, 0, 8, 388495, 1
2, 5, 18, 4, 207899892, 231133248, 0, 7, 443994, 1
2, 5, 18, 4, 207899892, 231133248, 0, 6, 517993, 1
2, 5, 18, 4, 207899892, 231133248, 0, 5, 621592, 1
2, 5, 18, 4, 207899892, 231133248, 0, 4, 776989, 1
2, 5, 18, 4, 207899892, 231133248, 0, 3, 1, 1
2, 5, 18, 4, 207899892, 231133248, 0, 2, 1, 1
2, 5, 18, 4, 207899892, 231133248, 0, 1, 1, 1
2, 6, 18, 4, 231133249, 279031451, 1, 15, 16219747, 1
2, 6, 18, 4, 231133249, 279031451, 1, 14, 17338350, 1
2, 6, 18, 4, 231133249, 279031451, 1, 13, 16905810, 1
2, 6, 18, 4, 231133249, 279031451, 1, 12, 18258275, 1
2, 6, 18, 4, 231133249, 279031451, 1, 11, 18402502, 1
2, 6, 18, 4, 231133249, 279031451, 1, 10, 20155122, 1
2, 6, 18, 4, 231133249, 279031451, 1, 9, 18211658, 1
2, 6, 18, 4, 231133249, 279031451, 1, 8, 19302341, 1
2, 6, 18, 4, 231133249, 279031451, 1, 7, 17844059, 1
2, 6, 18, 4, 231133249, 279031451, 1, 6, 14387836, 0
2, 6, 18, 4, 231133249, 279031451, 1, 5, 16035281, 0
2, 6, 18, 4, 231133249, 279031451, 1, 4, 13731103, 0
2, 6, 18, 4, 231133249, 279031451, 1, 3, 13390278, 0
2, 6, 18, 4, 231133249, 279031451, 1, 2, 14143498, 0
2, 6, 18, 4, 231133249, 279031451, 1, 1, 4926700, 0
2, 6, 18, 4, 231133249, 279031451, 1, 0, 14638965, 0
2, 6, 18, 4, 231133249, 279031451, 0, 15, 18657410, 1
2, 6, 18, 4, 231133249, 279031451, 0, 14, 19990082, 1
2, 6, 18, 4, 231133249, 279031451, 0, 13, 19295438, 1
2, 6, 18, 4, 231133249, 279031451, 0, 12, 20903391, 1
2, 6, 18, 4, 231133249, 279031451, 0, 11, 22803699, 1
2, 6, 18, 4, 231133249, 279031451, 0, 10, 25084069, 1
2, 6, 18, 4, 231133249, 279031451, 0, 9, 22708543, 1
2, 6, 18, 4, 231133249, 279031451, 0, 8, 23311897, 1
2, 6, 18, 4, 231133249, 279031451, 0, 7, 18002324, 1
2, 6, 18, 4, 231133249, 279031451, 0, 6, 7566209, 1
2, 6, 18, 4, 231133249, 279031451, 0, 5, 9079451, 1
2, 6, 18, 4, 231133249, 279031451, 0, 4, 11349313, 1
2, 6, 18, 4, 231133249, 279031451, 0, 3, 5183090, 1
2, 6, 18, 4, 231133249, 279031451, 0, 2, 7774634, 1
2, 6, 18, 4, 231133249, 279031451, 0, 1, 1, 1
2, 7, 18, 4, 279031452, 317204505, 1, 15, 2336250, 1
2, 7, 18, 4, 279031452, 317204505, 1, 14, 2237961, 1
2, 7, 18, 4, 279031452, 317204505, 1, 13, 2403736, 1
2, 7, 18, 4, 279031452, 317204505, 1, 12, 1490755, 1
2, 7, 18, 4, 279031452, 317204505, 1, 11, 1620386, 1
2, 7, 18, 4, 279031452, 317204505, 1, 10, 1774709, 1
2, 7, 18, 4, 279031452, 317204505, 1, 9, 1743439, 1
2, 7, 18, 4, 279031452, 317204505, 1, 8, 1903559, 1
2, 7, 18, 4, 279031452, 317204505, 1, 7, 1639761, 1
2, 7, 18, 4, 279031452, 317204505, 1, 6, 1892032, 1
2, 7, 18, 4, 279031452, 317204505, 1, 5, 2236037, 1
2, 7, 18, 4, 279031452, 317204505, 1, 4, 2732934, 1
2, 7, 18, 4, 279031452, 317204505, 1, 3, 3513772, 1
2, 7, 18, 4, 279031452, 317204505, 1, 2, 1, 1
2, 7, 18, 4, 279031452, 317204505, 1, 1, 1, 1
2, 7, 18, 4, 279031452, 317204505, 1, 0, 1, 0
2, 7, 18, 4, 279031452, 317204505, 0, 15, 3481894, 1
2, 7, 18, 4, 279031452, 317204505, 0, 14, 3730600, 1
2, 7, 18, 4, 279031452, 317204505, 0, 13, 4017569, 1
2, 7, 18, 4, 279031452, 317204505, 0, 12, 2049701, 1
2, 7, 18, 4, 279031452, 317204505, 0, 11, 2236037, 1
2, 7, 18, 4, 279031452, 317204505, 0, 10, 2459641, 1
2, 7, 18, 4, 279031452, 317204505, 0, 9, 2732934, 1
2, 7, 18, 4, 279031452, 317204505, 0, 8, 3074551, 1
2, 7, 18, 4, 279031452, 317204505, 0, 7, 3513772, 1
2, 7, 18, 4, 279031452, 317204505, 0, 6, 4099401, 1
2, 7, 18, 4, 279031452, 317204505, 0, 5, 4919281, 1
2, 7, 18, 4, 279031452, 317204505, 0, 4, 6149101, 1
2, 7, 18, 4, 279031452, 317204505, 0, 3, 8198802, 1
2, 7, 18, 4, 279031452, 317204505, 0, 2, 1, 1
2, 7, 18, 4, 279031452, 317204505, 0, 1, 1, 1
2, 8, 18, 4, 317204506, 348130168, 1, 15, 2507511, 1
2, 8, 18, 4, 317204506, 348130168, 1, 14, 2680442, 1
2, 8, 18, 4, 317204506, 348130168, 1, 13, 2243101, 1
2, 8, 18, 4, 317204506, 348130168, 1, 12, 1635077, 1
2, 8, 18, 4, 317204506, 348130168, 1, 11, 1777258, 1
2, 8, 18, 4, 317204506, 348130168, 1, 10, 1946520, 1
2, 8, 18, 4, 317204506, 348130168, 1, 9, 1729078, 1
2, 8, 18, 4, 317204506, 348130168, 1, 8, 1232988, 1
2, 8, 18, 4, 317204506, 348130168, 1, 7, 1136644, 1
2, 8, 18, 4, 317204506, 348130168, 1, 6, 1311513, 1
2, 8, 18, 4, 317204506, 348130168, 1, 5, 1549969, 1
2, 8, 18, 4, 317204506, 348130168, 1, 4, 1894407, 1
2, 8, 18, 4, 317204506, 348130168, 1, 3, 1975490, 1
2, 8, 18, 4, 317204506, 348130168, 1, 2, 2121587, 1
2, 8, 18, 4, 317204506, 348130168, 1, 1, 2836516, 1
2, 8, 18, 4, 317204506, 348130168, 1, 0, 1, 0
2, 8, 18, 4, 317204506, 348130168, 0, 15, 2595442, 1
2, 8, 18, 4, 317204506, 348130168, 0, 14, 2780830, 1
2, 8, 18, 4, 317204506, 348130168, 0, 13, 2994740, 1
2, 8, 18, 4, 317204506, 348130168, 0, 12, 1603737, 1
2, 8, 18, 4, 317204506, 348130168, 0, 11, 1749531, 1
2, 8, 18, 4, 317204506, 348130168, 0, 10, 1924484, 1
2, 8, 18, 4, 317204506, 348130168, 0, 9, 2138315, 1
2, 8, 18, 4, 317204506, 348130168, 0, 8, 919144, 1
2, 8, 18, 4, 317204506, 348130168, 0, 7, 1050450, 1
2, 8, 18, 4, 317204506, 348130168, 0, 6, 1225525, 1
2, 8, 18, 4, 317204506, 348130168, 0, 5, 1470630, 1
2, 8, 18, 4, 317204506, 348130168, 0, 4, 1838288, 1
2, 8, 18, 4, 317204506, 348130168, 0, 3, 1377308, 1
2, 8, 18, 4, 317204506, 348130168, 0, 2, 455713, 1
2, 8, 18, 4, 317204506, 348130168, 0, 1, 1, 1
2, 9, 18, 4, 348130169, 377128554, 1, 15, 7775975, 1
2, 9, 18, 4, 348130169, 377128554, 1, 14, 8312249, 1
2, 9, 18, 4, 348130169, 377128554, 1, 13, 7198383, 1
2, 9, 18, 4, 348130169, 377128554, 1, 12, 6995341, 1
2, 9, 18, 4, 348130169, 377128554, 1, 11, 6429716, 1
2, 9, 18, 4, 348130169, 377128554, 1, 10, 7042070, 1
2, 9, 18, 4, 348130169, 377128554, 1, 9, 6358295, 1
2, 9, 18, 4, 348130169, 377128554, 1, 8, 4156665, 1
2, 9, 18, 4, 348130169, 377128554, 1, 7, 3628621, 1
2, 9, 18, 4, 348130169, 377128554, 1, 6, 4186871, 1
2, 9, 18, 4, 348130169, 377128554, 1, 5, 4948120, 1
2, 9, 18, 4, 348130169, 377128554, 1, 4, 4591391, 1
2, 9, 18, 4, 348130169, 377128554, 1, 3, 5903217, 1
2, 9, 18, 4, 348130169, 377128554, 1, 2, 3330055, 1
2, 9, 18, 4, 348130169, 377128554, 1, 1, 1, 1
2, 9, 18, 4, 348130169, 377128554, 1, 0, 1, 0
2, 9, 18, 4, 348130169, 377128554, 0, 15, 5939690, 1
2, 9, 18, 4, 348130169, 377128554, 0, 14, 6363954, 1
2, 9, 18, 4, 348130169, 377128554, 0, 13, 6063078, 1
2, 9, 18, 4, 348130169, 377128554, 0, 12, 4945600, 1
2, 9, 18, 4, 348130169, 377128554, 0, 11, 5395200, 1
2, 9, 18, 4, 348130169, 377128554, 0, 10, 5934720, 1
2, 9, 18, 4, 348130169, 377128554, 0, 9, 6594133, 1
2, 9, 18, 4, 348130169, 377128554, 0, 8, 5165315, 1
2, 9, 18, 4, 348130169, 377128554, 0, 7, 5903217, 1
2, 9, 18, 4, 348130169, 377128554, 0, 6, 6887086, 1
2, 9, 18, 4, 348130169, 377128554, 0, 5, 8264504, 1
2, 9, 18, 4, 348130169, 377128554, 0, 4, 10330629, 1
2, 9, 18, 4, 348130169, 377128554, 0, 3, 13774172, 1
2, 9, 18, 4, 348130169, 377128554, 0, 2, 8325137, 1
2, 9, 18, 4, 348130169, 377128554, 0, 1, 1, 1
2, 10, 18, 4, 377128555, 386067399, 1, 15, 299777041, 0
2, 10, 18, 4, 377128555, 386067399, 1, 14, 305508330, 0
2, 10, 18, 4, 377128555, 386067399, 1, 13, 316505680, 0
2, 10, 18, 4, 377128555, 386067399, 1, 12, 301781451, 0
2, 10, 18, 4, 377128555, 386067399, 1, 11, 295400878, 0
2, 10, 18, 4, 377128555, 386067399, 1, 10, 295783688, 0
2, 10, 18, 4, 377128555, 386067399, 1, 9, 309639511, 0
2, 10, 18, 4, 377128555, 386067399, 1, 8, 346067688, 0
2, 10, 18, 4, 377128555, 386067399, 1, 7, 391448679, 0
2, 10, 18, 4, 377128555, 386067399, 1, 6, 358363155, 0
2, 10, 18, 4, 377128555, 386067399, 1, 5, 423520092, 0
2, 10, 18, 4, 377128555, 386067399, 1, 4, 420959336, 0
2, 10, 18, 4, 377128555, 386067399, 1, 3, 409449475, 0
2, 10, 18, 4, 377128555, 386067399, 1, 2, 573229265, 1
2, 10, 18, 4, 377128555, 386067399, 1, 1, 496708363, 1
2, 10, 18, 4, 377128555, 386067399, 1, 0, 634987967, 0
2, 10, 18, 4, 377128555, 386067399, 0, 15, 363207719, 1
2, 10, 18, 4, 377128555, 386067399, 0, 14, 370607401, 1
2, 10, 18, 4, 377128555, 386067399, 0, 13, 386948601, 1
2, 10, 18, 4, 377128555, 386067399, 0, 12, 346156567, 1
2, 10, 18, 4, 377128555, 386067399, 0, 11, 328110587, 1
2, 10, 18, 4, 377128555, 386067399, 0, 10, 336021515, 1
2, 10, 18, 4, 377128555, 386067399, 0, 9, 338950253, 1
2, 10, 18, 4, 377128555, 386067399, 0, 8, 381319035, 1
2, 10, 18, 4, 377128555, 386067399, 0, 7, 434161680, 1
2, 10, 18, 4, 377128555, 386067399, 0, 6, 373598351, 1
2, 10, 18, 4, 377128555, 386067399, 0, 5, 448318021, 1
2, 10, 18, 4, 377128555, 386067399, 0, 4, 560397526, 1
2, 10, 18, 4, 377128555, 386067399, 0, 3, 576255862, 1
2, 10, 18, 4, 377128555, 386067399, 0, 2, 864383793, 1
2, 10, 18, 4, 377128555, 386067399, 0, 1, 855137123, 1
2, 11, 18, 4, 386067400, 388618393, 1, 15, 1815269261, 1
2, 11, 18, 4, 386067400, 388618393, 1, 14, 1778960255, 1
2, 11, 18, 4, 386067400, 388618393, 1, 13, 1741689117, 1
2, 11, 18, 4, 386067400, 388618393, 1, 12, 1702614781, 1
2, 11, 18, 4, 386067400, 388618393, 1, 11, 1633256541, 1
2, 11, 18, 4, 386067400, 388618393, 1, 10, 1558665937, 1
2, 11, 18, 4, 386067400, 388618393, 1, 9, 1481764469, 1
2, 11, 18, 4, 386067400, 388618393, 1, 8, 1414923741, 1
2, 11, 18, 4, 386067400, 388618393, 1, 7, 1323806569, 1
2, 11, 18, 4, 386067400, 388618393, 1, 6, 1338899955, 1
2, 11, 18, 4, 386067400, 388618393, 1, 5, 1233865731, 1
2, 11, 18, 4, 386067400, 388618393, 1, 4, 1094587952, 1
2, 11, 18, 4, 386067400, 388618393, 1, 3, 1251824594, 1
2, 11, 18, 4, 386067400, 388618393, 1, 2, 950276271, 1
2, 11, 18, 4, 386067400, 388618393, 1, 1, 1046167382, 1
2, 11, 18, 4, 386067400, 388618393, 1, 0, 1, 0
2, 11, 18, 4, 386067400, 388618393, 0, 15, 1965726088, 1
2, 11, 18, 4, 386067400, 388618393, 0, 14, 1935800189, 1
2, 11, 18, 4, 386067400, 388618393, 0, 13, 1909073410, 1
2, 11, 18, 4, 386067400, 388618393, 0, 12, 1883954857, 1
2, 11, 18, 4, 386067400, 388618393, 0, 11, 1812519947, 1
2, 11, 18, 4, 386067400, 388618393, 0, 10, 1756364160, 1
2, 11, 18, 4, 386067400, 388618393, 0, 9, 1680989137, 1
2, 11, 18, 4, 386067400, 388618393, 0, 8, 1631552218, 1
2, 11, 18, 4, 386067400, 388618393, 0, 7, 1559417245, 1
2, 11, 18, 4, 386067400, 388618393, 0, 6, 1556567013, 1
2, 11, 18, 4, 386067400, 388618393, 0, 5, 1489344567, 1
2, 11, 18, 4, 386067400, 388618393, 0, 4, 1381499598, 1
2, 11, 18, 4, 386067400, 388618393, 0, 3, 1681435432, 1
2, 11, 18, 4, 386067400, 388618393, 0, 2, 1525464001, 1
2, 11, 18, 4, 386067400, 388618393, 0, 1, 1523471892, 1
2, 12, 18, 4, 388618394, 390960421, 1, 15, 2033122939, 1
2, 12, 18, 4, 388618394, 390960421, 1, 14, 1971110934, 1
2, 12, 18, 4, 388618394, 390960421, 1, 13, 1904328946, 1
2, 12, 18, 4, 388618394, 390960421, 1, 12, 1831022024, 1
2, 12, 18, 4, 388618394, 390960421, 1, 11, 1786417359, 1
2, 12, 18, 4, 388618394, 390960421, 1, 10, 1725330954, 1
2, 12, 18, 4, 388618394, 390960421, 1, 9, 1603810313, 1
2, 12, 18, 4, 388618394, 390960421, 1, 8, 1481851785, 1
2, 12, 18, 4, 388618394, 390960421, 1, 7, 1320918732, 1
2, 12, 18, 4, 388618394, 390960421, 1, 6, 1244714427, 1
2, 12, 18, 4, 388618394, 390960421, 1, 5, 1015183352, 1
2, 12, 18, 4, 388618394, 390960421, 1, 4, 696076788, 1
2, 12, 18, 4, 388618394, 390960421, 1, 3, 570725340, 1
2, 12, 18, 4, 388618394, 390960421, 1, 2, 426546295, 1
2, 12, 18, 4, 388618394, 390960421, 1, 1, 310519695, 1
2, 12, 18, 4, 388618394, 390960421, 1, 0, 1, 0
2, 12, 18, 4, 388618394, 390960421, 0, 15, 2133988153, 1
2, 12, 18, 4, 388618394, 390960421, 0, 14, 2073899033, 1
2, 12, 18, 4, 388618394, 390960421, 0, 13, 2012368539, 1
2, 12, 18, 4, 388618394, 390960421, 0, 12, 1946645650, 1
2, 12, 18, 4, 388618394, 390960421, 0, 11, 1963006712, 1
2, 12, 18, 4, 388618394, 390960421, 0, 10, 1862844887, 1
2, 12, 18, 4, 388618394, 390960421, 0, 9, 1733684705, 1
2, 12, 18, 4, 388618394, 390960421, 0, 8, 1617016339, 1
2, 12, 18, 4, 388618394, 390960421, 0, 7, 1458440933, 1
2, 12, 18, 4, 388618394, 390960421, 0, 6, 1340336789, 1
2, 12, 18, 4, 388618394, 390960421, 0, 5, 1111758869, 1
2, 12, 18, 4, 388618394, 390960421, 0, 4, 761880687, 1
2, 12, 18, 4, 388618394, 390960421, 0, 3, 658427833, 1
2, 12, 18, 4, 388618394, 390960421, 0, 2, 482276219, 1
2, 12, 18, 4, 388618394, 390960421, 0, 1, 439350302, 1
2, 13, 18, 4, 390960422, 453275749, 1, 15, 1010617133, 1
2, 13, 18, 4, 390960422, 453275749, 1, 14, 970535491, 1
2, 13, 18, 4, 390960422, 453275749, 1, 13, 925170709, 1
2, 13, 18, 4, 390960422, 453275749, 1, 12, 870505246, 1
2, 13, 18, 4, 390960422, 453275749, 1, 11, 808227015, 1
2, 13, 18, 4, 390960422, 453275749, 1, 10, 739809910, 1
2, 13, 18, 4, 390960422, 453275749, 1, 9, 677861658, 1
2, 13, 18, 4, 390960422, 453275749, 1, 8, 615530866, 1
2, 13, 18, 4, 390960422, 453275749, 1, 7, 546299066, 1
2, 13, 18, 4, 390960422, 453275749, 1, 6, 479884875, 1
2, 13, 18, 4, 390960422, 453275749, 1, 5, 409509441, 1
2, 13, 18, 4, 390960422, 453275749, 1, 4, 337498193, 1
2, 13, 18, 4, 390960422, 453275749, 1, 3, 264061561, 1
2, 13, 18, 4, 390960422, 453275749, 1, 2, 187338501, 1
2, 13, 18, 4, 390960422, 453275749, 1, 1, 98653862, 1
2, 13, 18, 4, 390960422, 453275749, 1, 0, 5309712, 0
2, 13, 18, 4, 390960422, 453275749, 0, 15, 1045722601, 1
2, 13, 18, 4, 390960422, 453275749, 0, 14, 1007331458, 1
2, 13, 18, 4, 390960422, 453275749, 0, 13, 964384949, 1
2, 13, 18, 4, 390960422, 453275749, 0, 12, 909653877, 1
2, 13, 18, 4, 390960422, 453275749, 0, 11, 850261995, 1
2, 13, 18, 4, 390960422, 453275749, 0, 10, 778345947, 1
2, 13, 18, 4, 390960422, 453275749, 0, 9, 718108537, 1
2, 13, 18, 4, 390960422, 453275749, 0, 8, 655540551, 1
2, 13, 18, 4, 390960422, 453275749, 0, 7, 590898231, 1
2, 13, 18, 4, 390960422, 453275749, 0, 6, 526311725, 1
2, 13, 18, 4, 390960422, 453275749, 0, 5, 457024058, 1
2, 13, 18, 4, 390960422, 453275749, 0, 4, 388026090, 1
2, 13, 18, 4, 390960422, 453275749, 0, 3, 318891186, 1
2, 13, 18, 4, 390960422, 453275749, 0, 2, 250705596, 1
2, 13, 18, 4, 390960422, 453275749, 0, 1, 181149266, 1
2, 14, 18, 4, 453275750, 482145864, 1, 15, 854745393, 1
2, 14, 18, 4, 453275750, 482145864, 1, 14, 841777262, 1
2, 14, 18, 4, 453275750, 482145864, 1, 13, 821312810, 1
2, 14, 18, 4, 453275750, 482145864, 1, 12, 796872474, 1
2, 14, 18, 4, 453275750, 482145864, 1, 11, 770739579, 1
2, 14, 18, 4, 453275750, 482145864, 1, 10, 741475799, 1
2, 14, 18, 4, 453275750, 482145864, 1, 9, 707253172, 1
2, 14, 18, 4, 453275750, 482145864, 1, 8, 669065815, 1
2, 14, 18, 4, 453275750, 482145864, 1, 7, 633867308, 1
2, 14, 18, 4, 453275750, 482145864, 1, 6, 574655148, 1
2, 14, 18, 4, 453275750, 482145864, 1, 5, 494089702, 1
2, 14, 18, 4, 453275750, 482145864, 1, 4, 398543222, 1
2, 14, 18, 4, 453275750, 482145864, 1, 3, 310055549, 1
2, 14, 18, 4, 453275750, 482145864, 1, 2, 214894480, 1
2, 14, 18, 4, 453275750, 482145864, 1, 1, 126091574, 1
2, 14, 18, 4, 453275750, 482145864, 1, 0, 1, 0
2, 14, 18, 4, 453275750, 482145864, 0, 15, 882286776, 1
2, 14, 18, 4, 453275750, 482145864, 0, 14, 866045311, 1
2, 14, 18, 4, 453275750, 482145864, 0, 13, 848791610, 1
2, 14, 18, 4, 453275750, 482145864, 0, 12, 825478349, 1
2, 14, 18, 4, 453275750, 482145864, 0, 11, 797540765, 1
2, 14, 18, 4, 453275750, 482145864, 0, 10, 762829214, 1
2, 14, 18, 4, 453275750, 482145864, 0, 9, 735857359, 1
2, 14, 18, 4, 453275750, 482145864, 0, 8, 698309045, 1
2, 14, 18, 4, 453275750, 482145864, 0, 7, 677708859, 1
2, 14, 18, 4, 453275750, 482145864, 0, 6, 620149426, 1
2, 14, 18, 4, 453275750, 482145864, 0, 5, 539982211, 1
2, 14, 18, 4, 453275750, 482145864, 0, 4, 450001771, 1
2, 14, 18, 4, 453275750, 482145864, 0, 3, 354221160, 1
2, 14, 18, 4, 453275750, 482145864, 0, 2, 250293718, 1
2, 14, 18, 4, 453275750, 482145864, 0, 1, 196542844, 1
2, 15, 18, 4, 482145865, 497273671, 1, 15, 887414380, 1
2, 15, 18, 4, 482145865, 497273671, 1, 14, 877857126, 1
2, 15, 18, 4, 482145865, 497273671, 1, 13, 861807919, 1
2, 15, 18, 4, 482145865, 497273671, 1, 12, 841825748, 1
2, 15, 18, 4, 482145865, 497273671, 1, 11, 818242958, 1
2, 15, 18, 4, 482145865, 497273671, 1, 10, 791852981, 1
2, 15, 18, 4, 482145865, 497273671, 1, 9, 755945488, 1
2, 15, 18, 4, 482145865, 497273671, 1, 8, 704501270, 1
2, 15, 18, 4, 482145865, 497273671, 1, 7, 649858060, 1
2, 15, 18, 4, 482145865, 497273671, 1, 6, 585164570, 1
2, 15, 18, 4, 482145865, 497273671, 1, 5, 496167329, 1
2, 15, 18, 4, 482145865, 497273671, 1, 4, 384100434, 1
2, 15, 18, 4, 482145865, 497273671, 1, 3, 285269253, 1
2, 15, 18, 4, 482145865, 497273671, 1, 2, 191760604, 1
2, 15, 18, 4, 482145865, 497273671, 1, 1, 106813343, 1
2, 15, 18, 4, 482145865, 497273671, 1, 0, 1, 0
2, 15, 18, 4, 482145865, 497273671, 0, 15, 921155027, 1
2, 15, 18, 4, 482145865, 497273671, 0, 14, 908022731, 1
2, 15, 18, 4, 482145865, 497273671, 0, 13, 896222474, 1
2, 15, 18, 4, 482145865, 497273671, 0, 12, 878177392, 1
2, 15, 18, 4, 482145865, 497273671, 0, 11, 857659480, 1
2, 15, 18, 4, 482145865, 497273671, 0, 10, 822602378, 1
2, 15, 18, 4, 482145865, 497273671, 0, 9, 794284526, 1
2, 15, 18, 4, 482145865, 497273671, 0, 8, 744179838, 1
2, 15, 18, 4, 482145865, 497273671, 0, 7, 690767650, 1
2, 15, 18, 4, 482145865, 497273671, 0, 6, 640204240, 1
2, 15, 18, 4, 482145865, 497273671, 0, 5, 553315209, 1
2, 15, 18, 4, 482145865, 497273671, 0, 4, 446422845, 1
2, 15, 18, 4, 482145865, 497273671, 0, 3, 325303814, 1
2, 15, 18, 4, 482145865, 497273671, 0, 2, 221376372, 1
2, 15, 18, 4, 482145865, 497273671, 0, 1, 167625498, 1
2, 16, 18, 4, 497273672, 511334323, 1, 15, 1040075927, 1
2, 16, 18, 4, 497273672, 511334323, 1, 14, 1023322245, 1
2, 16, 18, 4, 497273672, 511334323, 1, 13, 1003899051, 1
2, 16, 18, 4, 497273672, 511334323, 1, 12, 979169081, 1
2, 16, 18, 4, 497273672, 511334323, 1, 11, 953671161, 1
2, 16, 18, 4, 497273672, 511334323, 1, 10, 878643202, 1
2, 16, 18, 4, 497273672, 511334323, 1, 9, 852657469, 1
2, 16, 18, 4, 497273672, 511334323, 1, 8, 813469544, 1
2, 16, 18, 4, 497273672, 511334323, 1, 7, 748912816, 1
2, 16, 18, 4, 497273672, 511334323, 1, 6, 685419491, 1
2, 16, 18, 4, 497273672, 511334323, 1, 5, 591366088, 1
2, 16, 18, 4, 497273672, 511334323, 1, 4, 457370315, 1
2, 16, 18, 4, 497273672, 511334323, 1, 3, 350986267, 1
2, 16, 18, 4, 497273672, 511334323, 1, 2, 249758346, 1
2, 16, 18, 4, 497273672, 511334323, 1, 1, 131009635, 1
2, 16, 18, 4, 497273672, 511334323, 1, 0, 1, 0
2, 16, 18, 4, 497273672, 511334323, 0, 15, 1085987659, 1
2, 16, 18, 4, 497273672, 511334323, 0, 14, 1069390024, 1
2, 16, 18, 4, 497273672, 511334323, 0, 13, 1055851811, 1
2, 16, 18, 4, 497273672, 511334323, 0, 12, 1034918190, 1
2, 16, 18, 4, 497273672, 511334323, 0, 11, 1016178243, 1
2, 16, 18, 4, 497273672, 511334323, 0, 10, 895870525, 1
2, 16, 18, 4, 497273672, 511334323, 0, 9, 876523190, 1
2, 16, 18, 4, 497273672, 511334323, 0, 8, 837631649, 1
2, 16, 18, 4, 497273672, 511334323, 0, 7, 773322220, 1
2, 16, 18, 4, 497273672, 511334323, 0, 6, 704855595, 1
2, 16, 18, 4, 497273672, 511334323, 0, 5, 604892056, 1
2, 16, 18, 4, 497273672, 511334323, 0, 4, 512760530, 1
2, 16, 18, 4, 497273672, 511334323, 0, 3, 408180543, 1
2, 16, 18, 4, 497273672, 511334323, 0, 2, 314563082, 1
2, 16, 18, 4, 497273672, 511334323, 0, 1, 197941558, 1
2, 17, 18, 4, 511334324, 535263856, 1, 15, 1180250677, 1
2, 17, 18, 4, 511334324, 535263856, 1, 14, 1147466170, 1
2, 17, 18, 4, 511334324, 535263856, 1, 13, 1112454204, 1
2, 17, 18, 4, 511334324, 535263856, 1, 12, 1078509137, 1
2, 17, 18, 4, 511334324, 535263856, 1, 11, 1054749332, 1
2, 17, 18, 4, 511334324, 535263856, 1, 10, 1035735688, 1
2, 17, 18, 4, 511334324, 535263856, 1, 9, 1020899742, 1
2, 17, 18, 4, 511334324, 535263856, 1, 8, 1026223098, 1
2, 17, 18, 4, 511334324, 535263856, 1, 7, 940835577, 1
2, 17, 18, 4, 511334324, 535263856, 1, 6, 899455636, 1
2, 17, 18, 4, 511334324, 535263856, 1, 5, 756926685, 1
2, 17, 18, 4, 511334324, 535263856, 1, 4, 660841181, 1
2, 17, 18, 4, 511334324, 535263856, 1, 3, 550575218, 1
2, 17, 18, 4, 511334324, 535263856, 1, 2, 598818031, 1
2, 17, 18, 4, 511334324, 535263856, 1, 1, 353084080, 1
2, 17, 18, 4, 511334324, 535263856, 1, 0, 263753167, 0
2, 17, 18, 4, 511334324, 535263856, 0, 15, 1143778337, 1
2, 17, 18, 4, 511334324, 535263856, 0, 14, 1099424234, 1
2, 17, 18, 4, 511334324, 535263856, 0, 13, 1064766126, 1
2, 17, 18, 4, 511334324, 535263856, 0, 12, 1021779905, 1
2, 17, 18, 4, 511334324, 535263856, 0, 11, 1007593126, 1
2, 17, 18, 4, 511334324, 535263856, 0, 10, 1007623290, 1
2, 17, 18, 4, 511334324, 535263856, 0, 9, 994596636, 1
2, 17, 18, 4, 511334324, 535263856, 0, 8, 1000080269, 1
2, 17, 18, 4, 511334324, 535263856, 0, 7, 901460257, 1
2, 17, 18, 4, 511334324, 535263856, 0, 6, 824153099, 1
2, 17, 18, 4, 511334324, 535263856, 0, 5, 678909208, 1
2, 17, 18, 4, 511334324, 535263856, 0, 4, 779240149, 1
2, 17, 18, 4, 511334324, 535263856, 0, 3, 629905200, 1
2, 17, 18, 4, 511334324, 535263856, 0, 2, 735327733, 1
2, 17, 18, 4, 511334324, 535263856, 0, 1, 433880769, 1
2, 18, 18, 4, 535263857, 565997446, 1, 15, 919067835, 1
2, 18, 18, 4, 535263857, 565997446, 1, 14, 882701552, 1
2, 18, 18, 4, 535263857, 565997446, 1, 13, 840569521, 1
2, 18, 18, 4, 535263857, 565997446, 1, 12, 790555969, 1
2, 18, 18, 4, 535263857, 565997446, 1, 11, 737296743, 1
2, 18, 18, 4, 535263857, 565997446, 1, 10, 732342807, 1
2, 18, 18, 4, 535263857, 565997446, 1, 9, 688130808, 1
2, 18, 18, 4, 535263857, 565997446, 1, 8, 687325172, 1
2, 18, 18, 4, 535263857, 565997446, 1, 7, 584918501, 1
2, 18, 18, 4, 535263857, 565997446, 1, 6, 487958846, 1
2, 18, 18, 4, 535263857, 565997446, 1, 5, 576678636, 1
2, 18, 18, 4, 535263857, 565997446, 1, 4, 681571783, 1
2, 18, 18, 4, 535263857, 565997446, 1, 3, 495365024, 1
2, 18, 18, 4, 535263857, 565997446, 1, 2, 317210128, 1
2, 18, 18, 4, 535263857, 565997446, 1, 1, 528683547, 1
2, 18, 18, 4, 535263857, 565997446, 1, 0, 1, 0
2, 18, 18, 4, 535263857, 565997446, 0, 15, 966609025, 1
2, 18, 18, 4, 535263857, 565997446, 0, 14, 926481374, 1
2, 18, 18, 4, 535263857, 565997446, 0, 13, 890186155, 1
2, 18, 18, 4, 535263857, 565997446, 0, 12, 846628164, 1
2, 18, 18, 4, 535263857, 565997446, 0, 11, 794117471, 1
2, 18, 18, 4, 535263857, 565997446, 0, 10, 804768216, 1
2, 18, 18, 4, 535263857, 565997446, 0, 9, 772604097, 1
2, 18, 18, 4, 535263857, 565997446, 0, 8, 778270195, 1
2, 18, 18, 4, 535263857, 565997446, 0, 7, 673533410, 1
2, 18, 18, 4, 535263857, 565997446, 0, 6, 568099400, 1
2, 18, 18, 4, 535263857, 565997446, 0, 5, 681719279, 1
2, 18, 18, 4, 535263857, 565997446, 0, 4, 815725841, 1
2, 18, 18, 4, 535263857, 565997446, 0, 3, 605434680, 1
2, 18, 18, 4, 535263857, 565997446, 0, 2, 434222575, 1
2, 18, 18, 4, 535263857, 565997446, 0, 1, 868445150, 1
2, 19, 18, 4, 565997447, 756327088, 1, 15, 643596350, 1
2, 19, 18, 4, 565997447, 756327088, 1, 14, 651754462, 1
2, 19, 18, 4, 565997447, 756327088, 1, 13, 639198598, 1
2, 19, 18, 4, 565997447, 756327088, 1, 12, 625223654, 1
2, 19, 18, 4, 565997447, 756327088, 1, 11, 623954496, 1
2, 19, 18, 4, 565997447, 756327088, 1, 10, 604678824, 1
2, 19, 18, 4, 565997447, 756327088, 1, 9, 647476071, 1
2, 19, 18, 4, 565997447, 756327088, 1, 8, 637076869, 1
2, 19, 18, 4, 565997447, 756327088, 1, 7, 619780664, 1
2, 19, 18, 4, 565997447, 756327088, 1, 6, 647354423, 1
2, 19, 18, 4, 565997447, 756327088, 1, 5, 639659434, 1
2, 19, 18, 4, 565997447, 756327088, 1, 4, 603054840, 1
2, 19, 18, 4, 565997447, 756327088, 1, 3, 559706111, 1
2, 19, 18, 4, 565997447, 756327088, 1, 2, 556101597, 1
2, 19, 18, 4, 565997447, 756327088, 1, 1, 400384841, 1
2, 19, 18, 4, 565997447, 756327088, 1, 0, 1, 0
2, 19, 18, 4, 565997447, 756327088, 0, 15, 666704731, 1
2, 19, 18, 4, 565997447, 756327088, 0, 14, 686288694, 1
2, 19, 18, 4, 565997447, 756327088, 0, 13, 673700637, 1
2, 19, 18, 4, 565997447, 756327088, 0, 12, 660830663, 1
2, 19, 18, 4, 565997447, 756327088, 0, 11, 643676594, 1
2, 19, 18, 4, 565997447, 756327088, 0, 10, 623393823, 1
2, 19, 18, 4, 565997447, 756327088, 0, 9, 663944800, 1
2, 19, 18, 4, 565997447, 756327088, 0, 8, 663411958, 1
2, 19, 18, 4, 565997447, 756327088, 0, 7, 665475576, 1
2, 19, 18, 4, 565997447, 756327088, 0, 6, 638118045, 1
2, 19, 18, 4, 565997447, 756327088, 0, 5, 623330172, 1
2, 19, 18, 4, 565997447, 756327088, 0, 4, 586581716, 1
2, 19, 18, 4, 565997447, 756327088, 0, 3, 547882986, 1
2, 19, 18, 4, 565997447, 756327088, 0, 2, 616727027, 1
2, 19, 18, 4, 565997447, 756327088, 0, 1, 489579712, 1
2, 20, 18, 4, 756327089, 800042966, 1, 15, 639281180, 1
2, 20, 18, 4, 756327089, 800042966, 1, 14, 647003534, 1
2, 20, 18, 4, 756327089, 800042966, 1, 13, 640681282, 1
2, 20, 18, 4, 756327089, 800042966, 1, 12, 633938384, 1
2, 20, 18, 4, 756327089, 800042966, 1, 11, 637000190, 1
2, 20, 18, 4, 756327089, 800042966, 1, 10, 631999090, 1
2, 20, 18, 4, 756327089, 800042966, 1, 9, 631582427, 1
2, 20, 18, 4, 756327089, 800042966, 1, 8, 618851017, 1
2, 20, 18, 4, 756327089, 800042966, 1, 7, 646891654, 1
2, 20, 18, 4, 756327089, 800042966, 1, 6, 663478021, 1
2, 20, 18, 4, 756327089, 800042966, 1, 5, 656259180, 1
2, 20, 18, 4, 756327089, 800042966, 1, 4, 626654751, 1
2, 20, 18, 4, 756327089, 800042966, 1, 3, 589476475, 1
2, 20, 18, 4, 756327089, 800042966, 1, 2, 541784309, 1
2, 20, 18, 4, 756327089, 800042966, 1, 1, 401720389, 1
2, 20, 18, 4, 756327089, 800042966, 1, 0, 1, 0
2, 20, 18, 4, 756327089, 800042966, 0, 15, 620896025, 1
2, 20, 18, 4, 756327089, 800042966, 0, 14, 637064843, 1
2, 20, 18, 4, 756327089, 800042966, 0, 13, 634522081, 1
2, 20, 18, 4, 756327089, 800042966, 0, 12, 623782916, 1
2, 20, 18, 4, 756327089, 800042966, 0, 11, 610914146, 1
2, 20, 18, 4, 756327089, 800042966, 0, 10, 606064307, 1
2, 20, 18, 4, 756327089, 800042966, 0, 9, 615587236, 1
2, 20, 18, 4, 756327089, 800042966, 0, 8, 608277582, 1
2, 20, 18, 4, 756327089, 800042966, 0, 7, 636810632, 1
2, 20, 18, 4, 756327089, 800042966, 0, 6, 674854698, 1
2, 20, 18, 4, 756327089, 800042966, 0, 5, 673509405, 1
2, 20, 18, 4, 756327089, 800042966, 0, 4, 648804927, 1
2, 20, 18, 4, 756327089, 800042966, 0, 3, 630179494, 1
2, 20, 18, 4, 756327089, 800042966, 0, 2, 618730348, 1
2, 20, 18, 4, 756327089, 800042966, 0, 1, 491583033, 1
2, 21, 18, 4, 800042967, 1056066155, 1, 15, 530933371, 1
2, 21, 18, 4, 800042967, 1056066155, 1, 14, 526560588, 1
2, 21, 18, 4, 800042967, 1056066155, 1, 13, 527012061, 1
2, 21, 18, 4, 800042967, 1056066155, 1, 12, 523031301, 1
2, 21, 18, 4, 800042967, 1056066155, 1, 11, 525817395, 1
2, 21, 18, 4, 800042967, 1056066155, 1, 10, 524224616, 1
2, 21, 18, 4, 800042967, 1056066155, 1, 9, 520697259, 1
2, 21, 18, 4, 800042967, 1056066155, 1, 8, 505033676, 1
2, 21, 18, 4, 800042967, 1056066155, 1, 7, 497685593, 1
2, 21, 18, 4, 800042967, 1056066155, 1, 6, 500761525, 1
2, 21, 18, 4, 800042967, 1056066155, 1, 5, 474080458, 1
2, 21, 18, 4, 800042967, 1056066155, 1, 4, 427531162, 1
2, 21, 18, 4, 800042967, 1056066155, 1, 3, 420664665, 1
2, 21, 18, 4, 800042967, 1056066155, 1, 2, 352949575, 1
2, 21, 18, 4, 800042967, 1056066155, 1, 1, 367247522, 1
2, 21, 18, 4, 800042967, 1056066155, 1, 0, 30699685, 0
2, 21, 18, 4, 800042967, 1056066155, 0, 15, 495651777, 1
2, 21, 18, 4, 800042967, 1056066155, 0, 14, 488181813, 1
2, 21, 18, 4, 800042967, 1056066155, 0, 13, 493300888, 1
2, 21, 18, 4, 800042967, 1056066155, 0, 12, 487657002, 1
2, 21, 18, 4, 800042967, 1056066155, 0, 11, 495570285, 1
2, 21, 18, 4, 800042967, 1056066155, 0, 10, 500912830, 1
2, 21, 18, 4, 800042967, 1056066155, 0, 9, 490619514, 1
2, 21, 18, 4, 800042967, 1056066155, 0, 8, 473457146, 1
2, 21, 18, 4, 800042967, 1056066155, 0, 7, 450247447, 1
2, 21, 18, 4, 800042967, 1056066155, 0, 6, 472045514, 1
2, 21, 18, 4, 800042967, 1056066155, 0, 5, 436745208, 1
2, 21, 18, 4, 800042967, 1056066155, 0, 4, 376473662, 1
2, 21, 18, 4, 800042967, 1056066155, 0, 3, 314895081, 1
2, 21, 18, 4, 800042967, 1056066155, 0, 2, 213616854, 1
2, 21, 18, 4, 800042967, 1056066155, 0, 1, 427233708, 1
2, 22, 18, 4, 1056066156, 1247762381, 1, 15, 493005652, 1
2, 22, 18, 4, 1056066156, 1247762381, 1, 14, 484093580, 1
2, 22, 18, 4, 1056066156, 1247762381, 1, 13, 474000412, 1
2, 22, 18, 4, 1056066156, 1247762381, 1, 12, 462331807, 1
2, 22, 18, 4, 1056066156, 1247762381, 1, 11, 448607917, 1
2, 22, 18, 4, 1056066156, 1247762381, 1, 10, 436591027, 1
2, 22, 18, 4, 1056066156, 1247762381, 1, 9, 428859475, 1
2, 22, 18, 4, 1056066156, 1247762381, 1, 8, 416459465, 1
2, 22, 18, 4, 1056066156, 1247762381, 1, 7, 392206569, 1
2, 22, 18, 4, 1056066156, 1247762381, 1, 6, 384282859, 1
2, 22, 18, 4, 1056066156, 1247762381, 1, 5, 348169422, 1
2, 22, 18, 4, 1056066156, 1247762381, 1, 4, 314705559, 1
2, 22, 18, 4, 1056066156, 1247762381, 1, 3, 400054587, 1
2, 22, 18, 4, 1056066156, 1247762381, 1, 2, 310629567, 1
2, 22, 18, 4, 1056066156, 1247762381, 1, 1, 304209050, 1
2, 22, 18, 4, 1056066156, 1247762381, 1, 0, 1, 0
2, 22, 18, 4, 1056066156, 1247762381, 0, 15, 485369395, 1
2, 22, 18, 4, 1056066156, 1247762381, 0, 14, 476862618, 1
2, 22, 18, 4, 1056066156, 1247762381, 0, 13, 467819931, 1
2, 22, 18, 4, 1056066156, 1247762381, 0, 12, 453465527, 1
2, 22, 18, 4, 1056066156, 1247762381, 0, 11, 436912210, 1
2, 22, 18, 4, 1056066156, 1247762381, 0, 10, 430141495, 1
2, 22, 18, 4, 1056066156, 1247762381, 0, 9, 415097055, 1
2, 22, 18, 4, 1056066156, 1247762381, 0, 8, 392357870, 1
2, 22, 18, 4, 1056066156, 1247762381, 0, 7, 366147121, 1
2, 22, 18, 4, 1056066156, 1247762381, 0, 6, 381595984, 1
2, 22, 18, 4, 1056066156, 1247762381, 0, 5, 352421309, 1
2, 22, 18, 4, 1056066156, 1247762381, 0, 4, 294388321, 1
2, 22, 18, 4, 1056066156, 1247762381, 0, 3, 392517761, 1
2, 22, 18, 4, 1056066156, 1247762381, 0, 2, 275828333, 1
2, 22, 18, 4, 1056066156, 1247762381, 0, 1, 551656666, 1
2, 23, 18, 4, 1247762382, 1265464632, 1, 15, 458172239, 0
2, 23, 18, 4, 1247762382, 1265464632, 1, 14, 478191456, 0
2, 23, 18, 4, 1247762382, 1265464632, 1, 13, 482631280, 0
2, 23, 18, 4, 1247762382, 1265464632, 1, 12, 492228678, 0
2, 23, 18, 4, 1247762382, 1265464632, 1, 11, 494249049, 0
2, 23, 18, 4, 1247762382, 1265464632, 1, 10, 494031776, 0
2, 23, 18, 4, 1247762382, 1265464632, 1, 9, 447640648, 0
2, 23, 18, 4, 1247762382, 1265464632, 1, 8, 435200199, 0
2, 23, 18, 4, 1247762382, 1265464632, 1, 7, 434704968, 0
2, 23, 18, 4, 1247762382, 1265464632, 1, 6, 361944020, 0
2, 23, 18, 4, 1247762382, 1265464632, 1, 5, 405856675, 0
2, 23, 18, 4, 1247762382, 1265464632, 1, 4, 360091919, 0
2, 23, 18, 4, 1247762382, 1265464632, 1, 3, 462697709, 0
2, 23, 18, 4, 1247762382, 1265464632, 1, 2, 397362085, 0
2, 23, 18, 4, 1247762382, 1265464632, 1, 1, 659455393, 1
2, 23, 18, 4, 1247762382, 1265464632, 1, 0, 451739864, 0
2, 23, 18, 4, 1247762382, 1265464632, 0, 15, 361881118, 1
2, 23, 18, 4, 1247762382, 1265464632, 0, 14, 363744969, 1
2, 23, 18, 4, 1247762382, 1265464632, 0, 13, 358737725, 1
2, 23, 18, 4, 1247762382, 1265464632, 0, 12, 362278147, 1
2, 23, 18, 4, 1247762382, 1265464632, 0, 11, 348267685, 1
2, 23, 18, 4, 1247762382, 1265464632, 0, 10, 350888636, 1
2, 23, 18, 4, 1247762382, 1265464632, 0, 9, 276333667, 1
2, 23, 18, 4, 1247762382, 1265464632, 0, 8, 303800768, 1
2, 23, 18, 4, 1247762382, 1265464632, 0, 7, 276736023, 1
2, 23, 18, 4, 1247762382, 1265464632, 0, 6, 174062201, 1
2, 23, 18, 4, 1247762382, 1265464632, 0, 5, 176530915, 1
2, 23, 18, 4, 1247762382, 1265464632, 0, 4, 212857053, 1
2, 23, 18, 4, 1247762382, 1265464632, 0, 3, 283809404, 1
2, 23, 18, 4, 1247762382, 1265464632, 0, 2, 402265615, 1
2, 23, 18, 4, 1247762382, 1265464632, 0, 1, 796086985, 1
2, 24, 18, 4, 1265464633, 1268451225, 1, 15, 2043368637, 1
2, 24, 18, 4, 1265464633, 1268451225, 1, 14, 2068784311, 1
2, 24, 18, 4, 1265464633, 1268451225, 1, 13, 2026946860, 1
2, 24, 18, 4, 1265464633, 1268451225, 1, 12, 1982862618, 1
2, 24, 18, 4, 1265464633, 1268451225, 1, 11, 1921865412, 1
2, 24, 18, 4, 1265464633, 1268451225, 1, 10, 1846627214, 1
2, 24, 18, 4, 1265464633, 1268451225, 1, 9, 1872172349, 1
2, 24, 18, 4, 1265464633, 1268451225, 1, 8, 1825226697, 1
2, 24, 18, 4, 1265464633, 1268451225, 1, 7, 1714690190, 1
2, 24, 18, 4, 1265464633, 1268451225, 1, 6, 1653339609, 1
2, 24, 18, 4, 1265464633, 1268451225, 1, 5, 1529263085, 1
2, 24, 18, 4, 1265464633, 1268451225, 1, 4, 1562240537, 1
2, 24, 18, 4, 1265464633, 1268451225, 1, 3, 1474837556, 1
2, 24, 18, 4, 1265464633, 1268451225, 1, 2, 1122917813, 1
2, 24, 18, 4, 1265464633, 1268451225, 1, 1, 542673105, 1
2, 24, 18, 4, 1265464633, 1268451225, 1, 0, 23034017, 0
2, 24, 18, 4, 1265464633, 1268451225, 0, 15, 2145171820, 1
2, 24, 18, 4, 1265464633, 1268451225, 0, 14, 2186591104, 1
2, 24, 18, 4, 1265464633, 1268451225, 0, 13, 2151392326, 1
2, 24, 18, 4, 1265464633, 1268451225, 0, 12, 2119709291, 1
2, 24, 18, 4, 1265464633, 1268451225, 0, 11, 2064071108, 1
2, 24, 18, 4, 1265464633, 1268451225, 0, 10, 2016738793, 1
2, 24, 18, 4, 1265464633, 1268451225, 0, 9, 2062604390, 1
2, 24, 18, 4, 1265464633, 1268451225, 0, 8, 2036438321, 1
2, 24, 18, 4, 1265464633, 1268451225, 0, 7, 1940416643, 1
2, 24, 18, 4, 1265464633, 1268451225, 0, 6, 1885645624, 1
2, 24, 18, 4, 1265464633, 1268451225, 0, 5, 1787363807, 1
2, 24, 18, 4, 1265464633, 1268451225, 0, 4, 1672564149, 1
2, 24, 18, 4, 1265464633, 1268451225, 0, 3, 1723744680, 1
2, 24, 18, 4, 1265464633, 1268451225, 0, 2, 1454500491, 1
2, 24, 18, 4, 1265464633, 1268451225, 0, 1, 685220660, 1
2, 25, 18, 4, 1268451226, 1272312305, 1, 15, 2297793804, 1
2, 25, 18, 4, 1268451226, 1272312305, 1, 14, 2244792106, 1
2, 25, 18, 4, 1268451226, 1272312305, 1, 13, 2238153520, 1
2, 25, 18, 4, 1268451226, 1272312305, 1, 12, 2228766049, 1
2, 25, 18, 4, 1268451226, 1272312305, 1, 11, 2215126857, 1
2, 25, 18, 4, 1268451226, 1272312305, 1, 10, 2155104689, 1
2, 25, 18, 4, 1268451226, 1272312305, 1, 9, 2066649868, 1
2, 25, 18, 4, 1268451226, 1272312305, 1, 8, 1878880741, 1
2, 25, 18, 4, 1268451226, 1272312305, 1, 7, 1802962887, 1
2, 25, 18, 4, 1268451226, 1272312305, 1, 6, 1541119327, 1
2, 25, 18, 4, 1268451226, 1272312305, 1, 5, 1294061702, 1
2, 25, 18, 4, 1268451226, 1272312305, 1, 4, 1147121182, 1
2, 25, 18, 4, 1268451226, 1272312305, 1, 3, 805776990, 1
2, 25, 18, 4, 1268451226, 1272312305, 1, 2, 663450200, 1
2, 25, 18, 4, 1268451226, 1272312305, 1, 1, 140303806, 1
2, 25, 18, 4, 1268451226, 1272312305, 1, 0, 144958, 0
2, 25, 18, 4, 1268451226, 1272312305, 0, 15, 2394908781, 1
2, 25, 18, 4, 1268451226, 1272312305, 0, 14, 2354775201, 1
2, 25, 18, 4, 1268451226, 1272312305, 0, 13, 2354526014, 1
2, 25, 18, 4, 1268451226, 1272312305, 0, 12, 2361138643, 1
2, 25, 18, 4, 1268451226, 1272312305, 0, 11, 2350216083, 1
2, 25, 18, 4, 1268451226, 1272312305, 0, 10, 2285695143, 1
2, 25, 18, 4, 1268451226, 1272312305, 0, 9, 2206836216, 1
2, 25, 18, 4, 1268451226, 1272312305, 0, 8, 2024764493, 1
2, 25, 18, 4, 1268451226, 1272312305, 0, 7, 1950390982, 1
2, 25, 18, 4, 1268451226, 1272312305, 0, 6, 1665369509, 1
2, 25, 18, 4, 1268451226, 1272312305, 0, 5, 1575657574, 1
2, 25, 18, 4, 1268451226, 1272312305, 0, 4, 1468585874, 1
2, 25, 18, 4, 1268451226, 1272312305, 0, 3, 987947960, 1
2, 25, 18, 4, 1268451226, 1272312305, 0, 2, 852893833, 1
2, 25, 18, 4, 1268451226, 1272312305, 0, 1, 214075043, 1
2, 26, 18, 4, 1272312306, 1312612182, 1, 15, 1059632626, 1
2, 26, 18, 4, 1272312306, 1312612182, 1, 14, 1043895159, 1
2, 26, 18, 4, 1272312306, 1312612182, 1, 13, 1021907865, 1
2, 26, 18, 4, 1272312306, 1312612182, 1, 12, 996402604, 1
2, 26, 18, 4, 1272312306, 1312612182, 1, 11, 964939299, 1
2, 26, 18, 4, 1272312306, 1312612182, 1, 10, 929150315, 1
2, 26, 18, 4, 1272312306, 1312612182, 1, 9, 885826809, 1
2, 26, 18, 4, 1272312306, 1312612182, 1, 8, 828781170, 1
2, 26, 18, 4, 1272312306, 1312612182, 1, 7, 750706093, 1
2, 26, 18, 4, 1272312306, 1312612182, 1, 6, 656011089, 1
2, 26, 18, 4, 1272312306, 1312612182, 1, 5, 550916522, 1
2, 26, 18, 4, 1272312306, 1312612182, 1, 4, 447648019, 1
2, 26, 18, 4, 1272312306, 1312612182, 1, 3, 344278884, 1
2, 26, 18, 4, 1272312306, 1312612182, 1, 2, 240491405, 1
2, 26, 18, 4, 1272312306, 1312612182, 1, 1, 133431653, 1
2, 26, 18, 4, 1272312306, 1312612182, 1, 0, 1, 0
2, 26, 18, 4, 1272312306, 1312612182, 0, 15, 1087542431, 1
2, 26, 18, 4, 1272312306, 1312612182, 0, 14, 1077014877, 1
2, 26, 18, 4, 1272312306, 1312612182, 0, 13, 1056729589, 1
2, 26, 18, 4, 1272312306, 1312612182, 0, 12, 1033063419, 1
2, 26, 18, 4, 1272312306, 1312612182, 0, 11, 1001911219, 1
2, 26, 18, 4, 1272312306, 1312612182, 0, 10, 968029979, 1
2, 26, 18, 4, 1272312306, 1312612182, 0, 9, 926619574, 1
2, 26, 18, 4, 1272312306, 1312612182, 0, 8, 876375136, 1
2, 26, 18, 4, 1272312306, 1312612182, 0, 7, 801223900, 1
2, 26, 18, 4, 1272312306, 1312612182, 0, 6, 712738708, 1
2, 26, 18, 4, 1272312306, 1312612182, 0, 5, 608927740, 1
2, 26, 18, 4, 1272312306, 1312612182, 0, 4, 505426117, 1
2, 26, 18, 4, 1272312306, 1312612182, 0, 3, 403540093, 1
2, 26, 18, 4, 1272312306, 1312612182, 0, 2, 300773733, 1
2, 26, 18, 4, 1272312306, 1312612182, 0, 1, 200874928, 1
2, 27, 18, 4, 1312612183, 1327733680, 1, 15, 1115046785, 1
2, 27, 18, 4, 1312612183, 1327733680, 1, 14, 1093306902, 1
2, 27, 18, 4, 1312612183, 1327733680, 1, 13, 1062616075, 1
2, 27, 18, 4, 1312612183, 1327733680, 1, 12, 1036323517, 1
2, 27, 18, 4, 1312612183, 1327733680, 1, 11, 1006157197, 1
2, 27, 18, 4, 1312612183, 1327733680, 1, 10, 974588104, 1
2, 27, 18, 4, 1312612183, 1327733680, 1, 9, 936372887, 1
2, 27, 18, 4, 1312612183, 1327733680, 1, 8, 886398477, 1
2, 27, 18, 4, 1312612183, 1327733680, 1, 7, 816960838, 1
2, 27, 18, 4, 1312612183, 1327733680, 1, 6, 730667588, 1
2, 27, 18, 4, 1312612183, 1327733680, 1, 5, 639470766, 1
2, 27, 18, 4, 1312612183, 1327733680, 1, 4, 555614740, 1
2, 27, 18, 4, 1312612183, 1327733680, 1, 3, 470455681, 1
2, 27, 18, 4, 1312612183, 1327733680, 1, 2, 418360144, 1
2, 27, 18, 4, 1312612183, 1327733680, 1, 1, 130641877, 1
2, 27, 18, 4, 1312612183, 1327733680, 1, 0, 5567119, 0
2, 27, 18, 4, 1312612183, 1327733680, 0, 15, 1096190336, 1
2, 27, 18, 4, 1312612183, 1327733680, 0, 14, 1077043602, 1
2, 27, 18, 4, 1312612183, 1327733680, 0, 13, 1056998290, 1
2, 27, 18, 4, 1312612183, 1327733680, 0, 12, 1033612092, 1
2, 27, 18, 4, 1312612183, 1327733680, 0, 11, 1005973858, 1
2, 27, 18, 4, 1312612183, 1327733680, 0, 10, 972807977, 1
2, 27, 18, 4, 1312612183, 1327733680, 0, 9, 932271901, 1
2, 27, 18, 4, 1312612183, 1327733680, 0, 8, 879405459, 1
2, 27, 18, 4, 1312612183, 1327733680, 0, 7, 809575804, 1
2, 27, 18, 4, 1312612183, 1327733680, 0, 6, 717785864, 1
2, 27, 18, 4, 1312612183, 1327733680, 0, 5, 614270537, 1
2, 27, 18, 4, 1312612183, 1327733680, 0, 4, 510282140, 1
2, 27, 18, 4, 1312612183, 1327733680, 0, 3, 396145846, 1
2, 27, 18, 4, 1312612183, 1327733680, 0, 2, 290288571, 1
2, 27, 18, 4, 1312612183, 1327733680, 0, 1, 180542502, 1
2, 28, 18, 4, 1327733681, 1356992760, 1, 15, 1645849672, 1
2, 28, 18, 4, 1327733681, 1356992760, 1, 14, 1583317716, 1
2, 28, 18, 4, 1327733681, 1356992760, 1, 13, 1605555662, 1
2, 28, 18, 4, 1327733681, 1356992760, 1, 12, 1550922870, 1
2, 28, 18, 4, 1327733681, 1356992760, 1, 11, 1503548921, 1
2, 28, 18, 4, 1327733681, 1356992760, 1, 10, 1464455434, 1
2, 28, 18, 4, 1327733681, 1356992760, 1, 9, 1431100290, 1
2, 28, 18, 4, 1327733681, 1356992760, 1, 8, 1438035493, 1
2, 28, 18, 4, 1327733681, 1356992760, 1, 7, 1293569168, 1
2, 28, 18, 4, 1327733681, 1356992760, 1, 6, 1235268712, 1
2, 28, 18, 4, 1327733681, 1356992760, 1, 5, 1152874989, 1
2, 28, 18, 4, 1327733681, 1356992760, 1, 4, 1166229996, 1
2, 28, 18, 4, 1327733681, 1356992760, 1, 3, 952586621, 1
2, 28, 18, 4, 1327733681, 1356992760, 1, 2, 860642442, 1
2, 28, 18, 4, 1327733681, 1356992760, 1, 1, 894610729, 1
2, 28, 18, 4, 1327733681, 1356992760, 1, 0, 172138743, 0
2, 28, 18, 4, 1327733681, 1356992760, 0, 15, 1775536713, 1
2, 28, 18, 4, 1327733681, 1356992760, 0, 14, 1734030301, 1
2, 28, 18, 4, 1327733681, 1356992760, 0, 13, 1708548199, 1
2, 28, 18, 4, 1327733681, 1356992760, 0, 12, 1674389217, 1
2, 28, 18, 4, 1327733681, 1356992760, 0, 11, 1670234994, 1
2, 28, 18, 4, 1327733681, 1356992760, 0, 10, 1644422151, 1
2, 28, 18, 4, 1327733681, 1356992760, 0, 9, 1624346653, 1
2, 28, 18, 4, 1327733681, 1356992760, 0, 8, 1651796548, 1
2, 28, 18, 4, 1327733681, 1356992760, 0, 7, 1549599179, 1
2, 28, 18, 4, 1327733681, 1356992760, 0, 6, 1489345168, 1
2, 28, 18, 4, 1327733681, 1356992760, 0, 5, 1491683278, 1
2, 28, 18, 4, 1327733681, 1356992760, 0, 4, 1441639705, 1
2, 28, 18, 4, 1327733681, 1356992760, 0, 3, 1284550172, 1
2, 28, 18, 4, 1327733681, 1356992760, 0, 2, 1394374080, 1
2, 28, 18, 4, 1327733681, 1356992760, 0, 1, 1292488377, 1
2, 29, 18, 4, 1356992761, 1395048716, 1, 15, 727754140, 0
2, 29, 18, 4, 1356992761, 1395048716, 1, 14, 777944081, 1
2, 29, 18, 4, 1356992761, 1395048716, 1, 13, 766717191, 0
2, 29, 18, 4, 1356992761, 1395048716, 1, 12, 758723064, 0
2, 29, 18, 4, 1356992761, 1395048716, 1, 11, 750459041, 0
2, 29, 18, 4, 1356992761, 1395048716, 1, 10, 705968450, 0
2, 29, 18, 4, 1356992761, 1395048716, 1, 9, 675607416, 0
2, 29, 18, 4, 1356992761, 1395048716, 1, 8, 665584443, 0
2, 29, 18, 4, 1356992761, 1395048716, 1, 7, 754329035, 0
2, 29, 18, 4, 1356992761, 1395048716, 1, 6, 764321781, 0
2, 29, 18, 4, 1356992761, 1395048716, 1, 5, 666620621, 0
2, 29, 18, 4, 1356992761, 1395048716, 1, 4, 635175675, 0
2, 29, 18, 4, 1356992761, 1395048716, 1, 3, 816654439, 0
2, 29, 18, 4, 1356992761, 1395048716, 1, 2, 831057695, 1
2, 29, 18, 4, 1356992761, 1395048716, 1, 1, 1096094871, 1
2, 29, 18, 4, 1356992761, 1395048716, 1, 0, 939894614, 0
2, 29, 18, 4, 1356992761, 1395048716, 0, 15, 912845502, 1
2, 29, 18, 4, 1356992761, 1395048716, 0, 14, 978048752, 1
2, 29, 18, 4, 1356992761, 1395048716, 0, 13, 927108041, 1
2, 29, 18, 4, 1356992761, 1395048716, 0, 12, 859926413, 1
2, 29, 18, 4, 1356992761, 1395048716, 0, 11, 782872573, 1
2, 29, 18, 4, 1356992761, 1395048716, 0, 10, 764515597, 1
2, 29, 18, 4, 1356992761, 1395048716, 0, 9, 729028324, 1
2, 29, 18, 4, 1356992761, 1395048716, 0, 8, 733276367, 1
2, 29, 18, 4, 1356992761, 1395048716, 0, 7, 838030133, 1
2, 29, 18, 4, 1356992761, 1395048716, 0, 6, 800112789, 1
2, 29, 18, 4, 1356992761, 1395048716, 0, 5, 739132858, 1
2, 29, 18, 4, 1356992761, 1395048716, 0, 4, 676785897, 1
2, 29, 18, 4, 1356992761, 1395048716, 0, 3, 902381196, 1
2, 29, 18, 4, 1356992761, 1395048716, 0, 2, 994219199, 1
2, 29, 18, 4, 1356992761, 1395048716, 0, 1, 1121434537, 1
2, 30, 18, 4, 1395048717, 1550271540, 1, 15, 12508495, 1
2, 30, 18, 4, 1395048717, 1550271540, 1, 14, 10931525, 1
2, 30, 18, 4, 1395048717, 1550271540, 1, 13, 9140042, 1
2, 30, 18, 4, 1395048717, 1550271540, 1, 12, 9871245, 1
2, 30, 18, 4, 1395048717, 1550271540, 1, 11, 6788481, 1
2, 30, 18, 4, 1395048717, 1550271540, 1, 10, 5355065, 1
2, 30, 18, 4, 1395048717, 1550271540, 1, 9, 2908820, 1
2, 30, 18, 4, 1395048717, 1550271540, 1, 8, 3251034, 1
2, 30, 18, 4, 1395048717, 1550271540, 1, 7, 3684505, 1
2, 30, 18, 4, 1395048717, 1550271540, 1, 6, 4251352, 1
2, 30, 18, 4, 1395048717, 1550271540, 1, 5, 1303724, 1
2, 30, 18, 4, 1395048717, 1550271540, 1, 4, 1, 1
2, 30, 18, 4, 1395048717, 1550271540, 1, 3, 1, 1
2, 30, 18, 4, 1395048717, 1550271540, 1, 2, 1, 1
2, 30, 18, 4, 1395048717, 1550271540, 1, 1, 1, 1
2, 30, 18, 4, 1395048717, 1550271540, 1, 0, 1, 0
2, 30, 18, 4, 1395048717, 1550271540, 0, 15, 11787164, 1
2, 30, 18, 4, 1395048717, 1550271540, 0, 14, 12629105, 1
2, 30, 18, 4, 1395048717, 1550271540, 0, 13, 8198028, 1
2, 30, 18, 4, 1395048717, 1550271540, 0, 12, 8881197, 1
2, 30, 18, 4, 1395048717, 1550271540, 0, 11, 5974582, 1
2, 30, 18, 4, 1395048717, 1550271540, 0, 10, 2433103, 1
2, 30, 18, 4, 1395048717, 1550271540, 0, 9, 1, 1
2, 30, 18, 4, 1395048717, 1550271540, 0, 8, 1, 1
2, 30, 18, 4, 1395048717, 1550271540, 0, 7, 1, 1
2, 30, 18, 4, 1395048717, 1550271540, 0, 6, 1, 1
2, 30, 18, 4, 1395048717, 1550271540, 0, 5, 1, 1
2, 30, 18, 4, 1395048717, 1550271540, 0, 4, 1, 1
2, 30, 18, 4, 1395048717, 1550271540, 0, 3, 1, 1
2, 30, 18, 4, 1395048717, 1550271540, 0, 2, 1, 1
2, 30, 18, 4, 1395048717, 1550271540, 0, 1, 1, 1
2, 31, 18, 4, 1550271541, 1636107744, 1, 15, 21949111, 0
2, 31, 18, 4, 1550271541, 1636107744, 1, 14, 19741538, 0
2, 31, 18, 4, 1550271541, 1636107744, 1, 13, 21203874, 0
2, 31, 18, 4, 1550271541, 1636107744, 1, 12, 22900184, 0
2, 31, 18, 4, 1550271541, 1636107744, 1, 11, 24891504, 0
2, 31, 18, 4, 1550271541, 1636107744, 1, 10, 27262124, 0
2, 31, 18, 4, 1550271541, 1636107744, 1, 9, 30131821, 0
2, 31, 18, 4, 1550271541, 1636107744, 1, 8, 33676741, 0
2, 31, 18, 4, 1550271541, 1636107744, 1, 7, 38166973, 0
2, 31, 18, 4, 1550271541, 1636107744, 1, 6, 44038815, 0
2, 31, 18, 4, 1550271541, 1636107744, 1, 5, 32099294, 0
2, 31, 18, 4, 1550271541, 1636107744, 1, 4, 25599763, 0
2, 31, 18, 4, 1550271541, 1636107744, 1, 3, 27122687, 0
2, 31, 18, 4, 1550271541, 1636107744, 1, 2, 20170132, 0
2, 31, 18, 4, 1550271541, 1636107744, 1, 1, 33616887, 0
2, 31, 18, 4, 1550271541, 1636107744, 1, 0, 100850660, 0
2, 31, 18, 4, 1550271541, 1636107744, 0, 15, 8107601, 1
2, 31, 18, 4, 1550271541, 1636107744, 0, 14, 8686716, 1
2, 31, 18, 4, 1550271541, 1636107744, 0, 13, 9354925, 1
2, 31, 18, 4, 1550271541, 1636107744, 0, 12, 10134502, 1
2, 31, 18, 4, 1550271541, 1636107744, 0, 11, 11055820, 1
2, 31, 18, 4, 1550271541, 1636107744, 0, 10, 12161402, 1
2, 31, 18, 4, 1550271541, 1636107744, 0, 9, 13512669, 1
2, 31, 18, 4, 1550271541, 1636107744, 0, 8, 15201752, 1
2, 31, 18, 4, 1550271541, 1636107744, 0, 7, 17373431, 1
2, 31, 18, 4, 1550271541, 1636107744, 0, 6, 20269003, 1
2, 31, 18, 4, 1550271541, 1636107744, 0, 5, 8107812, 1
2, 31, 18, 4, 1550271541, 1636107744, 0, 4, 10134765, 1
2, 31, 18, 4, 1550271541, 1636107744, 0, 3, 1, 1
2, 31, 18, 4, 1550271541, 1636107744, 0, 2, 1, 1
2, 31, 18, 4, 1550271541, 1636107744, 0, 1, 1, 1
2, 32, 18, 4, 1636107745, 1744847121, 1, 15, 8868874, 0
2, 32, 18, 4, 1636107745, 1744847121, 1, 14, 9480520, 0
2, 32, 18, 4, 1636107745, 1744847121, 1, 13, 10182781, 0
2, 32, 18, 4, 1636107745, 1744847121, 1, 12, 10997403, 0
2, 32, 18, 4, 1636107745, 1744847121, 1, 11, 11953699, 0
2, 32, 18, 4, 1636107745, 1744847121, 1, 10, 13092146, 0
2, 32, 18, 4, 1636107745, 1744847121, 1, 9, 14470267, 0
2, 32, 18, 4, 1636107745, 1744847121, 1, 8, 16172651, 0
2, 32, 18, 4, 1636107745, 1744847121, 1, 7, 18329005, 0
2, 32, 18, 4, 1636107745, 1744847121, 1, 6, 11441812, 0
2, 32, 18, 4, 1636107745, 1744847121, 1, 5, 6923396, 0
2, 32, 18, 4, 1636107745, 1744847121, 1, 4, 8461929, 0
2, 32, 18, 4, 1636107745, 1744847121, 1, 3, 10879623, 0
2, 32, 18, 4, 1636107745, 1744847121, 1, 2, 8625214, 0
2, 32, 18, 4, 1636107745, 1744847121, 1, 1, 14375357, 0
2, 32, 18, 4, 1636107745, 1744847121, 1, 0, 43126070, 0
2, 32, 18, 4, 1636107745, 1744847121, 0, 15, 1, 1
2, 32, 18, 4, 1636107745, 1744847121, 0, 14, 1, 1
2, 32, 18, 4, 1636107745, 1744847121, 0, 13, 1, 1
2, 32, 18, 4, 1636107745, 1744847121, 0, 12, 1, 1
2, 32, 18, 4, 1636107745, 1744847121, 0, 11, 1, 1
2, 32, 18, 4, 1636107745, 1744847121, 0, 10, 1, 1
2, 32, 18, 4, 1636107745, 1744847121, 0, 9, 1, 1
2, 32, 18, 4, 1636107745, 1744847121, 0, 8, 1, 1
2, 32, 18, 4, 1636107745, 1744847121, 0, 7, 1, 1
2, 32, 18, 4, 1636107745, 1744847121, 0, 6, 1, 1
2, 32, 18, 4, 1636107745, 1744847121, 0, 5, 1, 1
2, 32, 18, 4, 1636107745, 1744847121, 0, 4, 1, 1
2, 32, 18, 4, 1636107745, 1744847121, 0, 3, 1, 1
2, 32, 18, 4, 1636107745, 1744847121, 0, 2, 1, 1
2, 32, 18, 4, 1636107745, 1744847121, 0, 1, 1, 1
2, 33, 18, 4, 1744847122, 1854939832, 1, 15, 4479645, 0
2, 33, 18, 4, 1744847122, 1854939832, 1, 14, 4788586, 0
2, 33, 18, 4, 1744847122, 1854939832, 1, 13, 5143296, 0
2, 33, 18, 4, 1744847122, 1854939832, 1, 12, 5554759, 0
2, 33, 18, 4, 1744847122, 1854939832, 1, 11, 6037782, 0
2, 33, 18, 4, 1744847122, 1854939832, 1, 10, 6612809, 0
2, 33, 18, 4, 1744847122, 1854939832, 1, 9, 7308894, 0
2, 33, 18, 4, 1744847122, 1854939832, 1, 8, 8168763, 0
2, 33, 18, 4, 1744847122, 1854939832, 1, 7, 9257932, 0
2, 33, 18, 4, 1744847122, 1854939832, 1, 6, 10682229, 0
2, 33, 18, 4, 1744847122, 1854939832, 1, 5, 9198926, 0
2, 33, 18, 4, 1744847122, 1854939832, 1, 4, 11243132, 0
2, 33, 18, 4, 1744847122, 1854939832, 1, 3, 14455456, 0
2, 33, 18, 4, 1744847122, 1854939832, 1, 2, 16813023, 0
2, 33, 18, 4, 1744847122, 1854939832, 1, 1, 28021705, 0
2, 33, 18, 4, 1744847122, 1854939832, 1, 0, 84065113, 0
2, 33, 18, 4, 1744847122, 1854939832, 0, 15, 1141539, 1
2, 33, 18, 4, 1744847122, 1854939832, 0, 14, 1223077, 1
2, 33, 18, 4, 1744847122, 1854939832, 0, 13, 1317160, 1
2, 33, 18, 4, 1744847122, 1854939832, 0, 12, 1426923, 1
2, 33, 18, 4, 1744847122, 1854939832, 0, 11, 1556644, 1
2, 33, 18, 4, 1744847122, 1854939832, 0, 10, 1712308, 1
2, 33, 18, 4, 1744847122, 1854939832, 0, 9, 1902564, 1
2, 33, 18, 4, 1744847122, 1854939832, 0, 8, 2140385, 1
2, 33, 18, 4, 1744847122, 1854939832, 0, 7, 2446154, 1
2, 33, 18, 4, 1744847122, 1854939832, 0, 6, 2853846, 1
2, 33, 18, 4, 1744847122, 1854939832, 0, 5, 3424615, 1
2, 33, 18, 4, 1744847122, 1854939832, 0, 4, 4280769, 1
2, 33, 18, 4, 1744847122, 1854939832, 0, 3, 5707692, 1
2, 33, 18, 4, 1744847122, 1854939832, 0, 2, 1, 1
2, 33, 18, 4, 1744847122, 1854939832, 0, 1, 1, 1
2, 34, 18, 4, 1854939833, 1941479338, 1, 15, 7273440, 0
2, 34, 18, 4, 1854939833, 1941479338, 1, 14, 7775057, 0
2, 34, 18, 4, 1854939833, 1941479338, 1, 13, 8350987, 0
2, 34, 18, 4, 1854939833, 1941479338, 1, 12, 9019066, 0
2, 34, 18, 4, 1854939833, 1941479338, 1, 11, 9803332, 0
2, 34, 18, 4, 1854939833, 1941479338, 1, 10, 10736983, 0
2, 34, 18, 4, 1854939833, 1941479338, 1, 9, 11867192, 0
2, 34, 18, 4, 1854939833, 1941479338, 1, 8, 13263332, 0
2, 34, 18, 4, 1854939833, 1941479338, 1, 7, 15031776, 0
2, 34, 18, 4, 1854939833, 1941479338, 1, 6, 17344357, 0
2, 34, 18, 4, 1854939833, 1941479338, 1, 5, 10705211, 0
2, 34, 18, 4, 1854939833, 1941479338, 1, 4, 13084147, 0
2, 34, 18, 4, 1854939833, 1941479338, 1, 3, 16822474, 0
2, 34, 18, 4, 1854939833, 1941479338, 1, 2, 17227761, 0
2, 34, 18, 4, 1854939833, 1941479338, 1, 1, 28712935, 0
2, 34, 18, 4, 1854939833, 1941479338, 1, 0, 86138804, 0
2, 34, 18, 4, 1854939833, 1941479338, 0, 15, 1, 1
2, 34, 18, 4, 1854939833, 1941479338, 0, 14, 1, 1
2, 34, 18, 4, 1854939833, 1941479338, 0, 13, 1, 1
2, 34, 18, 4, 1854939833, 1941479338, 0, 12, 1, 1
2, 34, 18, 4, 1854939833, 1941479338, 0, 11, 1, 1
2, 34, 18, 4, 1854939833, 1941479338, 0, 10, 1, 1
2, 34, 18, 4, 1854939833, 1941479338, 0, 9, 1, 1
2, 34, 18, 4, 1854939833, 1941479338, 0, 8, 1, 1
2, 34, 18, 4, 1854939833, 1941479338, 0, 7, 1, 1
2, 34, 18, 4, 1854939833, 1941479338, 0, 6, 1, 1
2, 34, 18, 4, 1854939833, 1941479338, 0, 5, 1, 1
2, 34, 18, 4, 1854939833, 1941479338, 0, 4, 1, 1
2, 34, 18, 4, 1854939833, 1941479338, 0, 3, 1, 1
2, 34, 18, 4, 1854939833, 1941479338, 0, 2, 1, 1
2, 34, 18, 4, 1854939833, 1941479338, 0, 1, 1, 1
2, 35, 18, 4, 1941479339, 1982888852, 1, 15, 1584632, 1
2, 35, 18, 4, 1941479339, 1982888852, 1, 14, 1693916, 1
2, 35, 18, 4, 1941479339, 1982888852, 1, 13, 1819392, 1
2, 35, 18, 4, 1941479339, 1982888852, 1, 12, 1964943, 1
2, 35, 18, 4, 1941479339, 1982888852, 1, 11, 2135808, 1
2, 35, 18, 4, 1941479339, 1982888852, 1, 10, 2339218, 1
2, 35, 18, 4, 1941479339, 1982888852, 1, 9, 2585451, 1
2, 35, 18, 4, 1941479339, 1982888852, 1, 8, 2889622, 1
2, 35, 18, 4, 1941479339, 1982888852, 1, 7, 3274905, 1
2, 35, 18, 4, 1941479339, 1982888852, 1, 6, 3778736, 1
2, 35, 18, 4, 1941479339, 1982888852, 1, 5, 4465779, 1
2, 35, 18, 4, 1941479339, 1982888852, 1, 4, 5458174, 1
2, 35, 18, 4, 1941479339, 1982888852, 1, 3, 7017652, 1
2, 35, 18, 4, 1941479339, 1982888852, 1, 2, 1, 1
2, 35, 18, 4, 1941479339, 1982888852, 1, 1, 1, 1
2, 35, 18, 4, 1941479339, 1982888852, 1, 0, 1, 0
2, 35, 18, 4, 1941479339, 1982888852, 0, 15, 393828, 1
2, 35, 18, 4, 1941479339, 1982888852, 0, 14, 421958, 1
2, 35, 18, 4, 1941479339, 1982888852, 0, 13, 454417, 1
2, 35, 18, 4, 1941479339, 1982888852, 0, 12, 492285, 1
2, 35, 18, 4, 1941479339, 1982888852, 0, 11, 537038, 1
2, 35, 18, 4, 1941479339, 1982888852, 0, 10, 590741, 1
2, 35, 18, 4, 1941479339, 1982888852, 0, 9, 656379, 1
2, 35, 18, 4, 1941479339, 1982888852, 0, 8, 738427, 1
2, 35, 18, 4, 1941479339, 1982888852, 0, 7, 843916, 1
2, 35, 18, 4, 1941479339, 1982888852, 0, 6, 984569, 1
2, 35, 18, 4, 1941479339, 1982888852, 0, 5, 1181482, 1
2, 35, 18, 4, 1941479339, 1982888852, 0, 4, 1476853, 1
2, 35, 18, 4, 1941479339, 1982888852, 0, 3, 1969137, 1
2, 35, 18, 4, 1941479339, 1982888852, 0, 2, 1, 1
2, 35, 18, 4, 1941479339, 1982888852, 0, 1, 1, 1
2, 36, 18, 4, 1982888853, 2008651059, 1, 15, 42685341, 1
2, 36, 18, 4, 1982888853, 2008651059, 1, 14, 45629158, 1
2, 36, 18, 4, 1982888853, 2008651059, 1, 13, 49009095, 1
2, 36, 18, 4, 1982888853, 2008651059, 1, 12, 52929823, 1
2, 36, 18, 4, 1982888853, 2008651059, 1, 11, 57532416, 1
2, 36, 18, 4, 1982888853, 2008651059, 1, 10, 63011694, 1
2, 36, 18, 4, 1982888853, 2008651059, 1, 9, 69644504, 1
2, 36, 18, 4, 1982888853, 2008651059, 1, 8, 77837975, 1
2, 36, 18, 4, 1982888853, 2008651059, 1, 7, 88216371, 1
2, 36, 18, 4, 1982888853, 2008651059, 1, 6, 101788121, 1
2, 36, 18, 4, 1982888853, 2008651059, 1, 5, 51863779, 1
2, 36, 18, 4, 1982888853, 2008651059, 1, 4, 63389063, 1
2, 36, 18, 4, 1982888853, 2008651059, 1, 3, 81500224, 1
2, 36, 18, 4, 1982888853, 2008651059, 1, 2, 99950732, 1
2, 36, 18, 4, 1982888853, 2008651059, 1, 1, 1, 1
2, 36, 18, 4, 1982888853, 2008651059, 1, 0, 1, 0
2, 36, 18, 4, 1982888853, 2008651059, 0, 15, 38532115, 1
2, 36, 18, 4, 1982888853, 2008651059, 0, 14, 41284409, 1
2, 36, 18, 4, 1982888853, 2008651059, 0, 13, 44460132, 1
2, 36, 18, 4, 1982888853, 2008651059, 0, 12, 48165143, 1
2, 36, 18, 4, 1982888853, 2008651059, 0, 11, 52543793, 1
2, 36, 18, 4, 1982888853, 2008651059, 0, 10, 57798172, 1
2, 36, 18, 4, 1982888853, 2008651059, 0, 9, 64220191, 1
2, 36, 18, 4, 1982888853, 2008651059, 0, 8, 72247715, 1
2, 36, 18, 4, 1982888853, 2008651059, 0, 7, 82568817, 1
2, 36, 18, 4, 1982888853, 2008651059, 0, 6, 96330286, 1
2, 36, 18, 4, 1982888853, 2008651059, 0, 5, 78852622, 1
2, 36, 18, 4, 1982888853, 2008651059, 0, 4, 98565777, 1
2, 36, 18, 4, 1982888853, 2008651059, 0, 3, 131421036, 1
2, 36, 18, 4, 1982888853, 2008651059, 0, 2, 161757602, 1
2, 36, 18, 4, 1982888853, 2008651059, 0, 1, 1, 1
2, 37, 18, 4, 2008651060, 2011561255, 1, 15, 838310617, 1
2, 37, 18, 4, 2008651060, 2011561255, 1, 14, 853346013, 1
2, 37, 18, 4, 2008651060, 2011561255, 1, 13, 874730676, 1
2, 37, 18, 4, 2008651060, 2011561255, 1, 12, 914444641, 1
2, 37, 18, 4, 2008651060, 2011561255, 1, 11, 966795686, 1
2, 37, 18, 4, 2008651060, 2011561255, 1, 10, 1026522019, 1
2, 37, 18, 4, 2008651060, 2011561255, 1, 9, 1059724081, 1
2, 37, 18, 4, 2008651060, 2011561255, 1, 8, 1074424591, 1
2, 37, 18, 4, 2008651060, 2011561255, 1, 7, 1201268998, 1
2, 37, 18, 4, 2008651060, 2011561255, 1, 6, 1347004368, 1
2, 37, 18, 4, 2008651060, 2011561255, 1, 5, 1591914253, 1
2, 37, 18, 4, 2008651060, 2011561255, 1, 4, 1532055196, 1
2, 37, 18, 4, 2008651060, 2011561255, 1, 3, 1334078317, 1
2, 37, 18, 4, 2008651060, 2011561255, 1, 2, 1216241509, 1
2, 37, 18, 4, 2008651060, 2011561255, 1, 1, 1218059232, 1
2, 37, 18, 4, 2008651060, 2011561255, 1, 0, 1, 0
2, 37, 18, 4, 2008651060, 2011561255, 0, 15, 744929877, 1
2, 37, 18, 4, 2008651060, 2011561255, 0, 14, 798139154, 1
2, 37, 18, 4, 2008651060, 2011561255, 0, 13, 857797953, 1
2, 37, 18, 4, 2008651060, 2011561255, 0, 12, 922982332, 1
2, 37, 18, 4, 2008651060, 2011561255, 0, 11, 1000784905, 1
2, 37, 18, 4, 2008651060, 2011561255, 0, 10, 1037920068, 1
2, 37, 18, 4, 2008651060, 2011561255, 0, 9, 1066411180, 1
2, 37, 18, 4, 2008651060, 2011561255, 0, 8, 1088375225, 1
2, 37, 18, 4, 2008651060, 2011561255, 0, 7, 1208688390, 1
2, 37, 18, 4, 2008651060, 2011561255, 0, 6, 1373006603, 1
2, 37, 18, 4, 2008651060, 2011561255, 0, 5, 1647607923, 1
2, 37, 18, 4, 2008651060, 2011561255, 0, 4, 1606794160, 1
2, 37, 18, 4, 2008651060, 2011561255, 0, 3, 1391997401, 1
2, 37, 18, 4, 2008651060, 2011561255, 0, 2, 1744809432, 1
2, 37, 18, 4, 2008651060, 2011561255, 0, 1, 2009881128, 1
2, 38, 18, 4, 2011561256, 2015460590, 1, 15, 2326397989, 1
2, 38, 18, 4, 2011561256, 2015460590, 1, 14, 2296447191, 1
2, 38, 18, 4, 2011561256, 2015460590, 1, 13, 2263935387, 1
2, 38, 18, 4, 2011561256, 2015460590, 1, 12, 2241129449, 1
2, 38, 18, 4, 2011561256, 2015460590, 1, 11, 2220087565, 1
2, 38, 18, 4, 2011561256, 2015460590, 1, 10, 2192441363, 1
2, 38, 18, 4, 2011561256, 2015460590, 1, 9, 2119876672, 1
2, 38, 18, 4, 2011561256, 2015460590, 1, 8, 2003924135, 1
2, 38, 18, 4, 2011561256, 2015460590, 1, 7, 1988697241, 1
2, 38, 18, 4, 2011561256, 2015460590, 1, 6, 1921621034, 1
2, 38, 18, 4, 2011561256, 2015460590, 1, 5, 1908178863, 1
2, 38, 18, 4, 2011561256, 2015460590, 1, 4, 1436222276, 1
2, 38, 18, 4, 2011561256, 2015460590, 1, 3, 1206001206, 1
2, 38, 18, 4, 2011561256, 2015460590, 1, 2, 568532919, 1
2, 38, 18, 4, 2011561256, 2015460590, 1, 1, 632110118, 1
2, 38, 18, 4, 2011561256, 2015460590, 1, 0, 1, 0
2, 38, 18, 4, 2011561256, 2015460590, 0, 15, 2284187680, 1
2, 38, 18, 4, 2011561256, 2015460590, 0, 14, 2296624594, 1
2, 38, 18, 4, 2011561256, 2015460590, 0, 13, 2304574312, 1
2, 38, 18, 4, 2011561256, 2015460590, 0, 12, 2309431430, 1
2, 38, 18, 4, 2011561256, 2015460590, 0, 11, 2315938148, 1
2, 38, 18, 4, 2011561256, 2015460590, 0, 10, 2267518286, 1
2, 38, 18, 4, 2011561256, 2015460590, 0, 9, 2191442145, 1
2, 38, 18, 4, 2011561256, 2015460590, 0, 8, 2082697124, 1
2, 38, 18, 4, 2011561256, 2015460590, 0, 7, 2034955775, 1
2, 38, 18, 4, 2011561256, 2015460590, 0, 6, 1975201303, 1
2, 38, 18, 4, 2011561256, 2015460590, 0, 5, 1999312923, 1
2, 38, 18, 4, 2011561256, 2015460590, 0, 4, 1503749535, 1
2, 38, 18, 4, 2011561256, 2015460590, 0, 3, 1201274667, 1
2, 38, 18, 4, 2011561256, 2015460590, 0, 2, 373373585, 1
2, 38, 18, 4, 2011561256, 2015460590, 0, 1, 188332150, 1
2, 39, 18, 4, 2015460591, 2025719166, 1, 15, 1857810061, 1
2, 39, 18, 4, 2015460591, 2025719166, 1, 14, 1794060692, 1
2, 39, 18, 4, 2015460591, 2025719166, 1, 13, 1722743122, 1
2, 39, 18, 4, 2015460591, 2025719166, 1, 12, 1654922494, 1
2, 39, 18, 4, 2015460591, 2025719166, 1, 11, 1581037280, 1
2, 39, 18, 4, 2015460591, 2025719166, 1, 10, 1490482351, 1
2, 39, 18, 4, 2015460591, 2025719166, 1, 9, 1341764990, 1
2, 39, 18, 4, 2015460591, 2025719166, 1, 8, 1131741508, 1
2, 39, 18, 4, 2015460591, 2025719166, 1, 7, 997358084, 1
2, 39, 18, 4, 2015460591, 2025719166, 1, 6, 774461799, 1
2, 39, 18, 4, 2015460591, 2025719166, 1, 5, 548537704, 1
2, 39, 18, 4, 2015460591, 2025719166, 1, 4, 451650647, 1
2, 39, 18, 4, 2015460591, 2025719166, 1, 3, 344062203, 1
2, 39, 18, 4, 2015460591, 2025719166, 1, 2, 244607105, 1
2, 39, 18, 4, 2015460591, 2025719166, 1, 1, 134824583, 1
2, 39, 18, 4, 2015460591, 2025719166, 1, 0, 15706361, 0
2, 39, 18, 4, 2015460591, 2025719166, 0, 15, 1836138013, 1
2, 39, 18, 4, 2015460591, 2025719166, 0, 14, 1815036284, 1
2, 39, 18, 4, 2015460591, 2025719166, 0, 13, 1784287566, 1
2, 39, 18, 4, 2015460591, 2025719166, 0, 12, 1743996509, 1
2, 39, 18, 4, 2015460591, 2025719166, 0, 11, 1697146294, 1
2, 39, 18, 4, 2015460591, 2025719166, 0, 10, 1584698112, 1
2, 39, 18, 4, 2015460591, 2025719166, 0, 9, 1430365134, 1
2, 39, 18, 4, 2015460591, 2025719166, 0, 8, 1223799069, 1
2, 39, 18, 4, 2015460591, 2025719166, 0, 7, 1050287805, 1
2, 39, 18, 4, 2015460591, 2025719166, 0, 6, 822840113, 1
2, 39, 18, 4, 2015460591, 2025719166, 0, 5, 612181225, 1
2, 39, 18, 4, 2015460591, 2025719166, 0, 4, 504606659, 1
2, 39, 18, 4, 2015460591, 2025719166, 0, 3, 398091533, 1
2, 39, 18, 4, 2015460591, 2025719166, 0, 2, 302654122, 1
2, 39, 18, 4, 2015460591, 2025719166, 0, 1, 195585522, 1
2, 40, 18, 4, 2025719167, 2058335564, 1, 15, 1867959712, 1
2, 40, 18, 4, 2025719167, 2058335564, 1, 14, 1803934364, 1
2, 40, 18, 4, 2025719167, 2058335564, 1, 13, 1732299929, 1
2, 40, 18, 4, 2025719167, 2058335564, 1, 12, 1664111739, 1
2, 40, 18, 4, 2025719167, 2058335564, 1, 11, 1589795037, 1
2, 40, 18, 4, 2025719167, 2058335564, 1, 10, 1498726433, 1
2, 40, 18, 4, 2025719167, 2058335564, 1, 9, 1349387256, 1
2, 40, 18, 4, 2025719167, 2058335564, 1, 8, 1138595647, 1
2, 40, 18, 4, 2025719167, 2058335564, 1, 7, 1003239263, 1
2, 40, 18, 4, 2025719167, 2058335564, 1, 6, 779070646, 1
2, 40, 18, 4, 2025719167, 2058335564, 1, 5, 551411551, 1
2, 40, 18, 4, 2025719167, 2058335564, 1, 4, 452018384, 1
2, 40, 18, 4, 2025719167, 2058335564, 1, 3, 340491768, 1
2, 40, 18, 4, 2025719167, 2058335564, 1, 2, 252786907, 1
2, 40, 18, 4, 2025719167, 2058335564, 1, 1, 139023358, 1
2, 40, 18, 4, 2025719167, 2058335564, 1, 0, 1, 0
2, 40, 18, 4, 2025719167, 2058335564, 0, 15, 1844222495, 1
2, 40, 18, 4, 2025719167, 2058335564, 0, 14, 1822687419, 1
2, 40, 18, 4, 2025719167, 2058335564, 0, 13, 1791438685, 1
2, 40, 18, 4, 2025719167, 2058335564, 0, 12, 1750564276, 1
2, 40, 18, 4, 2025719167, 2058335564, 0, 11, 1703024645, 1
2, 40, 18, 4, 2025719167, 2058335564, 0, 10, 1589749164, 1
2, 40, 18, 4, 2025719167, 2058335564, 0, 9, 1434405043, 1
2, 40, 18, 4, 2025719167, 2058335564, 0, 8, 1226575049, 1
2, 40, 18, 4, 2025719167, 2058335564, 0, 7, 1051438733, 1
2, 40, 18, 4, 2025719167, 2058335564, 0, 6, 821824305, 1
2, 40, 18, 4, 2025719167, 2058335564, 0, 5, 608131987, 1
2, 40, 18, 4, 2025719167, 2058335564, 0, 4, 496007276, 1
2, 40, 18, 4, 2025719167, 2058335564, 0, 3, 381908576, 1
2, 40, 18, 4, 2025719167, 2058335564, 0, 2, 316805464, 1
2, 40, 18, 4, 2025719167, 2058335564, 0, 1, 209736864, 1
2, 41, 18, 4, 2058335565, 2096458027, 1, 15, 1161357299, 1
2, 41, 18, 4, 2058335565, 2096458027, 1, 14, 1143927052, 1
2, 41, 18, 4, 2058335565, 2096458027, 1, 13, 1123914545, 1
2, 41, 18, 4, 2058335565, 2096458027, 1, 12, 1100700037, 1
2, 41, 18, 4, 2058335565, 2096458027, 1, 11, 1073448224, 1
2, 41, 18, 4, 2058335565, 2096458027, 1, 10, 1041005589, 1
2, 41, 18, 4, 2058335565, 2096458027, 1, 9, 1001732925, 1
2, 41, 18, 4, 2058335565, 2096458027, 1, 8, 897686209, 1
2, 41, 18, 4, 2058335565, 2096458027, 1, 7, 775908128, 1
2, 41, 18, 4, 2058335565, 2096458027, 1, 6, 652863858, 1
2, 41, 18, 4, 2058335565, 2096458027, 1, 5, 519913957, 1
2, 41, 18, 4, 2058335565, 2096458027, 1, 4, 419961232, 1
2, 41, 18, 4, 2058335565, 2096458027, 1, 3, 324094488, 1
2, 41, 18, 4, 2058335565, 2096458027, 1, 2, 230441936, 1
2, 41, 18, 4, 2058335565, 2096458027, 1, 1, 129148283, 1
2, 41, 18, 4, 2058335565, 2096458027, 1, 0, 5621615, 0
2, 41, 18, 4, 2058335565, 2096458027, 0, 15, 1172477108, 1
2, 41, 18, 4, 2058335565, 2096458027, 0, 14, 1155218623, 1
2, 41, 18, 4, 2058335565, 2096458027, 0, 13, 1135304987, 1
2, 41, 18, 4, 2058335565, 2096458027, 0, 12, 1112072412, 1
2, 41, 18, 4, 2058335565, 2096458027, 0, 11, 1084615732, 1
2, 41, 18, 4, 2058335565, 2096458027, 0, 10, 1051667716, 1
2, 41, 18, 4, 2058335565, 2096458027, 0, 9, 1011397919, 1
2, 41, 18, 4, 2058335565, 2096458027, 0, 8, 902918134, 1
2, 41, 18, 4, 2058335565, 2096458027, 0, 7, 779238581, 1
2, 41, 18, 4, 2058335565, 2096458027, 0, 6, 649820928, 1
2, 41, 18, 4, 2058335565, 2096458027, 0, 5, 561011178, 1
2, 41, 18, 4, 2058335565, 2096458027, 0, 4, 467489943, 1
2, 41, 18, 4, 2058335565, 2096458027, 0, 3, 376930978, 1
2, 41, 18, 4, 2058335565, 2096458027, 0, 2, 286331346, 1
2, 41, 18, 4, 2058335565, 2096458027, 0, 1, 186148707, 1
