3, 1, 17, 4, 1, 90326975, 2, 15, 386612782, 1
3, 1, 17, 4, 1, 90326975, 2, 14, 385073274, 1
3, 1, 17, 4, 1, 90326975, 2, 13, 385540039, 1
3, 1, 17, 4, 1, 90326975, 2, 12, 381388299, 1
3, 1, 17, 4, 1, 90326975, 2, 11, 370532651, 1
3, 1, 17, 4, 1, 90326975, 2, 10, 358794035, 1
3, 1, 17, 4, 1, 90326975, 2, 9, 353930674, 1
3, 1, 17, 4, 1, 90326975, 2, 8, 345408969, 1
3, 1, 17, 4, 1, 90326975, 2, 7, 341530226, 1
3, 1, 17, 4, 1, 90326975, 2, 6, 340592336, 1
3, 1, 17, 4, 1, 90326975, 2, 5, 346061228, 1
3, 1, 17, 4, 1, 90326975, 2, 4, 325642915, 1
3, 1, 17, 4, 1, 90326975, 2, 3, 318305510, 1
3, 1, 17, 4, 1, 90326975, 2, 2, 284251425, 1
3, 1, 17, 4, 1, 90326975, 2, 1, 196072620, 1
3, 1, 17, 4, 1, 90326975, 2, 0, 1, 0
3, 1, 17, 4, 1, 90326975, 1, 15, 382875001, 1
3, 1, 17, 4, 1, 90326975, 1, 14, 386615653, 1
3, 1, 17, 4, 1, 90326975, 1, 13, 391367828, 1
3, 1, 17, 4, 1, 90326975, 1, 12, 379756916, 1
3, 1, 17, 4, 1, 90326975, 1, 11, 369543258, 1
3, 1, 17, 4, 1, 90326975, 1, 10, 359439994, 1
3, 1, 17, 4, 1, 90326975, 1, 9, 365883742, 1
3, 1, 17, 4, 1, 90326975, 1, 8, 349158876, 1
3, 1, 17, 4, 1, 90326975, 1, 7, 342202338, 1
3, 1, 17, 4, 1, 90326975, 1, 6, 340696996, 1
3, 1, 17, 4, 1, 90326975, 1, 5, 347964656, 1
3, 1, 17, 4, 1, 90326975, 1, 4, 321374802, 1
3, 1, 17, 4, 1, 90326975, 1, 3, 332476390, 1
3, 1, 17, 4, 1, 90326975, 1, 2, 258550253, 1
3, 1, 17, 4, 1, 90326975, 1, 1, 187837756, 1
3, 1, 17, 4, 1, 90326975, 1, 0, 1, 0
3, 1, 17, 4, 1, 90326975, 0, 15, 329235089, 1
3, 1, 17, 4, 1, 90326975, 0, 14, 347672240, 1
3, 1, 17, 4, 1, 90326975, 0, 13, 359325172, 1
3, 1, 17, 4, 1, 90326975, 0, 12, 347921063, 1
3, 1, 17, 4, 1, 90326975, 0, 11, 336048768, 1
3, 1, 17, 4, 1, 90326975, 0, 10, 349520296, 1
3, 1, 17, 4, 1, 90326975, 0, 9, 360376114, 1
3, 1, 17, 4, 1, 90326975, 0, 8, 326917084, 1
3, 1, 17, 4, 1, 90326975, 0, 7, 340353378, 1
3, 1, 17, 4, 1, 90326975, 0, 6, 364752148, 1
3, 1, 17, 4, 1, 90326975, 0, 5, 357521561, 1
3, 1, 17, 4, 1, 90326975, 0, 4, 340305172, 1
3, 1, 17, 4, 1, 90326975, 0, 3, 387233625, 1
3, 1, 17, 4, 1, 90326975, 0, 2, 390878631, 1
3, 1, 17, 4, 1, 90326975, 0, 1, 265110370, 1
3, 2, 17, 4, 90326976, 152165976, 2, 15, 3441499502, 1
3, 2, 17, 4, 90326976, 152165976, 2, 14, 3390218893, 1
3, 2, 17, 4, 90326976, 152165976, 2, 13, 3340485490, 1
3, 2, 17, 4, 90326976, 152165976, 2, 12, 3290991544, 1
3, 2, 17, 4, 90326976, 152165976, 2, 11, 3229049174, 1
3, 2, 17, 4, 90326976, 152165976, 2, 10, 3155179520, 1
3, 2, 17, 4, 90326976, 152165976, 2, 9, 3065445158, 1
3, 2, 17, 4, 90326976, 152165976, 2, 8, 2968859336, 1
3, 2, 17, 4, 90326976, 152165976, 2, 7, 2840175812, 1
3, 2, 17, 4, 90326976, 152165976, 2, 6, 2673900209, 1
3, 2, 17, 4, 90326976, 152165976, 2, 5, 2453925199, 1
3, 2, 17, 4, 90326976, 152165976, 2, 4, 2106818839, 1
3, 2, 17, 4, 90326976, 152165976, 2, 3, 1579175527, 1
3, 2, 17, 4, 90326976, 152165976, 2, 2, 1035147595, 1
3, 2, 17, 4, 90326976, 152165976, 2, 1, 578496963, 1
3, 2, 17, 4, 90326976, 152165976, 2, 0, 57575022, 0
3, 2, 17, 4, 90326976, 152165976, 1, 15, 3444299854, 1
3, 2, 17, 4, 90326976, 152165976, 1, 14, 3394652755, 1
3, 2, 17, 4, 90326976, 152165976, 1, 13, 3349798056, 1
3, 2, 17, 4, 90326976, 152165976, 1, 12, 3307117423, 1
3, 2, 17, 4, 90326976, 152165976, 1, 11, 3249390537, 1
3, 2, 17, 4, 90326976, 152165976, 1, 10, 3180840860, 1
3, 2, 17, 4, 90326976, 152165976, 1, 9, 3094498260, 1
3, 2, 17, 4, 90326976, 152165976, 1, 8, 2997694095, 1
3, 2, 17, 4, 90326976, 152165976, 1, 7, 2864493340, 1
3, 2, 17, 4, 90326976, 152165976, 1, 6, 2691866164, 1
3, 2, 17, 4, 90326976, 152165976, 1, 5, 2464171262, 1
3, 2, 17, 4, 90326976, 152165976, 1, 4, 2118041615, 1
3, 2, 17, 4, 90326976, 152165976, 1, 3, 1579453559, 1
3, 2, 17, 4, 90326976, 152165976, 1, 2, 999268311, 1
3, 2, 17, 4, 90326976, 152165976, 1, 1, 467959197, 1
3, 2, 17, 4, 90326976, 152165976, 1, 0, 1, 0
3, 2, 17, 4, 90326976, 152165976, 0, 15, 3622558234, 1
3, 2, 17, 4, 90326976, 152165976, 0, 14, 3585670721, 1
3, 2, 17, 4, 90326976, 152165976, 0, 13, 3562676120, 1
3, 2, 17, 4, 90326976, 152165976, 0, 12, 3524268921, 1
3, 2, 17, 4, 90326976, 152165976, 0, 11, 3471743943, 1
3, 2, 17, 4, 90326976, 152165976, 0, 10, 3409076863, 1
3, 2, 17, 4, 90326976, 152165976, 0, 9, 3325387451, 1
3, 2, 17, 4, 90326976, 152165976, 0, 8, 3245839909, 1
3, 2, 17, 4, 90326976, 152165976, 0, 7, 3120888470, 1
3, 2, 17, 4, 90326976, 152165976, 0, 6, 2957663143, 1
3, 2, 17, 4, 90326976, 152165976, 0, 5, 2725001835, 1
3, 2, 17, 4, 90326976, 152165976, 0, 4, 2382796816, 1
3, 2, 17, 4, 90326976, 152165976, 0, 3, 1842695819, 1
3, 2, 17, 4, 90326976, 152165976, 0, 2, 1249085389, 1
3, 2, 17, 4, 90326976, 152165976, 0, 1, 701938796, 1
3, 3, 17, 4, 152165977, 173198861, 2, 15, 3700381313, 1
3, 3, 17, 4, 152165977, 173198861, 2, 14, 3643029004, 1
3, 3, 17, 4, 152165977, 173198861, 2, 13, 3591909505, 1
3, 3, 17, 4, 152165977, 173198861, 2, 12, 3520968797, 1
3, 3, 17, 4, 152165977, 173198861, 2, 11, 3476398397, 1
3, 3, 17, 4, 152165977, 173198861, 2, 10, 3431945275, 1
3, 3, 17, 4, 152165977, 173198861, 2, 9, 3310880383, 1
3, 3, 17, 4, 152165977, 173198861, 2, 8, 3253184411, 1
3, 3, 17, 4, 152165977, 173198861, 2, 7, 3182022516, 1
3, 3, 17, 4, 152165977, 173198861, 2, 6, 3084858435, 1
3, 3, 17, 4, 152165977, 173198861, 2, 5, 2941147256, 1
3, 3, 17, 4, 152165977, 173198861, 2, 4, 2688442728, 1
3, 3, 17, 4, 152165977, 173198861, 2, 3, 2311562032, 1
3, 3, 17, 4, 152165977, 173198861, 2, 2, 1899956766, 1
3, 3, 17, 4, 152165977, 173198861, 2, 1, 1157124998, 1
3, 3, 17, 4, 152165977, 173198861, 2, 0, 1, 0
3, 3, 17, 4, 152165977, 173198861, 1, 15, 3805593459, 1
3, 3, 17, 4, 152165977, 173198861, 1, 14, 3756014439, 1
3, 3, 17, 4, 152165977, 173198861, 1, 13, 3719728712, 1
3, 3, 17, 4, 152165977, 173198861, 1, 12, 3660532625, 1
3, 3, 17, 4, 152165977, 173198861, 1, 11, 3654248657, 1
3, 3, 17, 4, 152165977, 173198861, 1, 10, 3614604888, 1
3, 3, 17, 4, 152165977, 173198861, 1, 9, 3505942209, 1
3, 3, 17, 4, 152165977, 173198861, 1, 8, 3450028241, 1
3, 3, 17, 4, 152165977, 173198861, 1, 7, 3393483301, 1
3, 3, 17, 4, 152165977, 173198861, 1, 6, 3298708839, 1
3, 3, 17, 4, 152165977, 173198861, 1, 5, 3150533101, 1
3, 3, 17, 4, 152165977, 173198861, 1, 4, 2964118442, 1
3, 3, 17, 4, 152165977, 173198861, 1, 3, 2731510428, 1
3, 3, 17, 4, 152165977, 173198861, 1, 2, 2339621626, 1
3, 3, 17, 4, 152165977, 173198861, 1, 1, 1535265581, 1
3, 3, 17, 4, 152165977, 173198861, 1, 0, 1, 0
3, 3, 17, 4, 152165977, 173198861, 0, 15, 4348507843, 1
3, 3, 17, 4, 152165977, 173198861, 0, 14, 4331736580, 1
3, 3, 17, 4, 152165977, 173198861, 0, 13, 4358763899, 1
3, 3, 17, 4, 152165977, 173198861, 0, 12, 4349687639, 1
3, 3, 17, 4, 152165977, 173198861, 0, 11, 4392641937, 1
3, 3, 17, 4, 152165977, 173198861, 0, 10, 4379310109, 1
3, 3, 17, 4, 152165977, 173198861, 0, 9, 4353151136, 1
3, 3, 17, 4, 152165977, 173198861, 0, 8, 4335781613, 1
3, 3, 17, 4, 152165977, 173198861, 0, 7, 4344048125, 1
3, 3, 17, 4, 152165977, 173198861, 0, 6, 4309936138, 1
3, 3, 17, 4, 152165977, 173198861, 0, 5, 4234963859, 1
3, 3, 17, 4, 152165977, 173198861, 0, 4, 4215030334, 1
3, 3, 17, 4, 152165977, 173198861, 0, 3, 4360624948, 1
3, 3, 17, 4, 152165977, 173198861, 0, 2, 4232236671, 1
3, 3, 17, 4, 152165977, 173198861, 0, 1, 3962207887, 1
3, 4, 17, 4, 173198862, 219234895, 2, 15, 3605316395, 1
3, 4, 17, 4, 173198862, 219234895, 2, 14, 3532856338, 1
3, 4, 17, 4, 173198862, 219234895, 2, 13, 3462285932, 1
3, 4, 17, 4, 173198862, 219234895, 2, 12, 3366398239, 1
3, 4, 17, 4, 173198862, 219234895, 2, 11, 3280039995, 1
3, 4, 17, 4, 173198862, 219234895, 2, 10, 3206150272, 1
3, 4, 17, 4, 173198862, 219234895, 2, 9, 3086248226, 1
3, 4, 17, 4, 173198862, 219234895, 2, 8, 2982067074, 1
3, 4, 17, 4, 173198862, 219234895, 2, 7, 2866767508, 1
3, 4, 17, 4, 173198862, 219234895, 2, 6, 2699458569, 1
3, 4, 17, 4, 173198862, 219234895, 2, 5, 2465094857, 1
3, 4, 17, 4, 173198862, 219234895, 2, 4, 2083268665, 1
3, 4, 17, 4, 173198862, 219234895, 2, 3, 1540194957, 1
3, 4, 17, 4, 173198862, 219234895, 2, 2, 1048412657, 1
3, 4, 17, 4, 173198862, 219234895, 2, 1, 566405693, 1
3, 4, 17, 4, 173198862, 219234895, 2, 0, 1, 0
3, 4, 17, 4, 173198862, 219234895, 1, 15, 3631969158, 1
3, 4, 17, 4, 173198862, 219234895, 1, 14, 3561690851, 1
3, 4, 17, 4, 173198862, 219234895, 1, 13, 3498401383, 1
3, 4, 17, 4, 173198862, 219234895, 1, 12, 3405499803, 1
3, 4, 17, 4, 173198862, 219234895, 1, 11, 3339110915, 1
3, 4, 17, 4, 173198862, 219234895, 1, 10, 3258673996, 1
3, 4, 17, 4, 173198862, 219234895, 1, 9, 3156630324, 1
3, 4, 17, 4, 173198862, 219234895, 1, 8, 3040172794, 1
3, 4, 17, 4, 173198862, 219234895, 1, 7, 2912111746, 1
3, 4, 17, 4, 173198862, 219234895, 1, 6, 2717848061, 1
3, 4, 17, 4, 173198862, 219234895, 1, 5, 2440572357, 1
3, 4, 17, 4, 173198862, 219234895, 1, 4, 2068274118, 1
3, 4, 17, 4, 173198862, 219234895, 1, 3, 1557124667, 1
3, 4, 17, 4, 173198862, 219234895, 1, 2, 1039328764, 1
3, 4, 17, 4, 173198862, 219234895, 1, 1, 497709541, 1
3, 4, 17, 4, 173198862, 219234895, 1, 0, 1, 0
3, 4, 17, 4, 173198862, 219234895, 0, 15, 3984875915, 1
3, 4, 17, 4, 173198862, 219234895, 0, 14, 3933094131, 1
3, 4, 17, 4, 173198862, 219234895, 0, 13, 3912999842, 1
3, 4, 17, 4, 173198862, 219234895, 0, 12, 3856233630, 1
3, 4, 17, 4, 173198862, 219234895, 0, 11, 3786525551, 1
3, 4, 17, 4, 173198862, 219234895, 0, 10, 3699930547, 1
3, 4, 17, 4, 173198862, 219234895, 0, 9, 3584227694, 1
3, 4, 17, 4, 173198862, 219234895, 0, 8, 3454928320, 1
3, 4, 17, 4, 173198862, 219234895, 0, 7, 3319285023, 1
3, 4, 17, 4, 173198862, 219234895, 0, 6, 3093293292, 1
3, 4, 17, 4, 173198862, 219234895, 0, 5, 2749689371, 1
3, 4, 17, 4, 173198862, 219234895, 0, 4, 2326808382, 1
3, 4, 17, 4, 173198862, 219234895, 0, 3, 1816645445, 1
3, 4, 17, 4, 173198862, 219234895, 0, 2, 1299160955, 1
3, 4, 17, 4, 173198862, 219234895, 0, 1, 746564312, 1
3, 5, 17, 4, 219234896, 250617514, 2, 15, 3453890391, 1
3, 5, 17, 4, 219234896, 250617514, 2, 14, 3382267903, 1
3, 5, 17, 4, 219234896, 250617514, 2, 13, 3312657636, 1
3, 5, 17, 4, 219234896, 250617514, 2, 12, 3217881683, 1
3, 5, 17, 4, 219234896, 250617514, 2, 11, 3132825763, 1
3, 5, 17, 4, 219234896, 250617514, 2, 10, 3060482549, 1
3, 5, 17, 4, 219234896, 250617514, 2, 9, 2942446981, 1
3, 5, 17, 4, 219234896, 250617514, 2, 8, 2833933919, 1
3, 5, 17, 4, 219234896, 250617514, 2, 7, 2720666159, 1
3, 5, 17, 4, 219234896, 250617514, 2, 6, 2552119265, 1
3, 5, 17, 4, 219234896, 250617514, 2, 5, 2320644560, 1
3, 5, 17, 4, 219234896, 250617514, 2, 4, 1942945519, 1
3, 5, 17, 4, 219234896, 250617514, 2, 3, 1406250136, 1
3, 5, 17, 4, 219234896, 250617514, 2, 2, 925629904, 1
3, 5, 17, 4, 219234896, 250617514, 2, 1, 468179490, 1
3, 5, 17, 4, 219234896, 250617514, 2, 0, 1, 0
3, 5, 17, 4, 219234896, 250617514, 1, 15, 3479099701, 1
3, 5, 17, 4, 219234896, 250617514, 1, 14, 3409569041, 1
3, 5, 17, 4, 219234896, 250617514, 1, 13, 3347137982, 1
3, 5, 17, 4, 219234896, 250617514, 1, 12, 3255232157, 1
3, 5, 17, 4, 219234896, 250617514, 1, 11, 3190012199, 1
3, 5, 17, 4, 219234896, 250617514, 1, 10, 3110966863, 1
3, 5, 17, 4, 219234896, 250617514, 1, 9, 3010607739, 1
3, 5, 17, 4, 219234896, 250617514, 1, 8, 2886092477, 1
3, 5, 17, 4, 219234896, 250617514, 1, 7, 2759315431, 1
3, 5, 17, 4, 219234896, 250617514, 1, 6, 2566730827, 1
3, 5, 17, 4, 219234896, 250617514, 1, 5, 2291744778, 1
3, 5, 17, 4, 219234896, 250617514, 1, 4, 1922753818, 1
3, 5, 17, 4, 219234896, 250617514, 1, 3, 1416801521, 1
3, 5, 17, 4, 219234896, 250617514, 1, 2, 908360494, 1
3, 5, 17, 4, 219234896, 250617514, 1, 1, 388569317, 1
3, 5, 17, 4, 219234896, 250617514, 1, 0, 1, 0
3, 5, 17, 4, 219234896, 250617514, 0, 15, 3832656040, 1
3, 5, 17, 4, 219234896, 250617514, 0, 14, 3781695004, 1
3, 5, 17, 4, 219234896, 250617514, 0, 13, 3762547731, 1
3, 5, 17, 4, 219234896, 250617514, 0, 12, 3706886371, 1
3, 5, 17, 4, 219234896, 250617514, 0, 11, 3638484026, 1
3, 5, 17, 4, 219234896, 250617514, 0, 10, 3553455904, 1
3, 5, 17, 4, 219234896, 250617514, 0, 9, 3439668128, 1
3, 5, 17, 4, 219234896, 250617514, 0, 8, 3291217983, 1
3, 5, 17, 4, 219234896, 250617514, 0, 7, 3155574686, 1
3, 5, 17, 4, 219234896, 250617514, 0, 6, 2929582955, 1
3, 5, 17, 4, 219234896, 250617514, 0, 5, 2585979034, 1
3, 5, 17, 4, 219234896, 250617514, 0, 4, 2163098045, 1
3, 5, 17, 4, 219234896, 250617514, 0, 3, 1652935108, 1
3, 5, 17, 4, 219234896, 250617514, 0, 2, 1135450618, 1
3, 5, 17, 4, 219234896, 250617514, 0, 1, 582853975, 1
3, 6, 17, 4, 250617515, 299416548, 2, 15, 3664973077, 1
3, 6, 17, 4, 250617515, 299416548, 2, 14, 3592632661, 1
3, 6, 17, 4, 250617515, 299416548, 2, 13, 3520317127, 1
3, 6, 17, 4, 250617515, 299416548, 2, 12, 3418360088, 1
3, 6, 17, 4, 250617515, 299416548, 2, 11, 3324946094, 1
3, 6, 17, 4, 250617515, 299416548, 2, 10, 3248015055, 1
3, 6, 17, 4, 250617515, 299416548, 2, 9, 3121211472, 1
3, 6, 17, 4, 250617515, 299416548, 2, 8, 3000389795, 1
3, 6, 17, 4, 250617515, 299416548, 2, 7, 2876259626, 1
3, 6, 17, 4, 250617515, 299416548, 2, 6, 2697470903, 1
3, 6, 17, 4, 250617515, 299416548, 2, 5, 2447575719, 1
3, 6, 17, 4, 250617515, 299416548, 2, 4, 2062296459, 1
3, 6, 17, 4, 250617515, 299416548, 2, 3, 1509689891, 1
3, 6, 17, 4, 250617515, 299416548, 2, 2, 979788095, 1
3, 6, 17, 4, 250617515, 299416548, 2, 1, 520306222, 1
3, 6, 17, 4, 250617515, 299416548, 2, 0, 1, 0
3, 6, 17, 4, 250617515, 299416548, 1, 15, 3696702759, 1
3, 6, 17, 4, 250617515, 299416548, 1, 14, 3627220244, 1
3, 6, 17, 4, 250617515, 299416548, 1, 13, 3559440952, 1
3, 6, 17, 4, 250617515, 299416548, 1, 12, 3455211622, 1
3, 6, 17, 4, 250617515, 299416548, 1, 11, 3380544090, 1
3, 6, 17, 4, 250617515, 299416548, 1, 10, 3290251642, 1
3, 6, 17, 4, 250617515, 299416548, 1, 9, 3174313840, 1
3, 6, 17, 4, 250617515, 299416548, 1, 8, 3039098621, 1
3, 6, 17, 4, 250617515, 299416548, 1, 7, 2893595893, 1
3, 6, 17, 4, 250617515, 299416548, 1, 6, 2696699742, 1
3, 6, 17, 4, 250617515, 299416548, 1, 5, 2415834310, 1
3, 6, 17, 4, 250617515, 299416548, 1, 4, 2038350909, 1
3, 6, 17, 4, 250617515, 299416548, 1, 3, 1519053348, 1
3, 6, 17, 4, 250617515, 299416548, 1, 2, 964825322, 1
3, 6, 17, 4, 250617515, 299416548, 1, 1, 444314726, 1
3, 6, 17, 4, 250617515, 299416548, 1, 0, 1, 0
3, 6, 17, 4, 250617515, 299416548, 0, 15, 4016452450, 1
3, 6, 17, 4, 250617515, 299416548, 0, 14, 3959964610, 1
3, 6, 17, 4, 250617515, 299416548, 0, 13, 3942045344, 1
3, 6, 17, 4, 250617515, 299416548, 0, 12, 3866082716, 1
3, 6, 17, 4, 250617515, 299416548, 0, 11, 3797397719, 1
3, 6, 17, 4, 250617515, 299416548, 0, 10, 3712030414, 1
3, 6, 17, 4, 250617515, 299416548, 0, 9, 3593682383, 1
3, 6, 17, 4, 250617515, 299416548, 0, 8, 3444195831, 1
3, 6, 17, 4, 250617515, 299416548, 0, 7, 3307220010, 1
3, 6, 17, 4, 250617515, 299416548, 0, 6, 3079451580, 1
3, 6, 17, 4, 250617515, 299416548, 0, 5, 2733360281, 1
3, 6, 17, 4, 250617515, 299416548, 0, 4, 2306748225, 1
3, 6, 17, 4, 250617515, 299416548, 0, 3, 1790366841, 1
3, 6, 17, 4, 250617515, 299416548, 0, 2, 1206031653, 1
3, 6, 17, 4, 250617515, 299416548, 0, 1, 666472089, 1
3, 7, 17, 4, 299416549, 326913655, 2, 15, 3718296622, 1
3, 7, 17, 4, 299416549, 326913655, 2, 14, 3658556299, 1
3, 7, 17, 4, 299416549, 326913655, 2, 13, 3595629212, 1
3, 7, 17, 4, 299416549, 326913655, 2, 12, 3509997690, 1
3, 7, 17, 4, 299416549, 326913655, 2, 11, 3435707874, 1
3, 7, 17, 4, 299416549, 326913655, 2, 10, 3381486797, 1
3, 7, 17, 4, 299416549, 326913655, 2, 9, 3275220307, 1
3, 7, 17, 4, 299416549, 326913655, 2, 8, 3140942545, 1
3, 7, 17, 4, 299416549, 326913655, 2, 7, 3031266927, 1
3, 7, 17, 4, 299416549, 326913655, 2, 6, 2834149898, 1
3, 7, 17, 4, 299416549, 326913655, 2, 5, 2619258261, 1
3, 7, 17, 4, 299416549, 326913655, 2, 4, 2184885115, 1
3, 7, 17, 4, 299416549, 326913655, 2, 3, 1701569402, 1
3, 7, 17, 4, 299416549, 326913655, 2, 2, 1039828507, 1
3, 7, 17, 4, 299416549, 326913655, 2, 1, 663514246, 1
3, 7, 17, 4, 299416549, 326913655, 2, 0, 1, 0
3, 7, 17, 4, 299416549, 326913655, 1, 15, 3795580643, 1
3, 7, 17, 4, 299416549, 326913655, 1, 14, 3741984727, 1
3, 7, 17, 4, 299416549, 326913655, 1, 13, 3692445605, 1
3, 7, 17, 4, 299416549, 326913655, 1, 12, 3609374872, 1
3, 7, 17, 4, 299416549, 326913655, 1, 11, 3559545693, 1
3, 7, 17, 4, 299416549, 326913655, 1, 10, 3498822713, 1
3, 7, 17, 4, 299416549, 326913655, 1, 9, 3408191480, 1
3, 7, 17, 4, 299416549, 326913655, 1, 8, 3244999363, 1
3, 7, 17, 4, 299416549, 326913655, 1, 7, 3112237974, 1
3, 7, 17, 4, 299416549, 326913655, 1, 6, 2955718208, 1
3, 7, 17, 4, 299416549, 326913655, 1, 5, 2740526290, 1
3, 7, 17, 4, 299416549, 326913655, 1, 4, 2287478957, 1
3, 7, 17, 4, 299416549, 326913655, 1, 3, 1876925926, 1
3, 7, 17, 4, 299416549, 326913655, 1, 2, 1113481106, 1
3, 7, 17, 4, 299416549, 326913655, 1, 1, 726820703, 1
3, 7, 17, 4, 299416549, 326913655, 1, 0, 1, 0
3, 7, 17, 4, 299416549, 326913655, 0, 15, 4069622961, 1
3, 7, 17, 4, 299416549, 326913655, 0, 14, 4026324286, 1
3, 7, 17, 4, 299416549, 326913655, 0, 13, 4023623288, 1
3, 7, 17, 4, 299416549, 326913655, 0, 12, 3965415306, 1
3, 7, 17, 4, 299416549, 326913655, 0, 11, 3917713074, 1
3, 7, 17, 4, 299416549, 326913655, 0, 10, 3857525086, 1
3, 7, 17, 4, 299416549, 326913655, 0, 9, 3747810334, 1
3, 7, 17, 4, 299416549, 326913655, 0, 8, 3618334027, 1
3, 7, 17, 4, 299416549, 326913655, 0, 7, 3455926635, 1
3, 7, 17, 4, 299416549, 326913655, 0, 6, 3245631147, 1
3, 7, 17, 4, 299416549, 326913655, 0, 5, 2947354543, 1
3, 7, 17, 4, 299416549, 326913655, 0, 4, 2492567955, 1
3, 7, 17, 4, 299416549, 326913655, 0, 3, 2081952418, 1
3, 7, 17, 4, 299416549, 326913655, 0, 2, 1709148923, 1
3, 7, 17, 4, 299416549, 326913655, 0, 1, 1645467830, 1
3, 8, 17, 4, 326913656, 369076175, 2, 15, 3846215110, 1
3, 8, 17, 4, 326913656, 369076175, 2, 14, 3774995363, 1
3, 8, 17, 4, 326913656, 369076175, 2, 13, 3692265603, 1
3, 8, 17, 4, 326913656, 369076175, 2, 12, 3598500620, 1
3, 8, 17, 4, 326913656, 369076175, 2, 11, 3522174797, 1
3, 8, 17, 4, 326913656, 369076175, 2, 10, 3456134859, 1
3, 8, 17, 4, 326913656, 369076175, 2, 9, 3346537405, 1
3, 8, 17, 4, 326913656, 369076175, 2, 8, 3247999604, 1
3, 8, 17, 4, 326913656, 369076175, 2, 7, 3084560320, 1
3, 8, 17, 4, 326913656, 369076175, 2, 6, 2862169930, 1
3, 8, 17, 4, 326913656, 369076175, 2, 5, 2559362828, 1
3, 8, 17, 4, 326913656, 369076175, 2, 4, 2088596322, 1
3, 8, 17, 4, 326913656, 369076175, 2, 3, 1507980639, 1
3, 8, 17, 4, 326913656, 369076175, 2, 2, 968632939, 1
3, 8, 17, 4, 326913656, 369076175, 2, 1, 529493574, 1
3, 8, 17, 4, 326913656, 369076175, 2, 0, 1, 0
3, 8, 17, 4, 326913656, 369076175, 1, 15, 3850027704, 1
3, 8, 17, 4, 326913656, 369076175, 1, 14, 3776925485, 1
3, 8, 17, 4, 326913656, 369076175, 1, 13, 3691038028, 1
3, 8, 17, 4, 326913656, 369076175, 1, 12, 3597670430, 1
3, 8, 17, 4, 326913656, 369076175, 1, 11, 3536961351, 1
3, 8, 17, 4, 326913656, 369076175, 1, 10, 3464177140, 1
3, 8, 17, 4, 326913656, 369076175, 1, 9, 3369853037, 1
3, 8, 17, 4, 326913656, 369076175, 1, 8, 3259565467, 1
3, 8, 17, 4, 326913656, 369076175, 1, 7, 3121763546, 1
3, 8, 17, 4, 326913656, 369076175, 1, 6, 2923985625, 1
3, 8, 17, 4, 326913656, 369076175, 1, 5, 2569507532, 1
3, 8, 17, 4, 326913656, 369076175, 1, 4, 2054024865, 1
3, 8, 17, 4, 326913656, 369076175, 1, 3, 1537559960, 1
3, 8, 17, 4, 326913656, 369076175, 1, 2, 974087476, 1
3, 8, 17, 4, 326913656, 369076175, 1, 1, 489791205, 1
3, 8, 17, 4, 326913656, 369076175, 1, 0, 1, 0
3, 8, 17, 4, 326913656, 369076175, 0, 15, 4194729589, 1
3, 8, 17, 4, 326913656, 369076175, 0, 14, 4140806220, 1
3, 8, 17, 4, 326913656, 369076175, 0, 13, 4082497486, 1
3, 8, 17, 4, 326913656, 369076175, 0, 12, 4014212077, 1
3, 8, 17, 4, 326913656, 369076175, 0, 11, 3940409944, 1
3, 8, 17, 4, 326913656, 369076175, 0, 10, 3850773239, 1
3, 8, 17, 4, 326913656, 369076175, 0, 9, 3728092699, 1
3, 8, 17, 4, 326913656, 369076175, 0, 8, 3582409157, 1
3, 8, 17, 4, 326913656, 369076175, 0, 7, 3399163893, 1
3, 8, 17, 4, 326913656, 369076175, 0, 6, 3161084573, 1
3, 8, 17, 4, 326913656, 369076175, 0, 5, 2823910607, 1
3, 8, 17, 4, 326913656, 369076175, 0, 4, 2310777973, 1
3, 8, 17, 4, 326913656, 369076175, 0, 3, 1793819954, 1
3, 8, 17, 4, 326913656, 369076175, 0, 2, 1217609345, 1
3, 8, 17, 4, 326913656, 369076175, 0, 1, 734686808, 1
3, 9, 17, 4, 369076176, 403467784, 2, 15, 3543427107, 1
3, 9, 17, 4, 369076176, 403467784, 2, 14, 3465137538, 1
3, 9, 17, 4, 369076176, 403467784, 2, 13, 3378533185, 1
3, 9, 17, 4, 369076176, 403467784, 2, 12, 3278515353, 1
3, 9, 17, 4, 369076176, 403467784, 2, 11, 3187665434, 1
3, 9, 17, 4, 369076176, 403467784, 2, 10, 3104838132, 1
3, 9, 17, 4, 369076176, 403467784, 2, 9, 2980603763, 1
3, 9, 17, 4, 369076176, 403467784, 2, 8, 2865206922, 1
3, 9, 17, 4, 369076176, 403467784, 2, 7, 2722031373, 1
3, 9, 17, 4, 369076176, 403467784, 2, 6, 2538231602, 1
3, 9, 17, 4, 369076176, 403467784, 2, 5, 2289561324, 1
3, 9, 17, 4, 369076176, 403467784, 2, 4, 1923681733, 1
3, 9, 17, 4, 369076176, 403467784, 2, 3, 1384540064, 1
3, 9, 17, 4, 369076176, 403467784, 2, 2, 850835829, 1
3, 9, 17, 4, 369076176, 403467784, 2, 1, 424112086, 1
3, 9, 17, 4, 369076176, 403467784, 2, 0, 1, 0
3, 9, 17, 4, 369076176, 403467784, 1, 15, 3587550059, 1
3, 9, 17, 4, 369076176, 403467784, 1, 14, 3512166693, 1
3, 9, 17, 4, 369076176, 403467784, 1, 13, 3425763043, 1
3, 9, 17, 4, 369076176, 403467784, 1, 12, 3323701937, 1
3, 9, 17, 4, 369076176, 403467784, 1, 11, 3251212103, 1
3, 9, 17, 4, 369076176, 403467784, 1, 10, 3162712368, 1
3, 9, 17, 4, 369076176, 403467784, 1, 9, 3062493544, 1
3, 9, 17, 4, 369076176, 403467784, 1, 8, 2931046594, 1
3, 9, 17, 4, 369076176, 403467784, 1, 7, 2768111841, 1
3, 9, 17, 4, 369076176, 403467784, 1, 6, 2558625538, 1
3, 9, 17, 4, 369076176, 403467784, 1, 5, 2272962399, 1
3, 9, 17, 4, 369076176, 403467784, 1, 4, 1918540808, 1
3, 9, 17, 4, 369076176, 403467784, 1, 3, 1402934691, 1
3, 9, 17, 4, 369076176, 403467784, 1, 2, 841008025, 1
3, 9, 17, 4, 369076176, 403467784, 1, 1, 360318663, 1
3, 9, 17, 4, 369076176, 403467784, 1, 0, 1, 0
3, 9, 17, 4, 369076176, 403467784, 0, 15, 3945518026, 1
3, 9, 17, 4, 369076176, 403467784, 0, 14, 3894792705, 1
3, 9, 17, 4, 369076176, 403467784, 0, 13, 3838160559, 1
3, 9, 17, 4, 369076176, 403467784, 0, 12, 3766414618, 1
3, 9, 17, 4, 369076176, 403467784, 0, 11, 3682675426, 1
3, 9, 17, 4, 369076176, 403467784, 0, 10, 3577563536, 1
3, 9, 17, 4, 369076176, 403467784, 0, 9, 3463686367, 1
3, 9, 17, 4, 369076176, 403467784, 0, 8, 3299516997, 1
3, 9, 17, 4, 369076176, 403467784, 0, 7, 3096080774, 1
3, 9, 17, 4, 369076176, 403467784, 0, 6, 2832593954, 1
3, 9, 17, 4, 369076176, 403467784, 0, 5, 2463712406, 1
3, 9, 17, 4, 369076176, 403467784, 0, 4, 2144428659, 1
3, 9, 17, 4, 369076176, 403467784, 0, 3, 1618184140, 1
3, 9, 17, 4, 369076176, 403467784, 0, 2, 1023400531, 1
3, 9, 17, 4, 369076176, 403467784, 0, 1, 484758994, 1
3, 10, 17, 4, 403467785, 444911001, 2, 15, 3725249787, 1
3, 10, 17, 4, 403467785, 444911001, 2, 14, 3650761972, 1
3, 10, 17, 4, 403467785, 444911001, 2, 13, 3562217312, 1
3, 10, 17, 4, 403467785, 444911001, 2, 12, 3453656545, 1
3, 10, 17, 4, 403467785, 444911001, 2, 11, 3359010844, 1
3, 10, 17, 4, 403467785, 444911001, 2, 10, 3276723325, 1
3, 10, 17, 4, 403467785, 444911001, 2, 9, 3138467427, 1
3, 10, 17, 4, 403467785, 444911001, 2, 8, 3027388223, 1
3, 10, 17, 4, 403467785, 444911001, 2, 7, 2881555231, 1
3, 10, 17, 4, 403467785, 444911001, 2, 6, 2692161417, 1
3, 10, 17, 4, 403467785, 444911001, 2, 5, 2433282247, 1
3, 10, 17, 4, 403467785, 444911001, 2, 4, 2065179999, 1
3, 10, 17, 4, 403467785, 444911001, 2, 3, 1511674345, 1
3, 10, 17, 4, 403467785, 444911001, 2, 2, 967860469, 1
3, 10, 17, 4, 403467785, 444911001, 2, 1, 518895517, 1
3, 10, 17, 4, 403467785, 444911001, 2, 0, 1, 0
3, 10, 17, 4, 403467785, 444911001, 1, 15, 3771804176, 1
3, 10, 17, 4, 403467785, 444911001, 1, 14, 3705781931, 1
3, 10, 17, 4, 403467785, 444911001, 1, 13, 3619985171, 1
3, 10, 17, 4, 403467785, 444911001, 1, 12, 3512475623, 1
3, 10, 17, 4, 403467785, 444911001, 1, 11, 3429484916, 1
3, 10, 17, 4, 403467785, 444911001, 1, 10, 3342190662, 1
3, 10, 17, 4, 403467785, 444911001, 1, 9, 3227703279, 1
3, 10, 17, 4, 403467785, 444911001, 1, 8, 3103502233, 1
3, 10, 17, 4, 403467785, 444911001, 1, 7, 2940804873, 1
3, 10, 17, 4, 403467785, 444911001, 1, 6, 2724320644, 1
3, 10, 17, 4, 403467785, 444911001, 1, 5, 2425034133, 1
3, 10, 17, 4, 403467785, 444911001, 1, 4, 2070163301, 1
3, 10, 17, 4, 403467785, 444911001, 1, 3, 1536677137, 1
3, 10, 17, 4, 403467785, 444911001, 1, 2, 966610120, 1
3, 10, 17, 4, 403467785, 444911001, 1, 1, 466926607, 1
3, 10, 17, 4, 403467785, 444911001, 1, 0, 1, 0
3, 10, 17, 4, 403467785, 444911001, 0, 15, 4135023384, 1
3, 10, 17, 4, 403467785, 444911001, 0, 14, 4087496441, 1
3, 10, 17, 4, 403467785, 444911001, 0, 13, 4033834327, 1
3, 10, 17, 4, 403467785, 444911001, 0, 12, 3956346053, 1
3, 10, 17, 4, 403467785, 444911001, 0, 11, 3871630921, 1
3, 10, 17, 4, 403467785, 444911001, 0, 10, 3767700863, 1
3, 10, 17, 4, 403467785, 444911001, 0, 9, 3651432451, 1
3, 10, 17, 4, 403467785, 444911001, 0, 8, 3504088119, 1
3, 10, 17, 4, 403467785, 444911001, 0, 7, 3303125332, 1
3, 10, 17, 4, 403467785, 444911001, 0, 6, 3027101640, 1
3, 10, 17, 4, 403467785, 444911001, 0, 5, 2642135114, 1
3, 10, 17, 4, 403467785, 444911001, 0, 4, 2328933713, 1
3, 10, 17, 4, 403467785, 444911001, 0, 3, 1792789993, 1
3, 10, 17, 4, 403467785, 444911001, 0, 2, 1208262650, 1
3, 10, 17, 4, 403467785, 444911001, 0, 1, 700389911, 1
3, 11, 17, 4, 444911002, 471586258, 2, 15, 3876032343, 1
3, 11, 17, 4, 444911002, 471586258, 2, 14, 3813822454, 1
3, 11, 17, 4, 444911002, 471586258, 2, 13, 3736199887, 1
3, 11, 17, 4, 444911002, 471586258, 2, 12, 3643687247, 1
3, 11, 17, 4, 444911002, 471586258, 2, 11, 3567840780, 1
3, 11, 17, 4, 444911002, 471586258, 2, 10, 3499617746, 1
3, 11, 17, 4, 444911002, 471586258, 2, 9, 3387450274, 1
3, 11, 17, 4, 444911002, 471586258, 2, 8, 3259763744, 1
3, 11, 17, 4, 444911002, 471586258, 2, 7, 3145791024, 1
3, 11, 17, 4, 444911002, 471586258, 2, 6, 2935564998, 1
3, 11, 17, 4, 444911002, 471586258, 2, 5, 2653400824, 1
3, 11, 17, 4, 444911002, 471586258, 2, 4, 2181323342, 1
3, 11, 17, 4, 444911002, 471586258, 2, 3, 1624519960, 1
3, 11, 17, 4, 444911002, 471586258, 2, 2, 1134008327, 1
3, 11, 17, 4, 444911002, 471586258, 2, 1, 501319298, 1
3, 11, 17, 4, 444911002, 471586258, 2, 0, 1, 0
3, 11, 17, 4, 444911002, 471586258, 1, 15, 3866106472, 1
3, 11, 17, 4, 444911002, 471586258, 1, 14, 3808608089, 1
3, 11, 17, 4, 444911002, 471586258, 1, 13, 3727810698, 1
3, 11, 17, 4, 444911002, 471586258, 1, 12, 3631270689, 1
3, 11, 17, 4, 444911002, 471586258, 1, 11, 3561157265, 1
3, 11, 17, 4, 444911002, 471586258, 1, 10, 3476607045, 1
3, 11, 17, 4, 444911002, 471586258, 1, 9, 3379352302, 1
3, 11, 17, 4, 444911002, 471586258, 1, 8, 3273366788, 1
3, 11, 17, 4, 444911002, 471586258, 1, 7, 3133742436, 1
3, 11, 17, 4, 444911002, 471586258, 1, 6, 2947430602, 1
3, 11, 17, 4, 444911002, 471586258, 1, 5, 2694035665, 1
3, 11, 17, 4, 444911002, 471586258, 1, 4, 2211340575, 1
3, 11, 17, 4, 444911002, 471586258, 1, 3, 1726560404, 1
3, 11, 17, 4, 444911002, 471586258, 1, 2, 1244164173, 1
3, 11, 17, 4, 444911002, 471586258, 1, 1, 447397475, 1
3, 11, 17, 4, 444911002, 471586258, 1, 0, 1, 0
3, 11, 17, 4, 444911002, 471586258, 0, 15, 4284500327, 1
3, 11, 17, 4, 444911002, 471586258, 0, 14, 4249742715, 1
3, 11, 17, 4, 444911002, 471586258, 0, 13, 4200871620, 1
3, 11, 17, 4, 444911002, 471586258, 0, 12, 4139744261, 1
3, 11, 17, 4, 444911002, 471586258, 0, 11, 4074364757, 1
3, 11, 17, 4, 444911002, 471586258, 0, 10, 3993637452, 1
3, 11, 17, 4, 444911002, 471586258, 0, 9, 3905727961, 1
3, 11, 17, 4, 444911002, 471586258, 0, 8, 3793832280, 1
3, 11, 17, 4, 444911002, 471586258, 0, 7, 3638446330, 1
3, 11, 17, 4, 444911002, 471586258, 0, 6, 3423191755, 1
3, 11, 17, 4, 444911002, 471586258, 0, 5, 3123301990, 1
3, 11, 17, 4, 444911002, 471586258, 0, 4, 2675876279, 1
3, 11, 17, 4, 444911002, 471586258, 0, 3, 2265144647, 1
3, 11, 17, 4, 444911002, 471586258, 0, 2, 1931441479, 1
3, 11, 17, 4, 444911002, 471586258, 0, 1, 671096213, 1
3, 12, 17, 4, 471586259, 1509823394, 2, 15, 3490945328, 1
3, 12, 17, 4, 471586259, 1509823394, 2, 14, 3468060409, 1
3, 12, 17, 4, 471586259, 1509823394, 2, 13, 3445956780, 1
3, 12, 17, 4, 471586259, 1509823394, 2, 12, 3423652959, 1
3, 12, 17, 4, 471586259, 1509823394, 2, 11, 3384150222, 1
3, 12, 17, 4, 471586259, 1509823394, 2, 10, 3313817908, 1
3, 12, 17, 4, 471586259, 1509823394, 2, 9, 3222589467, 1
3, 12, 17, 4, 471586259, 1509823394, 2, 8, 3080828742, 1
3, 12, 17, 4, 471586259, 1509823394, 2, 7, 2891574863, 1
3, 12, 17, 4, 471586259, 1509823394, 2, 6, 2685861679, 1
3, 12, 17, 4, 471586259, 1509823394, 2, 5, 2432930996, 1
3, 12, 17, 4, 471586259, 1509823394, 2, 4, 2056743078, 1
3, 12, 17, 4, 471586259, 1509823394, 2, 3, 1530390009, 1
3, 12, 17, 4, 471586259, 1509823394, 2, 2, 986542227, 1
3, 12, 17, 4, 471586259, 1509823394, 2, 1, 488072266, 1
3, 12, 17, 4, 471586259, 1509823394, 2, 0, 1, 0
3, 12, 17, 4, 471586259, 1509823394, 1, 15, 3537048902, 1
3, 12, 17, 4, 471586259, 1509823394, 1, 14, 3515845047, 1
3, 12, 17, 4, 471586259, 1509823394, 1, 13, 3492320765, 1
3, 12, 17, 4, 471586259, 1509823394, 1, 12, 3470033178, 1
3, 12, 17, 4, 471586259, 1509823394, 1, 11, 3429914677, 1
3, 12, 17, 4, 471586259, 1509823394, 1, 10, 3346462648, 1
3, 12, 17, 4, 471586259, 1509823394, 1, 9, 3235757889, 1
3, 12, 17, 4, 471586259, 1509823394, 1, 8, 3103600996, 1
3, 12, 17, 4, 471586259, 1509823394, 1, 7, 2930038949, 1
3, 12, 17, 4, 471586259, 1509823394, 1, 6, 2723563784, 1
3, 12, 17, 4, 471586259, 1509823394, 1, 5, 2440390374, 1
3, 12, 17, 4, 471586259, 1509823394, 1, 4, 2069887700, 1
3, 12, 17, 4, 471586259, 1509823394, 1, 3, 1558871621, 1
3, 12, 17, 4, 471586259, 1509823394, 1, 2, 986190842, 1
3, 12, 17, 4, 471586259, 1509823394, 1, 1, 432101073, 1
3, 12, 17, 4, 471586259, 1509823394, 1, 0, 1, 0
3, 12, 17, 4, 471586259, 1509823394, 0, 15, 3487454032, 1
3, 12, 17, 4, 471586259, 1509823394, 0, 14, 3458111688, 1
3, 12, 17, 4, 471586259, 1509823394, 0, 13, 3424255137, 1
3, 12, 17, 4, 471586259, 1509823394, 0, 12, 3384755828, 1
3, 12, 17, 4, 471586259, 1509823394, 0, 11, 3334074582, 1
3, 12, 17, 4, 471586259, 1509823394, 0, 10, 3277657356, 1
3, 12, 17, 4, 471586259, 1509823394, 0, 9, 3203813780, 1
3, 12, 17, 4, 471586259, 1509823394, 0, 8, 3117009647, 1
3, 12, 17, 4, 471586259, 1509823394, 0, 7, 2999118234, 1
3, 12, 17, 4, 471586259, 1509823394, 0, 6, 2852728206, 1
3, 12, 17, 4, 471586259, 1509823394, 0, 5, 2650236687, 1
3, 12, 17, 4, 471586259, 1509823394, 0, 4, 2346499409, 1
3, 12, 17, 4, 471586259, 1509823394, 0, 3, 1828606365, 1
3, 12, 17, 4, 471586259, 1509823394, 0, 2, 1232738553, 1
3, 12, 17, 4, 471586259, 1509823394, 0, 1, 648151609, 1
3, 13, 17, 4, 1509823395, 1616003182, 2, 15, 3663601444, 1
3, 13, 17, 4, 1509823395, 1616003182, 2, 14, 3637410423, 1
3, 13, 17, 4, 1509823395, 1616003182, 2, 13, 3611641408, 1
3, 13, 17, 4, 1509823395, 1616003182, 2, 12, 3583070772, 1
3, 13, 17, 4, 1509823395, 1616003182, 2, 11, 3527021173, 1
3, 13, 17, 4, 1509823395, 1616003182, 2, 10, 3485959024, 1
3, 13, 17, 4, 1509823395, 1616003182, 2, 9, 3388203165, 1
3, 13, 17, 4, 1509823395, 1616003182, 2, 8, 3286053448, 1
3, 13, 17, 4, 1509823395, 1616003182, 2, 7, 3134000682, 1
3, 13, 17, 4, 1509823395, 1616003182, 2, 6, 2952385740, 1
3, 13, 17, 4, 1509823395, 1616003182, 2, 5, 2730199000, 1
3, 13, 17, 4, 1509823395, 1616003182, 2, 4, 2380901603, 1
3, 13, 17, 4, 1509823395, 1616003182, 2, 3, 1987446144, 1
3, 13, 17, 4, 1509823395, 1616003182, 2, 2, 1664176882, 1
3, 13, 17, 4, 1509823395, 1616003182, 2, 1, 497675025, 1
3, 13, 17, 4, 1509823395, 1616003182, 2, 0, 1, 0
3, 13, 17, 4, 1509823395, 1616003182, 1, 15, 3725783919, 1
3, 13, 17, 4, 1509823395, 1616003182, 1, 14, 3693987109, 1
3, 13, 17, 4, 1509823395, 1616003182, 1, 13, 3663940710, 1
3, 13, 17, 4, 1509823395, 1616003182, 1, 12, 3631012987, 1
3, 13, 17, 4, 1509823395, 1616003182, 1, 11, 3557996100, 1
3, 13, 17, 4, 1509823395, 1616003182, 1, 10, 3505633958, 1
3, 13, 17, 4, 1509823395, 1616003182, 1, 9, 3373423686, 1
3, 13, 17, 4, 1509823395, 1616003182, 1, 8, 3294561393, 1
3, 13, 17, 4, 1509823395, 1616003182, 1, 7, 3155036988, 1
3, 13, 17, 4, 1509823395, 1616003182, 1, 6, 2955744579, 1
3, 13, 17, 4, 1509823395, 1616003182, 1, 5, 2679491972, 1
3, 13, 17, 4, 1509823395, 1616003182, 1, 4, 2316960039, 1
3, 13, 17, 4, 1509823395, 1616003182, 1, 3, 1895438185, 1
3, 13, 17, 4, 1509823395, 1616003182, 1, 2, 1513814456, 1
3, 13, 17, 4, 1509823395, 1616003182, 1, 1, 415387091, 1
3, 13, 17, 4, 1509823395, 1616003182, 1, 0, 1, 0
3, 13, 17, 4, 1509823395, 1616003182, 0, 15, 3993930181, 1
3, 13, 17, 4, 1509823395, 1616003182, 0, 14, 3966243723, 1
3, 13, 17, 4, 1509823395, 1616003182, 0, 13, 3921959719, 1
3, 13, 17, 4, 1509823395, 1616003182, 0, 12, 3883661313, 1
3, 13, 17, 4, 1509823395, 1616003182, 0, 11, 3838399560, 1
3, 13, 17, 4, 1509823395, 1616003182, 0, 10, 3784085456, 1
3, 13, 17, 4, 1509823395, 1616003182, 0, 9, 3678877207, 1
3, 13, 17, 4, 1509823395, 1616003182, 0, 8, 3591044283, 1
3, 13, 17, 4, 1509823395, 1616003182, 0, 7, 3536400856, 1
3, 13, 17, 4, 1509823395, 1616003182, 0, 6, 3401569949, 1
3, 13, 17, 4, 1509823395, 1616003182, 0, 5, 3212806679, 1
3, 13, 17, 4, 1509823395, 1616003182, 0, 4, 2929661774, 1
3, 13, 17, 4, 1509823395, 1616003182, 0, 3, 2671081771, 1
3, 13, 17, 4, 1509823395, 1616003182, 0, 2, 2581873903, 1
3, 13, 17, 4, 1509823395, 1616003182, 0, 1, 623080636, 1
3, 14, 17, 4, 1616003183, 1684590274, 2, 15, 3202006033, 1
3, 14, 17, 4, 1616003183, 1684590274, 2, 14, 3181663425, 1
3, 14, 17, 4, 1616003183, 1684590274, 2, 13, 3162598688, 1
3, 14, 17, 4, 1616003183, 1684590274, 2, 12, 3141790900, 1
3, 14, 17, 4, 1616003183, 1684590274, 2, 11, 3094834923, 1
3, 14, 17, 4, 1616003183, 1684590274, 2, 10, 3064571449, 1
3, 14, 17, 4, 1616003183, 1684590274, 2, 9, 2979848475, 1
3, 14, 17, 4, 1616003183, 1684590274, 2, 8, 2893739232, 1
3, 14, 17, 4, 1616003183, 1684590274, 2, 7, 2761911411, 1
3, 14, 17, 4, 1616003183, 1684590274, 2, 6, 2606588897, 1
3, 14, 17, 4, 1616003183, 1684590274, 2, 5, 2419974267, 1
3, 14, 17, 4, 1616003183, 1684590274, 2, 4, 2121494168, 1
3, 14, 17, 4, 1616003183, 1684590274, 2, 3, 1806574533, 1
3, 14, 17, 4, 1616003183, 1684590274, 2, 2, 1620742965, 1
3, 14, 17, 4, 1616003183, 1684590274, 2, 1, 756604035, 1
3, 14, 17, 4, 1616003183, 1684590274, 2, 0, 67564271, 0
3, 14, 17, 4, 1616003183, 1684590274, 1, 15, 3249665714, 1
3, 14, 17, 4, 1616003183, 1684590274, 1, 14, 3222782967, 1
3, 14, 17, 4, 1616003183, 1684590274, 1, 13, 3198378641, 1
3, 14, 17, 4, 1616003183, 1684590274, 1, 12, 3171995723, 1
3, 14, 17, 4, 1616003183, 1684590274, 1, 11, 3106661867, 1
3, 14, 17, 4, 1616003183, 1684590274, 1, 10, 3063446192, 1
3, 14, 17, 4, 1616003183, 1684590274, 1, 9, 2942307958, 1
3, 14, 17, 4, 1616003183, 1684590274, 1, 8, 2877122888, 1
3, 14, 17, 4, 1616003183, 1684590274, 1, 7, 2754922966, 1
3, 14, 17, 4, 1616003183, 1684590274, 1, 6, 2578285650, 1
3, 14, 17, 4, 1616003183, 1684590274, 1, 5, 2332926351, 1
3, 14, 17, 4, 1616003183, 1684590274, 1, 4, 2015018086, 1
3, 14, 17, 4, 1616003183, 1684590274, 1, 3, 1663619140, 1
3, 14, 17, 4, 1616003183, 1684590274, 1, 2, 1408216643, 1
3, 14, 17, 4, 1616003183, 1684590274, 1, 1, 604305487, 1
3, 14, 17, 4, 1616003183, 1684590274, 1, 0, 1, 0
3, 14, 17, 4, 1616003183, 1684590274, 0, 15, 3523061396, 1
3, 14, 17, 4, 1616003183, 1684590274, 0, 14, 3500839462, 1
3, 14, 17, 4, 1616003183, 1684590274, 0, 13, 3462860679, 1
3, 14, 17, 4, 1616003183, 1684590274, 0, 12, 3431918363, 1
3, 14, 17, 4, 1616003183, 1684590274, 0, 11, 3395350172, 1
3, 14, 17, 4, 1616003183, 1684590274, 0, 10, 3351468342, 1
3, 14, 17, 4, 1616003183, 1684590274, 0, 9, 3259010650, 1
3, 14, 17, 4, 1616003183, 1684590274, 0, 8, 3187115922, 1
3, 14, 17, 4, 1616003183, 1684590274, 0, 7, 3152964462, 1
3, 14, 17, 4, 1616003183, 1684590274, 0, 6, 3045456177, 1
3, 14, 17, 4, 1616003183, 1684590274, 0, 5, 2894944578, 1
3, 14, 17, 4, 1616003183, 1684590274, 0, 4, 2669177180, 1
3, 14, 17, 4, 1616003183, 1684590274, 0, 3, 2506226355, 1
3, 14, 17, 4, 1616003183, 1684590274, 0, 2, 2608276841, 1
3, 14, 17, 4, 1616003183, 1684590274, 0, 1, 1223258640, 1
3, 15, 17, 4, 1684590275, 1729413134, 2, 15, 3078024065, 1
3, 15, 17, 4, 1684590275, 1729413134, 2, 14, 3051124076, 1
3, 15, 17, 4, 1684590275, 1729413134, 2, 13, 3003581490, 1
3, 15, 17, 4, 1684590275, 1729413134, 2, 12, 2950139262, 1
3, 15, 17, 4, 1684590275, 1729413134, 2, 11, 2895029994, 1
3, 15, 17, 4, 1684590275, 1729413134, 2, 10, 2838425748, 1
3, 15, 17, 4, 1684590275, 1729413134, 2, 9, 2747689443, 1
3, 15, 17, 4, 1684590275, 1729413134, 2, 8, 2641114177, 1
3, 15, 17, 4, 1684590275, 1729413134, 2, 7, 2507508421, 1
3, 15, 17, 4, 1684590275, 1729413134, 2, 6, 2332366574, 1
3, 15, 17, 4, 1684590275, 1729413134, 2, 5, 2122905040, 1
3, 15, 17, 4, 1684590275, 1729413134, 2, 4, 1801213306, 1
3, 15, 17, 4, 1684590275, 1729413134, 2, 3, 1336734413, 1
3, 15, 17, 4, 1684590275, 1729413134, 2, 2, 902657675, 1
3, 15, 17, 4, 1684590275, 1729413134, 2, 1, 473691751, 1
3, 15, 17, 4, 1684590275, 1729413134, 2, 0, 1, 0
3, 15, 17, 4, 1684590275, 1729413134, 1, 15, 3125420939, 1
3, 15, 17, 4, 1684590275, 1729413134, 1, 14, 3086888509, 1
3, 15, 17, 4, 1684590275, 1729413134, 1, 13, 3042046743, 1
3, 15, 17, 4, 1684590275, 1729413134, 1, 12, 2989120893, 1
3, 15, 17, 4, 1684590275, 1729413134, 1, 11, 2929691501, 1
3, 15, 17, 4, 1684590275, 1729413134, 1, 10, 2882069702, 1
3, 15, 17, 4, 1684590275, 1729413134, 1, 9, 2793443699, 1
3, 15, 17, 4, 1684590275, 1729413134, 1, 8, 2691363426, 1
3, 15, 17, 4, 1684590275, 1729413134, 1, 7, 2563007007, 1
3, 15, 17, 4, 1684590275, 1729413134, 1, 6, 2389054722, 1
3, 15, 17, 4, 1684590275, 1729413134, 1, 5, 2148816097, 1
3, 15, 17, 4, 1684590275, 1729413134, 1, 4, 1823043431, 1
3, 15, 17, 4, 1684590275, 1729413134, 1, 3, 1347049294, 1
3, 15, 17, 4, 1684590275, 1729413134, 1, 2, 888160059, 1
3, 15, 17, 4, 1684590275, 1729413134, 1, 1, 401866177, 1
3, 15, 17, 4, 1684590275, 1729413134, 1, 0, 1, 0
3, 15, 17, 4, 1684590275, 1729413134, 0, 15, 3268330101, 1
3, 15, 17, 4, 1684590275, 1729413134, 0, 14, 3239248135, 1
3, 15, 17, 4, 1684590275, 1729413134, 0, 13, 3200364362, 1
3, 15, 17, 4, 1684590275, 1729413134, 0, 12, 3158112492, 1
3, 15, 17, 4, 1684590275, 1729413134, 0, 11, 3108913667, 1
3, 15, 17, 4, 1684590275, 1729413134, 0, 10, 3044790472, 1
3, 15, 17, 4, 1684590275, 1729413134, 0, 9, 2965184465, 1
3, 15, 17, 4, 1684590275, 1729413134, 0, 8, 2876682296, 1
3, 15, 17, 4, 1684590275, 1729413134, 0, 7, 2770011210, 1
3, 15, 17, 4, 1684590275, 1729413134, 0, 6, 2627581465, 1
3, 15, 17, 4, 1684590275, 1729413134, 0, 5, 2408372190, 1
3, 15, 17, 4, 1684590275, 1729413134, 0, 4, 2104317818, 1
3, 15, 17, 4, 1684590275, 1729413134, 0, 3, 1571557510, 1
3, 15, 17, 4, 1684590275, 1729413134, 0, 2, 1110200073, 1
3, 15, 17, 4, 1684590275, 1729413134, 0, 1, 602799266, 1
3, 16, 17, 4, 1729413135, 1753043203, 2, 15, 1171105142, 1
3, 16, 17, 4, 1729413135, 1753043203, 2, 14, 1166878736, 1
3, 16, 17, 4, 1729413135, 1753043203, 2, 13, 1145327820, 1
3, 16, 17, 4, 1729413135, 1753043203, 2, 12, 1121981208, 1
3, 16, 17, 4, 1729413135, 1753043203, 2, 11, 1102126806, 1
3, 16, 17, 4, 1729413135, 1753043203, 2, 10, 1087387713, 1
3, 16, 17, 4, 1729413135, 1753043203, 2, 9, 1047178316, 1
3, 16, 17, 4, 1729413135, 1753043203, 2, 8, 1002790015, 1
3, 16, 17, 4, 1729413135, 1753043203, 2, 7, 947593910, 1
3, 16, 17, 4, 1729413135, 1753043203, 2, 6, 874384609, 1
3, 16, 17, 4, 1729413135, 1753043203, 2, 5, 802831814, 1
3, 16, 17, 4, 1729413135, 1753043203, 2, 4, 678152565, 1
3, 16, 17, 4, 1729413135, 1753043203, 2, 3, 518147511, 1
3, 16, 17, 4, 1729413135, 1753043203, 2, 2, 493394330, 1
3, 16, 17, 4, 1729413135, 1753043203, 2, 1, 159711362, 0
3, 16, 17, 4, 1729413135, 1753043203, 2, 0, 12042471, 0
3, 16, 17, 4, 1729413135, 1753043203, 1, 15, 1213546684, 1
3, 16, 17, 4, 1729413135, 1753043203, 1, 14, 1197606706, 1
3, 16, 17, 4, 1729413135, 1753043203, 1, 13, 1178704423, 1
3, 16, 17, 4, 1729413135, 1753043203, 1, 12, 1155868373, 1
3, 16, 17, 4, 1729413135, 1753043203, 1, 11, 1131761789, 1
3, 16, 17, 4, 1729413135, 1753043203, 1, 10, 1126190953, 1
3, 16, 17, 4, 1729413135, 1753043203, 1, 9, 1088468748, 1
3, 16, 17, 4, 1729413135, 1753043203, 1, 8, 1049269635, 1
3, 16, 17, 4, 1729413135, 1753043203, 1, 7, 1000562686, 1
3, 16, 17, 4, 1729413135, 1753043203, 1, 6, 930767402, 1
3, 16, 17, 4, 1729413135, 1753043203, 1, 5, 832561049, 1
3, 16, 17, 4, 1729413135, 1753043203, 1, 4, 711946110, 1
3, 16, 17, 4, 1729413135, 1753043203, 1, 3, 558342686, 1
3, 16, 17, 4, 1729413135, 1753043203, 1, 2, 482147677, 1
3, 16, 17, 4, 1729413135, 1753043203, 1, 1, 258157290, 1
3, 16, 17, 4, 1729413135, 1753043203, 1, 0, 1, 0
3, 16, 17, 4, 1729413135, 1753043203, 0, 15, 1272466750, 1
3, 16, 17, 4, 1729413135, 1753043203, 0, 14, 1260784888, 1
3, 16, 17, 4, 1729413135, 1753043203, 0, 13, 1241978159, 1
3, 16, 17, 4, 1729413135, 1753043203, 0, 12, 1223149507, 1
3, 16, 17, 4, 1729413135, 1753043203, 0, 11, 1201632667, 1
3, 16, 17, 4, 1729413135, 1753043203, 0, 10, 1170727854, 1
3, 16, 17, 4, 1729413135, 1753043203, 0, 9, 1131722092, 1
3, 16, 17, 4, 1729413135, 1753043203, 0, 8, 1093970229, 1
3, 16, 17, 4, 1729413135, 1753043203, 0, 7, 1052549536, 1
3, 16, 17, 4, 1729413135, 1753043203, 0, 6, 997120315, 1
3, 16, 17, 4, 1729413135, 1753043203, 0, 5, 899711773, 1
3, 16, 17, 4, 1729413135, 1753043203, 0, 4, 778358502, 1
3, 16, 17, 4, 1729413135, 1753043203, 0, 3, 550100028, 1
3, 16, 17, 4, 1729413135, 1753043203, 0, 2, 203723614, 1
3, 16, 17, 4, 1729413135, 1753043203, 0, 1, 1, 1
