1,1.0,99823376.0,2118411801.9069273
2,99823377.0,137791039.0,3208269906.39653
3,137791040.0,281559286.0,2745756094.975503
4,281559287.0,434045211.0,2843771343.248863
5,434045212.0,447643959.0,2990081239.996205
6,447643960.0,550034859.0,2860134978.967321
7,550034860.0,563751054.0,3470279916.38701
8,563751055.0,624294336.0,2099270886.717672
9,624294337.0,645798752.0,3097652424.7647376
10,645798753.0,764756571.0,2421903847.1085014
11,764756572.0,787430189.0,2877013282.97346
12,787430190.0,847459970.0,2012935104.3185456
13,847459971.0,894801440.0,2606881219.1259627
14,894801441.0,926858391.0,2614182573.347214
15,926858392.0,946184903.0,3161992744.6967673
16,946184904.0,1045032466.0,2734326333.7637515
17,1045032467.0,1197352241.0,2705503649.4898095
18,1197352242.0,1220461824.0,2378415930.3367944
19,1220461825.0,1288416869.0,2805983270.8053446
20,1288416870.0,1312520822.0,3209726083.0184054
21,1312520823.0,1333809086.0,2594448765.182583
22,1333809087.0,1412707166.0,2521465992.880462
23,1412707167.0,1453320015.0,2247031454.6387076
24,1453320016.0,1470567549.0,2945160539.235029
25,1470567550.0,1539305188.0,2250937873.38481
26,1539305189.0,1579675423.0,2631618625.4955583
27,1579675424.0,1607024735.0,3301158613.843028
28,1607024736.0,1646530487.0,2316136554.928649
29,1646530488.0,1682420779.0,2756566825.0271807
30,1682420780.0,1732691715.0,2675091699.406378
31,1732691716.0,1802302552.0,2610413142.460989
32,1802302553.0,1847960904.0,2316240581.9937096
33,1847960905.0,1869101903.0,2164522656.1864066
34,1869101904.0,1888277690.0,2846777197.138145
35,1888277691.0,1927240467.0,2334316737.9017744
36,1927240468.0,1946501791.0,2840258799.8018775
37,1946501792.0,1964667797.0,3378981795.341085
38,1964667798.0,2089944584.0,3084971961.9020615
39,2089944585.0,2154648594.0,2482071103.6458287
40,2154648595.0,2180750759.0,2101082302.2987452
41,2180750760.0,2196025834.0,2607670111.223766
