0, 1, 19, 17, 1, 99979769, 0, 2, 1, 1
0, 1, 19, 17, 1, 99979769, 0, 1, 1, 1
0, 2, 19, 17, 99979770, 141598451, 0, 2, 1, 1
0, 2, 19, 17, 99979770, 141598451, 0, 1, 1, 1
0, 3, 19, 17, 141598452, 176328144, 0, 2, 1, 1
0, 3, 19, 17, 141598452, 176328144, 0, 1, 1, 1
0, 4, 19, 17, 176328145, 207243301, 0, 2, 15464255, 1
0, 4, 19, 17, 176328145, 207243301, 0, 1, 25229240, 1
0, 5, 19, 17, 207243302, 277762997, 0, 2, 1, 1
0, 5, 19, 17, 207243302, 277762997, 0, 1, 1, 1
0, 6, 19, 17, 277762998, 302761485, 0, 2, 1, 1
0, 6, 19, 17, 277762998, 302761485, 0, 1, 1, 1
0, 7, 19, 17, 302761486, 421456697, 0, 2, 1, 1
0, 7, 19, 17, 302761486, 421456697, 0, 1, 1, 1
0, 8, 19, 17, 421456698, 453277372, 0, 2, 1, 1
0, 8, 19, 17, 421456698, 453277372, 0, 1, 1, 1
0, 9, 19, 17, 453277373, 519934492, 0, 2, 1, 1
0, 9, 19, 17, 453277373, 519934492, 0, 1, 1, 1
0, 10, 19, 17, 519934493, 561591109, 0, 2, 1, 1
0, 10, 19, 17, 519934493, 561591109, 0, 1, 1, 1
0, 11, 19, 17, 561591110, 668662384, 0, 2, 32000857, 1
0, 11, 19, 17, 561591110, 668662384, 0, 1, 41132942, 1
0, 12, 19, 17, 668662385, 710458510, 0, 2, 1, 1
0, 12, 19, 17, 668662385, 710458510, 0, 1, 1, 1
0, 13, 19, 17, 710458511, 736648106, 0, 2, 18050576, 1
0, 13, 19, 17, 710458511, 736648106, 0, 1, 36101151, 1
0, 14, 19, 17, 736648107, 776483128, 0, 2, 1, 1
0, 14, 19, 17, 736648107, 776483128, 0, 1, 1, 1
0, 15, 19, 17, 776483129, 844881080, 0, 2, 1, 1
0, 15, 19, 17, 776483129, 844881080, 0, 1, 1, 1
0, 16, 19, 17, 844881081, 854034098, 0, 2, 1, 1
0, 16, 19, 17, 844881081, 854034098, 0, 1, 1, 1
0, 17, 19, 17, 854034099, 922237114, 0, 2, 5185334, 1
0, 17, 19, 17, 854034099, 922237114, 0, 1, 1, 1
0, 18, 19, 17, 922237115, 946991674, 0, 2, 106683901, 1
0, 18, 19, 17, 922237115, 946991674, 0, 1, 98159864, 1
0, 19, 19, 17, 946991675, 1024489545, 0, 2, 557810880, 1
0, 19, 19, 17, 946991675, 1024489545, 0, 1, 577301206, 1
0, 20, 19, 17, 1024489546, 1068494722, 0, 2, 378437978, 1
0, 20, 19, 17, 1024489546, 1068494722, 0, 1, 376502376, 1
0, 21, 19, 17, 1068494723, 1101693425, 0, 2, 536711010, 1
0, 21, 19, 17, 1068494723, 1101693425, 0, 1, 536307086, 1
0, 22, 19, 17, 1101693426, 1142232952, 0, 2, 356154374, 1
0, 22, 19, 17, 1101693426, 1142232952, 0, 1, 257031585, 1
0, 23, 19, 17, 1142232953, 1217798328, 0, 2, 529777796, 1
0, 23, 19, 17, 1142232953, 1217798328, 0, 1, 530525106, 1
0, 24, 19, 17, 1217798329, 1287552986, 0, 2, 508511702, 1
0, 24, 19, 17, 1217798329, 1287552986, 0, 1, 499558374, 1
0, 25, 19, 17, 1287552987, 1313526048, 0, 2, 263064071, 1
0, 25, 19, 17, 1287552987, 1313526048, 0, 1, 251450949, 1
0, 26, 19, 17, 1313526049, 1336613177, 0, 2, 1, 1
0, 26, 19, 17, 1313526049, 1336613177, 0, 1, 1, 1
0, 27, 19, 17, 1336613178, 1382112902, 0, 2, 18202916, 1
0, 27, 19, 17, 1336613178, 1382112902, 0, 1, 23851395, 1
0, 28, 19, 17, 1382112903, 1454390154, 0, 2, 64469476, 1
0, 28, 19, 17, 1382112903, 1454390154, 0, 1, 65054459, 1
0, 29, 19, 17, 1454390155, 1482709462, 0, 2, 1, 1
0, 29, 19, 17, 1454390155, 1482709462, 0, 1, 1, 1
0, 30, 19, 17, 1482709463, 1521828552, 0, 2, 117714791, 1
0, 30, 19, 17, 1482709463, 1521828552, 0, 1, 115673637, 1
0, 31, 19, 17, 1521828553, 1544550922, 0, 2, 1, 1
0, 31, 19, 17, 1521828553, 1544550922, 0, 1, 1, 1
0, 32, 19, 17, 1544550923, 1602737437, 0, 2, 36244537, 1
0, 32, 19, 17, 1544550923, 1602737437, 0, 1, 29354354, 1
0, 33, 19, 17, 1602737438, 1729511406, 0, 2, 143842280, 1
0, 33, 19, 17, 1602737438, 1729511406, 0, 1, 119158063, 1
0, 34, 19, 17, 1729511407, 1745827851, 0, 2, 4440166, 1
0, 34, 19, 17, 1729511407, 1745827851, 0, 1, 1, 1
0, 35, 19, 17, 1745827852, 1792781637, 0, 2, 8201366, 1
0, 35, 19, 17, 1745827852, 1792781637, 0, 1, 1, 1
0, 36, 19, 17, 1792781638, 1813198577, 0, 2, 1, 1
0, 36, 19, 17, 1792781638, 1813198577, 0, 1, 1, 1
0, 37, 19, 17, 1813198578, 1881454565, 0, 2, 1, 1
0, 37, 19, 17, 1813198578, 1881454565, 0, 1, 1, 1
0, 38, 19, 17, 1881454566, 1920322848, 0, 2, 1059099, 1
0, 38, 19, 17, 1881454566, 1920322848, 0, 1, 1, 1
0, 39, 19, 17, 1920322849, 1931534318, 0, 2, 64552070, 1
0, 39, 19, 17, 1920322849, 1931534318, 0, 1, 64552070, 1
0, 40, 19, 17, 1931534319, 1965525995, 0, 2, 1, 1
0, 40, 19, 17, 1931534319, 1965525995, 0, 1, 1, 1
0, 41, 19, 17, 1965525996, 2196025834, 0, 2, 1, 1
0, 41, 19, 17, 1965525996, 2196025834, 0, 1, 1, 1
