1,1.0,99828716.0,2074016099.6730542
2,99828717.0,137544647.0,2969379275.328295
3,137544648.0,172522931.0,2789530704.7386026
4,172522932.0,203859944.0,2881418038.213699
5,203859945.0,289165757.0,2748025966.224057
6,289165758.0,302291250.0,3376167209.5013633
7,302291251.0,419796133.0,2890959196.162422
8,419796134.0,449347178.0,3644020966.2025056
9,449347179.0,519795544.0,3351304514.697581
10,519795545.0,564002649.0,3905293427.1108675
11,564002650.0,632333892.0,3622752751.12485
12,632333893.0,675458451.0,3823102351.591362
13,675458452.0,703993948.0,4011070329.504414
14,703993949.0,774102203.0,3683062375.277906
15,774102204.0,806536591.0,3574475732.4384093
16,806536592.0,844569138.0,3464476798.3229365
17,844569139.0,947840966.0,3693558842.183376
18,947840967.0,969925535.0,3639594451.0975103
19,969925536.0,1022851920.0,3425617751.727509
20,1022851921.0,1106149400.0,3529273991.98846
21,1106149401.0,1142724143.0,3905237799.566046
22,1142724144.0,1169969767.0,3702644395.093346
23,1169969768.0,1207452421.0,3849035718.4524555
24,1207452422.0,1286404848.0,3534769230.1632867
25,1286404849.0,1382895028.0,3689039304.7067337
26,1382895029.0,1456317605.0,3536793375.996124
27,1456317606.0,1471178093.0,3824459698.7315483
28,1471178094.0,1558023426.0,3528070300.9812837
29,1558023427.0,1599094594.0,3356647269.5819526
30,1599094595.0,1625221013.0,3690884265.275732
31,1625221014.0,1684265717.0,3795036486.385989
32,1684265718.0,1732157225.0,3683570912.8498054
33,1732157226.0,1747255280.0,3533458816.263907
34,1747255281.0,1793084485.0,3310363431.797853
35,1793084486.0,1811471776.0,3626989363.1159177
36,1811471777.0,1878881387.0,3864698887.5910277
37,1878881388.0,1920097091.0,3904727009.661325
38,1920097092.0,1930844240.0,3722308270.1210356
39,1930844241.0,1966215648.0,3435910325.859512
40,1966215649.0,2152624818.0,3580200339.541496
41,2152624819.0,2196025834.0,3406309564.0348067
