1, 1, 19, 4, 1, 93859018, 0, 15, 676451045, 1
1, 1, 19, 4, 1, 93859018, 0, 14, 676795526, 1
1, 1, 19, 4, 1, 93859018, 0, 13, 674333759, 1
1, 1, 19, 4, 1, 93859018, 0, 12, 673952628, 1
1, 1, 19, 4, 1, 93859018, 0, 11, 674729845, 1
1, 1, 19, 4, 1, 93859018, 0, 10, 673963271, 1
1, 1, 19, 4, 1, 93859018, 0, 9, 666280793, 1
1, 1, 19, 4, 1, 93859018, 0, 8, 648622157, 1
1, 1, 19, 4, 1, 93859018, 0, 7, 621823996, 1
1, 1, 19, 4, 1, 93859018, 0, 6, 573700753, 1
1, 1, 19, 4, 1, 93859018, 0, 5, 522483990, 1
1, 1, 19, 4, 1, 93859018, 0, 4, 472747716, 1
1, 1, 19, 4, 1, 93859018, 0, 3, 424887278, 1
1, 1, 19, 4, 1, 93859018, 0, 2, 349338070, 1
1, 1, 19, 4, 1, 93859018, 0, 1, 302454923, 1
1, 2, 19, 4, 93859019, 109747325, 0, 15, 2449801405, 1
1, 2, 19, 4, 93859019, 109747325, 0, 14, 2401618688, 1
1, 2, 19, 4, 93859019, 109747325, 0, 13, 2349393970, 1
1, 2, 19, 4, 93859019, 109747325, 0, 12, 2288465131, 1
1, 2, 19, 4, 93859019, 109747325, 0, 11, 2216458322, 1
1, 2, 19, 4, 93859019, 109747325, 0, 10, 2133916322, 1
1, 2, 19, 4, 93859019, 109747325, 0, 9, 2034846989, 1
1, 2, 19, 4, 93859019, 109747325, 0, 8, 1930005438, 1
1, 2, 19, 4, 93859019, 109747325, 0, 7, 1821988768, 1
1, 2, 19, 4, 93859019, 109747325, 0, 6, 1710324262, 1
1, 2, 19, 4, 93859019, 109747325, 0, 5, 1569717796, 1
1, 2, 19, 4, 93859019, 109747325, 0, 4, 1403234043, 1
1, 2, 19, 4, 93859019, 109747325, 0, 3, 1133151438, 1
1, 2, 19, 4, 93859019, 109747325, 0, 2, 824681622, 1
1, 2, 19, 4, 93859019, 109747325, 0, 1, 1233512284, 1
1, 3, 19, 4, 109747326, 157982842, 0, 15, 832303123, 1
1, 3, 19, 4, 109747326, 157982842, 0, 14, 830240130, 1
1, 3, 19, 4, 109747326, 157982842, 0, 13, 835083865, 1
1, 3, 19, 4, 109747326, 157982842, 0, 12, 840734889, 1
1, 3, 19, 4, 109747326, 157982842, 0, 11, 826585989, 1
1, 3, 19, 4, 109747326, 157982842, 0, 10, 803535525, 1
1, 3, 19, 4, 109747326, 157982842, 0, 9, 807564852, 1
1, 3, 19, 4, 109747326, 157982842, 0, 8, 782509341, 1
1, 3, 19, 4, 109747326, 157982842, 0, 7, 731431429, 1
1, 3, 19, 4, 109747326, 157982842, 0, 6, 785368573, 1
1, 3, 19, 4, 109747326, 157982842, 0, 5, 876604416, 1
1, 3, 19, 4, 109747326, 157982842, 0, 4, 843152254, 1
1, 3, 19, 4, 109747326, 157982842, 0, 3, 816418776, 1
1, 3, 19, 4, 109747326, 157982842, 0, 2, 784687766, 1
1, 3, 19, 4, 109747326, 157982842, 0, 1, 349917324, 1
1, 4, 19, 4, 157982843, 178343010, 0, 15, 621896558, 1
1, 4, 19, 4, 157982843, 178343010, 0, 14, 632830548, 1
1, 4, 19, 4, 157982843, 178343010, 0, 13, 640605753, 1
1, 4, 19, 4, 157982843, 178343010, 0, 12, 649676825, 1
1, 4, 19, 4, 157982843, 178343010, 0, 11, 660397182, 1
1, 4, 19, 4, 157982843, 178343010, 0, 10, 673261612, 1
1, 4, 19, 4, 157982843, 178343010, 0, 9, 684918442, 1
1, 4, 19, 4, 157982843, 178343010, 0, 8, 685291193, 1
1, 4, 19, 4, 157982843, 178343010, 0, 7, 701608773, 1
1, 4, 19, 4, 157982843, 178343010, 0, 6, 705166197, 1
1, 4, 19, 4, 157982843, 178343010, 0, 5, 728486281, 1
1, 4, 19, 4, 157982843, 178343010, 0, 4, 711530638, 1
1, 4, 19, 4, 157982843, 178343010, 0, 3, 707479619, 1
1, 4, 19, 4, 157982843, 178343010, 0, 2, 739038375, 1
1, 4, 19, 4, 157982843, 178343010, 0, 1, 647201429, 1
1, 5, 19, 4, 178343011, 198158840, 0, 15, 917082143, 1
1, 5, 19, 4, 178343011, 198158840, 0, 14, 928355205, 1
1, 5, 19, 4, 178343011, 198158840, 0, 13, 936521646, 1
1, 5, 19, 4, 178343011, 198158840, 0, 12, 942999390, 1
1, 5, 19, 4, 178343011, 198158840, 0, 11, 953981928, 1
1, 5, 19, 4, 178343011, 198158840, 0, 10, 963501248, 1
1, 5, 19, 4, 178343011, 198158840, 0, 9, 975135972, 1
1, 5, 19, 4, 178343011, 198158840, 0, 8, 975481092, 1
1, 5, 19, 4, 178343011, 198158840, 0, 7, 991763146, 1
1, 5, 19, 4, 178343011, 198158840, 0, 6, 995273202, 1
1, 5, 19, 4, 178343011, 198158840, 0, 5, 1018526970, 1
1, 5, 19, 4, 178343011, 198158840, 0, 4, 1001969221, 1
1, 5, 19, 4, 178343011, 198158840, 0, 3, 997918202, 1
1, 5, 19, 4, 178343011, 198158840, 0, 2, 1029476958, 1
1, 5, 19, 4, 178343011, 198158840, 0, 1, 937640012, 1
1, 6, 19, 4, 198158841, 224921361, 0, 15, 1103085104, 1
1, 6, 19, 4, 198158841, 224921361, 0, 14, 1108278692, 1
1, 6, 19, 4, 198158841, 224921361, 0, 13, 1113431022, 1
1, 6, 19, 4, 198158841, 224921361, 0, 12, 1119442073, 1
1, 6, 19, 4, 198158841, 224921361, 0, 11, 1126546042, 1
1, 6, 19, 4, 198158841, 224921361, 0, 10, 1135070806, 1
1, 6, 19, 4, 198158841, 224921361, 0, 9, 1145489961, 1
1, 6, 19, 4, 198158841, 224921361, 0, 8, 1152144878, 1
1, 6, 19, 4, 198158841, 224921361, 0, 7, 1176476800, 1
1, 6, 19, 4, 198158841, 224921361, 0, 6, 1180354184, 1
1, 6, 19, 4, 198158841, 224921361, 0, 5, 1204122212, 1
1, 6, 19, 4, 198158841, 224921361, 0, 4, 1188335853, 1
1, 6, 19, 4, 198158841, 224921361, 0, 3, 1180427885, 1
1, 6, 19, 4, 198158841, 224921361, 0, 2, 1211986641, 1
1, 6, 19, 4, 198158841, 224921361, 0, 1, 1120149695, 1
1, 7, 19, 4, 224921362, 262504977, 0, 15, 1379531261, 1
1, 7, 19, 4, 224921362, 262504977, 0, 14, 1387141369, 1
1, 7, 19, 4, 224921362, 262504977, 0, 13, 1394649007, 1
1, 7, 19, 4, 224921362, 262504977, 0, 12, 1403407918, 1
1, 7, 19, 4, 224921362, 262504977, 0, 11, 1413759358, 1
1, 7, 19, 4, 224921362, 262504977, 0, 10, 1426181087, 1
1, 7, 19, 4, 224921362, 262504977, 0, 9, 1441363199, 1
1, 7, 19, 4, 224921362, 262504977, 0, 8, 1442376130, 1
1, 7, 19, 4, 224921362, 262504977, 0, 7, 1459454069, 1
1, 7, 19, 4, 224921362, 262504977, 0, 6, 1458136300, 1
1, 7, 19, 4, 224921362, 262504977, 0, 5, 1465517422, 1
1, 7, 19, 4, 224921362, 262504977, 0, 4, 1455448579, 1
1, 7, 19, 4, 224921362, 262504977, 0, 3, 1422908477, 1
1, 7, 19, 4, 224921362, 262504977, 0, 2, 1406123630, 1
1, 7, 19, 4, 224921362, 262504977, 0, 1, 1208941308, 1
1, 8, 19, 4, 262504978, 303024017, 0, 15, 1479420248, 1
1, 8, 19, 4, 262504978, 303024017, 0, 14, 1484119425, 1
1, 8, 19, 4, 262504978, 303024017, 0, 13, 1488557581, 1
1, 8, 19, 4, 262504978, 303024017, 0, 12, 1491680276, 1
1, 8, 19, 4, 262504978, 303024017, 0, 11, 1495370733, 1
1, 8, 19, 4, 262504978, 303024017, 0, 10, 1502265466, 1
1, 8, 19, 4, 262504978, 303024017, 0, 9, 1507952158, 1
1, 8, 19, 4, 262504978, 303024017, 0, 8, 1506829828, 1
1, 8, 19, 4, 262504978, 303024017, 0, 7, 1513560963, 1
1, 8, 19, 4, 262504978, 303024017, 0, 6, 1505162200, 1
1, 8, 19, 4, 262504978, 303024017, 0, 5, 1517259770, 1
1, 8, 19, 4, 262504978, 303024017, 0, 4, 1485906183, 1
1, 8, 19, 4, 262504978, 303024017, 0, 3, 1449598163, 1
1, 8, 19, 4, 262504978, 303024017, 0, 2, 1377717497, 1
1, 8, 19, 4, 262504978, 303024017, 0, 1, 1015247718, 1
1, 9, 19, 4, 303024018, 338937142, 0, 15, 1355115478, 1
1, 9, 19, 4, 303024018, 338937142, 0, 14, 1359814655, 1
1, 9, 19, 4, 303024018, 338937142, 0, 13, 1364252811, 1
1, 9, 19, 4, 303024018, 338937142, 0, 12, 1367375506, 1
1, 9, 19, 4, 303024018, 338937142, 0, 11, 1371065963, 1
1, 9, 19, 4, 303024018, 338937142, 0, 10, 1377960696, 1
1, 9, 19, 4, 303024018, 338937142, 0, 9, 1383647388, 1
1, 9, 19, 4, 303024018, 338937142, 0, 8, 1382525058, 1
1, 9, 19, 4, 303024018, 338937142, 0, 7, 1389256193, 1
1, 9, 19, 4, 303024018, 338937142, 0, 6, 1380857430, 1
1, 9, 19, 4, 303024018, 338937142, 0, 5, 1392955000, 1
1, 9, 19, 4, 303024018, 338937142, 0, 4, 1361601413, 1
1, 9, 19, 4, 303024018, 338937142, 0, 3, 1325293393, 1
1, 9, 19, 4, 303024018, 338937142, 0, 2, 1253412727, 1
1, 9, 19, 4, 303024018, 338937142, 0, 1, 890942948, 1
1, 10, 19, 4, 338937143, 373804993, 0, 15, 1597290654, 1
1, 10, 19, 4, 338937143, 373804993, 0, 14, 1583927038, 1
1, 10, 19, 4, 338937143, 373804993, 0, 13, 1564373772, 1
1, 10, 19, 4, 338937143, 373804993, 0, 12, 1574022588, 1
1, 10, 19, 4, 338937143, 373804993, 0, 11, 1554917833, 1
1, 10, 19, 4, 338937143, 373804993, 0, 10, 1565550818, 1
1, 10, 19, 4, 338937143, 373804993, 0, 9, 1578546688, 1
1, 10, 19, 4, 338937143, 373804993, 0, 8, 1577692898, 1
1, 10, 19, 4, 338937143, 373804993, 0, 7, 1540045697, 1
1, 10, 19, 4, 338937143, 373804993, 0, 6, 1527357173, 1
1, 10, 19, 4, 338937143, 373804993, 0, 5, 1539126659, 1
1, 10, 19, 4, 338937143, 373804993, 0, 4, 1507280946, 1
1, 10, 19, 4, 338937143, 373804993, 0, 3, 1470152715, 1
1, 10, 19, 4, 338937143, 373804993, 0, 2, 1396631628, 1
1, 10, 19, 4, 338937143, 373804993, 0, 1, 1029240588, 1
1, 11, 19, 4, 373804994, 439677984, 0, 15, 1636317136, 1
1, 11, 19, 4, 373804994, 439677984, 0, 14, 1641643772, 1
1, 11, 19, 4, 373804994, 439677984, 0, 13, 1645000391, 1
1, 11, 19, 4, 373804994, 439677984, 0, 12, 1648916446, 1
1, 11, 19, 4, 373804994, 439677984, 0, 11, 1648975348, 1
1, 11, 19, 4, 373804994, 439677984, 0, 10, 1649046030, 1
1, 11, 19, 4, 373804994, 439677984, 0, 9, 1654716953, 1
1, 11, 19, 4, 373804994, 439677984, 0, 8, 1650569577, 1
1, 11, 19, 4, 373804994, 439677984, 0, 7, 1655154827, 1
1, 11, 19, 4, 373804994, 439677984, 0, 6, 1636747868, 1
1, 11, 19, 4, 373804994, 439677984, 0, 5, 1640511545, 1
1, 11, 19, 4, 373804994, 439677984, 0, 4, 1596657118, 1
1, 11, 19, 4, 373804994, 439677984, 0, 3, 1539514365, 1
1, 11, 19, 4, 373804994, 439677984, 0, 2, 1388923726, 1
1, 11, 19, 4, 373804994, 439677984, 0, 1, 957775347, 1
1, 12, 19, 4, 439677985, 474261471, 0, 15, 1696107179, 1
1, 12, 19, 4, 439677985, 474261471, 0, 14, 1698969848, 1
1, 12, 19, 4, 439677985, 474261471, 0, 13, 1702553433, 1
1, 12, 19, 4, 439677985, 474261471, 0, 12, 1704360338, 1
1, 12, 19, 4, 439677985, 474261471, 0, 11, 1706495771, 1
1, 12, 19, 4, 439677985, 474261471, 0, 10, 1711907023, 1
1, 12, 19, 4, 439677985, 474261471, 0, 9, 1715355517, 1
1, 12, 19, 4, 439677985, 474261471, 0, 8, 1710112684, 1
1, 12, 19, 4, 439677985, 474261471, 0, 7, 1709470339, 1
1, 12, 19, 4, 439677985, 474261471, 0, 6, 1688288273, 1
1, 12, 19, 4, 439677985, 474261471, 0, 5, 1679240150, 1
1, 12, 19, 4, 439677985, 474261471, 0, 4, 1618406373, 1
1, 12, 19, 4, 439677985, 474261471, 0, 3, 1545554437, 1
1, 12, 19, 4, 439677985, 474261471, 0, 2, 1349635170, 1
1, 12, 19, 4, 439677985, 474261471, 0, 1, 870918182, 1
1, 13, 19, 4, 474261472, 564987907, 0, 15, 1865994996, 1
1, 13, 19, 4, 474261472, 564987907, 0, 14, 1869863622, 1
1, 13, 19, 4, 474261472, 564987907, 0, 13, 1874607927, 1
1, 13, 19, 4, 474261472, 564987907, 0, 12, 1877769004, 1
1, 13, 19, 4, 474261472, 564987907, 0, 11, 1878860592, 1
1, 13, 19, 4, 474261472, 564987907, 0, 10, 1885927884, 1
1, 13, 19, 4, 474261472, 564987907, 0, 9, 1852554385, 1
1, 13, 19, 4, 474261472, 564987907, 0, 8, 1807961621, 1
1, 13, 19, 4, 474261472, 564987907, 0, 7, 1799039921, 1
1, 13, 19, 4, 474261472, 564987907, 0, 6, 1766818716, 1
1, 13, 19, 4, 474261472, 564987907, 0, 5, 1742315797, 1
1, 13, 19, 4, 474261472, 564987907, 0, 4, 1658299827, 1
1, 13, 19, 4, 474261472, 564987907, 0, 3, 1546810903, 1
1, 13, 19, 4, 474261472, 564987907, 0, 2, 1273617658, 1
1, 13, 19, 4, 474261472, 564987907, 0, 1, 820048103, 1
1, 14, 19, 4, 564987908, 601424436, 0, 15, 1916245928, 1
1, 14, 19, 4, 564987908, 601424436, 0, 14, 1917537513, 1
1, 14, 19, 4, 564987908, 601424436, 0, 13, 1916442558, 1
1, 14, 19, 4, 564987908, 601424436, 0, 12, 1915165110, 1
1, 14, 19, 4, 564987908, 601424436, 0, 11, 1913655399, 1
1, 14, 19, 4, 564987908, 601424436, 0, 10, 1911843746, 1
1, 14, 19, 4, 564987908, 601424436, 0, 9, 1910842163, 1
1, 14, 19, 4, 564987908, 601424436, 0, 8, 1899128473, 1
1, 14, 19, 4, 564987908, 601424436, 0, 7, 1885653298, 1
1, 14, 19, 4, 564987908, 601424436, 0, 6, 1851979390, 1
1, 14, 19, 4, 564987908, 601424436, 0, 5, 1821974541, 1
1, 14, 19, 4, 564987908, 601424436, 0, 4, 1729705675, 1
1, 14, 19, 4, 564987908, 601424436, 0, 3, 1604461923, 1
1, 14, 19, 4, 564987908, 601424436, 0, 2, 1303759025, 1
1, 14, 19, 4, 564987908, 601424436, 0, 1, 881782362, 1
1, 15, 19, 4, 601424437, 653214591, 0, 15, 1939668217, 1
1, 15, 19, 4, 601424437, 653214591, 0, 14, 1937161207, 1
1, 15, 19, 4, 601424437, 653214591, 0, 13, 1931683259, 1
1, 15, 19, 4, 601424437, 653214591, 0, 12, 1925292319, 1
1, 15, 19, 4, 601424437, 653214591, 0, 11, 1921022474, 1
1, 15, 19, 4, 601424437, 653214591, 0, 10, 1912287268, 1
1, 15, 19, 4, 601424437, 653214591, 0, 9, 1902823564, 1
1, 15, 19, 4, 601424437, 653214591, 0, 8, 1883514856, 1
1, 15, 19, 4, 601424437, 653214591, 0, 7, 1865241314, 1
1, 15, 19, 4, 601424437, 653214591, 0, 6, 1825168424, 1
1, 15, 19, 4, 601424437, 653214591, 0, 5, 1779984094, 1
1, 15, 19, 4, 601424437, 653214591, 0, 4, 1676085510, 1
1, 15, 19, 4, 601424437, 653214591, 0, 3, 1518756911, 1
1, 15, 19, 4, 601424437, 653214591, 0, 2, 1156425527, 1
1, 15, 19, 4, 601424437, 653214591, 0, 1, 766127744, 1
1, 16, 19, 4, 653214592, 734397256, 0, 15, 1983867943, 1
1, 16, 19, 4, 653214592, 734397256, 0, 14, 1981669671, 1
1, 16, 19, 4, 653214592, 734397256, 0, 13, 1976574178, 1
1, 16, 19, 4, 653214592, 734397256, 0, 12, 1970629436, 1
1, 16, 19, 4, 653214592, 734397256, 0, 11, 1963901460, 1
1, 16, 19, 4, 653214592, 734397256, 0, 10, 1955500497, 1
1, 16, 19, 4, 653214592, 734397256, 0, 9, 1945232655, 1
1, 16, 19, 4, 653214592, 734397256, 0, 8, 1922178012, 1
1, 16, 19, 4, 653214592, 734397256, 0, 7, 1899088269, 1
1, 16, 19, 4, 653214592, 734397256, 0, 6, 1852593778, 1
1, 16, 19, 4, 653214592, 734397256, 0, 5, 1798419206, 1
1, 16, 19, 4, 653214592, 734397256, 0, 4, 1681035259, 1
1, 16, 19, 4, 653214592, 734397256, 0, 3, 1501231056, 1
1, 16, 19, 4, 653214592, 734397256, 0, 2, 1123177707, 1
1, 16, 19, 4, 653214592, 734397256, 0, 1, 730661582, 1
1, 17, 19, 4, 734397257, 797506293, 0, 15, 2025905161, 1
1, 17, 19, 4, 734397257, 797506293, 0, 14, 2021365416, 1
1, 17, 19, 4, 734397257, 797506293, 0, 13, 2015042352, 1
1, 17, 19, 4, 734397257, 797506293, 0, 12, 2007665445, 1
1, 17, 19, 4, 734397257, 797506293, 0, 11, 1998947282, 1
1, 17, 19, 4, 734397257, 797506293, 0, 10, 1988485486, 1
1, 17, 19, 4, 734397257, 797506293, 0, 9, 1975698847, 1
1, 17, 19, 4, 734397257, 797506293, 0, 8, 1949086471, 1
1, 17, 19, 4, 734397257, 797506293, 0, 7, 1921422499, 1
1, 17, 19, 4, 734397257, 797506293, 0, 6, 1868829035, 1
1, 17, 19, 4, 734397257, 797506293, 0, 5, 1806115903, 1
1, 17, 19, 4, 734397257, 797506293, 0, 4, 1675924115, 1
1, 17, 19, 4, 734397257, 797506293, 0, 3, 1474773510, 1
1, 17, 19, 4, 734397257, 797506293, 0, 2, 1109637001, 1
1, 17, 19, 4, 734397257, 797506293, 0, 1, 714146177, 1
1, 18, 19, 4, 797506294, 817402588, 0, 15, 2080815714, 1
1, 18, 19, 4, 797506294, 817402588, 0, 14, 2075040317, 1
1, 18, 19, 4, 797506294, 817402588, 0, 13, 2040851068, 1
1, 18, 19, 4, 797506294, 817402588, 0, 12, 2030278617, 1
1, 18, 19, 4, 797506294, 817402588, 0, 11, 2012896756, 1
1, 18, 19, 4, 797506294, 817402588, 0, 10, 1997173438, 1
1, 18, 19, 4, 797506294, 817402588, 0, 9, 1978223767, 1
1, 18, 19, 4, 797506294, 817402588, 0, 8, 1945907206, 1
1, 18, 19, 4, 797506294, 817402588, 0, 7, 1907793205, 1
1, 18, 19, 4, 797506294, 817402588, 0, 6, 1842235653, 1
1, 18, 19, 4, 797506294, 817402588, 0, 5, 1761372797, 1
1, 18, 19, 4, 797506294, 817402588, 0, 4, 1603956423, 1
1, 18, 19, 4, 797506294, 817402588, 0, 3, 1357431508, 1
1, 18, 19, 4, 797506294, 817402588, 0, 2, 969310421, 1
1, 18, 19, 4, 797506294, 817402588, 0, 1, 586059787, 1
1, 19, 19, 4, 817402589, 888698476, 0, 15, 2088531620, 1
1, 19, 19, 4, 817402589, 888698476, 0, 14, 2079635570, 1
1, 19, 19, 4, 817402589, 888698476, 0, 13, 2068720230, 1
1, 19, 19, 4, 817402589, 888698476, 0, 12, 2060523314, 1
1, 19, 19, 4, 817402589, 888698476, 0, 11, 2046311060, 1
1, 19, 19, 4, 817402589, 888698476, 0, 10, 2028788667, 1
1, 19, 19, 4, 817402589, 888698476, 0, 9, 2007892064, 1
1, 19, 19, 4, 817402589, 888698476, 0, 8, 1972858408, 1
1, 19, 19, 4, 817402589, 888698476, 0, 7, 1931250999, 1
1, 19, 19, 4, 817402589, 888698476, 0, 6, 1858484321, 1
1, 19, 19, 4, 817402589, 888698476, 0, 5, 1771792284, 1
1, 19, 19, 4, 817402589, 888698476, 0, 4, 1612478977, 1
1, 19, 19, 4, 817402589, 888698476, 0, 3, 1335500702, 1
1, 19, 19, 4, 817402589, 888698476, 0, 2, 989592447, 1
1, 19, 19, 4, 817402589, 888698476, 0, 1, 637464843, 1
1, 20, 19, 4, 888698477, 945573849, 0, 15, 2103670698, 1
1, 20, 19, 4, 888698477, 945573849, 0, 14, 2094667596, 1
1, 20, 19, 4, 888698477, 945573849, 0, 13, 2085296394, 1
1, 20, 19, 4, 888698477, 945573849, 0, 12, 2074363325, 1
1, 20, 19, 4, 888698477, 945573849, 0, 11, 2056917438, 1
1, 20, 19, 4, 888698477, 945573849, 0, 10, 2040959860, 1
1, 20, 19, 4, 888698477, 945573849, 0, 9, 2015925613, 1
1, 20, 19, 4, 888698477, 945573849, 0, 8, 1981269122, 1
1, 20, 19, 4, 888698477, 945573849, 0, 7, 1941822974, 1
1, 20, 19, 4, 888698477, 945573849, 0, 6, 1862583294, 1
1, 20, 19, 4, 888698477, 945573849, 0, 5, 1766829055, 1
1, 20, 19, 4, 888698477, 945573849, 0, 4, 1593922445, 1
1, 20, 19, 4, 888698477, 945573849, 0, 3, 1294288664, 1
1, 20, 19, 4, 888698477, 945573849, 0, 2, 952375419, 1
1, 20, 19, 4, 888698477, 945573849, 0, 1, 560119136, 1
1, 21, 19, 4, 945573850, 1016029138, 0, 15, 2106928130, 1
1, 21, 19, 4, 945573850, 1016029138, 0, 14, 2096463151, 1
1, 21, 19, 4, 945573850, 1016029138, 0, 13, 2082713067, 1
1, 21, 19, 4, 945573850, 1016029138, 0, 12, 2066671303, 1
1, 21, 19, 4, 945573850, 1016029138, 0, 11, 2047712854, 1
1, 21, 19, 4, 945573850, 1016029138, 0, 10, 2024962716, 1
1, 21, 19, 4, 945573850, 1016029138, 0, 9, 2033211539, 1
1, 21, 19, 4, 945573850, 1016029138, 0, 8, 1993375660, 1
1, 21, 19, 4, 945573850, 1016029138, 0, 7, 1947270301, 1
1, 21, 19, 4, 945573850, 1016029138, 0, 6, 1862402138, 1
1, 21, 19, 4, 945573850, 1016029138, 0, 5, 1756537501, 1
1, 21, 19, 4, 945573850, 1016029138, 0, 4, 1572083535, 1
1, 21, 19, 4, 945573850, 1016029138, 0, 3, 1281163232, 1
1, 21, 19, 4, 945573850, 1016029138, 0, 2, 938608208, 1
1, 21, 19, 4, 945573850, 1016029138, 0, 1, 618840157, 1
1, 22, 19, 4, 1016029139, 1083082887, 0, 15, 2103037391, 1
1, 22, 19, 4, 1016029139, 1083082887, 0, 14, 2087945433, 1
1, 22, 19, 4, 1016029139, 1083082887, 0, 13, 2068982072, 1
1, 22, 19, 4, 1016029139, 1083082887, 0, 12, 2046768921, 1
1, 22, 19, 4, 1016029139, 1083082887, 0, 11, 2021035249, 1
1, 22, 19, 4, 1016029139, 1083082887, 0, 10, 1989691861, 1
1, 22, 19, 4, 1016029139, 1083082887, 0, 9, 2009473438, 1
1, 22, 19, 4, 1016029139, 1083082887, 0, 8, 1959883186, 1
1, 22, 19, 4, 1016029139, 1083082887, 0, 7, 1900528203, 1
1, 22, 19, 4, 1016029139, 1083082887, 0, 6, 1797993876, 1
1, 22, 19, 4, 1016029139, 1083082887, 0, 5, 1667396609, 1
1, 22, 19, 4, 1016029139, 1083082887, 0, 4, 1541744120, 1
1, 22, 19, 4, 1016029139, 1083082887, 0, 3, 1258048443, 1
1, 22, 19, 4, 1016029139, 1083082887, 0, 2, 924284835, 1
1, 22, 19, 4, 1016029139, 1083082887, 0, 1, 575895350, 1
1, 23, 19, 4, 1083082888, 1137459423, 0, 15, 2196987476, 1
1, 23, 19, 4, 1083082888, 1137459423, 0, 14, 2183083488, 1
1, 23, 19, 4, 1083082888, 1137459423, 0, 13, 2136990407, 1
1, 23, 19, 4, 1083082888, 1137459423, 0, 12, 2084282634, 1
1, 23, 19, 4, 1083082888, 1137459423, 0, 11, 2054930346, 1
1, 23, 19, 4, 1083082888, 1137459423, 0, 10, 2019137542, 1
1, 23, 19, 4, 1083082888, 1137459423, 0, 9, 2033599918, 1
1, 23, 19, 4, 1083082888, 1137459423, 0, 8, 1977360665, 1
1, 23, 19, 4, 1083082888, 1137459423, 0, 7, 1910630991, 1
1, 23, 19, 4, 1083082888, 1137459423, 0, 6, 1803040026, 1
1, 23, 19, 4, 1083082888, 1137459423, 0, 5, 1663901300, 1
1, 23, 19, 4, 1083082888, 1137459423, 0, 4, 1518045360, 1
1, 23, 19, 4, 1083082888, 1137459423, 0, 3, 1205818270, 1
1, 23, 19, 4, 1083082888, 1137459423, 0, 2, 927068711, 1
1, 23, 19, 4, 1083082888, 1137459423, 0, 1, 601079381, 1
1, 24, 19, 4, 1137459424, 1197213037, 0, 15, 2120124777, 1
1, 24, 19, 4, 1137459424, 1197213037, 0, 14, 2101100400, 1
1, 24, 19, 4, 1137459424, 1197213037, 0, 13, 2075921325, 1
1, 24, 19, 4, 1137459424, 1197213037, 0, 12, 2046545736, 1
1, 24, 19, 4, 1137459424, 1197213037, 0, 11, 2011089960, 1
1, 24, 19, 4, 1137459424, 1197213037, 0, 10, 2003901454, 1
1, 24, 19, 4, 1137459424, 1197213037, 0, 9, 2013529484, 1
1, 24, 19, 4, 1137459424, 1197213037, 0, 8, 1948756941, 1
1, 24, 19, 4, 1137459424, 1197213037, 0, 7, 1874902366, 1
1, 24, 19, 4, 1137459424, 1197213037, 0, 6, 1757811534, 1
1, 24, 19, 4, 1137459424, 1197213037, 0, 5, 1605372994, 1
1, 24, 19, 4, 1137459424, 1197213037, 0, 4, 1439567334, 1
1, 24, 19, 4, 1137459424, 1197213037, 0, 3, 1157444419, 1
1, 24, 19, 4, 1137459424, 1197213037, 0, 2, 859329299, 1
1, 24, 19, 4, 1137459424, 1197213037, 0, 1, 568266977, 1
1, 25, 19, 4, 1197213038, 1292760939, 0, 15, 2167715322, 1
1, 25, 19, 4, 1197213038, 1292760939, 0, 14, 2148270454, 1
1, 25, 19, 4, 1197213038, 1292760939, 0, 13, 2123222447, 1
1, 25, 19, 4, 1197213038, 1292760939, 0, 12, 2093999772, 1
1, 25, 19, 4, 1197213038, 1292760939, 0, 11, 2060963148, 1
1, 25, 19, 4, 1197213038, 1292760939, 0, 10, 2071055077, 1
1, 25, 19, 4, 1197213038, 1292760939, 0, 9, 2073541120, 1
1, 25, 19, 4, 1197213038, 1292760939, 0, 8, 2015566480, 1
1, 25, 19, 4, 1197213038, 1292760939, 0, 7, 1946880497, 1
1, 25, 19, 4, 1197213038, 1292760939, 0, 6, 1826875003, 1
1, 25, 19, 4, 1197213038, 1292760939, 0, 5, 1670989343, 1
1, 25, 19, 4, 1197213038, 1292760939, 0, 4, 1433448032, 1
1, 25, 19, 4, 1197213038, 1292760939, 0, 3, 1157747922, 1
1, 25, 19, 4, 1197213038, 1292760939, 0, 2, 871511242, 1
1, 25, 19, 4, 1197213038, 1292760939, 0, 1, 584305590, 1
1, 26, 19, 4, 1292760940, 1374266315, 0, 15, 2205274179, 1
1, 26, 19, 4, 1292760940, 1374266315, 0, 14, 2190423391, 1
1, 26, 19, 4, 1292760940, 1374266315, 0, 13, 2167185195, 1
1, 26, 19, 4, 1292760940, 1374266315, 0, 12, 2140762095, 1
1, 26, 19, 4, 1292760940, 1374266315, 0, 11, 2108784109, 1
1, 26, 19, 4, 1292760940, 1374266315, 0, 10, 2036820532, 1
1, 26, 19, 4, 1292760940, 1374266315, 0, 9, 2051966629, 1
1, 26, 19, 4, 1292760940, 1374266315, 0, 8, 1991077270, 1
1, 26, 19, 4, 1292760940, 1374266315, 0, 7, 1913876071, 1
1, 26, 19, 4, 1292760940, 1374266315, 0, 6, 1787764436, 1
1, 26, 19, 4, 1292760940, 1374266315, 0, 5, 1617033203, 1
1, 26, 19, 4, 1292760940, 1374266315, 0, 4, 1356858452, 1
1, 26, 19, 4, 1292760940, 1374266315, 0, 3, 1088582400, 1
1, 26, 19, 4, 1292760940, 1374266315, 0, 2, 822050544, 1
1, 26, 19, 4, 1292760940, 1374266315, 0, 1, 542037038, 1
1, 27, 19, 4, 1374266316, 1486773653, 0, 15, 2182004211, 1
1, 27, 19, 4, 1374266316, 1486773653, 0, 14, 2157257494, 1
1, 27, 19, 4, 1374266316, 1486773653, 0, 13, 2127943739, 1
1, 27, 19, 4, 1374266316, 1486773653, 0, 12, 2096505588, 1
1, 27, 19, 4, 1374266316, 1486773653, 0, 11, 2056339158, 1
1, 27, 19, 4, 1374266316, 1486773653, 0, 10, 2052759106, 1
1, 27, 19, 4, 1374266316, 1486773653, 0, 9, 2004883182, 1
1, 27, 19, 4, 1374266316, 1486773653, 0, 8, 1932646867, 1
1, 27, 19, 4, 1374266316, 1486773653, 0, 7, 1839124689, 1
1, 27, 19, 4, 1374266316, 1486773653, 0, 6, 1729255144, 1
1, 27, 19, 4, 1374266316, 1486773653, 0, 5, 1541817429, 1
1, 27, 19, 4, 1374266316, 1486773653, 0, 4, 1283712634, 1
1, 27, 19, 4, 1374266316, 1486773653, 0, 3, 1028958887, 1
1, 27, 19, 4, 1374266316, 1486773653, 0, 2, 781997690, 1
1, 27, 19, 4, 1374266316, 1486773653, 0, 1, 536017239, 1
1, 28, 19, 4, 1486773654, 1557161217, 0, 15, 2189220345, 1
1, 28, 19, 4, 1486773654, 1557161217, 0, 14, 2170265926, 1
1, 28, 19, 4, 1486773654, 1557161217, 0, 13, 2144069971, 1
1, 28, 19, 4, 1486773654, 1557161217, 0, 12, 2115629976, 1
1, 28, 19, 4, 1486773654, 1557161217, 0, 11, 2079704215, 1
1, 28, 19, 4, 1486773654, 1557161217, 0, 10, 2013188177, 1
1, 28, 19, 4, 1486773654, 1557161217, 0, 9, 1978524708, 1
1, 28, 19, 4, 1486773654, 1557161217, 0, 8, 1904780586, 1
1, 28, 19, 4, 1486773654, 1557161217, 0, 7, 1818367384, 1
1, 28, 19, 4, 1486773654, 1557161217, 0, 6, 1683843021, 1
1, 28, 19, 4, 1486773654, 1557161217, 0, 5, 1489666692, 1
1, 28, 19, 4, 1486773654, 1557161217, 0, 4, 1234424877, 1
1, 28, 19, 4, 1486773654, 1557161217, 0, 3, 989603382, 1
1, 28, 19, 4, 1486773654, 1557161217, 0, 2, 739951444, 1
1, 28, 19, 4, 1486773654, 1557161217, 0, 1, 495205634, 1
1, 29, 19, 4, 1557161218, 1651409576, 0, 15, 2178044401, 1
1, 29, 19, 4, 1557161218, 1651409576, 0, 14, 2153953379, 1
1, 29, 19, 4, 1557161218, 1651409576, 0, 13, 2124545448, 1
1, 29, 19, 4, 1557161218, 1651409576, 0, 12, 2117950506, 1
1, 29, 19, 4, 1557161218, 1651409576, 0, 11, 2079725646, 1
1, 29, 19, 4, 1557161218, 1651409576, 0, 10, 2035717922, 1
1, 29, 19, 4, 1557161218, 1651409576, 0, 9, 1980102527, 1
1, 29, 19, 4, 1557161218, 1651409576, 0, 8, 1909983733, 1
1, 29, 19, 4, 1557161218, 1651409576, 0, 7, 1816357361, 1
1, 29, 19, 4, 1557161218, 1651409576, 0, 6, 1666117274, 1
1, 29, 19, 4, 1557161218, 1651409576, 0, 5, 1458629348, 1
1, 29, 19, 4, 1557161218, 1651409576, 0, 4, 1205609089, 1
1, 29, 19, 4, 1557161218, 1651409576, 0, 3, 973421734, 1
1, 29, 19, 4, 1557161218, 1651409576, 0, 2, 731160902, 1
1, 29, 19, 4, 1557161218, 1651409576, 0, 1, 484821449, 1
1, 30, 19, 4, 1651409577, 1793798229, 0, 15, 2140784904, 1
1, 30, 19, 4, 1651409577, 1793798229, 0, 14, 2111977741, 1
1, 30, 19, 4, 1651409577, 1793798229, 0, 13, 2107320840, 1
1, 30, 19, 4, 1651409577, 1793798229, 0, 12, 2048217783, 1
1, 30, 19, 4, 1651409577, 1793798229, 0, 11, 2028682228, 1
1, 30, 19, 4, 1651409577, 1793798229, 0, 10, 1974973877, 1
1, 30, 19, 4, 1651409577, 1793798229, 0, 9, 1909330338, 1
1, 30, 19, 4, 1651409577, 1793798229, 0, 8, 1895625268, 1
1, 30, 19, 4, 1651409577, 1793798229, 0, 7, 1801707821, 1
1, 30, 19, 4, 1651409577, 1793798229, 0, 6, 1646067809, 1
1, 30, 19, 4, 1651409577, 1793798229, 0, 5, 1429436630, 1
1, 30, 19, 4, 1651409577, 1793798229, 0, 4, 1188292796, 1
1, 30, 19, 4, 1651409577, 1793798229, 0, 3, 951856891, 1
1, 30, 19, 4, 1651409577, 1793798229, 0, 2, 699503273, 1
1, 30, 19, 4, 1651409577, 1793798229, 0, 1, 487027551, 1
1, 31, 19, 4, 1793798230, 1938888922, 0, 15, 2047674114, 1
1, 31, 19, 4, 1793798230, 1938888922, 0, 14, 2011332009, 1
1, 31, 19, 4, 1793798230, 1938888922, 0, 13, 2010370506, 1
1, 31, 19, 4, 1793798230, 1938888922, 0, 12, 1993464213, 1
1, 31, 19, 4, 1793798230, 1938888922, 0, 11, 1988330488, 1
1, 31, 19, 4, 1793798230, 1938888922, 0, 10, 1931418436, 1
1, 31, 19, 4, 1793798230, 1938888922, 0, 9, 1858468439, 1
1, 31, 19, 4, 1793798230, 1938888922, 0, 8, 1816245885, 1
1, 31, 19, 4, 1793798230, 1938888922, 0, 7, 1702509824, 1
1, 31, 19, 4, 1793798230, 1938888922, 0, 6, 1526710802, 1
1, 31, 19, 4, 1793798230, 1938888922, 0, 5, 1333168716, 1
1, 31, 19, 4, 1793798230, 1938888922, 0, 4, 1105273700, 1
1, 31, 19, 4, 1793798230, 1938888922, 0, 3, 878683001, 1
1, 31, 19, 4, 1793798230, 1938888922, 0, 2, 664268144, 1
1, 31, 19, 4, 1793798230, 1938888922, 0, 1, 451093788, 1
1, 32, 19, 4, 1938888923, 2038134086, 0, 15, 2091181151, 1
1, 32, 19, 4, 1938888923, 2038134086, 0, 14, 2057196964, 1
1, 32, 19, 4, 1938888923, 2038134086, 0, 13, 2051259513, 1
1, 32, 19, 4, 1938888923, 2038134086, 0, 12, 2005580572, 1
1, 32, 19, 4, 1938888923, 2038134086, 0, 11, 1990517043, 1
1, 32, 19, 4, 1938888923, 2038134086, 0, 10, 1937432298, 1
1, 32, 19, 4, 1938888923, 2038134086, 0, 9, 1864500496, 1
1, 32, 19, 4, 1938888923, 2038134086, 0, 8, 1822772724, 1
1, 32, 19, 4, 1938888923, 2038134086, 0, 7, 1702182089, 1
1, 32, 19, 4, 1938888923, 2038134086, 0, 6, 1522653088, 1
1, 32, 19, 4, 1938888923, 2038134086, 0, 5, 1318404056, 1
1, 32, 19, 4, 1938888923, 2038134086, 0, 4, 1092565676, 1
1, 32, 19, 4, 1938888923, 2038134086, 0, 3, 872474228, 1
1, 32, 19, 4, 1938888923, 2038134086, 0, 2, 661128661, 1
1, 32, 19, 4, 1938888923, 2038134086, 0, 1, 453085145, 1
1, 33, 19, 4, 2038134087, 2213213882, 0, 15, 2126548109, 1
1, 33, 19, 4, 2038134087, 2213213882, 0, 14, 2092688336, 1
1, 33, 19, 4, 2038134087, 2213213882, 0, 13, 2079632405, 1
1, 33, 19, 4, 2038134087, 2213213882, 0, 12, 2037244403, 1
1, 33, 19, 4, 2038134087, 2213213882, 0, 11, 2019610362, 1
1, 33, 19, 4, 2038134087, 2213213882, 0, 10, 1962742556, 1
1, 33, 19, 4, 2038134087, 2213213882, 0, 9, 1893237459, 1
1, 33, 19, 4, 2038134087, 2213213882, 0, 8, 1830255746, 1
1, 33, 19, 4, 2038134087, 2213213882, 0, 7, 1714594581, 1
1, 33, 19, 4, 2038134087, 2213213882, 0, 6, 1536789286, 1
1, 33, 19, 4, 2038134087, 2213213882, 0, 5, 1317695526, 1
1, 33, 19, 4, 2038134087, 2213213882, 0, 4, 1093609477, 1
1, 33, 19, 4, 2038134087, 2213213882, 0, 3, 877806978, 1
1, 33, 19, 4, 2038134087, 2213213882, 0, 2, 644883048, 1
1, 33, 19, 4, 2038134087, 2213213882, 0, 1, 437131400, 1
1, 34, 19, 4, 2213213883, 2225766520, 0, 15, 2166169700, 1
1, 34, 19, 4, 2213213883, 2225766520, 0, 14, 2135717701, 1
1, 34, 19, 4, 2213213883, 2225766520, 0, 13, 2101667506, 1
1, 34, 19, 4, 2213213883, 2225766520, 0, 12, 2061256250, 1
1, 34, 19, 4, 2213213883, 2225766520, 0, 11, 2012416061, 1
1, 34, 19, 4, 2213213883, 2225766520, 0, 10, 1955376547, 1
1, 34, 19, 4, 2213213883, 2225766520, 0, 9, 1886513329, 1
1, 34, 19, 4, 2213213883, 2225766520, 0, 8, 1794228833, 1
1, 34, 19, 4, 2213213883, 2225766520, 0, 7, 1673661801, 1
1, 34, 19, 4, 2213213883, 2225766520, 0, 6, 1490562819, 1
1, 34, 19, 4, 2213213883, 2225766520, 0, 5, 1277264679, 1
1, 34, 19, 4, 2213213883, 2225766520, 0, 4, 1052360918, 1
1, 34, 19, 4, 2213213883, 2225766520, 0, 3, 845122213, 1
1, 34, 19, 4, 2213213883, 2225766520, 0, 2, 617602396, 1
1, 34, 19, 4, 2213213883, 2225766520, 0, 1, 384255936, 1
1, 35, 19, 4, 2225766521, 2238315334, 0, 15, 2098083705, 1
1, 35, 19, 4, 2225766521, 2238315334, 0, 14, 2067631706, 1
1, 35, 19, 4, 2225766521, 2238315334, 0, 13, 2033581511, 1
1, 35, 19, 4, 2225766521, 2238315334, 0, 12, 1993170255, 1
1, 35, 19, 4, 2225766521, 2238315334, 0, 11, 1944330066, 1
1, 35, 19, 4, 2225766521, 2238315334, 0, 10, 1887290552, 1
1, 35, 19, 4, 2225766521, 2238315334, 0, 9, 1818427334, 1
1, 35, 19, 4, 2225766521, 2238315334, 0, 8, 1726142838, 1
1, 35, 19, 4, 2225766521, 2238315334, 0, 7, 1605575806, 1
1, 35, 19, 4, 2225766521, 2238315334, 0, 6, 1422476824, 1
1, 35, 19, 4, 2225766521, 2238315334, 0, 5, 1209178684, 1
1, 35, 19, 4, 2225766521, 2238315334, 0, 4, 984274923, 1
1, 35, 19, 4, 2225766521, 2238315334, 0, 3, 777036218, 1
1, 35, 19, 4, 2225766521, 2238315334, 0, 2, 549516401, 1
1, 35, 19, 4, 2225766521, 2238315334, 0, 1, 316169941, 1
1, 36, 19, 4, 2238315335, 2473493916, 0, 15, 2183729436, 1
1, 36, 19, 4, 2238315335, 2473493916, 0, 14, 2153685406, 1
1, 36, 19, 4, 2238315335, 2473493916, 0, 13, 2118034268, 1
1, 36, 19, 4, 2238315335, 2473493916, 0, 12, 2076441274, 1
1, 36, 19, 4, 2238315335, 2473493916, 0, 11, 2027285917, 1
1, 36, 19, 4, 2238315335, 2473493916, 0, 10, 1968299489, 1
1, 36, 19, 4, 2238315335, 2473493916, 0, 9, 1896204966, 1
1, 36, 19, 4, 2238315335, 2473493916, 0, 8, 1796309964, 1
1, 36, 19, 4, 2238315335, 2473493916, 0, 7, 1673137618, 1
1, 36, 19, 4, 2238315335, 2473493916, 0, 6, 1484482434, 1
1, 36, 19, 4, 2238315335, 2473493916, 0, 5, 1271035305, 1
1, 36, 19, 4, 2238315335, 2473493916, 0, 4, 1056404772, 1
1, 36, 19, 4, 2238315335, 2473493916, 0, 3, 853022273, 1
1, 36, 19, 4, 2238315335, 2473493916, 0, 2, 629090615, 1
1, 36, 19, 4, 2238315335, 2473493916, 0, 1, 426260625, 1
1, 37, 19, 4, 2473493917, 2850381212, 0, 15, 2132465422, 1
1, 37, 19, 4, 2473493917, 2850381212, 0, 14, 2100629013, 1
1, 37, 19, 4, 2473493917, 2850381212, 0, 13, 2061984200, 1
1, 37, 19, 4, 2473493917, 2850381212, 0, 12, 2016898585, 1
1, 37, 19, 4, 2473493917, 2850381212, 0, 11, 1963615585, 1
1, 37, 19, 4, 2473493917, 2850381212, 0, 10, 1899675986, 1
1, 37, 19, 4, 2473493917, 2850381212, 0, 9, 1821527586, 1
1, 37, 19, 4, 2473493917, 2850381212, 0, 8, 1715404955, 1
1, 37, 19, 4, 2473493917, 2850381212, 0, 7, 1583675625, 1
1, 37, 19, 4, 2473493917, 2850381212, 0, 6, 1394506475, 1
1, 37, 19, 4, 2473493917, 2850381212, 0, 5, 1199083063, 1
1, 37, 19, 4, 2473493917, 2850381212, 0, 4, 998525693, 1
1, 37, 19, 4, 2473493917, 2850381212, 0, 3, 795738839, 1
1, 37, 19, 4, 2473493917, 2850381212, 0, 2, 582157640, 1
1, 37, 19, 4, 2473493917, 2850381212, 0, 1, 371125555, 1
1, 38, 19, 4, 2850381213, 2861724979, 0, 15, 2096600464, 1
1, 38, 19, 4, 2850381213, 2861724979, 0, 14, 2062180732, 1
1, 38, 19, 4, 2850381213, 2861724979, 0, 13, 2023851896, 1
1, 38, 19, 4, 2850381213, 2861724979, 0, 12, 1979134922, 1
1, 38, 19, 4, 2850381213, 2861724979, 0, 11, 1926287588, 1
1, 38, 19, 4, 2850381213, 2861724979, 0, 10, 1862870787, 1
1, 38, 19, 4, 2850381213, 2861724979, 0, 9, 1786847143, 1
1, 38, 19, 4, 2850381213, 2861724979, 0, 8, 1681190319, 1
1, 38, 19, 4, 2850381213, 2861724979, 0, 7, 1547274238, 1
1, 38, 19, 4, 2850381213, 2861724979, 0, 6, 1361341270, 1
1, 38, 19, 4, 2850381213, 2861724979, 0, 5, 1159237802, 1
1, 38, 19, 4, 2850381213, 2861724979, 0, 4, 965482676, 1
1, 38, 19, 4, 2850381213, 2861724979, 0, 3, 767215980, 1
1, 38, 19, 4, 2850381213, 2861724979, 0, 2, 565106786, 1
1, 38, 19, 4, 2850381213, 2861724979, 0, 1, 370205621, 1
1, 39, 19, 4, 2861724980, 3086987723, 0, 15, 2069331887, 1
1, 39, 19, 4, 2861724980, 3086987723, 0, 14, 2070276705, 1
1, 39, 19, 4, 2861724980, 3086987723, 0, 13, 2032294905, 1
1, 39, 19, 4, 2861724980, 3086987723, 0, 12, 1987982805, 1
1, 39, 19, 4, 2861724980, 3086987723, 0, 11, 1935613960, 1
1, 39, 19, 4, 2861724980, 3086987723, 0, 10, 1872771346, 1
1, 39, 19, 4, 2861724980, 3086987723, 0, 9, 1797449486, 1
1, 39, 19, 4, 2861724980, 3086987723, 0, 8, 1714244928, 1
1, 39, 19, 4, 2861724980, 3086987723, 0, 7, 1550858745, 1
1, 39, 19, 4, 2861724980, 3086987723, 0, 6, 1364925777, 1
1, 39, 19, 4, 2861724980, 3086987723, 0, 5, 1162822309, 1
1, 39, 19, 4, 2861724980, 3086987723, 0, 4, 969067183, 1
1, 39, 19, 4, 2861724980, 3086987723, 0, 3, 770800487, 1
1, 39, 19, 4, 2861724980, 3086987723, 0, 2, 568691293, 1
1, 39, 19, 4, 2861724980, 3086987723, 0, 1, 373790128, 1
1, 40, 19, 4, 3086987724, 3370430768, 0, 15, 2060876893, 1
1, 40, 19, 4, 3086987724, 3370430768, 0, 14, 2049870057, 1
1, 40, 19, 4, 3086987724, 3370430768, 0, 13, 2010123492, 1
1, 40, 19, 4, 3086987724, 3370430768, 0, 12, 1963752500, 1
1, 40, 19, 4, 3086987724, 3370430768, 0, 11, 1908950418, 1
1, 40, 19, 4, 3086987724, 3370430768, 0, 10, 1843187919, 1
1, 40, 19, 4, 3086987724, 3370430768, 0, 9, 1762811532, 1
1, 40, 19, 4, 3086987724, 3370430768, 0, 8, 1652786899, 1
1, 40, 19, 4, 3086987724, 3370430768, 0, 7, 1511037157, 1
1, 40, 19, 4, 3086987724, 3370430768, 0, 6, 1317836003, 1
1, 40, 19, 4, 3086987724, 3370430768, 0, 5, 1168089622, 1
1, 40, 19, 4, 3086987724, 3370430768, 0, 4, 974777932, 1
1, 40, 19, 4, 3086987724, 3370430768, 0, 3, 789278636, 1
1, 40, 19, 4, 3086987724, 3370430768, 0, 2, 583299111, 1
1, 40, 19, 4, 3086987724, 3370430768, 0, 1, 385124552, 1
1, 41, 19, 4, 3370430769, 3381957972, 0, 15, 2037102306, 1
1, 41, 19, 4, 3370430769, 3381957972, 0, 14, 2024711914, 1
1, 41, 19, 4, 3370430769, 3381957972, 0, 13, 1983992831, 1
1, 41, 19, 4, 3370430769, 3381957972, 0, 12, 1936487233, 1
1, 41, 19, 4, 3370430769, 3381957972, 0, 11, 1880344254, 1
1, 41, 19, 4, 3370430769, 3381957972, 0, 10, 1811540237, 1
1, 41, 19, 4, 3370430769, 3381957972, 0, 9, 1727446439, 1
1, 41, 19, 4, 3370430769, 3381957972, 0, 8, 1615442480, 1
1, 41, 19, 4, 3370430769, 3381957972, 0, 7, 1469791578, 1
1, 41, 19, 4, 3370430769, 3381957972, 0, 6, 1277618378, 1
1, 41, 19, 4, 3370430769, 3381957972, 0, 5, 1151627715, 1
1, 41, 19, 4, 3370430769, 3381957972, 0, 4, 955301750, 1
1, 41, 19, 4, 3370430769, 3381957972, 0, 3, 764778664, 1
1, 41, 19, 4, 3370430769, 3381957972, 0, 2, 566707092, 1
1, 41, 19, 4, 3370430769, 3381957972, 0, 1, 380719743, 1
1, 42, 19, 4, 3381957973, 3395522237, 0, 15, 1975528512, 1
1, 42, 19, 4, 3381957973, 3395522237, 0, 14, 1948655357, 1
1, 42, 19, 4, 3381957973, 3395522237, 0, 13, 1909648350, 1
1, 42, 19, 4, 3381957973, 3395522237, 0, 12, 1864140176, 1
1, 42, 19, 4, 3381957973, 3395522237, 0, 11, 1810357789, 1
1, 42, 19, 4, 3381957973, 3395522237, 0, 10, 1744386482, 1
1, 42, 19, 4, 3381957973, 3395522237, 0, 9, 1663754885, 1
1, 42, 19, 4, 3381957973, 3395522237, 0, 8, 1556078678, 1
1, 42, 19, 4, 3381957973, 3395522237, 0, 7, 1415992027, 1
1, 42, 19, 4, 3381957973, 3395522237, 0, 6, 1207202279, 1
1, 42, 19, 4, 3381957973, 3395522237, 0, 5, 1053314150, 1
1, 42, 19, 4, 3381957973, 3395522237, 0, 4, 856988185, 1
1, 42, 19, 4, 3381957973, 3395522237, 0, 3, 666465099, 1
1, 42, 19, 4, 3381957973, 3395522237, 0, 2, 468393527, 1
1, 42, 19, 4, 3381957973, 3395522237, 0, 1, 282406178, 1
1, 43, 19, 4, 3395522238, 3406457732, 0, 15, 2063468497, 1
1, 43, 19, 4, 3395522238, 3406457732, 0, 14, 2035601933, 1
1, 43, 19, 4, 3395522238, 3406457732, 0, 13, 1995448685, 1
1, 43, 19, 4, 3395522238, 3406457732, 0, 12, 1948603229, 1
1, 43, 19, 4, 3395522238, 3406457732, 0, 11, 1893240417, 1
1, 43, 19, 4, 3395522238, 3406457732, 0, 10, 1825372602, 1
1, 43, 19, 4, 3395522238, 3406457732, 0, 9, 1742423049, 1
1, 43, 19, 4, 3395522238, 3406457732, 0, 8, 1631849398, 1
1, 43, 19, 4, 3395522238, 3406457732, 0, 7, 1487138601, 1
1, 43, 19, 4, 3395522238, 3406457732, 0, 6, 1308723875, 1
1, 43, 19, 4, 3395522238, 3406457732, 0, 5, 1155161867, 1
1, 43, 19, 4, 3395522238, 3406457732, 0, 4, 958835902, 1
1, 43, 19, 4, 3395522238, 3406457732, 0, 3, 768312816, 1
1, 43, 19, 4, 3395522238, 3406457732, 0, 2, 570241244, 1
1, 43, 19, 4, 3395522238, 3406457732, 0, 1, 384253895, 1
1, 44, 19, 4, 3406457733, 3421737435, 0, 15, 1992620952, 1
1, 44, 19, 4, 3406457733, 3421737435, 0, 14, 1964711163, 1
1, 44, 19, 4, 3406457733, 3421737435, 0, 13, 1924508041, 1
1, 44, 19, 4, 3406457733, 3421737435, 0, 12, 1877604399, 1
1, 44, 19, 4, 3406457733, 3421737435, 0, 11, 1822172822, 1
1, 44, 19, 4, 3406457733, 3421737435, 0, 10, 1754222487, 1
1, 44, 19, 4, 3406457733, 3421737435, 0, 9, 1671172078, 1
1, 44, 19, 4, 3406457733, 3421737435, 0, 8, 1560472357, 1
1, 44, 19, 4, 3406457733, 3421737435, 0, 7, 1416896194, 1
1, 44, 19, 4, 3406457733, 3421737435, 0, 6, 1238481468, 1
1, 44, 19, 4, 3406457733, 3421737435, 0, 5, 1084919460, 1
1, 44, 19, 4, 3406457733, 3421737435, 0, 4, 888593495, 1
1, 44, 19, 4, 3406457733, 3421737435, 0, 3, 698070409, 1
1, 44, 19, 4, 3406457733, 3421737435, 0, 2, 499998837, 1
1, 44, 19, 4, 3406457733, 3421737435, 0, 1, 314011488, 1
1, 45, 19, 4, 3421737436, 3433192622, 0, 15, 2082076985, 1
1, 45, 19, 4, 3421737436, 3433192622, 0, 14, 2027300515, 1
1, 45, 19, 4, 3421737436, 3433192622, 0, 13, 1987097393, 1
1, 45, 19, 4, 3421737436, 3433192622, 0, 12, 1940193751, 1
1, 45, 19, 4, 3421737436, 3433192622, 0, 11, 1884762174, 1
1, 45, 19, 4, 3421737436, 3433192622, 0, 10, 1816811839, 1
1, 45, 19, 4, 3421737436, 3433192622, 0, 9, 1733761430, 1
1, 45, 19, 4, 3421737436, 3433192622, 0, 8, 1623061709, 1
1, 45, 19, 4, 3421737436, 3433192622, 0, 7, 1479485546, 1
1, 45, 19, 4, 3421737436, 3433192622, 0, 6, 1301070820, 1
1, 45, 19, 4, 3421737436, 3433192622, 0, 5, 1147508812, 1
1, 45, 19, 4, 3421737436, 3433192622, 0, 4, 951182847, 1
1, 45, 19, 4, 3421737436, 3433192622, 0, 3, 760659761, 1
1, 45, 19, 4, 3421737436, 3433192622, 0, 2, 562588189, 1
1, 45, 19, 4, 3421737436, 3433192622, 0, 1, 376600840, 1
1, 46, 19, 4, 3433192623, 3446695593, 0, 15, 1999495730, 1
1, 46, 19, 4, 3433192623, 3446695593, 0, 14, 1944719260, 1
1, 46, 19, 4, 3433192623, 3446695593, 0, 13, 1904516138, 1
1, 46, 19, 4, 3433192623, 3446695593, 0, 12, 1857612496, 1
1, 46, 19, 4, 3433192623, 3446695593, 0, 11, 1802180919, 1
1, 46, 19, 4, 3433192623, 3446695593, 0, 10, 1734230584, 1
1, 46, 19, 4, 3433192623, 3446695593, 0, 9, 1651180175, 1
1, 46, 19, 4, 3433192623, 3446695593, 0, 8, 1540480454, 1
1, 46, 19, 4, 3433192623, 3446695593, 0, 7, 1396904291, 1
1, 46, 19, 4, 3433192623, 3446695593, 0, 6, 1218489565, 1
1, 46, 19, 4, 3433192623, 3446695593, 0, 5, 1064927557, 1
1, 46, 19, 4, 3433192623, 3446695593, 0, 4, 868601592, 1
1, 46, 19, 4, 3433192623, 3446695593, 0, 3, 678078506, 1
1, 46, 19, 4, 3433192623, 3446695593, 0, 2, 480006934, 1
1, 46, 19, 4, 3433192623, 3446695593, 0, 1, 294019585, 1
1, 47, 19, 4, 3446695594, 3810694377, 0, 15, 2080392834, 1
1, 47, 19, 4, 3446695594, 3810694377, 0, 14, 2044880738, 1
1, 47, 19, 4, 3446695594, 3810694377, 0, 13, 2003590523, 1
1, 47, 19, 4, 3446695594, 3810694377, 0, 12, 1955418606, 1
1, 47, 19, 4, 3446695594, 3810694377, 0, 11, 1898488159, 1
1, 47, 19, 4, 3446695594, 3810694377, 0, 10, 1830171622, 1
1, 47, 19, 4, 3446695594, 3810694377, 0, 9, 1746673633, 1
1, 47, 19, 4, 3446695594, 3810694377, 0, 8, 1632956616, 1
1, 47, 19, 4, 3446695594, 3810694377, 0, 7, 1492555941, 1
1, 47, 19, 4, 3446695594, 3810694377, 0, 6, 1309757311, 1
1, 47, 19, 4, 3446695594, 3810694377, 0, 5, 1136116334, 1
1, 47, 19, 4, 3446695594, 3810694377, 0, 4, 949686885, 1
1, 47, 19, 4, 3446695594, 3810694377, 0, 3, 764249250, 1
1, 47, 19, 4, 3446695594, 3810694377, 0, 2, 570490117, 1
1, 47, 19, 4, 3446695594, 3810694377, 0, 1, 385259443, 1
1, 48, 19, 4, 3810694378, 3813692780, 0, 15, 1726168841, 1
1, 48, 19, 4, 3810694378, 3813692780, 0, 14, 1672697795, 1
1, 48, 19, 4, 3810694378, 3813692780, 0, 13, 1612086064, 1
1, 48, 19, 4, 3810694378, 3813692780, 0, 12, 1526857385, 1
1, 48, 19, 4, 3810694378, 3813692780, 0, 11, 1427314750, 1
1, 48, 19, 4, 3810694378, 3813692780, 0, 10, 1286830103, 1
1, 48, 19, 4, 3810694378, 3813692780, 0, 9, 1131301463, 1
1, 48, 19, 4, 3810694378, 3813692780, 0, 8, 1002149381, 1
1, 48, 19, 4, 3810694378, 3813692780, 0, 7, 916414936, 1
1, 48, 19, 4, 3810694378, 3813692780, 0, 6, 790447668, 1
1, 48, 19, 4, 3810694378, 3813692780, 0, 5, 616565557, 1
1, 48, 19, 4, 3810694378, 3813692780, 0, 4, 524422777, 1
1, 48, 19, 4, 3810694378, 3813692780, 0, 3, 401582858, 1
1, 48, 19, 4, 3810694378, 3813692780, 0, 2, 246350420, 1
1, 48, 19, 4, 3810694378, 3813692780, 0, 1, 241654314, 1
1, 49, 19, 4, 3813692781, 3843241133, 0, 15, 1401820985, 1
1, 49, 19, 4, 3813692781, 3843241133, 0, 14, 1334860811, 1
1, 49, 19, 4, 3813692781, 3843241133, 0, 13, 1262551012, 1
1, 49, 19, 4, 3813692781, 3843241133, 0, 12, 1164380419, 1
1, 49, 19, 4, 3813692781, 3843241133, 0, 11, 1063050797, 1
1, 49, 19, 4, 3813692781, 3843241133, 0, 10, 970612561, 1
1, 49, 19, 4, 3813692781, 3843241133, 0, 9, 878541941, 1
1, 49, 19, 4, 3813692781, 3843241133, 0, 8, 785011946, 1
1, 49, 19, 4, 3813692781, 3843241133, 0, 7, 686429672, 1
1, 49, 19, 4, 3813692781, 3843241133, 0, 6, 597614059, 1
1, 49, 19, 4, 3813692781, 3843241133, 0, 5, 506489587, 1
1, 49, 19, 4, 3813692781, 3843241133, 0, 4, 416208910, 1
1, 49, 19, 4, 3813692781, 3843241133, 0, 3, 335563296, 1
1, 49, 19, 4, 3813692781, 3843241133, 0, 2, 253091794, 1
1, 49, 19, 4, 3813692781, 3843241133, 0, 1, 161058884, 1
1, 50, 19, 4, 3843241134, 3871178985, 0, 15, 1084682302, 1
1, 50, 19, 4, 3843241134, 3871178985, 0, 14, 1052857189, 1
1, 50, 19, 4, 3843241134, 3871178985, 0, 13, 1020363323, 1
1, 50, 19, 4, 3843241134, 3871178985, 0, 12, 978826018, 1
1, 50, 19, 4, 3843241134, 3871178985, 0, 11, 915945510, 1
1, 50, 19, 4, 3843241134, 3871178985, 0, 10, 839671701, 1
1, 50, 19, 4, 3843241134, 3871178985, 0, 9, 743395886, 1
1, 50, 19, 4, 3843241134, 3871178985, 0, 8, 684363729, 1
1, 50, 19, 4, 3843241134, 3871178985, 0, 7, 607073799, 1
1, 50, 19, 4, 3843241134, 3871178985, 0, 6, 509695929, 1
1, 50, 19, 4, 3843241134, 3871178985, 0, 5, 436154374, 1
1, 50, 19, 4, 3843241134, 3871178985, 0, 4, 330745988, 1
1, 50, 19, 4, 3843241134, 3871178985, 0, 3, 260444565, 1
1, 50, 19, 4, 3843241134, 3871178985, 0, 2, 196007688, 1
1, 50, 19, 4, 3843241134, 3871178985, 0, 1, 139394379, 1
1, 51, 19, 4, 3871178986, 3871391430, 0, 15, 18874725, 1
1, 51, 19, 4, 3871178986, 3871391430, 0, 14, 15029150, 1
1, 51, 19, 4, 3871178986, 3871391430, 0, 13, 11213816, 1
1, 51, 19, 4, 3871178986, 3871391430, 0, 12, 7651260, 1
1, 51, 19, 4, 3871178986, 3871391430, 0, 11, 4718288, 1
1, 51, 19, 4, 3871178986, 3871391430, 0, 10, 2417116, 1
1, 51, 19, 4, 3871178986, 3871391430, 0, 9, 656719, 1
1, 51, 19, 4, 3871178986, 3871391430, 0, 8, 1, 1
1, 51, 19, 4, 3871178986, 3871391430, 0, 7, 1, 1
1, 51, 19, 4, 3871178986, 3871391430, 0, 6, 1, 1
1, 51, 19, 4, 3871178986, 3871391430, 0, 5, 1, 1
1, 51, 19, 4, 3871178986, 3871391430, 0, 4, 1, 1
1, 51, 19, 4, 3871178986, 3871391430, 0, 3, 1, 1
1, 51, 19, 4, 3871178986, 3871391430, 0, 2, 1, 1
1, 51, 19, 4, 3871178986, 3871391430, 0, 1, 1, 1
1, 52, 19, 4, 3871391431, 3877991383, 0, 15, 169472810, 1
1, 52, 19, 4, 3871391431, 3877991383, 0, 14, 146069022, 1
1, 52, 19, 4, 3871391431, 3877991383, 0, 13, 144957509, 1
1, 52, 19, 4, 3871391431, 3877991383, 0, 12, 144549412, 1
1, 52, 19, 4, 3871391431, 3877991383, 0, 11, 133678551, 1
1, 52, 19, 4, 3871391431, 3877991383, 0, 10, 112003914, 1
1, 52, 19, 4, 3871391431, 3877991383, 0, 9, 90303305, 1
1, 52, 19, 4, 3871391431, 3877991383, 0, 8, 88608187, 1
1, 52, 19, 4, 3871391431, 3877991383, 0, 7, 87933487, 1
1, 52, 19, 4, 3871391431, 3877991383, 0, 6, 60687686, 1
1, 52, 19, 4, 3871391431, 3877991383, 0, 5, 48129186, 1
1, 52, 19, 4, 3871391431, 3877991383, 0, 4, 45076778, 1
1, 52, 19, 4, 3871391431, 3877991383, 0, 3, 43997174, 1
1, 52, 19, 4, 3871391431, 3877991383, 0, 2, 17226439, 1
1, 52, 19, 4, 3871391431, 3877991383, 0, 1, 11556222, 1
1, 53, 19, 4, 3877991384, 3879668862, 0, 15, 347094438, 1
1, 53, 19, 4, 3877991384, 3879668862, 0, 14, 341900355, 1
1, 53, 19, 4, 3877991384, 3879668862, 0, 13, 326899942, 1
1, 53, 19, 4, 3877991384, 3879668862, 0, 12, 319093070, 1
1, 53, 19, 4, 3877991384, 3879668862, 0, 11, 331118383, 1
1, 53, 19, 4, 3877991384, 3879668862, 0, 10, 336919154, 1
1, 53, 19, 4, 3877991384, 3879668862, 0, 9, 348799601, 1
1, 53, 19, 4, 3877991384, 3879668862, 0, 8, 339551349, 1
1, 53, 19, 4, 3877991384, 3879668862, 0, 7, 337498596, 1
1, 53, 19, 4, 3877991384, 3879668862, 0, 6, 364732688, 1
1, 53, 19, 4, 3877991384, 3879668862, 0, 5, 342736670, 1
1, 53, 19, 4, 3877991384, 3879668862, 0, 4, 346947045, 1
1, 53, 19, 4, 3877991384, 3879668862, 0, 3, 299468080, 1
1, 53, 19, 4, 3877991384, 3879668862, 0, 2, 282042602, 1
1, 53, 19, 4, 3877991384, 3879668862, 0, 1, 231397944, 1
1, 54, 19, 4, 3879668863, 3893354587, 0, 15, 607439813, 1
1, 54, 19, 4, 3879668863, 3893354587, 0, 14, 578688889, 1
1, 54, 19, 4, 3879668863, 3893354587, 0, 13, 552446992, 1
1, 54, 19, 4, 3879668863, 3893354587, 0, 12, 531945275, 1
1, 54, 19, 4, 3879668863, 3893354587, 0, 11, 509356055, 1
1, 54, 19, 4, 3879668863, 3893354587, 0, 10, 482145443, 1
1, 54, 19, 4, 3879668863, 3893354587, 0, 9, 451417380, 1
1, 54, 19, 4, 3879668863, 3893354587, 0, 8, 419903321, 1
1, 54, 19, 4, 3879668863, 3893354587, 0, 7, 388558321, 1
1, 54, 19, 4, 3879668863, 3893354587, 0, 6, 355744399, 1
1, 54, 19, 4, 3879668863, 3893354587, 0, 5, 277322598, 1
1, 54, 19, 4, 3879668863, 3893354587, 0, 4, 229816109, 1
1, 54, 19, 4, 3879668863, 3893354587, 0, 3, 188981281, 1
1, 54, 19, 4, 3879668863, 3893354587, 0, 2, 144979254, 1
1, 54, 19, 4, 3879668863, 3893354587, 0, 1, 94334596, 1
1, 55, 19, 4, 3893354588, 3893583470, 0, 15, 106741796, 1
1, 55, 19, 4, 3893354588, 3893583470, 0, 14, 106641154, 1
1, 55, 19, 4, 3893354588, 3893583470, 0, 13, 87599578, 1
1, 55, 19, 4, 3893354588, 3893583470, 0, 12, 82924250, 1
1, 55, 19, 4, 3893354588, 3893583470, 0, 11, 83867712, 1
1, 55, 19, 4, 3893354588, 3893583470, 0, 10, 85030697, 1
1, 55, 19, 4, 3893354588, 3893583470, 0, 9, 74050674, 1
1, 55, 19, 4, 3893354588, 3893583470, 0, 8, 59735255, 1
1, 55, 19, 4, 3893354588, 3893583470, 0, 7, 48863548, 1
1, 55, 19, 4, 3893354588, 3893583470, 0, 6, 42168310, 1
1, 55, 19, 4, 3893354588, 3893583470, 0, 5, 48645266, 1
1, 55, 19, 4, 3893354588, 3893583470, 0, 4, 20521609, 1
1, 55, 19, 4, 3893354588, 3893583470, 0, 3, 1, 1
1, 55, 19, 4, 3893354588, 3893583470, 0, 2, 1, 1
1, 55, 19, 4, 3893354588, 3893583470, 0, 1, 1, 1
1, 56, 19, 4, 3893583471, 3897126147, 0, 15, 280757623, 1
1, 56, 19, 4, 3893583471, 3897126147, 0, 14, 257842364, 1
1, 56, 19, 4, 3893583471, 3897126147, 0, 13, 246050902, 1
1, 56, 19, 4, 3893583471, 3897126147, 0, 12, 249834041, 1
1, 56, 19, 4, 3893583471, 3897126147, 0, 11, 233966633, 1
1, 56, 19, 4, 3893583471, 3897126147, 0, 10, 244444539, 1
1, 56, 19, 4, 3893583471, 3897126147, 0, 9, 244849419, 1
1, 56, 19, 4, 3893583471, 3897126147, 0, 8, 244765128, 1
1, 56, 19, 4, 3893583471, 3897126147, 0, 7, 197412293, 1
1, 56, 19, 4, 3893583471, 3897126147, 0, 6, 205983559, 1
1, 56, 19, 4, 3893583471, 3897126147, 0, 5, 155490649, 1
1, 56, 19, 4, 3893583471, 3897126147, 0, 4, 139840910, 1
1, 56, 19, 4, 3893583471, 3897126147, 0, 3, 140109162, 1
1, 56, 19, 4, 3893583471, 3897126147, 0, 2, 114313309, 1
1, 56, 19, 4, 3893583471, 3897126147, 0, 1, 88071875, 1
1, 57, 19, 4, 3897126148, 3898934197, 0, 15, 405542887, 1
1, 57, 19, 4, 3897126148, 3898934197, 0, 14, 397163366, 1
1, 57, 19, 4, 3897126148, 3898934197, 0, 13, 402143910, 1
1, 57, 19, 4, 3897126148, 3898934197, 0, 12, 384351046, 1
1, 57, 19, 4, 3897126148, 3898934197, 0, 11, 387868372, 1
1, 57, 19, 4, 3897126148, 3898934197, 0, 10, 375793704, 1
1, 57, 19, 4, 3897126148, 3898934197, 0, 9, 368330490, 1
1, 57, 19, 4, 3897126148, 3898934197, 0, 8, 393520718, 1
1, 57, 19, 4, 3897126148, 3898934197, 0, 7, 378663693, 1
1, 57, 19, 4, 3897126148, 3898934197, 0, 6, 359058547, 1
1, 57, 19, 4, 3897126148, 3898934197, 0, 5, 354923650, 1
1, 57, 19, 4, 3897126148, 3898934197, 0, 4, 321200054, 1
1, 57, 19, 4, 3897126148, 3898934197, 0, 3, 296385569, 1
1, 57, 19, 4, 3897126148, 3898934197, 0, 2, 260095855, 1
1, 57, 19, 4, 3897126148, 3898934197, 0, 1, 221317334, 1
1, 58, 19, 4, 3898934198, 3905059984, 0, 15, 30139426, 1
1, 58, 19, 4, 3898934198, 3905059984, 0, 14, 17597537, 1
1, 58, 19, 4, 3898934198, 3905059984, 0, 13, 9625426, 1
1, 58, 19, 4, 3898934198, 3905059984, 0, 12, 8299885, 1
1, 58, 19, 4, 3898934198, 3905059984, 0, 11, 9054420, 1
1, 58, 19, 4, 3898934198, 3905059984, 0, 10, 9959862, 1
1, 58, 19, 4, 3898934198, 3905059984, 0, 9, 11066514, 1
1, 58, 19, 4, 3898934198, 3905059984, 0, 8, 12449828, 1
1, 58, 19, 4, 3898934198, 3905059984, 0, 7, 14228375, 1
1, 58, 19, 4, 3898934198, 3905059984, 0, 6, 16599770, 1
1, 58, 19, 4, 3898934198, 3905059984, 0, 5, 19919724, 1
1, 58, 19, 4, 3898934198, 3905059984, 0, 4, 24899655, 1
1, 58, 19, 4, 3898934198, 3905059984, 0, 3, 33199540, 1
1, 58, 19, 4, 3898934198, 3905059984, 0, 2, 49799310, 1
1, 58, 19, 4, 3898934198, 3905059984, 0, 1, 99598619, 1
1, 59, 19, 4, 3905059985, 3905223325, 0, 15, 202204865, 1
1, 59, 19, 4, 3905059985, 3905223325, 0, 14, 191360989, 1
1, 59, 19, 4, 3905059985, 3905223325, 0, 13, 185348124, 1
1, 59, 19, 4, 3905059985, 3905223325, 0, 12, 186308371, 1
1, 59, 19, 4, 3905059985, 3905223325, 0, 11, 191834295, 1
1, 59, 19, 4, 3905059985, 3905223325, 0, 10, 174124123, 1
1, 59, 19, 4, 3905059985, 3905223325, 0, 9, 159189319, 1
1, 59, 19, 4, 3905059985, 3905223325, 0, 8, 124639728, 1
1, 59, 19, 4, 3905059985, 3905223325, 0, 7, 125073653, 1
1, 59, 19, 4, 3905059985, 3905223325, 0, 6, 141355601, 1
1, 59, 19, 4, 3905059985, 3905223325, 0, 5, 125961757, 1
1, 59, 19, 4, 3905059985, 3905223325, 0, 4, 87914876, 1
1, 59, 19, 4, 3905059985, 3905223325, 0, 3, 34335020, 1
1, 59, 19, 4, 3905059985, 3905223325, 0, 2, 4296261, 1
1, 59, 19, 4, 3905059985, 3905223325, 0, 1, 1, 1
1, 60, 19, 4, 3905223326, 3907582985, 0, 15, 298023693, 1
1, 60, 19, 4, 3905223326, 3907582985, 0, 14, 290281903, 1
1, 60, 19, 4, 3905223326, 3907582985, 0, 13, 287848367, 1
1, 60, 19, 4, 3905223326, 3907582985, 0, 12, 292984498, 1
1, 60, 19, 4, 3905223326, 3907582985, 0, 11, 303445558, 1
1, 60, 19, 4, 3905223326, 3907582985, 0, 10, 291657549, 1
1, 60, 19, 4, 3905223326, 3907582985, 0, 9, 283960945, 1
1, 60, 19, 4, 3905223326, 3907582985, 0, 8, 258459102, 1
1, 60, 19, 4, 3905223326, 3907582985, 0, 7, 270525848, 1
1, 60, 19, 4, 3905223326, 3907582985, 0, 6, 242127802, 1
1, 60, 19, 4, 3905223326, 3907582985, 0, 5, 236410472, 1
1, 60, 19, 4, 3905223326, 3907582985, 0, 4, 212878362, 1
1, 60, 19, 4, 3905223326, 3907582985, 0, 3, 183489790, 1
1, 60, 19, 4, 3905223326, 3907582985, 0, 2, 201833599, 1
1, 60, 19, 4, 3905223326, 3907582985, 0, 1, 129910074, 1
1, 61, 19, 4, 3907582986, 3909159712, 0, 15, 427569823, 1
1, 61, 19, 4, 3907582986, 3909159712, 0, 14, 409630037, 1
1, 61, 19, 4, 3907582986, 3909159712, 0, 13, 389667611, 1
1, 61, 19, 4, 3907582986, 3909159712, 0, 12, 375160552, 1
1, 61, 19, 4, 3907582986, 3909159712, 0, 11, 352840487, 1
1, 61, 19, 4, 3907582986, 3909159712, 0, 10, 352256892, 1
1, 61, 19, 4, 3907582986, 3909159712, 0, 9, 358254571, 1
1, 61, 19, 4, 3907582986, 3909159712, 0, 8, 349870583, 1
1, 61, 19, 4, 3907582986, 3909159712, 0, 7, 317934740, 1
1, 61, 19, 4, 3907582986, 3909159712, 0, 6, 307879712, 1
1, 61, 19, 4, 3907582986, 3909159712, 0, 5, 259634794, 1
1, 61, 19, 4, 3907582986, 3909159712, 0, 4, 257571067, 1
1, 61, 19, 4, 3907582986, 3909159712, 0, 3, 263963135, 1
1, 61, 19, 4, 3907582986, 3909159712, 0, 2, 209580983, 1
1, 61, 19, 4, 3907582986, 3909159712, 0, 1, 208054054, 1
1, 62, 19, 4, 3909159713, 3917684465, 0, 15, 16849870, 1
1, 62, 19, 4, 3909159713, 3917684465, 0, 14, 18053432, 1
1, 62, 19, 4, 3909159713, 3917684465, 0, 13, 19442158, 1
1, 62, 19, 4, 3909159713, 3917684465, 0, 12, 21062338, 1
1, 62, 19, 4, 3909159713, 3917684465, 0, 11, 22977095, 1
1, 62, 19, 4, 3909159713, 3917684465, 0, 10, 25274805, 1
1, 62, 19, 4, 3909159713, 3917684465, 0, 9, 28083117, 1
1, 62, 19, 4, 3909159713, 3917684465, 0, 8, 31593506, 1
1, 62, 19, 4, 3909159713, 3917684465, 0, 7, 36106864, 1
1, 62, 19, 4, 3909159713, 3917684465, 0, 6, 42124675, 1
1, 62, 19, 4, 3909159713, 3917684465, 0, 5, 50549609, 1
1, 62, 19, 4, 3909159713, 3917684465, 0, 4, 63187012, 1
1, 62, 19, 4, 3909159713, 3917684465, 0, 3, 84249349, 1
1, 62, 19, 4, 3909159713, 3917684465, 0, 2, 126374023, 1
1, 62, 19, 4, 3909159713, 3917684465, 0, 1, 65873006, 1
1, 63, 19, 4, 3917684466, 3917863839, 0, 15, 173431308, 1
1, 63, 19, 4, 3917684466, 3917863839, 0, 14, 150569709, 1
1, 63, 19, 4, 3917684466, 3917863839, 0, 13, 155274434, 1
1, 63, 19, 4, 3917684466, 3917863839, 0, 12, 160973509, 1
1, 63, 19, 4, 3917684466, 3917863839, 0, 11, 153324187, 1
1, 63, 19, 4, 3917684466, 3917863839, 0, 10, 136082786, 1
1, 63, 19, 4, 3917684466, 3917863839, 0, 9, 119513795, 1
1, 63, 19, 4, 3917684466, 3917863839, 0, 8, 117576443, 1
1, 63, 19, 4, 3917684466, 3917863839, 0, 7, 96318747, 1
1, 63, 19, 4, 3917684466, 3917863839, 0, 6, 68354978, 1
1, 63, 19, 4, 3917684466, 3917863839, 0, 5, 47655441, 1
1, 63, 19, 4, 3917684466, 3917863839, 0, 4, 59426316, 1
1, 63, 19, 4, 3917684466, 3917863839, 0, 3, 20449250, 1
1, 63, 19, 4, 3917684466, 3917863839, 0, 2, 1, 1
1, 63, 19, 4, 3917684466, 3917863839, 0, 1, 1, 1
1, 64, 19, 4, 3917863840, 3920921945, 0, 15, 297877268, 1
1, 64, 19, 4, 3917863840, 3920921945, 0, 14, 279456342, 1
1, 64, 19, 4, 3917863840, 3920921945, 0, 13, 289284921, 1
1, 64, 19, 4, 3917863840, 3920921945, 0, 12, 264527405, 1
1, 64, 19, 4, 3917863840, 3920921945, 0, 11, 260630572, 1
1, 64, 19, 4, 3917863840, 3920921945, 0, 10, 247892156, 1
1, 64, 19, 4, 3917863840, 3920921945, 0, 9, 236826813, 1
1, 64, 19, 4, 3917863840, 3920921945, 0, 8, 241769021, 1
1, 64, 19, 4, 3917863840, 3920921945, 0, 7, 229356474, 1
1, 64, 19, 4, 3917863840, 3920921945, 0, 6, 213186238, 1
1, 64, 19, 4, 3917863840, 3920921945, 0, 5, 208997646, 1
1, 64, 19, 4, 3917863840, 3920921945, 0, 4, 161176816, 1
1, 64, 19, 4, 3917863840, 3920921945, 0, 3, 135357739, 1
1, 64, 19, 4, 3917863840, 3920921945, 0, 2, 141224467, 1
1, 64, 19, 4, 3917863840, 3920921945, 0, 1, 115213392, 1
1, 65, 19, 4, 3920921946, 3922744115, 0, 15, 443225287, 1
1, 65, 19, 4, 3920921946, 3922744115, 0, 14, 440293599, 1
1, 65, 19, 4, 3920921946, 3922744115, 0, 13, 426009638, 1
1, 65, 19, 4, 3920921946, 3922744115, 0, 12, 418604290, 1
1, 65, 19, 4, 3920921946, 3922744115, 0, 11, 435214564, 1
1, 65, 19, 4, 3920921946, 3922744115, 0, 10, 447084678, 1
1, 65, 19, 4, 3920921946, 3922744115, 0, 9, 423785378, 1
1, 65, 19, 4, 3920921946, 3922744115, 0, 8, 390086059, 1
1, 65, 19, 4, 3920921946, 3922744115, 0, 7, 361461718, 1
1, 65, 19, 4, 3920921946, 3922744115, 0, 6, 379225907, 1
1, 65, 19, 4, 3920921946, 3922744115, 0, 5, 338687406, 1
1, 65, 19, 4, 3920921946, 3922744115, 0, 4, 341164341, 1
1, 65, 19, 4, 3920921946, 3922744115, 0, 3, 300941271, 1
1, 65, 19, 4, 3920921946, 3922744115, 0, 2, 254218098, 1
1, 65, 19, 4, 3920921946, 3922744115, 0, 1, 232637795, 1
1, 66, 19, 4, 3922744116, 3931248543, 0, 15, 16225289, 1
1, 66, 19, 4, 3922744116, 3931248543, 0, 14, 17384239, 1
1, 66, 19, 4, 3922744116, 3931248543, 0, 13, 18721488, 1
1, 66, 19, 4, 3922744116, 3931248543, 0, 12, 20281612, 1
1, 66, 19, 4, 3922744116, 3931248543, 0, 11, 22125394, 1
1, 66, 19, 4, 3922744116, 3931248543, 0, 10, 24337934, 1
1, 66, 19, 4, 3922744116, 3931248543, 0, 9, 27042149, 1
1, 66, 19, 4, 3922744116, 3931248543, 0, 8, 30422417, 1
1, 66, 19, 4, 3922744116, 3931248543, 0, 7, 34768477, 1
1, 66, 19, 4, 3922744116, 3931248543, 0, 6, 40563223, 1
1, 66, 19, 4, 3922744116, 3931248543, 0, 5, 48675867, 1
1, 66, 19, 4, 3922744116, 3931248543, 0, 4, 60844834, 1
1, 66, 19, 4, 3922744116, 3931248543, 0, 3, 81126445, 1
1, 66, 19, 4, 3922744116, 3931248543, 0, 2, 121689667, 1
1, 66, 19, 4, 3922744116, 3931248543, 0, 1, 100109364, 1
1, 67, 19, 4, 3931248544, 3931437249, 0, 15, 221919236, 1
1, 67, 19, 4, 3931248544, 3931437249, 0, 14, 227533682, 1
1, 67, 19, 4, 3931248544, 3931437249, 0, 13, 234711281, 1
1, 67, 19, 4, 3931248544, 3931437249, 0, 12, 203149334, 1
1, 67, 19, 4, 3931248544, 3931437249, 0, 11, 171341644, 1
1, 67, 19, 4, 3931248544, 3931437249, 0, 10, 132333267, 1
1, 67, 19, 4, 3931248544, 3931437249, 0, 9, 135542967, 1
1, 67, 19, 4, 3931248544, 3931437249, 0, 8, 123728247, 1
1, 67, 19, 4, 3931248544, 3931437249, 0, 7, 110908639, 1
1, 67, 19, 4, 3931248544, 3931437249, 0, 6, 96660662, 1
1, 67, 19, 4, 3931248544, 3931437249, 0, 5, 83624357, 1
1, 67, 19, 4, 3931248544, 3931437249, 0, 4, 67598858, 1
1, 67, 19, 4, 3931248544, 3931437249, 0, 3, 49713210, 1
1, 67, 19, 4, 3931248544, 3931437249, 0, 2, 51629733, 1
1, 67, 19, 4, 3931248544, 3931437249, 0, 1, 1, 1
1, 68, 19, 4, 3931437250, 3935006996, 0, 15, 345146203, 1
1, 68, 19, 4, 3931437250, 3935006996, 0, 14, 357349220, 1
1, 68, 19, 4, 3931437250, 3935006996, 0, 13, 372129018, 1
1, 68, 19, 4, 3931437250, 3935006996, 0, 12, 349436301, 1
1, 68, 19, 4, 3931437250, 3935006996, 0, 11, 328110429, 1
1, 68, 19, 4, 3931437250, 3935006996, 0, 10, 301680234, 1
1, 68, 19, 4, 3931437250, 3935006996, 0, 9, 269911443, 1
1, 68, 19, 4, 3931437250, 3935006996, 0, 8, 244279613, 1
1, 68, 19, 4, 3931437250, 3935006996, 0, 7, 206470301, 1
1, 68, 19, 4, 3931437250, 3935006996, 0, 6, 173041644, 1
1, 68, 19, 4, 3931437250, 3935006996, 0, 5, 147552898, 1
1, 68, 19, 4, 3931437250, 3935006996, 0, 4, 120809753, 1
1, 68, 19, 4, 3931437250, 3935006996, 0, 3, 110332081, 1
1, 68, 19, 4, 3931437250, 3935006996, 0, 2, 127064556, 1
1, 68, 19, 4, 3931437250, 3935006996, 0, 1, 119882680, 1
1, 69, 19, 4, 3935006997, 3937021045, 0, 15, 279630382, 1
1, 69, 19, 4, 3935006997, 3937021045, 0, 14, 292654553, 1
1, 69, 19, 4, 3935006997, 3937021045, 0, 13, 308381835, 1
1, 69, 19, 4, 3935006997, 3937021045, 0, 12, 286794517, 1
1, 69, 19, 4, 3935006997, 3937021045, 0, 11, 266775026, 1
1, 69, 19, 4, 3935006997, 3937021045, 0, 10, 241912487, 1
1, 69, 19, 4, 3935006997, 3937021045, 0, 9, 212059720, 1
1, 69, 19, 4, 3935006997, 3937021045, 0, 8, 188822921, 1
1, 69, 19, 4, 3935006997, 3937021045, 0, 7, 154092934, 1
1, 69, 19, 4, 3935006997, 3937021045, 0, 6, 124770044, 1
1, 69, 19, 4, 3935006997, 3937021045, 0, 5, 74701938, 1
1, 69, 19, 4, 3935006997, 3937021045, 0, 4, 48999045, 1
1, 69, 19, 4, 3935006997, 3937021045, 0, 3, 40255127, 1
1, 69, 19, 4, 3935006997, 3937021045, 0, 2, 60382691, 1
1, 69, 19, 4, 3935006997, 3937021045, 0, 1, 1, 1
1, 70, 19, 4, 3937021046, 3938239695, 0, 15, 426590813, 1
1, 70, 19, 4, 3937021046, 3938239695, 0, 14, 444713937, 1
1, 70, 19, 4, 3937021046, 3938239695, 0, 13, 466324627, 1
1, 70, 19, 4, 3937021046, 3938239695, 0, 12, 451601284, 1
1, 70, 19, 4, 3937021046, 3938239695, 0, 11, 439693764, 1
1, 70, 19, 4, 3937021046, 3938239695, 0, 10, 424565591, 1
1, 70, 19, 4, 3937021046, 3938239695, 0, 9, 406610383, 1
1, 70, 19, 4, 3937021046, 3938239695, 0, 8, 398245530, 1
1, 70, 19, 4, 3937021046, 3938239695, 0, 7, 382636619, 1
1, 70, 19, 4, 3937021046, 3938239695, 0, 6, 378808496, 1
1, 70, 19, 4, 3937021046, 3938239695, 0, 5, 364433063, 1
1, 70, 19, 4, 3937021046, 3938239695, 0, 4, 320172139, 1
1, 70, 19, 4, 3937021046, 3938239695, 0, 3, 281333442, 1
1, 70, 19, 4, 3937021046, 3938239695, 0, 2, 218995772, 1
1, 70, 19, 4, 3937021046, 3938239695, 0, 1, 241651080, 1
1, 71, 19, 4, 3938239696, 3939907309, 0, 15, 390947431, 1
1, 71, 19, 4, 3938239696, 3939907309, 0, 14, 410123605, 1
1, 71, 19, 4, 3938239696, 3939907309, 0, 13, 432949351, 1
1, 71, 19, 4, 3938239696, 3939907309, 0, 12, 419643574, 1
1, 71, 19, 4, 3938239696, 3939907309, 0, 11, 409411359, 1
1, 71, 19, 4, 3938239696, 3939907309, 0, 10, 396293552, 1
1, 71, 19, 4, 3938239696, 3939907309, 0, 9, 380795458, 1
1, 71, 19, 4, 3938239696, 3939907309, 0, 8, 375501998, 1
1, 71, 19, 4, 3938239696, 3939907309, 0, 7, 363842020, 1
1, 71, 19, 4, 3938239696, 3939907309, 0, 6, 365279142, 1
1, 71, 19, 4, 3938239696, 3939907309, 0, 5, 358275052, 1
1, 71, 19, 4, 3938239696, 3939907309, 0, 4, 325071141, 1
1, 71, 19, 4, 3938239696, 3939907309, 0, 3, 304660800, 1
1, 71, 19, 4, 3938239696, 3939907309, 0, 2, 279179842, 1
1, 71, 19, 4, 3938239696, 3939907309, 0, 1, 191265014, 1
1, 72, 19, 4, 3939907310, 3945601504, 0, 15, 218053803, 1
1, 72, 19, 4, 3939907310, 3945601504, 0, 14, 233629075, 1
1, 72, 19, 4, 3939907310, 3945601504, 0, 13, 251600542, 1
1, 72, 19, 4, 3939907310, 3945601504, 0, 12, 233790350, 1
1, 72, 19, 4, 3939907310, 3945601504, 0, 11, 218234734, 1
1, 72, 19, 4, 3939907310, 3945601504, 0, 10, 198728846, 1
1, 72, 19, 4, 3939907310, 3945601504, 0, 9, 175423097, 1
1, 72, 19, 4, 3939907310, 3945601504, 0, 8, 160370069, 1
1, 72, 19, 4, 3939907310, 3945601504, 0, 7, 136162075, 1
1, 72, 19, 4, 3939907310, 3945601504, 0, 6, 120868508, 1
1, 72, 19, 4, 3939907310, 3945601504, 0, 5, 90441454, 1
1, 72, 19, 4, 3939907310, 3945601504, 0, 4, 60998195, 1
1, 72, 19, 4, 3939907310, 3945601504, 0, 3, 81330926, 1
1, 72, 19, 4, 3939907310, 3945601504, 0, 2, 31984600, 1
1, 72, 19, 4, 3939907310, 3945601504, 0, 1, 63969199, 1
1, 73, 19, 4, 3945601505, 3945852874, 0, 15, 412399145, 1
1, 73, 19, 4, 3945601505, 3945852874, 0, 14, 429867063, 1
1, 73, 19, 4, 3945601505, 3945852874, 0, 13, 450721744, 1
1, 73, 19, 4, 3945601505, 3945852874, 0, 12, 435116393, 1
1, 73, 19, 4, 3945601505, 3945852874, 0, 11, 422166498, 1
1, 73, 19, 4, 3945601505, 3945852874, 0, 10, 405787475, 1
1, 73, 19, 4, 3945601505, 3945852874, 0, 9, 386303450, 1
1, 73, 19, 4, 3945601505, 3945852874, 0, 8, 376027578, 1
1, 73, 19, 4, 3945601505, 3945852874, 0, 7, 357961640, 1
1, 73, 19, 4, 3945601505, 3945852874, 0, 6, 350857483, 1
1, 73, 19, 4, 3945601505, 3945852874, 0, 5, 331895601, 1
1, 73, 19, 4, 3945601505, 3945852874, 0, 4, 319650101, 1
1, 73, 19, 4, 3945601505, 3945852874, 0, 3, 406918863, 1
1, 73, 19, 4, 3945601505, 3945852874, 0, 2, 434034949, 1
1, 73, 19, 4, 3945601505, 3945852874, 0, 1, 464372080, 1
1, 74, 19, 4, 3945852875, 3948625187, 0, 15, 447146467, 1
1, 74, 19, 4, 3945852875, 3948625187, 0, 14, 434009597, 1
1, 74, 19, 4, 3945852875, 3948625187, 0, 13, 454864278, 1
1, 74, 19, 4, 3945852875, 3948625187, 0, 12, 439258927, 1
1, 74, 19, 4, 3945852875, 3948625187, 0, 11, 426309032, 1
1, 74, 19, 4, 3945852875, 3948625187, 0, 10, 409930009, 1
1, 74, 19, 4, 3945852875, 3948625187, 0, 9, 390445984, 1
1, 74, 19, 4, 3945852875, 3948625187, 0, 8, 380170112, 1
1, 74, 19, 4, 3945852875, 3948625187, 0, 7, 362104174, 1
1, 74, 19, 4, 3945852875, 3948625187, 0, 6, 355000017, 1
1, 74, 19, 4, 3945852875, 3948625187, 0, 5, 336038135, 1
1, 74, 19, 4, 3945852875, 3948625187, 0, 4, 323792635, 1
1, 74, 19, 4, 3945852875, 3948625187, 0, 3, 411061397, 1
1, 74, 19, 4, 3945852875, 3948625187, 0, 2, 438177483, 1
1, 74, 19, 4, 3945852875, 3948625187, 0, 1, 468514614, 1
1, 75, 19, 4, 3948625188, 3950337402, 0, 15, 400351752, 1
1, 75, 19, 4, 3948625188, 3950337402, 0, 14, 389559134, 1
1, 75, 19, 4, 3948625188, 3950337402, 0, 13, 376606032, 1
1, 75, 19, 4, 3948625188, 3950337402, 0, 12, 361113679, 1
1, 75, 19, 4, 3948625188, 3950337402, 0, 11, 348297329, 1
1, 75, 19, 4, 3948625188, 3950337402, 0, 10, 332078560, 1
1, 75, 19, 4, 3948625188, 3950337402, 0, 9, 312790401, 1
1, 75, 19, 4, 3948625188, 3950337402, 0, 8, 302759360, 1
1, 75, 19, 4, 3948625188, 3950337402, 0, 7, 285008206, 1
1, 75, 19, 4, 3948625188, 3950337402, 0, 6, 278323760, 1
1, 75, 19, 4, 3948625188, 3950337402, 0, 5, 259949475, 1
1, 75, 19, 4, 3948625188, 3950337402, 0, 4, 248585369, 1
1, 75, 19, 4, 3948625188, 3950337402, 0, 3, 331447159, 1
1, 75, 19, 4, 3948625188, 3950337402, 0, 2, 358563245, 1
1, 75, 19, 4, 3948625188, 3950337402, 0, 1, 388900376, 1
1, 76, 19, 4, 3950337403, 3982474729, 0, 15, 188592035, 1
1, 76, 19, 4, 3950337403, 3982474729, 0, 14, 178416823, 1
1, 76, 19, 4, 3950337403, 3982474729, 0, 13, 167635070, 1
1, 76, 19, 4, 3950337403, 3982474729, 0, 12, 153183399, 1
1, 76, 19, 4, 3950337403, 3982474729, 0, 11, 145547216, 1
1, 76, 19, 4, 3950337403, 3982474729, 0, 10, 131154602, 1
1, 76, 19, 4, 3950337403, 3982474729, 0, 9, 109784826, 1
1, 76, 19, 4, 3950337403, 3982474729, 0, 8, 85833638, 1
1, 76, 19, 4, 3950337403, 3982474729, 0, 7, 62473399, 1
1, 76, 19, 4, 3950337403, 3982474729, 0, 6, 34791159, 1
1, 76, 19, 4, 3950337403, 3982474729, 0, 5, 26190719, 1
1, 76, 19, 4, 3950337403, 3982474729, 0, 4, 20491271, 1
1, 76, 19, 4, 3950337403, 3982474729, 0, 3, 12111652, 1
1, 76, 19, 4, 3950337403, 3982474729, 0, 2, 4031674, 1
1, 76, 19, 4, 3950337403, 3982474729, 0, 1, 1, 1
