1, 1, 19, 13, 1, 99899566, 0, 6, 1, 1
1, 1, 19, 13, 1, 99899566, 0, 5, 1, 1
1, 1, 19, 13, 1, 99899566, 0, 4, 1, 1
1, 1, 19, 13, 1, 99899566, 0, 3, 1, 1
1, 1, 19, 13, 1, 99899566, 0, 2, 1, 1
1, 1, 19, 13, 1, 99899566, 0, 1, 1, 1
1, 2, 19, 13, 99899567, 128185341, 0, 6, 198653635, 1
1, 2, 19, 13, 99899567, 128185341, 0, 5, 188228354, 1
1, 2, 19, 13, 99899567, 128185341, 0, 4, 183545283, 1
1, 2, 19, 13, 99899567, 128185341, 0, 3, 175740166, 1
1, 2, 19, 13, 99899567, 128185341, 0, 2, 160129931, 1
1, 2, 19, 13, 99899567, 128185341, 0, 1, 151960932, 1
1, 3, 19, 13, 128185342, 161052108, 0, 6, 8180283, 1
1, 3, 19, 13, 128185342, 161052108, 0, 5, 9816339, 1
1, 3, 19, 13, 128185342, 161052108, 0, 4, 12270424, 1
1, 3, 19, 13, 128185342, 161052108, 0, 3, 16360565, 1
1, 3, 19, 13, 128185342, 161052108, 0, 2, 24540847, 1
1, 3, 19, 13, 128185342, 161052108, 0, 1, 1, 1
1, 4, 19, 13, 161052109, 211323860, 0, 6, 1, 1
1, 4, 19, 13, 161052109, 211323860, 0, 5, 1, 1
1, 4, 19, 13, 161052109, 211323860, 0, 4, 1, 1
1, 4, 19, 13, 161052109, 211323860, 0, 3, 1, 1
1, 4, 19, 13, 161052109, 211323860, 0, 2, 1, 1
1, 4, 19, 13, 161052109, 211323860, 0, 1, 1, 1
1, 5, 19, 13, 211323861, 254000391, 0, 6, 1, 1
1, 5, 19, 13, 211323861, 254000391, 0, 5, 1, 1
1, 5, 19, 13, 211323861, 254000391, 0, 4, 1, 1
1, 5, 19, 13, 211323861, 254000391, 0, 3, 1, 1
1, 5, 19, 13, 211323861, 254000391, 0, 2, 1, 1
1, 5, 19, 13, 211323861, 254000391, 0, 1, 1, 1
1, 6, 19, 13, 254000392, 325591348, 0, 6, 1, 1
1, 6, 19, 13, 254000392, 325591348, 0, 5, 1, 1
1, 6, 19, 13, 254000392, 325591348, 0, 4, 1, 1
1, 6, 19, 13, 254000392, 325591348, 0, 3, 1, 1
1, 6, 19, 13, 254000392, 325591348, 0, 2, 1, 1
1, 6, 19, 13, 254000392, 325591348, 0, 1, 1, 1
1, 7, 19, 13, 325591349, 364813194, 0, 6, 190193517, 1
1, 7, 19, 13, 325591349, 364813194, 0, 5, 188431365, 1
1, 7, 19, 13, 325591349, 364813194, 0, 4, 172353585, 1
1, 7, 19, 13, 325591349, 364813194, 0, 3, 153417224, 1
1, 7, 19, 13, 325591349, 364813194, 0, 2, 130726893, 1
1, 7, 19, 13, 325591349, 364813194, 0, 1, 261453785, 1
1, 8, 19, 13, 364813195, 455237008, 0, 6, 1, 1
1, 8, 19, 13, 364813195, 455237008, 0, 5, 1, 1
1, 8, 19, 13, 364813195, 455237008, 0, 4, 1, 1
1, 8, 19, 13, 364813195, 455237008, 0, 3, 1, 1
1, 8, 19, 13, 364813195, 455237008, 0, 2, 1, 1
1, 8, 19, 13, 364813195, 455237008, 0, 1, 1, 1
1, 9, 19, 13, 455237009, 517441620, 0, 6, 1, 1
1, 9, 19, 13, 455237009, 517441620, 0, 5, 1, 1
1, 9, 19, 13, 455237009, 517441620, 0, 4, 1, 1
1, 9, 19, 13, 455237009, 517441620, 0, 3, 1, 1
1, 9, 19, 13, 455237009, 517441620, 0, 2, 1, 1
1, 9, 19, 13, 455237009, 517441620, 0, 1, 1, 1
1, 10, 19, 13, 517441621, 539912649, 0, 6, 1, 1
1, 10, 19, 13, 517441621, 539912649, 0, 5, 1, 1
1, 10, 19, 13, 517441621, 539912649, 0, 4, 1, 1
1, 10, 19, 13, 517441621, 539912649, 0, 3, 1, 1
1, 10, 19, 13, 517441621, 539912649, 0, 2, 1, 1
1, 10, 19, 13, 517441621, 539912649, 0, 1, 1, 1
1, 11, 19, 13, 539912650, 621443650, 0, 6, 1, 1
1, 11, 19, 13, 539912650, 621443650, 0, 5, 1, 1
1, 11, 19, 13, 539912650, 621443650, 0, 4, 1, 1
1, 11, 19, 13, 539912650, 621443650, 0, 3, 1, 1
1, 11, 19, 13, 539912650, 621443650, 0, 2, 1, 1
1, 11, 19, 13, 539912650, 621443650, 0, 1, 1, 1
1, 12, 19, 13, 621443651, 798787899, 0, 6, 203567652, 1
1, 12, 19, 13, 621443651, 798787899, 0, 5, 179325179, 1
1, 12, 19, 13, 621443651, 798787899, 0, 4, 154612781, 1
1, 12, 19, 13, 621443651, 798787899, 0, 3, 106898820, 1
1, 12, 19, 13, 621443651, 798787899, 0, 2, 160348229, 1
1, 12, 19, 13, 621443651, 798787899, 0, 1, 1, 1
1, 13, 19, 13, 798787900, 885945968, 0, 6, 21755553, 1
1, 13, 19, 13, 798787900, 885945968, 0, 5, 26106664, 1
1, 13, 19, 13, 798787900, 885945968, 0, 4, 32633330, 1
1, 13, 19, 13, 798787900, 885945968, 0, 3, 43511106, 1
1, 13, 19, 13, 798787900, 885945968, 0, 2, 1, 1
1, 13, 19, 13, 798787900, 885945968, 0, 1, 1, 1
1, 14, 19, 13, 885945969, 1044288137, 0, 6, 1, 1
1, 14, 19, 13, 885945969, 1044288137, 0, 5, 1, 1
1, 14, 19, 13, 885945969, 1044288137, 0, 4, 1, 1
1, 14, 19, 13, 885945969, 1044288137, 0, 3, 1, 1
1, 14, 19, 13, 885945969, 1044288137, 0, 2, 1, 1
1, 14, 19, 13, 885945969, 1044288137, 0, 1, 1, 1
1, 15, 19, 13, 1044288138, 1153266084, 0, 6, 1, 1
1, 15, 19, 13, 1044288138, 1153266084, 0, 5, 1, 1
1, 15, 19, 13, 1044288138, 1153266084, 0, 4, 1, 1
1, 15, 19, 13, 1044288138, 1153266084, 0, 3, 1, 1
1, 15, 19, 13, 1044288138, 1153266084, 0, 2, 1, 1
1, 15, 19, 13, 1044288138, 1153266084, 0, 1, 1, 1
1, 16, 19, 13, 1153266085, 1189072158, 0, 6, 1, 1
1, 16, 19, 13, 1153266085, 1189072158, 0, 5, 1, 1
1, 16, 19, 13, 1153266085, 1189072158, 0, 4, 1, 1
1, 16, 19, 13, 1153266085, 1189072158, 0, 3, 1, 1
1, 16, 19, 13, 1153266085, 1189072158, 0, 2, 1, 1
1, 16, 19, 13, 1153266085, 1189072158, 0, 1, 1, 1
1, 17, 19, 13, 1189072159, 1200387334, 0, 6, 1, 1
1, 17, 19, 13, 1189072159, 1200387334, 0, 5, 1, 1
1, 17, 19, 13, 1189072159, 1200387334, 0, 4, 1, 1
1, 17, 19, 13, 1189072159, 1200387334, 0, 3, 1, 1
1, 17, 19, 13, 1189072159, 1200387334, 0, 2, 1, 1
1, 17, 19, 13, 1189072159, 1200387334, 0, 1, 1, 1
1, 18, 19, 13, 1200387335, 1287962521, 0, 6, 1, 1
1, 18, 19, 13, 1200387335, 1287962521, 0, 5, 1, 1
1, 18, 19, 13, 1200387335, 1287962521, 0, 4, 1, 1
1, 18, 19, 13, 1200387335, 1287962521, 0, 3, 1, 1
1, 18, 19, 13, 1200387335, 1287962521, 0, 2, 1, 1
1, 18, 19, 13, 1200387335, 1287962521, 0, 1, 1, 1
1, 19, 19, 13, 1287962522, 1374755797, 0, 6, 48223065, 1
1, 19, 19, 13, 1287962522, 1374755797, 0, 5, 57867678, 1
1, 19, 19, 13, 1287962522, 1374755797, 0, 4, 72334597, 1
1, 19, 19, 13, 1287962522, 1374755797, 0, 3, 96446130, 1
1, 19, 19, 13, 1287962522, 1374755797, 0, 2, 144669194, 1
1, 19, 19, 13, 1287962522, 1374755797, 0, 1, 1, 1
1, 20, 19, 13, 1374755798, 1459962142, 0, 6, 1, 1
1, 20, 19, 13, 1374755798, 1459962142, 0, 5, 1, 1
1, 20, 19, 13, 1374755798, 1459962142, 0, 4, 1, 1
1, 20, 19, 13, 1374755798, 1459962142, 0, 3, 1, 1
1, 20, 19, 13, 1374755798, 1459962142, 0, 2, 1, 1
1, 20, 19, 13, 1374755798, 1459962142, 0, 1, 1, 1
1, 21, 19, 13, 1459962143, 1545827750, 0, 6, 82266835, 1
1, 21, 19, 13, 1459962143, 1545827750, 0, 5, 35277382, 1
1, 21, 19, 13, 1459962143, 1545827750, 0, 4, 44096727, 1
1, 21, 19, 13, 1459962143, 1545827750, 0, 3, 58795636, 1
1, 21, 19, 13, 1459962143, 1545827750, 0, 2, 88193454, 1
1, 21, 19, 13, 1459962143, 1545827750, 0, 1, 1, 1
1, 22, 19, 13, 1545827751, 1631596923, 0, 6, 1, 1
1, 22, 19, 13, 1545827751, 1631596923, 0, 5, 1, 1
1, 22, 19, 13, 1545827751, 1631596923, 0, 4, 1, 1
1, 22, 19, 13, 1545827751, 1631596923, 0, 3, 1, 1
1, 22, 19, 13, 1545827751, 1631596923, 0, 2, 1, 1
1, 22, 19, 13, 1545827751, 1631596923, 0, 1, 1, 1
1, 23, 19, 13, 1631596924, 1665803078, 0, 6, 107931840, 1
1, 23, 19, 13, 1631596924, 1665803078, 0, 5, 106278883, 1
1, 23, 19, 13, 1631596924, 1665803078, 0, 4, 98565003, 1
1, 23, 19, 13, 1631596924, 1665803078, 0, 3, 131420004, 1
1, 23, 19, 13, 1631596924, 1665803078, 0, 2, 128562807, 1
1, 23, 19, 13, 1631596924, 1665803078, 0, 1, 137134400, 1
1, 24, 19, 13, 1665803079, 1677659082, 0, 6, 1, 1
1, 24, 19, 13, 1665803079, 1677659082, 0, 5, 1, 1
1, 24, 19, 13, 1665803079, 1677659082, 0, 4, 1, 1
1, 24, 19, 13, 1665803079, 1677659082, 0, 3, 1, 1
1, 24, 19, 13, 1665803079, 1677659082, 0, 2, 1, 1
1, 24, 19, 13, 1665803079, 1677659082, 0, 1, 1, 1
1, 25, 19, 13, 1677659083, 1712238254, 0, 6, 278813161, 1
1, 25, 19, 13, 1677659083, 1712238254, 0, 5, 256085319, 1
1, 25, 19, 13, 1677659083, 1712238254, 0, 4, 314885487, 1
1, 25, 19, 13, 1677659083, 1712238254, 0, 3, 419847316, 1
1, 25, 19, 13, 1677659083, 1712238254, 0, 2, 414132921, 1
1, 25, 19, 13, 1677659083, 1712238254, 0, 1, 414132921, 1
1, 26, 19, 13, 1712238255, 1740623346, 0, 6, 341855185, 1
1, 26, 19, 13, 1712238255, 1740623346, 0, 5, 305203367, 1
1, 26, 19, 13, 1712238255, 1740623346, 0, 4, 343117569, 1
1, 26, 19, 13, 1712238255, 1740623346, 0, 3, 445909214, 1
1, 26, 19, 13, 1712238255, 1740623346, 0, 2, 546794829, 1
1, 26, 19, 13, 1712238255, 1740623346, 0, 1, 546794829, 1
1, 27, 19, 13, 1740623347, 1757726660, 0, 6, 1, 1
1, 27, 19, 13, 1740623347, 1757726660, 0, 5, 1, 1
1, 27, 19, 13, 1740623347, 1757726660, 0, 4, 1, 1
1, 27, 19, 13, 1740623347, 1757726660, 0, 3, 1, 1
1, 27, 19, 13, 1740623347, 1757726660, 0, 2, 1, 1
1, 27, 19, 13, 1740623347, 1757726660, 0, 1, 1, 1
1, 28, 19, 13, 1757726661, 1799444644, 0, 6, 265457104, 1
1, 28, 19, 13, 1757726661, 1799444644, 0, 5, 222234959, 1
1, 28, 19, 13, 1757726661, 1799444644, 0, 4, 250293673, 1
1, 28, 19, 13, 1757726661, 1799444644, 0, 3, 333592195, 1
1, 28, 19, 13, 1757726661, 1799444644, 0, 2, 469171399, 1
1, 28, 19, 13, 1757726661, 1799444644, 0, 1, 469171399, 1
1, 29, 19, 13, 1799444645, 1830564244, 0, 6, 232380851, 1
1, 29, 19, 13, 1799444645, 1830564244, 0, 5, 191622824, 1
1, 29, 19, 13, 1799444645, 1830564244, 0, 4, 239528529, 1
1, 29, 19, 13, 1799444645, 1830564244, 0, 3, 319371372, 1
1, 29, 19, 13, 1799444645, 1830564244, 0, 2, 454950576, 1
1, 29, 19, 13, 1799444645, 1830564244, 0, 1, 454950576, 1
1, 30, 19, 13, 1830564245, 1842124551, 0, 6, 1, 1
1, 30, 19, 13, 1830564245, 1842124551, 0, 5, 1, 1
1, 30, 19, 13, 1830564245, 1842124551, 0, 4, 1, 1
1, 30, 19, 13, 1830564245, 1842124551, 0, 3, 1, 1
1, 30, 19, 13, 1830564245, 1842124551, 0, 2, 1, 1
1, 30, 19, 13, 1830564245, 1842124551, 0, 1, 1, 1
1, 31, 19, 13, 1842124552, 1927323963, 0, 6, 183269351, 1
1, 31, 19, 13, 1842124552, 1927323963, 0, 5, 147880280, 1
1, 31, 19, 13, 1842124552, 1927323963, 0, 4, 184850349, 1
1, 31, 19, 13, 1842124552, 1927323963, 0, 3, 240801419, 1
1, 31, 19, 13, 1842124552, 1927323963, 0, 2, 361202128, 1
1, 31, 19, 13, 1842124552, 1927323963, 0, 1, 361202128, 1
1, 32, 19, 13, 1927323964, 2001859664, 0, 6, 206371577, 1
1, 32, 19, 13, 1927323964, 2001859664, 0, 5, 173918473, 1
1, 32, 19, 13, 1927323964, 2001859664, 0, 4, 217398092, 1
1, 32, 19, 13, 1927323964, 2001859664, 0, 3, 239512560, 1
1, 32, 19, 13, 1927323964, 2001859664, 0, 2, 359268839, 1
1, 32, 19, 13, 1927323964, 2001859664, 0, 1, 395495849, 1
1, 33, 19, 13, 2001859665, 2011121492, 0, 6, 1, 1
1, 33, 19, 13, 2001859665, 2011121492, 0, 5, 1, 1
1, 33, 19, 13, 2001859665, 2011121492, 0, 4, 1, 1
1, 33, 19, 13, 2001859665, 2011121492, 0, 3, 1, 1
1, 33, 19, 13, 2001859665, 2011121492, 0, 2, 1, 1
1, 33, 19, 13, 2001859665, 2011121492, 0, 1, 1, 1
1, 34, 19, 13, 2011121493, 2140521932, 0, 6, 131365549, 1
1, 34, 19, 13, 2011121493, 2140521932, 0, 5, 116939908, 1
1, 34, 19, 13, 2011121493, 2140521932, 0, 4, 146174885, 1
1, 34, 19, 13, 2011121493, 2140521932, 0, 3, 131167429, 1
1, 34, 19, 13, 2011121493, 2140521932, 0, 2, 196751144, 1
1, 34, 19, 13, 2011121493, 2140521932, 0, 1, 191197254, 1
1, 35, 19, 13, 2140521933, 2260039038, 0, 6, 1, 1
1, 35, 19, 13, 2140521933, 2260039038, 0, 5, 1, 1
1, 35, 19, 13, 2140521933, 2260039038, 0, 4, 1, 1
1, 35, 19, 13, 2140521933, 2260039038, 0, 3, 1, 1
1, 35, 19, 13, 2140521933, 2260039038, 0, 2, 1, 1
1, 35, 19, 13, 2140521933, 2260039038, 0, 1, 1, 1
1, 36, 19, 13, 2260039039, 2418244520, 0, 6, 1, 1
1, 36, 19, 13, 2260039039, 2418244520, 0, 5, 1, 1
1, 36, 19, 13, 2260039039, 2418244520, 0, 4, 1, 1
1, 36, 19, 13, 2260039039, 2418244520, 0, 3, 1, 1
1, 36, 19, 13, 2260039039, 2418244520, 0, 2, 1, 1
1, 36, 19, 13, 2260039039, 2418244520, 0, 1, 1, 1
1, 37, 19, 13, 2418244521, 2492066879, 0, 6, 1, 1
1, 37, 19, 13, 2418244521, 2492066879, 0, 5, 1, 1
1, 37, 19, 13, 2418244521, 2492066879, 0, 4, 1, 1
1, 37, 19, 13, 2418244521, 2492066879, 0, 3, 1, 1
1, 37, 19, 13, 2418244521, 2492066879, 0, 2, 1, 1
1, 37, 19, 13, 2418244521, 2492066879, 0, 1, 1, 1
1, 38, 19, 13, 2492066880, 2553270417, 0, 6, 1, 1
1, 38, 19, 13, 2492066880, 2553270417, 0, 5, 1, 1
1, 38, 19, 13, 2492066880, 2553270417, 0, 4, 1, 1
1, 38, 19, 13, 2492066880, 2553270417, 0, 3, 1, 1
1, 38, 19, 13, 2492066880, 2553270417, 0, 2, 1, 1
1, 38, 19, 13, 2492066880, 2553270417, 0, 1, 1, 1
1, 39, 19, 13, 2553270418, 2709081862, 0, 6, 1, 1
1, 39, 19, 13, 2553270418, 2709081862, 0, 5, 1, 1
1, 39, 19, 13, 2553270418, 2709081862, 0, 4, 1, 1
1, 39, 19, 13, 2553270418, 2709081862, 0, 3, 1, 1
1, 39, 19, 13, 2553270418, 2709081862, 0, 2, 1, 1
1, 39, 19, 13, 2553270418, 2709081862, 0, 1, 1, 1
1, 40, 19, 13, 2709081863, 2867451109, 0, 6, 1, 1
1, 40, 19, 13, 2709081863, 2867451109, 0, 5, 1, 1
1, 40, 19, 13, 2709081863, 2867451109, 0, 4, 1, 1
1, 40, 19, 13, 2709081863, 2867451109, 0, 3, 1, 1
1, 40, 19, 13, 2709081863, 2867451109, 0, 2, 1, 1
1, 40, 19, 13, 2709081863, 2867451109, 0, 1, 1, 1
1, 41, 19, 13, 2867451110, 3076874028, 0, 6, 81899795, 1
1, 41, 19, 13, 2867451110, 3076874028, 0, 5, 98279754, 1
1, 41, 19, 13, 2867451110, 3076874028, 0, 4, 97611154, 1
1, 41, 19, 13, 2867451110, 3076874028, 0, 3, 96496819, 1
1, 41, 19, 13, 2867451110, 3076874028, 0, 2, 94268150, 1
1, 41, 19, 13, 2867451110, 3076874028, 0, 1, 87582142, 1
1, 42, 19, 13, 3076874029, 3273719879, 0, 6, 1, 1
1, 42, 19, 13, 3076874029, 3273719879, 0, 5, 1, 1
1, 42, 19, 13, 3076874029, 3273719879, 0, 4, 1, 1
1, 42, 19, 13, 3076874029, 3273719879, 0, 3, 1, 1
1, 42, 19, 13, 3076874029, 3273719879, 0, 2, 1, 1
1, 42, 19, 13, 3076874029, 3273719879, 0, 1, 1, 1
1, 43, 19, 13, 3273719880, 3594304338, 0, 6, 38264726, 1
1, 43, 19, 13, 3273719880, 3594304338, 0, 5, 1, 1
1, 43, 19, 13, 3273719880, 3594304338, 0, 4, 1, 1
1, 43, 19, 13, 3273719880, 3594304338, 0, 3, 1, 1
1, 43, 19, 13, 3273719880, 3594304338, 0, 2, 1, 1
1, 43, 19, 13, 3273719880, 3594304338, 0, 1, 1, 1
1, 44, 19, 13, 3594304339, 3784605088, 0, 6, 1, 1
1, 44, 19, 13, 3594304339, 3784605088, 0, 5, 1, 1
1, 44, 19, 13, 3594304339, 3784605088, 0, 4, 1, 1
1, 44, 19, 13, 3594304339, 3784605088, 0, 3, 1, 1
1, 44, 19, 13, 3594304339, 3784605088, 0, 2, 1, 1
1, 44, 19, 13, 3594304339, 3784605088, 0, 1, 1, 1
1, 45, 19, 13, 3784605089, 3809982042, 0, 6, 18346972, 1
1, 45, 19, 13, 3784605089, 3809982042, 0, 5, 1, 1
1, 45, 19, 13, 3784605089, 3809982042, 0, 4, 1, 1
1, 45, 19, 13, 3784605089, 3809982042, 0, 3, 1, 1
1, 45, 19, 13, 3784605089, 3809982042, 0, 2, 1, 1
1, 45, 19, 13, 3784605089, 3809982042, 0, 1, 1, 1
1, 46, 19, 13, 3809982043, 3818879943, 0, 6, 279173906, 1
1, 46, 19, 13, 3809982043, 3818879943, 0, 5, 272959617, 1
1, 46, 19, 13, 3809982043, 3818879943, 0, 4, 267166476, 1
1, 46, 19, 13, 3809982043, 3818879943, 0, 3, 199451273, 1
1, 46, 19, 13, 3809982043, 3818879943, 0, 2, 70522783, 1
1, 46, 19, 13, 3809982043, 3818879943, 0, 1, 1, 1
1, 47, 19, 13, 3818879944, 3833734499, 0, 6, 559957645, 1
1, 47, 19, 13, 3818879944, 3833734499, 0, 5, 529452870, 1
1, 47, 19, 13, 3818879944, 3833734499, 0, 4, 499789517, 1
1, 47, 19, 13, 3818879944, 3833734499, 0, 3, 395113948, 1
1, 47, 19, 13, 3818879944, 3833734499, 0, 2, 266558740, 1
1, 47, 19, 13, 3818879944, 3833734499, 0, 1, 172466233, 1
1, 48, 19, 13, 3833734500, 3842674518, 0, 6, 523590487, 1
1, 48, 19, 13, 3833734500, 3842674518, 0, 5, 471506774, 1
1, 48, 19, 13, 3833734500, 3842674518, 0, 4, 409475012, 1
1, 48, 19, 13, 3833734500, 3842674518, 0, 3, 344271602, 1
1, 48, 19, 13, 3833734500, 3842674518, 0, 2, 276515678, 1
1, 48, 19, 13, 3833734500, 3842674518, 0, 1, 120852573, 1
1, 49, 19, 13, 3842674519, 3854662618, 0, 6, 445949813, 1
1, 49, 19, 13, 3842674519, 3854662618, 0, 5, 427880529, 1
1, 49, 19, 13, 3842674519, 3854662618, 0, 4, 403722066, 1
1, 49, 19, 13, 3842674519, 3854662618, 0, 3, 345737639, 1
1, 49, 19, 13, 3842674519, 3854662618, 0, 2, 279605704, 1
1, 49, 19, 13, 3842674519, 3854662618, 0, 1, 166476254, 1
1, 50, 19, 13, 3854662619, 3866299417, 0, 6, 300412632, 1
1, 50, 19, 13, 3854662619, 3866299417, 0, 5, 297579009, 1
1, 50, 19, 13, 3854662619, 3866299417, 0, 4, 307067681, 1
1, 50, 19, 13, 3854662619, 3866299417, 0, 3, 308370960, 1
1, 50, 19, 13, 3854662619, 3866299417, 0, 2, 235127205, 1
1, 50, 19, 13, 3854662619, 3866299417, 0, 1, 7223944, 1
1, 51, 19, 13, 3866299418, 3867065464, 0, 6, 232193527, 1
1, 51, 19, 13, 3866299418, 3867065464, 0, 5, 207265745, 1
1, 51, 19, 13, 3866299418, 3867065464, 0, 4, 191004289, 1
1, 51, 19, 13, 3866299418, 3867065464, 0, 3, 181372660, 1
1, 51, 19, 13, 3866299418, 3867065464, 0, 2, 70518196, 1
1, 51, 19, 13, 3866299418, 3867065464, 0, 1, 2622764, 1
1, 52, 19, 13, 3867065465, 3868160451, 0, 6, 39741887, 1
1, 52, 19, 13, 3867065465, 3868160451, 0, 5, 34743744, 1
1, 52, 19, 13, 3867065465, 3868160451, 0, 4, 29631228, 1
1, 52, 19, 13, 3867065465, 3868160451, 0, 3, 24542118, 1
1, 52, 19, 13, 3867065465, 3868160451, 0, 2, 19131023, 1
1, 52, 19, 13, 3867065465, 3868160451, 0, 1, 13784097, 1
1, 53, 19, 13, 3868160452, 3871313995, 0, 6, 38735728, 1
1, 53, 19, 13, 3868160452, 3871313995, 0, 5, 33122412, 1
1, 53, 19, 13, 3868160452, 3871313995, 0, 4, 27674122, 1
1, 53, 19, 13, 3868160452, 3871313995, 0, 3, 22228359, 1
1, 53, 19, 13, 3868160452, 3871313995, 0, 2, 16340794, 1
1, 53, 19, 13, 3868160452, 3871313995, 0, 1, 10862042, 1
1, 54, 19, 13, 3871313996, 3875315676, 0, 6, 59615133, 1
1, 54, 19, 13, 3871313996, 3875315676, 0, 5, 58590415, 1
1, 54, 19, 13, 3871313996, 3875315676, 0, 4, 59074410, 1
1, 54, 19, 13, 3871313996, 3875315676, 0, 3, 63435739, 1
1, 54, 19, 13, 3871313996, 3875315676, 0, 2, 15021293, 1
1, 54, 19, 13, 3871313996, 3875315676, 0, 1, 10286629, 1
1, 55, 19, 13, 3875315677, 3881551778, 0, 6, 19020017, 1
1, 55, 19, 13, 3875315677, 3881551778, 0, 5, 22824021, 1
1, 55, 19, 13, 3875315677, 3881551778, 0, 4, 1, 1
1, 55, 19, 13, 3875315677, 3881551778, 0, 3, 1, 1
1, 55, 19, 13, 3875315677, 3881551778, 0, 2, 1, 1
1, 55, 19, 13, 3875315677, 3881551778, 0, 1, 1, 1
1, 56, 19, 13, 3881551779, 3888312523, 0, 6, 86873128, 1
1, 56, 19, 13, 3881551779, 3888312523, 0, 5, 104247754, 1
1, 56, 19, 13, 3881551779, 3888312523, 0, 4, 76233765, 1
1, 56, 19, 13, 3881551779, 3888312523, 0, 3, 69999109, 1
1, 56, 19, 13, 3881551779, 3888312523, 0, 2, 66550239, 1
1, 56, 19, 13, 3881551779, 3888312523, 0, 1, 55168152, 1
1, 57, 19, 13, 3888312524, 3888868019, 0, 6, 396106290, 1
1, 57, 19, 13, 3888312524, 3888868019, 0, 5, 323329063, 1
1, 57, 19, 13, 3888312524, 3888868019, 0, 4, 236693019, 1
1, 57, 19, 13, 3888312524, 3888868019, 0, 3, 132754937, 1
1, 57, 19, 13, 3888312524, 3888868019, 0, 2, 108361197, 1
1, 57, 19, 13, 3888312524, 3888868019, 0, 1, 216722394, 1
1, 58, 19, 13, 3888868020, 3889835621, 0, 6, 118250995, 1
1, 58, 19, 13, 3888868020, 3889835621, 0, 5, 94005427, 1
1, 58, 19, 13, 3888868020, 3889835621, 0, 4, 24165234, 1
1, 58, 19, 13, 3888868020, 3889835621, 0, 3, 19556473, 1
1, 58, 19, 13, 3888868020, 3889835621, 0, 2, 13896587, 1
1, 58, 19, 13, 3888868020, 3889835621, 0, 1, 11588244, 1
1, 59, 19, 13, 3889835622, 3892029312, 0, 6, 40945710, 1
1, 59, 19, 13, 3889835622, 3892029312, 0, 5, 35429871, 1
1, 59, 19, 13, 3889835622, 3892029312, 0, 4, 30214915, 1
1, 59, 19, 13, 3889835622, 3892029312, 0, 3, 25800028, 1
1, 59, 19, 13, 3889835622, 3892029312, 0, 2, 22239897, 1
1, 59, 19, 13, 3889835622, 3892029312, 0, 1, 11867807, 1
1, 60, 19, 13, 3892029313, 3898402228, 0, 6, 116751153, 1
1, 60, 19, 13, 3892029313, 3898402228, 0, 5, 68891882, 1
1, 60, 19, 13, 3892029313, 3898402228, 0, 4, 44712947, 1
1, 60, 19, 13, 3892029313, 3898402228, 0, 3, 59617262, 1
1, 60, 19, 13, 3892029313, 3898402228, 0, 2, 1, 1
1, 60, 19, 13, 3892029313, 3898402228, 0, 1, 1, 1
1, 61, 19, 13, 3898402229, 3899943891, 0, 6, 1, 1
1, 61, 19, 13, 3898402229, 3899943891, 0, 5, 1, 1
1, 61, 19, 13, 3898402229, 3899943891, 0, 4, 1, 1
1, 61, 19, 13, 3898402229, 3899943891, 0, 3, 1, 1
1, 61, 19, 13, 3898402229, 3899943891, 0, 2, 1, 1
1, 61, 19, 13, 3898402229, 3899943891, 0, 1, 1, 1
1, 62, 19, 13, 3899943892, 3900542113, 0, 6, 438367248, 1
1, 62, 19, 13, 3899943892, 3900542113, 0, 5, 439277186, 1
1, 62, 19, 13, 3899943892, 3900542113, 0, 4, 429943934, 1
1, 62, 19, 13, 3899943892, 3900542113, 0, 3, 397718688, 1
1, 62, 19, 13, 3899943892, 3900542113, 0, 2, 386750225, 1
1, 62, 19, 13, 3899943892, 3900542113, 0, 1, 353924015, 1
1, 63, 19, 13, 3900542114, 3904738324, 0, 6, 132024192, 1
1, 63, 19, 13, 3900542114, 3904738324, 0, 5, 96405589, 1
1, 63, 19, 13, 3900542114, 3904738324, 0, 4, 64100406, 1
1, 63, 19, 13, 3900542114, 3904738324, 0, 3, 42159460, 1
1, 63, 19, 13, 3900542114, 3904738324, 0, 2, 22428547, 1
1, 63, 19, 13, 3900542114, 3904738324, 0, 1, 11606383, 1
1, 64, 19, 13, 3904738325, 3910728688, 0, 6, 96265957, 1
1, 64, 19, 13, 3904738325, 3910728688, 0, 5, 115519148, 1
1, 64, 19, 13, 3904738325, 3910728688, 0, 4, 83445161, 1
1, 64, 19, 13, 3904738325, 3910728688, 0, 3, 65118266, 1
1, 64, 19, 13, 3904738325, 3910728688, 0, 2, 1, 1
1, 64, 19, 13, 3904738325, 3910728688, 0, 1, 1, 1
1, 65, 19, 13, 3910728689, 3912553928, 0, 6, 64686577, 1
1, 65, 19, 13, 3910728689, 3912553928, 0, 5, 58672661, 1
1, 65, 19, 13, 3910728689, 3912553928, 0, 4, 52048100, 1
1, 65, 19, 13, 3910728689, 3912553928, 0, 3, 69397467, 1
1, 65, 19, 13, 3910728689, 3912553928, 0, 2, 85740899, 1
1, 65, 19, 13, 3910728689, 3912553928, 0, 1, 61593628, 1
1, 66, 19, 13, 3912553929, 3913043272, 0, 6, 296582185, 1
1, 66, 19, 13, 3912553929, 3913043272, 0, 5, 245977424, 1
1, 66, 19, 13, 3912553929, 3913043272, 0, 4, 172466596, 1
1, 66, 19, 13, 3912553929, 3913043272, 0, 3, 85078299, 1
1, 66, 19, 13, 3912553929, 3913043272, 0, 2, 35060483, 1
1, 66, 19, 13, 3912553929, 3913043272, 0, 1, 70120966, 1
1, 67, 19, 13, 3913043273, 3915301101, 0, 6, 39226114, 1
1, 67, 19, 13, 3913043273, 3915301101, 0, 5, 34274254, 1
1, 67, 19, 13, 3913043273, 3915301101, 0, 4, 29226847, 1
1, 67, 19, 13, 3913043273, 3915301101, 0, 3, 21655413, 1
1, 67, 19, 13, 3913043273, 3915301101, 0, 2, 16178875, 1
1, 67, 19, 13, 3913043273, 3915301101, 0, 1, 10716164, 1
1, 68, 19, 13, 3915301102, 3921277168, 0, 6, 199764528, 1
1, 68, 19, 13, 3915301102, 3921277168, 0, 5, 168021216, 1
1, 68, 19, 13, 3915301102, 3921277168, 0, 4, 210026520, 1
1, 68, 19, 13, 3915301102, 3921277168, 0, 3, 150340037, 1
1, 68, 19, 13, 3915301102, 3921277168, 0, 2, 170458341, 1
1, 68, 19, 13, 3915301102, 3921277168, 0, 1, 150191096, 1
1, 69, 19, 13, 3921277169, 3925545604, 0, 6, 26627413, 1
1, 69, 19, 13, 3921277169, 3925545604, 0, 5, 31952896, 1
1, 69, 19, 13, 3921277169, 3925545604, 0, 4, 39941119, 1
1, 69, 19, 13, 3921277169, 3925545604, 0, 3, 53254826, 1
1, 69, 19, 13, 3921277169, 3925545604, 0, 2, 1, 1
1, 69, 19, 13, 3921277169, 3925545604, 0, 1, 1, 1
1, 70, 19, 13, 3925545605, 3926187026, 0, 6, 350419059, 1
1, 70, 19, 13, 3925545605, 3926187026, 0, 5, 362037912, 1
1, 70, 19, 13, 3925545605, 3926187026, 0, 4, 406978832, 1
1, 70, 19, 13, 3925545605, 3926187026, 0, 3, 445743937, 1
1, 70, 19, 13, 3925545605, 3926187026, 0, 2, 394125980, 1
1, 70, 19, 13, 3925545605, 3926187026, 0, 1, 352613825, 1
1, 71, 19, 13, 3926187027, 3929194579, 0, 6, 41128182, 1
1, 71, 19, 13, 3926187027, 3929194579, 0, 5, 34894104, 1
1, 71, 19, 13, 3926187027, 3929194579, 0, 4, 27816011, 1
1, 71, 19, 13, 3926187027, 3929194579, 0, 3, 21419094, 1
1, 71, 19, 13, 3926187027, 3929194579, 0, 2, 15979714, 1
1, 71, 19, 13, 3926187027, 3929194579, 0, 1, 10166771, 1
1, 72, 19, 13, 3929194580, 3932440611, 0, 6, 117727854, 1
1, 72, 19, 13, 3929194580, 3932440611, 0, 5, 141273424, 1
1, 72, 19, 13, 3929194580, 3932440611, 0, 4, 176591780, 1
1, 72, 19, 13, 3929194580, 3932440611, 0, 3, 107657732, 1
1, 72, 19, 13, 3929194580, 3932440611, 0, 2, 1, 1
1, 72, 19, 13, 3929194580, 3932440611, 0, 1, 1, 1
1, 73, 19, 13, 3932440612, 3959720926, 0, 6, 84768317, 1
1, 73, 19, 13, 3932440612, 3959720926, 0, 5, 101721980, 1
1, 73, 19, 13, 3932440612, 3959720926, 0, 4, 127152475, 1
1, 73, 19, 13, 3932440612, 3959720926, 0, 3, 113044788, 1
1, 73, 19, 13, 3932440612, 3959720926, 0, 2, 115039782, 1
1, 73, 19, 13, 3932440612, 3959720926, 0, 1, 112633266, 1
1, 74, 19, 13, 3959720927, 3964523940, 0, 6, 48167144, 1
1, 74, 19, 13, 3959720927, 3964523940, 0, 5, 57800573, 1
1, 74, 19, 13, 3959720927, 3964523940, 0, 4, 38958438, 1
1, 74, 19, 13, 3959720927, 3964523940, 0, 3, 51944584, 1
1, 74, 19, 13, 3959720927, 3964523940, 0, 2, 52031422, 1
1, 74, 19, 13, 3959720927, 3964523940, 0, 1, 1, 1
1, 75, 19, 13, 3964523941, 3972066026, 0, 6, 39180076, 1
1, 75, 19, 13, 3964523941, 3972066026, 0, 5, 41085957, 1
1, 75, 19, 13, 3964523941, 3972066026, 0, 4, 15437261, 1
1, 75, 19, 13, 3964523941, 3972066026, 0, 3, 7362753, 1
1, 75, 19, 13, 3964523941, 3972066026, 0, 2, 11044129, 1
1, 75, 19, 13, 3964523941, 3972066026, 0, 1, 22088257, 1
1, 76, 19, 13, 3972066027, 3982474729, 0, 6, 74405221, 1
1, 76, 19, 13, 3972066027, 3982474729, 0, 5, 67728697, 1
1, 76, 19, 13, 3972066027, 3982474729, 0, 4, 78033806, 1
1, 76, 19, 13, 3972066027, 3982474729, 0, 3, 52046231, 1
1, 76, 19, 13, 3972066027, 3982474729, 0, 2, 38048043, 1
1, 76, 19, 13, 3972066027, 3982474729, 0, 1, 1, 1
