3, 1, 14, 14, 1, 84287413, 5, 5, 21558384, 0
3, 1, 14, 14, 1, 84287413, 5, 4, 22392117, 0
3, 1, 14, 14, 1, 84287413, 5, 3, 27137361, 0
3, 1, 14, 14, 1, 84287413, 5, 2, 33704126, 1
3, 1, 14, 14, 1, 84287413, 5, 1, 42645504, 0
3, 1, 14, 14, 1, 84287413, 5, 0, 38271541, 0
3, 1, 14, 14, 1, 84287413, 4, 5, 20695972, 0
3, 1, 14, 14, 1, 84287413, 4, 4, 22486327, 1
3, 1, 14, 14, 1, 84287413, 4, 3, 27076830, 1
3, 1, 14, 14, 1, 84287413, 4, 2, 33090758, 1
3, 1, 14, 14, 1, 84287413, 4, 1, 40382313, 0
3, 1, 14, 14, 1, 84287413, 4, 0, 24007933, 0
3, 1, 14, 14, 1, 84287413, 3, 5, 11487214, 0
3, 1, 14, 14, 1, 84287413, 3, 4, 13905575, 0
3, 1, 14, 14, 1, 84287413, 3, 3, 15932923, 1
3, 1, 14, 14, 1, 84287413, 3, 2, 21726714, 1
3, 1, 14, 14, 1, 84287413, 3, 1, 19880579, 0
3, 1, 14, 14, 1, 84287413, 3, 0, 32010577, 0
3, 1, 14, 14, 1, 84287413, 2, 5, 15541525, 0
3, 1, 14, 14, 1, 84287413, 2, 4, 18871852, 0
3, 1, 14, 14, 1, 84287413, 2, 3, 21726714, 0
3, 1, 14, 14, 1, 84287413, 2, 2, 29874231, 1
3, 1, 14, 14, 1, 84287413, 2, 1, 27832810, 0
3, 1, 14, 14, 1, 84287413, 2, 0, 48015865, 0
3, 1, 14, 14, 1, 84287413, 1, 5, 24018720, 0
3, 1, 14, 14, 1, 84287413, 1, 4, 29356214, 0
3, 1, 14, 14, 1, 84287413, 1, 3, 34141978, 0
3, 1, 14, 14, 1, 84287413, 1, 2, 47798769, 0
3, 1, 14, 14, 1, 84287413, 1, 1, 46388016, 0
3, 1, 14, 14, 1, 84287413, 1, 0, 96031730, 0
3, 1, 14, 14, 1, 84287413, 0, 5, 19965960, 1
3, 1, 14, 14, 1, 84287413, 0, 4, 24957450, 1
3, 1, 14, 14, 1, 84287413, 0, 3, 33276600, 1
3, 1, 14, 14, 1, 84287413, 0, 2, 49914899, 1
3, 1, 14, 14, 1, 84287413, 0, 1, 1, 1
3, 2, 14, 14, 84287414, 100572773, 5, 5, 71058661, 0
3, 2, 14, 14, 84287414, 100572773, 5, 4, 74910990, 1
3, 2, 14, 14, 84287414, 100572773, 5, 3, 90745484, 1
3, 2, 14, 14, 84287414, 100572773, 5, 2, 106271210, 1
3, 2, 14, 14, 84287414, 100572773, 5, 1, 112349022, 1
3, 2, 14, 14, 84287414, 100572773, 5, 0, 61120616, 0
3, 2, 14, 14, 84287414, 100572773, 4, 5, 69344493, 1
3, 2, 14, 14, 84287414, 100572773, 4, 4, 73106389, 1
3, 2, 14, 14, 84287414, 100572773, 4, 3, 92344912, 1
3, 2, 14, 14, 84287414, 100572773, 4, 2, 105286983, 1
3, 2, 14, 14, 84287414, 100572773, 4, 1, 109222878, 1
3, 2, 14, 14, 84287414, 100572773, 4, 0, 59542981, 0
3, 2, 14, 14, 84287414, 100572773, 3, 5, 74128620, 0
3, 2, 14, 14, 84287414, 100572773, 3, 4, 76237963, 0
3, 2, 14, 14, 84287414, 100572773, 3, 3, 96568087, 1
3, 2, 14, 14, 84287414, 100572773, 3, 2, 116579923, 1
3, 2, 14, 14, 84287414, 100572773, 3, 1, 113052469, 1
3, 2, 14, 14, 84287414, 100572773, 3, 0, 79390641, 0
3, 2, 14, 14, 84287414, 100572773, 2, 5, 76584948, 0
3, 2, 14, 14, 84287414, 100572773, 2, 4, 84428606, 0
3, 2, 14, 14, 84287414, 100572773, 2, 3, 107454589, 0
3, 2, 14, 14, 84287414, 100572773, 2, 2, 126982291, 1
3, 2, 14, 14, 84287414, 100572773, 2, 1, 140265434, 1
3, 2, 14, 14, 84287414, 100572773, 2, 0, 119085962, 0
3, 2, 14, 14, 84287414, 100572773, 1, 5, 58548731, 0
3, 2, 14, 14, 84287414, 100572773, 1, 4, 58232489, 0
3, 2, 14, 14, 84287414, 100572773, 1, 3, 74870342, 1
3, 2, 14, 14, 84287414, 100572773, 1, 2, 71590050, 1
3, 2, 14, 14, 84287414, 100572773, 1, 1, 91188019, 1
3, 2, 14, 14, 84287414, 100572773, 1, 0, 72842794, 0
3, 2, 14, 14, 84287414, 100572773, 0, 5, 59746083, 1
3, 2, 14, 14, 84287414, 100572773, 0, 4, 71276864, 1
3, 2, 14, 14, 84287414, 100572773, 0, 3, 95035818, 1
3, 2, 14, 14, 84287414, 100572773, 0, 2, 142553727, 1
3, 2, 14, 14, 84287414, 100572773, 0, 1, 200721263, 1
3, 3, 14, 14, 100572774, 159590026, 5, 5, 27203637, 0
3, 3, 14, 14, 100572774, 159590026, 5, 4, 21382192, 0
3, 3, 14, 14, 100572774, 159590026, 5, 3, 21671551, 0
3, 3, 14, 14, 100572774, 159590026, 5, 2, 23752940, 0
3, 3, 14, 14, 100572774, 159590026, 5, 1, 25387127, 1
3, 3, 14, 14, 100572774, 159590026, 5, 0, 39311645, 0
3, 3, 14, 14, 100572774, 159590026, 4, 5, 22379747, 0
3, 3, 14, 14, 100572774, 159590026, 4, 4, 19487698, 0
3, 3, 14, 14, 100572774, 159590026, 4, 3, 23877199, 0
3, 3, 14, 14, 100572774, 159590026, 4, 2, 28063693, 0
3, 3, 14, 14, 100572774, 159590026, 4, 1, 29816681, 1
3, 3, 14, 14, 100572774, 159590026, 4, 0, 49139556, 0
3, 3, 14, 14, 100572774, 159590026, 3, 5, 23797236, 0
3, 3, 14, 14, 100572774, 159590026, 3, 4, 23877199, 0
3, 3, 14, 14, 100572774, 159590026, 3, 3, 30244452, 0
3, 3, 14, 14, 100572774, 159590026, 3, 2, 35717428, 0
3, 3, 14, 14, 100572774, 159590026, 3, 1, 38335732, 0
3, 3, 14, 14, 100572774, 159590026, 3, 0, 65519408, 0
3, 3, 14, 14, 100572774, 159590026, 2, 5, 26427024, 0
3, 3, 14, 14, 100572774, 159590026, 2, 4, 28059236, 0
3, 3, 14, 14, 100572774, 159590026, 2, 3, 35711755, 0
3, 3, 14, 14, 100572774, 159590026, 2, 2, 41506779, 0
3, 3, 14, 14, 100572774, 159590026, 2, 1, 41562488, 0
3, 3, 14, 14, 100572774, 159590026, 2, 0, 68010270, 0
3, 3, 14, 14, 100572774, 159590026, 1, 5, 28505981, 1
3, 3, 14, 14, 100572774, 159590026, 1, 4, 28570632, 1
3, 3, 14, 14, 100572774, 159590026, 1, 3, 36733670, 1
3, 3, 14, 14, 100572774, 159590026, 1, 2, 39272123, 1
3, 3, 14, 14, 100572774, 159590026, 1, 1, 25780227, 1
3, 3, 14, 14, 100572774, 159590026, 1, 0, 13385942, 0
3, 3, 14, 14, 100572774, 159590026, 0, 5, 30905463, 1
3, 3, 14, 14, 100572774, 159590026, 0, 4, 24524302, 1
3, 3, 14, 14, 100572774, 159590026, 0, 3, 32699069, 1
3, 3, 14, 14, 100572774, 159590026, 0, 2, 31977370, 1
3, 3, 14, 14, 100572774, 159590026, 0, 1, 63954739, 1
3, 4, 14, 14, 159590027, 314368873, 5, 5, 50335919, 1
3, 4, 14, 14, 159590027, 314368873, 5, 4, 47940745, 1
3, 4, 14, 14, 159590027, 314368873, 5, 3, 46528921, 1
3, 4, 14, 14, 159590027, 314368873, 5, 2, 39021062, 0
3, 4, 14, 14, 159590027, 314368873, 5, 1, 38729370, 0
3, 4, 14, 14, 159590027, 314368873, 5, 0, 41862844, 0
3, 4, 14, 14, 159590027, 314368873, 4, 5, 48432161, 1
3, 4, 14, 14, 159590027, 314368873, 4, 4, 46141767, 1
3, 4, 14, 14, 159590027, 314368873, 4, 3, 43116166, 1
3, 4, 14, 14, 159590027, 314368873, 4, 2, 35415053, 0
3, 4, 14, 14, 159590027, 314368873, 4, 1, 46047538, 0
3, 4, 14, 14, 159590027, 314368873, 4, 0, 49429748, 0
3, 4, 14, 14, 159590027, 314368873, 3, 5, 56399202, 1
3, 4, 14, 14, 159590027, 314368873, 3, 4, 52634282, 1
3, 4, 14, 14, 159590027, 314368873, 3, 3, 48126429, 0
3, 4, 14, 14, 159590027, 314368873, 3, 2, 45073704, 0
3, 4, 14, 14, 159590027, 314368873, 3, 1, 59203978, 0
3, 4, 14, 14, 159590027, 314368873, 3, 0, 65906330, 0
3, 4, 14, 14, 159590027, 314368873, 2, 5, 61166418, 1
3, 4, 14, 14, 159590027, 314368873, 2, 4, 58905897, 1
3, 4, 14, 14, 159590027, 314368873, 2, 3, 49684330, 1
3, 4, 14, 14, 159590027, 314368873, 2, 2, 40055243, 1
3, 4, 14, 14, 159590027, 314368873, 2, 1, 47811808, 0
3, 4, 14, 14, 159590027, 314368873, 2, 0, 23494312, 0
3, 4, 14, 14, 159590027, 314368873, 1, 5, 50409042, 1
3, 4, 14, 14, 159590027, 314368873, 1, 4, 45743191, 1
3, 4, 14, 14, 159590027, 314368873, 1, 3, 31482990, 1
3, 4, 14, 14, 159590027, 314368873, 1, 2, 23125524, 1
3, 4, 14, 14, 159590027, 314368873, 1, 1, 11414907, 0
3, 4, 14, 14, 159590027, 314368873, 1, 0, 34244720, 0
3, 4, 14, 14, 159590027, 314368873, 0, 5, 75488799, 1
3, 4, 14, 14, 159590027, 314368873, 0, 4, 94360998, 1
3, 4, 14, 14, 159590027, 314368873, 0, 3, 62045403, 1
3, 4, 14, 14, 159590027, 314368873, 0, 2, 40691449, 1
3, 4, 14, 14, 159590027, 314368873, 0, 1, 1, 1
3, 5, 14, 14, 314368874, 376337779, 5, 5, 2995998, 1
3, 5, 14, 14, 314368874, 376337779, 5, 4, 3615859, 1
3, 5, 14, 14, 314368874, 376337779, 5, 3, 1193404, 1
3, 5, 14, 14, 314368874, 376337779, 5, 2, 1, 1
3, 5, 14, 14, 314368874, 376337779, 5, 1, 1, 1
3, 5, 14, 14, 314368874, 376337779, 5, 0, 1, 0
3, 5, 14, 14, 314368874, 376337779, 4, 5, 3615859, 1
3, 5, 14, 14, 314368874, 376337779, 4, 4, 4369163, 1
3, 5, 14, 14, 314368874, 376337779, 4, 3, 1444647, 1
3, 5, 14, 14, 314368874, 376337779, 4, 2, 1, 1
3, 5, 14, 14, 314368874, 376337779, 4, 1, 1, 1
3, 5, 14, 14, 314368874, 376337779, 4, 0, 1, 0
3, 5, 14, 14, 314368874, 376337779, 3, 5, 4098932, 1
3, 5, 14, 14, 314368874, 376337779, 3, 4, 4961865, 1
3, 5, 14, 14, 314368874, 376337779, 3, 3, 1829886, 1
3, 5, 14, 14, 314368874, 376337779, 3, 2, 1, 1
3, 5, 14, 14, 314368874, 376337779, 3, 1, 1, 1
3, 5, 14, 14, 314368874, 376337779, 3, 0, 1, 0
3, 5, 14, 14, 314368874, 376337779, 2, 5, 5545613, 1
3, 5, 14, 14, 314368874, 376337779, 2, 4, 6733959, 1
3, 5, 14, 14, 314368874, 376337779, 2, 3, 2495299, 1
3, 5, 14, 14, 314368874, 376337779, 2, 2, 1, 1
3, 5, 14, 14, 314368874, 376337779, 2, 1, 1, 1
3, 5, 14, 14, 314368874, 376337779, 2, 0, 1, 0
3, 5, 14, 14, 314368874, 376337779, 1, 5, 8570493, 1
3, 5, 14, 14, 314368874, 376337779, 1, 4, 10475047, 1
3, 5, 14, 14, 314368874, 376337779, 1, 3, 3921184, 1
3, 5, 14, 14, 314368874, 376337779, 1, 2, 1, 1
3, 5, 14, 14, 314368874, 376337779, 1, 1, 1, 1
3, 5, 14, 14, 314368874, 376337779, 1, 0, 1, 0
3, 5, 14, 14, 314368874, 376337779, 0, 5, 1, 1
3, 5, 14, 14, 314368874, 376337779, 0, 4, 1, 1
3, 5, 14, 14, 314368874, 376337779, 0, 3, 1, 1
3, 5, 14, 14, 314368874, 376337779, 0, 2, 1, 1
3, 5, 14, 14, 314368874, 376337779, 0, 1, 1, 1
3, 6, 14, 14, 376337780, 406927073, 5, 5, 7404020, 1
3, 6, 14, 14, 376337780, 406927073, 5, 4, 7923108, 1
3, 6, 14, 14, 376337780, 406927073, 5, 3, 7283842, 1
3, 6, 14, 14, 376337780, 406927073, 5, 2, 6063569, 1
3, 6, 14, 14, 376337780, 406927073, 5, 1, 3809081, 0
3, 6, 14, 14, 376337780, 406927073, 5, 0, 619036, 0
3, 6, 14, 14, 376337780, 406927073, 4, 5, 8092833, 1
3, 6, 14, 14, 376337780, 406927073, 4, 4, 9339025, 1
3, 6, 14, 14, 376337780, 406927073, 4, 3, 8520780, 1
3, 6, 14, 14, 376337780, 406927073, 4, 2, 6960510, 1
3, 6, 14, 14, 376337780, 406927073, 4, 1, 4655543, 0
3, 6, 14, 14, 376337780, 406927073, 4, 0, 773795, 0
3, 6, 14, 14, 376337780, 406927073, 3, 5, 7997940, 1
3, 6, 14, 14, 376337780, 406927073, 3, 4, 9681716, 1
3, 6, 14, 14, 376337780, 406927073, 3, 3, 10196170, 1
3, 6, 14, 14, 376337780, 406927073, 3, 2, 8858831, 1
3, 6, 14, 14, 376337780, 406927073, 3, 1, 5985698, 0
3, 6, 14, 14, 376337780, 406927073, 3, 0, 1031727, 0
3, 6, 14, 14, 376337780, 406927073, 2, 5, 8295628, 1
3, 6, 14, 14, 376337780, 406927073, 2, 4, 10073263, 1
3, 6, 14, 14, 376337780, 406927073, 2, 3, 10001421, 1
3, 6, 14, 14, 376337780, 406927073, 2, 2, 7330304, 1
3, 6, 14, 14, 376337780, 406927073, 2, 1, 619036, 0
3, 6, 14, 14, 376337780, 406927073, 2, 0, 1547590, 0
3, 6, 14, 14, 376337780, 406927073, 1, 5, 10467285, 1
3, 6, 14, 14, 376337780, 406927073, 1, 4, 12793348, 1
3, 6, 14, 14, 376337780, 406927073, 1, 3, 12018583, 1
3, 6, 14, 14, 376337780, 406927073, 1, 2, 11109450, 1
3, 6, 14, 14, 376337780, 406927073, 1, 1, 1, 1
3, 6, 14, 14, 376337780, 406927073, 1, 0, 1, 0
3, 6, 14, 14, 376337780, 406927073, 0, 5, 23028026, 1
3, 6, 14, 14, 376337780, 406927073, 0, 4, 28785032, 1
3, 6, 14, 14, 376337780, 406927073, 0, 3, 28043360, 1
3, 6, 14, 14, 376337780, 406927073, 0, 2, 27773625, 1
3, 6, 14, 14, 376337780, 406927073, 0, 1, 1, 1
3, 7, 14, 14, 406927074, 514920484, 5, 5, 55929688, 1
3, 7, 14, 14, 406927074, 514920484, 5, 4, 52017038, 1
3, 7, 14, 14, 406927074, 514920484, 5, 3, 54989652, 1
3, 7, 14, 14, 406927074, 514920484, 5, 2, 42406269, 1
3, 7, 14, 14, 406927074, 514920484, 5, 1, 41767846, 0
3, 7, 14, 14, 406927074, 514920484, 5, 0, 58092241, 0
3, 7, 14, 14, 406927074, 514920484, 4, 5, 57974774, 1
3, 7, 14, 14, 406927074, 514920484, 4, 4, 56735317, 1
3, 7, 14, 14, 406927074, 514920484, 4, 3, 58837658, 1
3, 7, 14, 14, 406927074, 514920484, 4, 2, 43320918, 1
3, 7, 14, 14, 406927074, 514920484, 4, 1, 38336953, 0
3, 7, 14, 14, 406927074, 514920484, 4, 0, 44011870, 0
3, 7, 14, 14, 406927074, 514920484, 3, 5, 65450083, 1
3, 7, 14, 14, 406927074, 514920484, 3, 4, 62406899, 1
3, 7, 14, 14, 406927074, 514920484, 3, 3, 67962385, 1
3, 7, 14, 14, 406927074, 514920484, 3, 2, 55135713, 1
3, 7, 14, 14, 406927074, 514920484, 3, 1, 49290367, 0
3, 7, 14, 14, 406927074, 514920484, 3, 0, 58682493, 0
3, 7, 14, 14, 406927074, 514920484, 2, 5, 75899783, 1
3, 7, 14, 14, 406927074, 514920484, 2, 4, 69333962, 1
3, 7, 14, 14, 406927074, 514920484, 2, 3, 77564105, 0
3, 7, 14, 14, 406927074, 514920484, 2, 2, 67302523, 0
3, 7, 14, 14, 406927074, 514920484, 2, 1, 59927347, 0
3, 7, 14, 14, 406927074, 514920484, 2, 0, 88023739, 0
3, 7, 14, 14, 406927074, 514920484, 1, 5, 83964209, 1
3, 7, 14, 14, 406927074, 514920484, 1, 4, 78916599, 1
3, 7, 14, 14, 406927074, 514920484, 1, 3, 84682725, 1
3, 7, 14, 14, 406927074, 514920484, 1, 2, 71281106, 1
3, 7, 14, 14, 406927074, 514920484, 1, 1, 39207361, 0
3, 7, 14, 14, 406927074, 514920484, 1, 0, 63498480, 0
3, 7, 14, 14, 406927074, 514920484, 0, 5, 95345054, 1
3, 7, 14, 14, 406927074, 514920484, 0, 4, 88756480, 1
3, 7, 14, 14, 406927074, 514920484, 0, 3, 79185201, 1
3, 7, 14, 14, 406927074, 514920484, 0, 2, 69832755, 1
3, 7, 14, 14, 406927074, 514920484, 0, 1, 1, 1
3, 8, 14, 14, 514920485, 669489050, 5, 5, 96137401, 0
3, 8, 14, 14, 514920485, 669489050, 5, 4, 94546070, 0
3, 8, 14, 14, 514920485, 669489050, 5, 3, 84050146, 0
3, 8, 14, 14, 514920485, 669489050, 5, 2, 69183205, 0
3, 8, 14, 14, 514920485, 669489050, 5, 1, 52249993, 0
3, 8, 14, 14, 514920485, 669489050, 5, 0, 114949985, 0
3, 8, 14, 14, 514920485, 669489050, 4, 5, 40974410, 1
3, 8, 14, 14, 514920485, 669489050, 4, 4, 49510746, 1
3, 8, 14, 14, 514920485, 669489050, 4, 3, 29910896, 1
3, 8, 14, 14, 514920485, 669489050, 4, 2, 1, 1
3, 8, 14, 14, 514920485, 669489050, 4, 1, 1, 1
3, 8, 14, 14, 514920485, 669489050, 4, 0, 1, 0
3, 8, 14, 14, 514920485, 669489050, 3, 5, 1, 1
3, 8, 14, 14, 514920485, 669489050, 3, 4, 1, 1
3, 8, 14, 14, 514920485, 669489050, 3, 3, 1, 1
3, 8, 14, 14, 514920485, 669489050, 3, 2, 1, 1
3, 8, 14, 14, 514920485, 669489050, 3, 1, 1, 1
3, 8, 14, 14, 514920485, 669489050, 3, 0, 1, 0
3, 8, 14, 14, 514920485, 669489050, 2, 5, 1, 1
3, 8, 14, 14, 514920485, 669489050, 2, 4, 1, 1
3, 8, 14, 14, 514920485, 669489050, 2, 3, 1, 1
3, 8, 14, 14, 514920485, 669489050, 2, 2, 1, 1
3, 8, 14, 14, 514920485, 669489050, 2, 1, 1, 1
3, 8, 14, 14, 514920485, 669489050, 2, 0, 1, 0
3, 8, 14, 14, 514920485, 669489050, 1, 5, 1, 1
3, 8, 14, 14, 514920485, 669489050, 1, 4, 1, 1
3, 8, 14, 14, 514920485, 669489050, 1, 3, 1, 1
3, 8, 14, 14, 514920485, 669489050, 1, 2, 1, 1
3, 8, 14, 14, 514920485, 669489050, 1, 1, 1, 1
3, 8, 14, 14, 514920485, 669489050, 1, 0, 1, 0
3, 8, 14, 14, 514920485, 669489050, 0, 5, 1, 1
3, 8, 14, 14, 514920485, 669489050, 0, 4, 1, 1
3, 8, 14, 14, 514920485, 669489050, 0, 3, 1, 1
3, 8, 14, 14, 514920485, 669489050, 0, 2, 1, 1
3, 8, 14, 14, 514920485, 669489050, 0, 1, 1, 1
3, 9, 14, 14, 669489051, 770751198, 5, 5, 103419769, 0
3, 9, 14, 14, 669489051, 770751198, 5, 4, 90129454, 1
3, 9, 14, 14, 669489051, 770751198, 5, 3, 70486729, 1
3, 9, 14, 14, 669489051, 770751198, 5, 2, 60917106, 1
3, 9, 14, 14, 669489051, 770751198, 5, 1, 7877043, 1
3, 9, 14, 14, 669489051, 770751198, 5, 0, 4459102, 0
3, 9, 14, 14, 669489051, 770751198, 4, 5, 104623723, 0
3, 9, 14, 14, 669489051, 770751198, 4, 4, 84506259, 0
3, 9, 14, 14, 669489051, 770751198, 4, 3, 54504779, 1
3, 9, 14, 14, 669489051, 770751198, 4, 2, 73970772, 1
3, 9, 14, 14, 669489051, 770751198, 4, 1, 9627497, 1
3, 9, 14, 14, 669489051, 770751198, 4, 0, 5573877, 0
3, 9, 14, 14, 669489051, 770751198, 3, 5, 85854002, 1
3, 9, 14, 14, 669489051, 770751198, 3, 4, 50984436, 1
3, 9, 14, 14, 669489051, 770751198, 3, 3, 64580286, 1
3, 9, 14, 14, 669489051, 770751198, 3, 2, 88064026, 1
3, 9, 14, 14, 669489051, 770751198, 3, 1, 6008066, 1
3, 9, 14, 14, 669489051, 770751198, 3, 0, 1, 0
3, 9, 14, 14, 669489051, 770751198, 2, 5, 116155414, 1
3, 9, 14, 14, 669489051, 770751198, 2, 4, 69193164, 1
3, 9, 14, 14, 669489051, 770751198, 2, 3, 88064026, 1
3, 9, 14, 14, 669489051, 770751198, 2, 2, 121088036, 1
3, 9, 14, 14, 669489051, 770751198, 2, 1, 8411293, 1
3, 9, 14, 14, 669489051, 770751198, 2, 0, 1, 0
3, 9, 14, 14, 669489051, 770751198, 1, 5, 93360544, 1
3, 9, 14, 14, 669489051, 770751198, 1, 4, 2336471, 1
3, 9, 14, 14, 669489051, 770751198, 1, 3, 3004033, 1
3, 9, 14, 14, 669489051, 770751198, 1, 2, 4205647, 1
3, 9, 14, 14, 669489051, 770751198, 1, 1, 7009411, 1
3, 9, 14, 14, 669489051, 770751198, 1, 0, 1, 0
3, 9, 14, 14, 669489051, 770751198, 0, 5, 4205647, 1
3, 9, 14, 14, 669489051, 770751198, 0, 4, 5257058, 1
3, 9, 14, 14, 669489051, 770751198, 0, 3, 7009411, 1
3, 9, 14, 14, 669489051, 770751198, 0, 2, 10514116, 1
3, 9, 14, 14, 669489051, 770751198, 0, 1, 21028231, 1
3, 10, 14, 14, 770751199, 787309075, 5, 5, 2954778, 0
3, 10, 14, 14, 770751199, 787309075, 5, 4, 3566111, 0
3, 10, 14, 14, 770751199, 787309075, 5, 3, 3892339, 0
3, 10, 14, 14, 770751199, 787309075, 5, 2, 1438334, 0
3, 10, 14, 14, 770751199, 787309075, 5, 1, 2222880, 0
3, 10, 14, 14, 770751199, 787309075, 5, 0, 2374793, 0
3, 10, 14, 14, 770751199, 787309075, 4, 5, 2653313, 0
3, 10, 14, 14, 770751199, 787309075, 4, 4, 3206087, 0
3, 10, 14, 14, 770751199, 787309075, 4, 3, 4049793, 0
3, 10, 14, 14, 770751199, 787309075, 4, 2, 848141, 0
3, 10, 14, 14, 770751199, 787309075, 4, 1, 1319330, 0
3, 10, 14, 14, 770751199, 787309075, 4, 0, 2968491, 0
3, 10, 14, 14, 770751199, 787309075, 3, 5, 3345482, 0
3, 10, 14, 14, 770751199, 787309075, 3, 4, 4049793, 0
3, 10, 14, 14, 770751199, 787309075, 3, 3, 5129738, 0
3, 10, 14, 14, 770751199, 787309075, 3, 2, 1079452, 0
3, 10, 14, 14, 770751199, 787309075, 3, 1, 1696281, 0
3, 10, 14, 14, 770751199, 787309075, 3, 0, 3957988, 0
3, 10, 14, 14, 770751199, 787309075, 2, 5, 4526240, 0
3, 10, 14, 14, 770751199, 787309075, 2, 4, 5496148, 0
3, 10, 14, 14, 770751199, 787309075, 2, 3, 6995097, 0
3, 10, 14, 14, 770751199, 787309075, 2, 2, 1484246, 0
3, 10, 14, 14, 770751199, 787309075, 2, 1, 2374793, 0
3, 10, 14, 14, 770751199, 787309075, 2, 0, 5936982, 0
3, 10, 14, 14, 770751199, 787309075, 1, 5, 6995097, 0
3, 10, 14, 14, 770751199, 787309075, 1, 4, 8549563, 0
3, 10, 14, 14, 770751199, 787309075, 1, 3, 10992295, 0
3, 10, 14, 14, 770751199, 787309075, 1, 2, 2374793, 0
3, 10, 14, 14, 770751199, 787309075, 1, 1, 3957988, 0
3, 10, 14, 14, 770751199, 787309075, 1, 0, 11873963, 0
3, 10, 14, 14, 770751199, 787309075, 0, 5, 1, 1
3, 10, 14, 14, 770751199, 787309075, 0, 4, 1, 1
3, 10, 14, 14, 770751199, 787309075, 0, 3, 1, 1
3, 10, 14, 14, 770751199, 787309075, 0, 2, 1, 1
3, 10, 14, 14, 770751199, 787309075, 0, 1, 1, 1
3, 11, 14, 14, 787309076, 846665124, 5, 5, 5940384, 0
3, 11, 14, 14, 787309076, 846665124, 5, 4, 7169429, 0
3, 11, 14, 14, 787309076, 846665124, 5, 3, 9039715, 0
3, 11, 14, 14, 787309076, 846665124, 5, 2, 12230202, 0
3, 11, 14, 14, 787309076, 846665124, 5, 1, 18901221, 0
3, 11, 14, 14, 787309076, 846665124, 5, 0, 20791343, 0
3, 11, 14, 14, 787309076, 846665124, 4, 5, 7169429, 0
3, 11, 14, 14, 787309076, 846665124, 4, 4, 8663060, 0
3, 11, 14, 14, 787309076, 846665124, 4, 3, 10942812, 0
3, 11, 14, 14, 787309076, 846665124, 4, 2, 14850959, 0
3, 11, 14, 14, 787309076, 846665124, 4, 1, 23101492, 0
3, 11, 14, 14, 787309076, 846665124, 4, 0, 25989179, 0
3, 11, 14, 14, 787309076, 846665124, 3, 5, 1, 1
3, 11, 14, 14, 787309076, 846665124, 3, 4, 1, 1
3, 11, 14, 14, 787309076, 846665124, 3, 3, 1, 1
3, 11, 14, 14, 787309076, 846665124, 3, 2, 1, 1
3, 11, 14, 14, 787309076, 846665124, 3, 1, 1, 1
3, 11, 14, 14, 787309076, 846665124, 3, 0, 1, 0
3, 11, 14, 14, 787309076, 846665124, 2, 5, 1, 1
3, 11, 14, 14, 787309076, 846665124, 2, 4, 1, 1
3, 11, 14, 14, 787309076, 846665124, 2, 3, 1, 1
3, 11, 14, 14, 787309076, 846665124, 2, 2, 1, 1
3, 11, 14, 14, 787309076, 846665124, 2, 1, 1, 1
3, 11, 14, 14, 787309076, 846665124, 2, 0, 1, 0
3, 11, 14, 14, 787309076, 846665124, 1, 5, 1, 1
3, 11, 14, 14, 787309076, 846665124, 1, 4, 1, 1
3, 11, 14, 14, 787309076, 846665124, 1, 3, 1, 1
3, 11, 14, 14, 787309076, 846665124, 1, 2, 1, 1
3, 11, 14, 14, 787309076, 846665124, 1, 1, 1, 1
3, 11, 14, 14, 787309076, 846665124, 1, 0, 1, 0
3, 11, 14, 14, 787309076, 846665124, 0, 5, 1, 1
3, 11, 14, 14, 787309076, 846665124, 0, 4, 1, 1
3, 11, 14, 14, 787309076, 846665124, 0, 3, 1, 1
3, 11, 14, 14, 787309076, 846665124, 0, 2, 1, 1
3, 11, 14, 14, 787309076, 846665124, 0, 1, 1, 1
3, 12, 14, 14, 846665125, 1220356183, 5, 5, 51769479, 0
3, 12, 14, 14, 846665125, 1220356183, 5, 4, 62480405, 0
3, 12, 14, 14, 846665125, 1220356183, 5, 3, 78779641, 0
3, 12, 14, 14, 846665125, 1220356183, 5, 2, 104746413, 0
3, 12, 14, 14, 846665125, 1220356183, 5, 1, 153058385, 0
3, 12, 14, 14, 846665125, 1220356183, 5, 0, 182363331, 0
3, 12, 14, 14, 846665125, 1220356183, 4, 5, 62480405, 0
3, 12, 14, 14, 846665125, 1220356183, 4, 4, 75497156, 0
3, 12, 14, 14, 846665125, 1220356183, 4, 3, 95364829, 0
3, 12, 14, 14, 846665125, 1220356183, 4, 2, 127192073, 0
3, 12, 14, 14, 846665125, 1220356183, 4, 1, 187071359, 0
3, 12, 14, 14, 846665125, 1220356183, 4, 0, 227954164, 0
3, 12, 14, 14, 846665125, 1220356183, 3, 5, 5577805, 1
3, 12, 14, 14, 846665125, 1220356183, 3, 4, 6752080, 1
3, 12, 14, 14, 846665125, 1220356183, 3, 3, 8552635, 1
3, 12, 14, 14, 846665125, 1220356183, 3, 2, 8822436, 1
3, 12, 14, 14, 846665125, 1220356183, 3, 1, 1, 1
3, 12, 14, 14, 846665125, 1220356183, 3, 0, 1, 0
3, 12, 14, 14, 846665125, 1220356183, 2, 5, 7546443, 1
3, 12, 14, 14, 846665125, 1220356183, 2, 4, 9163537, 1
3, 12, 14, 14, 846665125, 1220356183, 2, 3, 11662684, 1
3, 12, 14, 14, 846665125, 1220356183, 2, 2, 12130849, 1
3, 12, 14, 14, 846665125, 1220356183, 2, 1, 1, 1
3, 12, 14, 14, 846665125, 1220356183, 2, 0, 1, 0
3, 12, 14, 14, 846665125, 1220356183, 1, 5, 8822436, 1
3, 12, 14, 14, 846665125, 1220356183, 1, 4, 10782977, 1
3, 12, 14, 14, 846665125, 1220356183, 1, 3, 13863827, 1
3, 12, 14, 14, 846665125, 1220356183, 1, 2, 19409358, 1
3, 12, 14, 14, 846665125, 1220356183, 1, 1, 1, 1
3, 12, 14, 14, 846665125, 1220356183, 1, 0, 1, 0
3, 12, 14, 14, 846665125, 1220356183, 0, 5, 1, 1
3, 12, 14, 14, 846665125, 1220356183, 0, 4, 1, 1
3, 12, 14, 14, 846665125, 1220356183, 0, 3, 1, 1
3, 12, 14, 14, 846665125, 1220356183, 0, 2, 1, 1
3, 12, 14, 14, 846665125, 1220356183, 0, 1, 1, 1
3, 13, 14, 14, 1220356184, 1675970112, 5, 5, 31397436, 0
3, 13, 14, 14, 1220356184, 1675970112, 5, 4, 37893457, 0
3, 13, 14, 14, 1220356184, 1675970112, 5, 3, 40805003, 0
3, 13, 14, 14, 1220356184, 1675970112, 5, 2, 55206769, 0
3, 13, 14, 14, 1220356184, 1675970112, 5, 1, 69107445, 0
3, 13, 14, 14, 1220356184, 1675970112, 5, 0, 152036377, 0
3, 13, 14, 14, 1220356184, 1675970112, 4, 5, 37893457, 0
3, 13, 14, 14, 1220356184, 1675970112, 4, 4, 45787927, 0
3, 13, 14, 14, 1220356184, 1675970112, 4, 3, 49395530, 0
3, 13, 14, 14, 1220356184, 1675970112, 4, 2, 67036791, 0
3, 13, 14, 14, 1220356184, 1675970112, 4, 1, 84464654, 0
3, 13, 14, 14, 1220356184, 1675970112, 4, 0, 190045472, 0
3, 13, 14, 14, 1220356184, 1675970112, 3, 5, 22165838, 0
3, 13, 14, 14, 1220356184, 1675970112, 3, 4, 26832330, 0
3, 13, 14, 14, 1220356184, 1675970112, 3, 3, 23294607, 0
3, 13, 14, 14, 1220356184, 1675970112, 3, 2, 31765373, 0
3, 13, 14, 14, 1220356184, 1675970112, 3, 1, 49917015, 0
3, 13, 14, 14, 1220356184, 1675970112, 3, 0, 116473033, 0
3, 13, 14, 14, 1220356184, 1675970112, 2, 5, 1, 1
3, 13, 14, 14, 1220356184, 1675970112, 2, 4, 1, 1
3, 13, 14, 14, 1220356184, 1675970112, 2, 3, 1, 1
3, 13, 14, 14, 1220356184, 1675970112, 2, 2, 1, 1
3, 13, 14, 14, 1220356184, 1675970112, 2, 1, 1, 1
3, 13, 14, 14, 1220356184, 1675970112, 2, 0, 1, 0
3, 13, 14, 14, 1220356184, 1675970112, 1, 5, 1, 1
3, 13, 14, 14, 1220356184, 1675970112, 1, 4, 1, 1
3, 13, 14, 14, 1220356184, 1675970112, 1, 3, 1, 1
3, 13, 14, 14, 1220356184, 1675970112, 1, 2, 1, 1
3, 13, 14, 14, 1220356184, 1675970112, 1, 1, 1, 1
3, 13, 14, 14, 1220356184, 1675970112, 1, 0, 1, 0
3, 13, 14, 14, 1220356184, 1675970112, 0, 5, 1, 1
3, 13, 14, 14, 1220356184, 1675970112, 0, 4, 1, 1
3, 13, 14, 14, 1220356184, 1675970112, 0, 3, 1, 1
3, 13, 14, 14, 1220356184, 1675970112, 0, 2, 1, 1
3, 13, 14, 14, 1220356184, 1675970112, 0, 1, 1, 1
3, 14, 14, 14, 1675970113, 1689320606, 5, 5, 582307, 1
3, 14, 14, 14, 1675970113, 1689320606, 5, 4, 349945, 1
3, 14, 14, 14, 1675970113, 1689320606, 5, 3, 400983, 1
3, 14, 14, 14, 1675970113, 1689320606, 5, 2, 542507, 1
3, 14, 14, 14, 1675970113, 1689320606, 5, 1, 838419, 1
3, 14, 14, 14, 1675970113, 1689320606, 5, 0, 1, 0
3, 14, 14, 14, 1675970113, 1689320606, 4, 5, 702784, 1
3, 14, 14, 14, 1675970113, 1689320606, 4, 4, 422850, 1
3, 14, 14, 14, 1675970113, 1689320606, 4, 3, 485401, 1
3, 14, 14, 14, 1675970113, 1689320606, 4, 2, 658758, 1
3, 14, 14, 14, 1675970113, 1689320606, 4, 1, 1024735, 1
3, 14, 14, 14, 1675970113, 1689320606, 4, 0, 1, 0
3, 14, 14, 14, 1675970113, 1689320606, 3, 5, 400983, 1
3, 14, 14, 14, 1675970113, 1689320606, 3, 4, 485401, 1
3, 14, 14, 14, 1675970113, 1689320606, 3, 3, 614841, 1
3, 14, 14, 14, 1675970113, 1689320606, 3, 2, 838419, 1
3, 14, 14, 14, 1675970113, 1689320606, 3, 1, 1317516, 1
3, 14, 14, 14, 1675970113, 1689320606, 3, 0, 1, 0
3, 14, 14, 14, 1675970113, 1689320606, 2, 5, 542507, 1
3, 14, 14, 14, 1675970113, 1689320606, 2, 4, 658758, 1
3, 14, 14, 14, 1675970113, 1689320606, 2, 3, 838419, 1
3, 14, 14, 14, 1675970113, 1689320606, 2, 2, 1152826, 1
3, 14, 14, 14, 1675970113, 1689320606, 2, 1, 1844522, 1
3, 14, 14, 14, 1675970113, 1689320606, 2, 0, 1, 0
3, 14, 14, 14, 1675970113, 1689320606, 1, 5, 838419, 1
3, 14, 14, 14, 1675970113, 1689320606, 1, 4, 1024735, 1
3, 14, 14, 14, 1675970113, 1689320606, 1, 3, 1317516, 1
3, 14, 14, 14, 1675970113, 1689320606, 1, 2, 1844522, 1
3, 14, 14, 14, 1675970113, 1689320606, 1, 1, 3074203, 1
3, 14, 14, 14, 1675970113, 1689320606, 1, 0, 1, 0
3, 14, 14, 14, 1675970113, 1689320606, 0, 5, 1, 1
3, 14, 14, 14, 1675970113, 1689320606, 0, 4, 1, 1
3, 14, 14, 14, 1675970113, 1689320606, 0, 3, 1, 1
3, 14, 14, 14, 1675970113, 1689320606, 0, 2, 1, 1
3, 14, 14, 14, 1675970113, 1689320606, 0, 1, 1, 1
3, 15, 14, 14, 1689320607, 1748804615, 5, 5, 6395474, 0
3, 15, 14, 14, 1689320607, 1748804615, 5, 4, 7718675, 0
3, 15, 14, 14, 1689320607, 1748804615, 5, 3, 4873571, 0
3, 15, 14, 14, 1689320607, 1748804615, 5, 2, 6439470, 0
3, 15, 14, 14, 1689320607, 1748804615, 5, 1, 9259894, 0
3, 15, 14, 14, 1689320607, 1748804615, 5, 0, 11295775, 0
3, 15, 14, 14, 1689320607, 1748804615, 4, 5, 7258403, 0
3, 15, 14, 14, 1689320607, 1748804615, 4, 4, 8770570, 0
3, 15, 14, 14, 1689320607, 1748804615, 4, 3, 5899586, 0
3, 15, 14, 14, 1689320607, 1748804615, 4, 2, 7819357, 0
3, 15, 14, 14, 1689320607, 1748804615, 4, 1, 11317649, 0
3, 15, 14, 14, 1689320607, 1748804615, 4, 0, 14119719, 0
3, 15, 14, 14, 1689320607, 1748804615, 3, 5, 9151900, 0
3, 15, 14, 14, 1689320607, 1748804615, 3, 4, 11078615, 0
3, 15, 14, 14, 1689320607, 1748804615, 3, 3, 7472809, 0
3, 15, 14, 14, 1689320607, 1748804615, 3, 2, 9951909, 0
3, 15, 14, 14, 1689320607, 1748804615, 3, 1, 14551262, 0
3, 15, 14, 14, 1689320607, 1748804615, 3, 0, 18826292, 0
3, 15, 14, 14, 1689320607, 1748804615, 2, 5, 3884834, 1
3, 15, 14, 14, 1689320607, 1748804615, 2, 4, 4717299, 1
3, 15, 14, 14, 1689320607, 1748804615, 2, 3, 692015, 1
3, 15, 14, 14, 1689320607, 1748804615, 2, 2, 951520, 1
3, 15, 14, 14, 1689320607, 1748804615, 2, 1, 1, 1
3, 15, 14, 14, 1689320607, 1748804615, 2, 0, 1, 0
3, 15, 14, 14, 1689320607, 1748804615, 1, 5, 2164330, 1
3, 15, 14, 14, 1689320607, 1748804615, 1, 4, 2645292, 1
3, 15, 14, 14, 1689320607, 1748804615, 1, 3, 1087452, 1
3, 15, 14, 14, 1689320607, 1748804615, 1, 2, 1522432, 1
3, 15, 14, 14, 1689320607, 1748804615, 1, 1, 1, 1
3, 15, 14, 14, 1689320607, 1748804615, 1, 0, 1, 0
3, 15, 14, 14, 1689320607, 1748804615, 0, 5, 1, 1
3, 15, 14, 14, 1689320607, 1748804615, 0, 4, 1, 1
3, 15, 14, 14, 1689320607, 1748804615, 0, 3, 1, 1
3, 15, 14, 14, 1689320607, 1748804615, 0, 2, 1, 1
3, 15, 14, 14, 1689320607, 1748804615, 0, 1, 1, 1
3, 16, 14, 14, 1748804616, 1753043203, 5, 5, 1, 1
3, 16, 14, 14, 1748804616, 1753043203, 5, 4, 1, 1
3, 16, 14, 14, 1748804616, 1753043203, 5, 3, 1, 1
3, 16, 14, 14, 1748804616, 1753043203, 5, 2, 1, 1
3, 16, 14, 14, 1748804616, 1753043203, 5, 1, 1, 1
3, 16, 14, 14, 1748804616, 1753043203, 5, 0, 1, 0
3, 16, 14, 14, 1748804616, 1753043203, 4, 5, 1, 1
3, 16, 14, 14, 1748804616, 1753043203, 4, 4, 1, 1
3, 16, 14, 14, 1748804616, 1753043203, 4, 3, 1, 1
3, 16, 14, 14, 1748804616, 1753043203, 4, 2, 1, 1
3, 16, 14, 14, 1748804616, 1753043203, 4, 1, 1, 1
3, 16, 14, 14, 1748804616, 1753043203, 4, 0, 1, 0
3, 16, 14, 14, 1748804616, 1753043203, 3, 5, 1, 1
3, 16, 14, 14, 1748804616, 1753043203, 3, 4, 1, 1
3, 16, 14, 14, 1748804616, 1753043203, 3, 3, 1, 1
3, 16, 14, 14, 1748804616, 1753043203, 3, 2, 1, 1
3, 16, 14, 14, 1748804616, 1753043203, 3, 1, 1, 1
3, 16, 14, 14, 1748804616, 1753043203, 3, 0, 1, 0
3, 16, 14, 14, 1748804616, 1753043203, 2, 5, 1, 1
3, 16, 14, 14, 1748804616, 1753043203, 2, 4, 1, 1
3, 16, 14, 14, 1748804616, 1753043203, 2, 3, 1, 1
3, 16, 14, 14, 1748804616, 1753043203, 2, 2, 1, 1
3, 16, 14, 14, 1748804616, 1753043203, 2, 1, 1, 1
3, 16, 14, 14, 1748804616, 1753043203, 2, 0, 1, 0
3, 16, 14, 14, 1748804616, 1753043203, 1, 5, 1, 1
3, 16, 14, 14, 1748804616, 1753043203, 1, 4, 1, 1
3, 16, 14, 14, 1748804616, 1753043203, 1, 3, 1, 1
3, 16, 14, 14, 1748804616, 1753043203, 1, 2, 1, 1
3, 16, 14, 14, 1748804616, 1753043203, 1, 1, 1, 1
3, 16, 14, 14, 1748804616, 1753043203, 1, 0, 1, 0
3, 16, 14, 14, 1748804616, 1753043203, 0, 5, 1, 1
3, 16, 14, 14, 1748804616, 1753043203, 0, 4, 1, 1
3, 16, 14, 14, 1748804616, 1753043203, 0, 3, 1, 1
3, 16, 14, 14, 1748804616, 1753043203, 0, 2, 1, 1
3, 16, 14, 14, 1748804616, 1753043203, 0, 1, 1, 1
