0, 1, 12, 18, 1, 99731150, 7, 1, 8850035, 1
0, 1, 12, 18, 1, 99731150, 7, 0, 6918708, 0
0, 1, 12, 18, 1, 99731150, 6, 1, 10211579, 1
0, 1, 12, 18, 1, 99731150, 6, 0, 8071826, 0
0, 1, 12, 18, 1, 99731150, 5, 1, 9906767, 1
0, 1, 12, 18, 1, 99731150, 5, 0, 9686191, 0
0, 1, 12, 18, 1, 99731150, 4, 1, 12108270, 1
0, 1, 12, 18, 1, 99731150, 4, 0, 12107739, 0
0, 1, 12, 18, 1, 99731150, 3, 1, 12910734, 1
0, 1, 12, 18, 1, 99731150, 3, 0, 13268717, 0
0, 1, 12, 18, 1, 99731150, 2, 1, 15929399, 1
0, 1, 12, 18, 1, 99731150, 2, 0, 16220862, 0
0, 1, 12, 18, 1, 99731150, 1, 1, 12684520, 1
0, 1, 12, 18, 1, 99731150, 1, 0, 1, 0
0, 1, 12, 18, 1, 99731150, 0, 1, 20419023, 1
0, 2, 12, 18, 99731151, 140696119, 7, 1, 4057631, 1
0, 2, 12, 18, 99731151, 140696119, 7, 0, 1, 0
0, 2, 12, 18, 99731151, 140696119, 6, 1, 4681882, 1
0, 2, 12, 18, 99731151, 140696119, 6, 0, 1, 0
0, 2, 12, 18, 99731151, 140696119, 5, 1, 5533133, 1
0, 2, 12, 18, 99731151, 140696119, 5, 0, 1, 0
0, 2, 12, 18, 99731151, 140696119, 4, 1, 6762718, 1
0, 2, 12, 18, 99731151, 140696119, 4, 0, 1, 0
0, 2, 12, 18, 99731151, 140696119, 3, 1, 8694923, 1
0, 2, 12, 18, 99731151, 140696119, 3, 0, 1, 0
0, 2, 12, 18, 99731151, 140696119, 2, 1, 12172892, 1
0, 2, 12, 18, 99731151, 140696119, 2, 0, 1, 0
0, 2, 12, 18, 99731151, 140696119, 1, 1, 20288153, 1
0, 2, 12, 18, 99731151, 140696119, 1, 0, 1, 0
0, 2, 12, 18, 99731151, 140696119, 0, 1, 60864459, 1
0, 3, 12, 18, 140696120, 175173480, 7, 1, 885375, 1
0, 3, 12, 18, 140696120, 175173480, 7, 0, 1, 0
0, 3, 12, 18, 140696120, 175173480, 6, 1, 1021586, 1
0, 3, 12, 18, 140696120, 175173480, 6, 0, 1, 0
0, 3, 12, 18, 140696120, 175173480, 5, 1, 1207329, 1
0, 3, 12, 18, 140696120, 175173480, 5, 0, 1, 0
0, 3, 12, 18, 140696120, 175173480, 4, 1, 1475624, 1
0, 3, 12, 18, 140696120, 175173480, 4, 0, 1, 0
0, 3, 12, 18, 140696120, 175173480, 3, 1, 1897231, 1
0, 3, 12, 18, 140696120, 175173480, 3, 0, 1, 0
0, 3, 12, 18, 140696120, 175173480, 2, 1, 2656123, 1
0, 3, 12, 18, 140696120, 175173480, 2, 0, 1, 0
0, 3, 12, 18, 140696120, 175173480, 1, 1, 4426871, 1
0, 3, 12, 18, 140696120, 175173480, 1, 0, 1, 0
0, 3, 12, 18, 140696120, 175173480, 0, 1, 13280612, 1
0, 4, 12, 18, 175173481, 205434176, 7, 1, 2641545, 0
0, 4, 12, 18, 175173481, 205434176, 7, 0, 4225224, 0
0, 4, 12, 18, 175173481, 205434176, 6, 1, 1, 1
0, 4, 12, 18, 175173481, 205434176, 6, 0, 1, 0
0, 4, 12, 18, 175173481, 205434176, 5, 1, 1, 1
0, 4, 12, 18, 175173481, 205434176, 5, 0, 1, 0
0, 4, 12, 18, 175173481, 205434176, 4, 1, 1, 1
0, 4, 12, 18, 175173481, 205434176, 4, 0, 1, 0
0, 4, 12, 18, 175173481, 205434176, 3, 1, 1, 1
0, 4, 12, 18, 175173481, 205434176, 3, 0, 1, 0
0, 4, 12, 18, 175173481, 205434176, 2, 1, 1, 1
0, 4, 12, 18, 175173481, 205434176, 2, 0, 1, 0
0, 4, 12, 18, 175173481, 205434176, 1, 1, 1, 1
0, 4, 12, 18, 175173481, 205434176, 1, 0, 1, 0
0, 4, 12, 18, 175173481, 205434176, 0, 1, 1, 1
0, 5, 12, 18, 205434177, 278445358, 7, 1, 9144007, 1
0, 5, 12, 18, 205434177, 278445358, 7, 0, 7003695, 0
0, 5, 12, 18, 205434177, 278445358, 6, 1, 10550777, 1
0, 5, 12, 18, 205434177, 278445358, 6, 0, 8170978, 0
0, 5, 12, 18, 205434177, 278445358, 5, 1, 12469100, 1
0, 5, 12, 18, 205434177, 278445358, 5, 0, 9805173, 0
0, 5, 12, 18, 205434177, 278445358, 4, 1, 15240011, 1
0, 5, 12, 18, 205434177, 278445358, 4, 0, 12256467, 0
0, 5, 12, 18, 205434177, 278445358, 3, 1, 19594300, 1
0, 5, 12, 18, 205434177, 278445358, 3, 0, 16341955, 0
0, 5, 12, 18, 205434177, 278445358, 2, 1, 27432020, 1
0, 5, 12, 18, 205434177, 278445358, 2, 0, 24512933, 0
0, 5, 12, 18, 205434177, 278445358, 1, 1, 45720033, 1
0, 5, 12, 18, 205434177, 278445358, 1, 0, 49025865, 0
0, 5, 12, 18, 205434177, 278445358, 0, 1, 88134235, 1
0, 6, 12, 18, 278445359, 312378537, 7, 1, 10555505, 1
0, 6, 12, 18, 278445359, 312378537, 7, 0, 7286680, 0
0, 6, 12, 18, 278445359, 312378537, 6, 1, 3380070, 1
0, 6, 12, 18, 278445359, 312378537, 6, 0, 1827654, 0
0, 6, 12, 18, 278445359, 312378537, 5, 1, 3994628, 1
0, 6, 12, 18, 278445359, 312378537, 5, 0, 2193185, 0
0, 6, 12, 18, 278445359, 312378537, 4, 1, 4882323, 1
0, 6, 12, 18, 278445359, 312378537, 4, 0, 2741481, 0
0, 6, 12, 18, 278445359, 312378537, 3, 1, 6277272, 1
0, 6, 12, 18, 278445359, 312378537, 3, 0, 3655307, 0
0, 6, 12, 18, 278445359, 312378537, 2, 1, 8788181, 1
0, 6, 12, 18, 278445359, 312378537, 2, 0, 5482961, 0
0, 6, 12, 18, 278445359, 312378537, 1, 1, 14646968, 1
0, 6, 12, 18, 278445359, 312378537, 1, 0, 10965921, 0
0, 6, 12, 18, 278445359, 312378537, 0, 1, 14513533, 1
0, 7, 12, 18, 312378538, 402410423, 7, 1, 2121840, 1
0, 7, 12, 18, 312378538, 402410423, 7, 0, 3740153, 0
0, 7, 12, 18, 312378538, 402410423, 6, 1, 2448277, 1
0, 7, 12, 18, 312378538, 402410423, 6, 0, 4363512, 0
0, 7, 12, 18, 312378538, 402410423, 5, 1, 2893418, 1
0, 7, 12, 18, 312378538, 402410423, 5, 0, 5236215, 0
0, 7, 12, 18, 312378538, 402410423, 4, 1, 3536400, 0
0, 7, 12, 18, 312378538, 402410423, 4, 0, 6545268, 0
0, 7, 12, 18, 312378538, 402410423, 3, 1, 4546800, 0
0, 7, 12, 18, 312378538, 402410423, 3, 0, 8727024, 0
0, 7, 12, 18, 312378538, 402410423, 2, 1, 6365519, 0
0, 7, 12, 18, 312378538, 402410423, 2, 0, 13090536, 0
0, 7, 12, 18, 312378538, 402410423, 1, 1, 10609199, 0
0, 7, 12, 18, 312378538, 402410423, 1, 0, 26181071, 0
0, 7, 12, 18, 312378538, 402410423, 0, 1, 5646525, 1
0, 8, 12, 18, 402410424, 432522151, 7, 1, 19674480, 1
0, 8, 12, 18, 402410424, 432522151, 7, 0, 1, 0
0, 8, 12, 18, 402410424, 432522151, 6, 1, 22701323, 1
0, 8, 12, 18, 402410424, 432522151, 6, 0, 1, 0
0, 8, 12, 18, 402410424, 432522151, 5, 1, 26828836, 1
0, 8, 12, 18, 402410424, 432522151, 5, 0, 1, 0
0, 8, 12, 18, 402410424, 432522151, 4, 1, 32790800, 1
0, 8, 12, 18, 402410424, 432522151, 4, 0, 1, 0
0, 8, 12, 18, 402410424, 432522151, 3, 1, 42159600, 1
0, 8, 12, 18, 402410424, 432522151, 3, 0, 1, 0
0, 8, 12, 18, 402410424, 432522151, 2, 1, 59023439, 1
0, 8, 12, 18, 402410424, 432522151, 2, 0, 1, 0
0, 8, 12, 18, 402410424, 432522151, 1, 1, 8165058, 1
0, 8, 12, 18, 402410424, 432522151, 1, 0, 1, 0
0, 8, 12, 18, 402410424, 432522151, 0, 1, 24495173, 1
0, 9, 12, 18, 432522152, 453637877, 7, 1, 1, 1
0, 9, 12, 18, 432522152, 453637877, 7, 0, 1, 0
0, 9, 12, 18, 432522152, 453637877, 6, 1, 1, 1
0, 9, 12, 18, 432522152, 453637877, 6, 0, 1, 0
0, 9, 12, 18, 432522152, 453637877, 5, 1, 1, 1
0, 9, 12, 18, 432522152, 453637877, 5, 0, 1, 0
0, 9, 12, 18, 432522152, 453637877, 4, 1, 1, 1
0, 9, 12, 18, 432522152, 453637877, 4, 0, 1, 0
0, 9, 12, 18, 432522152, 453637877, 3, 1, 1, 1
0, 9, 12, 18, 432522152, 453637877, 3, 0, 1, 0
0, 9, 12, 18, 432522152, 453637877, 2, 1, 1, 1
0, 9, 12, 18, 432522152, 453637877, 2, 0, 1, 0
0, 9, 12, 18, 432522152, 453637877, 1, 1, 1, 1
0, 9, 12, 18, 432522152, 453637877, 1, 0, 1, 0
0, 9, 12, 18, 432522152, 453637877, 0, 1, 1, 1
0, 10, 12, 18, 453637878, 519665061, 7, 1, 120843302, 0
0, 10, 12, 18, 453637878, 519665061, 7, 0, 127866772, 0
0, 10, 12, 18, 453637878, 519665061, 6, 1, 129469569, 0
0, 10, 12, 18, 453637878, 519665061, 6, 0, 138382474, 0
0, 10, 12, 18, 453637878, 519665061, 5, 1, 141232661, 0
0, 10, 12, 18, 453637878, 519665061, 5, 0, 153104456, 0
0, 10, 12, 18, 453637878, 519665061, 4, 1, 158223794, 0
0, 10, 12, 18, 453637878, 519665061, 4, 0, 175187429, 0
0, 10, 12, 18, 453637878, 519665061, 3, 1, 184924146, 0
0, 10, 12, 18, 453637878, 519665061, 3, 0, 211992385, 0
0, 10, 12, 18, 453637878, 519665061, 2, 1, 232984780, 0
0, 10, 12, 18, 453637878, 519665061, 2, 0, 285602296, 0
0, 10, 12, 18, 453637878, 519665061, 1, 1, 345126258, 0
0, 10, 12, 18, 453637878, 519665061, 1, 0, 506432029, 0
0, 10, 12, 18, 453637878, 519665061, 0, 1, 1, 1
0, 11, 12, 18, 519665062, 563987634, 7, 1, 173516424, 0
0, 11, 12, 18, 519665062, 563987634, 7, 0, 185910454, 0
0, 11, 12, 18, 519665062, 563987634, 6, 1, 175349648, 0
0, 11, 12, 18, 519665062, 563987634, 6, 0, 189962119, 0
0, 11, 12, 18, 519665062, 563987634, 5, 1, 177849500, 0
0, 11, 12, 18, 519665062, 563987634, 5, 0, 195634450, 0
0, 11, 12, 18, 519665062, 563987634, 4, 1, 181460396, 0
0, 11, 12, 18, 519665062, 563987634, 4, 0, 204142945, 0
0, 11, 12, 18, 519665062, 563987634, 3, 1, 187134661, 0
0, 11, 12, 18, 519665062, 563987634, 3, 0, 218323772, 0
0, 11, 12, 18, 519665062, 563987634, 2, 1, 197348339, 0
0, 11, 12, 18, 519665062, 563987634, 2, 0, 246685424, 0
0, 11, 12, 18, 519665062, 563987634, 1, 1, 221180255, 0
0, 11, 12, 18, 519665062, 563987634, 1, 0, 331770382, 0
0, 11, 12, 18, 519665062, 563987634, 0, 1, 1, 1
0, 12, 12, 18, 563987635, 674348974, 7, 1, 449456855, 0
0, 12, 12, 18, 563987635, 674348974, 7, 0, 472738055, 0
0, 12, 12, 18, 563987635, 674348974, 6, 1, 428785989, 0
0, 12, 12, 18, 563987635, 674348974, 6, 0, 452702803, 0
0, 12, 12, 18, 563987635, 674348974, 5, 1, 419696364, 0
0, 12, 12, 18, 563987635, 674348974, 5, 0, 447704208, 0
0, 12, 12, 18, 563987635, 674348974, 4, 1, 391189936, 0
0, 12, 12, 18, 563987635, 674348974, 4, 0, 422687352, 0
0, 12, 12, 18, 563987635, 674348974, 3, 1, 349098928, 0
0, 12, 12, 18, 563987635, 674348974, 3, 0, 402227348, 0
0, 12, 12, 18, 563987635, 674348974, 2, 1, 269919758, 0
0, 12, 12, 18, 563987635, 674348974, 2, 0, 332294671, 0
0, 12, 12, 18, 563987635, 674348974, 1, 1, 108353463, 0
0, 12, 12, 18, 563987635, 674348974, 1, 0, 162530195, 0
0, 12, 12, 18, 563987635, 674348974, 0, 1, 1, 1
0, 13, 12, 18, 674348975, 704243806, 7, 1, 274795378, 1
0, 13, 12, 18, 674348975, 704243806, 7, 0, 266885795, 0
0, 13, 12, 18, 674348975, 704243806, 6, 1, 266281543, 1
0, 13, 12, 18, 674348975, 704243806, 6, 0, 261174034, 0
0, 13, 12, 18, 674348975, 704243806, 5, 1, 266066122, 1
0, 13, 12, 18, 674348975, 704243806, 5, 0, 265912957, 0
0, 13, 12, 18, 674348975, 704243806, 4, 1, 252004264, 1
0, 13, 12, 18, 674348975, 704243806, 4, 0, 244717567, 0
0, 13, 12, 18, 674348975, 704243806, 3, 1, 223741135, 1
0, 13, 12, 18, 674348975, 704243806, 3, 0, 214900799, 0
0, 13, 12, 18, 674348975, 704243806, 2, 1, 183380426, 1
0, 13, 12, 18, 674348975, 704243806, 2, 0, 155712163, 0
0, 13, 12, 18, 674348975, 704243806, 1, 1, 99947941, 1
0, 13, 12, 18, 674348975, 704243806, 1, 0, 1, 0
0, 13, 12, 18, 674348975, 704243806, 0, 1, 299843823, 1
0, 14, 12, 18, 704243807, 734116414, 7, 1, 393979355, 0
0, 14, 12, 18, 704243807, 734116414, 7, 0, 415418018, 0
0, 14, 12, 18, 704243807, 734116414, 6, 1, 376044158, 0
0, 14, 12, 18, 704243807, 734116414, 6, 0, 396407664, 0
0, 14, 12, 18, 704243807, 734116414, 5, 1, 359114737, 0
0, 14, 12, 18, 704243807, 734116414, 5, 0, 381663988, 0
0, 14, 12, 18, 704243807, 734116414, 4, 1, 340690516, 0
0, 14, 12, 18, 704243807, 734116414, 4, 0, 343660946, 0
0, 14, 12, 18, 704243807, 734116414, 3, 1, 306239440, 1
0, 14, 12, 18, 704243807, 734116414, 3, 0, 297053015, 0
0, 14, 12, 18, 704243807, 734116414, 2, 1, 243600785, 1
0, 14, 12, 18, 704243807, 734116414, 2, 0, 220929406, 0
0, 14, 12, 18, 704243807, 734116414, 1, 1, 100439686, 1
0, 14, 12, 18, 704243807, 734116414, 1, 0, 1, 0
0, 14, 12, 18, 704243807, 734116414, 0, 1, 301319056, 1
0, 15, 12, 18, 734116415, 775866402, 7, 1, 347371910, 0
0, 15, 12, 18, 734116415, 775866402, 7, 0, 395795843, 0
0, 15, 12, 18, 734116415, 775866402, 6, 1, 325041575, 0
0, 15, 12, 18, 734116415, 775866402, 6, 0, 380188083, 0
0, 15, 12, 18, 734116415, 775866402, 5, 1, 295348288, 0
0, 15, 12, 18, 734116415, 775866402, 5, 0, 361266101, 0
0, 15, 12, 18, 734116415, 775866402, 4, 1, 300386874, 0
0, 15, 12, 18, 734116415, 775866402, 4, 0, 319954090, 0
0, 15, 12, 18, 734116415, 775866402, 3, 1, 296523283, 0
0, 15, 12, 18, 734116415, 775866402, 3, 0, 378271781, 0
0, 15, 12, 18, 734116415, 775866402, 2, 1, 221921076, 0
0, 15, 12, 18, 734116415, 775866402, 2, 0, 321131601, 0
0, 15, 12, 18, 734116415, 775866402, 1, 1, 98919967, 0
0, 15, 12, 18, 734116415, 775866402, 1, 0, 148379950, 0
0, 15, 12, 18, 734116415, 775866402, 0, 1, 1, 1
0, 16, 12, 18, 775866403, 856837496, 7, 1, 145996815, 1
0, 16, 12, 18, 775866403, 856837496, 7, 0, 137695985, 0
0, 16, 12, 18, 775866403, 856837496, 6, 1, 132002647, 1
0, 16, 12, 18, 775866403, 856837496, 6, 0, 121152164, 0
0, 16, 12, 18, 775866403, 856837496, 5, 1, 124952840, 1
0, 16, 12, 18, 775866403, 856837496, 5, 0, 115041155, 0
0, 16, 12, 18, 775866403, 856837496, 4, 1, 128658049, 1
0, 16, 12, 18, 775866403, 856837496, 4, 0, 89661744, 0
0, 16, 12, 18, 775866403, 856837496, 3, 1, 131566218, 1
0, 16, 12, 18, 775866403, 856837496, 3, 0, 119548992, 0
0, 16, 12, 18, 775866403, 856837496, 2, 1, 108227929, 1
0, 16, 12, 18, 775866403, 856837496, 2, 0, 80267159, 0
0, 16, 12, 18, 775866403, 856837496, 1, 1, 68433876, 1
0, 16, 12, 18, 775866403, 856837496, 1, 0, 1, 0
0, 16, 12, 18, 775866403, 856837496, 0, 1, 205301628, 1
0, 17, 12, 18, 856837497, 922073695, 7, 1, 4451963, 0
0, 17, 12, 18, 856837497, 922073695, 7, 0, 3383900, 0
0, 17, 12, 18, 856837497, 922073695, 6, 1, 2148135, 0
0, 17, 12, 18, 856837497, 922073695, 6, 0, 3947883, 0
0, 17, 12, 18, 856837497, 922073695, 5, 1, 2538705, 0
0, 17, 12, 18, 856837497, 922073695, 5, 0, 4737459, 0
0, 17, 12, 18, 856837497, 922073695, 4, 1, 2079754, 0
0, 17, 12, 18, 856837497, 922073695, 4, 0, 3619832, 0
0, 17, 12, 18, 856837497, 922073695, 3, 1, 2068476, 0
0, 17, 12, 18, 856837497, 922073695, 3, 0, 4826442, 0
0, 17, 12, 18, 856837497, 922073695, 2, 1, 1, 1
0, 17, 12, 18, 856837497, 922073695, 2, 0, 1, 0
0, 17, 12, 18, 856837497, 922073695, 1, 1, 1, 1
0, 17, 12, 18, 856837497, 922073695, 1, 0, 1, 0
0, 17, 12, 18, 856837497, 922073695, 0, 1, 1, 1
0, 18, 12, 18, 922073696, 941911542, 7, 1, 89436281, 0
0, 18, 12, 18, 922073696, 941911542, 7, 0, 96027827, 0
0, 18, 12, 18, 922073696, 941911542, 6, 1, 77375068, 0
0, 18, 12, 18, 922073696, 941911542, 6, 0, 85480777, 0
0, 18, 12, 18, 922073696, 941911542, 5, 1, 84777873, 0
0, 18, 12, 18, 922073696, 941911542, 5, 0, 96371940, 0
0, 18, 12, 18, 922073696, 941911542, 4, 1, 85964556, 0
0, 18, 12, 18, 922073696, 941911542, 4, 0, 89990242, 0
0, 18, 12, 18, 922073696, 941911542, 3, 1, 71655823, 0
0, 18, 12, 18, 922073696, 941911542, 3, 0, 71511072, 0
0, 18, 12, 18, 922073696, 941911542, 2, 1, 62090923, 0
0, 18, 12, 18, 922073696, 941911542, 2, 0, 58210041, 0
0, 18, 12, 18, 922073696, 941911542, 1, 1, 72939283, 0
0, 18, 12, 18, 922073696, 941911542, 1, 0, 110742291, 0
0, 18, 12, 18, 922073696, 941911542, 0, 1, 1, 1
0, 19, 12, 18, 941911543, 974996195, 7, 1, 52806543, 0
0, 19, 12, 18, 941911543, 974996195, 7, 0, 51461694, 0
0, 19, 12, 18, 941911543, 974996195, 6, 1, 36404835, 0
0, 19, 12, 18, 941911543, 974996195, 6, 0, 38094830, 0
0, 19, 12, 18, 941911543, 974996195, 5, 1, 33634607, 0
0, 19, 12, 18, 941911543, 974996195, 5, 0, 29476815, 0
0, 19, 12, 18, 941911543, 974996195, 4, 1, 33985857, 0
0, 19, 12, 18, 941911543, 974996195, 4, 0, 20819030, 0
0, 19, 12, 18, 941911543, 974996195, 3, 1, 32054636, 0
0, 19, 12, 18, 941911543, 974996195, 3, 0, 27758706, 0
0, 19, 12, 18, 941911543, 974996195, 2, 1, 14144743, 1
0, 19, 12, 18, 941911543, 974996195, 2, 0, 1, 0
0, 19, 12, 18, 941911543, 974996195, 1, 1, 1, 1
0, 19, 12, 18, 941911543, 974996195, 1, 0, 1, 0
0, 19, 12, 18, 941911543, 974996195, 0, 1, 1, 1
0, 20, 12, 18, 974996196, 1008574533, 7, 1, 30277681, 0
0, 20, 12, 18, 974996196, 1008574533, 7, 0, 28373682, 0
0, 20, 12, 18, 974996196, 1008574533, 6, 1, 24759350, 0
0, 20, 12, 18, 974996196, 1008574533, 6, 0, 18829770, 0
0, 20, 12, 18, 974996196, 1008574533, 5, 1, 21959216, 0
0, 20, 12, 18, 974996196, 1008574533, 5, 0, 14104479, 0
0, 20, 12, 18, 974996196, 1008574533, 4, 1, 23587224, 0
0, 20, 12, 18, 974996196, 1008574533, 4, 0, 10314010, 0
0, 20, 12, 18, 974996196, 1008574533, 3, 1, 20881460, 0
0, 20, 12, 18, 974996196, 1008574533, 3, 0, 13752014, 0
0, 20, 12, 18, 974996196, 1008574533, 2, 1, 13077743, 1
0, 20, 12, 18, 974996196, 1008574533, 2, 0, 1, 0
0, 20, 12, 18, 974996196, 1008574533, 1, 1, 1, 1
0, 20, 12, 18, 974996196, 1008574533, 1, 0, 1, 0
0, 20, 12, 18, 974996196, 1008574533, 0, 1, 1, 1
0, 21, 12, 18, 1008574534, 1106258763, 7, 1, 60392816, 0
0, 21, 12, 18, 1008574534, 1106258763, 7, 0, 73479274, 0
0, 21, 12, 18, 1008574534, 1106258763, 6, 1, 43942354, 0
0, 21, 12, 18, 1008574534, 1106258763, 6, 0, 58161617, 0
0, 21, 12, 18, 1008574534, 1106258763, 5, 1, 32486004, 0
0, 21, 12, 18, 1008574534, 1106258763, 5, 0, 43229573, 0
0, 21, 12, 18, 1008574534, 1106258763, 4, 1, 37426628, 0
0, 21, 12, 18, 1008574534, 1106258763, 4, 0, 48910369, 0
0, 21, 12, 18, 1008574534, 1106258763, 3, 1, 3599140, 0
0, 21, 12, 18, 1008574534, 1106258763, 3, 0, 8397993, 0
0, 21, 12, 18, 1008574534, 1106258763, 2, 1, 1, 1
0, 21, 12, 18, 1008574534, 1106258763, 2, 0, 1, 0
0, 21, 12, 18, 1008574534, 1106258763, 1, 1, 1, 1
0, 21, 12, 18, 1008574534, 1106258763, 1, 0, 1, 0
0, 21, 12, 18, 1008574534, 1106258763, 0, 1, 1, 1
0, 22, 12, 18, 1106258764, 1137921055, 7, 1, 29536204, 0
0, 22, 12, 18, 1106258764, 1137921055, 7, 0, 33034078, 0
0, 22, 12, 18, 1106258764, 1137921055, 6, 1, 29173534, 0
0, 22, 12, 18, 1106258764, 1137921055, 6, 0, 38539757, 0
0, 22, 12, 18, 1106258764, 1137921055, 5, 1, 29797882, 0
0, 22, 12, 18, 1106258764, 1137921055, 5, 0, 41294125, 0
0, 22, 12, 18, 1106258764, 1137921055, 4, 1, 28994536, 0
0, 22, 12, 18, 1106258764, 1137921055, 4, 0, 37711212, 0
0, 22, 12, 18, 1106258764, 1137921055, 3, 1, 30327746, 0
0, 22, 12, 18, 1106258764, 1137921055, 3, 0, 34491998, 0
0, 22, 12, 18, 1106258764, 1137921055, 2, 1, 26306782, 0
0, 22, 12, 18, 1106258764, 1137921055, 2, 0, 33951725, 0
0, 22, 12, 18, 1106258764, 1137921055, 1, 1, 34654826, 0
0, 22, 12, 18, 1106258764, 1137921055, 1, 0, 48561549, 0
0, 22, 12, 18, 1106258764, 1137921055, 0, 1, 1, 1
0, 23, 12, 18, 1137921056, 1166166114, 7, 1, 26580282, 0
0, 23, 12, 18, 1137921056, 1166166114, 7, 0, 27632733, 0
0, 23, 12, 18, 1137921056, 1166166114, 6, 1, 24704655, 0
0, 23, 12, 18, 1137921056, 1166166114, 6, 0, 25651662, 0
0, 23, 12, 18, 1137921056, 1166166114, 5, 1, 23112208, 0
0, 23, 12, 18, 1137921056, 1166166114, 5, 0, 24372219, 0
0, 23, 12, 18, 1137921056, 1166166114, 4, 1, 19619934, 0
0, 23, 12, 18, 1137921056, 1166166114, 4, 0, 20063743, 0
0, 23, 12, 18, 1137921056, 1166166114, 3, 1, 17369160, 0
0, 23, 12, 18, 1137921056, 1166166114, 3, 0, 14530604, 0
0, 23, 12, 18, 1137921056, 1166166114, 2, 1, 11292683, 0
0, 23, 12, 18, 1137921056, 1166166114, 2, 0, 9608254, 0
0, 23, 12, 18, 1137921056, 1166166114, 1, 1, 6405503, 0
0, 23, 12, 18, 1137921056, 1166166114, 1, 0, 19216507, 0
0, 23, 12, 18, 1137921056, 1166166114, 0, 1, 1, 1
0, 24, 12, 18, 1166166115, 1204369463, 7, 1, 4579349, 0
0, 24, 12, 18, 1166166115, 1204369463, 7, 0, 7080643, 0
0, 24, 12, 18, 1166166115, 1204369463, 6, 1, 5283865, 0
0, 24, 12, 18, 1166166115, 1204369463, 6, 0, 8260751, 0
0, 24, 12, 18, 1166166115, 1204369463, 5, 1, 6244567, 0
0, 24, 12, 18, 1166166115, 1204369463, 5, 0, 9912901, 0
0, 24, 12, 18, 1166166115, 1204369463, 4, 1, 4211242, 0
0, 24, 12, 18, 1166166115, 1204369463, 4, 0, 4693860, 0
0, 24, 12, 18, 1166166115, 1204369463, 3, 1, 4774173, 0
0, 24, 12, 18, 1166166115, 1204369463, 3, 0, 6258480, 0
0, 24, 12, 18, 1166166115, 1204369463, 2, 1, 3341487, 0
0, 24, 12, 18, 1166166115, 1204369463, 2, 0, 4820665, 0
0, 24, 12, 18, 1166166115, 1204369463, 1, 1, 2355368, 1
0, 24, 12, 18, 1166166115, 1204369463, 1, 0, 1, 0
0, 24, 12, 18, 1166166115, 1204369463, 0, 1, 1, 1
0, 25, 12, 18, 1204369464, 1249392766, 7, 1, 1, 1
0, 25, 12, 18, 1204369464, 1249392766, 7, 0, 1, 0
0, 25, 12, 18, 1204369464, 1249392766, 6, 1, 1, 1
0, 25, 12, 18, 1204369464, 1249392766, 6, 0, 1, 0
0, 25, 12, 18, 1204369464, 1249392766, 5, 1, 1, 1
0, 25, 12, 18, 1204369464, 1249392766, 5, 0, 1, 0
0, 25, 12, 18, 1204369464, 1249392766, 4, 1, 1, 1
0, 25, 12, 18, 1204369464, 1249392766, 4, 0, 1, 0
0, 25, 12, 18, 1204369464, 1249392766, 3, 1, 1, 1
0, 25, 12, 18, 1204369464, 1249392766, 3, 0, 1, 0
0, 25, 12, 18, 1204369464, 1249392766, 2, 1, 1, 1
0, 25, 12, 18, 1204369464, 1249392766, 2, 0, 1, 0
0, 25, 12, 18, 1204369464, 1249392766, 1, 1, 1, 1
0, 25, 12, 18, 1204369464, 1249392766, 1, 0, 1, 0
0, 25, 12, 18, 1204369464, 1249392766, 0, 1, 1, 1
0, 26, 12, 18, 1249392767, 1281037481, 7, 1, 37729586, 0
0, 26, 12, 18, 1249392767, 1281037481, 7, 0, 42446068, 0
0, 26, 12, 18, 1249392767, 1281037481, 6, 1, 33073957, 0
0, 26, 12, 18, 1249392767, 1281037481, 6, 0, 39680773, 0
0, 26, 12, 18, 1249392767, 1281037481, 5, 1, 30602955, 0
0, 26, 12, 18, 1249392767, 1281037481, 5, 0, 35395267, 0
0, 26, 12, 18, 1249392767, 1281037481, 4, 1, 30052684, 0
0, 26, 12, 18, 1249392767, 1281037481, 4, 0, 38831138, 0
0, 26, 12, 18, 1249392767, 1281037481, 3, 1, 23006135, 0
0, 26, 12, 18, 1249392767, 1281037481, 3, 0, 33482502, 0
0, 26, 12, 18, 1249392767, 1281037481, 2, 1, 14934253, 0
0, 26, 12, 18, 1249392767, 1281037481, 2, 0, 24576844, 0
0, 26, 12, 18, 1249392767, 1281037481, 1, 1, 8386365, 0
0, 26, 12, 18, 1249392767, 1281037481, 1, 0, 22463415, 0
0, 26, 12, 18, 1249392767, 1281037481, 0, 1, 1, 1
0, 27, 12, 18, 1281037482, 1316476900, 7, 1, 39643128, 0
0, 27, 12, 18, 1281037482, 1316476900, 7, 0, 50808769, 0
0, 27, 12, 18, 1281037482, 1316476900, 6, 1, 32140551, 0
0, 27, 12, 18, 1281037482, 1316476900, 6, 0, 46477438, 0
0, 27, 12, 18, 1281037482, 1316476900, 5, 1, 31125056, 0
0, 27, 12, 18, 1281037482, 1316476900, 5, 0, 40682617, 0
0, 27, 12, 18, 1281037482, 1316476900, 4, 1, 22747228, 0
0, 27, 12, 18, 1281037482, 1316476900, 4, 0, 33538533, 0
0, 27, 12, 18, 1281037482, 1316476900, 3, 1, 12057324, 0
0, 27, 12, 18, 1281037482, 1316476900, 3, 0, 26143470, 0
0, 27, 12, 18, 1281037482, 1316476900, 2, 1, 8726520, 0
0, 27, 12, 18, 1281037482, 1316476900, 2, 0, 18830870, 0
0, 27, 12, 18, 1281037482, 1316476900, 1, 1, 1990287, 1
0, 27, 12, 18, 1281037482, 1316476900, 1, 0, 1, 0
0, 27, 12, 18, 1281037482, 1316476900, 0, 1, 5970859, 1
0, 28, 12, 18, 1316476901, 1338064420, 7, 1, 25514123, 0
0, 28, 12, 18, 1316476901, 1338064420, 7, 0, 37512747, 0
0, 28, 12, 18, 1316476901, 1338064420, 6, 1, 20991867, 0
0, 28, 12, 18, 1316476901, 1338064420, 6, 0, 32552181, 0
0, 28, 12, 18, 1316476901, 1338064420, 5, 1, 19973971, 0
0, 28, 12, 18, 1316476901, 1338064420, 5, 0, 28426499, 0
0, 28, 12, 18, 1316476901, 1338064420, 4, 1, 17929875, 0
0, 28, 12, 18, 1316476901, 1338064420, 4, 0, 20946924, 0
0, 28, 12, 18, 1316476901, 1338064420, 3, 1, 11038362, 0
0, 28, 12, 18, 1316476901, 1338064420, 3, 0, 15728571, 0
0, 28, 12, 18, 1316476901, 1338064420, 2, 1, 15453706, 0
0, 28, 12, 18, 1316476901, 1338064420, 2, 0, 23592857, 0
0, 28, 12, 18, 1316476901, 1338064420, 1, 1, 12778709, 0
0, 28, 12, 18, 1316476901, 1338064420, 1, 0, 20961186, 0
0, 28, 12, 18, 1316476901, 1338064420, 0, 1, 1, 1
0, 29, 12, 18, 1338064421, 1364969621, 7, 1, 6082868, 1
0, 29, 12, 18, 1338064421, 1364969621, 7, 0, 8057434, 0
0, 29, 12, 18, 1338064421, 1364969621, 6, 1, 7018694, 1
0, 29, 12, 18, 1338064421, 1364969621, 6, 0, 9400339, 0
0, 29, 12, 18, 1338064421, 1364969621, 5, 1, 8294820, 1
0, 29, 12, 18, 1338064421, 1364969621, 5, 0, 11280407, 0
0, 29, 12, 18, 1338064421, 1364969621, 4, 1, 10138113, 1
0, 29, 12, 18, 1338064421, 1364969621, 4, 0, 14100509, 0
0, 29, 12, 18, 1338064421, 1364969621, 3, 1, 13034717, 1
0, 29, 12, 18, 1338064421, 1364969621, 3, 0, 18800678, 0
0, 29, 12, 18, 1338064421, 1364969621, 2, 1, 12405581, 1
0, 29, 12, 18, 1338064421, 1364969621, 2, 0, 14455228, 0
0, 29, 12, 18, 1338064421, 1364969621, 1, 1, 7717280, 1
0, 29, 12, 18, 1338064421, 1364969621, 1, 0, 1, 0
0, 29, 12, 18, 1338064421, 1364969621, 0, 1, 23151838, 1
0, 30, 12, 18, 1364969622, 1417637311, 7, 1, 25737228, 1
0, 30, 12, 18, 1364969622, 1417637311, 7, 0, 9121657, 0
0, 30, 12, 18, 1364969622, 1417637311, 6, 1, 28440102, 1
0, 30, 12, 18, 1364969622, 1417637311, 6, 0, 9183011, 0
0, 30, 12, 18, 1364969622, 1417637311, 5, 1, 26367728, 1
0, 30, 12, 18, 1364969622, 1417637311, 5, 0, 11019613, 0
0, 30, 12, 18, 1364969622, 1417637311, 4, 1, 32227223, 1
0, 30, 12, 18, 1364969622, 1417637311, 4, 0, 13774516, 0
0, 30, 12, 18, 1364969622, 1417637311, 3, 1, 41435001, 1
0, 30, 12, 18, 1364969622, 1417637311, 3, 0, 18366021, 0
0, 30, 12, 18, 1364969622, 1417637311, 2, 1, 42988101, 1
0, 30, 12, 18, 1364969622, 1417637311, 2, 0, 27549032, 0
0, 30, 12, 18, 1364969622, 1417637311, 1, 1, 45783781, 1
0, 30, 12, 18, 1364969622, 1417637311, 1, 0, 38194951, 0
0, 30, 12, 18, 1364969622, 1417637311, 0, 1, 59475423, 1
0, 31, 12, 18, 1417637312, 1439882266, 7, 1, 311937594, 0
0, 31, 12, 18, 1417637312, 1439882266, 7, 0, 317547884, 0
0, 31, 12, 18, 1417637312, 1439882266, 6, 1, 300795278, 0
0, 31, 12, 18, 1417637312, 1439882266, 6, 0, 306314593, 0
0, 31, 12, 18, 1417637312, 1439882266, 5, 1, 296988960, 0
0, 31, 12, 18, 1417637312, 1439882266, 5, 0, 299290093, 0
0, 31, 12, 18, 1417637312, 1439882266, 4, 1, 293355234, 0
0, 31, 12, 18, 1417637312, 1439882266, 4, 0, 299824173, 0
0, 31, 12, 18, 1417637312, 1439882266, 3, 1, 288910968, 0
0, 31, 12, 18, 1417637312, 1439882266, 3, 0, 293654328, 0
0, 31, 12, 18, 1417637312, 1439882266, 2, 1, 285609953, 0
0, 31, 12, 18, 1417637312, 1439882266, 2, 0, 290551901, 0
0, 31, 12, 18, 1417637312, 1439882266, 1, 1, 281677255, 0
0, 31, 12, 18, 1417637312, 1439882266, 1, 0, 285000672, 0
0, 31, 12, 18, 1417637312, 1439882266, 0, 1, 282838751, 1
0, 32, 12, 18, 1439882267, 1546141829, 7, 1, 209367480, 1
0, 32, 12, 18, 1439882267, 1546141829, 7, 0, 203500015, 0
0, 32, 12, 18, 1439882267, 1546141829, 6, 1, 199838012, 1
0, 32, 12, 18, 1439882267, 1546141829, 6, 0, 192538706, 0
0, 32, 12, 18, 1439882267, 1546141829, 5, 1, 202351258, 1
0, 32, 12, 18, 1439882267, 1546141829, 5, 0, 202237003, 0
0, 32, 12, 18, 1439882267, 1546141829, 4, 1, 195999422, 1
0, 32, 12, 18, 1439882267, 1546141829, 4, 0, 194909583, 0
0, 32, 12, 18, 1439882267, 1546141829, 3, 1, 192083589, 1
0, 32, 12, 18, 1439882267, 1546141829, 3, 0, 186836650, 0
0, 32, 12, 18, 1439882267, 1546141829, 2, 1, 215389245, 0
0, 32, 12, 18, 1439882267, 1546141829, 2, 0, 214065000, 0
0, 32, 12, 18, 1439882267, 1546141829, 1, 1, 211915379, 0
0, 32, 12, 18, 1439882267, 1546141829, 1, 0, 212544754, 0
0, 32, 12, 18, 1439882267, 1546141829, 0, 1, 205574881, 1
0, 33, 12, 18, 1546141830, 1601287009, 7, 1, 45919815, 0
0, 33, 12, 18, 1546141830, 1601287009, 7, 0, 53661980, 0
0, 33, 12, 18, 1546141830, 1601287009, 6, 1, 42152244, 0
0, 33, 12, 18, 1546141830, 1601287009, 6, 0, 52019170, 0
0, 33, 12, 18, 1546141830, 1601287009, 5, 1, 44790980, 0
0, 33, 12, 18, 1546141830, 1601287009, 5, 0, 56461268, 0
0, 33, 12, 18, 1546141830, 1601287009, 4, 1, 42078714, 0
0, 33, 12, 18, 1546141830, 1601287009, 4, 0, 54984791, 0
0, 33, 12, 18, 1546141830, 1601287009, 3, 1, 35510959, 0
0, 33, 12, 18, 1546141830, 1601287009, 3, 0, 52582618, 0
0, 33, 12, 18, 1546141830, 1601287009, 2, 1, 33479395, 0
0, 33, 12, 18, 1546141830, 1601287009, 2, 0, 59298742, 0
0, 33, 12, 18, 1546141830, 1601287009, 1, 1, 32672731, 0
0, 33, 12, 18, 1546141830, 1601287009, 1, 0, 49218703, 0
0, 33, 12, 18, 1546141830, 1601287009, 0, 1, 14728764, 1
0, 34, 12, 18, 1601287010, 1684690738, 7, 1, 13694098, 0
0, 34, 12, 18, 1601287010, 1684690738, 7, 0, 15592924, 0
0, 34, 12, 18, 1601287010, 1684690738, 6, 1, 15044460, 0
0, 34, 12, 18, 1601287010, 1684690738, 6, 0, 18191745, 0
0, 34, 12, 18, 1601287010, 1684690738, 5, 1, 17779817, 0
0, 34, 12, 18, 1601287010, 1684690738, 5, 0, 21830094, 0
0, 34, 12, 18, 1601287010, 1684690738, 4, 1, 18276808, 0
0, 34, 12, 18, 1601287010, 1684690738, 4, 0, 19515939, 0
0, 34, 12, 18, 1601287010, 1684690738, 3, 1, 14616836, 0
0, 34, 12, 18, 1601287010, 1684690738, 3, 0, 15659015, 0
0, 34, 12, 18, 1601287010, 1684690738, 2, 1, 15612751, 0
0, 34, 12, 18, 1601287010, 1684690738, 2, 0, 23488522, 0
0, 34, 12, 18, 1601287010, 1684690738, 1, 1, 15659015, 0
0, 34, 12, 18, 1601287010, 1684690738, 1, 0, 46977044, 0
0, 34, 12, 18, 1601287010, 1684690738, 0, 1, 1, 1
0, 35, 12, 18, 1684690739, 1732946577, 7, 1, 101566040, 1
0, 35, 12, 18, 1684690739, 1732946577, 7, 0, 90458448, 0
0, 35, 12, 18, 1684690739, 1732946577, 6, 1, 95568885, 1
0, 35, 12, 18, 1684690739, 1732946577, 6, 0, 86224300, 0
0, 35, 12, 18, 1684690739, 1732946577, 5, 1, 94736939, 1
0, 35, 12, 18, 1684690739, 1732946577, 5, 0, 76528236, 0
0, 35, 12, 18, 1684690739, 1732946577, 4, 1, 90622070, 1
0, 35, 12, 18, 1684690739, 1732946577, 4, 0, 75309687, 0
0, 35, 12, 18, 1684690739, 1732946577, 3, 1, 82940254, 1
0, 35, 12, 18, 1684690739, 1732946577, 3, 0, 54676439, 0
0, 35, 12, 18, 1684690739, 1732946577, 2, 1, 82729803, 1
0, 35, 12, 18, 1684690739, 1732946577, 2, 0, 47451989, 0
0, 35, 12, 18, 1684690739, 1732946577, 1, 1, 105280531, 1
0, 35, 12, 18, 1684690739, 1732946577, 1, 0, 94903977, 0
0, 35, 12, 18, 1684690739, 1732946577, 0, 1, 120037794, 1
0, 36, 12, 18, 1732946578, 1750465481, 7, 1, 16695083, 0
0, 36, 12, 18, 1732946578, 1750465481, 7, 0, 10777005, 0
0, 36, 12, 18, 1732946578, 1750465481, 6, 1, 9912501, 0
0, 36, 12, 18, 1732946578, 1750465481, 6, 0, 9760127, 0
0, 36, 12, 18, 1732946578, 1750465481, 5, 1, 9414536, 0
0, 36, 12, 18, 1732946578, 1750465481, 5, 0, 6651629, 0
0, 36, 12, 18, 1732946578, 1750465481, 4, 1, 3695350, 0
0, 36, 12, 18, 1732946578, 1750465481, 4, 0, 8314536, 0
0, 36, 12, 18, 1732946578, 1750465481, 3, 1, 1920471, 0
0, 36, 12, 18, 1732946578, 1750465481, 3, 0, 4481098, 0
0, 36, 12, 18, 1732946578, 1750465481, 2, 1, 2688659, 0
0, 36, 12, 18, 1732946578, 1750465481, 2, 0, 6721646, 0
0, 36, 12, 18, 1732946578, 1750465481, 1, 1, 4481098, 0
0, 36, 12, 18, 1732946578, 1750465481, 1, 0, 13443292, 0
0, 36, 12, 18, 1732946578, 1750465481, 0, 1, 1, 1
0, 37, 12, 18, 1750465482, 1784620696, 7, 1, 1, 1
0, 37, 12, 18, 1750465482, 1784620696, 7, 0, 1, 0
0, 37, 12, 18, 1750465482, 1784620696, 6, 1, 1, 1
0, 37, 12, 18, 1750465482, 1784620696, 6, 0, 1, 0
0, 37, 12, 18, 1750465482, 1784620696, 5, 1, 1, 1
0, 37, 12, 18, 1750465482, 1784620696, 5, 0, 1, 0
0, 37, 12, 18, 1750465482, 1784620696, 4, 1, 1, 1
0, 37, 12, 18, 1750465482, 1784620696, 4, 0, 1, 0
0, 37, 12, 18, 1750465482, 1784620696, 3, 1, 1, 1
0, 37, 12, 18, 1750465482, 1784620696, 3, 0, 1, 0
0, 37, 12, 18, 1750465482, 1784620696, 2, 1, 1, 1
0, 37, 12, 18, 1750465482, 1784620696, 2, 0, 1, 0
0, 37, 12, 18, 1750465482, 1784620696, 1, 1, 1, 1
0, 37, 12, 18, 1750465482, 1784620696, 1, 0, 1, 0
0, 37, 12, 18, 1750465482, 1784620696, 0, 1, 1, 1
0, 38, 12, 18, 1784620697, 1804297279, 7, 1, 89970037, 0
0, 38, 12, 18, 1784620697, 1804297279, 7, 0, 99958085, 0
0, 38, 12, 18, 1784620697, 1804297279, 6, 1, 81580274, 0
0, 38, 12, 18, 1784620697, 1804297279, 6, 0, 96422183, 0
0, 38, 12, 18, 1784620697, 1804297279, 5, 1, 79931439, 0
0, 38, 12, 18, 1784620697, 1804297279, 5, 0, 94449133, 0
0, 38, 12, 18, 1784620697, 1804297279, 4, 1, 73603948, 0
0, 38, 12, 18, 1784620697, 1804297279, 4, 0, 91876436, 0
0, 38, 12, 18, 1784620697, 1804297279, 3, 1, 55314517, 0
0, 38, 12, 18, 1784620697, 1804297279, 3, 0, 72347659, 0
0, 38, 12, 18, 1784620697, 1804297279, 2, 1, 39373092, 0
0, 38, 12, 18, 1784620697, 1804297279, 2, 0, 61196913, 0
0, 38, 12, 18, 1784620697, 1804297279, 1, 1, 15793445, 0
0, 38, 12, 18, 1784620697, 1804297279, 1, 0, 39186620, 0
0, 38, 12, 18, 1784620697, 1804297279, 0, 1, 8193716, 1
0, 39, 12, 18, 1804297280, 1928644458, 7, 1, 45227922, 0
0, 39, 12, 18, 1804297280, 1928644458, 7, 0, 20886298, 0
0, 39, 12, 18, 1804297280, 1928644458, 6, 1, 34563161, 0
0, 39, 12, 18, 1804297280, 1928644458, 6, 0, 24367348, 0
0, 39, 12, 18, 1804297280, 1928644458, 5, 1, 36095198, 0
0, 39, 12, 18, 1804297280, 1928644458, 5, 0, 26735699, 0
0, 39, 12, 18, 1804297280, 1928644458, 4, 1, 30588272, 0
0, 39, 12, 18, 1804297280, 1928644458, 4, 0, 20131862, 0
0, 39, 12, 18, 1804297280, 1928644458, 3, 1, 23664638, 0
0, 39, 12, 18, 1804297280, 1928644458, 3, 0, 19060257, 0
0, 39, 12, 18, 1804297280, 1928644458, 2, 1, 10929605, 0
0, 39, 12, 18, 1804297280, 1928644458, 2, 0, 10735994, 0
0, 39, 12, 18, 1804297280, 1928644458, 1, 1, 13844525, 0
0, 39, 12, 18, 1804297280, 1928644458, 1, 0, 21471988, 0
0, 39, 12, 18, 1804297280, 1928644458, 0, 1, 1, 1
0, 40, 12, 18, 1928644459, 1964353760, 7, 1, 10220419, 0
0, 40, 12, 18, 1928644459, 1964353760, 7, 0, 19600192, 0
0, 40, 12, 18, 1928644459, 1964353760, 6, 1, 11238694, 0
0, 40, 12, 18, 1928644459, 1964353760, 6, 0, 22866891, 0
0, 40, 12, 18, 1928644459, 1964353760, 5, 1, 9102149, 0
0, 40, 12, 18, 1928644459, 1964353760, 5, 0, 18244393, 0
0, 40, 12, 18, 1928644459, 1964353760, 4, 1, 6226741, 0
0, 40, 12, 18, 1928644459, 1964353760, 4, 0, 11784748, 0
0, 40, 12, 18, 1928644459, 1964353760, 3, 1, 2362232, 0
0, 40, 12, 18, 1928644459, 1964353760, 3, 0, 5511873, 0
0, 40, 12, 18, 1928644459, 1964353760, 2, 1, 1, 1
0, 40, 12, 18, 1928644459, 1964353760, 2, 0, 1, 0
0, 40, 12, 18, 1928644459, 1964353760, 1, 1, 1, 1
0, 40, 12, 18, 1928644459, 1964353760, 1, 0, 1, 0
0, 40, 12, 18, 1928644459, 1964353760, 0, 1, 1, 1
0, 41, 12, 18, 1964353761, 2196025834, 7, 1, 5123918, 0
0, 41, 12, 18, 1964353761, 2196025834, 7, 0, 511872, 0
0, 41, 12, 18, 1964353761, 2196025834, 6, 1, 5912213, 0
0, 41, 12, 18, 1964353761, 2196025834, 6, 0, 597184, 0
0, 41, 12, 18, 1964353761, 2196025834, 5, 1, 4108367, 1
0, 41, 12, 18, 1964353761, 2196025834, 5, 0, 1, 0
0, 41, 12, 18, 1964353761, 2196025834, 4, 1, 4801332, 1
0, 41, 12, 18, 1964353761, 2196025834, 4, 0, 1, 0
0, 41, 12, 18, 1964353761, 2196025834, 3, 1, 5555482, 1
0, 41, 12, 18, 1964353761, 2196025834, 3, 0, 1, 0
0, 41, 12, 18, 1964353761, 2196025834, 2, 1, 3356386, 1
0, 41, 12, 18, 1964353761, 2196025834, 2, 0, 1, 0
0, 41, 12, 18, 1964353761, 2196025834, 1, 1, 1, 1
0, 41, 12, 18, 1964353761, 2196025834, 1, 0, 1, 0
0, 41, 12, 18, 1964353761, 2196025834, 0, 1, 1, 1
