3, 1, 8, 13, 1, 80418762, 11, 6, 66782416, 0
3, 1, 8, 13, 1, 80418762, 11, 5, 69977058, 0
3, 1, 8, 13, 1, 80418762, 11, 4, 74728779, 0
3, 1, 8, 13, 1, 80418762, 11, 3, 81229054, 0
3, 1, 8, 13, 1, 80418762, 11, 2, 88549919, 0
3, 1, 8, 13, 1, 80418762, 11, 1, 89476669, 0
3, 1, 8, 13, 1, 80418762, 11, 0, 92109598, 0
3, 1, 8, 13, 1, 80418762, 10, 6, 65324119, 0
3, 1, 8, 13, 1, 80418762, 10, 5, 69637089, 0
3, 1, 8, 13, 1, 80418762, 10, 4, 74522948, 0
3, 1, 8, 13, 1, 80418762, 10, 3, 79837366, 0
3, 1, 8, 13, 1, 80418762, 10, 2, 87819206, 0
3, 1, 8, 13, 1, 80418762, 10, 1, 89092904, 0
3, 1, 8, 13, 1, 80418762, 10, 0, 101320558, 0
3, 1, 8, 13, 1, 80418762, 9, 6, 61693670, 0
3, 1, 8, 13, 1, 80418762, 9, 5, 67302351, 0
3, 1, 8, 13, 1, 80418762, 9, 4, 71090759, 0
3, 1, 8, 13, 1, 80418762, 9, 3, 77822829, 0
3, 1, 8, 13, 1, 80418762, 9, 2, 86008669, 0
3, 1, 8, 13, 1, 80418762, 9, 1, 98471104, 0
3, 1, 8, 13, 1, 80418762, 9, 0, 112578397, 0
3, 1, 8, 13, 1, 80418762, 8, 6, 63806441, 0
3, 1, 8, 13, 1, 80418762, 8, 5, 69244807, 0
3, 1, 8, 13, 1, 80418762, 8, 4, 72331437, 0
3, 1, 8, 13, 1, 80418762, 8, 3, 79898356, 0
3, 1, 8, 13, 1, 80418762, 8, 2, 88467748, 0
3, 1, 8, 13, 1, 80418762, 8, 1, 98638884, 0
3, 1, 8, 13, 1, 80418762, 8, 0, 102389453, 0
3, 1, 8, 13, 1, 80418762, 7, 6, 67752815, 0
3, 1, 8, 13, 1, 80418762, 7, 5, 73199581, 0
3, 1, 8, 13, 1, 80418762, 7, 4, 75717660, 0
3, 1, 8, 13, 1, 80418762, 7, 3, 84443941, 0
3, 1, 8, 13, 1, 80418762, 7, 2, 92238312, 0
3, 1, 8, 13, 1, 80418762, 7, 1, 99878717, 0
3, 1, 8, 13, 1, 80418762, 7, 0, 96892811, 0
3, 1, 8, 13, 1, 80418762, 6, 6, 68478530, 0
3, 1, 8, 13, 1, 80418762, 6, 5, 73193778, 0
3, 1, 8, 13, 1, 80418762, 6, 4, 77366231, 0
3, 1, 8, 13, 1, 80418762, 6, 3, 85008344, 0
3, 1, 8, 13, 1, 80418762, 6, 2, 89947214, 0
3, 1, 8, 13, 1, 80418762, 6, 1, 100804816, 0
3, 1, 8, 13, 1, 80418762, 6, 0, 113041612, 0
3, 1, 8, 13, 1, 80418762, 5, 6, 69767799, 0
3, 1, 8, 13, 1, 80418762, 5, 5, 74010297, 0
3, 1, 8, 13, 1, 80418762, 5, 4, 76547150, 0
3, 1, 8, 13, 1, 80418762, 5, 3, 81940903, 0
3, 1, 8, 13, 1, 80418762, 5, 2, 92933882, 0
3, 1, 8, 13, 1, 80418762, 5, 1, 99217665, 0
3, 1, 8, 13, 1, 80418762, 5, 0, 110173560, 0
3, 1, 8, 13, 1, 80418762, 4, 6, 61590573, 0
3, 1, 8, 13, 1, 80418762, 4, 5, 66016606, 0
3, 1, 8, 13, 1, 80418762, 4, 4, 74569046, 0
3, 1, 8, 13, 1, 80418762, 4, 3, 76548976, 0
3, 1, 8, 13, 1, 80418762, 4, 2, 100983420, 0
3, 1, 8, 13, 1, 80418762, 4, 1, 110666976, 0
3, 1, 8, 13, 1, 80418762, 4, 0, 137716950, 0
3, 1, 8, 13, 1, 80418762, 3, 6, 66497481, 0
3, 1, 8, 13, 1, 80418762, 3, 5, 73969426, 0
3, 1, 8, 13, 1, 80418762, 3, 4, 82972228, 0
3, 1, 8, 13, 1, 80418762, 3, 3, 82749718, 0
3, 1, 8, 13, 1, 80418762, 3, 2, 109143919, 0
3, 1, 8, 13, 1, 80418762, 3, 1, 142286112, 0
3, 1, 8, 13, 1, 80418762, 3, 0, 183622600, 0
3, 1, 8, 13, 1, 80418762, 2, 6, 51584056, 0
3, 1, 8, 13, 1, 80418762, 2, 5, 59711255, 0
3, 1, 8, 13, 1, 80418762, 2, 4, 63590490, 0
3, 1, 8, 13, 1, 80418762, 2, 3, 50458208, 0
3, 1, 8, 13, 1, 80418762, 2, 2, 64297204, 0
3, 1, 8, 13, 1, 80418762, 2, 1, 78330278, 0
3, 1, 8, 13, 1, 80418762, 2, 0, 102889508, 0
3, 1, 8, 13, 1, 80418762, 1, 6, 46221799, 0
3, 1, 8, 13, 1, 80418762, 1, 5, 53117600, 0
3, 1, 8, 13, 1, 80418762, 1, 4, 64286984, 0
3, 1, 8, 13, 1, 80418762, 1, 3, 63755778, 0
3, 1, 8, 13, 1, 80418762, 1, 2, 81125559, 0
3, 1, 8, 13, 1, 80418762, 1, 1, 127472721, 0
3, 1, 8, 13, 1, 80418762, 1, 0, 205779015, 0
3, 1, 8, 13, 1, 80418762, 0, 6, 20617086, 1
3, 1, 8, 13, 1, 80418762, 0, 5, 24740503, 1
3, 1, 8, 13, 1, 80418762, 0, 4, 30925628, 1
3, 1, 8, 13, 1, 80418762, 0, 3, 13554218, 1
3, 1, 8, 13, 1, 80418762, 0, 2, 1, 1
3, 1, 8, 13, 1, 80418762, 0, 1, 1, 1
3, 2, 8, 13, 80418763, 100078046, 11, 6, 157353750, 1
3, 2, 8, 13, 80418763, 100078046, 11, 5, 147578075, 1
3, 2, 8, 13, 80418763, 100078046, 11, 4, 157921405, 0
3, 2, 8, 13, 80418763, 100078046, 11, 3, 168781098, 1
3, 2, 8, 13, 80418763, 100078046, 11, 2, 173373638, 1
3, 2, 8, 13, 80418763, 100078046, 11, 1, 138584968, 0
3, 2, 8, 13, 80418763, 100078046, 11, 0, 129749509, 0
3, 2, 8, 13, 80418763, 100078046, 10, 6, 154417431, 1
3, 2, 8, 13, 80418763, 100078046, 10, 5, 144327985, 1
3, 2, 8, 13, 80418763, 100078046, 10, 4, 156956035, 0
3, 2, 8, 13, 80418763, 100078046, 10, 3, 164906386, 1
3, 2, 8, 13, 80418763, 100078046, 10, 2, 171119203, 1
3, 2, 8, 13, 80418763, 100078046, 10, 1, 140490875, 0
3, 2, 8, 13, 80418763, 100078046, 10, 0, 142724459, 0
3, 2, 8, 13, 80418763, 100078046, 9, 6, 160728453, 1
3, 2, 8, 13, 80418763, 100078046, 9, 5, 148065382, 1
3, 2, 8, 13, 80418763, 100078046, 9, 4, 159799273, 0
3, 2, 8, 13, 80418763, 100078046, 9, 3, 172554391, 1
3, 2, 8, 13, 80418763, 100078046, 9, 2, 176360730, 0
3, 2, 8, 13, 80418763, 100078046, 9, 1, 155279388, 0
3, 2, 8, 13, 80418763, 100078046, 9, 0, 158582733, 0
3, 2, 8, 13, 80418763, 100078046, 8, 6, 164162982, 0
3, 2, 8, 13, 80418763, 100078046, 8, 5, 153394477, 0
3, 2, 8, 13, 80418763, 100078046, 8, 4, 164186684, 0
3, 2, 8, 13, 80418763, 100078046, 8, 3, 174962028, 0
3, 2, 8, 13, 80418763, 100078046, 8, 2, 186719474, 0
3, 2, 8, 13, 80418763, 100078046, 8, 1, 173547551, 0
3, 2, 8, 13, 80418763, 100078046, 8, 0, 178405574, 0
3, 2, 8, 13, 80418763, 100078046, 7, 6, 161921106, 0
3, 2, 8, 13, 80418763, 100078046, 7, 5, 145903472, 0
3, 2, 8, 13, 80418763, 100078046, 7, 4, 155311842, 0
3, 2, 8, 13, 80418763, 100078046, 7, 3, 159890926, 0
3, 2, 8, 13, 80418763, 100078046, 7, 2, 177717989, 0
3, 2, 8, 13, 80418763, 100078046, 7, 1, 174350967, 0
3, 2, 8, 13, 80418763, 100078046, 7, 0, 203892085, 0
3, 2, 8, 13, 80418763, 100078046, 6, 6, 162578792, 0
3, 2, 8, 13, 80418763, 100078046, 6, 5, 147112677, 0
3, 2, 8, 13, 80418763, 100078046, 6, 4, 153862306, 0
3, 2, 8, 13, 80418763, 100078046, 6, 3, 165430822, 0
3, 2, 8, 13, 80418763, 100078046, 6, 2, 179960484, 0
3, 2, 8, 13, 80418763, 100078046, 6, 1, 163612342, 0
3, 2, 8, 13, 80418763, 100078046, 6, 0, 196916342, 0
3, 2, 8, 13, 80418763, 100078046, 5, 6, 158550696, 0
3, 2, 8, 13, 80418763, 100078046, 5, 5, 140335828, 0
3, 2, 8, 13, 80418763, 100078046, 5, 4, 141774228, 0
3, 2, 8, 13, 80418763, 100078046, 5, 3, 145511582, 0
3, 2, 8, 13, 80418763, 100078046, 5, 2, 160790871, 0
3, 2, 8, 13, 80418763, 100078046, 5, 1, 148330142, 0
3, 2, 8, 13, 80418763, 100078046, 5, 0, 171176779, 0
3, 2, 8, 13, 80418763, 100078046, 4, 6, 164395318, 1
3, 2, 8, 13, 80418763, 100078046, 4, 5, 152378773, 1
3, 2, 8, 13, 80418763, 100078046, 4, 4, 150778461, 0
3, 2, 8, 13, 80418763, 100078046, 4, 3, 150210360, 1
3, 2, 8, 13, 80418763, 100078046, 4, 2, 161039509, 0
3, 2, 8, 13, 80418763, 100078046, 4, 1, 128082209, 0
3, 2, 8, 13, 80418763, 100078046, 4, 0, 154056120, 0
3, 2, 8, 13, 80418763, 100078046, 3, 6, 149467877, 0
3, 2, 8, 13, 80418763, 100078046, 3, 5, 141910615, 0
3, 2, 8, 13, 80418763, 100078046, 3, 4, 135460647, 0
3, 2, 8, 13, 80418763, 100078046, 3, 3, 134843642, 0
3, 2, 8, 13, 80418763, 100078046, 3, 2, 153518707, 0
3, 2, 8, 13, 80418763, 100078046, 3, 1, 118828447, 0
3, 2, 8, 13, 80418763, 100078046, 3, 0, 205408160, 0
3, 2, 8, 13, 80418763, 100078046, 2, 6, 150973393, 1
3, 2, 8, 13, 80418763, 100078046, 2, 5, 146506857, 1
3, 2, 8, 13, 80418763, 100078046, 2, 4, 137374466, 0
3, 2, 8, 13, 80418763, 100078046, 2, 3, 124740441, 1
3, 2, 8, 13, 80418763, 100078046, 2, 2, 129774500, 1
3, 2, 8, 13, 80418763, 100078046, 2, 1, 102072469, 0
3, 2, 8, 13, 80418763, 100078046, 2, 0, 147393846, 0
3, 2, 8, 13, 80418763, 100078046, 1, 6, 164052941, 1
3, 2, 8, 13, 80418763, 100078046, 1, 5, 157327970, 1
3, 2, 8, 13, 80418763, 100078046, 1, 4, 129248181, 1
3, 2, 8, 13, 80418763, 100078046, 1, 3, 131541849, 1
3, 2, 8, 13, 80418763, 100078046, 1, 2, 148681662, 1
3, 2, 8, 13, 80418763, 100078046, 1, 1, 71858217, 1
3, 2, 8, 13, 80418763, 100078046, 1, 0, 1, 0
3, 2, 8, 13, 80418763, 100078046, 0, 6, 163867547, 1
3, 2, 8, 13, 80418763, 100078046, 0, 5, 168554606, 1
3, 2, 8, 13, 80418763, 100078046, 0, 4, 121301332, 1
3, 2, 8, 13, 80418763, 100078046, 0, 3, 161735109, 1
3, 2, 8, 13, 80418763, 100078046, 0, 2, 153910348, 1
3, 2, 8, 13, 80418763, 100078046, 0, 1, 1, 1
3, 3, 8, 13, 100078047, 158546430, 11, 6, 89987704, 1
3, 3, 8, 13, 100078047, 158546430, 11, 5, 85710098, 1
3, 3, 8, 13, 100078047, 158546430, 11, 4, 86577573, 1
3, 3, 8, 13, 100078047, 158546430, 11, 3, 88217016, 1
3, 3, 8, 13, 100078047, 158546430, 11, 2, 78113682, 1
3, 3, 8, 13, 100078047, 158546430, 11, 1, 72814577, 1
3, 3, 8, 13, 100078047, 158546430, 11, 0, 40894134, 0
3, 3, 8, 13, 100078047, 158546430, 10, 6, 86783322, 1
3, 3, 8, 13, 100078047, 158546430, 10, 5, 84065146, 1
3, 3, 8, 13, 100078047, 158546430, 10, 4, 86963386, 1
3, 3, 8, 13, 100078047, 158546430, 10, 3, 89989421, 1
3, 3, 8, 13, 100078047, 158546430, 10, 2, 79878540, 1
3, 3, 8, 13, 100078047, 158546430, 10, 1, 76633648, 1
3, 3, 8, 13, 100078047, 158546430, 10, 0, 44983547, 0
3, 3, 8, 13, 100078047, 158546430, 9, 6, 91170999, 1
3, 3, 8, 13, 100078047, 158546430, 9, 5, 90655388, 1
3, 3, 8, 13, 100078047, 158546430, 9, 4, 95837201, 1
3, 3, 8, 13, 100078047, 158546430, 9, 3, 99219105, 1
3, 3, 8, 13, 100078047, 158546430, 9, 2, 88141838, 1
3, 3, 8, 13, 100078047, 158546430, 9, 1, 84700347, 1
3, 3, 8, 13, 100078047, 158546430, 9, 0, 49981719, 0
3, 3, 8, 13, 100078047, 158546430, 8, 6, 93009505, 1
3, 3, 8, 13, 100078047, 158546430, 8, 5, 93645781, 1
3, 3, 8, 13, 100078047, 158546430, 8, 4, 97967758, 1
3, 3, 8, 13, 100078047, 158546430, 8, 3, 100212881, 1
3, 3, 8, 13, 100078047, 158546430, 8, 2, 88301826, 1
3, 3, 8, 13, 100078047, 158546430, 8, 1, 85131781, 1
3, 3, 8, 13, 100078047, 158546430, 8, 0, 56229434, 0
3, 3, 8, 13, 100078047, 158546430, 7, 6, 93586776, 1
3, 3, 8, 13, 100078047, 158546430, 7, 5, 93489726, 1
3, 3, 8, 13, 100078047, 158546430, 7, 4, 97457306, 1
3, 3, 8, 13, 100078047, 158546430, 7, 3, 96700143, 1
3, 3, 8, 13, 100078047, 158546430, 7, 2, 82297893, 1
3, 3, 8, 13, 100078047, 158546430, 7, 1, 76907343, 1
3, 3, 8, 13, 100078047, 158546430, 7, 0, 54338368, 0
3, 3, 8, 13, 100078047, 158546430, 6, 6, 92817232, 1
3, 3, 8, 13, 100078047, 158546430, 6, 5, 90291990, 1
3, 3, 8, 13, 100078047, 158546430, 6, 4, 93188761, 1
3, 3, 8, 13, 100078047, 158546430, 6, 3, 92349949, 1
3, 3, 8, 13, 100078047, 158546430, 6, 2, 80457215, 1
3, 3, 8, 13, 100078047, 158546430, 6, 1, 66915608, 1
3, 3, 8, 13, 100078047, 158546430, 6, 0, 35262650, 0
3, 3, 8, 13, 100078047, 158546430, 5, 6, 94487005, 1
3, 3, 8, 13, 100078047, 158546430, 5, 5, 93676297, 1
3, 3, 8, 13, 100078047, 158546430, 5, 4, 95274185, 1
3, 3, 8, 13, 100078047, 158546430, 5, 3, 96680573, 1
3, 3, 8, 13, 100078047, 158546430, 5, 2, 78948958, 1
3, 3, 8, 13, 100078047, 158546430, 5, 1, 69852206, 1
3, 3, 8, 13, 100078047, 158546430, 5, 0, 42315180, 0
3, 3, 8, 13, 100078047, 158546430, 4, 6, 105972857, 1
3, 3, 8, 13, 100078047, 158546430, 4, 5, 108756891, 1
3, 3, 8, 13, 100078047, 158546430, 4, 4, 109926284, 1
3, 3, 8, 13, 100078047, 158546430, 4, 3, 112384243, 1
3, 3, 8, 13, 100078047, 158546430, 4, 2, 95866592, 1
3, 3, 8, 13, 100078047, 158546430, 4, 1, 85374918, 1
3, 3, 8, 13, 100078047, 158546430, 4, 0, 52893975, 0
3, 3, 8, 13, 100078047, 158546430, 3, 6, 88510307, 1
3, 3, 8, 13, 100078047, 158546430, 3, 5, 92309456, 1
3, 3, 8, 13, 100078047, 158546430, 3, 4, 88221585, 1
3, 3, 8, 13, 100078047, 158546430, 3, 3, 89129551, 1
3, 3, 8, 13, 100078047, 158546430, 3, 2, 68071589, 1
3, 3, 8, 13, 100078047, 158546430, 3, 1, 64944292, 1
3, 3, 8, 13, 100078047, 158546430, 3, 0, 35167078, 0
3, 3, 8, 13, 100078047, 158546430, 2, 6, 93718026, 1
3, 3, 8, 13, 100078047, 158546430, 2, 5, 96520953, 1
3, 3, 8, 13, 100078047, 158546430, 2, 4, 93953864, 1
3, 3, 8, 13, 100078047, 158546430, 2, 3, 96589139, 1
3, 3, 8, 13, 100078047, 158546430, 2, 2, 75939412, 1
3, 3, 8, 13, 100078047, 158546430, 2, 1, 76621392, 1
3, 3, 8, 13, 100078047, 158546430, 2, 0, 32687647, 0
3, 3, 8, 13, 100078047, 158546430, 1, 6, 99319337, 1
3, 3, 8, 13, 100078047, 158546430, 1, 5, 101488622, 1
3, 3, 8, 13, 100078047, 158546430, 1, 4, 91066134, 1
3, 3, 8, 13, 100078047, 158546430, 1, 3, 86081829, 1
3, 3, 8, 13, 100078047, 158546430, 1, 2, 72955228, 1
3, 3, 8, 13, 100078047, 158546430, 1, 1, 89497974, 1
3, 3, 8, 13, 100078047, 158546430, 1, 0, 65375293, 0
3, 3, 8, 13, 100078047, 158546430, 0, 6, 147932827, 1
3, 3, 8, 13, 100078047, 158546430, 0, 5, 142564083, 1
3, 3, 8, 13, 100078047, 158546430, 0, 4, 116310985, 1
3, 3, 8, 13, 100078047, 158546430, 0, 3, 98511471, 1
3, 3, 8, 13, 100078047, 158546430, 0, 2, 76898609, 1
3, 3, 8, 13, 100078047, 158546430, 0, 1, 153797218, 1
3, 4, 8, 13, 158546431, 175748444, 11, 6, 39084749, 1
3, 4, 8, 13, 158546431, 175748444, 11, 5, 37722922, 0
3, 4, 8, 13, 158546431, 175748444, 11, 4, 36446908, 0
3, 4, 8, 13, 158546431, 175748444, 11, 3, 39667162, 0
3, 4, 8, 13, 158546431, 175748444, 11, 2, 40238370, 0
3, 4, 8, 13, 158546431, 175748444, 11, 1, 33151496, 0
3, 4, 8, 13, 158546431, 175748444, 11, 0, 27405538, 0
3, 4, 8, 13, 158546431, 175748444, 10, 6, 39533141, 1
3, 4, 8, 13, 158546431, 175748444, 10, 5, 38381277, 0
3, 4, 8, 13, 158546431, 175748444, 10, 4, 36673519, 0
3, 4, 8, 13, 158546431, 175748444, 10, 3, 40157646, 0
3, 4, 8, 13, 158546431, 175748444, 10, 2, 44010717, 0
3, 4, 8, 13, 158546431, 175748444, 10, 1, 36308781, 0
3, 4, 8, 13, 158546431, 175748444, 10, 0, 30146091, 0
3, 4, 8, 13, 158546431, 175748444, 9, 6, 40160389, 1
3, 4, 8, 13, 158546431, 175748444, 9, 5, 38327646, 0
3, 4, 8, 13, 158546431, 175748444, 9, 4, 35651391, 0
3, 4, 8, 13, 158546431, 175748444, 9, 3, 38290434, 0
3, 4, 8, 13, 158546431, 175748444, 9, 2, 40513486, 0
3, 4, 8, 13, 158546431, 175748444, 9, 1, 31743191, 0
3, 4, 8, 13, 158546431, 175748444, 9, 0, 33495657, 0
3, 4, 8, 13, 158546431, 175748444, 8, 6, 42034651, 1
3, 4, 8, 13, 158546431, 175748444, 8, 5, 40755135, 0
3, 4, 8, 13, 158546431, 175748444, 8, 4, 37400208, 0
3, 4, 8, 13, 158546431, 175748444, 8, 3, 39771941, 0
3, 4, 8, 13, 158546431, 175748444, 8, 2, 41291619, 0
3, 4, 8, 13, 158546431, 175748444, 8, 1, 29886813, 0
3, 4, 8, 13, 158546431, 175748444, 8, 0, 37682614, 0
3, 4, 8, 13, 158546431, 175748444, 7, 6, 42095670, 1
3, 4, 8, 13, 158546431, 175748444, 7, 5, 40150665, 0
3, 4, 8, 13, 158546431, 175748444, 7, 4, 36952338, 0
3, 4, 8, 13, 158546431, 175748444, 7, 3, 39300702, 0
3, 4, 8, 13, 158546431, 175748444, 7, 2, 39125476, 0
3, 4, 8, 13, 158546431, 175748444, 7, 1, 33871721, 0
3, 4, 8, 13, 158546431, 175748444, 7, 0, 43065845, 0
3, 4, 8, 13, 158546431, 175748444, 6, 6, 39646028, 1
3, 4, 8, 13, 158546431, 175748444, 6, 5, 39006469, 0
3, 4, 8, 13, 158546431, 175748444, 6, 4, 40396335, 0
3, 4, 8, 13, 158546431, 175748444, 6, 3, 42616889, 0
3, 4, 8, 13, 158546431, 175748444, 6, 2, 41611009, 0
3, 4, 8, 13, 158546431, 175748444, 6, 1, 33877696, 0
3, 4, 8, 13, 158546431, 175748444, 6, 0, 50243485, 0
3, 4, 8, 13, 158546431, 175748444, 5, 6, 38399685, 0
3, 4, 8, 13, 158546431, 175748444, 5, 5, 36304086, 0
3, 4, 8, 13, 158546431, 175748444, 5, 4, 42209922, 0
3, 4, 8, 13, 158546431, 175748444, 5, 3, 47289016, 0
3, 4, 8, 13, 158546431, 175748444, 5, 2, 48954128, 0
3, 4, 8, 13, 158546431, 175748444, 5, 1, 40037277, 0
3, 4, 8, 13, 158546431, 175748444, 5, 0, 60292182, 0
3, 4, 8, 13, 158546431, 175748444, 4, 6, 40740793, 0
3, 4, 8, 13, 158546431, 175748444, 4, 5, 37291133, 0
3, 4, 8, 13, 158546431, 175748444, 4, 4, 43120316, 0
3, 4, 8, 13, 158546431, 175748444, 4, 3, 48319682, 0
3, 4, 8, 13, 158546431, 175748444, 4, 2, 50024926, 0
3, 4, 8, 13, 158546431, 175748444, 4, 1, 48934449, 0
3, 4, 8, 13, 158546431, 175748444, 4, 0, 75365228, 0
3, 4, 8, 13, 158546431, 175748444, 3, 6, 41334733, 0
3, 4, 8, 13, 158546431, 175748444, 3, 5, 35317117, 0
3, 4, 8, 13, 158546431, 175748444, 3, 4, 40357492, 0
3, 4, 8, 13, 158546431, 175748444, 3, 3, 48528283, 0
3, 4, 8, 13, 158546431, 175748444, 3, 2, 46381750, 0
3, 4, 8, 13, 158546431, 175748444, 3, 1, 48335113, 0
3, 4, 8, 13, 158546431, 175748444, 3, 0, 66465553, 0
3, 4, 8, 13, 158546431, 175748444, 2, 6, 41065705, 0
3, 4, 8, 13, 158546431, 175748444, 2, 5, 37173671, 0
3, 4, 8, 13, 158546431, 175748444, 2, 4, 41889361, 0
3, 4, 8, 13, 158546431, 175748444, 2, 3, 52386704, 0
3, 4, 8, 13, 158546431, 175748444, 2, 2, 46448559, 0
3, 4, 8, 13, 158546431, 175748444, 2, 1, 54605119, 0
3, 4, 8, 13, 158546431, 175748444, 2, 0, 68027831, 0
3, 4, 8, 13, 158546431, 175748444, 1, 6, 24765857, 1
3, 4, 8, 13, 158546431, 175748444, 1, 5, 12054041, 1
3, 4, 8, 13, 158546431, 175748444, 1, 4, 9677011, 1
3, 4, 8, 13, 158546431, 175748444, 1, 3, 12441871, 1
3, 4, 8, 13, 158546431, 175748444, 1, 2, 2555902, 0
3, 4, 8, 13, 158546431, 175748444, 1, 1, 4259836, 0
3, 4, 8, 13, 158546431, 175748444, 1, 0, 12779506, 0
3, 4, 8, 13, 158546431, 175748444, 0, 6, 51529439, 1
3, 4, 8, 13, 158546431, 175748444, 0, 5, 23962989, 1
3, 4, 8, 13, 158546431, 175748444, 0, 4, 18578397, 1
3, 4, 8, 13, 158546431, 175748444, 0, 3, 24771196, 1
3, 4, 8, 13, 158546431, 175748444, 0, 2, 1, 1
3, 4, 8, 13, 158546431, 175748444, 0, 1, 1, 1
3, 5, 8, 13, 175748445, 318929919, 11, 6, 50851552, 1
3, 5, 8, 13, 175748445, 318929919, 11, 5, 51041644, 0
3, 5, 8, 13, 175748445, 318929919, 11, 4, 51368154, 1
3, 5, 8, 13, 175748445, 318929919, 11, 3, 49909611, 1
3, 5, 8, 13, 175748445, 318929919, 11, 2, 43781074, 0
3, 5, 8, 13, 175748445, 318929919, 11, 1, 35023213, 0
3, 5, 8, 13, 175748445, 318929919, 11, 0, 42608607, 0
3, 5, 8, 13, 175748445, 318929919, 10, 6, 52823210, 1
3, 5, 8, 13, 175748445, 318929919, 10, 5, 53874618, 0
3, 5, 8, 13, 175748445, 318929919, 10, 4, 53863232, 0
3, 5, 8, 13, 175748445, 318929919, 10, 3, 52299025, 1
3, 5, 8, 13, 175748445, 318929919, 10, 2, 47885550, 0
3, 5, 8, 13, 175748445, 318929919, 10, 1, 38358757, 0
3, 5, 8, 13, 175748445, 318929919, 10, 0, 46869468, 0
3, 5, 8, 13, 175748445, 318929919, 9, 6, 54641104, 1
3, 5, 8, 13, 175748445, 318929919, 9, 5, 55212244, 0
3, 5, 8, 13, 175748445, 318929919, 9, 4, 58578821, 0
3, 5, 8, 13, 175748445, 318929919, 9, 3, 57663028, 1
3, 5, 8, 13, 175748445, 318929919, 9, 2, 52839227, 0
3, 5, 8, 13, 175748445, 318929919, 9, 1, 42396521, 0
3, 5, 8, 13, 175748445, 318929919, 9, 0, 52077186, 0
3, 5, 8, 13, 175748445, 318929919, 8, 6, 52977141, 1
3, 5, 8, 13, 175748445, 318929919, 8, 5, 54597365, 0
3, 5, 8, 13, 175748445, 318929919, 8, 4, 56965914, 0
3, 5, 8, 13, 175748445, 318929919, 8, 3, 58660062, 1
3, 5, 8, 13, 175748445, 318929919, 8, 2, 51406987, 0
3, 5, 8, 13, 175748445, 318929919, 8, 1, 35869293, 0
3, 5, 8, 13, 175748445, 318929919, 8, 0, 45576332, 0
3, 5, 8, 13, 175748445, 318929919, 7, 6, 54332808, 1
3, 5, 8, 13, 175748445, 318929919, 7, 5, 55545945, 0
3, 5, 8, 13, 175748445, 318929919, 7, 4, 57725332, 1
3, 5, 8, 13, 175748445, 318929919, 7, 3, 60005285, 1
3, 5, 8, 13, 175748445, 318929919, 7, 2, 49723623, 0
3, 5, 8, 13, 175748445, 318929919, 7, 1, 36656773, 0
3, 5, 8, 13, 175748445, 318929919, 7, 0, 43526325, 0
3, 5, 8, 13, 175748445, 318929919, 6, 6, 57958373, 1
3, 5, 8, 13, 175748445, 318929919, 6, 5, 60685589, 0
3, 5, 8, 13, 175748445, 318929919, 6, 4, 62609932, 0
3, 5, 8, 13, 175748445, 318929919, 6, 3, 64356058, 1
3, 5, 8, 13, 175748445, 318929919, 6, 2, 57182166, 0
3, 5, 8, 13, 175748445, 318929919, 6, 1, 42296276, 0
3, 5, 8, 13, 175748445, 318929919, 6, 0, 50780713, 0
3, 5, 8, 13, 175748445, 318929919, 5, 6, 60576346, 1
3, 5, 8, 13, 175748445, 318929919, 5, 5, 62563926, 0
3, 5, 8, 13, 175748445, 318929919, 5, 4, 71059255, 0
3, 5, 8, 13, 175748445, 318929919, 5, 3, 74577788, 0
3, 5, 8, 13, 175748445, 318929919, 5, 2, 67273137, 0
3, 5, 8, 13, 175748445, 318929919, 5, 1, 49986508, 0
3, 5, 8, 13, 175748445, 318929919, 5, 0, 60936855, 0
3, 5, 8, 13, 175748445, 318929919, 4, 6, 64434687, 0
3, 5, 8, 13, 175748445, 318929919, 4, 5, 65409884, 0
3, 5, 8, 13, 175748445, 318929919, 4, 4, 78836228, 0
3, 5, 8, 13, 175748445, 318929919, 4, 3, 90278375, 0
3, 5, 8, 13, 175748445, 318929919, 4, 2, 81688809, 0
3, 5, 8, 13, 175748445, 318929919, 4, 1, 61094621, 0
3, 5, 8, 13, 175748445, 318929919, 4, 0, 76171069, 0
3, 5, 8, 13, 175748445, 318929919, 3, 6, 65350573, 1
3, 5, 8, 13, 175748445, 318929919, 3, 5, 63937944, 0
3, 5, 8, 13, 175748445, 318929919, 3, 4, 77145029, 1
3, 5, 8, 13, 175748445, 318929919, 3, 3, 88415770, 1
3, 5, 8, 13, 175748445, 318929919, 3, 2, 68599159, 0
3, 5, 8, 13, 175748445, 318929919, 3, 1, 52841170, 0
3, 5, 8, 13, 175748445, 318929919, 3, 0, 41573625, 0
3, 5, 8, 13, 175748445, 318929919, 2, 6, 66482220, 1
3, 5, 8, 13, 175748445, 318929919, 2, 5, 65261756, 0
3, 5, 8, 13, 175748445, 318929919, 2, 4, 78902334, 0
3, 5, 8, 13, 175748445, 318929919, 2, 3, 87737606, 1
3, 5, 8, 13, 175748445, 318929919, 2, 2, 68805748, 0
3, 5, 8, 13, 175748445, 318929919, 2, 1, 39669962, 0
3, 5, 8, 13, 175748445, 318929919, 2, 0, 51032036, 0
3, 5, 8, 13, 175748445, 318929919, 1, 6, 67029163, 1
3, 5, 8, 13, 175748445, 318929919, 1, 5, 59198597, 1
3, 5, 8, 13, 175748445, 318929919, 1, 4, 71818601, 1
3, 5, 8, 13, 175748445, 318929919, 1, 3, 72406914, 1
3, 5, 8, 13, 175748445, 318929919, 1, 2, 36369640, 0
3, 5, 8, 13, 175748445, 318929919, 1, 1, 6490704, 0
3, 5, 8, 13, 175748445, 318929919, 1, 0, 19472112, 0
3, 5, 8, 13, 175748445, 318929919, 0, 6, 66957556, 1
3, 5, 8, 13, 175748445, 318929919, 0, 5, 36310158, 1
3, 5, 8, 13, 175748445, 318929919, 0, 4, 44183407, 1
3, 5, 8, 13, 175748445, 318929919, 0, 3, 58911209, 1
3, 5, 8, 13, 175748445, 318929919, 0, 2, 1, 1
3, 5, 8, 13, 175748445, 318929919, 0, 1, 1, 1
3, 6, 8, 13, 318929920, 377779938, 11, 6, 6619157, 0
3, 6, 8, 13, 318929920, 377779938, 11, 5, 6554685, 0
3, 6, 8, 13, 318929920, 377779938, 11, 4, 3221104, 0
3, 6, 8, 13, 318929920, 377779938, 11, 3, 2925779, 0
3, 6, 8, 13, 318929920, 377779938, 11, 2, 3433743, 0
3, 6, 8, 13, 318929920, 377779938, 11, 1, 5221709, 0
3, 6, 8, 13, 318929920, 377779938, 11, 0, 7130800, 0
3, 6, 8, 13, 318929920, 377779938, 10, 6, 7228817, 0
3, 6, 8, 13, 318929920, 377779938, 10, 5, 7159733, 0
3, 6, 8, 13, 318929920, 377779938, 10, 4, 3519354, 0
3, 6, 8, 13, 318929920, 377779938, 10, 3, 3197944, 0
3, 6, 8, 13, 318929920, 377779938, 10, 2, 3755657, 0
3, 6, 8, 13, 318929920, 377779938, 10, 1, 5719015, 0
3, 6, 8, 13, 318929920, 377779938, 10, 0, 7843880, 0
3, 6, 8, 13, 318929920, 377779938, 9, 6, 7445222, 0
3, 6, 8, 13, 318929920, 377779938, 9, 5, 7283270, 0
3, 6, 8, 13, 318929920, 377779938, 9, 4, 3878472, 0
3, 6, 8, 13, 318929920, 377779938, 9, 3, 3525938, 0
3, 6, 8, 13, 318929920, 377779938, 9, 2, 4144173, 0
3, 6, 8, 13, 318929920, 377779938, 9, 1, 6321016, 0
3, 6, 8, 13, 318929920, 377779938, 9, 0, 8715422, 0
3, 6, 8, 13, 318929920, 377779938, 8, 6, 7835664, 0
3, 6, 8, 13, 318929920, 377779938, 8, 5, 7795050, 0
3, 6, 8, 13, 318929920, 377779938, 8, 4, 3942497, 0
3, 6, 8, 13, 318929920, 377779938, 8, 3, 3455324, 0
3, 6, 8, 13, 318929920, 377779938, 8, 2, 3984837, 0
3, 6, 8, 13, 318929920, 377779938, 8, 1, 6089650, 0
3, 6, 8, 13, 318929920, 377779938, 8, 0, 9804850, 0
3, 6, 8, 13, 318929920, 377779938, 7, 6, 8422468, 0
3, 6, 8, 13, 318929920, 377779938, 7, 5, 8790163, 0
3, 6, 8, 13, 318929920, 377779938, 7, 4, 4447945, 0
3, 6, 8, 13, 318929920, 377779938, 7, 3, 3901172, 0
3, 6, 8, 13, 318929920, 377779938, 7, 2, 4504598, 0
3, 6, 8, 13, 318929920, 377779938, 7, 1, 6901603, 0
3, 6, 8, 13, 318929920, 377779938, 7, 0, 11205543, 0
3, 6, 8, 13, 318929920, 377779938, 6, 6, 5969259, 0
3, 6, 8, 13, 318929920, 377779938, 6, 5, 5766497, 0
3, 6, 8, 13, 318929920, 377779938, 6, 4, 2607970, 0
3, 6, 8, 13, 318929920, 377779938, 6, 3, 3284110, 0
3, 6, 8, 13, 318929920, 377779938, 6, 2, 3567020, 0
3, 6, 8, 13, 318929920, 377779938, 6, 1, 5481438, 0
3, 6, 8, 13, 318929920, 377779938, 6, 0, 7695575, 0
3, 6, 8, 13, 318929920, 377779938, 5, 6, 6204378, 0
3, 6, 8, 13, 318929920, 377779938, 5, 5, 5836613, 0
3, 6, 8, 13, 318929920, 377779938, 5, 4, 2192611, 0
3, 6, 8, 13, 318929920, 377779938, 5, 3, 2764597, 0
3, 6, 8, 13, 318929920, 377779938, 5, 2, 2720891, 0
3, 6, 8, 13, 318929920, 377779938, 5, 1, 4197586, 0
3, 6, 8, 13, 318929920, 377779938, 5, 0, 9234689, 0
3, 6, 8, 13, 318929920, 377779938, 4, 6, 6527498, 0
3, 6, 8, 13, 318929920, 377779938, 4, 5, 6466797, 0
3, 6, 8, 13, 318929920, 377779938, 4, 4, 1951725, 0
3, 6, 8, 13, 318929920, 377779938, 4, 3, 2465337, 0
3, 6, 8, 13, 318929920, 377779938, 4, 2, 3303939, 0
3, 6, 8, 13, 318929920, 377779938, 4, 1, 5130383, 0
3, 6, 8, 13, 318929920, 377779938, 4, 0, 11543362, 0
3, 6, 8, 13, 318929920, 377779938, 3, 6, 4442530, 1
3, 6, 8, 13, 318929920, 377779938, 3, 5, 3719586, 1
3, 6, 8, 13, 318929920, 377779938, 3, 4, 35156, 1
3, 6, 8, 13, 318929920, 377779938, 3, 3, 44530, 1
3, 6, 8, 13, 318929920, 377779938, 3, 2, 7428, 1
3, 6, 8, 13, 318929920, 377779938, 3, 1, 1, 1
3, 6, 8, 13, 318929920, 377779938, 3, 0, 1, 0
3, 6, 8, 13, 318929920, 377779938, 2, 6, 3133942, 1
3, 6, 8, 13, 318929920, 377779938, 2, 5, 1663588, 1
3, 6, 8, 13, 318929920, 377779938, 2, 4, 5836, 1
3, 6, 8, 13, 318929920, 377779938, 2, 3, 7428, 1
3, 6, 8, 13, 318929920, 377779938, 2, 2, 10213, 1
3, 6, 8, 13, 318929920, 377779938, 2, 1, 1, 1
3, 6, 8, 13, 318929920, 377779938, 2, 0, 1, 0
3, 6, 8, 13, 318929920, 377779938, 1, 6, 4821448, 1
3, 6, 8, 13, 318929920, 377779938, 1, 5, 2571000, 1
3, 6, 8, 13, 318929920, 377779938, 1, 4, 9078, 1
3, 6, 8, 13, 318929920, 377779938, 1, 3, 11672, 1
3, 6, 8, 13, 318929920, 377779938, 1, 2, 16341, 1
3, 6, 8, 13, 318929920, 377779938, 1, 1, 1, 1
3, 6, 8, 13, 318929920, 377779938, 1, 0, 1, 0
3, 6, 8, 13, 318929920, 377779938, 0, 6, 4699882, 1
3, 6, 8, 13, 318929920, 377779938, 0, 5, 5639859, 1
3, 6, 8, 13, 318929920, 377779938, 0, 4, 1, 1
3, 6, 8, 13, 318929920, 377779938, 0, 3, 1, 1
3, 6, 8, 13, 318929920, 377779938, 0, 2, 1, 1
3, 6, 8, 13, 318929920, 377779938, 0, 1, 1, 1
3, 7, 8, 13, 377779939, 406924521, 11, 6, 29053533, 1
3, 7, 8, 13, 377779939, 406924521, 11, 5, 29283839, 1
3, 7, 8, 13, 377779939, 406924521, 11, 4, 28433047, 1
3, 7, 8, 13, 377779939, 406924521, 11, 3, 26247076, 1
3, 7, 8, 13, 377779939, 406924521, 11, 2, 21745984, 1
3, 7, 8, 13, 377779939, 406924521, 11, 1, 18920980, 0
3, 7, 8, 13, 377779939, 406924521, 11, 0, 17113745, 0
3, 7, 8, 13, 377779939, 406924521, 10, 6, 29052924, 1
3, 7, 8, 13, 377779939, 406924521, 10, 5, 30101912, 1
3, 7, 8, 13, 377779939, 406924521, 10, 4, 28796696, 1
3, 7, 8, 13, 377779939, 406924521, 10, 3, 25839171, 1
3, 7, 8, 13, 377779939, 406924521, 10, 2, 22071642, 1
3, 7, 8, 13, 377779939, 406924521, 10, 1, 18112650, 0
3, 7, 8, 13, 377779939, 406924521, 10, 0, 18825120, 0
3, 7, 8, 13, 377779939, 406924521, 9, 6, 28565931, 1
3, 7, 8, 13, 377779939, 406924521, 9, 5, 30377707, 1
3, 7, 8, 13, 377779939, 406924521, 9, 4, 30285541, 1
3, 7, 8, 13, 377779939, 406924521, 9, 3, 28489342, 1
3, 7, 8, 13, 377779939, 406924521, 9, 2, 24354915, 1
3, 7, 8, 13, 377779939, 406924521, 9, 1, 20019245, 0
3, 7, 8, 13, 377779939, 406924521, 9, 0, 20916800, 0
3, 7, 8, 13, 377779939, 406924521, 8, 6, 25523268, 1
3, 7, 8, 13, 377779939, 406924521, 8, 5, 26913939, 1
3, 7, 8, 13, 377779939, 406924521, 8, 4, 25412399, 1
3, 7, 8, 13, 377779939, 406924521, 8, 3, 23183955, 1
3, 7, 8, 13, 377779939, 406924521, 8, 2, 17741559, 1
3, 7, 8, 13, 377779939, 406924521, 8, 1, 13896244, 0
3, 7, 8, 13, 377779939, 406924521, 8, 0, 5515211, 0
3, 7, 8, 13, 377779939, 406924521, 7, 6, 25849657, 1
3, 7, 8, 13, 377779939, 406924521, 7, 5, 26930368, 1
3, 7, 8, 13, 377779939, 406924521, 7, 4, 24779050, 1
3, 7, 8, 13, 377779939, 406924521, 7, 3, 24017548, 1
3, 7, 8, 13, 377779939, 406924521, 7, 2, 17147222, 1
3, 7, 8, 13, 377779939, 406924521, 7, 1, 11404211, 0
3, 7, 8, 13, 377779939, 406924521, 7, 0, 6303098, 0
3, 7, 8, 13, 377779939, 406924521, 6, 6, 28881595, 1
3, 7, 8, 13, 377779939, 406924521, 6, 5, 30007627, 1
3, 7, 8, 13, 377779939, 406924521, 6, 4, 27381423, 1
3, 7, 8, 13, 377779939, 406924521, 6, 3, 26264052, 1
3, 7, 8, 13, 377779939, 406924521, 6, 2, 17948576, 1
3, 7, 8, 13, 377779939, 406924521, 6, 1, 13158705, 0
3, 7, 8, 13, 377779939, 406924521, 6, 0, 7353615, 0
3, 7, 8, 13, 377779939, 406924521, 5, 6, 24947932, 1
3, 7, 8, 13, 377779939, 406924521, 5, 5, 24767468, 1
3, 7, 8, 13, 377779939, 406924521, 5, 4, 22779479, 1
3, 7, 8, 13, 377779939, 406924521, 5, 3, 23018546, 1
3, 7, 8, 13, 377779939, 406924521, 5, 2, 17464337, 1
3, 7, 8, 13, 377779939, 406924521, 5, 1, 9907760, 0
3, 7, 8, 13, 377779939, 406924521, 5, 0, 8824337, 0
3, 7, 8, 13, 377779939, 406924521, 4, 6, 27718881, 1
3, 7, 8, 13, 377779939, 406924521, 4, 5, 27118555, 1
3, 7, 8, 13, 377779939, 406924521, 4, 4, 25272333, 1
3, 7, 8, 13, 377779939, 406924521, 4, 3, 25343847, 1
3, 7, 8, 13, 377779939, 406924521, 4, 2, 21206695, 1
3, 7, 8, 13, 377779939, 406924521, 4, 1, 12109485, 0
3, 7, 8, 13, 377779939, 406924521, 4, 0, 11030422, 0
3, 7, 8, 13, 377779939, 406924521, 3, 6, 30724174, 1
3, 7, 8, 13, 377779939, 406924521, 3, 5, 29284733, 1
3, 7, 8, 13, 377779939, 406924521, 3, 4, 25981407, 1
3, 7, 8, 13, 377779939, 406924521, 3, 3, 24576255, 1
3, 7, 8, 13, 377779939, 406924521, 3, 2, 20952499, 1
3, 7, 8, 13, 377779939, 406924521, 3, 1, 15103947, 0
3, 7, 8, 13, 377779939, 406924521, 3, 0, 13621318, 0
3, 7, 8, 13, 377779939, 406924521, 2, 6, 37735880, 1
3, 7, 8, 13, 377779939, 406924521, 2, 5, 35218456, 1
3, 7, 8, 13, 377779939, 406924521, 2, 4, 35260481, 1
3, 7, 8, 13, 377779939, 406924521, 2, 3, 33513075, 1
3, 7, 8, 13, 377779939, 406924521, 2, 2, 28809686, 1
3, 7, 8, 13, 377779939, 406924521, 2, 1, 21145526, 0
3, 7, 8, 13, 377779939, 406924521, 2, 0, 20431977, 0
3, 7, 8, 13, 377779939, 406924521, 1, 6, 50084870, 1
3, 7, 8, 13, 377779939, 406924521, 1, 5, 48688654, 1
3, 7, 8, 13, 377779939, 406924521, 1, 4, 47834242, 1
3, 7, 8, 13, 377779939, 406924521, 1, 3, 52663404, 1
3, 7, 8, 13, 377779939, 406924521, 1, 2, 46095498, 0
3, 7, 8, 13, 377779939, 406924521, 1, 1, 35242543, 0
3, 7, 8, 13, 377779939, 406924521, 1, 0, 40863954, 0
3, 7, 8, 13, 377779939, 406924521, 0, 6, 67046027, 1
3, 7, 8, 13, 377779939, 406924521, 0, 5, 57349609, 1
3, 7, 8, 13, 377779939, 406924521, 0, 4, 45420257, 1
3, 7, 8, 13, 377779939, 406924521, 0, 3, 48070793, 1
3, 7, 8, 13, 377779939, 406924521, 0, 2, 27084309, 1
3, 7, 8, 13, 377779939, 406924521, 0, 1, 1, 1
3, 8, 8, 13, 406924522, 490241268, 11, 6, 50701724, 1
3, 8, 8, 13, 406924522, 490241268, 11, 5, 51830565, 1
3, 8, 8, 13, 406924522, 490241268, 11, 4, 51427199, 1
3, 8, 8, 13, 406924522, 490241268, 11, 3, 42450161, 1
3, 8, 8, 13, 406924522, 490241268, 11, 2, 39921951, 1
3, 8, 8, 13, 406924522, 490241268, 11, 1, 42147177, 1
3, 8, 8, 13, 406924522, 490241268, 11, 0, 36792002, 0
3, 8, 8, 13, 406924522, 490241268, 10, 6, 50147089, 1
3, 8, 8, 13, 406924522, 490241268, 10, 5, 52682014, 1
3, 8, 8, 13, 406924522, 490241268, 10, 4, 51473543, 1
3, 8, 8, 13, 406924522, 490241268, 10, 3, 41191664, 1
3, 8, 8, 13, 406924522, 490241268, 10, 2, 36667259, 1
3, 8, 8, 13, 406924522, 490241268, 10, 1, 35498527, 1
3, 8, 8, 13, 406924522, 490241268, 10, 0, 30721073, 0
3, 8, 8, 13, 406924522, 490241268, 9, 6, 52337105, 1
3, 8, 8, 13, 406924522, 490241268, 9, 5, 54651058, 1
3, 8, 8, 13, 406924522, 490241268, 9, 4, 54471237, 1
3, 8, 8, 13, 406924522, 490241268, 9, 3, 45416450, 1
3, 8, 8, 13, 406924522, 490241268, 9, 2, 40460423, 1
3, 8, 8, 13, 406924522, 490241268, 9, 1, 39235215, 1
3, 8, 8, 13, 406924522, 490241268, 9, 0, 34134526, 0
3, 8, 8, 13, 406924522, 490241268, 8, 6, 54003238, 1
3, 8, 8, 13, 406924522, 490241268, 8, 5, 55874583, 1
3, 8, 8, 13, 406924522, 490241268, 8, 4, 56064933, 1
3, 8, 8, 13, 406924522, 490241268, 8, 3, 47976198, 1
3, 8, 8, 13, 406924522, 490241268, 8, 2, 42921364, 1
3, 8, 8, 13, 406924522, 490241268, 8, 1, 43851122, 1
3, 8, 8, 13, 406924522, 490241268, 8, 0, 38401341, 0
3, 8, 8, 13, 406924522, 490241268, 7, 6, 53336488, 1
3, 8, 8, 13, 406924522, 490241268, 7, 5, 56700508, 1
3, 8, 8, 13, 406924522, 490241268, 7, 4, 55652001, 1
3, 8, 8, 13, 406924522, 490241268, 7, 3, 47520978, 1
3, 8, 8, 13, 406924522, 490241268, 7, 2, 39562559, 1
3, 8, 8, 13, 406924522, 490241268, 7, 1, 41394606, 1
3, 8, 8, 13, 406924522, 490241268, 7, 0, 43887247, 0
3, 8, 8, 13, 406924522, 490241268, 6, 6, 52714155, 1
3, 8, 8, 13, 406924522, 490241268, 6, 5, 55163328, 1
3, 8, 8, 13, 406924522, 490241268, 6, 4, 51976490, 1
3, 8, 8, 13, 406924522, 490241268, 6, 3, 45200272, 1
3, 8, 8, 13, 406924522, 490241268, 6, 2, 38415740, 1
3, 8, 8, 13, 406924522, 490241268, 6, 1, 41955357, 1
3, 8, 8, 13, 406924522, 490241268, 6, 0, 51201788, 0
3, 8, 8, 13, 406924522, 490241268, 5, 6, 48211031, 1
3, 8, 8, 13, 406924522, 490241268, 5, 5, 52621990, 1
3, 8, 8, 13, 406924522, 490241268, 5, 4, 50922247, 1
3, 8, 8, 13, 406924522, 490241268, 5, 3, 45210561, 1
3, 8, 8, 13, 406924522, 490241268, 5, 2, 43495109, 1
3, 8, 8, 13, 406924522, 490241268, 5, 1, 46956517, 1
3, 8, 8, 13, 406924522, 490241268, 5, 0, 58062751, 0
3, 8, 8, 13, 406924522, 490241268, 4, 6, 49684984, 1
3, 8, 8, 13, 406924522, 490241268, 4, 5, 53600235, 1
3, 8, 8, 13, 406924522, 490241268, 4, 4, 51850975, 1
3, 8, 8, 13, 406924522, 490241268, 4, 3, 46017660, 1
3, 8, 8, 13, 406924522, 490241268, 4, 2, 43911704, 1
3, 8, 8, 13, 406924522, 490241268, 4, 1, 43540966, 1
3, 8, 8, 13, 406924522, 490241268, 4, 0, 68533054, 0
3, 8, 8, 13, 406924522, 490241268, 3, 6, 45917866, 1
3, 8, 8, 13, 406924522, 490241268, 3, 5, 48039120, 1
3, 8, 8, 13, 406924522, 490241268, 3, 4, 42780683, 1
3, 8, 8, 13, 406924522, 490241268, 3, 3, 36282427, 1
3, 8, 8, 13, 406924522, 490241268, 3, 2, 36432905, 1
3, 8, 8, 13, 406924522, 490241268, 3, 1, 32913533, 1
3, 8, 8, 13, 406924522, 490241268, 3, 0, 37552751, 0
3, 8, 8, 13, 406924522, 490241268, 2, 6, 58175857, 1
3, 8, 8, 13, 406924522, 490241268, 2, 5, 60507913, 1
3, 8, 8, 13, 406924522, 490241268, 2, 4, 58059498, 1
3, 8, 8, 13, 406924522, 490241268, 2, 3, 49476036, 1
3, 8, 8, 13, 406924522, 490241268, 2, 2, 50095245, 1
3, 8, 8, 13, 406924522, 490241268, 2, 1, 46078946, 1
3, 8, 8, 13, 406924522, 490241268, 2, 0, 56329126, 0
3, 8, 8, 13, 406924522, 490241268, 1, 6, 76005913, 0
3, 8, 8, 13, 406924522, 490241268, 1, 5, 77563114, 0
3, 8, 8, 13, 406924522, 490241268, 1, 4, 82428615, 0
3, 8, 8, 13, 406924522, 490241268, 1, 3, 77748057, 0
3, 8, 8, 13, 406924522, 490241268, 1, 2, 80152391, 0
3, 8, 8, 13, 406924522, 490241268, 1, 1, 76798242, 1
3, 8, 8, 13, 406924522, 490241268, 1, 0, 112658251, 0
3, 8, 8, 13, 406924522, 490241268, 0, 6, 91644621, 1
3, 8, 8, 13, 406924522, 490241268, 0, 5, 82997021, 1
3, 8, 8, 13, 406924522, 490241268, 0, 4, 75912098, 1
3, 8, 8, 13, 406924522, 490241268, 0, 3, 77699714, 1
3, 8, 8, 13, 406924522, 490241268, 0, 2, 82613497, 1
3, 8, 8, 13, 406924522, 490241268, 0, 1, 117736476, 1
3, 9, 8, 13, 490241269, 669033553, 11, 6, 8216466, 1
3, 9, 8, 13, 490241269, 669033553, 11, 5, 8216727, 1
3, 9, 8, 13, 490241269, 669033553, 11, 4, 8268316, 1
3, 9, 8, 13, 490241269, 669033553, 11, 3, 9445054, 1
3, 9, 8, 13, 490241269, 669033553, 11, 2, 5722205, 1
3, 9, 8, 13, 490241269, 669033553, 11, 1, 4108896, 1
3, 9, 8, 13, 490241269, 669033553, 11, 0, 1, 0
3, 9, 8, 13, 490241269, 669033553, 10, 6, 6000802, 1
3, 9, 8, 13, 490241269, 669033553, 10, 5, 7016322, 1
3, 9, 8, 13, 490241269, 669033553, 10, 4, 6676000, 1
3, 9, 8, 13, 490241269, 669033553, 10, 3, 7362579, 1
3, 9, 8, 13, 490241269, 669033553, 10, 2, 4685037, 1
3, 9, 8, 13, 490241269, 669033553, 10, 1, 2102315, 1
3, 9, 8, 13, 490241269, 669033553, 10, 0, 1, 0
3, 9, 8, 13, 490241269, 669033553, 9, 6, 2207658, 1
3, 9, 8, 13, 490241269, 669033553, 9, 5, 2581837, 1
3, 9, 8, 13, 490241269, 669033553, 9, 4, 3108742, 1
3, 9, 8, 13, 490241269, 669033553, 9, 3, 3905855, 1
3, 9, 8, 13, 490241269, 669033553, 9, 2, 5169696, 1
3, 9, 8, 13, 490241269, 669033553, 9, 1, 2323611, 1
3, 9, 8, 13, 490241269, 669033553, 9, 0, 1, 0
3, 9, 8, 13, 490241269, 669033553, 8, 6, 2456909, 1
3, 9, 8, 13, 490241269, 669033553, 8, 5, 2874120, 1
3, 9, 8, 13, 490241269, 669033553, 8, 4, 3462008, 1
3, 9, 8, 13, 490241269, 669033553, 8, 3, 4352239, 1
3, 9, 8, 13, 490241269, 669033553, 8, 2, 5766199, 1
3, 9, 8, 13, 490241269, 669033553, 8, 1, 2596977, 1
3, 9, 8, 13, 490241269, 669033553, 8, 0, 1, 0
3, 9, 8, 13, 490241269, 669033553, 7, 6, 2769607, 1
3, 9, 8, 13, 490241269, 669033553, 7, 5, 3241029, 1
3, 9, 8, 13, 490241269, 669033553, 7, 4, 3905855, 1
3, 9, 8, 13, 490241269, 669033553, 7, 3, 4913818, 1
3, 9, 8, 13, 490241269, 669033553, 7, 2, 6518312, 1
3, 9, 8, 13, 490241269, 669033553, 7, 1, 2943241, 1
3, 9, 8, 13, 490241269, 669033553, 7, 0, 1, 0
3, 9, 8, 13, 490241269, 669033553, 6, 6, 3173508, 1
3, 9, 8, 13, 490241269, 669033553, 6, 5, 3715326, 1
3, 9, 8, 13, 490241269, 669033553, 6, 4, 4480246, 1
3, 9, 8, 13, 490241269, 669033553, 6, 3, 5641791, 1
3, 9, 8, 13, 490241269, 669033553, 6, 2, 7496059, 1
3, 9, 8, 13, 490241269, 669033553, 6, 1, 3396047, 1
3, 9, 8, 13, 490241269, 669033553, 6, 0, 1, 0
3, 9, 8, 13, 490241269, 669033553, 5, 6, 3715326, 1
3, 9, 8, 13, 490241269, 669033553, 5, 5, 4352239, 1
3, 9, 8, 13, 490241269, 669033553, 5, 4, 5252702, 1
3, 9, 8, 13, 490241269, 669033553, 5, 3, 6622972, 1
3, 9, 8, 13, 490241269, 669033553, 5, 2, 8818893, 1
3, 9, 8, 13, 490241269, 669033553, 5, 1, 4013510, 1
3, 9, 8, 13, 490241269, 669033553, 5, 0, 1, 0
3, 9, 8, 13, 490241269, 669033553, 4, 6, 4480246, 1
3, 9, 8, 13, 490241269, 669033553, 4, 5, 5252702, 1
3, 9, 8, 13, 490241269, 669033553, 4, 4, 6347015, 1
3, 9, 8, 13, 490241269, 669033553, 4, 3, 8017282, 1
3, 9, 8, 13, 490241269, 669033553, 4, 2, 10708655, 1
3, 9, 8, 13, 490241269, 669033553, 4, 1, 4905401, 1
3, 9, 8, 13, 490241269, 669033553, 4, 0, 1, 0
3, 9, 8, 13, 490241269, 669033553, 3, 6, 5641791, 1
3, 9, 8, 13, 490241269, 669033553, 3, 5, 6622972, 1
3, 9, 8, 13, 490241269, 669033553, 3, 4, 8017282, 1
3, 9, 8, 13, 490241269, 669033553, 3, 3, 10155223, 1
3, 9, 8, 13, 490241269, 669033553, 3, 2, 13629197, 1
3, 9, 8, 13, 490241269, 669033553, 3, 1, 6306944, 1
3, 9, 8, 13, 490241269, 669033553, 3, 0, 1, 0
3, 9, 8, 13, 490241269, 669033553, 2, 6, 7616418, 1
3, 9, 8, 13, 490241269, 669033553, 2, 5, 8960491, 1
3, 9, 8, 13, 490241269, 669033553, 2, 4, 10880596, 1
3, 9, 8, 13, 490241269, 669033553, 2, 3, 13848031, 1
3, 9, 8, 13, 490241269, 669033553, 2, 2, 18740146, 1
3, 9, 8, 13, 490241269, 669033553, 2, 1, 8829722, 1
3, 9, 8, 13, 490241269, 669033553, 2, 0, 1, 0
3, 9, 8, 13, 490241269, 669033553, 1, 6, 11717565, 1
3, 9, 8, 13, 490241269, 669033553, 1, 5, 13848031, 1
3, 9, 8, 13, 490241269, 669033553, 1, 4, 16925372, 1
3, 9, 8, 13, 490241269, 669033553, 1, 3, 21761192, 1
3, 9, 8, 13, 490241269, 669033553, 1, 2, 29984234, 1
3, 9, 8, 13, 490241269, 669033553, 1, 1, 14716202, 1
3, 9, 8, 13, 490241269, 669033553, 1, 0, 1, 0
3, 9, 8, 13, 490241269, 669033553, 0, 6, 401196, 1
3, 9, 8, 13, 490241269, 669033553, 0, 5, 481435, 1
3, 9, 8, 13, 490241269, 669033553, 0, 4, 601794, 1
3, 9, 8, 13, 490241269, 669033553, 0, 3, 802392, 1
3, 9, 8, 13, 490241269, 669033553, 0, 2, 1, 1
3, 9, 8, 13, 490241269, 669033553, 0, 1, 1, 1
3, 10, 8, 13, 669033554, 807527453, 11, 6, 20523085, 0
3, 10, 8, 13, 669033554, 807527453, 11, 5, 23991775, 0
3, 10, 8, 13, 669033554, 807527453, 11, 4, 17246526, 0
3, 10, 8, 13, 669033554, 807527453, 11, 3, 846766, 0
3, 10, 8, 13, 669033554, 807527453, 11, 2, 1137086, 0
3, 10, 8, 13, 669033554, 807527453, 11, 1, 1730347, 0
3, 10, 8, 13, 669033554, 807527453, 11, 0, 3617998, 0
3, 10, 8, 13, 669033554, 807527453, 10, 6, 18743427, 0
3, 10, 8, 13, 669033554, 807527453, 10, 5, 21915392, 0
3, 10, 8, 13, 669033554, 807527453, 10, 4, 13678324, 0
3, 10, 8, 13, 669033554, 807527453, 10, 3, 925535, 0
3, 10, 8, 13, 669033554, 807527453, 10, 2, 1243687, 0
3, 10, 8, 13, 669033554, 807527453, 10, 1, 1895142, 0
3, 10, 8, 13, 669033554, 807527453, 10, 0, 3979798, 0
3, 10, 8, 13, 669033554, 807527453, 9, 6, 10127993, 1
3, 10, 8, 13, 669033554, 807527453, 9, 5, 11844602, 1
3, 10, 8, 13, 669033554, 807527453, 9, 4, 14261867, 1
3, 10, 8, 13, 669033554, 807527453, 9, 3, 1, 1
3, 10, 8, 13, 669033554, 807527453, 9, 2, 1, 1
3, 10, 8, 13, 669033554, 807527453, 9, 1, 1, 1
3, 10, 8, 13, 669033554, 807527453, 9, 0, 1, 0
3, 10, 8, 13, 669033554, 807527453, 8, 6, 11271476, 1
3, 10, 8, 13, 669033554, 807527453, 8, 5, 13185500, 1
3, 10, 8, 13, 669033554, 807527453, 8, 4, 15882534, 1
3, 10, 8, 13, 669033554, 807527453, 8, 3, 1, 1
3, 10, 8, 13, 669033554, 807527453, 8, 2, 1, 1
3, 10, 8, 13, 669033554, 807527453, 8, 1, 1, 1
3, 10, 8, 13, 669033554, 807527453, 8, 0, 1, 0
3, 10, 8, 13, 669033554, 807527453, 7, 6, 12706027, 1
3, 10, 8, 13, 669033554, 807527453, 7, 5, 14868755, 1
3, 10, 8, 13, 669033554, 807527453, 7, 4, 17918756, 1
3, 10, 8, 13, 669033554, 807527453, 7, 3, 1, 1
3, 10, 8, 13, 669033554, 807527453, 7, 2, 1, 1
3, 10, 8, 13, 669033554, 807527453, 7, 1, 1, 1
3, 10, 8, 13, 669033554, 807527453, 7, 0, 1, 0
3, 10, 8, 13, 669033554, 807527453, 6, 6, 14558990, 1
3, 10, 8, 13, 669033554, 807527453, 6, 5, 17044671, 1
3, 10, 8, 13, 669033554, 807527453, 6, 4, 20553867, 1
3, 10, 8, 13, 669033554, 807527453, 6, 3, 1, 1
3, 10, 8, 13, 669033554, 807527453, 6, 2, 1, 1
3, 10, 8, 13, 669033554, 807527453, 6, 1, 1, 1
3, 10, 8, 13, 669033554, 807527453, 6, 0, 1, 0
3, 10, 8, 13, 669033554, 807527453, 5, 6, 17044671, 1
3, 10, 8, 13, 669033554, 807527453, 5, 5, 19966614, 1
3, 10, 8, 13, 669033554, 807527453, 5, 4, 24097638, 1
3, 10, 8, 13, 669033554, 807527453, 5, 3, 1, 1
3, 10, 8, 13, 669033554, 807527453, 5, 2, 1, 1
3, 10, 8, 13, 669033554, 807527453, 5, 1, 1, 1
3, 10, 8, 13, 669033554, 807527453, 5, 0, 1, 0
3, 10, 8, 13, 669033554, 807527453, 4, 6, 20553867, 1
3, 10, 8, 13, 669033554, 807527453, 4, 5, 24097638, 1
3, 10, 8, 13, 669033554, 807527453, 4, 4, 29117979, 1
3, 10, 8, 13, 669033554, 807527453, 4, 3, 1, 1
3, 10, 8, 13, 669033554, 807527453, 4, 2, 1, 1
3, 10, 8, 13, 669033554, 807527453, 4, 1, 1, 1
3, 10, 8, 13, 669033554, 807527453, 4, 0, 1, 0
3, 10, 8, 13, 669033554, 807527453, 3, 6, 25882648, 1
3, 10, 8, 13, 669033554, 807527453, 3, 5, 30383978, 1
3, 10, 8, 13, 669033554, 807527453, 3, 4, 36780604, 1
3, 10, 8, 13, 669033554, 807527453, 3, 3, 1, 1
3, 10, 8, 13, 669033554, 807527453, 3, 2, 1, 1
3, 10, 8, 13, 669033554, 807527453, 3, 1, 1, 1
3, 10, 8, 13, 669033554, 807527453, 3, 0, 1, 0
3, 10, 8, 13, 669033554, 807527453, 2, 6, 1, 1
3, 10, 8, 13, 669033554, 807527453, 2, 5, 1, 1
3, 10, 8, 13, 669033554, 807527453, 2, 4, 1, 1
3, 10, 8, 13, 669033554, 807527453, 2, 3, 1, 1
3, 10, 8, 13, 669033554, 807527453, 2, 2, 1, 1
3, 10, 8, 13, 669033554, 807527453, 2, 1, 1, 1
3, 10, 8, 13, 669033554, 807527453, 2, 0, 1, 0
3, 10, 8, 13, 669033554, 807527453, 1, 6, 1, 1
3, 10, 8, 13, 669033554, 807527453, 1, 5, 1, 1
3, 10, 8, 13, 669033554, 807527453, 1, 4, 1, 1
3, 10, 8, 13, 669033554, 807527453, 1, 3, 1, 1
3, 10, 8, 13, 669033554, 807527453, 1, 2, 1, 1
3, 10, 8, 13, 669033554, 807527453, 1, 1, 1, 1
3, 10, 8, 13, 669033554, 807527453, 1, 0, 1, 0
3, 10, 8, 13, 669033554, 807527453, 0, 6, 1, 1
3, 10, 8, 13, 669033554, 807527453, 0, 5, 1, 1
3, 10, 8, 13, 669033554, 807527453, 0, 4, 1, 1
3, 10, 8, 13, 669033554, 807527453, 0, 3, 1, 1
3, 10, 8, 13, 669033554, 807527453, 0, 2, 1, 1
3, 10, 8, 13, 669033554, 807527453, 0, 1, 1, 1
3, 11, 8, 13, 807527454, 847516062, 11, 6, 59063134, 0
3, 11, 8, 13, 807527454, 847516062, 11, 5, 64564187, 0
3, 11, 8, 13, 807527454, 847516062, 11, 4, 74510614, 0
3, 11, 8, 13, 807527454, 847516062, 11, 3, 86209975, 0
3, 11, 8, 13, 807527454, 847516062, 11, 2, 104547977, 0
3, 11, 8, 13, 807527454, 847516062, 11, 1, 131391687, 0
3, 11, 8, 13, 807527454, 847516062, 11, 0, 209744350, 0
3, 11, 8, 13, 807527454, 847516062, 10, 6, 52316516, 0
3, 11, 8, 13, 807527454, 847516062, 10, 5, 56274959, 0
3, 11, 8, 13, 807527454, 847516062, 10, 4, 64258173, 0
3, 11, 8, 13, 807527454, 847516062, 10, 3, 72690324, 0
3, 11, 8, 13, 807527454, 847516062, 10, 2, 85406071, 0
3, 11, 8, 13, 807527454, 847516062, 10, 1, 99801138, 0
3, 11, 8, 13, 807527454, 847516062, 10, 0, 138100294, 0
3, 11, 8, 13, 807527454, 847516062, 9, 6, 37130437, 0
3, 11, 8, 13, 807527454, 847516062, 9, 5, 38030802, 0
3, 11, 8, 13, 807527454, 847516062, 9, 4, 41956863, 0
3, 11, 8, 13, 807527454, 847516062, 9, 3, 43887920, 0
3, 11, 8, 13, 807527454, 847516062, 9, 2, 45480663, 0
3, 11, 8, 13, 807527454, 847516062, 9, 1, 49581680, 0
3, 11, 8, 13, 807527454, 847516062, 9, 0, 54168227, 0
3, 11, 8, 13, 807527454, 847516062, 8, 6, 38546314, 0
3, 11, 8, 13, 807527454, 847516062, 8, 5, 39088464, 0
3, 11, 8, 13, 807527454, 847516062, 8, 4, 42812672, 0
3, 11, 8, 13, 807527454, 847516062, 8, 3, 43985719, 0
3, 11, 8, 13, 807527454, 847516062, 8, 2, 44715879, 0
3, 11, 8, 13, 807527454, 847516062, 8, 1, 46219150, 0
3, 11, 8, 13, 807527454, 847516062, 8, 0, 60939256, 0
3, 11, 8, 13, 807527454, 847516062, 7, 6, 38241695, 0
3, 11, 8, 13, 807527454, 847516062, 7, 5, 40416168, 0
3, 11, 8, 13, 807527454, 847516062, 7, 4, 43887920, 0
3, 11, 8, 13, 807527454, 847516062, 7, 3, 44618510, 0
3, 11, 8, 13, 807527454, 847516062, 7, 2, 43751586, 0
3, 11, 8, 13, 807527454, 847516062, 7, 1, 41959945, 0
3, 11, 8, 13, 807527454, 847516062, 7, 0, 47312525, 0
3, 11, 8, 13, 807527454, 847516062, 6, 6, 36975795, 0
3, 11, 8, 13, 807527454, 847516062, 6, 5, 38319630, 0
3, 11, 8, 13, 807527454, 847516062, 6, 4, 40681582, 0
3, 11, 8, 13, 807527454, 847516062, 6, 3, 39063657, 0
3, 11, 8, 13, 807527454, 847516062, 6, 2, 41707889, 0
3, 11, 8, 13, 807527454, 847516062, 6, 1, 47199757, 0
3, 11, 8, 13, 807527454, 847516062, 6, 0, 55197946, 0
3, 11, 8, 13, 807527454, 847516062, 5, 6, 35277637, 0
3, 11, 8, 13, 807527454, 847516062, 5, 5, 35955774, 0
3, 11, 8, 13, 807527454, 847516062, 5, 4, 36914519, 0
3, 11, 8, 13, 807527454, 847516062, 5, 3, 39060537, 0
3, 11, 8, 13, 807527454, 847516062, 5, 2, 39872436, 0
3, 11, 8, 13, 807527454, 847516062, 5, 1, 41570043, 0
3, 11, 8, 13, 807527454, 847516062, 5, 0, 66237535, 0
3, 11, 8, 13, 807527454, 847516062, 4, 6, 42075905, 0
3, 11, 8, 13, 807527454, 847516062, 4, 5, 42849992, 0
3, 11, 8, 13, 807527454, 847516062, 4, 4, 44605044, 0
3, 11, 8, 13, 807527454, 847516062, 4, 3, 47283808, 0
3, 11, 8, 13, 807527454, 847516062, 4, 2, 48416530, 0
3, 11, 8, 13, 807527454, 847516062, 4, 1, 50807831, 0
3, 11, 8, 13, 807527454, 847516062, 4, 0, 82796919, 0
3, 11, 8, 13, 807527454, 847516062, 3, 6, 50643388, 0
3, 11, 8, 13, 807527454, 847516062, 3, 5, 51280019, 0
3, 11, 8, 13, 807527454, 847516062, 3, 4, 53848109, 0
3, 11, 8, 13, 807527454, 847516062, 3, 3, 57785847, 0
3, 11, 8, 13, 807527454, 847516062, 3, 2, 58747887, 0
3, 11, 8, 13, 807527454, 847516062, 3, 1, 60809403, 0
3, 11, 8, 13, 807527454, 847516062, 3, 0, 105128449, 0
3, 11, 8, 13, 807527454, 847516062, 2, 6, 44010184, 0
3, 11, 8, 13, 807527454, 847516062, 2, 5, 40721921, 0
3, 11, 8, 13, 807527454, 847516062, 2, 4, 38281878, 0
3, 11, 8, 13, 807527454, 847516062, 2, 3, 48722390, 0
3, 11, 8, 13, 807527454, 847516062, 2, 2, 53208228, 0
3, 11, 8, 13, 807527454, 847516062, 2, 1, 63077070, 0
3, 11, 8, 13, 807527454, 847516062, 2, 0, 102552439, 0
3, 11, 8, 13, 807527454, 847516062, 1, 6, 25265775, 1
3, 11, 8, 13, 807527454, 847516062, 1, 5, 14211489, 1
3, 11, 8, 13, 807527454, 847516062, 1, 4, 1, 1
3, 11, 8, 13, 807527454, 847516062, 1, 3, 1, 1
3, 11, 8, 13, 807527454, 847516062, 1, 2, 1, 1
3, 11, 8, 13, 807527454, 847516062, 1, 1, 1, 1
3, 11, 8, 13, 807527454, 847516062, 1, 0, 1, 0
3, 11, 8, 13, 807527454, 847516062, 0, 6, 26054395, 1
3, 11, 8, 13, 807527454, 847516062, 0, 5, 1, 1
3, 11, 8, 13, 807527454, 847516062, 0, 4, 1, 1
3, 11, 8, 13, 807527454, 847516062, 0, 3, 1, 1
3, 11, 8, 13, 807527454, 847516062, 0, 2, 1, 1
3, 11, 8, 13, 807527454, 847516062, 0, 1, 1, 1
3, 12, 8, 13, 847516063, 1136898832, 11, 6, 136142619, 0
3, 12, 8, 13, 847516063, 1136898832, 11, 5, 145887071, 0
3, 12, 8, 13, 847516063, 1136898832, 11, 4, 161230049, 0
3, 12, 8, 13, 847516063, 1136898832, 11, 3, 182474531, 0
3, 12, 8, 13, 847516063, 1136898832, 11, 2, 213589695, 0
3, 12, 8, 13, 847516063, 1136898832, 11, 1, 235190316, 0
3, 12, 8, 13, 847516063, 1136898832, 11, 0, 262935686, 0
3, 12, 8, 13, 847516063, 1136898832, 10, 6, 137940173, 0
3, 12, 8, 13, 847516063, 1136898832, 10, 5, 146793812, 0
3, 12, 8, 13, 847516063, 1136898832, 10, 4, 161040531, 0
3, 12, 8, 13, 847516063, 1136898832, 10, 3, 180463225, 0
3, 12, 8, 13, 847516063, 1136898832, 10, 2, 208101721, 0
3, 12, 8, 13, 847516063, 1136898832, 10, 1, 218713954, 0
3, 12, 8, 13, 847516063, 1136898832, 10, 0, 207590829, 0
3, 12, 8, 13, 847516063, 1136898832, 9, 6, 107981937, 0
3, 12, 8, 13, 847516063, 1136898832, 9, 5, 110320310, 0
3, 12, 8, 13, 847516063, 1136898832, 9, 4, 115581411, 0
3, 12, 8, 13, 847516063, 1136898832, 9, 3, 121210748, 0
3, 12, 8, 13, 847516063, 1136898832, 9, 2, 128555788, 0
3, 12, 8, 13, 847516063, 1136898832, 9, 1, 134576361, 1
3, 12, 8, 13, 847516063, 1136898832, 9, 0, 119439139, 0
3, 12, 8, 13, 847516063, 1136898832, 8, 6, 109804528, 0
3, 12, 8, 13, 847516063, 1136898832, 8, 5, 112175325, 0
3, 12, 8, 13, 847516063, 1136898832, 8, 4, 117707951, 0
3, 12, 8, 13, 847516063, 1136898832, 8, 3, 123489905, 0
3, 12, 8, 13, 847516063, 1136898832, 8, 2, 132550569, 0
3, 12, 8, 13, 847516063, 1136898832, 8, 1, 138494976, 1
3, 12, 8, 13, 847516063, 1136898832, 8, 0, 124460684, 0
3, 12, 8, 13, 847516063, 1136898832, 7, 6, 112589116, 0
3, 12, 8, 13, 847516063, 1136898832, 7, 5, 115525748, 0
3, 12, 8, 13, 847516063, 1136898832, 7, 4, 119578662, 0
3, 12, 8, 13, 847516063, 1136898832, 7, 3, 127776672, 0
3, 12, 8, 13, 847516063, 1136898832, 7, 2, 137587468, 0
3, 12, 8, 13, 847516063, 1136898832, 7, 1, 143458556, 1
3, 12, 8, 13, 847516063, 1136898832, 7, 0, 124630856, 0
3, 12, 8, 13, 847516063, 1136898832, 6, 6, 118917960, 0
3, 12, 8, 13, 847516063, 1136898832, 6, 5, 122552138, 0
3, 12, 8, 13, 847516063, 1136898832, 6, 4, 127581237, 0
3, 12, 8, 13, 847516063, 1136898832, 6, 3, 134639670, 0
3, 12, 8, 13, 847516063, 1136898832, 6, 2, 148098775, 0
3, 12, 8, 13, 847516063, 1136898832, 6, 1, 149949390, 1
3, 12, 8, 13, 847516063, 1136898832, 6, 0, 132191535, 0
3, 12, 8, 13, 847516063, 1136898832, 5, 6, 122467964, 0
3, 12, 8, 13, 847516063, 1136898832, 5, 5, 127458044, 0
3, 12, 8, 13, 847516063, 1136898832, 5, 4, 132876647, 0
3, 12, 8, 13, 847516063, 1136898832, 5, 3, 142356576, 0
3, 12, 8, 13, 847516063, 1136898832, 5, 2, 157657203, 0
3, 12, 8, 13, 847516063, 1136898832, 5, 1, 158800528, 1
3, 12, 8, 13, 847516063, 1136898832, 5, 0, 142776484, 0
3, 12, 8, 13, 847516063, 1136898832, 4, 6, 131463827, 0
3, 12, 8, 13, 847516063, 1136898832, 4, 5, 135911315, 0
3, 12, 8, 13, 847516063, 1136898832, 4, 4, 144045368, 0
3, 12, 8, 13, 847516063, 1136898832, 4, 3, 155638638, 0
3, 12, 8, 13, 847516063, 1136898832, 4, 2, 174455149, 0
3, 12, 8, 13, 847516063, 1136898832, 4, 1, 176474693, 1
3, 12, 8, 13, 847516063, 1136898832, 4, 0, 158653909, 0
3, 12, 8, 13, 847516063, 1136898832, 3, 6, 138477477, 0
3, 12, 8, 13, 847516063, 1136898832, 3, 5, 143035507, 0
3, 12, 8, 13, 847516063, 1136898832, 3, 4, 154144570, 0
3, 12, 8, 13, 847516063, 1136898832, 3, 3, 170137439, 0
3, 12, 8, 13, 847516063, 1136898832, 3, 2, 192415123, 0
3, 12, 8, 13, 847516063, 1136898832, 3, 1, 191676184, 1
3, 12, 8, 13, 847516063, 1136898832, 3, 0, 170448720, 0
3, 12, 8, 13, 847516063, 1136898832, 2, 6, 132607206, 0
3, 12, 8, 13, 847516063, 1136898832, 2, 5, 134255041, 0
3, 12, 8, 13, 847516063, 1136898832, 2, 4, 142895190, 0
3, 12, 8, 13, 847516063, 1136898832, 2, 3, 158828808, 0
3, 12, 8, 13, 847516063, 1136898832, 2, 2, 191171159, 0
3, 12, 8, 13, 847516063, 1136898832, 2, 1, 209626950, 1
3, 12, 8, 13, 847516063, 1136898832, 2, 0, 108873809, 0
3, 12, 8, 13, 847516063, 1136898832, 1, 6, 104702751, 1
3, 12, 8, 13, 847516063, 1136898832, 1, 5, 101326983, 1
3, 12, 8, 13, 847516063, 1136898832, 1, 4, 101340061, 1
3, 12, 8, 13, 847516063, 1136898832, 1, 3, 103489225, 1
3, 12, 8, 13, 847516063, 1136898832, 1, 2, 144884914, 1
3, 12, 8, 13, 847516063, 1136898832, 1, 1, 178929530, 1
3, 12, 8, 13, 847516063, 1136898832, 1, 0, 1, 0
3, 12, 8, 13, 847516063, 1136898832, 0, 6, 96301371, 1
3, 12, 8, 13, 847516063, 1136898832, 0, 5, 90907750, 1
3, 12, 8, 13, 847516063, 1136898832, 0, 4, 93817991, 1
3, 12, 8, 13, 847516063, 1136898832, 0, 3, 62545327, 1
3, 12, 8, 13, 847516063, 1136898832, 0, 2, 93817991, 1
3, 12, 8, 13, 847516063, 1136898832, 0, 1, 187635981, 1
3, 13, 8, 13, 1136898833, 1675454314, 11, 6, 387344317, 0
3, 13, 8, 13, 1136898833, 1675454314, 11, 5, 391014867, 0
3, 13, 8, 13, 1136898833, 1675454314, 11, 4, 404235559, 0
3, 13, 8, 13, 1136898833, 1675454314, 11, 3, 441650030, 0
3, 13, 8, 13, 1136898833, 1675454314, 11, 2, 457700246, 0
3, 13, 8, 13, 1136898833, 1675454314, 11, 1, 489188732, 0
3, 13, 8, 13, 1136898833, 1675454314, 11, 0, 477326271, 0
3, 13, 8, 13, 1136898833, 1675454314, 10, 6, 410032681, 0
3, 13, 8, 13, 1136898833, 1675454314, 10, 5, 411983073, 0
3, 13, 8, 13, 1136898833, 1675454314, 10, 4, 423531129, 0
3, 13, 8, 13, 1136898833, 1675454314, 10, 3, 460052865, 0
3, 13, 8, 13, 1136898833, 1675454314, 10, 2, 470255287, 0
3, 13, 8, 13, 1136898833, 1675454314, 10, 1, 489523875, 0
3, 13, 8, 13, 1136898833, 1675454314, 10, 0, 428318830, 0
3, 13, 8, 13, 1136898833, 1675454314, 9, 6, 419502293, 0
3, 13, 8, 13, 1136898833, 1675454314, 9, 5, 420145997, 0
3, 13, 8, 13, 1136898833, 1675454314, 9, 4, 426130511, 0
3, 13, 8, 13, 1136898833, 1675454314, 9, 3, 456305797, 0
3, 13, 8, 13, 1136898833, 1675454314, 9, 2, 477796577, 0
3, 13, 8, 13, 1136898833, 1675454314, 9, 1, 481915495, 0
3, 13, 8, 13, 1136898833, 1675454314, 9, 0, 465143289, 0
3, 13, 8, 13, 1136898833, 1675454314, 8, 6, 389100412, 0
3, 13, 8, 13, 1136898833, 1675454314, 8, 5, 388360880, 0
3, 13, 8, 13, 1136898833, 1675454314, 8, 4, 396619284, 0
3, 13, 8, 13, 1136898833, 1675454314, 8, 3, 428077858, 0
3, 13, 8, 13, 1136898833, 1675454314, 8, 2, 448417122, 0
3, 13, 8, 13, 1136898833, 1675454314, 8, 1, 445593196, 0
3, 13, 8, 13, 1136898833, 1675454314, 8, 0, 446293014, 0
3, 13, 8, 13, 1136898833, 1675454314, 7, 6, 389097086, 0
3, 13, 8, 13, 1136898833, 1675454314, 7, 5, 384408383, 0
3, 13, 8, 13, 1136898833, 1675454314, 7, 4, 389423224, 0
3, 13, 8, 13, 1136898833, 1675454314, 7, 3, 430158959, 0
3, 13, 8, 13, 1136898833, 1675454314, 7, 2, 444304392, 0
3, 13, 8, 13, 1136898833, 1675454314, 7, 1, 450079045, 0
3, 13, 8, 13, 1136898833, 1675454314, 7, 0, 480341564, 0
3, 13, 8, 13, 1136898833, 1675454314, 6, 6, 406413007, 0
3, 13, 8, 13, 1136898833, 1675454314, 6, 5, 401235023, 0
3, 13, 8, 13, 1136898833, 1675454314, 6, 4, 417261564, 0
3, 13, 8, 13, 1136898833, 1675454314, 6, 3, 459972391, 0
3, 13, 8, 13, 1136898833, 1675454314, 6, 2, 469995869, 0
3, 13, 8, 13, 1136898833, 1675454314, 6, 1, 456315542, 0
3, 13, 8, 13, 1136898833, 1675454314, 6, 0, 457740910, 0
3, 13, 8, 13, 1136898833, 1675454314, 5, 6, 405564294, 0
3, 13, 8, 13, 1136898833, 1675454314, 5, 5, 405339805, 0
3, 13, 8, 13, 1136898833, 1675454314, 5, 4, 432382616, 0
3, 13, 8, 13, 1136898833, 1675454314, 5, 3, 468324229, 0
3, 13, 8, 13, 1136898833, 1675454314, 5, 2, 492239152, 0
3, 13, 8, 13, 1136898833, 1675454314, 5, 1, 464382127, 0
3, 13, 8, 13, 1136898833, 1675454314, 5, 0, 507698460, 0
3, 13, 8, 13, 1136898833, 1675454314, 4, 6, 399138558, 0
3, 13, 8, 13, 1136898833, 1675454314, 4, 5, 394812915, 0
3, 13, 8, 13, 1136898833, 1675454314, 4, 4, 408407385, 0
3, 13, 8, 13, 1136898833, 1675454314, 4, 3, 455267585, 0
3, 13, 8, 13, 1136898833, 1675454314, 4, 2, 446192317, 0
3, 13, 8, 13, 1136898833, 1675454314, 4, 1, 400308416, 0
3, 13, 8, 13, 1136898833, 1675454314, 4, 0, 480636703, 0
3, 13, 8, 13, 1136898833, 1675454314, 3, 6, 388261834, 0
3, 13, 8, 13, 1136898833, 1675454314, 3, 5, 390342547, 0
3, 13, 8, 13, 1136898833, 1675454314, 3, 4, 396738655, 0
3, 13, 8, 13, 1136898833, 1675454314, 3, 3, 439619633, 0
3, 13, 8, 13, 1136898833, 1675454314, 3, 2, 436986209, 0
3, 13, 8, 13, 1136898833, 1675454314, 3, 1, 396982442, 0
3, 13, 8, 13, 1136898833, 1675454314, 3, 0, 571531217, 0
3, 13, 8, 13, 1136898833, 1675454314, 2, 6, 337385380, 0
3, 13, 8, 13, 1136898833, 1675454314, 2, 5, 344615421, 0
3, 13, 8, 13, 1136898833, 1675454314, 2, 4, 330469370, 0
3, 13, 8, 13, 1136898833, 1675454314, 2, 3, 353707672, 0
3, 13, 8, 13, 1136898833, 1675454314, 2, 2, 382239549, 0
3, 13, 8, 13, 1136898833, 1675454314, 2, 1, 401049833, 0
3, 13, 8, 13, 1136898833, 1675454314, 2, 0, 500145617, 0
3, 13, 8, 13, 1136898833, 1675454314, 1, 6, 118224644, 1
3, 13, 8, 13, 1136898833, 1675454314, 1, 5, 77784373, 1
3, 13, 8, 13, 1136898833, 1675454314, 1, 4, 26631401, 1
3, 13, 8, 13, 1136898833, 1675454314, 1, 3, 17120187, 1
3, 13, 8, 13, 1136898833, 1675454314, 1, 2, 23968261, 1
3, 13, 8, 13, 1136898833, 1675454314, 1, 1, 1, 1
3, 13, 8, 13, 1136898833, 1675454314, 1, 0, 1, 0
3, 13, 8, 13, 1136898833, 1675454314, 0, 6, 30864683, 1
3, 13, 8, 13, 1136898833, 1675454314, 0, 5, 23968261, 1
3, 13, 8, 13, 1136898833, 1675454314, 0, 4, 29960326, 1
3, 13, 8, 13, 1136898833, 1675454314, 0, 3, 39947102, 1
3, 13, 8, 13, 1136898833, 1675454314, 0, 2, 59920652, 1
3, 13, 8, 13, 1136898833, 1675454314, 0, 1, 1, 1
3, 14, 8, 13, 1675454315, 1689882778, 11, 6, 440247232, 0
3, 14, 8, 13, 1675454315, 1689882778, 11, 5, 435468684, 0
3, 14, 8, 13, 1675454315, 1689882778, 11, 4, 416862198, 0
3, 14, 8, 13, 1675454315, 1689882778, 11, 3, 426292917, 0
3, 14, 8, 13, 1675454315, 1689882778, 11, 2, 432335768, 0
3, 14, 8, 13, 1675454315, 1689882778, 11, 1, 454367414, 0
3, 14, 8, 13, 1675454315, 1689882778, 11, 0, 485127350, 0
3, 14, 8, 13, 1675454315, 1689882778, 10, 6, 443560247, 0
3, 14, 8, 13, 1675454315, 1689882778, 10, 5, 432128231, 0
3, 14, 8, 13, 1675454315, 1689882778, 10, 4, 412358425, 0
3, 14, 8, 13, 1675454315, 1689882778, 10, 3, 422664458, 0
3, 14, 8, 13, 1675454315, 1689882778, 10, 2, 423393446, 0
3, 14, 8, 13, 1675454315, 1689882778, 10, 1, 446749329, 0
3, 14, 8, 13, 1675454315, 1689882778, 10, 0, 480018761, 0
3, 14, 8, 13, 1675454315, 1689882778, 9, 6, 441446488, 0
3, 14, 8, 13, 1675454315, 1689882778, 9, 5, 430894170, 0
3, 14, 8, 13, 1675454315, 1689882778, 9, 4, 411789013, 0
3, 14, 8, 13, 1675454315, 1689882778, 9, 3, 424926657, 0
3, 14, 8, 13, 1675454315, 1689882778, 9, 2, 430514066, 0
3, 14, 8, 13, 1675454315, 1689882778, 9, 1, 437792292, 0
3, 14, 8, 13, 1675454315, 1689882778, 9, 0, 477862827, 0
3, 14, 8, 13, 1675454315, 1689882778, 8, 6, 434696619, 0
3, 14, 8, 13, 1675454315, 1689882778, 8, 5, 422336570, 0
3, 14, 8, 13, 1675454315, 1689882778, 8, 4, 401615349, 0
3, 14, 8, 13, 1675454315, 1689882778, 8, 3, 416706515, 0
3, 14, 8, 13, 1675454315, 1689882778, 8, 2, 423963461, 0
3, 14, 8, 13, 1675454315, 1689882778, 8, 1, 432158671, 0
3, 14, 8, 13, 1675454315, 1689882778, 8, 0, 473643532, 0
3, 14, 8, 13, 1675454315, 1689882778, 7, 6, 427384304, 0
3, 14, 8, 13, 1675454315, 1689882778, 7, 5, 411882393, 0
3, 14, 8, 13, 1675454315, 1689882778, 7, 4, 389318899, 0
3, 14, 8, 13, 1675454315, 1689882778, 7, 3, 404816115, 0
3, 14, 8, 13, 1675454315, 1689882778, 7, 2, 411726437, 0
3, 14, 8, 13, 1675454315, 1689882778, 7, 1, 421841732, 0
3, 14, 8, 13, 1675454315, 1689882778, 7, 0, 471076252, 0
3, 14, 8, 13, 1675454315, 1689882778, 6, 6, 417157231, 0
3, 14, 8, 13, 1675454315, 1689882778, 6, 5, 400574315, 0
3, 14, 8, 13, 1675454315, 1689882778, 6, 4, 375065326, 0
3, 14, 8, 13, 1675454315, 1689882778, 6, 3, 393281988, 0
3, 14, 8, 13, 1675454315, 1689882778, 6, 2, 400682852, 0
3, 14, 8, 13, 1675454315, 1689882778, 6, 1, 419673645, 0
3, 14, 8, 13, 1675454315, 1689882778, 6, 0, 458122219, 0
3, 14, 8, 13, 1675454315, 1689882778, 5, 6, 409782611, 0
3, 14, 8, 13, 1675454315, 1689882778, 5, 5, 392319563, 0
3, 14, 8, 13, 1675454315, 1689882778, 5, 4, 364256356, 0
3, 14, 8, 13, 1675454315, 1689882778, 5, 3, 366514214, 0
3, 14, 8, 13, 1675454315, 1689882778, 5, 2, 373578929, 0
3, 14, 8, 13, 1675454315, 1689882778, 5, 1, 391000717, 0
3, 14, 8, 13, 1675454315, 1689882778, 5, 0, 433788724, 0
3, 14, 8, 13, 1675454315, 1689882778, 4, 6, 381778413, 0
3, 14, 8, 13, 1675454315, 1689882778, 4, 5, 359923761, 0
3, 14, 8, 13, 1675454315, 1689882778, 4, 4, 324371578, 0
3, 14, 8, 13, 1675454315, 1689882778, 4, 3, 330734109, 0
3, 14, 8, 13, 1675454315, 1689882778, 4, 2, 338002276, 0
3, 14, 8, 13, 1675454315, 1689882778, 4, 1, 357934711, 0
3, 14, 8, 13, 1675454315, 1689882778, 4, 0, 409835849, 0
3, 14, 8, 13, 1675454315, 1689882778, 3, 6, 343576323, 0
3, 14, 8, 13, 1675454315, 1689882778, 3, 5, 311276753, 0
3, 14, 8, 13, 1675454315, 1689882778, 3, 4, 266837506, 0
3, 14, 8, 13, 1675454315, 1689882778, 3, 3, 272101402, 0
3, 14, 8, 13, 1675454315, 1689882778, 3, 2, 279033441, 0
3, 14, 8, 13, 1675454315, 1689882778, 3, 1, 301525564, 0
3, 14, 8, 13, 1675454315, 1689882778, 3, 0, 351166658, 0
3, 14, 8, 13, 1675454315, 1689882778, 2, 6, 288181708, 0
3, 14, 8, 13, 1675454315, 1689882778, 2, 5, 243531750, 0
3, 14, 8, 13, 1675454315, 1689882778, 2, 4, 183002778, 0
3, 14, 8, 13, 1675454315, 1689882778, 2, 3, 186745257, 0
3, 14, 8, 13, 1675454315, 1689882778, 2, 2, 190000309, 0
3, 14, 8, 13, 1675454315, 1689882778, 2, 1, 205111773, 0
3, 14, 8, 13, 1675454315, 1689882778, 2, 0, 264074015, 0
3, 14, 8, 13, 1675454315, 1689882778, 1, 6, 165240417, 1
3, 14, 8, 13, 1675454315, 1689882778, 1, 5, 94088698, 1
3, 14, 8, 13, 1675454315, 1689882778, 1, 4, 1, 1
3, 14, 8, 13, 1675454315, 1689882778, 1, 3, 1, 1
3, 14, 8, 13, 1675454315, 1689882778, 1, 2, 1, 1
3, 14, 8, 13, 1675454315, 1689882778, 1, 1, 1, 1
3, 14, 8, 13, 1675454315, 1689882778, 1, 0, 1, 0
3, 14, 8, 13, 1675454315, 1689882778, 0, 6, 180398929, 1
3, 14, 8, 13, 1675454315, 1689882778, 0, 5, 103815750, 1
3, 14, 8, 13, 1675454315, 1689882778, 0, 4, 1, 1
3, 14, 8, 13, 1675454315, 1689882778, 0, 3, 1, 1
3, 14, 8, 13, 1675454315, 1689882778, 0, 2, 1, 1
3, 14, 8, 13, 1675454315, 1689882778, 0, 1, 1, 1
3, 15, 8, 13, 1689882779, 1748556447, 11, 6, 451407702, 0
3, 15, 8, 13, 1689882779, 1748556447, 11, 5, 447687971, 0
3, 15, 8, 13, 1689882779, 1748556447, 11, 4, 429879316, 0
3, 15, 8, 13, 1689882779, 1748556447, 11, 3, 438457635, 0
3, 15, 8, 13, 1689882779, 1748556447, 11, 2, 443839247, 0
3, 15, 8, 13, 1689882779, 1748556447, 11, 1, 465077422, 0
3, 15, 8, 13, 1689882779, 1748556447, 11, 0, 491929968, 0
3, 15, 8, 13, 1689882779, 1748556447, 10, 6, 455124743, 0
3, 15, 8, 13, 1689882779, 1748556447, 10, 5, 444745956, 0
3, 15, 8, 13, 1689882779, 1748556447, 10, 4, 426806367, 0
3, 15, 8, 13, 1689882779, 1748556447, 10, 3, 436520741, 0
3, 15, 8, 13, 1689882779, 1748556447, 10, 2, 436727827, 0
3, 15, 8, 13, 1689882779, 1748556447, 10, 1, 458028191, 0
3, 15, 8, 13, 1689882779, 1748556447, 10, 0, 487554702, 0
3, 15, 8, 13, 1689882779, 1748556447, 9, 6, 456694802, 0
3, 15, 8, 13, 1689882779, 1748556447, 9, 5, 446909529, 0
3, 15, 8, 13, 1689882779, 1748556447, 9, 4, 428375425, 0
3, 15, 8, 13, 1689882779, 1748556447, 9, 3, 442487339, 0
3, 15, 8, 13, 1689882779, 1748556447, 9, 2, 446608016, 0
3, 15, 8, 13, 1689882779, 1748556447, 9, 1, 452364948, 0
3, 15, 8, 13, 1689882779, 1748556447, 9, 0, 486954151, 0
3, 15, 8, 13, 1689882779, 1748556447, 8, 6, 445049712, 0
3, 15, 8, 13, 1689882779, 1748556447, 8, 5, 433362078, 0
3, 15, 8, 13, 1689882779, 1748556447, 8, 4, 413172053, 0
3, 15, 8, 13, 1689882779, 1748556447, 8, 3, 428499342, 0
3, 15, 8, 13, 1689882779, 1748556447, 8, 2, 432127393, 0
3, 15, 8, 13, 1689882779, 1748556447, 8, 1, 439568753, 0
3, 15, 8, 13, 1689882779, 1748556447, 8, 0, 483184515, 0
3, 15, 8, 13, 1689882779, 1748556447, 7, 6, 434731894, 0
3, 15, 8, 13, 1689882779, 1748556447, 7, 5, 419256384, 0
3, 15, 8, 13, 1689882779, 1748556447, 7, 4, 397624100, 0
3, 15, 8, 13, 1689882779, 1748556447, 7, 3, 414002085, 0
3, 15, 8, 13, 1689882779, 1748556447, 7, 2, 417337987, 0
3, 15, 8, 13, 1689882779, 1748556447, 7, 1, 424751470, 0
3, 15, 8, 13, 1689882779, 1748556447, 7, 0, 469797562, 0
3, 15, 8, 13, 1689882779, 1748556447, 6, 6, 424951661, 0
3, 15, 8, 13, 1689882779, 1748556447, 6, 5, 406491885, 0
3, 15, 8, 13, 1689882779, 1748556447, 6, 4, 383333168, 0
3, 15, 8, 13, 1689882779, 1748556447, 6, 3, 403413347, 0
3, 15, 8, 13, 1689882779, 1748556447, 6, 2, 410657834, 0
3, 15, 8, 13, 1689882779, 1748556447, 6, 1, 421950109, 0
3, 15, 8, 13, 1689882779, 1748556447, 6, 0, 454288408, 0
3, 15, 8, 13, 1689882779, 1748556447, 5, 6, 419666529, 0
3, 15, 8, 13, 1689882779, 1748556447, 5, 5, 400228757, 0
3, 15, 8, 13, 1689882779, 1748556447, 5, 4, 375560376, 0
3, 15, 8, 13, 1689882779, 1748556447, 5, 3, 380438416, 0
3, 15, 8, 13, 1689882779, 1748556447, 5, 2, 389350925, 0
3, 15, 8, 13, 1689882779, 1748556447, 5, 1, 401651725, 0
3, 15, 8, 13, 1689882779, 1748556447, 5, 0, 441444619, 0
3, 15, 8, 13, 1689882779, 1748556447, 4, 6, 397767417, 0
3, 15, 8, 13, 1689882779, 1748556447, 4, 5, 375448570, 0
3, 15, 8, 13, 1689882779, 1748556447, 4, 4, 344961936, 0
3, 15, 8, 13, 1689882779, 1748556447, 4, 3, 349372784, 0
3, 15, 8, 13, 1689882779, 1748556447, 4, 2, 362336705, 0
3, 15, 8, 13, 1689882779, 1748556447, 4, 1, 374046388, 0
3, 15, 8, 13, 1689882779, 1748556447, 4, 0, 418170783, 0
3, 15, 8, 13, 1689882779, 1748556447, 3, 6, 364502729, 0
3, 15, 8, 13, 1689882779, 1748556447, 3, 5, 333318250, 0
3, 15, 8, 13, 1689882779, 1748556447, 3, 4, 296391243, 0
3, 15, 8, 13, 1689882779, 1748556447, 3, 3, 300511510, 0
3, 15, 8, 13, 1689882779, 1748556447, 3, 2, 309411556, 0
3, 15, 8, 13, 1689882779, 1748556447, 3, 1, 324145439, 0
3, 15, 8, 13, 1689882779, 1748556447, 3, 0, 378169679, 0
3, 15, 8, 13, 1689882779, 1748556447, 2, 6, 299104961, 0
3, 15, 8, 13, 1689882779, 1748556447, 2, 5, 254901713, 0
3, 15, 8, 13, 1689882779, 1748556447, 2, 4, 204002277, 0
3, 15, 8, 13, 1689882779, 1748556447, 2, 3, 206274371, 0
3, 15, 8, 13, 1689882779, 1748556447, 2, 2, 212720445, 0
3, 15, 8, 13, 1689882779, 1748556447, 2, 1, 226901808, 0
3, 15, 8, 13, 1689882779, 1748556447, 2, 0, 283627260, 0
3, 15, 8, 13, 1689882779, 1748556447, 1, 6, 159399749, 1
3, 15, 8, 13, 1689882779, 1748556447, 1, 5, 87611957, 1
3, 15, 8, 13, 1689882779, 1748556447, 1, 4, 1, 1
3, 15, 8, 13, 1689882779, 1748556447, 1, 3, 1, 1
3, 15, 8, 13, 1689882779, 1748556447, 1, 2, 1, 1
3, 15, 8, 13, 1689882779, 1748556447, 1, 1, 1, 1
3, 15, 8, 13, 1689882779, 1748556447, 1, 0, 1, 0
3, 15, 8, 13, 1689882779, 1748556447, 0, 6, 174940671, 1
3, 15, 8, 13, 1689882779, 1748556447, 0, 5, 94769269, 1
3, 15, 8, 13, 1689882779, 1748556447, 0, 4, 1, 1
3, 15, 8, 13, 1689882779, 1748556447, 0, 3, 1, 1
3, 15, 8, 13, 1689882779, 1748556447, 0, 2, 1, 1
3, 15, 8, 13, 1689882779, 1748556447, 0, 1, 1, 1
3, 16, 8, 13, 1748556448, 1753043203, 11, 6, 8101636, 1
3, 16, 8, 13, 1748556448, 1753043203, 11, 5, 7621092, 0
3, 16, 8, 13, 1748556448, 1753043203, 11, 4, 7595274, 0
3, 16, 8, 13, 1748556448, 1753043203, 11, 3, 9414111, 1
3, 16, 8, 13, 1748556448, 1753043203, 11, 2, 10964019, 1
3, 16, 8, 13, 1748556448, 1753043203, 11, 1, 13897750, 1
3, 16, 8, 13, 1748556448, 1753043203, 11, 0, 11786150, 0
3, 16, 8, 13, 1748556448, 1753043203, 10, 6, 8189250, 1
3, 16, 8, 13, 1748556448, 1753043203, 10, 5, 7691492, 0
3, 16, 8, 13, 1748556448, 1753043203, 10, 4, 7536493, 1
3, 16, 8, 13, 1748556448, 1753043203, 10, 3, 9332853, 1
3, 16, 8, 13, 1748556448, 1753043203, 10, 2, 10705942, 1
3, 16, 8, 13, 1748556448, 1753043203, 10, 1, 13261795, 1
3, 16, 8, 13, 1748556448, 1753043203, 10, 0, 10748174, 0
3, 16, 8, 13, 1748556448, 1753043203, 9, 6, 8434840, 1
3, 16, 8, 13, 1748556448, 1753043203, 9, 5, 8182463, 0
3, 16, 8, 13, 1748556448, 1753043203, 9, 4, 7954878, 0
3, 16, 8, 13, 1748556448, 1753043203, 9, 3, 9849514, 1
3, 16, 8, 13, 1748556448, 1753043203, 9, 2, 11220983, 1
3, 16, 8, 13, 1748556448, 1753043203, 9, 1, 13753478, 1
3, 16, 8, 13, 1748556448, 1753043203, 9, 0, 11942416, 0
3, 16, 8, 13, 1748556448, 1753043203, 8, 6, 8798294, 1
3, 16, 8, 13, 1748556448, 1753043203, 8, 5, 8419917, 0
3, 16, 8, 13, 1748556448, 1753043203, 8, 4, 8456685, 0
3, 16, 8, 13, 1748556448, 1753043203, 8, 3, 10631260, 1
3, 16, 8, 13, 1748556448, 1753043203, 8, 2, 12515712, 1
3, 16, 8, 13, 1748556448, 1753043203, 8, 1, 15371534, 1
3, 16, 8, 13, 1748556448, 1753043203, 8, 0, 13435218, 0
3, 16, 8, 13, 1748556448, 1753043203, 7, 6, 8900779, 1
3, 16, 8, 13, 1748556448, 1753043203, 7, 5, 8304346, 0
3, 16, 8, 13, 1748556448, 1753043203, 7, 4, 8727013, 0
3, 16, 8, 13, 1748556448, 1753043203, 7, 3, 10979145, 1
3, 16, 8, 13, 1748556448, 1753043203, 7, 2, 12768169, 1
3, 16, 8, 13, 1748556448, 1753043203, 7, 1, 16688616, 1
3, 16, 8, 13, 1748556448, 1753043203, 7, 0, 15354535, 0
3, 16, 8, 13, 1748556448, 1753043203, 6, 6, 9463732, 1
3, 16, 8, 13, 1748556448, 1753043203, 6, 5, 8659037, 0
3, 16, 8, 13, 1748556448, 1753043203, 6, 4, 8972640, 0
3, 16, 8, 13, 1748556448, 1753043203, 6, 3, 11298880, 1
3, 16, 8, 13, 1748556448, 1753043203, 6, 2, 12919208, 1
3, 16, 8, 13, 1748556448, 1753043203, 6, 1, 16541962, 1
3, 16, 8, 13, 1748556448, 1753043203, 6, 0, 12033002, 0
3, 16, 8, 13, 1748556448, 1753043203, 5, 6, 9392055, 1
3, 16, 8, 13, 1748556448, 1753043203, 5, 5, 8640478, 0
3, 16, 8, 13, 1748556448, 1753043203, 5, 4, 8705723, 0
3, 16, 8, 13, 1748556448, 1753043203, 5, 3, 10976782, 1
3, 16, 8, 13, 1748556448, 1753043203, 5, 2, 12837363, 1
3, 16, 8, 13, 1748556448, 1753043203, 5, 1, 15899684, 1
3, 16, 8, 13, 1748556448, 1753043203, 5, 0, 13441477, 0
3, 16, 8, 13, 1748556448, 1753043203, 4, 6, 9942210, 1
3, 16, 8, 13, 1748556448, 1753043203, 4, 5, 9278836, 0
3, 16, 8, 13, 1748556448, 1753043203, 4, 4, 9130646, 0
3, 16, 8, 13, 1748556448, 1753043203, 4, 3, 11533447, 1
3, 16, 8, 13, 1748556448, 1753043203, 4, 2, 14175491, 1
3, 16, 8, 13, 1748556448, 1753043203, 4, 1, 17235359, 1
3, 16, 8, 13, 1748556448, 1753043203, 4, 0, 12780972, 0
3, 16, 8, 13, 1748556448, 1753043203, 3, 6, 7914404, 1
3, 16, 8, 13, 1748556448, 1753043203, 3, 5, 6293044, 1
3, 16, 8, 13, 1748556448, 1753043203, 3, 4, 7615316, 1
3, 16, 8, 13, 1748556448, 1753043203, 3, 3, 9646066, 1
3, 16, 8, 13, 1748556448, 1753043203, 3, 2, 11273852, 1
3, 16, 8, 13, 1748556448, 1753043203, 3, 1, 17012508, 1
3, 16, 8, 13, 1748556448, 1753043203, 3, 0, 8822174, 0
3, 16, 8, 13, 1748556448, 1753043203, 2, 6, 7780114, 1
3, 16, 8, 13, 1748556448, 1753043203, 2, 5, 5097257, 1
3, 16, 8, 13, 1748556448, 1753043203, 2, 4, 6186026, 1
3, 16, 8, 13, 1748556448, 1753043203, 2, 3, 7873124, 1
3, 16, 8, 13, 1748556448, 1753043203, 2, 2, 8240718, 1
3, 16, 8, 13, 1748556448, 1753043203, 2, 1, 12200186, 1
3, 16, 8, 13, 1748556448, 1753043203, 2, 0, 7315652, 0
3, 16, 8, 13, 1748556448, 1753043203, 1, 6, 9249488, 1
3, 16, 8, 13, 1748556448, 1753043203, 1, 5, 4663131, 1
3, 16, 8, 13, 1748556448, 1753043203, 1, 4, 5699382, 1
3, 16, 8, 13, 1748556448, 1753043203, 1, 3, 7327777, 1
3, 16, 8, 13, 1748556448, 1753043203, 1, 2, 10258887, 1
3, 16, 8, 13, 1748556448, 1753043203, 1, 1, 15456542, 1
3, 16, 8, 13, 1748556448, 1753043203, 1, 0, 1, 0
3, 16, 8, 13, 1748556448, 1753043203, 0, 6, 16027954, 1
3, 16, 8, 13, 1748556448, 1753043203, 0, 5, 9273925, 1
3, 16, 8, 13, 1748556448, 1753043203, 0, 4, 11592407, 1
3, 16, 8, 13, 1748556448, 1753043203, 0, 3, 15456542, 1
3, 16, 8, 13, 1748556448, 1753043203, 0, 2, 23184813, 1
3, 16, 8, 13, 1748556448, 1753043203, 0, 1, 46369625, 1
