3, 1, 18, 13, 1, 99838051, 1, 6, 134249445, 1
3, 1, 18, 13, 1, 99838051, 1, 5, 124078615, 1
3, 1, 18, 13, 1, 99838051, 1, 4, 133450011, 1
3, 1, 18, 13, 1, 99838051, 1, 3, 144608281, 1
3, 1, 18, 13, 1, 99838051, 1, 2, 148549083, 1
3, 1, 18, 13, 1, 99838051, 1, 1, 77642982, 1
3, 1, 18, 13, 1, 99838051, 1, 0, 1, 0
3, 1, 18, 13, 1, 99838051, 0, 6, 156225425, 1
3, 1, 18, 13, 1, 99838051, 0, 5, 147847650, 1
3, 1, 18, 13, 1, 99838051, 0, 4, 169635413, 1
3, 1, 18, 13, 1, 99838051, 0, 3, 163249841, 1
3, 1, 18, 13, 1, 99838051, 0, 2, 180939868, 1
3, 1, 18, 13, 1, 99838051, 0, 1, 1, 1
3, 2, 18, 13, 99838052, 136776174, 1, 6, 168977399, 1
3, 2, 18, 13, 99838052, 136776174, 1, 5, 136422127, 1
3, 2, 18, 13, 99838052, 136776174, 1, 4, 102368533, 1
3, 2, 18, 13, 99838052, 136776174, 1, 3, 94085976, 1
3, 2, 18, 13, 99838052, 136776174, 1, 2, 86499402, 1
3, 2, 18, 13, 99838052, 136776174, 1, 1, 64248131, 1
3, 2, 18, 13, 99838052, 136776174, 1, 0, 1, 0
3, 2, 18, 13, 99838052, 136776174, 0, 6, 93227489, 1
3, 2, 18, 13, 99838052, 136776174, 0, 5, 48576463, 1
3, 2, 18, 13, 99838052, 136776174, 0, 4, 1, 1
3, 2, 18, 13, 99838052, 136776174, 0, 3, 1, 1
3, 2, 18, 13, 99838052, 136776174, 0, 2, 1, 1
3, 2, 18, 13, 99838052, 136776174, 0, 1, 1, 1
3, 3, 18, 13, 136776175, 194160050, 1, 6, 860622032, 1
3, 3, 18, 13, 136776175, 194160050, 1, 5, 826125044, 1
3, 3, 18, 13, 136776175, 194160050, 1, 4, 775933284, 1
3, 3, 18, 13, 136776175, 194160050, 1, 3, 702890329, 1
3, 3, 18, 13, 136776175, 194160050, 1, 2, 723036279, 1
3, 3, 18, 13, 136776175, 194160050, 1, 1, 750449237, 1
3, 3, 18, 13, 136776175, 194160050, 1, 0, 1, 0
3, 3, 18, 13, 136776175, 194160050, 0, 6, 911346401, 1
3, 3, 18, 13, 136776175, 194160050, 0, 5, 894543998, 1
3, 3, 18, 13, 136776175, 194160050, 0, 4, 857918115, 1
3, 3, 18, 13, 136776175, 194160050, 0, 3, 816768819, 1
3, 3, 18, 13, 136776175, 194160050, 0, 2, 1166107422, 1
3, 3, 18, 13, 136776175, 194160050, 0, 1, 1208745257, 1
3, 4, 18, 13, 194160051, 244077701, 1, 6, 641583908, 1
3, 4, 18, 13, 194160051, 244077701, 1, 5, 581368362, 1
3, 4, 18, 13, 194160051, 244077701, 1, 4, 494027573, 1
3, 4, 18, 13, 194160051, 244077701, 1, 3, 336954909, 1
3, 4, 18, 13, 194160051, 244077701, 1, 2, 241761112, 1
3, 4, 18, 13, 194160051, 244077701, 1, 1, 335173987, 1
3, 4, 18, 13, 194160051, 244077701, 1, 0, 1, 0
3, 4, 18, 13, 194160051, 244077701, 0, 6, 508913735, 1
3, 4, 18, 13, 194160051, 244077701, 0, 5, 427142010, 1
3, 4, 18, 13, 194160051, 244077701, 0, 4, 293062143, 1
3, 4, 18, 13, 194160051, 244077701, 0, 3, 40505559, 1
3, 4, 18, 13, 194160051, 244077701, 0, 2, 40505559, 1
3, 4, 18, 13, 194160051, 244077701, 0, 1, 40505559, 1
3, 5, 18, 13, 244077702, 312100263, 1, 6, 586209777, 1
3, 5, 18, 13, 244077702, 312100263, 1, 5, 542321362, 1
3, 5, 18, 13, 244077702, 312100263, 1, 4, 459004264, 1
3, 5, 18, 13, 244077702, 312100263, 1, 3, 323534224, 1
3, 5, 18, 13, 244077702, 312100263, 1, 2, 215442079, 1
3, 5, 18, 13, 244077702, 312100263, 1, 1, 309587725, 1
3, 5, 18, 13, 244077702, 312100263, 1, 0, 1, 0
3, 5, 18, 13, 244077702, 312100263, 0, 6, 539317946, 1
3, 5, 18, 13, 244077702, 312100263, 0, 5, 498500603, 1
3, 5, 18, 13, 244077702, 312100263, 0, 4, 364662080, 1
3, 5, 18, 13, 244077702, 312100263, 0, 3, 148447219, 1
3, 5, 18, 13, 244077702, 312100263, 0, 2, 148447219, 1
3, 5, 18, 13, 244077702, 312100263, 0, 1, 148447219, 1
3, 6, 18, 13, 312100264, 336057596, 1, 6, 12857824, 1
3, 6, 18, 13, 312100264, 336057596, 1, 5, 12827809, 1
3, 6, 18, 13, 312100264, 336057596, 1, 4, 9342415, 1
3, 6, 18, 13, 312100264, 336057596, 1, 3, 11064282, 1
3, 6, 18, 13, 312100264, 336057596, 1, 2, 15489995, 1
3, 6, 18, 13, 312100264, 336057596, 1, 1, 11815438, 1
3, 6, 18, 13, 312100264, 336057596, 1, 0, 1, 0
3, 6, 18, 13, 312100264, 336057596, 0, 6, 22412357, 1
3, 6, 18, 13, 312100264, 336057596, 0, 5, 26894828, 1
3, 6, 18, 13, 312100264, 336057596, 0, 4, 19362493, 1
3, 6, 18, 13, 312100264, 336057596, 0, 3, 25816657, 1
3, 6, 18, 13, 312100264, 336057596, 0, 2, 38724986, 1
3, 6, 18, 13, 312100264, 336057596, 0, 1, 35446314, 1
3, 7, 18, 13, 336057597, 429560764, 1, 6, 700264984, 1
3, 7, 18, 13, 336057597, 429560764, 1, 5, 622652982, 1
3, 7, 18, 13, 336057597, 429560764, 1, 4, 522121128, 1
3, 7, 18, 13, 336057597, 429560764, 1, 3, 375287521, 1
3, 7, 18, 13, 336057597, 429560764, 1, 2, 292870600, 1
3, 7, 18, 13, 336057597, 429560764, 1, 1, 383255067, 1
3, 7, 18, 13, 336057597, 429560764, 1, 0, 1, 0
3, 7, 18, 13, 336057597, 429560764, 0, 6, 586969649, 1
3, 7, 18, 13, 336057597, 429560764, 0, 5, 479763323, 1
3, 7, 18, 13, 336057597, 429560764, 0, 4, 313784799, 1
3, 7, 18, 13, 336057597, 429560764, 0, 3, 44580408, 1
3, 7, 18, 13, 336057597, 429560764, 0, 2, 44580408, 1
3, 7, 18, 13, 336057597, 429560764, 0, 1, 44580408, 1
3, 8, 18, 13, 429560765, 491882121, 1, 6, 837124880, 0
3, 8, 18, 13, 429560765, 491882121, 1, 5, 800684367, 0
3, 8, 18, 13, 429560765, 491882121, 1, 4, 731970252, 0
3, 8, 18, 13, 429560765, 491882121, 1, 3, 614780813, 0
3, 8, 18, 13, 429560765, 491882121, 1, 2, 619165254, 0
3, 8, 18, 13, 429560765, 491882121, 1, 1, 869978171, 0
3, 8, 18, 13, 429560765, 491882121, 1, 0, 1162177346, 0
3, 8, 18, 13, 429560765, 491882121, 0, 6, 661377341, 1
3, 8, 18, 13, 429560765, 491882121, 0, 5, 619853962, 1
3, 8, 18, 13, 429560765, 491882121, 0, 4, 486288991, 1
3, 8, 18, 13, 429560765, 491882121, 0, 3, 256666400, 1
3, 8, 18, 13, 429560765, 491882121, 0, 2, 256666400, 1
3, 8, 18, 13, 429560765, 491882121, 0, 1, 256666400, 1
3, 9, 18, 13, 491882122, 668970952, 1, 6, 593785291, 1
3, 9, 18, 13, 491882122, 668970952, 1, 5, 606875459, 1
3, 9, 18, 13, 491882122, 668970952, 1, 4, 558415098, 1
3, 9, 18, 13, 491882122, 668970952, 1, 3, 489640795, 1
3, 9, 18, 13, 491882122, 668970952, 1, 2, 259250612, 1
3, 9, 18, 13, 491882122, 668970952, 1, 1, 347128256, 1
3, 9, 18, 13, 491882122, 668970952, 1, 0, 1, 0
3, 9, 18, 13, 491882122, 668970952, 0, 6, 538464965, 1
3, 9, 18, 13, 491882122, 668970952, 0, 5, 646157958, 1
3, 9, 18, 13, 491882122, 668970952, 0, 4, 547558298, 1
3, 9, 18, 13, 491882122, 668970952, 0, 3, 400440146, 1
3, 9, 18, 13, 491882122, 668970952, 0, 2, 46029114, 1
3, 9, 18, 13, 491882122, 668970952, 0, 1, 46029114, 1
3, 10, 18, 13, 668970953, 819426015, 1, 6, 49697925, 1
3, 10, 18, 13, 668970953, 819426015, 1, 5, 58733911, 1
3, 10, 18, 13, 668970953, 819426015, 1, 4, 1, 1
3, 10, 18, 13, 668970953, 819426015, 1, 3, 1, 1
3, 10, 18, 13, 668970953, 819426015, 1, 2, 1, 1
3, 10, 18, 13, 668970953, 819426015, 1, 1, 1, 1
3, 10, 18, 13, 668970953, 819426015, 1, 0, 1, 0
3, 10, 18, 13, 668970953, 819426015, 0, 6, 107678837, 1
3, 10, 18, 13, 668970953, 819426015, 0, 5, 129214604, 1
3, 10, 18, 13, 668970953, 819426015, 0, 4, 1, 1
3, 10, 18, 13, 668970953, 819426015, 0, 3, 1, 1
3, 10, 18, 13, 668970953, 819426015, 0, 2, 1, 1
3, 10, 18, 13, 668970953, 819426015, 0, 1, 1, 1
3, 11, 18, 13, 819426016, 1140381439, 1, 6, 2625392, 1
3, 11, 18, 13, 819426016, 1140381439, 1, 5, 3102736, 1
3, 11, 18, 13, 819426016, 1140381439, 1, 4, 3792232, 1
3, 11, 18, 13, 819426016, 1140381439, 1, 3, 4875727, 1
3, 11, 18, 13, 819426016, 1140381439, 1, 2, 6826018, 1
3, 11, 18, 13, 819426016, 1140381439, 1, 1, 11376696, 1
3, 11, 18, 13, 819426016, 1140381439, 1, 0, 1, 0
3, 11, 18, 13, 819426016, 1140381439, 0, 6, 5688348, 1
3, 11, 18, 13, 819426016, 1140381439, 0, 5, 6826018, 1
3, 11, 18, 13, 819426016, 1140381439, 0, 4, 8532522, 1
3, 11, 18, 13, 819426016, 1140381439, 0, 3, 11376696, 1
3, 11, 18, 13, 819426016, 1140381439, 0, 2, 17065044, 1
3, 11, 18, 13, 819426016, 1140381439, 0, 1, 34130088, 1
3, 12, 18, 13, 1140381440, 1469103338, 1, 6, 266517154, 0
3, 12, 18, 13, 1140381440, 1469103338, 1, 5, 227062865, 0
3, 12, 18, 13, 1140381440, 1469103338, 1, 4, 277521280, 0
3, 12, 18, 13, 1140381440, 1469103338, 1, 3, 356813074, 0
3, 12, 18, 13, 1140381440, 1469103338, 1, 2, 360062309, 0
3, 12, 18, 13, 1140381440, 1469103338, 1, 1, 600103848, 1
3, 12, 18, 13, 1140381440, 1469103338, 1, 0, 870501971, 0
3, 12, 18, 13, 1140381440, 1469103338, 0, 6, 432370171, 1
3, 12, 18, 13, 1140381440, 1469103338, 0, 5, 325437909, 1
3, 12, 18, 13, 1140381440, 1469103338, 0, 4, 406797386, 1
3, 12, 18, 13, 1140381440, 1469103338, 0, 3, 542396514, 1
3, 12, 18, 13, 1140381440, 1469103338, 0, 2, 464904787, 1
3, 12, 18, 13, 1140381440, 1469103338, 0, 1, 929809573, 1
3, 13, 18, 13, 1469103339, 1676572219, 1, 6, 289457253, 0
3, 13, 18, 13, 1469103339, 1676572219, 1, 5, 310291561, 0
3, 13, 18, 13, 1469103339, 1676572219, 1, 4, 372182115, 0
3, 13, 18, 13, 1469103339, 1676572219, 1, 3, 460357538, 0
3, 13, 18, 13, 1469103339, 1676572219, 1, 2, 461005321, 0
3, 13, 18, 13, 1469103339, 1676572219, 1, 1, 725645263, 1
3, 13, 18, 13, 1469103339, 1676572219, 1, 0, 1027030026, 0
3, 13, 18, 13, 1469103339, 1676572219, 0, 6, 403012265, 1
3, 13, 18, 13, 1469103339, 1676572219, 0, 5, 426380921, 1
3, 13, 18, 13, 1469103339, 1676572219, 0, 4, 532976151, 1
3, 13, 18, 13, 1469103339, 1676572219, 0, 3, 689445490, 1
3, 13, 18, 13, 1469103339, 1676572219, 0, 2, 607214223, 1
3, 13, 18, 13, 1469103339, 1676572219, 0, 1, 1086337628, 1
3, 14, 18, 13, 1676572220, 1689929727, 1, 6, 27253750, 1
3, 14, 18, 13, 1676572220, 1689929727, 1, 5, 24411709, 0
3, 14, 18, 13, 1676572220, 1689929727, 1, 4, 21006744, 0
3, 14, 18, 13, 1676572220, 1689929727, 1, 3, 27008670, 0
3, 14, 18, 13, 1676572220, 1689929727, 1, 2, 29946630, 0
3, 14, 18, 13, 1676572220, 1689929727, 1, 1, 44902775, 1
3, 14, 18, 13, 1676572220, 1689929727, 1, 0, 36791080, 0
3, 14, 18, 13, 1676572220, 1689929727, 0, 6, 44399829, 1
3, 14, 18, 13, 1676572220, 1689929727, 0, 5, 36125804, 1
3, 14, 18, 13, 1676572220, 1689929727, 0, 4, 26041397, 1
3, 14, 18, 13, 1676572220, 1689929727, 0, 3, 34721862, 1
3, 14, 18, 13, 1676572220, 1689929727, 0, 2, 32419023, 1
3, 14, 18, 13, 1676572220, 1689929727, 0, 1, 64838045, 1
3, 15, 18, 13, 1689929728, 1748805069, 1, 6, 22586819, 0
3, 15, 18, 13, 1689929728, 1748805069, 1, 5, 22715830, 0
3, 15, 18, 13, 1689929728, 1748805069, 1, 4, 20090089, 0
3, 15, 18, 13, 1689929728, 1748805069, 1, 3, 18572584, 0
3, 15, 18, 13, 1689929728, 1748805069, 1, 2, 26001617, 0
3, 15, 18, 13, 1689929728, 1748805069, 1, 1, 43336028, 0
3, 15, 18, 13, 1689929728, 1748805069, 1, 0, 42722979, 0
3, 15, 18, 13, 1689929728, 1748805069, 0, 6, 22049322, 1
3, 15, 18, 13, 1689929728, 1748805069, 0, 5, 17708282, 1
3, 15, 18, 13, 1689929728, 1748805069, 0, 4, 22135352, 1
3, 15, 18, 13, 1689929728, 1748805069, 0, 3, 12579565, 1
3, 15, 18, 13, 1689929728, 1748805069, 0, 2, 18869347, 1
3, 15, 18, 13, 1689929728, 1748805069, 0, 1, 37738693, 1
3, 16, 18, 13, 1748805070, 1753043203, 1, 6, 15591106, 0
3, 16, 18, 13, 1748805070, 1753043203, 1, 5, 11770052, 0
3, 16, 18, 13, 1748805070, 1753043203, 1, 4, 13333710, 0
3, 16, 18, 13, 1748805070, 1753043203, 1, 3, 17143341, 0
3, 16, 18, 13, 1748805070, 1753043203, 1, 2, 24000677, 0
3, 16, 18, 13, 1748805070, 1753043203, 1, 1, 40001128, 0
3, 16, 18, 13, 1748805070, 1753043203, 1, 0, 42722979, 0
3, 16, 18, 13, 1748805070, 1753043203, 0, 6, 13582203, 1
3, 16, 18, 13, 1748805070, 1753043203, 0, 5, 7547739, 1
3, 16, 18, 13, 1748805070, 1753043203, 0, 4, 9434674, 1
3, 16, 18, 13, 1748805070, 1753043203, 0, 3, 12579565, 1
3, 16, 18, 13, 1748805070, 1753043203, 0, 2, 18869347, 1
3, 16, 18, 13, 1748805070, 1753043203, 0, 1, 37738693, 1
