1,1.0,99993105.0,2057456454.0610495
2,99993106.0,142907057.0,3350679376.7703886
3,142907058.0,176276186.0,3129346651.0961795
4,176276187.0,203395880.0,3273893567.5560923
5,203395881.0,277388367.0,3112564817.602552
6,277388368.0,312297085.0,3349755986.2863507
7,312297086.0,421229675.0,3185947081.8550696
8,421229676.0,448741982.0,3867092230.5864763
9,448741983.0,520637019.0,3641851728.016646
10,520637020.0,561704764.0,3865417251.041486
11,561704765.0,675364749.0,3448648784.297049
12,675364750.0,700748988.0,4041707307.280836
13,700748989.0,738110752.0,3322870110.089012
14,738110753.0,767509105.0,3855350641.2479653
15,767509106.0,808141251.0,3159299525.0791426
16,808141252.0,839910255.0,3121796523.571161
17,839910256.0,870091785.0,3541536995.4987574
18,870091786.0,939336085.0,3357626151.8080287
19,939336086.0,974857148.0,3581925695.9866066
20,974857149.0,1005390081.0,3378730309.1020036
21,1005390082.0,1102677318.0,3142375663.8999705
22,1102677319.0,1134389254.0,3557196229.9514074
23,1134389255.0,1163301547.0,3225225633.01326
24,1163301548.0,1203591486.0,3592011227.0801387
25,1203591487.0,1248949873.0,3214757378.3386474
26,1248949874.0,1284183841.0,3195758697.207184
27,1284183842.0,1381053509.0,3310766265.2315593
28,1381053510.0,1412913582.0,3338810815.0665755
29,1412913583.0,1438964954.0,3615713023.8058486
30,1438964955.0,1479385299.0,3794709678.131929
31,1479385300.0,1558882476.0,3665588124.0090475
32,1558882477.0,1599221437.0,3521285864.456118
33,1599221438.0,1626292507.0,3755364670.94209
34,1626292508.0,1684186385.0,3927612825.3964887
35,1684186386.0,1731029516.0,3776483527.534955
36,1731029517.0,1749870122.0,3550532995.5723352
37,1749870123.0,1796472736.0,3376116581.835564
38,1796472737.0,1820346113.0,3784875050.5535536
39,1820346114.0,1927802416.0,3916382684.845965
40,1927802417.0,1965673709.0,3476104734.843754
41,1965673710.0,2196025834.0,3619121157.515855
