3, 1, 4, 18, 1, 99937695, 15, 1, 199753875, 0
3, 1, 4, 18, 1, 99937695, 15, 0, 218911260, 0
3, 1, 4, 18, 1, 99937695, 14, 1, 192282244, 0
3, 1, 4, 18, 1, 99937695, 14, 0, 215367800, 0
3, 1, 4, 18, 1, 99937695, 13, 1, 184687811, 0
3, 1, 4, 18, 1, 99937695, 13, 0, 214542382, 0
3, 1, 4, 18, 1, 99937695, 12, 1, 199462836, 0
3, 1, 4, 18, 1, 99937695, 12, 0, 232420913, 0
3, 1, 4, 18, 1, 99937695, 11, 1, 214610739, 0
3, 1, 4, 18, 1, 99937695, 11, 0, 253550087, 0
3, 1, 4, 18, 1, 99937695, 10, 1, 214859262, 0
3, 1, 4, 18, 1, 99937695, 10, 0, 246083428, 0
3, 1, 4, 18, 1, 99937695, 9, 1, 217051291, 0
3, 1, 4, 18, 1, 99937695, 9, 0, 255554185, 0
3, 1, 4, 18, 1, 99937695, 8, 1, 197949890, 0
3, 1, 4, 18, 1, 99937695, 8, 0, 230375112, 0
3, 1, 4, 18, 1, 99937695, 7, 1, 191104441, 0
3, 1, 4, 18, 1, 99937695, 7, 0, 234457188, 0
3, 1, 4, 18, 1, 99937695, 6, 1, 188321855, 0
3, 1, 4, 18, 1, 99937695, 6, 0, 251946898, 0
3, 1, 4, 18, 1, 99937695, 5, 1, 179191205, 0
3, 1, 4, 18, 1, 99937695, 5, 0, 236249895, 0
3, 1, 4, 18, 1, 99937695, 4, 1, 169574038, 0
3, 1, 4, 18, 1, 99937695, 4, 0, 241055135, 0
3, 1, 4, 18, 1, 99937695, 3, 1, 192491515, 0
3, 1, 4, 18, 1, 99937695, 3, 0, 321406847, 0
3, 1, 4, 18, 1, 99937695, 2, 1, 138551932, 0
3, 1, 4, 18, 1, 99937695, 2, 0, 338964359, 0
3, 1, 4, 18, 1, 99937695, 1, 1, 167621251, 0
3, 1, 4, 18, 1, 99937695, 1, 0, 488032812, 0
3, 1, 4, 18, 1, 99937695, 0, 1, 1, 1
3, 2, 4, 18, 99937696, 157627669, 15, 1, 7682019, 0
3, 2, 4, 18, 99937696, 157627669, 15, 0, 7841739, 0
3, 2, 4, 18, 99937696, 157627669, 14, 1, 3994087, 0
3, 2, 4, 18, 99937696, 157627669, 14, 0, 5574072, 0
3, 2, 4, 18, 99937696, 157627669, 13, 1, 3563003, 0
3, 2, 4, 18, 99937696, 157627669, 13, 0, 6002846, 0
3, 2, 4, 18, 99937696, 157627669, 12, 1, 3848044, 0
3, 2, 4, 18, 99937696, 157627669, 12, 0, 6503083, 0
3, 2, 4, 18, 99937696, 157627669, 11, 1, 4182656, 0
3, 2, 4, 18, 99937696, 157627669, 11, 0, 7094273, 0
3, 2, 4, 18, 99937696, 157627669, 10, 1, 4581004, 0
3, 2, 4, 18, 99937696, 157627669, 10, 0, 7803700, 0
3, 2, 4, 18, 99937696, 157627669, 9, 1, 5063215, 0
3, 2, 4, 18, 99937696, 157627669, 9, 0, 8670778, 0
3, 2, 4, 18, 99937696, 157627669, 8, 1, 5658888, 0
3, 2, 4, 18, 99937696, 157627669, 8, 0, 9754625, 0
3, 2, 4, 18, 99937696, 157627669, 7, 1, 5551604, 0
3, 2, 4, 18, 99937696, 157627669, 7, 0, 11148143, 0
3, 2, 4, 18, 99937696, 157627669, 6, 1, 6405697, 0
3, 2, 4, 18, 99937696, 157627669, 6, 0, 13006166, 0
3, 2, 4, 18, 99937696, 157627669, 5, 1, 7570369, 0
3, 2, 4, 18, 99937696, 157627669, 5, 0, 15607399, 0
3, 2, 4, 18, 99937696, 157627669, 4, 1, 9252674, 0
3, 2, 4, 18, 99937696, 157627669, 4, 0, 19509249, 0
3, 2, 4, 18, 99937696, 157627669, 3, 1, 1, 1
3, 2, 4, 18, 99937696, 157627669, 3, 0, 1, 0
3, 2, 4, 18, 99937696, 157627669, 2, 1, 1, 1
3, 2, 4, 18, 99937696, 157627669, 2, 0, 1, 0
3, 2, 4, 18, 99937696, 157627669, 1, 1, 1, 1
3, 2, 4, 18, 99937696, 157627669, 1, 0, 1, 0
3, 2, 4, 18, 99937696, 157627669, 0, 1, 1, 1
3, 3, 4, 18, 157627670, 187429175, 15, 1, 52590080, 1
3, 3, 4, 18, 157627670, 187429175, 15, 0, 48450675, 0
3, 3, 4, 18, 157627670, 187429175, 14, 1, 54131930, 1
3, 3, 4, 18, 157627670, 187429175, 14, 0, 51267065, 0
3, 3, 4, 18, 157627670, 187429175, 13, 1, 58141702, 1
3, 3, 4, 18, 157627670, 187429175, 13, 0, 55210686, 0
3, 3, 4, 18, 157627670, 187429175, 12, 1, 60429688, 1
3, 3, 4, 18, 157627670, 187429175, 12, 0, 59811576, 0
3, 3, 4, 18, 157627670, 187429175, 11, 1, 62320655, 1
3, 3, 4, 18, 157627670, 187429175, 11, 0, 59435613, 0
3, 3, 4, 18, 157627670, 187429175, 10, 1, 52278083, 1
3, 3, 4, 18, 157627670, 187429175, 10, 0, 43816718, 0
3, 3, 4, 18, 157627670, 187429175, 9, 1, 48585836, 1
3, 3, 4, 18, 157627670, 187429175, 9, 0, 29273148, 0
3, 3, 4, 18, 157627670, 187429175, 8, 1, 54301817, 1
3, 3, 4, 18, 157627670, 187429175, 8, 0, 32932292, 0
3, 3, 4, 18, 157627670, 187429175, 7, 1, 61542059, 1
3, 3, 4, 18, 157627670, 187429175, 7, 0, 37636905, 0
3, 3, 4, 18, 157627670, 187429175, 6, 1, 62559554, 1
3, 3, 4, 18, 157627670, 187429175, 6, 0, 43909722, 0
3, 3, 4, 18, 157627670, 187429175, 5, 1, 73934018, 1
3, 3, 4, 18, 157627670, 187429175, 5, 0, 52691667, 0
3, 3, 4, 18, 157627670, 187429175, 4, 1, 90363799, 1
3, 3, 4, 18, 157627670, 187429175, 4, 0, 65864583, 0
3, 3, 4, 18, 157627670, 187429175, 3, 1, 83923223, 1
3, 3, 4, 18, 157627670, 187429175, 3, 0, 74160895, 0
3, 3, 4, 18, 157627670, 187429175, 2, 1, 91673760, 1
3, 3, 4, 18, 157627670, 187429175, 2, 0, 56774232, 0
3, 3, 4, 18, 157627670, 187429175, 1, 1, 51793069, 1
3, 3, 4, 18, 157627670, 187429175, 1, 0, 1, 0
3, 3, 4, 18, 157627670, 187429175, 0, 1, 155379205, 1
3, 4, 4, 18, 187429176, 241951064, 15, 1, 270430397, 0
3, 4, 4, 18, 187429176, 241951064, 15, 0, 253885425, 0
3, 4, 4, 18, 187429176, 241951064, 14, 1, 261817403, 0
3, 4, 4, 18, 187429176, 241951064, 14, 0, 245298187, 0
3, 4, 4, 18, 187429176, 241951064, 13, 1, 256812667, 0
3, 4, 4, 18, 187429176, 241951064, 13, 0, 237072979, 0
3, 4, 4, 18, 187429176, 241951064, 12, 1, 260390908, 0
3, 4, 4, 18, 187429176, 241951064, 12, 0, 256829061, 0
3, 4, 4, 18, 187429176, 241951064, 11, 1, 246357330, 0
3, 4, 4, 18, 187429176, 241951064, 11, 0, 241174182, 0
3, 4, 4, 18, 187429176, 241951064, 10, 1, 246724869, 0
3, 4, 4, 18, 187429176, 241951064, 10, 0, 265291600, 0
3, 4, 4, 18, 187429176, 241951064, 9, 1, 239883685, 0
3, 4, 4, 18, 187429176, 241951064, 9, 0, 235491403, 0
3, 4, 4, 18, 187429176, 241951064, 8, 1, 227620747, 0
3, 4, 4, 18, 187429176, 241951064, 8, 0, 223685023, 0
3, 4, 4, 18, 187429176, 241951064, 7, 1, 233862596, 0
3, 4, 4, 18, 187429176, 241951064, 7, 0, 203980916, 0
3, 4, 4, 18, 187429176, 241951064, 6, 1, 227988098, 0
3, 4, 4, 18, 187429176, 241951064, 6, 0, 226452500, 0
3, 4, 4, 18, 187429176, 241951064, 5, 1, 237795885, 0
3, 4, 4, 18, 187429176, 241951064, 5, 0, 271743000, 0
3, 4, 4, 18, 187429176, 241951064, 4, 1, 290639415, 0
3, 4, 4, 18, 187429176, 241951064, 4, 0, 339678750, 0
3, 4, 4, 18, 187429176, 241951064, 3, 1, 237110284, 0
3, 4, 4, 18, 187429176, 241951064, 3, 0, 317551265, 0
3, 4, 4, 18, 187429176, 241951064, 2, 1, 160101423, 0
3, 4, 4, 18, 187429176, 241951064, 2, 0, 239317010, 0
3, 4, 4, 18, 187429176, 241951064, 1, 1, 1, 1
3, 4, 4, 18, 187429176, 241951064, 1, 0, 1, 0
3, 4, 4, 18, 187429176, 241951064, 0, 1, 1, 1
3, 5, 4, 18, 241951065, 315651978, 15, 1, 354783805, 0
3, 5, 4, 18, 241951065, 315651978, 15, 0, 347290457, 0
3, 5, 4, 18, 241951065, 315651978, 14, 1, 345564790, 0
3, 5, 4, 18, 241951065, 315651978, 14, 0, 341176437, 0
3, 5, 4, 18, 241951065, 315651978, 13, 1, 332578885, 0
3, 5, 4, 18, 241951065, 315651978, 13, 0, 316182353, 0
3, 5, 4, 18, 241951065, 315651978, 12, 1, 335912578, 0
3, 5, 4, 18, 241951065, 315651978, 12, 0, 342530882, 0
3, 5, 4, 18, 241951065, 315651978, 11, 1, 323334799, 0
3, 5, 4, 18, 241951065, 315651978, 11, 0, 329323443, 0
3, 5, 4, 18, 241951065, 315651978, 10, 1, 325866538, 0
3, 5, 4, 18, 241951065, 315651978, 10, 0, 357283110, 0
3, 5, 4, 18, 241951065, 315651978, 9, 1, 316005367, 0
3, 5, 4, 18, 241951065, 315651978, 9, 0, 320272738, 0
3, 5, 4, 18, 241951065, 315651978, 8, 1, 294282426, 0
3, 5, 4, 18, 241951065, 315651978, 8, 0, 287278594, 0
3, 5, 4, 18, 241951065, 315651978, 7, 1, 299336615, 0
3, 5, 4, 18, 241951065, 315651978, 7, 0, 255068105, 0
3, 5, 4, 18, 241951065, 315651978, 6, 1, 294491970, 0
3, 5, 4, 18, 241951065, 315651978, 6, 0, 276257557, 0
3, 5, 4, 18, 241951065, 315651978, 5, 1, 311047735, 0
3, 5, 4, 18, 241951065, 315651978, 5, 0, 331509068, 0
3, 5, 4, 18, 241951065, 315651978, 4, 1, 380169454, 0
3, 5, 4, 18, 241951065, 315651978, 4, 0, 414386335, 0
3, 5, 4, 18, 241951065, 315651978, 3, 1, 325209333, 0
3, 5, 4, 18, 241951065, 315651978, 3, 0, 397568052, 0
3, 5, 4, 18, 241951065, 315651978, 2, 1, 193576129, 0
3, 5, 4, 18, 241951065, 315651978, 2, 0, 268707000, 0
3, 5, 4, 18, 241951065, 315651978, 1, 1, 1, 1
3, 5, 4, 18, 241951065, 315651978, 1, 0, 1, 0
3, 5, 4, 18, 241951065, 315651978, 0, 1, 1, 1
3, 6, 4, 18, 315651979, 359767943, 15, 1, 59309719, 0
3, 6, 4, 18, 315651979, 359767943, 15, 0, 69874570, 0
3, 6, 4, 18, 315651979, 359767943, 14, 1, 60416882, 0
3, 6, 4, 18, 315651979, 359767943, 14, 0, 74865611, 0
3, 6, 4, 18, 315651979, 359767943, 13, 1, 60027371, 0
3, 6, 4, 18, 315651979, 359767943, 13, 0, 71586807, 0
3, 6, 4, 18, 315651979, 359767943, 12, 1, 59410701, 0
3, 6, 4, 18, 315651979, 359767943, 12, 0, 74025937, 0
3, 6, 4, 18, 315651979, 359767943, 11, 1, 59193999, 0
3, 6, 4, 18, 315651979, 359767943, 11, 0, 78991040, 0
3, 6, 4, 18, 315651979, 359767943, 10, 1, 53751334, 0
3, 6, 4, 18, 315651979, 359767943, 10, 0, 69516873, 0
3, 6, 4, 18, 315651979, 359767943, 9, 1, 54731474, 0
3, 6, 4, 18, 315651979, 359767943, 9, 0, 67365413, 0
3, 6, 4, 18, 315651979, 359767943, 8, 1, 54371814, 0
3, 6, 4, 18, 315651979, 359767943, 8, 0, 73529015, 0
3, 6, 4, 18, 315651979, 359767943, 7, 1, 49128044, 0
3, 6, 4, 18, 315651979, 359767943, 7, 0, 64371230, 0
3, 6, 4, 18, 315651979, 359767943, 6, 1, 46032084, 0
3, 6, 4, 18, 315651979, 359767943, 6, 0, 52015841, 0
3, 6, 4, 18, 315651979, 359767943, 5, 1, 45179673, 0
3, 6, 4, 18, 315651979, 359767943, 5, 0, 62419009, 0
3, 6, 4, 18, 315651979, 359767943, 4, 1, 40305486, 0
3, 6, 4, 18, 315651979, 359767943, 4, 0, 73521544, 0
3, 6, 4, 18, 315651979, 359767943, 3, 1, 26295223, 0
3, 6, 4, 18, 315651979, 359767943, 3, 0, 61355520, 0
3, 6, 4, 18, 315651979, 359767943, 2, 1, 9877080, 0
3, 6, 4, 18, 315651979, 359767943, 2, 0, 24692699, 0
3, 6, 4, 18, 315651979, 359767943, 1, 1, 1, 1
3, 6, 4, 18, 315651979, 359767943, 1, 0, 1, 0
3, 6, 4, 18, 315651979, 359767943, 0, 1, 1, 1
3, 7, 4, 18, 359767944, 431895940, 15, 1, 216751681, 0
3, 7, 4, 18, 359767944, 431895940, 15, 0, 246857798, 0
3, 7, 4, 18, 359767944, 431895940, 14, 1, 209696729, 0
3, 7, 4, 18, 359767944, 431895940, 14, 0, 246160088, 0
3, 7, 4, 18, 359767944, 431895940, 13, 1, 196818720, 0
3, 7, 4, 18, 359767944, 431895940, 13, 0, 234796409, 0
3, 7, 4, 18, 359767944, 431895940, 12, 1, 187683566, 0
3, 7, 4, 18, 359767944, 431895940, 12, 0, 229473010, 0
3, 7, 4, 18, 359767944, 431895940, 11, 1, 190546167, 0
3, 7, 4, 18, 359767944, 431895940, 11, 0, 222195347, 0
3, 7, 4, 18, 359767944, 431895940, 10, 1, 197341291, 0
3, 7, 4, 18, 359767944, 431895940, 10, 0, 244414882, 0
3, 7, 4, 18, 359767944, 431895940, 9, 1, 186296136, 0
3, 7, 4, 18, 359767944, 431895940, 9, 0, 227831395, 0
3, 7, 4, 18, 359767944, 431895940, 8, 1, 176523626, 0
3, 7, 4, 18, 359767944, 431895940, 8, 0, 215443722, 0
3, 7, 4, 18, 359767944, 431895940, 7, 1, 181379183, 0
3, 7, 4, 18, 359767944, 431895940, 7, 0, 206190842, 0
3, 7, 4, 18, 359767944, 431895940, 6, 1, 165633567, 0
3, 7, 4, 18, 359767944, 431895940, 6, 0, 177987064, 0
3, 7, 4, 18, 359767944, 431895940, 5, 1, 164743840, 0
3, 7, 4, 18, 359767944, 431895940, 5, 0, 213584477, 0
3, 7, 4, 18, 359767944, 431895940, 4, 1, 201353582, 0
3, 7, 4, 18, 359767944, 431895940, 4, 0, 266980596, 0
3, 7, 4, 18, 359767944, 431895940, 3, 1, 141490041, 0
3, 7, 4, 18, 359767944, 431895940, 3, 0, 220758986, 0
3, 7, 4, 18, 359767944, 431895940, 2, 1, 85062762, 0
3, 7, 4, 18, 359767944, 431895940, 2, 0, 141228628, 0
3, 7, 4, 18, 359767944, 431895940, 1, 1, 1, 1
3, 7, 4, 18, 359767944, 431895940, 1, 0, 1, 0
3, 7, 4, 18, 359767944, 431895940, 0, 1, 1, 1
3, 8, 4, 18, 431895941, 486353287, 15, 1, 19631659, 0
3, 8, 4, 18, 431895941, 486353287, 15, 0, 17135377, 0
3, 8, 4, 18, 431895941, 486353287, 14, 1, 18042812, 0
3, 8, 4, 18, 431895941, 486353287, 14, 0, 18359332, 0
3, 8, 4, 18, 431895941, 486353287, 13, 1, 18144037, 0
3, 8, 4, 18, 431895941, 486353287, 13, 0, 17206007, 0
3, 8, 4, 18, 431895941, 486353287, 12, 1, 19405930, 0
3, 8, 4, 18, 431895941, 486353287, 12, 0, 18244779, 0
3, 8, 4, 18, 431895941, 486353287, 11, 1, 18389937, 0
3, 8, 4, 18, 431895941, 486353287, 11, 0, 19903395, 0
3, 8, 4, 18, 431895941, 486353287, 10, 1, 17875964, 0
3, 8, 4, 18, 431895941, 486353287, 10, 0, 21893735, 0
3, 8, 4, 18, 431895941, 486353287, 9, 1, 11810214, 0
3, 8, 4, 18, 431895941, 486353287, 9, 0, 16172364, 0
3, 8, 4, 18, 431895941, 486353287, 8, 1, 13199651, 0
3, 8, 4, 18, 431895941, 486353287, 8, 0, 18193909, 0
3, 8, 4, 18, 431895941, 486353287, 7, 1, 14959604, 0
3, 8, 4, 18, 431895941, 486353287, 7, 0, 20793039, 0
3, 8, 4, 18, 431895941, 486353287, 6, 1, 15708773, 0
3, 8, 4, 18, 431895941, 486353287, 6, 0, 20895211, 0
3, 8, 4, 18, 431895941, 486353287, 5, 1, 14166767, 0
3, 8, 4, 18, 431895941, 486353287, 5, 0, 15398330, 0
3, 8, 4, 18, 431895941, 486353287, 4, 1, 17314937, 0
3, 8, 4, 18, 431895941, 486353287, 4, 0, 19247913, 0
3, 8, 4, 18, 431895941, 486353287, 3, 1, 3112221, 0
3, 8, 4, 18, 431895941, 486353287, 3, 0, 7246720, 0
3, 8, 4, 18, 431895941, 486353287, 2, 1, 9077, 1
3, 8, 4, 18, 431895941, 486353287, 2, 0, 1, 0
3, 8, 4, 18, 431895941, 486353287, 1, 1, 15129, 1
3, 8, 4, 18, 431895941, 486353287, 1, 0, 1, 0
3, 8, 4, 18, 431895941, 486353287, 0, 1, 1, 1
3, 9, 4, 18, 486353288, 563273888, 15, 1, 71225442, 0
3, 9, 4, 18, 486353288, 563273888, 15, 0, 116319484, 0
3, 9, 4, 18, 486353288, 563273888, 14, 1, 59166793, 0
3, 9, 4, 18, 486353288, 563273888, 14, 0, 122559785, 0
3, 9, 4, 18, 486353288, 563273888, 13, 1, 46506026, 0
3, 9, 4, 18, 486353288, 563273888, 13, 0, 96589438, 0
3, 9, 4, 18, 486353288, 563273888, 12, 1, 50226508, 0
3, 9, 4, 18, 486353288, 563273888, 12, 0, 104638557, 0
3, 9, 4, 18, 486353288, 563273888, 11, 1, 54594030, 0
3, 9, 4, 18, 486353288, 563273888, 11, 0, 114151153, 0
3, 9, 4, 18, 486353288, 563273888, 10, 1, 59793462, 0
3, 9, 4, 18, 486353288, 563273888, 10, 0, 125566269, 0
3, 9, 4, 18, 486353288, 563273888, 9, 1, 39721654, 0
3, 9, 4, 18, 486353288, 563273888, 9, 0, 83856825, 0
3, 9, 4, 18, 486353288, 563273888, 8, 1, 19633147, 0
3, 9, 4, 18, 486353288, 563273888, 8, 0, 41720436, 0
3, 9, 4, 18, 486353288, 563273888, 7, 1, 22250899, 0
3, 9, 4, 18, 486353288, 563273888, 7, 0, 47680498, 0
3, 9, 4, 18, 486353288, 563273888, 6, 1, 1, 1
3, 9, 4, 18, 486353288, 563273888, 6, 0, 1, 0
3, 9, 4, 18, 486353288, 563273888, 5, 1, 1, 1
3, 9, 4, 18, 486353288, 563273888, 5, 0, 1, 0
3, 9, 4, 18, 486353288, 563273888, 4, 1, 1, 1
3, 9, 4, 18, 486353288, 563273888, 4, 0, 1, 0
3, 9, 4, 18, 486353288, 563273888, 3, 1, 1, 1
3, 9, 4, 18, 486353288, 563273888, 3, 0, 1, 0
3, 9, 4, 18, 486353288, 563273888, 2, 1, 1, 1
3, 9, 4, 18, 486353288, 563273888, 2, 0, 1, 0
3, 9, 4, 18, 486353288, 563273888, 1, 1, 1, 1
3, 9, 4, 18, 486353288, 563273888, 1, 0, 1, 0
3, 9, 4, 18, 486353288, 563273888, 0, 1, 1, 1
3, 10, 4, 18, 563273889, 816482580, 15, 1, 5423311, 0
3, 10, 4, 18, 563273889, 816482580, 15, 0, 11208176, 0
3, 10, 4, 18, 563273889, 816482580, 14, 1, 2898667, 0
3, 10, 4, 18, 563273889, 816482580, 14, 0, 6004380, 0
3, 10, 4, 18, 563273889, 816482580, 13, 1, 1, 1
3, 10, 4, 18, 563273889, 816482580, 13, 0, 1, 0
3, 10, 4, 18, 563273889, 816482580, 12, 1, 1, 1
3, 10, 4, 18, 563273889, 816482580, 12, 0, 1, 0
3, 10, 4, 18, 563273889, 816482580, 11, 1, 1, 1
3, 10, 4, 18, 563273889, 816482580, 11, 0, 1, 0
3, 10, 4, 18, 563273889, 816482580, 10, 1, 1, 1
3, 10, 4, 18, 563273889, 816482580, 10, 0, 1, 0
3, 10, 4, 18, 563273889, 816482580, 9, 1, 1, 1
3, 10, 4, 18, 563273889, 816482580, 9, 0, 1, 0
3, 10, 4, 18, 563273889, 816482580, 8, 1, 1, 1
3, 10, 4, 18, 563273889, 816482580, 8, 0, 1, 0
3, 10, 4, 18, 563273889, 816482580, 7, 1, 1, 1
3, 10, 4, 18, 563273889, 816482580, 7, 0, 1, 0
3, 10, 4, 18, 563273889, 816482580, 6, 1, 1, 1
3, 10, 4, 18, 563273889, 816482580, 6, 0, 1, 0
3, 10, 4, 18, 563273889, 816482580, 5, 1, 1, 1
3, 10, 4, 18, 563273889, 816482580, 5, 0, 1, 0
3, 10, 4, 18, 563273889, 816482580, 4, 1, 1, 1
3, 10, 4, 18, 563273889, 816482580, 4, 0, 1, 0
3, 10, 4, 18, 563273889, 816482580, 3, 1, 1, 1
3, 10, 4, 18, 563273889, 816482580, 3, 0, 1, 0
3, 10, 4, 18, 563273889, 816482580, 2, 1, 1, 1
3, 10, 4, 18, 563273889, 816482580, 2, 0, 1, 0
3, 10, 4, 18, 563273889, 816482580, 1, 1, 1, 1
3, 10, 4, 18, 563273889, 816482580, 1, 0, 1, 0
3, 10, 4, 18, 563273889, 816482580, 0, 1, 1, 1
3, 11, 4, 18, 816482581, 847436901, 15, 1, 1, 1
3, 11, 4, 18, 816482581, 847436901, 15, 0, 1, 0
3, 11, 4, 18, 816482581, 847436901, 14, 1, 1, 1
3, 11, 4, 18, 816482581, 847436901, 14, 0, 1, 0
3, 11, 4, 18, 816482581, 847436901, 13, 1, 1, 1
3, 11, 4, 18, 816482581, 847436901, 13, 0, 1, 0
3, 11, 4, 18, 816482581, 847436901, 12, 1, 1, 1
3, 11, 4, 18, 816482581, 847436901, 12, 0, 1, 0
3, 11, 4, 18, 816482581, 847436901, 11, 1, 1, 1
3, 11, 4, 18, 816482581, 847436901, 11, 0, 1, 0
3, 11, 4, 18, 816482581, 847436901, 10, 1, 1, 1
3, 11, 4, 18, 816482581, 847436901, 10, 0, 1, 0
3, 11, 4, 18, 816482581, 847436901, 9, 1, 1, 1
3, 11, 4, 18, 816482581, 847436901, 9, 0, 1, 0
3, 11, 4, 18, 816482581, 847436901, 8, 1, 1, 1
3, 11, 4, 18, 816482581, 847436901, 8, 0, 1, 0
3, 11, 4, 18, 816482581, 847436901, 7, 1, 1, 1
3, 11, 4, 18, 816482581, 847436901, 7, 0, 1, 0
3, 11, 4, 18, 816482581, 847436901, 6, 1, 1, 1
3, 11, 4, 18, 816482581, 847436901, 6, 0, 1, 0
3, 11, 4, 18, 816482581, 847436901, 5, 1, 1, 1
3, 11, 4, 18, 816482581, 847436901, 5, 0, 1, 0
3, 11, 4, 18, 816482581, 847436901, 4, 1, 1, 1
3, 11, 4, 18, 816482581, 847436901, 4, 0, 1, 0
3, 11, 4, 18, 816482581, 847436901, 3, 1, 1, 1
3, 11, 4, 18, 816482581, 847436901, 3, 0, 1, 0
3, 11, 4, 18, 816482581, 847436901, 2, 1, 1, 1
3, 11, 4, 18, 816482581, 847436901, 2, 0, 1, 0
3, 11, 4, 18, 816482581, 847436901, 1, 1, 1, 1
3, 11, 4, 18, 816482581, 847436901, 1, 0, 1, 0
3, 11, 4, 18, 816482581, 847436901, 0, 1, 1, 1
3, 12, 4, 18, 847436902, 1133188723, 15, 1, 11342020, 1
3, 12, 4, 18, 847436902, 1133188723, 15, 0, 1, 0
3, 12, 4, 18, 847436902, 1133188723, 14, 1, 12124228, 1
3, 12, 4, 18, 847436902, 1133188723, 14, 0, 1, 0
3, 12, 4, 18, 847436902, 1133188723, 13, 1, 13022319, 1
3, 12, 4, 18, 847436902, 1133188723, 13, 0, 1, 0
3, 12, 4, 18, 847436902, 1133188723, 12, 1, 14064104, 1
3, 12, 4, 18, 847436902, 1133188723, 12, 0, 1, 0
3, 12, 4, 18, 847436902, 1133188723, 11, 1, 15287070, 1
3, 12, 4, 18, 847436902, 1133188723, 11, 0, 1, 0
3, 12, 4, 18, 847436902, 1133188723, 10, 1, 16742981, 1
3, 12, 4, 18, 847436902, 1133188723, 10, 0, 1, 0
3, 12, 4, 18, 847436902, 1133188723, 9, 1, 18505400, 1
3, 12, 4, 18, 847436902, 1133188723, 9, 0, 1, 0
3, 12, 4, 18, 847436902, 1133188723, 8, 1, 20682506, 1
3, 12, 4, 18, 847436902, 1133188723, 8, 0, 1, 0
3, 12, 4, 18, 847436902, 1133188723, 7, 1, 23440173, 1
3, 12, 4, 18, 847436902, 1133188723, 7, 0, 1, 0
3, 12, 4, 18, 847436902, 1133188723, 6, 1, 27046354, 1
3, 12, 4, 18, 847436902, 1133188723, 6, 0, 1, 0
3, 12, 4, 18, 847436902, 1133188723, 5, 1, 31963873, 1
3, 12, 4, 18, 847436902, 1133188723, 5, 0, 1, 0
3, 12, 4, 18, 847436902, 1133188723, 4, 1, 39066955, 1
3, 12, 4, 18, 847436902, 1133188723, 4, 0, 1, 0
3, 12, 4, 18, 847436902, 1133188723, 3, 1, 50228943, 1
3, 12, 4, 18, 847436902, 1133188723, 3, 0, 1, 0
3, 12, 4, 18, 847436902, 1133188723, 2, 1, 70320519, 1
3, 12, 4, 18, 847436902, 1133188723, 2, 0, 1, 0
3, 12, 4, 18, 847436902, 1133188723, 1, 1, 117200865, 1
3, 12, 4, 18, 847436902, 1133188723, 1, 0, 1, 0
3, 12, 4, 18, 847436902, 1133188723, 0, 1, 1, 1
3, 13, 4, 18, 1133188724, 1676918376, 15, 1, 56335418, 0
3, 13, 4, 18, 1133188724, 1676918376, 15, 0, 51356307, 0
3, 13, 4, 18, 1133188724, 1676918376, 14, 1, 60220620, 0
3, 13, 4, 18, 1133188724, 1676918376, 14, 0, 55024615, 0
3, 13, 4, 18, 1133188724, 1676918376, 13, 1, 64681406, 0
3, 13, 4, 18, 1133188724, 1676918376, 13, 0, 59257277, 0
3, 13, 4, 18, 1133188724, 1676918376, 12, 1, 53680921, 0
3, 13, 4, 18, 1133188724, 1676918376, 12, 0, 40663296, 0
3, 13, 4, 18, 1133188724, 1676918376, 11, 1, 58348827, 0
3, 13, 4, 18, 1133188724, 1676918376, 11, 0, 44359959, 0
3, 13, 4, 18, 1133188724, 1676918376, 10, 1, 58096816, 0
3, 13, 4, 18, 1133188724, 1676918376, 10, 0, 36596966, 0
3, 13, 4, 18, 1133188724, 1676918376, 9, 1, 51371230, 0
3, 13, 4, 18, 1133188724, 1676918376, 9, 0, 27108864, 0
3, 13, 4, 18, 1133188724, 1676918376, 8, 1, 57414904, 0
3, 13, 4, 18, 1133188724, 1676918376, 8, 0, 30497472, 0
3, 13, 4, 18, 1133188724, 1676918376, 7, 1, 56937565, 0
3, 13, 4, 18, 1133188724, 1676918376, 7, 0, 34854254, 0
3, 13, 4, 18, 1133188724, 1676918376, 6, 1, 56313353, 0
3, 13, 4, 18, 1133188724, 1676918376, 6, 0, 40663296, 0
3, 13, 4, 18, 1133188724, 1676918376, 5, 1, 55462155, 0
3, 13, 4, 18, 1133188724, 1676918376, 5, 0, 24397978, 0
3, 13, 4, 18, 1133188724, 1676918376, 4, 1, 40678214, 1
3, 13, 4, 18, 1133188724, 1676918376, 4, 0, 1, 0
3, 13, 4, 18, 1133188724, 1676918376, 3, 1, 52300561, 1
3, 13, 4, 18, 1133188724, 1676918376, 3, 0, 1, 0
3, 13, 4, 18, 1133188724, 1676918376, 2, 1, 73220785, 1
3, 13, 4, 18, 1133188724, 1676918376, 2, 0, 1, 0
3, 13, 4, 18, 1133188724, 1676918376, 1, 1, 122034642, 1
3, 13, 4, 18, 1133188724, 1676918376, 1, 0, 1, 0
3, 13, 4, 18, 1133188724, 1676918376, 0, 1, 1, 1
3, 14, 4, 18, 1676918377, 1689934619, 15, 1, 326993298, 0
3, 14, 4, 18, 1676918377, 1689934619, 15, 0, 358216532, 0
3, 14, 4, 18, 1676918377, 1689934619, 14, 1, 337866454, 0
3, 14, 4, 18, 1676918377, 1689934619, 14, 0, 359613065, 0
3, 14, 4, 18, 1676918377, 1689934619, 13, 1, 332021221, 0
3, 14, 4, 18, 1676918377, 1689934619, 13, 0, 355573775, 0
3, 14, 4, 18, 1676918377, 1689934619, 12, 1, 331602619, 0
3, 14, 4, 18, 1676918377, 1689934619, 12, 0, 354490771, 0
3, 14, 4, 18, 1676918377, 1689934619, 11, 1, 333051027, 0
3, 14, 4, 18, 1676918377, 1689934619, 11, 0, 352720324, 0
3, 14, 4, 18, 1676918377, 1689934619, 10, 1, 330301118, 0
3, 14, 4, 18, 1676918377, 1689934619, 10, 0, 353997577, 0
3, 14, 4, 18, 1676918377, 1689934619, 9, 1, 327903881, 0
3, 14, 4, 18, 1676918377, 1689934619, 9, 0, 355573565, 0
3, 14, 4, 18, 1676918377, 1689934619, 8, 1, 324446629, 0
3, 14, 4, 18, 1676918377, 1689934619, 8, 0, 356130579, 0
3, 14, 4, 18, 1676918377, 1689934619, 7, 1, 323614410, 0
3, 14, 4, 18, 1676918377, 1689934619, 7, 0, 349912560, 0
3, 14, 4, 18, 1676918377, 1689934619, 6, 1, 321283604, 0
3, 14, 4, 18, 1676918377, 1689934619, 6, 0, 350282973, 0
3, 14, 4, 18, 1676918377, 1689934619, 5, 1, 313703684, 0
3, 14, 4, 18, 1676918377, 1689934619, 5, 0, 344486881, 0
3, 14, 4, 18, 1676918377, 1689934619, 4, 1, 301392467, 0
3, 14, 4, 18, 1676918377, 1689934619, 4, 0, 342574810, 0
3, 14, 4, 18, 1676918377, 1689934619, 3, 1, 279666022, 0
3, 14, 4, 18, 1676918377, 1689934619, 3, 0, 338327418, 0
3, 14, 4, 18, 1676918377, 1689934619, 2, 1, 265381450, 0
3, 14, 4, 18, 1676918377, 1689934619, 2, 0, 340630008, 0
3, 14, 4, 18, 1676918377, 1689934619, 1, 1, 205350637, 0
3, 14, 4, 18, 1676918377, 1689934619, 1, 0, 310570243, 0
3, 14, 4, 18, 1676918377, 1689934619, 0, 1, 1, 1
3, 15, 4, 18, 1689934620, 1748486390, 15, 1, 333008874, 0
3, 15, 4, 18, 1689934620, 1748486390, 15, 0, 363894219, 0
3, 15, 4, 18, 1689934620, 1748486390, 14, 1, 342241858, 0
3, 15, 4, 18, 1689934620, 1748486390, 14, 0, 361439434, 0
3, 15, 4, 18, 1689934620, 1748486390, 13, 1, 341931345, 0
3, 15, 4, 18, 1689934620, 1748486390, 13, 0, 364633608, 0
3, 15, 4, 18, 1689934620, 1748486390, 12, 1, 338065446, 0
3, 15, 4, 18, 1689934620, 1748486390, 12, 0, 359612670, 0
3, 15, 4, 18, 1689934620, 1748486390, 11, 1, 337763570, 0
3, 15, 4, 18, 1689934620, 1748486390, 11, 0, 353473107, 0
3, 15, 4, 18, 1689934620, 1748486390, 10, 1, 336072542, 0
3, 15, 4, 18, 1689934620, 1748486390, 10, 0, 348709538, 0
3, 15, 4, 18, 1689934620, 1748486390, 9, 1, 333461667, 0
3, 15, 4, 18, 1689934620, 1748486390, 9, 0, 348308127, 0
3, 15, 4, 18, 1689934620, 1748486390, 8, 1, 329013185, 0
3, 15, 4, 18, 1689934620, 1748486390, 8, 0, 348837675, 0
3, 15, 4, 18, 1689934620, 1748486390, 7, 1, 325725469, 0
3, 15, 4, 18, 1689934620, 1748486390, 7, 0, 340061031, 0
3, 15, 4, 18, 1689934620, 1748486390, 6, 1, 317640986, 0
3, 15, 4, 18, 1689934620, 1748486390, 6, 0, 331100017, 0
3, 15, 4, 18, 1689934620, 1748486390, 5, 1, 309362340, 0
3, 15, 4, 18, 1689934620, 1748486390, 5, 0, 327359226, 0
3, 15, 4, 18, 1689934620, 1748486390, 4, 1, 300884062, 0
3, 15, 4, 18, 1689934620, 1748486390, 4, 0, 327668179, 0
3, 15, 4, 18, 1689934620, 1748486390, 3, 1, 283690865, 0
3, 15, 4, 18, 1689934620, 1748486390, 3, 0, 333529378, 0
3, 15, 4, 18, 1689934620, 1748486390, 2, 1, 274271981, 0
3, 15, 4, 18, 1689934620, 1748486390, 2, 0, 337883882, 0
3, 15, 4, 18, 1689934620, 1748486390, 1, 1, 215411773, 0
3, 15, 4, 18, 1689934620, 1748486390, 1, 0, 291843150, 0
3, 15, 4, 18, 1689934620, 1748486390, 0, 1, 1, 1
3, 16, 4, 18, 1748486391, 1753043203, 15, 1, 26144815, 1
3, 16, 4, 18, 1748486391, 1753043203, 15, 0, 26182439, 0
3, 16, 4, 18, 1748486391, 1753043203, 14, 1, 25923514, 1
3, 16, 4, 18, 1748486391, 1753043203, 14, 0, 26669925, 0
3, 16, 4, 18, 1748486391, 1753043203, 13, 1, 25834415, 1
3, 16, 4, 18, 1748486391, 1753043203, 13, 0, 28674709, 0
3, 16, 4, 18, 1748486391, 1753043203, 12, 1, 25930673, 1
3, 16, 4, 18, 1748486391, 1753043203, 12, 0, 26959069, 0
3, 16, 4, 18, 1748486391, 1753043203, 11, 1, 25809068, 1
3, 16, 4, 18, 1748486391, 1753043203, 11, 0, 24440963, 0
3, 16, 4, 18, 1748486391, 1753043203, 10, 1, 27284201, 1
3, 16, 4, 18, 1748486391, 1753043203, 10, 0, 24821023, 0
3, 16, 4, 18, 1748486391, 1753043203, 9, 1, 26601755, 1
3, 16, 4, 18, 1748486391, 1753043203, 9, 0, 25300443, 0
3, 16, 4, 18, 1748486391, 1753043203, 8, 1, 25677229, 1
3, 16, 4, 18, 1748486391, 1753043203, 8, 0, 25367461, 0
3, 16, 4, 18, 1748486391, 1753043203, 7, 1, 23744242, 1
3, 16, 4, 18, 1748486391, 1753043203, 7, 0, 17512917, 0
3, 16, 4, 18, 1748486391, 1753043203, 6, 1, 24403785, 1
3, 16, 4, 18, 1748486391, 1753043203, 6, 0, 15701295, 0
3, 16, 4, 18, 1748486391, 1753043203, 5, 1, 23579747, 1
3, 16, 4, 18, 1748486391, 1753043203, 5, 0, 12742248, 0
3, 16, 4, 18, 1748486391, 1753043203, 4, 1, 22551435, 1
3, 16, 4, 18, 1748486391, 1753043203, 4, 0, 14223816, 0
3, 16, 4, 18, 1748486391, 1753043203, 3, 1, 17531042, 1
3, 16, 4, 18, 1748486391, 1753043203, 3, 0, 18965088, 0
3, 16, 4, 18, 1748486391, 1753043203, 2, 1, 23440873, 1
3, 16, 4, 18, 1748486391, 1753043203, 2, 0, 25691167, 0
3, 16, 4, 18, 1748486391, 1753043203, 1, 1, 14987970, 1
3, 16, 4, 18, 1748486391, 1753043203, 1, 0, 1, 0
3, 16, 4, 18, 1748486391, 1753043203, 0, 1, 44963908, 1
