1,1.0,99906797.0,2073895792.6107457
2,99906798.0,140549845.0,3387481075.3199306
3,140549846.0,171966764.0,3140493327.9608645
4,171966765.0,206416064.0,3271813642.2723475
5,206416065.0,278327136.0,3133867158.4651227
6,278327137.0,313256459.0,3359645077.2581515
7,313256460.0,405579961.0,3261031908.8400354
8,405579962.0,425982918.0,3332314295.0629463
9,425982919.0,452896750.0,3684355303.7039895
10,452896751.0,519381906.0,3309201686.2931247
11,519381907.0,563049342.0,3410905607.8716726
12,563049343.0,677471569.0,3229957128.990379
13,677471570.0,711679703.0,4049069127.145227
14,711679704.0,735013257.0,3380841605.9360905
15,735013258.0,776482223.0,3451064900.717658
16,776482224.0,847383961.0,3289594054.0276585
17,847383962.0,921806288.0,3441169831.738026
18,921806289.0,946172525.0,3980101022.068569
19,946172526.0,1034164625.0,3298435073.13956
20,1034164626.0,1071348501.0,3850011003.572125
21,1071348502.0,1102587292.0,3706582843.680494
22,1102587293.0,1207427118.0,3836817043.3023167
23,1207427119.0,1287343921.0,3646897328.5099487
24,1287343922.0,1317890561.0,3811072313.865929
25,1317890562.0,1335763578.0,3125810373.0512085
26,1335763579.0,1381113672.0,3425240994.1328397
27,1381113673.0,1486913544.0,3113197949.105785
28,1486913545.0,1526118423.0,3194017340.5310273
29,1526118424.0,1546246151.0,3816189529.1346483
30,1546246152.0,1601313491.0,3209096761.1203003
31,1601313492.0,1731171690.0,3520182751.6599984
32,1731171691.0,1750409139.0,3632270890.196795
33,1750409140.0,1790295143.0,3392984776.401079
34,1790295144.0,1812511149.0,3670800525.778055
35,1812511150.0,1880555463.0,4024627005.6985126
36,1880555464.0,1911426823.0,4156153841.193153
37,1911426824.0,1931083041.0,3789189991.9429975
38,1931083042.0,1965688236.0,3454043019.27466
39,1965688237.0,2153423965.0,3697386388.8298593
40,2153423966.0,2188776987.0,3104309295.482221
41,2188776988.0,2196025834.0,3404426399.668525
