0, 1, 3, 19, 1, 99783406, 16, 0, 1, 0
0, 1, 3, 19, 1, 99783406, 15, 0, 1, 0
0, 1, 3, 19, 1, 99783406, 14, 0, 1, 0
0, 1, 3, 19, 1, 99783406, 13, 0, 1, 0
0, 1, 3, 19, 1, 99783406, 12, 0, 1, 0
0, 1, 3, 19, 1, 99783406, 11, 0, 1, 0
0, 1, 3, 19, 1, 99783406, 10, 0, 1, 0
0, 1, 3, 19, 1, 99783406, 9, 0, 1, 0
0, 1, 3, 19, 1, 99783406, 8, 0, 1, 0
0, 1, 3, 19, 1, 99783406, 7, 0, 1, 0
0, 1, 3, 19, 1, 99783406, 6, 0, 1, 0
0, 1, 3, 19, 1, 99783406, 5, 0, 1, 0
0, 1, 3, 19, 1, 99783406, 4, 0, 1, 0
0, 1, 3, 19, 1, 99783406, 3, 0, 1, 0
0, 1, 3, 19, 1, 99783406, 2, 0, 1, 0
0, 1, 3, 19, 1, 99783406, 1, 0, 1, 0
0, 2, 3, 19, 99783407, 141921479, 16, 0, 17635998, 0
0, 2, 3, 19, 99783407, 141921479, 15, 0, 18811732, 0
0, 2, 3, 19, 99783407, 141921479, 14, 0, 20155427, 0
0, 2, 3, 19, 99783407, 141921479, 13, 0, 21705844, 0
0, 2, 3, 19, 99783407, 141921479, 12, 0, 23514664, 0
0, 2, 3, 19, 99783407, 141921479, 11, 0, 25652361, 0
0, 2, 3, 19, 99783407, 141921479, 10, 0, 28217597, 0
0, 2, 3, 19, 99783407, 141921479, 9, 0, 31352886, 0
0, 2, 3, 19, 99783407, 141921479, 8, 0, 29259032, 0
0, 2, 3, 19, 99783407, 141921479, 7, 0, 26097049, 0
0, 2, 3, 19, 99783407, 141921479, 6, 0, 23239286, 0
0, 2, 3, 19, 99783407, 141921479, 5, 0, 18733582, 0
0, 2, 3, 19, 99783407, 141921479, 4, 0, 19666359, 0
0, 2, 3, 19, 99783407, 141921479, 3, 0, 26221811, 0
0, 2, 3, 19, 99783407, 141921479, 2, 0, 24584916, 0
0, 2, 3, 19, 99783407, 141921479, 1, 0, 14177204, 0
0, 3, 3, 19, 141921480, 172408450, 16, 0, 33620701, 0
0, 3, 3, 19, 141921480, 172408450, 15, 0, 35862081, 0
0, 3, 3, 19, 141921480, 172408450, 14, 0, 38423658, 0
0, 3, 3, 19, 141921480, 172408450, 13, 0, 41379324, 0
0, 3, 3, 19, 141921480, 172408450, 12, 0, 44827601, 0
0, 3, 3, 19, 141921480, 172408450, 11, 0, 48902837, 0
0, 3, 3, 19, 141921480, 172408450, 10, 0, 53793121, 0
0, 3, 3, 19, 141921480, 172408450, 9, 0, 59770135, 0
0, 3, 3, 19, 141921480, 172408450, 8, 0, 57008334, 0
0, 3, 3, 19, 141921480, 172408450, 7, 0, 56688564, 0
0, 3, 3, 19, 141921480, 172408450, 6, 0, 55686652, 0
0, 3, 3, 19, 141921480, 172408450, 5, 0, 59723443, 0
0, 3, 3, 19, 141921480, 172408450, 4, 0, 59930058, 0
0, 3, 3, 19, 141921480, 172408450, 3, 0, 62522858, 0
0, 3, 3, 19, 141921480, 172408450, 2, 0, 66542569, 0
0, 3, 3, 19, 141921480, 172408450, 1, 0, 71452885, 0
0, 4, 3, 19, 172408451, 206210916, 16, 0, 47958509, 0
0, 4, 3, 19, 172408451, 206210916, 15, 0, 45732026, 0
0, 4, 3, 19, 172408451, 206210916, 14, 0, 48998599, 0
0, 4, 3, 19, 172408451, 206210916, 13, 0, 47496113, 0
0, 4, 3, 19, 172408451, 206210916, 12, 0, 46388588, 0
0, 4, 3, 19, 172408451, 206210916, 11, 0, 45301731, 0
0, 4, 3, 19, 172408451, 206210916, 10, 0, 45608096, 0
0, 4, 3, 19, 172408451, 206210916, 9, 0, 50675662, 0
0, 4, 3, 19, 172408451, 206210916, 8, 0, 50765655, 0
0, 4, 3, 19, 172408451, 206210916, 7, 0, 50796509, 0
0, 4, 3, 19, 172408451, 206210916, 6, 0, 52628879, 0
0, 4, 3, 19, 172408451, 206210916, 5, 0, 54571495, 0
0, 4, 3, 19, 172408451, 206210916, 4, 0, 54269313, 0
0, 4, 3, 19, 172408451, 206210916, 3, 0, 52857794, 0
0, 4, 3, 19, 172408451, 206210916, 2, 0, 60597735, 0
0, 4, 3, 19, 172408451, 206210916, 1, 0, 63809250, 0
0, 5, 3, 19, 206210917, 274999095, 16, 0, 9942570, 0
0, 5, 3, 19, 206210917, 274999095, 15, 0, 10605407, 0
0, 5, 3, 19, 206210917, 274999095, 14, 0, 11362937, 0
0, 5, 3, 19, 206210917, 274999095, 13, 0, 12237009, 0
0, 5, 3, 19, 206210917, 274999095, 12, 0, 13256759, 0
0, 5, 3, 19, 206210917, 274999095, 11, 0, 14461919, 0
0, 5, 3, 19, 206210917, 274999095, 10, 0, 15908111, 0
0, 5, 3, 19, 206210917, 274999095, 9, 0, 17675679, 0
0, 5, 3, 19, 206210917, 274999095, 8, 0, 13832206, 0
0, 5, 3, 19, 206210917, 274999095, 7, 0, 15808235, 0
0, 5, 3, 19, 206210917, 274999095, 6, 0, 10425843, 0
0, 5, 3, 19, 206210917, 274999095, 5, 0, 10566660, 0
0, 5, 3, 19, 206210917, 274999095, 4, 0, 8557262, 0
0, 5, 3, 19, 206210917, 274999095, 3, 0, 11409683, 0
0, 5, 3, 19, 206210917, 274999095, 2, 0, 17114524, 0
0, 5, 3, 19, 206210917, 274999095, 1, 0, 2682746, 0
0, 6, 3, 19, 274999096, 303068704, 16, 0, 4793428, 0
0, 6, 3, 19, 274999096, 303068704, 15, 0, 5112990, 0
0, 6, 3, 19, 274999096, 303068704, 14, 0, 5478204, 0
0, 6, 3, 19, 274999096, 303068704, 13, 0, 5899604, 0
0, 6, 3, 19, 274999096, 303068704, 12, 0, 6391237, 0
0, 6, 3, 19, 274999096, 303068704, 11, 0, 6972259, 0
0, 6, 3, 19, 274999096, 303068704, 10, 0, 7669485, 0
0, 6, 3, 19, 274999096, 303068704, 9, 0, 8122855, 0
0, 6, 3, 19, 274999096, 303068704, 8, 0, 9138212, 0
0, 6, 3, 19, 274999096, 303068704, 7, 0, 8370969, 0
0, 6, 3, 19, 274999096, 303068704, 6, 0, 9766130, 0
0, 6, 3, 19, 274999096, 303068704, 5, 0, 11719356, 0
0, 6, 3, 19, 274999096, 303068704, 4, 0, 14649195, 0
0, 6, 3, 19, 274999096, 303068704, 3, 0, 17067753, 0
0, 6, 3, 19, 274999096, 303068704, 2, 0, 1776885, 0
0, 6, 3, 19, 274999096, 303068704, 1, 0, 1, 0
0, 7, 3, 19, 303068705, 420269845, 16, 0, 18597708, 0
0, 7, 3, 19, 303068705, 420269845, 15, 0, 19837556, 0
0, 7, 3, 19, 303068705, 420269845, 14, 0, 21254524, 0
0, 7, 3, 19, 303068705, 420269845, 13, 0, 22889487, 0
0, 7, 3, 19, 303068705, 420269845, 12, 0, 24796944, 0
0, 7, 3, 19, 303068705, 420269845, 11, 0, 27051212, 0
0, 7, 3, 19, 303068705, 420269845, 10, 0, 29756333, 0
0, 7, 3, 19, 303068705, 420269845, 9, 0, 32428115, 0
0, 7, 3, 19, 303068705, 420269845, 8, 0, 33082781, 0
0, 7, 3, 19, 303068705, 420269845, 7, 0, 27620574, 0
0, 7, 3, 19, 303068705, 420269845, 6, 0, 21249702, 0
0, 7, 3, 19, 303068705, 420269845, 5, 0, 17693155, 0
0, 7, 3, 19, 303068705, 420269845, 4, 0, 22116443, 0
0, 7, 3, 19, 303068705, 420269845, 3, 0, 29488591, 0
0, 7, 3, 19, 303068705, 420269845, 2, 0, 31949935, 0
0, 7, 3, 19, 303068705, 420269845, 1, 0, 35570899, 0
0, 8, 3, 19, 420269846, 452011149, 16, 0, 46658036, 0
0, 8, 3, 19, 420269846, 452011149, 15, 0, 49768571, 0
0, 8, 3, 19, 420269846, 452011149, 14, 0, 53323469, 0
0, 8, 3, 19, 420269846, 452011149, 13, 0, 57425275, 0
0, 8, 3, 19, 420269846, 452011149, 12, 0, 62210714, 0
0, 8, 3, 19, 420269846, 452011149, 11, 0, 67866234, 0
0, 8, 3, 19, 420269846, 452011149, 10, 0, 74652857, 0
0, 8, 3, 19, 420269846, 452011149, 9, 0, 82947619, 0
0, 8, 3, 19, 420269846, 452011149, 8, 0, 75565068, 0
0, 8, 3, 19, 420269846, 452011149, 7, 0, 86360078, 0
0, 8, 3, 19, 420269846, 452011149, 6, 0, 70166306, 0
0, 8, 3, 19, 420269846, 452011149, 5, 0, 64849407, 0
0, 8, 3, 19, 420269846, 452011149, 4, 0, 58462722, 0
0, 8, 3, 19, 420269846, 452011149, 3, 0, 39822794, 0
0, 8, 3, 19, 420269846, 452011149, 2, 0, 23893137, 0
0, 8, 3, 19, 420269846, 452011149, 1, 0, 47786273, 0
0, 9, 3, 19, 452011150, 520235381, 16, 0, 31406603, 0
0, 9, 3, 19, 452011150, 520235381, 15, 0, 33500377, 0
0, 9, 3, 19, 452011150, 520235381, 14, 0, 35893261, 0
0, 9, 3, 19, 452011150, 520235381, 13, 0, 38654281, 0
0, 9, 3, 19, 452011150, 520235381, 12, 0, 41875471, 0
0, 9, 3, 19, 452011150, 520235381, 11, 0, 45682332, 0
0, 9, 3, 19, 452011150, 520235381, 10, 0, 50250565, 0
0, 9, 3, 19, 452011150, 520235381, 9, 0, 43935460, 0
0, 9, 3, 19, 452011150, 520235381, 8, 0, 49427392, 0
0, 9, 3, 19, 452011150, 520235381, 7, 0, 56488448, 0
0, 9, 3, 19, 452011150, 520235381, 6, 0, 65903189, 0
0, 9, 3, 19, 452011150, 520235381, 5, 0, 71606501, 0
0, 9, 3, 19, 452011150, 520235381, 4, 0, 63790536, 0
0, 9, 3, 19, 452011150, 520235381, 3, 0, 85054048, 0
0, 9, 3, 19, 452011150, 520235381, 2, 0, 86320221, 0
0, 9, 3, 19, 452011150, 520235381, 1, 0, 104187755, 0
0, 10, 3, 19, 520235382, 563635808, 16, 0, 9969637, 0
0, 10, 3, 19, 520235382, 563635808, 15, 0, 10634279, 0
0, 10, 3, 19, 520235382, 563635808, 14, 0, 11393871, 0
0, 10, 3, 19, 520235382, 563635808, 13, 0, 12270322, 0
0, 10, 3, 19, 520235382, 563635808, 12, 0, 13292849, 0
0, 10, 3, 19, 520235382, 563635808, 11, 0, 14501290, 0
0, 10, 3, 19, 520235382, 563635808, 10, 0, 15951419, 0
0, 10, 3, 19, 520235382, 563635808, 9, 0, 14812001, 0
0, 10, 3, 19, 520235382, 563635808, 8, 0, 16663501, 0
0, 10, 3, 19, 520235382, 563635808, 7, 0, 19044001, 0
0, 10, 3, 19, 520235382, 563635808, 6, 0, 22218001, 0
0, 10, 3, 19, 520235382, 563635808, 5, 0, 21415459, 0
0, 10, 3, 19, 520235382, 563635808, 4, 0, 24090700, 0
0, 10, 3, 19, 520235382, 563635808, 3, 0, 32120934, 0
0, 10, 3, 19, 520235382, 563635808, 2, 0, 34464447, 0
0, 10, 3, 19, 520235382, 563635808, 1, 0, 31307403, 0
0, 11, 3, 19, 563635809, 632368363, 16, 0, 64101198, 0
0, 11, 3, 19, 563635809, 632368363, 15, 0, 55905598, 0
0, 11, 3, 19, 563635809, 632368363, 14, 0, 52256944, 0
0, 11, 3, 19, 563635809, 632368363, 13, 0, 43928344, 0
0, 11, 3, 19, 563635809, 632368363, 12, 0, 34385911, 0
0, 11, 3, 19, 563635809, 632368363, 11, 0, 22570921, 0
0, 11, 3, 19, 563635809, 632368363, 10, 0, 11345108, 0
0, 11, 3, 19, 563635809, 632368363, 9, 0, 12605676, 0
0, 11, 3, 19, 563635809, 632368363, 8, 0, 14181385, 0
0, 11, 3, 19, 563635809, 632368363, 7, 0, 16207297, 0
0, 11, 3, 19, 563635809, 632368363, 6, 0, 18908513, 0
0, 11, 3, 19, 563635809, 632368363, 5, 0, 1, 0
0, 11, 3, 19, 563635809, 632368363, 4, 0, 1, 0
0, 11, 3, 19, 563635809, 632368363, 3, 0, 1, 0
0, 11, 3, 19, 563635809, 632368363, 2, 0, 1, 0
0, 11, 3, 19, 563635809, 632368363, 1, 0, 1, 0
0, 12, 3, 19, 632368364, 675585637, 16, 0, 150660480, 0
0, 12, 3, 19, 632368364, 675585637, 15, 0, 135351103, 0
0, 12, 3, 19, 632368364, 675585637, 14, 0, 124627767, 0
0, 12, 3, 19, 632368364, 675585637, 13, 0, 106999542, 0
0, 12, 3, 19, 632368364, 675585637, 12, 0, 82702396, 0
0, 12, 3, 19, 632368364, 675585637, 11, 0, 57710182, 0
0, 12, 3, 19, 632368364, 675585637, 10, 0, 30671702, 0
0, 12, 3, 19, 632368364, 675585637, 9, 0, 34079669, 0
0, 12, 3, 19, 632368364, 675585637, 8, 0, 38339627, 0
0, 12, 3, 19, 632368364, 675585637, 7, 0, 43816717, 0
0, 12, 3, 19, 632368364, 675585637, 6, 0, 51119503, 0
0, 12, 3, 19, 632368364, 675585637, 5, 0, 1, 0
0, 12, 3, 19, 632368364, 675585637, 4, 0, 1, 0
0, 12, 3, 19, 632368364, 675585637, 3, 0, 1, 0
0, 12, 3, 19, 632368364, 675585637, 2, 0, 1, 0
0, 12, 3, 19, 632368364, 675585637, 1, 0, 1, 0
0, 13, 3, 19, 675585638, 693632580, 16, 0, 11195284, 0
0, 13, 3, 19, 675585638, 693632580, 15, 0, 9561727, 0
0, 13, 3, 19, 675585638, 693632580, 14, 0, 10244708, 0
0, 13, 3, 19, 675585638, 693632580, 13, 0, 11032762, 0
0, 13, 3, 19, 675585638, 693632580, 12, 0, 8263247, 0
0, 13, 3, 19, 675585638, 693632580, 11, 0, 9014451, 0
0, 13, 3, 19, 675585638, 693632580, 10, 0, 9915896, 0
0, 13, 3, 19, 675585638, 693632580, 9, 0, 11017662, 0
0, 13, 3, 19, 675585638, 693632580, 8, 0, 12394870, 0
0, 13, 3, 19, 675585638, 693632580, 7, 0, 12116244, 0
0, 13, 3, 19, 675585638, 693632580, 6, 0, 12587935, 0
0, 13, 3, 19, 675585638, 693632580, 5, 0, 15105522, 0
0, 13, 3, 19, 675585638, 693632580, 4, 0, 10142978, 0
0, 13, 3, 19, 675585638, 693632580, 3, 0, 13523970, 0
0, 13, 3, 19, 675585638, 693632580, 2, 0, 9014126, 0
0, 13, 3, 19, 675585638, 693632580, 1, 0, 18028252, 0
0, 14, 3, 19, 693632581, 719063267, 16, 0, 231925937, 0
0, 14, 3, 19, 693632581, 719063267, 15, 0, 207897911, 0
0, 14, 3, 19, 693632581, 719063267, 14, 0, 184841662, 0
0, 14, 3, 19, 693632581, 719063267, 13, 0, 157427441, 0
0, 14, 3, 19, 693632581, 719063267, 12, 0, 120470174, 0
0, 14, 3, 19, 693632581, 719063267, 11, 0, 81491115, 0
0, 14, 3, 19, 693632581, 719063267, 10, 0, 66010522, 0
0, 14, 3, 19, 693632581, 719063267, 9, 0, 66657877, 0
0, 14, 3, 19, 693632581, 719063267, 8, 0, 67141356, 0
0, 14, 3, 19, 693632581, 719063267, 7, 0, 76732979, 0
0, 14, 3, 19, 693632581, 719063267, 6, 0, 89521808, 0
0, 14, 3, 19, 693632581, 719063267, 5, 0, 1, 0
0, 14, 3, 19, 693632581, 719063267, 4, 0, 1, 0
0, 14, 3, 19, 693632581, 719063267, 3, 0, 1, 0
0, 14, 3, 19, 693632581, 719063267, 2, 0, 1, 0
0, 14, 3, 19, 693632581, 719063267, 1, 0, 1, 0
0, 15, 3, 19, 719063268, 748954532, 16, 0, 172007442, 0
0, 15, 3, 19, 719063268, 748954532, 15, 0, 157082692, 0
0, 15, 3, 19, 719063268, 748954532, 14, 0, 141700851, 0
0, 15, 3, 19, 719063268, 748954532, 13, 0, 133015235, 0
0, 15, 3, 19, 719063268, 748954532, 12, 0, 115491806, 0
0, 15, 3, 19, 719063268, 748954532, 11, 0, 91389745, 0
0, 15, 3, 19, 719063268, 748954532, 10, 0, 62621858, 0
0, 15, 3, 19, 719063268, 748954532, 9, 0, 69579843, 0
0, 15, 3, 19, 719063268, 748954532, 8, 0, 52582121, 0
0, 15, 3, 19, 719063268, 748954532, 7, 0, 51507227, 0
0, 15, 3, 19, 719063268, 748954532, 6, 0, 60091765, 0
0, 15, 3, 19, 719063268, 748954532, 5, 0, 1, 0
0, 15, 3, 19, 719063268, 748954532, 4, 0, 1, 0
0, 15, 3, 19, 719063268, 748954532, 3, 0, 1, 0
0, 15, 3, 19, 719063268, 748954532, 2, 0, 1, 0
0, 15, 3, 19, 719063268, 748954532, 1, 0, 1, 0
0, 16, 3, 19, 748954533, 767766740, 16, 0, 27096451, 0
0, 16, 3, 19, 748954533, 767766740, 15, 0, 23558835, 0
0, 16, 3, 19, 748954533, 767766740, 14, 0, 19064736, 0
0, 16, 3, 19, 748954533, 767766740, 13, 0, 20531254, 0
0, 16, 3, 19, 748954533, 767766740, 12, 0, 16626960, 0
0, 16, 3, 19, 748954533, 767766740, 11, 0, 12859376, 0
0, 16, 3, 19, 748954533, 767766740, 10, 0, 14145313, 0
0, 16, 3, 19, 748954533, 767766740, 9, 0, 15717015, 0
0, 16, 3, 19, 748954533, 767766740, 8, 0, 17681642, 0
0, 16, 3, 19, 748954533, 767766740, 7, 0, 12121118, 0
0, 16, 3, 19, 748954533, 767766740, 6, 0, 14141304, 0
0, 16, 3, 19, 748954533, 767766740, 5, 0, 16969565, 0
0, 16, 3, 19, 748954533, 767766740, 4, 0, 1, 0
0, 16, 3, 19, 748954533, 767766740, 3, 0, 1, 0
0, 16, 3, 19, 748954533, 767766740, 2, 0, 1, 0
0, 16, 3, 19, 748954533, 767766740, 1, 0, 1, 0
0, 17, 3, 19, 767766741, 806643351, 16, 0, 239153333, 0
0, 17, 3, 19, 767766741, 806643351, 15, 0, 225082444, 0
0, 17, 3, 19, 767766741, 806643351, 14, 0, 212366638, 0
0, 17, 3, 19, 767766741, 806643351, 13, 0, 228702533, 0
0, 17, 3, 19, 767766741, 806643351, 12, 0, 210243021, 0
0, 17, 3, 19, 767766741, 806643351, 11, 0, 193449750, 0
0, 17, 3, 19, 767766741, 806643351, 10, 0, 173938579, 0
0, 17, 3, 19, 767766741, 806643351, 9, 0, 193265087, 0
0, 17, 3, 19, 767766741, 806643351, 8, 0, 165103299, 0
0, 17, 3, 19, 767766741, 806643351, 7, 0, 116519444, 0
0, 17, 3, 19, 767766741, 806643351, 6, 0, 130637179, 0
0, 17, 3, 19, 767766741, 806643351, 5, 0, 51940381, 0
0, 17, 3, 19, 767766741, 806643351, 4, 0, 64925476, 0
0, 17, 3, 19, 767766741, 806643351, 3, 0, 1, 0
0, 17, 3, 19, 767766741, 806643351, 2, 0, 1, 0
0, 17, 3, 19, 767766741, 806643351, 1, 0, 1, 0
0, 18, 3, 19, 806643352, 845163495, 16, 0, 222889108, 0
0, 18, 3, 19, 806643352, 845163495, 15, 0, 205233737, 0
0, 18, 3, 19, 806643352, 845163495, 14, 0, 188421380, 0
0, 18, 3, 19, 806643352, 845163495, 13, 0, 202915332, 0
0, 18, 3, 19, 806643352, 845163495, 12, 0, 179181636, 0
0, 18, 3, 19, 806643352, 845163495, 11, 0, 156155240, 0
0, 18, 3, 19, 806643352, 845163495, 10, 0, 129164317, 0
0, 18, 3, 19, 806643352, 845163495, 9, 0, 139574571, 0
0, 18, 3, 19, 806643352, 845163495, 8, 0, 100013593, 0
0, 18, 3, 19, 806643352, 845163495, 7, 0, 70618003, 0
0, 18, 3, 19, 806643352, 845163495, 6, 0, 70834998, 0
0, 18, 3, 19, 806643352, 845163495, 5, 0, 1, 0
0, 18, 3, 19, 806643352, 845163495, 4, 0, 1, 0
0, 18, 3, 19, 806643352, 845163495, 3, 0, 1, 0
0, 18, 3, 19, 806643352, 845163495, 2, 0, 1, 0
0, 18, 3, 19, 806643352, 845163495, 1, 0, 1, 0
0, 19, 3, 19, 845163496, 948147169, 16, 0, 235480309, 0
0, 19, 3, 19, 845163496, 948147169, 15, 0, 216465091, 0
0, 19, 3, 19, 845163496, 948147169, 14, 0, 197699380, 0
0, 19, 3, 19, 845163496, 948147169, 13, 0, 212907025, 0
0, 19, 3, 19, 845163496, 948147169, 12, 0, 190141498, 0
0, 19, 3, 19, 845163496, 948147169, 11, 0, 172119758, 0
0, 19, 3, 19, 845163496, 948147169, 10, 0, 148702084, 0
0, 19, 3, 19, 845163496, 948147169, 9, 0, 149517243, 0
0, 19, 3, 19, 845163496, 948147169, 8, 0, 110250776, 0
0, 19, 3, 19, 845163496, 948147169, 7, 0, 66869235, 0
0, 19, 3, 19, 845163496, 948147169, 6, 0, 78014107, 0
0, 19, 3, 19, 845163496, 948147169, 5, 0, 1, 0
0, 19, 3, 19, 845163496, 948147169, 4, 0, 1, 0
0, 19, 3, 19, 845163496, 948147169, 3, 0, 1, 0
0, 19, 3, 19, 845163496, 948147169, 2, 0, 1, 0
0, 19, 3, 19, 845163496, 948147169, 1, 0, 1, 0
0, 20, 3, 19, 948147170, 968359039, 16, 0, 91832732, 0
0, 20, 3, 19, 948147170, 968359039, 15, 0, 77580659, 0
0, 20, 3, 19, 948147170, 968359039, 14, 0, 73083656, 0
0, 20, 3, 19, 948147170, 968359039, 13, 0, 78705476, 0
0, 20, 3, 19, 948147170, 968359039, 12, 0, 68603292, 0
0, 20, 3, 19, 948147170, 968359039, 11, 0, 57674133, 0
0, 20, 3, 19, 948147170, 968359039, 10, 0, 44525034, 0
0, 20, 3, 19, 948147170, 968359039, 9, 0, 49472259, 0
0, 20, 3, 19, 948147170, 968359039, 8, 0, 40981974, 0
0, 20, 3, 19, 948147170, 968359039, 7, 0, 23744785, 0
0, 20, 3, 19, 948147170, 968359039, 6, 0, 27702249, 0
0, 20, 3, 19, 948147170, 968359039, 5, 0, 1, 0
0, 20, 3, 19, 948147170, 968359039, 4, 0, 1, 0
0, 20, 3, 19, 948147170, 968359039, 3, 0, 1, 0
0, 20, 3, 19, 948147170, 968359039, 2, 0, 1, 0
0, 20, 3, 19, 948147170, 968359039, 1, 0, 1, 0
0, 21, 3, 19, 968359040, 1023163802, 16, 0, 103384117, 0
0, 21, 3, 19, 968359040, 1023163802, 15, 0, 95220470, 0
0, 21, 3, 19, 968359040, 1023163802, 14, 0, 86518628, 0
0, 21, 3, 19, 968359040, 1023163802, 13, 0, 93173907, 0
0, 21, 3, 19, 968359040, 1023163802, 12, 0, 80496973, 0
0, 21, 3, 19, 968359040, 1023163802, 11, 0, 67932354, 0
0, 21, 3, 19, 968359040, 1023163802, 10, 0, 50268487, 0
0, 21, 3, 19, 968359040, 1023163802, 9, 0, 55853874, 0
0, 21, 3, 19, 968359040, 1023163802, 8, 0, 42822721, 0
0, 21, 3, 19, 968359040, 1023163802, 7, 0, 31568337, 0
0, 21, 3, 19, 968359040, 1023163802, 6, 0, 36829726, 0
0, 21, 3, 19, 968359040, 1023163802, 5, 0, 1, 0
0, 21, 3, 19, 968359040, 1023163802, 4, 0, 1, 0
0, 21, 3, 19, 968359040, 1023163802, 3, 0, 1, 0
0, 21, 3, 19, 968359040, 1023163802, 2, 0, 1, 0
0, 21, 3, 19, 968359040, 1023163802, 1, 0, 1, 0
0, 22, 3, 19, 1023163803, 1105920973, 16, 0, 78120470, 0
0, 22, 3, 19, 1023163803, 1105920973, 15, 0, 66469694, 0
0, 22, 3, 19, 1023163803, 1105920973, 14, 0, 59452643, 0
0, 22, 3, 19, 1023163803, 1105920973, 13, 0, 64025923, 0
0, 22, 3, 19, 1023163803, 1105920973, 12, 0, 50626095, 0
0, 22, 3, 19, 1023163803, 1105920973, 11, 0, 48728069, 0
0, 22, 3, 19, 1023163803, 1105920973, 10, 0, 49972300, 0
0, 22, 3, 19, 1023163803, 1105920973, 9, 0, 55524778, 0
0, 22, 3, 19, 1023163803, 1105920973, 8, 0, 52161152, 0
0, 22, 3, 19, 1023163803, 1105920973, 7, 0, 46154312, 0
0, 22, 3, 19, 1023163803, 1105920973, 6, 0, 53846697, 0
0, 22, 3, 19, 1023163803, 1105920973, 5, 0, 51637818, 0
0, 22, 3, 19, 1023163803, 1105920973, 4, 0, 41006033, 0
0, 22, 3, 19, 1023163803, 1105920973, 3, 0, 47384525, 0
0, 22, 3, 19, 1023163803, 1105920973, 2, 0, 71076787, 0
0, 22, 3, 19, 1023163803, 1105920973, 1, 0, 72308299, 0
0, 23, 3, 19, 1105920974, 1135076487, 16, 0, 102473303, 0
0, 23, 3, 19, 1105920974, 1135076487, 15, 0, 98330085, 0
0, 23, 3, 19, 1105920974, 1135076487, 14, 0, 96243251, 0
0, 23, 3, 19, 1105920974, 1135076487, 13, 0, 95028536, 0
0, 23, 3, 19, 1105920974, 1135076487, 12, 0, 94437398, 0
0, 23, 3, 19, 1105920974, 1135076487, 11, 0, 89747870, 0
0, 23, 3, 19, 1105920974, 1135076487, 10, 0, 87816459, 0
0, 23, 3, 19, 1105920974, 1135076487, 9, 0, 80214136, 0
0, 23, 3, 19, 1105920974, 1135076487, 8, 0, 77636597, 0
0, 23, 3, 19, 1105920974, 1135076487, 7, 0, 76488615, 0
0, 23, 3, 19, 1105920974, 1135076487, 6, 0, 89236718, 0
0, 23, 3, 19, 1105920974, 1135076487, 5, 0, 87124916, 0
0, 23, 3, 19, 1105920974, 1135076487, 4, 0, 74097849, 0
0, 23, 3, 19, 1105920974, 1135076487, 3, 0, 82594918, 0
0, 23, 3, 19, 1105920974, 1135076487, 2, 0, 83836804, 0
0, 23, 3, 19, 1105920974, 1135076487, 1, 0, 82042616, 0
0, 24, 3, 19, 1135076488, 1178067300, 16, 0, 90790922, 0
0, 24, 3, 19, 1135076488, 1178067300, 15, 0, 88692197, 0
0, 24, 3, 19, 1135076488, 1178067300, 14, 0, 86518454, 0
0, 24, 3, 19, 1135076488, 1178067300, 13, 0, 83920180, 0
0, 24, 3, 19, 1135076488, 1178067300, 12, 0, 82365248, 0
0, 24, 3, 19, 1135076488, 1178067300, 11, 0, 78490030, 0
0, 24, 3, 19, 1135076488, 1178067300, 10, 0, 74189618, 0
0, 24, 3, 19, 1135076488, 1178067300, 9, 0, 73725942, 0
0, 24, 3, 19, 1135076488, 1178067300, 8, 0, 77521589, 0
0, 24, 3, 19, 1135076488, 1178067300, 7, 0, 77781740, 0
0, 24, 3, 19, 1135076488, 1178067300, 6, 0, 76803734, 0
0, 24, 3, 19, 1135076488, 1178067300, 5, 0, 70418817, 0
0, 24, 3, 19, 1135076488, 1178067300, 4, 0, 72968491, 0
0, 24, 3, 19, 1135076488, 1178067300, 3, 0, 71561138, 0
0, 24, 3, 19, 1135076488, 1178067300, 2, 0, 81857231, 0
0, 24, 3, 19, 1135076488, 1178067300, 1, 0, 72434737, 0
0, 25, 3, 19, 1178067301, 1203640183, 16, 0, 44905932, 0
0, 25, 3, 19, 1178067301, 1203640183, 15, 0, 47899661, 0
0, 25, 3, 19, 1178067301, 1203640183, 14, 0, 48105466, 0
0, 25, 3, 19, 1178067301, 1203640183, 13, 0, 47517459, 0
0, 25, 3, 19, 1178067301, 1203640183, 12, 0, 46033574, 0
0, 25, 3, 19, 1178067301, 1203640183, 11, 0, 43998463, 0
0, 25, 3, 19, 1178067301, 1203640183, 10, 0, 45398183, 0
0, 25, 3, 19, 1178067301, 1203640183, 9, 0, 42897067, 0
0, 25, 3, 19, 1178067301, 1203640183, 8, 0, 42349263, 0
0, 25, 3, 19, 1178067301, 1203640183, 7, 0, 41536423, 0
0, 25, 3, 19, 1178067301, 1203640183, 6, 0, 39629604, 0
0, 25, 3, 19, 1178067301, 1203640183, 5, 0, 35930571, 0
0, 25, 3, 19, 1178067301, 1203640183, 4, 0, 44913213, 0
0, 25, 3, 19, 1178067301, 1203640183, 3, 0, 48099401, 0
0, 25, 3, 19, 1178067301, 1203640183, 2, 0, 41040491, 0
0, 25, 3, 19, 1178067301, 1203640183, 1, 0, 50918835, 0
0, 26, 3, 19, 1203640184, 1283683449, 16, 0, 197835859, 0
0, 26, 3, 19, 1203640184, 1283683449, 15, 0, 198912186, 0
0, 26, 3, 19, 1203640184, 1283683449, 14, 0, 203336835, 0
0, 26, 3, 19, 1203640184, 1283683449, 13, 0, 207497128, 0
0, 26, 3, 19, 1203640184, 1283683449, 12, 0, 211513503, 0
0, 26, 3, 19, 1203640184, 1283683449, 11, 0, 212062786, 0
0, 26, 3, 19, 1203640184, 1283683449, 10, 0, 210331363, 0
0, 26, 3, 19, 1203640184, 1283683449, 9, 0, 210117622, 0
0, 26, 3, 19, 1203640184, 1283683449, 8, 0, 209349736, 0
0, 26, 3, 19, 1203640184, 1283683449, 7, 0, 207706689, 0
0, 26, 3, 19, 1203640184, 1283683449, 6, 0, 209347261, 0
0, 26, 3, 19, 1203640184, 1283683449, 5, 0, 211261466, 0
0, 26, 3, 19, 1203640184, 1283683449, 4, 0, 211406952, 0
0, 26, 3, 19, 1203640184, 1283683449, 3, 0, 207715512, 0
0, 26, 3, 19, 1203640184, 1283683449, 2, 0, 227619792, 0
0, 26, 3, 19, 1203640184, 1283683449, 1, 0, 224727028, 0
0, 27, 3, 19, 1283683450, 1380480301, 16, 0, 61123388, 0
0, 27, 3, 19, 1283683450, 1380480301, 15, 0, 58660742, 0
0, 27, 3, 19, 1283683450, 1380480301, 14, 0, 62627332, 0
0, 27, 3, 19, 1283683450, 1380480301, 13, 0, 66322785, 0
0, 27, 3, 19, 1283683450, 1380480301, 12, 0, 63264683, 0
0, 27, 3, 19, 1283683450, 1380480301, 11, 0, 64677364, 0
0, 27, 3, 19, 1283683450, 1380480301, 10, 0, 64322148, 0
0, 27, 3, 19, 1283683450, 1380480301, 9, 0, 63369433, 0
0, 27, 3, 19, 1283683450, 1380480301, 8, 0, 65068350, 0
0, 27, 3, 19, 1283683450, 1380480301, 7, 0, 65877477, 0
0, 27, 3, 19, 1283683450, 1380480301, 6, 0, 63572222, 0
0, 27, 3, 19, 1283683450, 1380480301, 5, 0, 60618018, 0
0, 27, 3, 19, 1283683450, 1380480301, 4, 0, 53609539, 0
0, 27, 3, 19, 1283683450, 1380480301, 3, 0, 55129369, 0
0, 27, 3, 19, 1283683450, 1380480301, 2, 0, 35183218, 0
0, 27, 3, 19, 1283683450, 1380480301, 1, 0, 70366435, 0
0, 28, 3, 19, 1380480302, 1456083524, 16, 0, 144477315, 0
0, 28, 3, 19, 1380480302, 1456083524, 15, 0, 140255403, 0
0, 28, 3, 19, 1380480302, 1456083524, 14, 0, 130280877, 0
0, 28, 3, 19, 1380480302, 1456083524, 13, 0, 128490482, 0
0, 28, 3, 19, 1380480302, 1456083524, 12, 0, 128905108, 0
0, 28, 3, 19, 1380480302, 1456083524, 11, 0, 129851376, 0
0, 28, 3, 19, 1380480302, 1456083524, 10, 0, 116745664, 0
0, 28, 3, 19, 1380480302, 1456083524, 9, 0, 103061470, 0
0, 28, 3, 19, 1380480302, 1456083524, 8, 0, 102585768, 0
0, 28, 3, 19, 1380480302, 1456083524, 7, 0, 102738555, 0
0, 28, 3, 19, 1380480302, 1456083524, 6, 0, 92543874, 0
0, 28, 3, 19, 1380480302, 1456083524, 5, 0, 89607717, 0
0, 28, 3, 19, 1380480302, 1456083524, 4, 0, 84125624, 0
0, 28, 3, 19, 1380480302, 1456083524, 3, 0, 84031263, 0
0, 28, 3, 19, 1380480302, 1456083524, 2, 0, 111171264, 0
0, 28, 3, 19, 1380480302, 1456083524, 1, 0, 222342527, 0
0, 29, 3, 19, 1456083525, 1471153815, 16, 0, 1, 0
0, 29, 3, 19, 1456083525, 1471153815, 15, 0, 1, 0
0, 29, 3, 19, 1456083525, 1471153815, 14, 0, 1, 0
0, 29, 3, 19, 1456083525, 1471153815, 13, 0, 1, 0
0, 29, 3, 19, 1456083525, 1471153815, 12, 0, 1, 0
0, 29, 3, 19, 1456083525, 1471153815, 11, 0, 1, 0
0, 29, 3, 19, 1456083525, 1471153815, 10, 0, 1, 0
0, 29, 3, 19, 1456083525, 1471153815, 9, 0, 1, 0
0, 29, 3, 19, 1456083525, 1471153815, 8, 0, 1, 0
0, 29, 3, 19, 1456083525, 1471153815, 7, 0, 1, 0
0, 29, 3, 19, 1456083525, 1471153815, 6, 0, 1, 0
0, 29, 3, 19, 1456083525, 1471153815, 5, 0, 1, 0
0, 29, 3, 19, 1456083525, 1471153815, 4, 0, 1, 0
0, 29, 3, 19, 1456083525, 1471153815, 3, 0, 1, 0
0, 29, 3, 19, 1456083525, 1471153815, 2, 0, 1, 0
0, 29, 3, 19, 1456083525, 1471153815, 1, 0, 1, 0
0, 30, 3, 19, 1471153816, 1549913831, 16, 0, 93098282, 0
0, 30, 3, 19, 1471153816, 1549913831, 15, 0, 87864118, 0
0, 30, 3, 19, 1471153816, 1549913831, 14, 0, 85122722, 0
0, 30, 3, 19, 1471153816, 1549913831, 13, 0, 81779630, 0
0, 30, 3, 19, 1471153816, 1549913831, 12, 0, 80382778, 0
0, 30, 3, 19, 1471153816, 1549913831, 11, 0, 84643075, 0
0, 30, 3, 19, 1471153816, 1549913831, 10, 0, 80719842, 0
0, 30, 3, 19, 1471153816, 1549913831, 9, 0, 76812372, 0
0, 30, 3, 19, 1471153816, 1549913831, 8, 0, 73434488, 0
0, 30, 3, 19, 1471153816, 1549913831, 7, 0, 70588006, 0
0, 30, 3, 19, 1471153816, 1549913831, 6, 0, 64145778, 0
0, 30, 3, 19, 1471153816, 1549913831, 5, 0, 76974933, 0
0, 30, 3, 19, 1471153816, 1549913831, 4, 0, 68026990, 0
0, 30, 3, 19, 1471153816, 1549913831, 3, 0, 56499342, 0
0, 30, 3, 19, 1471153816, 1549913831, 2, 0, 42477185, 0
0, 30, 3, 19, 1471153816, 1549913831, 1, 0, 84954370, 0
0, 31, 3, 19, 1549913832, 1602048305, 16, 0, 59805734, 0
0, 31, 3, 19, 1549913832, 1602048305, 15, 0, 55087614, 0
0, 31, 3, 19, 1549913832, 1602048305, 14, 0, 53397584, 0
0, 31, 3, 19, 1549913832, 1602048305, 13, 0, 49435590, 0
0, 31, 3, 19, 1549913832, 1602048305, 12, 0, 43453663, 0
0, 31, 3, 19, 1549913832, 1602048305, 11, 0, 38739661, 0
0, 31, 3, 19, 1549913832, 1602048305, 10, 0, 37908951, 0
0, 31, 3, 19, 1549913832, 1602048305, 9, 0, 32415607, 0
0, 31, 3, 19, 1549913832, 1602048305, 8, 0, 27966673, 0
0, 31, 3, 19, 1549913832, 1602048305, 7, 0, 27078245, 0
0, 31, 3, 19, 1549913832, 1602048305, 6, 0, 23546252, 0
0, 31, 3, 19, 1549913832, 1602048305, 5, 0, 28255503, 0
0, 31, 3, 19, 1549913832, 1602048305, 4, 0, 24879861, 0
0, 31, 3, 19, 1549913832, 1602048305, 3, 0, 20893488, 0
0, 31, 3, 19, 1549913832, 1602048305, 2, 0, 16688434, 0
0, 31, 3, 19, 1549913832, 1602048305, 1, 0, 33376868, 0
0, 32, 3, 19, 1602048306, 1728578781, 16, 0, 162118525, 0
0, 32, 3, 19, 1602048306, 1728578781, 15, 0, 159612811, 0
0, 32, 3, 19, 1602048306, 1728578781, 14, 0, 159652821, 0
0, 32, 3, 19, 1602048306, 1728578781, 13, 0, 167359912, 0
0, 32, 3, 19, 1602048306, 1728578781, 12, 0, 162893450, 0
0, 32, 3, 19, 1602048306, 1728578781, 11, 0, 158236050, 0
0, 32, 3, 19, 1602048306, 1728578781, 10, 0, 151963910, 0
0, 32, 3, 19, 1602048306, 1728578781, 9, 0, 149474566, 0
0, 32, 3, 19, 1602048306, 1728578781, 8, 0, 147715159, 0
0, 32, 3, 19, 1602048306, 1728578781, 7, 0, 158943235, 0
0, 32, 3, 19, 1602048306, 1728578781, 6, 0, 141984857, 0
0, 32, 3, 19, 1602048306, 1728578781, 5, 0, 170381829, 0
0, 32, 3, 19, 1602048306, 1728578781, 4, 0, 178920880, 0
0, 32, 3, 19, 1602048306, 1728578781, 3, 0, 198551361, 0
0, 32, 3, 19, 1602048306, 1728578781, 2, 0, 184192311, 0
0, 32, 3, 19, 1602048306, 1728578781, 1, 0, 237038073, 0
0, 33, 3, 19, 1728578782, 1749276396, 16, 0, 47346878, 0
0, 33, 3, 19, 1728578782, 1749276396, 15, 0, 38391911, 0
0, 33, 3, 19, 1728578782, 1749276396, 14, 0, 41134190, 0
0, 33, 3, 19, 1728578782, 1749276396, 13, 0, 32968538, 0
0, 33, 3, 19, 1728578782, 1749276396, 12, 0, 35715916, 0
0, 33, 3, 19, 1728578782, 1749276396, 11, 0, 38692426, 0
0, 33, 3, 19, 1728578782, 1749276396, 10, 0, 38037914, 0
0, 33, 3, 19, 1728578782, 1749276396, 9, 0, 35122004, 0
0, 33, 3, 19, 1728578782, 1749276396, 8, 0, 29991471, 0
0, 33, 3, 19, 1728578782, 1749276396, 7, 0, 34275967, 0
0, 33, 3, 19, 1728578782, 1749276396, 6, 0, 37611789, 0
0, 33, 3, 19, 1728578782, 1749276396, 5, 0, 45134147, 0
0, 33, 3, 19, 1728578782, 1749276396, 4, 0, 45261203, 0
0, 33, 3, 19, 1728578782, 1749276396, 3, 0, 43949470, 0
0, 33, 3, 19, 1728578782, 1749276396, 2, 0, 35388495, 0
0, 33, 3, 19, 1728578782, 1749276396, 1, 0, 36539274, 0
0, 34, 3, 19, 1749276397, 1792159796, 16, 0, 48687732, 0
0, 34, 3, 19, 1749276397, 1792159796, 15, 0, 47839404, 0
0, 34, 3, 19, 1749276397, 1792159796, 14, 0, 46504081, 0
0, 34, 3, 19, 1749276397, 1792159796, 13, 0, 44063016, 0
0, 34, 3, 19, 1749276397, 1792159796, 12, 0, 41224582, 0
0, 34, 3, 19, 1749276397, 1792159796, 11, 0, 37853071, 0
0, 34, 3, 19, 1749276397, 1792159796, 10, 0, 33787584, 0
0, 34, 3, 19, 1749276397, 1792159796, 9, 0, 32885201, 0
0, 34, 3, 19, 1749276397, 1792159796, 8, 0, 30748428, 0
0, 34, 3, 19, 1749276397, 1792159796, 7, 0, 28526603, 0
0, 34, 3, 19, 1749276397, 1792159796, 6, 0, 19693466, 0
0, 34, 3, 19, 1749276397, 1792159796, 5, 0, 23632159, 0
0, 34, 3, 19, 1749276397, 1792159796, 4, 0, 29540199, 0
0, 34, 3, 19, 1749276397, 1792159796, 3, 0, 34548550, 0
0, 34, 3, 19, 1749276397, 1792159796, 2, 0, 35852764, 0
0, 34, 3, 19, 1749276397, 1792159796, 1, 0, 15616627, 0
0, 35, 3, 19, 1792159797, 1810760495, 16, 0, 122914635, 0
0, 35, 3, 19, 1792159797, 1810760495, 15, 0, 120464896, 0
0, 35, 3, 19, 1792159797, 1810760495, 14, 0, 124295423, 0
0, 35, 3, 19, 1792159797, 1810760495, 13, 0, 125864487, 0
0, 35, 3, 19, 1792159797, 1810760495, 12, 0, 126636664, 0
0, 35, 3, 19, 1792159797, 1810760495, 11, 0, 130193250, 0
0, 35, 3, 19, 1792159797, 1810760495, 10, 0, 137402061, 0
0, 35, 3, 19, 1792159797, 1810760495, 9, 0, 152668957, 0
0, 35, 3, 19, 1792159797, 1810760495, 8, 0, 171749960, 0
0, 35, 3, 19, 1792159797, 1810760495, 7, 0, 164557681, 0
0, 35, 3, 19, 1792159797, 1810760495, 6, 0, 191983961, 0
0, 35, 3, 19, 1792159797, 1810760495, 5, 0, 184574550, 0
0, 35, 3, 19, 1792159797, 1810760495, 4, 0, 181533670, 0
0, 35, 3, 19, 1792159797, 1810760495, 3, 0, 192717754, 0
0, 35, 3, 19, 1792159797, 1810760495, 2, 0, 192495304, 0
0, 35, 3, 19, 1792159797, 1810760495, 1, 0, 233621150, 0
0, 36, 3, 19, 1810760496, 1878505969, 16, 0, 134724823, 0
0, 36, 3, 19, 1810760496, 1878505969, 15, 0, 133368736, 0
0, 36, 3, 19, 1810760496, 1878505969, 14, 0, 131966418, 0
0, 36, 3, 19, 1810760496, 1878505969, 13, 0, 128128870, 0
0, 36, 3, 19, 1810760496, 1878505969, 12, 0, 122177263, 0
0, 36, 3, 19, 1810760496, 1878505969, 11, 0, 116143513, 0
0, 36, 3, 19, 1810760496, 1878505969, 10, 0, 115121133, 0
0, 36, 3, 19, 1810760496, 1878505969, 9, 0, 113099654, 0
0, 36, 3, 19, 1810760496, 1878505969, 8, 0, 122114814, 0
0, 36, 3, 19, 1810760496, 1878505969, 7, 0, 120185487, 0
0, 36, 3, 19, 1810760496, 1878505969, 6, 0, 127033911, 0
0, 36, 3, 19, 1810760496, 1878505969, 5, 0, 134466023, 0
0, 36, 3, 19, 1810760496, 1878505969, 4, 0, 133428595, 0
0, 36, 3, 19, 1810760496, 1878505969, 3, 0, 134272305, 0
0, 36, 3, 19, 1810760496, 1878505969, 2, 0, 134796866, 0
0, 36, 3, 19, 1810760496, 1878505969, 1, 0, 155878281, 0
0, 37, 3, 19, 1878505970, 1907950240, 16, 0, 48876536, 0
0, 37, 3, 19, 1878505970, 1907950240, 15, 0, 37988779, 0
0, 37, 3, 19, 1878505970, 1907950240, 14, 0, 39070588, 0
0, 37, 3, 19, 1878505970, 1907950240, 13, 0, 24953490, 0
0, 37, 3, 19, 1878505970, 1907950240, 12, 0, 8749475, 0
0, 37, 3, 19, 1878505970, 1907950240, 11, 0, 4236627, 0
0, 37, 3, 19, 1878505970, 1907950240, 10, 0, 4660290, 0
0, 37, 3, 19, 1878505970, 1907950240, 9, 0, 4827353, 0
0, 37, 3, 19, 1878505970, 1907950240, 8, 0, 5430772, 0
0, 37, 3, 19, 1878505970, 1907950240, 7, 0, 5426256, 0
0, 37, 3, 19, 1878505970, 1907950240, 6, 0, 6330632, 0
0, 37, 3, 19, 1878505970, 1907950240, 5, 0, 7596758, 0
0, 37, 3, 19, 1878505970, 1907950240, 4, 0, 7381443, 0
0, 37, 3, 19, 1878505970, 1907950240, 3, 0, 9595343, 0
0, 37, 3, 19, 1878505970, 1907950240, 2, 0, 12860281, 0
0, 37, 3, 19, 1878505970, 1907950240, 1, 0, 25720562, 0
0, 38, 3, 19, 1907950241, 1929025274, 16, 0, 132583737, 0
0, 38, 3, 19, 1907950241, 1929025274, 15, 0, 141422653, 0
0, 38, 3, 19, 1907950241, 1929025274, 14, 0, 139816778, 0
0, 38, 3, 19, 1907950241, 1929025274, 13, 0, 150571915, 0
0, 38, 3, 19, 1907950241, 1929025274, 12, 0, 133080982, 0
0, 38, 3, 19, 1907950241, 1929025274, 11, 0, 127047232, 0
0, 38, 3, 19, 1907950241, 1929025274, 10, 0, 126024852, 0
0, 38, 3, 19, 1907950241, 1929025274, 9, 0, 124003373, 0
0, 38, 3, 19, 1907950241, 1929025274, 8, 0, 133018533, 0
0, 38, 3, 19, 1907950241, 1929025274, 7, 0, 131089206, 0
0, 38, 3, 19, 1907950241, 1929025274, 6, 0, 137937630, 0
0, 38, 3, 19, 1907950241, 1929025274, 5, 0, 145369742, 0
0, 38, 3, 19, 1907950241, 1929025274, 4, 0, 144332314, 0
0, 38, 3, 19, 1907950241, 1929025274, 3, 0, 145176024, 0
0, 38, 3, 19, 1907950241, 1929025274, 2, 0, 145700585, 0
0, 38, 3, 19, 1907950241, 1929025274, 1, 0, 166782000, 0
0, 39, 3, 19, 1929025275, 1966702506, 16, 0, 26683356, 0
0, 39, 3, 19, 1929025275, 1966702506, 15, 0, 24157191, 0
0, 39, 3, 19, 1929025275, 1966702506, 14, 0, 22937571, 0
0, 39, 3, 19, 1929025275, 1966702506, 13, 0, 23000335, 0
0, 39, 3, 19, 1929025275, 1966702506, 12, 0, 19394177, 0
0, 39, 3, 19, 1929025275, 1966702506, 11, 0, 21157284, 0
0, 39, 3, 19, 1929025275, 1966702506, 10, 0, 20223063, 0
0, 39, 3, 19, 1929025275, 1966702506, 9, 0, 18516630, 0
0, 39, 3, 19, 1929025275, 1966702506, 8, 0, 16972204, 0
0, 39, 3, 19, 1929025275, 1966702506, 7, 0, 15543862, 0
0, 39, 3, 19, 1929025275, 1966702506, 6, 0, 18134505, 0
0, 39, 3, 19, 1929025275, 1966702506, 5, 0, 15282955, 0
0, 39, 3, 19, 1929025275, 1966702506, 4, 0, 19103694, 0
0, 39, 3, 19, 1929025275, 1966702506, 3, 0, 19929556, 0
0, 39, 3, 19, 1929025275, 1966702506, 2, 0, 14865530, 0
0, 39, 3, 19, 1929025275, 1966702506, 1, 0, 29731060, 0
0, 40, 3, 19, 1966702507, 2139429727, 16, 0, 112362186, 0
0, 40, 3, 19, 1966702507, 2139429727, 15, 0, 119852999, 0
0, 40, 3, 19, 1966702507, 2139429727, 14, 0, 115468788, 0
0, 40, 3, 19, 1966702507, 2139429727, 13, 0, 112418051, 0
0, 40, 3, 19, 1966702507, 2139429727, 12, 0, 108663562, 0
0, 40, 3, 19, 1966702507, 2139429727, 11, 0, 102609816, 0
0, 40, 3, 19, 1966702507, 2139429727, 10, 0, 95877774, 0
0, 40, 3, 19, 1966702507, 2139429727, 9, 0, 93396600, 0
0, 40, 3, 19, 1966702507, 2139429727, 8, 0, 94638215, 0
0, 40, 3, 19, 1966702507, 2139429727, 7, 0, 86025722, 0
0, 40, 3, 19, 1966702507, 2139429727, 6, 0, 78943085, 0
0, 40, 3, 19, 1966702507, 2139429727, 5, 0, 71784033, 0
0, 40, 3, 19, 1966702507, 2139429727, 4, 0, 89730041, 0
0, 40, 3, 19, 1966702507, 2139429727, 3, 0, 93091471, 0
0, 40, 3, 19, 1966702507, 2139429727, 2, 0, 109785491, 0
0, 40, 3, 19, 1966702507, 2139429727, 1, 0, 100508655, 0
0, 41, 3, 19, 2139429728, 2196025834, 16, 0, 79305292, 0
0, 41, 3, 19, 2139429728, 2196025834, 15, 0, 84592311, 0
0, 41, 3, 19, 2139429728, 2196025834, 14, 0, 81417383, 0
0, 41, 3, 19, 2139429728, 2196025834, 13, 0, 78568134, 0
0, 41, 3, 19, 2139429728, 2196025834, 12, 0, 75048713, 0
0, 41, 3, 19, 2139429728, 2196025834, 11, 0, 69272776, 0
0, 41, 3, 19, 2139429728, 2196025834, 10, 0, 62874104, 0
0, 41, 3, 19, 2139429728, 2196025834, 9, 0, 60800383, 0
0, 41, 3, 19, 2139429728, 2196025834, 8, 0, 62551314, 0
0, 41, 3, 19, 2139429728, 2196025834, 7, 0, 54593656, 0
0, 41, 3, 19, 2139429728, 2196025834, 6, 0, 48384132, 0
0, 41, 3, 19, 2139429728, 2196025834, 5, 0, 42447437, 0
0, 41, 3, 19, 2139429728, 2196025834, 4, 0, 53059297, 0
0, 41, 3, 19, 2139429728, 2196025834, 3, 0, 56420727, 0
0, 41, 3, 19, 2139429728, 2196025834, 2, 0, 73114747, 0
0, 41, 3, 19, 2139429728, 2196025834, 1, 0, 63837911, 0
