1, 1, 19, 2, 1, 99193205, 0, 17, 848089575, 1
1, 1, 19, 2, 1, 99193205, 0, 16, 842461926, 1
1, 1, 19, 2, 1, 99193205, 0, 15, 833605910, 1
1, 1, 19, 2, 1, 99193205, 0, 14, 825619833, 1
1, 1, 19, 2, 1, 99193205, 0, 13, 817443905, 1
1, 1, 19, 2, 1, 99193205, 0, 12, 806489293, 1
1, 1, 19, 2, 1, 99193205, 0, 11, 788023845, 1
1, 1, 19, 2, 1, 99193205, 0, 10, 759420875, 1
1, 1, 19, 2, 1, 99193205, 0, 9, 721277312, 1
1, 1, 19, 2, 1, 99193205, 0, 8, 664303587, 1
1, 1, 19, 2, 1, 99193205, 0, 7, 602591495, 1
1, 1, 19, 2, 1, 99193205, 0, 6, 538367954, 1
1, 1, 19, 2, 1, 99193205, 0, 5, 469475007, 1
1, 1, 19, 2, 1, 99193205, 0, 4, 376221420, 1
1, 1, 19, 2, 1, 99193205, 0, 3, 280720268, 1
1, 1, 19, 2, 1, 99193205, 0, 2, 136601112, 1
1, 1, 19, 2, 1, 99193205, 0, 1, 6698565, 1
1, 2, 19, 2, 99193206, 121907484, 0, 17, 1299729620, 1
1, 2, 19, 2, 99193206, 121907484, 0, 16, 1257524723, 1
1, 2, 19, 2, 99193206, 121907484, 0, 15, 1212613800, 1
1, 2, 19, 2, 99193206, 121907484, 0, 14, 1161287031, 1
1, 2, 19, 2, 99193206, 121907484, 0, 13, 1102063837, 1
1, 2, 19, 2, 99193206, 121907484, 0, 12, 1036191919, 1
1, 2, 19, 2, 99193206, 121907484, 0, 11, 959828561, 1
1, 2, 19, 2, 99193206, 121907484, 0, 10, 883388624, 1
1, 2, 19, 2, 99193206, 121907484, 0, 9, 810790620, 1
1, 2, 19, 2, 99193206, 121907484, 0, 8, 744311406, 1
1, 2, 19, 2, 99193206, 121907484, 0, 7, 670069446, 1
1, 2, 19, 2, 99193206, 121907484, 0, 6, 600697463, 1
1, 2, 19, 2, 99193206, 121907484, 0, 5, 508010878, 1
1, 2, 19, 2, 99193206, 121907484, 0, 4, 484828697, 1
1, 2, 19, 2, 99193206, 121907484, 0, 3, 339658862, 1
1, 2, 19, 2, 99193206, 121907484, 0, 2, 467407885, 1
1, 2, 19, 2, 99193206, 121907484, 0, 1, 1, 1
1, 3, 19, 2, 121907485, 134641900, 0, 17, 905263179, 1
1, 3, 19, 2, 121907485, 134641900, 0, 16, 888935917, 1
1, 3, 19, 2, 121907485, 134641900, 0, 15, 876692582, 1
1, 3, 19, 2, 121907485, 134641900, 0, 14, 862700200, 1
1, 3, 19, 2, 121907485, 134641900, 0, 13, 828931973, 1
1, 3, 19, 2, 121907485, 134641900, 0, 12, 784475889, 1
1, 3, 19, 2, 121907485, 134641900, 0, 11, 758284066, 1
1, 3, 19, 2, 121907485, 134641900, 0, 10, 702780144, 1
1, 3, 19, 2, 121907485, 134641900, 0, 9, 620270261, 1
1, 3, 19, 2, 121907485, 134641900, 0, 8, 608663679, 1
1, 3, 19, 2, 121907485, 134641900, 0, 7, 604972245, 1
1, 3, 19, 2, 121907485, 134641900, 0, 6, 629667632, 1
1, 3, 19, 2, 121907485, 134641900, 0, 5, 509867750, 1
1, 3, 19, 2, 121907485, 134641900, 0, 4, 341035899, 1
1, 3, 19, 2, 121907485, 134641900, 0, 3, 357768936, 1
1, 3, 19, 2, 121907485, 134641900, 0, 2, 209037564, 1
1, 3, 19, 2, 121907485, 134641900, 0, 1, 112760773, 1
1, 4, 19, 2, 134641901, 150364282, 0, 17, 1498100213, 1
1, 4, 19, 2, 134641901, 150364282, 0, 16, 1491887849, 1
1, 4, 19, 2, 134641901, 150364282, 0, 15, 1491108065, 1
1, 4, 19, 2, 134641901, 150364282, 0, 14, 1490216883, 1
1, 4, 19, 2, 134641901, 150364282, 0, 13, 1489188597, 1
1, 4, 19, 2, 134641901, 150364282, 0, 12, 1463837342, 1
1, 4, 19, 2, 134641901, 150364282, 0, 11, 1460223954, 1
1, 4, 19, 2, 134641901, 150364282, 0, 10, 1431814153, 1
1, 4, 19, 2, 134641901, 150364282, 0, 9, 1382419309, 1
1, 4, 19, 2, 134641901, 150364282, 0, 8, 1337629588, 1
1, 4, 19, 2, 134641901, 150364282, 0, 7, 1261013021, 1
1, 4, 19, 2, 134641901, 150364282, 0, 6, 1180060842, 1
1, 4, 19, 2, 134641901, 150364282, 0, 5, 1084139868, 1
1, 4, 19, 2, 134641901, 150364282, 0, 4, 951126379, 1
1, 4, 19, 2, 134641901, 150364282, 0, 3, 616244761, 1
1, 4, 19, 2, 134641901, 150364282, 0, 2, 381251966, 1
1, 4, 19, 2, 134641901, 150364282, 0, 1, 26190905, 1
1, 5, 19, 2, 150364283, 166137298, 0, 17, 1722251943, 1
1, 5, 19, 2, 150364283, 166137298, 0, 16, 1725811296, 1
1, 5, 19, 2, 150364283, 166137298, 0, 15, 1725649749, 1
1, 5, 19, 2, 150364283, 166137298, 0, 14, 1725465124, 1
1, 5, 19, 2, 150364283, 166137298, 0, 13, 1725252096, 1
1, 5, 19, 2, 150364283, 166137298, 0, 12, 1725003563, 1
1, 5, 19, 2, 150364283, 166137298, 0, 11, 1724709841, 1
1, 5, 19, 2, 150364283, 166137298, 0, 10, 1700283640, 1
1, 5, 19, 2, 150364283, 166137298, 0, 9, 1655757639, 1
1, 5, 19, 2, 150364283, 166137298, 0, 8, 1628134115, 1
1, 5, 19, 2, 150364283, 166137298, 0, 7, 1560925352, 1
1, 5, 19, 2, 150364283, 166137298, 0, 6, 1488947835, 1
1, 5, 19, 2, 150364283, 166137298, 0, 5, 1409874281, 1
1, 5, 19, 2, 150364283, 166137298, 0, 4, 1302131923, 1
1, 5, 19, 2, 150364283, 166137298, 0, 3, 1009368855, 1
1, 5, 19, 2, 150364283, 166137298, 0, 2, 607647735, 1
1, 5, 19, 2, 150364283, 166137298, 0, 1, 18813865, 1
1, 6, 19, 2, 166137299, 180497951, 0, 17, 1867536638, 1
1, 6, 19, 2, 166137299, 180497951, 0, 16, 1867522490, 1
1, 6, 19, 2, 166137299, 180497951, 0, 15, 1863310974, 1
1, 6, 19, 2, 166137299, 180497951, 0, 14, 1855883725, 1
1, 6, 19, 2, 166137299, 180497951, 0, 13, 1850128995, 1
1, 6, 19, 2, 166137299, 180497951, 0, 12, 1843415143, 1
1, 6, 19, 2, 166137299, 180497951, 0, 11, 1832153568, 1
1, 6, 19, 2, 166137299, 180497951, 0, 10, 1807281048, 1
1, 6, 19, 2, 166137299, 180497951, 0, 9, 1789200003, 1
1, 6, 19, 2, 166137299, 180497951, 0, 8, 1752949184, 1
1, 6, 19, 2, 166137299, 180497951, 0, 7, 1719440767, 1
1, 6, 19, 2, 166137299, 180497951, 0, 6, 1640139031, 1
1, 6, 19, 2, 166137299, 180497951, 0, 5, 1543641633, 1
1, 6, 19, 2, 166137299, 180497951, 0, 4, 1418725933, 1
1, 6, 19, 2, 166137299, 180497951, 0, 3, 1148362028, 1
1, 6, 19, 2, 166137299, 180497951, 0, 2, 699471164, 1
1, 6, 19, 2, 166137299, 180497951, 0, 1, 1, 1
1, 7, 19, 2, 180497952, 198555395, 0, 17, 2025273425, 1
1, 7, 19, 2, 180497952, 198555395, 0, 16, 2023643778, 1
1, 7, 19, 2, 180497952, 198555395, 0, 15, 2017601365, 1
1, 7, 19, 2, 180497952, 198555395, 0, 14, 2008081660, 1
1, 7, 19, 2, 180497952, 198555395, 0, 13, 1999912559, 1
1, 7, 19, 2, 180497952, 198555395, 0, 12, 1987332169, 1
1, 7, 19, 2, 180497952, 198555395, 0, 11, 1972464437, 1
1, 7, 19, 2, 180497952, 198555395, 0, 10, 1943264528, 1
1, 7, 19, 2, 180497952, 198555395, 0, 9, 1919894452, 1
1, 7, 19, 2, 180497952, 198555395, 0, 8, 1877032343, 1
1, 7, 19, 2, 180497952, 198555395, 0, 7, 1835023697, 1
1, 7, 19, 2, 180497952, 198555395, 0, 6, 1744719902, 1
1, 7, 19, 2, 180497952, 198555395, 0, 5, 1632421725, 1
1, 7, 19, 2, 180497952, 198555395, 0, 4, 1483804858, 1
1, 7, 19, 2, 180497952, 198555395, 0, 3, 1173939007, 1
1, 7, 19, 2, 180497952, 198555395, 0, 2, 646044253, 1
1, 7, 19, 2, 180497952, 198555395, 0, 1, 1, 1
1, 8, 19, 2, 198555396, 229558245, 0, 17, 2110044740, 1
1, 8, 19, 2, 198555396, 229558245, 0, 16, 2102167512, 1
1, 8, 19, 2, 198555396, 229558245, 0, 15, 2092511750, 1
1, 8, 19, 2, 198555396, 229558245, 0, 14, 2081476594, 1
1, 8, 19, 2, 198555396, 229558245, 0, 13, 2068743722, 1
1, 8, 19, 2, 198555396, 229558245, 0, 12, 2053888704, 1
1, 8, 19, 2, 198555396, 229558245, 0, 11, 2036332775, 1
1, 8, 19, 2, 198555396, 229558245, 0, 10, 2010170437, 1
1, 8, 19, 2, 198555396, 229558245, 0, 9, 1990464158, 1
1, 8, 19, 2, 198555396, 229558245, 0, 8, 1944407425, 1
1, 8, 19, 2, 198555396, 229558245, 0, 7, 1898291404, 1
1, 8, 19, 2, 198555396, 229558245, 0, 6, 1802511109, 1
1, 8, 19, 2, 198555396, 229558245, 0, 5, 1679460275, 1
1, 8, 19, 2, 198555396, 229558245, 0, 4, 1518571369, 1
1, 8, 19, 2, 198555396, 229558245, 0, 3, 1188252122, 1
1, 8, 19, 2, 198555396, 229558245, 0, 2, 619450573, 1
1, 8, 19, 2, 198555396, 229558245, 0, 1, 33195621, 1
1, 9, 19, 2, 229558246, 251686825, 0, 17, 2151080254, 1
1, 9, 19, 2, 229558246, 251686825, 0, 16, 2143947647, 1
1, 9, 19, 2, 229558246, 251686825, 0, 15, 2134760538, 1
1, 9, 19, 2, 229558246, 251686825, 0, 14, 2124260985, 1
1, 9, 19, 2, 229558246, 251686825, 0, 13, 2112146115, 1
1, 9, 19, 2, 229558246, 251686825, 0, 12, 2098012101, 1
1, 9, 19, 2, 229558246, 251686825, 0, 11, 2081308266, 1
1, 9, 19, 2, 229558246, 251686825, 0, 10, 2046891896, 1
1, 9, 19, 2, 229558246, 251686825, 0, 9, 2017097354, 1
1, 9, 19, 2, 229558246, 251686825, 0, 8, 1961787912, 1
1, 9, 19, 2, 229558246, 251686825, 0, 7, 1897265770, 1
1, 9, 19, 2, 229558246, 251686825, 0, 6, 1797142564, 1
1, 9, 19, 2, 229558246, 251686825, 0, 5, 1647514857, 1
1, 9, 19, 2, 229558246, 251686825, 0, 4, 1447220975, 1
1, 9, 19, 2, 229558246, 251686825, 0, 3, 1064455245, 1
1, 9, 19, 2, 229558246, 251686825, 0, 2, 496106107, 1
1, 9, 19, 2, 229558246, 251686825, 0, 1, 1, 1
1, 10, 19, 2, 251686826, 352279038, 0, 17, 2236211031, 1
1, 10, 19, 2, 251686826, 352279038, 0, 16, 2225869051, 1
1, 10, 19, 2, 251686826, 352279038, 0, 15, 2213295365, 1
1, 10, 19, 2, 251686826, 352279038, 0, 14, 2197163878, 1
1, 10, 19, 2, 251686826, 352279038, 0, 13, 2178550624, 1
1, 10, 19, 2, 251686826, 352279038, 0, 12, 2158890315, 1
1, 10, 19, 2, 251686826, 352279038, 0, 11, 2133413418, 1
1, 10, 19, 2, 251686826, 352279038, 0, 10, 2096256586, 1
1, 10, 19, 2, 251686826, 352279038, 0, 9, 2057200338, 1
1, 10, 19, 2, 251686826, 352279038, 0, 8, 1995349820, 1
1, 10, 19, 2, 251686826, 352279038, 0, 7, 1932867611, 1
1, 10, 19, 2, 251686826, 352279038, 0, 6, 1816558037, 1
1, 10, 19, 2, 251686826, 352279038, 0, 5, 1663293407, 1
1, 10, 19, 2, 251686826, 352279038, 0, 4, 1433764151, 1
1, 10, 19, 2, 251686826, 352279038, 0, 3, 1002272797, 1
1, 10, 19, 2, 251686826, 352279038, 0, 2, 501759867, 1
1, 10, 19, 2, 251686826, 352279038, 0, 1, 15468797, 1
1, 11, 19, 2, 352279039, 377554821, 0, 17, 2296498663, 1
1, 11, 19, 2, 352279039, 377554821, 0, 16, 2288404557, 1
1, 11, 19, 2, 352279039, 377554821, 0, 15, 2276813671, 1
1, 11, 19, 2, 352279039, 377554821, 0, 14, 2263566943, 1
1, 11, 19, 2, 352279039, 377554821, 0, 13, 2248282258, 1
1, 11, 19, 2, 352279039, 377554821, 0, 12, 2230450125, 1
1, 11, 19, 2, 352279039, 377554821, 0, 11, 2209375786, 1
1, 11, 19, 2, 352279039, 377554821, 0, 10, 2175097755, 1
1, 11, 19, 2, 352279039, 377554821, 0, 9, 2099563820, 1
1, 11, 19, 2, 352279039, 377554821, 0, 8, 2033277208, 1
1, 11, 19, 2, 352279039, 377554821, 0, 7, 1969146864, 1
1, 11, 19, 2, 352279039, 377554821, 0, 6, 1850639778, 1
1, 11, 19, 2, 352279039, 377554821, 0, 5, 1694298632, 1
1, 11, 19, 2, 352279039, 377554821, 0, 4, 1460154601, 1
1, 11, 19, 2, 352279039, 377554821, 0, 3, 1020971955, 1
1, 11, 19, 2, 352279039, 377554821, 0, 2, 509997703, 1
1, 11, 19, 2, 352279039, 377554821, 0, 1, 6315537, 1
1, 12, 19, 2, 377554822, 427819154, 0, 17, 2315542260, 1
1, 12, 19, 2, 377554822, 427819154, 0, 16, 2304515239, 1
1, 12, 19, 2, 377554822, 427819154, 0, 15, 2289600382, 1
1, 12, 19, 2, 377554822, 427819154, 0, 14, 2272554830, 1
1, 12, 19, 2, 377554822, 427819154, 0, 13, 2249020671, 1
1, 12, 19, 2, 377554822, 427819154, 0, 12, 2221564152, 1
1, 12, 19, 2, 377554822, 427819154, 0, 11, 2193684702, 1
1, 12, 19, 2, 377554822, 427819154, 0, 10, 2151240539, 1
1, 12, 19, 2, 377554822, 427819154, 0, 9, 2107078021, 1
1, 12, 19, 2, 377554822, 427819154, 0, 8, 2033484404, 1
1, 12, 19, 2, 377554822, 427819154, 0, 7, 1959959339, 1
1, 12, 19, 2, 377554822, 427819154, 0, 6, 1828925958, 1
1, 12, 19, 2, 377554822, 427819154, 0, 5, 1655048000, 1
1, 12, 19, 2, 377554822, 427819154, 0, 4, 1394598749, 1
1, 12, 19, 2, 377554822, 427819154, 0, 3, 942697506, 1
1, 12, 19, 2, 377554822, 427819154, 0, 2, 470043398, 1
1, 12, 19, 2, 377554822, 427819154, 0, 1, 9856423, 1
1, 13, 19, 2, 427819155, 477342761, 0, 17, 2334649635, 1
1, 13, 19, 2, 427819155, 477342761, 0, 16, 2321515948, 1
1, 13, 19, 2, 427819155, 477342761, 0, 15, 2306874208, 1
1, 13, 19, 2, 427819155, 477342761, 0, 14, 2288105981, 1
1, 13, 19, 2, 427819155, 477342761, 0, 13, 2266450334, 1
1, 13, 19, 2, 427819155, 477342761, 0, 12, 2243559357, 1
1, 13, 19, 2, 427819155, 477342761, 0, 11, 2213916626, 1
1, 13, 19, 2, 427819155, 477342761, 0, 10, 2167973079, 1
1, 13, 19, 2, 427819155, 477342761, 0, 9, 2119595875, 1
1, 13, 19, 2, 427819155, 477342761, 0, 8, 2043880166, 1
1, 13, 19, 2, 427819155, 477342761, 0, 7, 1961250518, 1
1, 13, 19, 2, 427819155, 477342761, 0, 6, 1819569926, 1
1, 13, 19, 2, 427819155, 477342761, 0, 5, 1638339713, 1
1, 13, 19, 2, 427819155, 477342761, 0, 4, 1341386695, 1
1, 13, 19, 2, 427819155, 477342761, 0, 3, 882811936, 1
1, 13, 19, 2, 427819155, 477342761, 0, 2, 444379407, 1
1, 13, 19, 2, 427819155, 477342761, 0, 1, 1, 1
1, 14, 19, 2, 477342762, 515754186, 0, 17, 2355801155, 1
1, 14, 19, 2, 477342762, 515754186, 0, 16, 2341306161, 1
1, 14, 19, 2, 477342762, 515754186, 0, 15, 2325121606, 1
1, 14, 19, 2, 477342762, 515754186, 0, 14, 2304590161, 1
1, 14, 19, 2, 477342762, 515754186, 0, 13, 2278662606, 1
1, 14, 19, 2, 477342762, 515754186, 0, 12, 2253211615, 1
1, 14, 19, 2, 477342762, 515754186, 0, 11, 2220543414, 1
1, 14, 19, 2, 477342762, 515754186, 0, 10, 2173698811, 1
1, 14, 19, 2, 477342762, 515754186, 0, 9, 2121187529, 1
1, 14, 19, 2, 477342762, 515754186, 0, 8, 2040304222, 1
1, 14, 19, 2, 477342762, 515754186, 0, 7, 1951030519, 1
1, 14, 19, 2, 477342762, 515754186, 0, 6, 1800491187, 1
1, 14, 19, 2, 477342762, 515754186, 0, 5, 1606858738, 1
1, 14, 19, 2, 477342762, 515754186, 0, 4, 1291302366, 1
1, 14, 19, 2, 477342762, 515754186, 0, 3, 844995401, 1
1, 14, 19, 2, 477342762, 515754186, 0, 2, 400670226, 1
1, 14, 19, 2, 477342762, 515754186, 0, 1, 25453619, 1
1, 15, 19, 2, 515754187, 569576819, 0, 17, 2370624848, 1
1, 15, 19, 2, 515754187, 569576819, 0, 16, 2354000494, 1
1, 15, 19, 2, 515754187, 569576819, 0, 15, 2335402663, 1
1, 15, 19, 2, 515754187, 569576819, 0, 14, 2313368432, 1
1, 15, 19, 2, 515754187, 569576819, 0, 13, 2288783854, 1
1, 15, 19, 2, 515754187, 569576819, 0, 12, 2260101846, 1
1, 15, 19, 2, 515754187, 569576819, 0, 11, 2226204927, 1
1, 15, 19, 2, 515754187, 569576819, 0, 10, 2177159255, 1
1, 15, 19, 2, 515754187, 569576819, 0, 9, 2118447543, 1
1, 15, 19, 2, 515754187, 569576819, 0, 8, 2033277647, 1
1, 15, 19, 2, 515754187, 569576819, 0, 7, 1936015369, 1
1, 15, 19, 2, 515754187, 569576819, 0, 6, 1774824602, 1
1, 15, 19, 2, 515754187, 569576819, 0, 5, 1566280144, 1
1, 15, 19, 2, 515754187, 569576819, 0, 4, 1228355760, 1
1, 15, 19, 2, 515754187, 569576819, 0, 3, 825192463, 1
1, 15, 19, 2, 515754187, 569576819, 0, 2, 415374499, 1
1, 15, 19, 2, 515754187, 569576819, 0, 1, 5968708, 1
1, 16, 19, 2, 569576820, 605260276, 0, 17, 2421174945, 1
1, 16, 19, 2, 569576820, 605260276, 0, 16, 2405539282, 1
1, 16, 19, 2, 569576820, 605260276, 0, 15, 2385578319, 1
1, 16, 19, 2, 569576820, 605260276, 0, 14, 2362765789, 1
1, 16, 19, 2, 569576820, 605260276, 0, 13, 2336443640, 1
1, 16, 19, 2, 569576820, 605260276, 0, 12, 2305734465, 1
1, 16, 19, 2, 569576820, 605260276, 0, 11, 2270433981, 1
1, 16, 19, 2, 569576820, 605260276, 0, 10, 2219704030, 1
1, 16, 19, 2, 569576820, 605260276, 0, 9, 2158933755, 1
1, 16, 19, 2, 569576820, 605260276, 0, 8, 2071190656, 1
1, 16, 19, 2, 569576820, 605260276, 0, 7, 1970619973, 1
1, 16, 19, 2, 569576820, 605260276, 0, 6, 1805018001, 1
1, 16, 19, 2, 569576820, 605260276, 0, 5, 1590297854, 1
1, 16, 19, 2, 569576820, 605260276, 0, 4, 1235327892, 1
1, 16, 19, 2, 569576820, 605260276, 0, 3, 814131359, 1
1, 16, 19, 2, 569576820, 605260276, 0, 2, 393714956, 1
1, 16, 19, 2, 569576820, 605260276, 0, 1, 14248110, 1
1, 17, 19, 2, 605260277, 654535900, 0, 17, 2400019675, 1
1, 17, 19, 2, 605260277, 654535900, 0, 16, 2380745855, 1
1, 17, 19, 2, 605260277, 654535900, 0, 15, 2356661646, 1
1, 17, 19, 2, 605260277, 654535900, 0, 14, 2331482551, 1
1, 17, 19, 2, 605260277, 654535900, 0, 13, 2302681589, 1
1, 17, 19, 2, 605260277, 654535900, 0, 12, 2266070972, 1
1, 17, 19, 2, 605260277, 654535900, 0, 11, 2223796055, 1
1, 17, 19, 2, 605260277, 654535900, 0, 10, 2167082893, 1
1, 17, 19, 2, 605260277, 654535900, 0, 9, 2102862758, 1
1, 17, 19, 2, 605260277, 654535900, 0, 8, 2010806464, 1
1, 17, 19, 2, 605260277, 654535900, 0, 7, 1900246741, 1
1, 17, 19, 2, 605260277, 654535900, 0, 6, 1728752384, 1
1, 17, 19, 2, 605260277, 654535900, 0, 5, 1498161709, 1
1, 17, 19, 2, 605260277, 654535900, 0, 4, 1128438603, 1
1, 17, 19, 2, 605260277, 654535900, 0, 3, 744465550, 1
1, 17, 19, 2, 605260277, 654535900, 0, 2, 366817227, 1
1, 17, 19, 2, 605260277, 654535900, 0, 1, 1, 1
1, 18, 19, 2, 654535901, 733815530, 0, 17, 2439398636, 1
1, 18, 19, 2, 654535901, 733815530, 0, 16, 2421830170, 1
1, 18, 19, 2, 654535901, 733815530, 0, 15, 2375705854, 1
1, 18, 19, 2, 654535901, 733815530, 0, 14, 2348701884, 1
1, 18, 19, 2, 654535901, 733815530, 0, 13, 2317795297, 1
1, 18, 19, 2, 654535901, 733815530, 0, 12, 2281464786, 1
1, 18, 19, 2, 654535901, 733815530, 0, 11, 2233236119, 1
1, 18, 19, 2, 654535901, 733815530, 0, 10, 2173007718, 1
1, 18, 19, 2, 654535901, 733815530, 0, 9, 2104491180, 1
1, 18, 19, 2, 654535901, 733815530, 0, 8, 2007064382, 1
1, 18, 19, 2, 654535901, 733815530, 0, 7, 1889599726, 1
1, 18, 19, 2, 654535901, 733815530, 0, 6, 1708898791, 1
1, 18, 19, 2, 654535901, 733815530, 0, 5, 1465418907, 1
1, 18, 19, 2, 654535901, 733815530, 0, 4, 1090976610, 1
1, 18, 19, 2, 654535901, 733815530, 0, 3, 714120755, 1
1, 18, 19, 2, 654535901, 733815530, 0, 2, 352925171, 1
1, 18, 19, 2, 654535901, 733815530, 0, 1, 1, 1
1, 19, 19, 2, 733815531, 796391875, 0, 17, 2449248779, 1
1, 19, 19, 2, 733815531, 796391875, 0, 16, 2427887728, 1
1, 19, 19, 2, 733815531, 796391875, 0, 15, 2402738293, 1
1, 19, 19, 2, 733815531, 796391875, 0, 14, 2373996083, 1
1, 19, 19, 2, 733815531, 796391875, 0, 13, 2340831994, 1
1, 19, 19, 2, 733815531, 796391875, 0, 12, 2302140557, 1
1, 19, 19, 2, 733815531, 796391875, 0, 11, 2256414313, 1
1, 19, 19, 2, 733815531, 796391875, 0, 10, 2193039558, 1
1, 19, 19, 2, 733815531, 796391875, 0, 9, 2120677478, 1
1, 19, 19, 2, 733815531, 796391875, 0, 8, 2018443753, 1
1, 19, 19, 2, 733815531, 796391875, 0, 7, 1894798760, 1
1, 19, 19, 2, 733815531, 796391875, 0, 6, 1705857377, 1
1, 19, 19, 2, 733815531, 796391875, 0, 5, 1450840866, 1
1, 19, 19, 2, 733815531, 796391875, 0, 4, 1086898450, 1
1, 19, 19, 2, 733815531, 796391875, 0, 3, 713633992, 1
1, 19, 19, 2, 733815531, 796391875, 0, 2, 362595898, 1
1, 19, 19, 2, 733815531, 796391875, 0, 1, 23627795, 1
1, 20, 19, 2, 796391876, 848838298, 0, 17, 2450133698, 1
1, 20, 19, 2, 796391876, 848838298, 0, 16, 2426005041, 1
1, 20, 19, 2, 796391876, 848838298, 0, 15, 2398095318, 1
1, 20, 19, 2, 796391876, 848838298, 0, 14, 2366370595, 1
1, 20, 19, 2, 796391876, 848838298, 0, 13, 2325629868, 1
1, 20, 19, 2, 796391876, 848838298, 0, 12, 2282378116, 1
1, 20, 19, 2, 796391876, 848838298, 0, 11, 2231481452, 1
1, 20, 19, 2, 796391876, 848838298, 0, 10, 2163501876, 1
1, 20, 19, 2, 796391876, 848838298, 0, 9, 2083088066, 1
1, 20, 19, 2, 796391876, 848838298, 0, 8, 1971516640, 1
1, 20, 19, 2, 796391876, 848838298, 0, 7, 1835866033, 1
1, 20, 19, 2, 796391876, 848838298, 0, 6, 1630917164, 1
1, 20, 19, 2, 796391876, 848838298, 0, 5, 1343794657, 1
1, 20, 19, 2, 796391876, 848838298, 0, 4, 977694662, 1
1, 20, 19, 2, 796391876, 848838298, 0, 3, 627898880, 1
1, 20, 19, 2, 796391876, 848838298, 0, 2, 311557949, 1
1, 20, 19, 2, 796391876, 848838298, 0, 1, 1, 1
1, 21, 19, 2, 848838299, 922135145, 0, 17, 2469337329, 1
1, 21, 19, 2, 848838299, 922135145, 0, 16, 2443363906, 1
1, 21, 19, 2, 848838299, 922135145, 0, 15, 2413363450, 1
1, 21, 19, 2, 848838299, 922135145, 0, 14, 2382966624, 1
1, 21, 19, 2, 848838299, 922135145, 0, 13, 2344064528, 1
1, 21, 19, 2, 848838299, 922135145, 0, 12, 2298289009, 1
1, 21, 19, 2, 848838299, 922135145, 0, 11, 2244615840, 1
1, 21, 19, 2, 848838299, 922135145, 0, 10, 2173077716, 1
1, 21, 19, 2, 848838299, 922135145, 0, 9, 2088314568, 1
1, 21, 19, 2, 848838299, 922135145, 0, 8, 1969393035, 1
1, 21, 19, 2, 848838299, 922135145, 0, 7, 1827337715, 1
1, 21, 19, 2, 848838299, 922135145, 0, 6, 1618413787, 1
1, 21, 19, 2, 848838299, 922135145, 0, 5, 1319046629, 1
1, 21, 19, 2, 848838299, 922135145, 0, 4, 998673052, 1
1, 21, 19, 2, 848838299, 922135145, 0, 3, 660378795, 1
1, 21, 19, 2, 848838299, 922135145, 0, 2, 335917886, 1
1, 21, 19, 2, 848838299, 922135145, 0, 1, 1, 1
1, 22, 19, 2, 922135146, 1019863704, 0, 17, 2433503200, 1
1, 22, 19, 2, 922135146, 1019863704, 0, 16, 2404754093, 1
1, 22, 19, 2, 922135146, 1019863704, 0, 15, 2373053165, 1
1, 22, 19, 2, 922135146, 1019863704, 0, 14, 2336823534, 1
1, 22, 19, 2, 922135146, 1019863704, 0, 13, 2291191277, 1
1, 22, 19, 2, 922135146, 1019863704, 0, 12, 2242101550, 1
1, 22, 19, 2, 922135146, 1019863704, 0, 11, 2213585593, 1
1, 22, 19, 2, 922135146, 1019863704, 0, 10, 2139248919, 1
1, 22, 19, 2, 922135146, 1019863704, 0, 9, 2052369138, 1
1, 22, 19, 2, 922135146, 1019863704, 0, 8, 1926223649, 1
1, 22, 19, 2, 922135146, 1019863704, 0, 7, 1773287158, 1
1, 22, 19, 2, 922135146, 1019863704, 0, 6, 1552267162, 1
1, 22, 19, 2, 922135146, 1019863704, 0, 5, 1252740953, 1
1, 22, 19, 2, 922135146, 1019863704, 0, 4, 923094429, 1
1, 22, 19, 2, 922135146, 1019863704, 0, 3, 609649230, 1
1, 22, 19, 2, 922135146, 1019863704, 0, 2, 302526884, 1
1, 22, 19, 2, 922135146, 1019863704, 0, 1, 1, 1
1, 23, 19, 2, 1019863705, 1118486398, 0, 17, 2410356904, 1
1, 23, 19, 2, 1019863705, 1118486398, 0, 16, 2379166599, 1
1, 23, 19, 2, 1019863705, 1118486398, 0, 15, 2342403248, 1
1, 23, 19, 2, 1019863705, 1118486398, 0, 14, 2300387990, 1
1, 23, 19, 2, 1019863705, 1118486398, 0, 13, 2252347352, 1
1, 23, 19, 2, 1019863705, 1118486398, 0, 12, 2195824893, 1
1, 23, 19, 2, 1019863705, 1118486398, 0, 11, 2176651278, 1
1, 23, 19, 2, 1019863705, 1118486398, 0, 10, 2094189164, 1
1, 23, 19, 2, 1019863705, 1118486398, 0, 9, 1997740529, 1
1, 23, 19, 2, 1019863705, 1118486398, 0, 8, 1858606702, 1
1, 23, 19, 2, 1019863705, 1118486398, 0, 7, 1688970919, 1
1, 23, 19, 2, 1019863705, 1118486398, 0, 6, 1509618815, 1
1, 23, 19, 2, 1019863705, 1118486398, 0, 5, 1213960952, 1
1, 23, 19, 2, 1019863705, 1118486398, 0, 4, 908450151, 1
1, 23, 19, 2, 1019863705, 1118486398, 0, 3, 588683102, 1
1, 23, 19, 2, 1019863705, 1118486398, 0, 2, 297538489, 1
1, 23, 19, 2, 1019863705, 1118486398, 0, 1, 1, 1
1, 24, 19, 2, 1118486399, 1200093126, 0, 17, 2387908292, 1
1, 24, 19, 2, 1118486399, 1200093126, 0, 16, 2353645078, 1
1, 24, 19, 2, 1118486399, 1200093126, 0, 15, 2312015948, 1
1, 24, 19, 2, 1118486399, 1200093126, 0, 14, 2264439799, 1
1, 24, 19, 2, 1118486399, 1200093126, 0, 13, 2209544242, 1
1, 24, 19, 2, 1118486399, 1200093126, 0, 12, 2174287206, 1
1, 24, 19, 2, 1118486399, 1200093126, 0, 11, 2147685786, 1
1, 24, 19, 2, 1118486399, 1200093126, 0, 10, 2054318016, 1
1, 24, 19, 2, 1118486399, 1200093126, 0, 9, 1947531950, 1
1, 24, 19, 2, 1118486399, 1200093126, 0, 8, 1800085817, 1
1, 24, 19, 2, 1118486399, 1200093126, 0, 7, 1618718379, 1
1, 24, 19, 2, 1118486399, 1200093126, 0, 6, 1418796561, 1
1, 24, 19, 2, 1118486399, 1200093126, 0, 5, 1135437927, 1
1, 24, 19, 2, 1118486399, 1200093126, 0, 4, 843465332, 1
1, 24, 19, 2, 1118486399, 1200093126, 0, 3, 557938685, 1
1, 24, 19, 2, 1118486399, 1200093126, 0, 2, 277947714, 1
1, 24, 19, 2, 1118486399, 1200093126, 0, 1, 6241777, 1
1, 25, 19, 2, 1200093127, 1289807997, 0, 17, 2391502240, 1
1, 25, 19, 2, 1200093127, 1289807997, 0, 16, 2356695810, 1
1, 25, 19, 2, 1200093127, 1289807997, 0, 15, 2314985117, 1
1, 25, 19, 2, 1200093127, 1289807997, 0, 14, 2267315754, 1
1, 25, 19, 2, 1200093127, 1289807997, 0, 13, 2213581251, 1
1, 25, 19, 2, 1200093127, 1289807997, 0, 12, 2192337562, 1
1, 25, 19, 2, 1200093127, 1289807997, 0, 11, 2159173492, 1
1, 25, 19, 2, 1200093127, 1289807997, 0, 10, 2070510852, 1
1, 25, 19, 2, 1200093127, 1289807997, 0, 9, 1966697611, 1
1, 25, 19, 2, 1200093127, 1289807997, 0, 8, 1815612923, 1
1, 25, 19, 2, 1200093127, 1289807997, 0, 7, 1630019776, 1
1, 25, 19, 2, 1200093127, 1289807997, 0, 6, 1380087032, 1
1, 25, 19, 2, 1200093127, 1289807997, 0, 5, 1102302435, 1
1, 25, 19, 2, 1200093127, 1289807997, 0, 4, 818207311, 1
1, 25, 19, 2, 1200093127, 1289807997, 0, 3, 535216898, 1
1, 25, 19, 2, 1200093127, 1289807997, 0, 2, 256441726, 1
1, 25, 19, 2, 1200093127, 1289807997, 0, 1, 4421800, 1
1, 26, 19, 2, 1289807998, 1402003751, 0, 17, 2377222816, 1
1, 26, 19, 2, 1289807998, 1402003751, 0, 16, 2343383091, 1
1, 26, 19, 2, 1289807998, 1402003751, 0, 15, 2299742421, 1
1, 26, 19, 2, 1289807998, 1402003751, 0, 14, 2250457195, 1
1, 26, 19, 2, 1289807998, 1402003751, 0, 13, 2192954430, 1
1, 26, 19, 2, 1289807998, 1402003751, 0, 12, 2160978707, 1
1, 26, 19, 2, 1289807998, 1402003751, 0, 11, 2138705966, 1
1, 26, 19, 2, 1289807998, 1402003751, 0, 10, 2048121093, 1
1, 26, 19, 2, 1289807998, 1402003751, 0, 9, 1938250230, 1
1, 26, 19, 2, 1289807998, 1402003751, 0, 8, 1783529124, 1
1, 26, 19, 2, 1289807998, 1402003751, 0, 7, 1588762741, 1
1, 26, 19, 2, 1289807998, 1402003751, 0, 6, 1326355630, 1
1, 26, 19, 2, 1289807998, 1402003751, 0, 5, 1058194795, 1
1, 26, 19, 2, 1289807998, 1402003751, 0, 4, 790963666, 1
1, 26, 19, 2, 1289807998, 1402003751, 0, 3, 518772471, 1
1, 26, 19, 2, 1289807998, 1402003751, 0, 2, 254403589, 1
1, 26, 19, 2, 1289807998, 1402003751, 0, 1, 3333979, 1
1, 27, 19, 2, 1402003752, 1558472081, 0, 17, 2380477630, 1
1, 27, 19, 2, 1402003752, 1558472081, 0, 16, 2343609866, 1
1, 27, 19, 2, 1402003752, 1558472081, 0, 15, 2300040415, 1
1, 27, 19, 2, 1402003752, 1558472081, 0, 14, 2250246756, 1
1, 27, 19, 2, 1402003752, 1558472081, 0, 13, 2192792534, 1
1, 27, 19, 2, 1402003752, 1558472081, 0, 12, 2150919085, 1
1, 27, 19, 2, 1402003752, 1558472081, 0, 11, 2073988853, 1
1, 27, 19, 2, 1402003752, 1558472081, 0, 10, 1975906140, 1
1, 27, 19, 2, 1402003752, 1558472081, 0, 9, 1862561124, 1
1, 27, 19, 2, 1402003752, 1558472081, 0, 8, 1721594759, 1
1, 27, 19, 2, 1402003752, 1558472081, 0, 7, 1516337753, 1
1, 27, 19, 2, 1402003752, 1558472081, 0, 6, 1258029595, 1
1, 27, 19, 2, 1402003752, 1558472081, 0, 5, 1001650722, 1
1, 27, 19, 2, 1402003752, 1558472081, 0, 4, 748355560, 1
1, 27, 19, 2, 1402003752, 1558472081, 0, 3, 491164670, 1
1, 27, 19, 2, 1402003752, 1558472081, 0, 2, 245975044, 1
1, 27, 19, 2, 1402003752, 1558472081, 0, 1, 1, 1
1, 28, 19, 2, 1558472082, 1652109678, 0, 17, 2355897477, 1
1, 28, 19, 2, 1558472082, 1652109678, 0, 16, 2317107122, 1
1, 28, 19, 2, 1558472082, 1652109678, 0, 15, 2271748868, 1
1, 28, 19, 2, 1558472082, 1652109678, 0, 14, 2243665988, 1
1, 28, 19, 2, 1558472082, 1652109678, 0, 13, 2185513494, 1
1, 28, 19, 2, 1558472082, 1652109678, 0, 12, 2119220675, 1
1, 28, 19, 2, 1558472082, 1652109678, 0, 11, 2039378834, 1
1, 28, 19, 2, 1558472082, 1652109678, 0, 10, 1943088985, 1
1, 28, 19, 2, 1558472082, 1652109678, 0, 9, 1822699674, 1
1, 28, 19, 2, 1558472082, 1652109678, 0, 8, 1653159343, 1
1, 28, 19, 2, 1558472082, 1652109678, 0, 7, 1437213343, 1
1, 28, 19, 2, 1558472082, 1652109678, 0, 6, 1188093095, 1
1, 28, 19, 2, 1558472082, 1652109678, 0, 5, 953032595, 1
1, 28, 19, 2, 1558472082, 1652109678, 0, 4, 711498783, 1
1, 28, 19, 2, 1558472082, 1652109678, 0, 3, 469090112, 1
1, 28, 19, 2, 1558472082, 1652109678, 0, 2, 230612222, 1
1, 28, 19, 2, 1558472082, 1652109678, 0, 1, 1, 1
1, 29, 19, 2, 1652109679, 1794208911, 0, 17, 2286575860, 1
1, 29, 19, 2, 1652109679, 1794208911, 0, 16, 2241095355, 1
1, 29, 19, 2, 1652109679, 1794208911, 0, 15, 2214321965, 1
1, 29, 19, 2, 1652109679, 1794208911, 0, 14, 2192209799, 1
1, 29, 19, 2, 1652109679, 1794208911, 0, 13, 2150588426, 1
1, 29, 19, 2, 1652109679, 1794208911, 0, 12, 2076808755, 1
1, 29, 19, 2, 1652109679, 1794208911, 0, 11, 1989614598, 1
1, 29, 19, 2, 1652109679, 1794208911, 0, 10, 1939661092, 1
1, 29, 19, 2, 1652109679, 1794208911, 0, 9, 1819264974, 1
1, 29, 19, 2, 1652109679, 1794208911, 0, 8, 1645957266, 1
1, 29, 19, 2, 1652109679, 1794208911, 0, 7, 1424036524, 1
1, 29, 19, 2, 1652109679, 1794208911, 0, 6, 1184010825, 1
1, 29, 19, 2, 1652109679, 1794208911, 0, 5, 947257137, 1
1, 29, 19, 2, 1652109679, 1794208911, 0, 4, 702385701, 1
1, 29, 19, 2, 1652109679, 1794208911, 0, 3, 475795019, 1
1, 29, 19, 2, 1652109679, 1794208911, 0, 2, 235089377, 1
1, 29, 19, 2, 1652109679, 1794208911, 0, 1, 1, 1
1, 30, 19, 2, 1794208912, 2014015324, 0, 17, 2248552037, 1
1, 30, 19, 2, 1794208912, 2014015324, 0, 16, 2200690803, 1
1, 30, 19, 2, 1794208912, 2014015324, 0, 15, 2167630261, 1
1, 30, 19, 2, 1794208912, 2014015324, 0, 14, 2131667121, 1
1, 30, 19, 2, 1794208912, 2014015324, 0, 13, 2102733562, 1
1, 30, 19, 2, 1794208912, 2014015324, 0, 12, 2026684759, 1
1, 30, 19, 2, 1794208912, 2014015324, 0, 11, 1936808900, 1
1, 30, 19, 2, 1794208912, 2014015324, 0, 10, 1865078083, 1
1, 30, 19, 2, 1794208912, 2014015324, 0, 9, 1731168259, 1
1, 30, 19, 2, 1794208912, 2014015324, 0, 8, 1545667772, 1
1, 30, 19, 2, 1794208912, 2014015324, 0, 7, 1344721821, 1
1, 30, 19, 2, 1794208912, 2014015324, 0, 6, 1118405963, 1
1, 30, 19, 2, 1794208912, 2014015324, 0, 5, 893504357, 1
1, 30, 19, 2, 1794208912, 2014015324, 0, 4, 675535218, 1
1, 30, 19, 2, 1794208912, 2014015324, 0, 3, 455610059, 1
1, 30, 19, 2, 1794208912, 2014015324, 0, 2, 228934098, 1
1, 30, 19, 2, 1794208912, 2014015324, 0, 1, 1, 1
1, 31, 19, 2, 2014015325, 2240123940, 0, 17, 2260386202, 1
1, 31, 19, 2, 2014015325, 2240123940, 0, 16, 2213622439, 1
1, 31, 19, 2, 2014015325, 2240123940, 0, 15, 2183168139, 1
1, 31, 19, 2, 2014015325, 2240123940, 0, 14, 2125086584, 1
1, 31, 19, 2, 2014015325, 2240123940, 0, 13, 2085536295, 1
1, 31, 19, 2, 2014015325, 2240123940, 0, 12, 2009638494, 1
1, 31, 19, 2, 2014015325, 2240123940, 0, 11, 1919941092, 1
1, 31, 19, 2, 2014015325, 2240123940, 0, 10, 1831423936, 1
1, 31, 19, 2, 2014015325, 2240123940, 0, 9, 1696259330, 1
1, 31, 19, 2, 2014015325, 2240123940, 0, 8, 1509610766, 1
1, 31, 19, 2, 2014015325, 2240123940, 0, 7, 1290943794, 1
1, 31, 19, 2, 2014015325, 2240123940, 0, 6, 1069090891, 1
1, 31, 19, 2, 2014015325, 2240123940, 0, 5, 853101377, 1
1, 31, 19, 2, 2014015325, 2240123940, 0, 4, 628457640, 1
1, 31, 19, 2, 2014015325, 2240123940, 0, 3, 417724792, 1
1, 31, 19, 2, 2014015325, 2240123940, 0, 2, 204010744, 1
1, 31, 19, 2, 2014015325, 2240123940, 0, 1, 1, 1
1, 32, 19, 2, 2240123941, 2475081897, 0, 17, 2301853018, 1
1, 32, 19, 2, 2240123941, 2475081897, 0, 16, 2258087384, 1
1, 32, 19, 2, 2240123941, 2475081897, 0, 15, 2207632709, 1
1, 32, 19, 2, 2240123941, 2475081897, 0, 14, 2149970223, 1
1, 32, 19, 2, 2240123941, 2475081897, 0, 13, 2083436585, 1
1, 32, 19, 2, 2240123941, 2475081897, 0, 12, 2005814008, 1
1, 32, 19, 2, 2240123941, 2475081897, 0, 11, 1914078235, 1
1, 32, 19, 2, 2240123941, 2475081897, 0, 10, 1796173829, 1
1, 32, 19, 2, 2240123941, 2475081897, 0, 9, 1656162733, 1
1, 32, 19, 2, 2240123941, 2475081897, 0, 8, 1461399475, 1
1, 32, 19, 2, 2240123941, 2475081897, 0, 7, 1248817200, 1
1, 32, 19, 2, 2240123941, 2475081897, 0, 6, 1035734275, 1
1, 32, 19, 2, 2240123941, 2475081897, 0, 5, 830019214, 1
1, 32, 19, 2, 2240123941, 2475081897, 0, 4, 612863292, 1
1, 32, 19, 2, 2240123941, 2475081897, 0, 3, 407258417, 1
1, 32, 19, 2, 2240123941, 2475081897, 0, 2, 198878657, 1
1, 32, 19, 2, 2240123941, 2475081897, 0, 1, 1, 1
1, 33, 19, 2, 2475081898, 2745576110, 0, 17, 2247344827, 1
1, 33, 19, 2, 2475081898, 2745576110, 0, 16, 2200903156, 1
1, 33, 19, 2, 2475081898, 2745576110, 0, 15, 2148229155, 1
1, 33, 19, 2, 2475081898, 2745576110, 0, 14, 2088126492, 1
1, 33, 19, 2, 2475081898, 2745576110, 0, 13, 2018777265, 1
1, 33, 19, 2, 2475081898, 2745576110, 0, 12, 1937869834, 1
1, 33, 19, 2, 2475081898, 2745576110, 0, 11, 1842251961, 1
1, 33, 19, 2, 2475081898, 2745576110, 0, 10, 1720760808, 1
1, 33, 19, 2, 2475081898, 2745576110, 0, 9, 1575938106, 1
1, 33, 19, 2, 2475081898, 2745576110, 0, 8, 1382735480, 1
1, 33, 19, 2, 2475081898, 2745576110, 0, 7, 1186229349, 1
1, 33, 19, 2, 2475081898, 2745576110, 0, 6, 985939675, 1
1, 33, 19, 2, 2475081898, 2745576110, 0, 5, 786808372, 1
1, 33, 19, 2, 2475081898, 2745576110, 0, 4, 581121442, 1
1, 33, 19, 2, 2475081898, 2745576110, 0, 3, 381547062, 1
1, 33, 19, 2, 2475081898, 2745576110, 0, 2, 193430386, 1
1, 33, 19, 2, 2475081898, 2745576110, 0, 1, 205915, 1
1, 34, 19, 2, 2745576111, 2752941652, 0, 17, 2244588637, 1
1, 34, 19, 2, 2745576111, 2752941652, 0, 16, 2199618145, 1
1, 34, 19, 2, 2745576111, 2752941652, 0, 15, 2146995825, 1
1, 34, 19, 2, 2745576111, 2752941652, 0, 14, 2087759923, 1
1, 34, 19, 2, 2745576111, 2752941652, 0, 13, 2019410804, 1
1, 34, 19, 2, 2745576111, 2752941652, 0, 12, 1939670166, 1
1, 34, 19, 2, 2745576111, 2752941652, 0, 11, 1844280823, 1
1, 34, 19, 2, 2745576111, 2752941652, 0, 10, 1726542129, 1
1, 34, 19, 2, 2745576111, 2752941652, 0, 9, 1579827693, 1
1, 34, 19, 2, 2745576111, 2752941652, 0, 8, 1389227170, 1
1, 34, 19, 2, 2745576111, 2752941652, 0, 7, 1187294780, 1
1, 34, 19, 2, 2745576111, 2752941652, 0, 6, 987301594, 1
1, 34, 19, 2, 2745576111, 2752941652, 0, 5, 786196390, 1
1, 34, 19, 2, 2745576111, 2752941652, 0, 4, 580534838, 1
1, 34, 19, 2, 2745576111, 2752941652, 0, 3, 381002757, 1
1, 34, 19, 2, 2745576111, 2752941652, 0, 2, 192970679, 1
1, 34, 19, 2, 2745576111, 2752941652, 0, 1, 1, 1
1, 35, 19, 2, 2752941653, 3089898090, 0, 17, 2177724575, 1
1, 35, 19, 2, 2752941653, 3089898090, 0, 16, 2161044919, 1
1, 35, 19, 2, 2752941653, 3089898090, 0, 15, 2108278933, 1
1, 35, 19, 2, 2752941653, 3089898090, 0, 14, 2047974948, 1
1, 35, 19, 2, 2752941653, 3089898090, 0, 13, 1978393427, 1
1, 35, 19, 2, 2752941653, 3089898090, 0, 12, 1897214986, 1
1, 35, 19, 2, 2752941653, 3089898090, 0, 11, 1802492466, 1
1, 35, 19, 2, 2752941653, 3089898090, 0, 10, 1697583656, 1
1, 35, 19, 2, 2752941653, 3089898090, 0, 9, 1551683838, 1
1, 35, 19, 2, 2752941653, 3089898090, 0, 8, 1363775422, 1
1, 35, 19, 2, 2752941653, 3089898090, 0, 7, 1163752235, 1
1, 35, 19, 2, 2752941653, 3089898090, 0, 6, 969988035, 1
1, 35, 19, 2, 2752941653, 3089898090, 0, 5, 773513264, 1
1, 35, 19, 2, 2752941653, 3089898090, 0, 4, 576013207, 1
1, 35, 19, 2, 2752941653, 3089898090, 0, 3, 383988584, 1
1, 35, 19, 2, 2752941653, 3089898090, 0, 2, 194840503, 1
1, 35, 19, 2, 2752941653, 3089898090, 0, 1, 1186389, 1
1, 36, 19, 2, 3089898091, 3097047765, 0, 17, 2163877249, 1
1, 36, 19, 2, 3089898091, 3097047765, 0, 16, 2138141085, 1
1, 36, 19, 2, 3089898091, 3097047765, 0, 15, 2085533246, 1
1, 36, 19, 2, 3089898091, 3097047765, 0, 14, 2025410000, 1
1, 36, 19, 2, 3089898091, 3097047765, 0, 13, 1953611842, 1
1, 36, 19, 2, 3089898091, 3097047765, 0, 12, 1869847323, 1
1, 36, 19, 2, 3089898091, 3097047765, 0, 11, 1772068531, 1
1, 36, 19, 2, 3089898091, 3097047765, 0, 10, 1648906196, 1
1, 36, 19, 2, 3089898091, 3097047765, 0, 9, 1499785369, 1
1, 36, 19, 2, 3089898091, 3097047765, 0, 8, 1308392620, 1
1, 36, 19, 2, 3089898091, 3097047765, 0, 7, 1148555682, 1
1, 36, 19, 2, 3089898091, 3097047765, 0, 6, 960227662, 1
1, 36, 19, 2, 3089898091, 3097047765, 0, 5, 767192081, 1
1, 36, 19, 2, 3089898091, 3097047765, 0, 4, 568509860, 1
1, 36, 19, 2, 3089898091, 3097047765, 0, 3, 377294163, 1
1, 36, 19, 2, 3089898091, 3097047765, 0, 2, 181673202, 1
1, 36, 19, 2, 3089898091, 3097047765, 0, 1, 2663125, 1
1, 37, 19, 2, 3097047766, 3321967168, 0, 17, 2167679689, 1
1, 37, 19, 2, 3097047766, 3321967168, 0, 16, 2141512260, 1
1, 37, 19, 2, 3097047766, 3321967168, 0, 15, 2088415652, 1
1, 37, 19, 2, 3097047766, 3321967168, 0, 14, 2027733816, 1
1, 37, 19, 2, 3097047766, 3321967168, 0, 13, 1957716312, 1
1, 37, 19, 2, 3097047766, 3321967168, 0, 12, 1876029224, 1
1, 37, 19, 2, 3097047766, 3321967168, 0, 11, 1779489938, 1
1, 37, 19, 2, 3097047766, 3321967168, 0, 10, 1655999475, 1
1, 37, 19, 2, 3097047766, 3321967168, 0, 9, 1506477603, 1
1, 37, 19, 2, 3097047766, 3321967168, 0, 8, 1314583548, 1
1, 37, 19, 2, 3097047766, 3321967168, 0, 7, 1154102073, 1
1, 37, 19, 2, 3097047766, 3321967168, 0, 6, 964914670, 1
1, 37, 19, 2, 3097047766, 3321967168, 0, 5, 770675954, 1
1, 37, 19, 2, 3097047766, 3321967168, 0, 4, 570189029, 1
1, 37, 19, 2, 3097047766, 3321967168, 0, 3, 375965494, 1
1, 37, 19, 2, 3097047766, 3321967168, 0, 2, 185692983, 1
1, 37, 19, 2, 3097047766, 3321967168, 0, 1, 1, 1
1, 38, 19, 2, 3321967169, 3329026052, 0, 17, 2152223573, 1
1, 38, 19, 2, 3321967169, 3329026052, 0, 16, 2124967819, 1
1, 38, 19, 2, 3321967169, 3329026052, 0, 15, 2071178482, 1
1, 38, 19, 2, 3321967169, 3329026052, 0, 14, 2009704955, 1
1, 38, 19, 2, 3321967169, 3329026052, 0, 13, 1938773962, 1
1, 38, 19, 2, 3321967169, 3329026052, 0, 12, 1854827435, 1
1, 38, 19, 2, 3321967169, 3329026052, 0, 11, 1755617904, 1
1, 38, 19, 2, 3321967169, 3329026052, 0, 10, 1631057097, 1
1, 38, 19, 2, 3321967169, 3329026052, 0, 9, 1478457680, 1
1, 38, 19, 2, 3321967169, 3329026052, 0, 8, 1288192561, 1
1, 38, 19, 2, 3321967169, 3329026052, 0, 7, 1145745848, 1
1, 38, 19, 2, 3321967169, 3329026052, 0, 6, 950923583, 1
1, 38, 19, 2, 3321967169, 3329026052, 0, 5, 760184526, 1
1, 38, 19, 2, 3321967169, 3329026052, 0, 4, 565563240, 1
1, 38, 19, 2, 3321967169, 3329026052, 0, 3, 377270219, 1
1, 38, 19, 2, 3321967169, 3329026052, 0, 2, 186671526, 1
1, 38, 19, 2, 3321967169, 3329026052, 0, 1, 1, 1
1, 39, 19, 2, 3329026053, 3398775919, 0, 17, 2154712495, 1
1, 39, 19, 2, 3329026053, 3398775919, 0, 16, 2127479420, 1
1, 39, 19, 2, 3329026053, 3398775919, 0, 15, 2073715787, 1
1, 39, 19, 2, 3329026053, 3398775919, 0, 14, 2012271634, 1
1, 39, 19, 2, 3329026053, 3398775919, 0, 13, 1941374536, 1
1, 39, 19, 2, 3329026053, 3398775919, 0, 12, 1857467552, 1
1, 39, 19, 2, 3329026053, 3398775919, 0, 11, 1758304754, 1
1, 39, 19, 2, 3329026053, 3398775919, 0, 10, 1633800027, 1
1, 39, 19, 2, 3329026053, 3398775919, 0, 9, 1480347506, 1
1, 39, 19, 2, 3329026053, 3398775919, 0, 8, 1290052858, 1
1, 39, 19, 2, 3329026053, 3398775919, 0, 7, 1147568180, 1
1, 39, 19, 2, 3329026053, 3398775919, 0, 6, 952695295, 1
1, 39, 19, 2, 3329026053, 3398775919, 0, 5, 761885369, 1
1, 39, 19, 2, 3329026053, 3398775919, 0, 4, 567157780, 1
1, 39, 19, 2, 3329026053, 3398775919, 0, 3, 378687588, 1
1, 39, 19, 2, 3329026053, 3398775919, 0, 2, 187734553, 1
1, 39, 19, 2, 3329026053, 3398775919, 0, 1, 1, 1
1, 40, 19, 2, 3398775920, 3406273517, 0, 17, 2182468667, 1
1, 40, 19, 2, 3398775920, 3406273517, 0, 16, 2141514783, 1
1, 40, 19, 2, 3398775920, 3406273517, 0, 15, 2088167464, 1
1, 40, 19, 2, 3398775920, 3406273517, 0, 14, 2027199100, 1
1, 40, 19, 2, 3398775920, 3406273517, 0, 13, 1956850987, 1
1, 40, 19, 2, 3398775920, 3406273517, 0, 12, 1873584488, 1
1, 40, 19, 2, 3398775920, 3406273517, 0, 11, 1775178624, 1
1, 40, 19, 2, 3398775920, 3406273517, 0, 10, 1651582220, 1
1, 40, 19, 2, 3398775920, 3406273517, 0, 9, 1498540757, 1
1, 40, 19, 2, 3398775920, 3406273517, 0, 8, 1318138681, 1
1, 40, 19, 2, 3398775920, 3406273517, 0, 7, 1154920732, 1
1, 40, 19, 2, 3398775920, 3406273517, 0, 6, 959974831, 1
1, 40, 19, 2, 3398775920, 3406273517, 0, 5, 769062683, 1
1, 40, 19, 2, 3398775920, 3406273517, 0, 4, 574181761, 1
1, 40, 19, 2, 3398775920, 3406273517, 0, 3, 385456013, 1
1, 40, 19, 2, 3398775920, 3406273517, 0, 2, 193991868, 1
1, 40, 19, 2, 3398775920, 3406273517, 0, 1, 3853326, 1
1, 41, 19, 2, 3406273518, 3424584737, 0, 17, 2099448420, 1
1, 41, 19, 2, 3406273518, 3424584737, 0, 16, 2059042709, 1
1, 41, 19, 2, 3406273518, 3424584737, 0, 15, 2006316653, 1
1, 41, 19, 2, 3406273518, 3424584737, 0, 14, 1946058303, 1
1, 41, 19, 2, 3406273518, 3424584737, 0, 13, 1876529437, 1
1, 41, 19, 2, 3406273518, 3424584737, 0, 12, 1794218726, 1
1, 41, 19, 2, 3406273518, 3424584737, 0, 11, 1696942431, 1
1, 41, 19, 2, 3406273518, 3424584737, 0, 10, 1574701509, 1
1, 41, 19, 2, 3406273518, 3424584737, 0, 9, 1424325310, 1
1, 41, 19, 2, 3406273518, 3424584737, 0, 8, 1246120180, 1
1, 41, 19, 2, 3406273518, 3424584737, 0, 7, 1085726875, 1
1, 41, 19, 2, 3406273518, 3424584737, 0, 6, 894547167, 1
1, 41, 19, 2, 3406273518, 3424584737, 0, 5, 708907689, 1
1, 41, 19, 2, 3406273518, 3424584737, 0, 4, 521935772, 1
1, 41, 19, 2, 3406273518, 3424584737, 0, 3, 346391699, 1
1, 41, 19, 2, 3406273518, 3424584737, 0, 2, 181290902, 1
1, 41, 19, 2, 3406273518, 3424584737, 0, 1, 1, 1
1, 42, 19, 2, 3424584738, 3431896018, 0, 17, 2201103189, 1
1, 42, 19, 2, 3424584738, 3431896018, 0, 16, 2136456741, 1
1, 42, 19, 2, 3424584738, 3431896018, 0, 15, 2083124531, 1
1, 42, 19, 2, 3424584738, 3431896018, 0, 14, 2022173434, 1
1, 42, 19, 2, 3424584738, 3431896018, 0, 13, 1951845245, 1
1, 42, 19, 2, 3424584738, 3431896018, 0, 12, 1868601990, 1
1, 42, 19, 2, 3424584738, 3431896018, 0, 11, 1770223597, 1
1, 42, 19, 2, 3424584738, 3431896018, 0, 10, 1646660157, 1
1, 42, 19, 2, 3424584738, 3431896018, 0, 9, 1494667547, 1
1, 42, 19, 2, 3424584738, 3431896018, 0, 8, 1314441905, 1
1, 42, 19, 2, 3424584738, 3431896018, 0, 7, 1151450798, 1
1, 42, 19, 2, 3424584738, 3431896018, 0, 6, 956807353, 1
1, 42, 19, 2, 3424584738, 3431896018, 0, 5, 766318645, 1
1, 42, 19, 2, 3424584738, 3431896018, 0, 4, 572072881, 1
1, 42, 19, 2, 3424584738, 3431896018, 0, 3, 384405732, 1
1, 42, 19, 2, 3424584738, 3431896018, 0, 2, 195058782, 1
1, 42, 19, 2, 3424584738, 3431896018, 0, 1, 3618772, 1
1, 43, 19, 2, 3431896019, 3501665051, 0, 17, 2182448651, 1
1, 43, 19, 2, 3431896019, 3501665051, 0, 16, 2137815124, 1
1, 43, 19, 2, 3431896019, 3501665051, 0, 15, 2085288261, 1
1, 43, 19, 2, 3431896019, 3501665051, 0, 14, 2025257561, 1
1, 43, 19, 2, 3431896019, 3501665051, 0, 13, 1955991367, 1
1, 43, 19, 2, 3431896019, 3501665051, 0, 12, 1873987107, 1
1, 43, 19, 2, 3431896019, 3501665051, 0, 11, 1777072982, 1
1, 43, 19, 2, 3431896019, 3501665051, 0, 10, 1655266662, 1
1, 43, 19, 2, 3431896019, 3501665051, 0, 9, 1503178851, 1
1, 43, 19, 2, 3431896019, 3501665051, 0, 8, 1300200940, 1
1, 43, 19, 2, 3431896019, 3501665051, 0, 7, 1136707099, 1
1, 43, 19, 2, 3431896019, 3501665051, 0, 6, 941393341, 1
1, 43, 19, 2, 3431896019, 3501665051, 0, 5, 749966194, 1
1, 43, 19, 2, 3431896019, 3501665051, 0, 4, 554312773, 1
1, 43, 19, 2, 3431896019, 3501665051, 0, 3, 364299528, 1
1, 43, 19, 2, 3431896019, 3501665051, 0, 2, 170260387, 1
1, 43, 19, 2, 3431896019, 3501665051, 0, 1, 1, 1
1, 44, 19, 2, 3501665052, 3508755665, 0, 17, 2191108730, 1
1, 44, 19, 2, 3501665052, 3508755665, 0, 16, 2126142993, 1
1, 44, 19, 2, 3501665052, 3508755665, 0, 15, 2072086767, 1
1, 44, 19, 2, 3501665052, 3508755665, 0, 14, 2010308223, 1
1, 44, 19, 2, 3501665052, 3508755665, 0, 13, 1939025289, 1
1, 44, 19, 2, 3501665052, 3508755665, 0, 12, 1854668163, 1
1, 44, 19, 2, 3501665052, 3508755665, 0, 11, 1754973378, 1
1, 44, 19, 2, 3501665052, 3508755665, 0, 10, 1629830268, 1
1, 44, 19, 2, 3501665052, 3508755665, 0, 9, 1477018736, 1
1, 44, 19, 2, 3501665052, 3508755665, 0, 8, 1291118094, 1
1, 44, 19, 2, 3501665052, 3508755665, 0, 7, 1124716945, 1
1, 44, 19, 2, 3501665052, 3508755665, 0, 6, 931708949, 1
1, 44, 19, 2, 3501665052, 3508755665, 0, 5, 746492966, 1
1, 44, 19, 2, 3501665052, 3508755665, 0, 4, 557227059, 1
1, 44, 19, 2, 3501665052, 3508755665, 0, 3, 364429140, 1
1, 44, 19, 2, 3501665052, 3508755665, 0, 2, 175894539, 1
1, 44, 19, 2, 3501665052, 3508755665, 0, 1, 1, 1
1, 45, 19, 2, 3508755666, 3630198924, 0, 17, 2205874635, 1
1, 45, 19, 2, 3508755666, 3630198924, 0, 16, 2160537631, 1
1, 45, 19, 2, 3508755666, 3630198924, 0, 15, 2108472845, 1
1, 45, 19, 2, 3508755666, 3630198924, 0, 14, 2048970234, 1
1, 45, 19, 2, 3508755666, 3630198924, 0, 13, 1980313374, 1
1, 45, 19, 2, 3508755666, 3630198924, 0, 12, 1900509019, 1
1, 45, 19, 2, 3508755666, 3630198924, 0, 11, 1806194781, 1
1, 45, 19, 2, 3508755666, 3630198924, 0, 10, 1685721508, 1
1, 45, 19, 2, 3508755666, 3630198924, 0, 9, 1513844639, 1
1, 45, 19, 2, 3508755666, 3630198924, 0, 8, 1334867740, 1
1, 45, 19, 2, 3508755666, 3630198924, 0, 7, 1124294387, 1
1, 45, 19, 2, 3508755666, 3630198924, 0, 6, 930462127, 1
1, 45, 19, 2, 3508755666, 3630198924, 0, 5, 744092172, 1
1, 45, 19, 2, 3508755666, 3630198924, 0, 4, 553095309, 1
1, 45, 19, 2, 3508755666, 3630198924, 0, 3, 366782778, 1
1, 45, 19, 2, 3508755666, 3630198924, 0, 2, 179388391, 1
1, 45, 19, 2, 3508755666, 3630198924, 0, 1, 2464672, 1
1, 46, 19, 2, 3630198925, 3637094993, 0, 17, 2169141546, 1
1, 46, 19, 2, 3630198925, 3637094993, 0, 16, 2121468718, 1
1, 46, 19, 2, 3630198925, 3637094993, 0, 15, 2067166757, 1
1, 46, 19, 2, 3630198925, 3637094993, 0, 14, 2005107373, 1
1, 46, 19, 2, 3630198925, 3637094993, 0, 13, 1933500391, 1
1, 46, 19, 2, 3630198925, 3637094993, 0, 12, 1849958912, 1
1, 46, 19, 2, 3630198925, 3637094993, 0, 11, 1751228073, 1
1, 46, 19, 2, 3630198925, 3637094993, 0, 10, 1625275442, 1
1, 46, 19, 2, 3630198925, 3637094993, 0, 9, 1475849831, 1
1, 46, 19, 2, 3630198925, 3637094993, 0, 8, 1292369518, 1
1, 46, 19, 2, 3630198925, 3637094993, 0, 7, 1115235620, 1
1, 46, 19, 2, 3630198925, 3637094993, 0, 6, 928411766, 1
1, 46, 19, 2, 3630198925, 3637094993, 0, 5, 742025239, 1
1, 46, 19, 2, 3630198925, 3637094993, 0, 4, 551003517, 1
1, 46, 19, 2, 3630198925, 3637094993, 0, 3, 364649555, 1
1, 46, 19, 2, 3630198925, 3637094993, 0, 2, 177172306, 1
1, 46, 19, 2, 3630198925, 3637094993, 0, 1, 1, 1
1, 47, 19, 2, 3637094994, 3655921949, 0, 17, 2090135640, 1
1, 47, 19, 2, 3637094994, 3655921949, 0, 16, 2042771429, 1
1, 47, 19, 2, 3637094994, 3655921949, 0, 15, 1988819234, 1
1, 47, 19, 2, 3637094994, 3655921949, 0, 14, 1927159581, 1
1, 47, 19, 2, 3637094994, 3655921949, 0, 13, 1856013829, 1
1, 47, 19, 2, 3637094994, 3655921949, 0, 12, 1773010451, 1
1, 47, 19, 2, 3637094994, 3655921949, 0, 11, 1674915550, 1
1, 47, 19, 2, 3637094994, 3655921949, 0, 10, 1549726045, 1
1, 47, 19, 2, 3637094994, 3655921949, 0, 9, 1401233142, 1
1, 47, 19, 2, 3637094994, 3655921949, 0, 8, 1218918715, 1
1, 47, 19, 2, 3637094994, 3655921949, 0, 7, 1043283812, 1
1, 47, 19, 2, 3637094994, 3655921949, 0, 6, 858458620, 1
1, 47, 19, 2, 3637094994, 3655921949, 0, 5, 674870219, 1
1, 47, 19, 2, 3637094994, 3655921949, 0, 4, 488045686, 1
1, 47, 19, 2, 3637094994, 3655921949, 0, 3, 308687038, 1
1, 47, 19, 2, 3637094994, 3655921949, 0, 2, 135200418, 1
1, 47, 19, 2, 3637094994, 3655921949, 0, 1, 1, 1
1, 48, 19, 2, 3655921950, 3663089487, 0, 17, 2189619615, 1
1, 48, 19, 2, 3655921950, 3663089487, 0, 16, 2143054166, 1
1, 48, 19, 2, 3655921950, 3663089487, 0, 15, 2070012513, 1
1, 48, 19, 2, 3655921950, 3663089487, 0, 14, 2007959254, 1
1, 48, 19, 2, 3655921950, 3663089487, 0, 13, 1936359339, 1
1, 48, 19, 2, 3655921950, 3663089487, 0, 12, 1852826106, 1
1, 48, 19, 2, 3655921950, 3663089487, 0, 11, 1754105012, 1
1, 48, 19, 2, 3655921950, 3663089487, 0, 10, 1628164075, 1
1, 48, 19, 2, 3655921950, 3663089487, 0, 9, 1478752755, 1
1, 48, 19, 2, 3655921950, 3663089487, 0, 8, 1295290308, 1
1, 48, 19, 2, 3655921950, 3663089487, 0, 7, 1118179379, 1
1, 48, 19, 2, 3655921950, 3663089487, 0, 6, 931386151, 1
1, 48, 19, 2, 3655921950, 3663089487, 0, 5, 745042501, 1
1, 48, 19, 2, 3655921950, 3663089487, 0, 4, 554085093, 1
1, 48, 19, 2, 3655921950, 3663089487, 0, 3, 367838323, 1
1, 48, 19, 2, 3655921950, 3663089487, 0, 2, 180575456, 1
1, 48, 19, 2, 3655921950, 3663089487, 0, 1, 4046298, 1
1, 49, 19, 2, 3663089488, 3682045389, 0, 17, 2123226998, 1
1, 49, 19, 2, 3663089488, 3682045389, 0, 16, 2076927415, 1
1, 49, 19, 2, 3663089488, 3682045389, 0, 15, 2004187078, 1
1, 49, 19, 2, 3663089488, 3682045389, 0, 14, 1942478179, 1
1, 49, 19, 2, 3663089488, 3682045389, 0, 13, 1871275603, 1
1, 49, 19, 2, 3663089488, 3682045389, 0, 12, 1788205932, 1
1, 49, 19, 2, 3663089488, 3682045389, 0, 11, 1690032684, 1
1, 49, 19, 2, 3663089488, 3682045389, 0, 10, 1564749162, 1
1, 49, 19, 2, 3663089488, 3682045389, 0, 9, 1416141350, 1
1, 49, 19, 2, 3663089488, 3682045389, 0, 8, 1233683286, 1
1, 49, 19, 2, 3663089488, 3682045389, 0, 7, 1057863709, 1
1, 49, 19, 2, 3663089488, 3682045389, 0, 6, 872792282, 1
1, 49, 19, 2, 3663089488, 3682045389, 0, 5, 688859154, 1
1, 49, 19, 2, 3663089488, 3682045389, 0, 4, 501517530, 1
1, 49, 19, 2, 3663089488, 3682045389, 0, 3, 321297064, 1
1, 49, 19, 2, 3663089488, 3682045389, 0, 2, 146086807, 1
1, 49, 19, 2, 3663089488, 3682045389, 0, 1, 5715480, 1
1, 50, 19, 2, 3682045390, 3689037921, 0, 17, 2168786079, 1
1, 50, 19, 2, 3682045390, 3689037921, 0, 16, 2121199626, 1
1, 50, 19, 2, 3682045390, 3689037921, 0, 15, 2065665645, 1
1, 50, 19, 2, 3682045390, 3689037921, 0, 14, 2003623144, 1
1, 50, 19, 2, 3682045390, 3689037921, 0, 13, 1932035642, 1
1, 50, 19, 2, 3682045390, 3689037921, 0, 12, 1848516890, 1
1, 50, 19, 2, 3682045390, 3689037921, 0, 11, 1749812910, 1
1, 50, 19, 2, 3682045390, 3689037921, 0, 10, 1623892511, 1
1, 50, 19, 2, 3682045390, 3689037921, 0, 9, 1474506292, 1
1, 50, 19, 2, 3682045390, 3689037921, 0, 8, 1291075221, 1
1, 50, 19, 2, 3682045390, 3689037921, 0, 7, 1114004633, 1
1, 50, 19, 2, 3682045390, 3689037921, 0, 6, 927265194, 1
1, 50, 19, 2, 3682045390, 3689037921, 0, 5, 740996846, 1
1, 50, 19, 2, 3682045390, 3689037921, 0, 4, 550152394, 1
1, 50, 19, 2, 3682045390, 3689037921, 0, 3, 364093881, 1
1, 50, 19, 2, 3682045390, 3689037921, 0, 2, 177207531, 1
1, 50, 19, 2, 3682045390, 3689037921, 0, 1, 1807922, 1
1, 51, 19, 2, 3689037922, 3707546610, 0, 17, 2108883919, 1
1, 51, 19, 2, 3689037922, 3707546610, 0, 16, 2061524397, 1
1, 51, 19, 2, 3689037922, 3707546610, 0, 15, 2006247604, 1
1, 51, 19, 2, 3689037922, 3707546610, 0, 14, 1944499032, 1
1, 51, 19, 2, 3689037922, 3707546610, 0, 13, 1873250679, 1
1, 51, 19, 2, 3689037922, 3707546610, 0, 12, 1790127601, 1
1, 51, 19, 2, 3689037922, 3707546610, 0, 11, 1691891236, 1
1, 51, 19, 2, 3689037922, 3707546610, 0, 10, 1566531974, 1
1, 51, 19, 2, 3689037922, 3707546610, 0, 9, 1417831590, 1
1, 51, 19, 2, 3689037922, 3707546610, 0, 8, 1235257812, 1
1, 51, 19, 2, 3689037922, 3707546610, 0, 7, 1059289459, 1
1, 51, 19, 2, 3689037922, 3707546610, 0, 6, 874019665, 1
1, 51, 19, 2, 3689037922, 3707546610, 0, 5, 689808822, 1
1, 51, 19, 2, 3689037922, 3707546610, 0, 4, 502050626, 1
1, 51, 19, 2, 3689037922, 3707546610, 0, 3, 321135874, 1
1, 51, 19, 2, 3689037922, 3707546610, 0, 2, 144537045, 1
1, 51, 19, 2, 3689037922, 3707546610, 0, 1, 1, 1
1, 52, 19, 2, 3707546611, 3714642303, 0, 17, 2180312746, 1
1, 52, 19, 2, 3707546611, 3714642303, 0, 16, 2132693402, 1
1, 52, 19, 2, 3707546611, 3714642303, 0, 15, 2077122144, 1
1, 52, 19, 2, 3707546611, 3714642303, 0, 14, 2015037041, 1
1, 52, 19, 2, 3707546611, 3714642303, 0, 13, 1943400383, 1
1, 52, 19, 2, 3707546611, 3714642303, 0, 12, 1859824282, 1
1, 52, 19, 2, 3707546611, 3714642303, 0, 11, 1761052527, 1
1, 52, 19, 2, 3707546611, 3714642303, 0, 10, 1635050797, 1
1, 52, 19, 2, 3707546611, 3714642303, 0, 9, 1485565174, 1
1, 52, 19, 2, 3707546611, 3714642303, 0, 8, 1302009848, 1
1, 52, 19, 2, 3707546611, 3714642303, 0, 7, 1124779503, 1
1, 52, 19, 2, 3707546611, 3714642303, 0, 6, 937827054, 1
1, 52, 19, 2, 3707546611, 3714642303, 0, 5, 751260494, 1
1, 52, 19, 2, 3707546611, 3714642303, 0, 4, 559968723, 1
1, 52, 19, 2, 3707546611, 3714642303, 0, 3, 373164679, 1
1, 52, 19, 2, 3707546611, 3714642303, 0, 2, 184825329, 1
1, 52, 19, 2, 3707546611, 3714642303, 0, 1, 4990595, 1
1, 53, 19, 2, 3714642304, 3733623699, 0, 17, 2127060311, 1
1, 53, 19, 2, 3714642304, 3733623699, 0, 16, 2081029432, 1
1, 53, 19, 2, 3714642304, 3733623699, 0, 15, 2009606157, 1
1, 53, 19, 2, 3714642304, 3733623699, 0, 14, 1948317617, 1
1, 53, 19, 2, 3714642304, 3733623699, 0, 13, 1877600072, 1
1, 53, 19, 2, 3714642304, 3733623699, 0, 12, 1795096268, 1
1, 53, 19, 2, 3714642304, 3733623699, 0, 11, 1697591774, 1
1, 53, 19, 2, 3714642304, 3733623699, 0, 10, 1573110756, 1
1, 53, 19, 2, 3714642304, 3733623699, 0, 9, 1425483782, 1
1, 53, 19, 2, 3714642304, 3733623699, 0, 8, 1244251766, 1
1, 53, 19, 2, 3714642304, 3733623699, 0, 7, 1070008535, 1
1, 53, 19, 2, 3714642304, 3733623699, 0, 6, 887038905, 1
1, 53, 19, 2, 3714642304, 3733623699, 0, 5, 706048291, 1
1, 53, 19, 2, 3714642304, 3733623699, 0, 4, 523120439, 1
1, 53, 19, 2, 3714642304, 3733623699, 0, 3, 350256260, 1
1, 53, 19, 2, 3714642304, 3733623699, 0, 2, 145046177, 1
1, 53, 19, 2, 3714642304, 3733623699, 0, 1, 4100169, 1
1, 54, 19, 2, 3733623700, 3740766775, 0, 17, 2191635634, 1
1, 54, 19, 2, 3733623700, 3740766775, 0, 16, 2145089313, 1
1, 54, 19, 2, 3733623700, 3740766775, 0, 15, 2073081871, 1
1, 54, 19, 2, 3733623700, 3740766775, 0, 14, 2011125711, 1
1, 54, 19, 2, 3733623700, 3740766775, 0, 13, 1939637834, 1
1, 54, 19, 2, 3733623700, 3740766775, 0, 12, 1856235311, 1
1, 54, 19, 2, 3733623700, 3740766775, 0, 11, 1757668693, 1
1, 54, 19, 2, 3733623700, 3740766775, 0, 10, 1631913127, 1
1, 54, 19, 2, 3733623700, 3740766775, 0, 9, 1482728373, 1
1, 54, 19, 2, 3733623700, 3740766775, 0, 8, 1299549131, 1
1, 54, 19, 2, 3733623700, 3740766775, 0, 7, 1122802325, 1
1, 54, 19, 2, 3733623700, 3740766775, 0, 6, 936494594, 1
1, 54, 19, 2, 3733623700, 3740766775, 0, 5, 750830638, 1
1, 54, 19, 2, 3733623700, 3740766775, 0, 4, 560892773, 1
1, 54, 19, 2, 3733623700, 3740766775, 0, 3, 376345239, 1
1, 54, 19, 2, 3733623700, 3740766775, 0, 2, 185468575, 1
1, 54, 19, 2, 3733623700, 3740766775, 0, 1, 12122568, 1
1, 55, 19, 2, 3740766776, 3814267941, 0, 17, 2193554491, 1
1, 55, 19, 2, 3740766776, 3814267941, 0, 16, 2147652124, 1
1, 55, 19, 2, 3740766776, 3814267941, 0, 15, 2091557484, 1
1, 55, 19, 2, 3740766776, 3814267941, 0, 14, 2031519896, 1
1, 55, 19, 2, 3740766776, 3814267941, 0, 13, 1962245757, 1
1, 55, 19, 2, 3740766776, 3814267941, 0, 12, 1881425927, 1
1, 55, 19, 2, 3740766776, 3814267941, 0, 11, 1785911584, 1
1, 55, 19, 2, 3740766776, 3814267941, 0, 10, 1663818747, 1
1, 55, 19, 2, 3740766776, 3814267941, 0, 9, 1519110661, 1
1, 55, 19, 2, 3740766776, 3814267941, 0, 8, 1341527256, 1
1, 55, 19, 2, 3740766776, 3814267941, 0, 7, 1138941649, 1
1, 55, 19, 2, 3740766776, 3814267941, 0, 6, 956721206, 1
1, 55, 19, 2, 3740766776, 3814267941, 0, 5, 776779452, 1
1, 55, 19, 2, 3740766776, 3814267941, 0, 4, 595424891, 1
1, 55, 19, 2, 3740766776, 3814267941, 0, 3, 425182863, 1
1, 55, 19, 2, 3740766776, 3814267941, 0, 2, 211724217, 1
1, 55, 19, 2, 3740766776, 3814267941, 0, 1, 73018252, 1
1, 56, 19, 2, 3814267942, 3815785415, 0, 17, 1617063958, 1
1, 56, 19, 2, 3814267942, 3815785415, 0, 16, 1549980930, 1
1, 56, 19, 2, 3814267942, 3815785415, 0, 15, 1474894377, 1
1, 56, 19, 2, 3814267942, 3815785415, 0, 14, 1376639751, 1
1, 56, 19, 2, 3814267942, 3815785415, 0, 13, 1264269325, 1
1, 56, 19, 2, 3814267942, 3815785415, 0, 12, 1159525717, 1
1, 56, 19, 2, 3814267942, 3815785415, 0, 11, 1055943458, 1
1, 56, 19, 2, 3814267942, 3815785415, 0, 10, 923523099, 1
1, 56, 19, 2, 3814267942, 3815785415, 0, 9, 824145730, 1
1, 56, 19, 2, 3814267942, 3815785415, 0, 8, 691183012, 1
1, 56, 19, 2, 3814267942, 3815785415, 0, 7, 521996707, 1
1, 56, 19, 2, 3814267942, 3815785415, 0, 6, 408868558, 1
1, 56, 19, 2, 3814267942, 3815785415, 0, 5, 268927977, 1
1, 56, 19, 2, 3814267942, 3815785415, 0, 4, 185203649, 1
1, 56, 19, 2, 3814267942, 3815785415, 0, 3, 91379714, 1
1, 56, 19, 2, 3814267942, 3815785415, 0, 2, 28270065, 1
1, 56, 19, 2, 3814267942, 3815785415, 0, 1, 1, 1
1, 57, 19, 2, 3815785416, 3847655691, 0, 17, 1352708165, 1
1, 57, 19, 2, 3815785416, 3847655691, 0, 16, 1280900805, 1
1, 57, 19, 2, 3815785416, 3847655691, 0, 15, 1203810811, 1
1, 57, 19, 2, 3815785416, 3847655691, 0, 14, 1123890003, 1
1, 57, 19, 2, 3815785416, 3847655691, 0, 13, 1041312285, 1
1, 57, 19, 2, 3815785416, 3847655691, 0, 12, 948938670, 1
1, 57, 19, 2, 3815785416, 3847655691, 0, 11, 856877580, 1
1, 57, 19, 2, 3815785416, 3847655691, 0, 10, 763650897, 1
1, 57, 19, 2, 3815785416, 3847655691, 0, 9, 678354242, 1
1, 57, 19, 2, 3815785416, 3847655691, 0, 8, 590437790, 1
1, 57, 19, 2, 3815785416, 3847655691, 0, 7, 501129055, 1
1, 57, 19, 2, 3815785416, 3847655691, 0, 6, 412988096, 1
1, 57, 19, 2, 3815785416, 3847655691, 0, 5, 331484061, 1
1, 57, 19, 2, 3815785416, 3847655691, 0, 4, 248637873, 1
1, 57, 19, 2, 3815785416, 3847655691, 0, 3, 162354758, 1
1, 57, 19, 2, 3815785416, 3847655691, 0, 2, 81821439, 1
1, 57, 19, 2, 3815785416, 3847655691, 0, 1, 1280364, 1
1, 58, 19, 2, 3847655692, 3875135410, 0, 17, 1066506721, 1
1, 58, 19, 2, 3847655692, 3875135410, 0, 16, 1027189359, 1
1, 58, 19, 2, 3847655692, 3875135410, 0, 15, 986293443, 1
1, 58, 19, 2, 3847655692, 3875135410, 0, 14, 936445716, 1
1, 58, 19, 2, 3847655692, 3875135410, 0, 13, 867259829, 1
1, 58, 19, 2, 3847655692, 3875135410, 0, 12, 785861962, 1
1, 58, 19, 2, 3847655692, 3875135410, 0, 11, 731101438, 1
1, 58, 19, 2, 3847655692, 3875135410, 0, 10, 666111205, 1
1, 58, 19, 2, 3847655692, 3875135410, 0, 9, 585596463, 1
1, 58, 19, 2, 3847655692, 3875135410, 0, 8, 528927095, 1
1, 58, 19, 2, 3847655692, 3875135410, 0, 7, 455523201, 1
1, 58, 19, 2, 3847655692, 3875135410, 0, 6, 360920642, 1
1, 58, 19, 2, 3847655692, 3875135410, 0, 5, 291704591, 1
1, 58, 19, 2, 3847655692, 3875135410, 0, 4, 225963499, 1
1, 58, 19, 2, 3847655692, 3875135410, 0, 3, 161960787, 1
1, 58, 19, 2, 3847655692, 3875135410, 0, 2, 90568671, 1
1, 58, 19, 2, 3847655692, 3875135410, 0, 1, 15786703, 1
1, 59, 19, 2, 3875135411, 3875358666, 0, 17, 168249705, 1
1, 59, 19, 2, 3875135411, 3875358666, 0, 16, 147277734, 1
1, 59, 19, 2, 3875135411, 3875358666, 0, 15, 145949977, 1
1, 59, 19, 2, 3875135411, 3875358666, 0, 14, 145194255, 1
1, 59, 19, 2, 3875135411, 3875358666, 0, 13, 135531945, 1
1, 59, 19, 2, 3875135411, 3875358666, 0, 12, 117067913, 1
1, 59, 19, 2, 3875135411, 3875358666, 0, 11, 99166379, 1
1, 59, 19, 2, 3875135411, 3875358666, 0, 10, 98029051, 1
1, 59, 19, 2, 3875135411, 3875358666, 0, 9, 97809336, 1
1, 59, 19, 2, 3875135411, 3875358666, 0, 8, 77775040, 1
1, 59, 19, 2, 3875135411, 3875358666, 0, 7, 70292105, 1
1, 59, 19, 2, 3875135411, 3875358666, 0, 6, 70838419, 1
1, 59, 19, 2, 3875135411, 3875358666, 0, 5, 31749482, 1
1, 59, 19, 2, 3875135411, 3875358666, 0, 4, 13633340, 1
1, 59, 19, 2, 3875135411, 3875358666, 0, 3, 8320434, 1
1, 59, 19, 2, 3875135411, 3875358666, 0, 2, 3364838, 1
1, 59, 19, 2, 3875135411, 3875358666, 0, 1, 54274, 1
1, 60, 19, 2, 3875358667, 3882440413, 0, 17, 389060990, 1
1, 60, 19, 2, 3875358667, 3882440413, 0, 16, 381640561, 1
1, 60, 19, 2, 3875358667, 3882440413, 0, 15, 365424466, 1
1, 60, 19, 2, 3875358667, 3882440413, 0, 14, 355200594, 1
1, 60, 19, 2, 3875358667, 3882440413, 0, 13, 361385955, 1
1, 60, 19, 2, 3875358667, 3882440413, 0, 12, 361410873, 1
1, 60, 19, 2, 3875358667, 3882440413, 0, 11, 365359916, 1
1, 60, 19, 2, 3875358667, 3882440413, 0, 10, 350819719, 1
1, 60, 19, 2, 3875358667, 3882440413, 0, 9, 340700034, 1
1, 60, 19, 2, 3875358667, 3882440413, 0, 8, 350528750, 1
1, 60, 19, 2, 3875358667, 3882440413, 0, 7, 320220136, 1
1, 60, 19, 2, 3875358667, 3882440413, 0, 6, 304611586, 1
1, 60, 19, 2, 3875358667, 3882440413, 0, 5, 250061862, 1
1, 60, 19, 2, 3875358667, 3882440413, 0, 4, 207003501, 1
1, 60, 19, 2, 3875358667, 3882440413, 0, 3, 135783493, 1
1, 60, 19, 2, 3875358667, 3882440413, 0, 2, 43988134, 1
1, 60, 19, 2, 3875358667, 3882440413, 0, 1, 1, 1
1, 61, 19, 2, 3882440414, 3897661525, 0, 17, 64626459, 1
1, 61, 19, 2, 3882440414, 3897661525, 0, 16, 62164979, 1
1, 61, 19, 2, 3882440414, 3897661525, 0, 15, 60190982, 1
1, 61, 19, 2, 3882440414, 3897661525, 0, 14, 58851422, 1
1, 61, 19, 2, 3882440414, 3897661525, 0, 13, 58116491, 1
1, 61, 19, 2, 3882440414, 3897661525, 0, 12, 58196346, 1
1, 61, 19, 2, 3882440414, 3897661525, 0, 11, 59182100, 1
1, 61, 19, 2, 3882440414, 3897661525, 0, 10, 61551787, 1
1, 61, 19, 2, 3882440414, 3897661525, 0, 9, 65352652, 1
1, 61, 19, 2, 3882440414, 3897661525, 0, 8, 71505659, 1
1, 61, 19, 2, 3882440414, 3897661525, 0, 7, 81130434, 1
1, 61, 19, 2, 3882440414, 3897661525, 0, 6, 94652173, 1
1, 61, 19, 2, 3882440414, 3897661525, 0, 5, 113582608, 1
1, 61, 19, 2, 3882440414, 3897661525, 0, 4, 141978259, 1
1, 61, 19, 2, 3882440414, 3897661525, 0, 3, 134078199, 1
1, 61, 19, 2, 3882440414, 3897661525, 0, 2, 76975000, 1
1, 61, 19, 2, 3882440414, 3897661525, 0, 1, 1, 1
1, 62, 19, 2, 3897661526, 3901839880, 0, 17, 486519515, 1
1, 62, 19, 2, 3897661526, 3901839880, 0, 16, 478681607, 1
1, 62, 19, 2, 3897661526, 3901839880, 0, 15, 466945802, 1
1, 62, 19, 2, 3897661526, 3901839880, 0, 14, 449961349, 1
1, 62, 19, 2, 3897661526, 3901839880, 0, 13, 438591907, 1
1, 62, 19, 2, 3897661526, 3901839880, 0, 12, 425334156, 1
1, 62, 19, 2, 3897661526, 3901839880, 0, 11, 415634307, 1
1, 62, 19, 2, 3897661526, 3901839880, 0, 10, 384040289, 1
1, 62, 19, 2, 3897661526, 3901839880, 0, 9, 361534792, 1
1, 62, 19, 2, 3897661526, 3901839880, 0, 8, 362444882, 1
1, 62, 19, 2, 3897661526, 3901839880, 0, 7, 347250880, 1
1, 62, 19, 2, 3897661526, 3901839880, 0, 6, 308644709, 1
1, 62, 19, 2, 3897661526, 3901839880, 0, 5, 273430976, 1
1, 62, 19, 2, 3897661526, 3901839880, 0, 4, 227280005, 1
1, 62, 19, 2, 3897661526, 3901839880, 0, 3, 173725260, 1
1, 62, 19, 2, 3897661526, 3901839880, 0, 2, 105394290, 1
1, 62, 19, 2, 3897661526, 3901839880, 0, 1, 1, 1
1, 63, 19, 2, 3901839881, 3909571761, 0, 17, 252616201, 1
1, 63, 19, 2, 3901839881, 3909571761, 0, 16, 242492614, 1
1, 63, 19, 2, 3901839881, 3909571761, 0, 15, 236651940, 1
1, 63, 19, 2, 3901839881, 3909571761, 0, 14, 236812819, 1
1, 63, 19, 2, 3901839881, 3909571761, 0, 13, 240713983, 1
1, 63, 19, 2, 3901839881, 3909571761, 0, 12, 224980941, 1
1, 63, 19, 2, 3901839881, 3909571761, 0, 11, 211878132, 1
1, 63, 19, 2, 3901839881, 3909571761, 0, 10, 183449893, 1
1, 63, 19, 2, 3901839881, 3909571761, 0, 9, 183591355, 1
1, 63, 19, 2, 3901839881, 3909571761, 0, 8, 150402904, 1
1, 63, 19, 2, 3901839881, 3909571761, 0, 7, 132046276, 1
1, 63, 19, 2, 3901839881, 3909571761, 0, 6, 97600029, 1
1, 63, 19, 2, 3901839881, 3909571761, 0, 5, 55274251, 1
1, 63, 19, 2, 3901839881, 3909571761, 0, 4, 30346059, 1
1, 63, 19, 2, 3901839881, 3909571761, 0, 3, 17405746, 1
1, 63, 19, 2, 3901839881, 3909571761, 0, 2, 16702498, 1
1, 63, 19, 2, 3901839881, 3909571761, 0, 1, 25220151, 1
1, 64, 19, 2, 3909571762, 3912385935, 0, 17, 525602600, 1
1, 64, 19, 2, 3909571762, 3912385935, 0, 16, 511461364, 1
1, 64, 19, 2, 3909571762, 3912385935, 0, 15, 496073646, 1
1, 64, 19, 2, 3909571762, 3912385935, 0, 14, 486015487, 1
1, 64, 19, 2, 3909571762, 3912385935, 0, 13, 470030769, 1
1, 64, 19, 2, 3909571762, 3912385935, 0, 12, 473215667, 1
1, 64, 19, 2, 3909571762, 3912385935, 0, 11, 450898923, 1
1, 64, 19, 2, 3909571762, 3912385935, 0, 10, 430278192, 1
1, 64, 19, 2, 3909571762, 3912385935, 0, 9, 406247209, 1
1, 64, 19, 2, 3909571762, 3912385935, 0, 8, 400603052, 1
1, 64, 19, 2, 3909571762, 3912385935, 0, 7, 368940651, 1
1, 64, 19, 2, 3909571762, 3912385935, 0, 6, 319586737, 1
1, 64, 19, 2, 3909571762, 3912385935, 0, 5, 268932470, 1
1, 64, 19, 2, 3909571762, 3912385935, 0, 4, 224699838, 1
1, 64, 19, 2, 3909571762, 3912385935, 0, 3, 165535903, 1
1, 64, 19, 2, 3909571762, 3912385935, 0, 2, 107709049, 1
1, 64, 19, 2, 3909571762, 3912385935, 0, 1, 101494, 1
1, 65, 19, 2, 3912385936, 3922273862, 0, 17, 199754593, 1
1, 65, 19, 2, 3912385936, 3922273862, 0, 16, 201684200, 1
1, 65, 19, 2, 3912385936, 3922273862, 0, 15, 204505856, 1
1, 65, 19, 2, 3912385936, 3922273862, 0, 14, 207910801, 1
1, 65, 19, 2, 3912385936, 3922273862, 0, 13, 199668008, 1
1, 65, 19, 2, 3912385936, 3922273862, 0, 12, 183332902, 1
1, 65, 19, 2, 3912385936, 3922273862, 0, 11, 167712731, 1
1, 65, 19, 2, 3912385936, 3922273862, 0, 10, 163987635, 1
1, 65, 19, 2, 3912385936, 3922273862, 0, 9, 144838329, 1
1, 65, 19, 2, 3912385936, 3922273862, 0, 8, 121186566, 1
1, 65, 19, 2, 3912385936, 3922273862, 0, 7, 103955540, 1
1, 65, 19, 2, 3912385936, 3922273862, 0, 6, 109527627, 1
1, 65, 19, 2, 3912385936, 3922273862, 0, 5, 82171435, 1
1, 65, 19, 2, 3912385936, 3922273862, 0, 4, 69889587, 1
1, 65, 19, 2, 3912385936, 3922273862, 0, 3, 83592786, 1
1, 65, 19, 2, 3912385936, 3922273862, 0, 2, 116026055, 1
1, 65, 19, 2, 3912385936, 3922273862, 0, 1, 19282945, 1
1, 66, 19, 2, 3922273863, 3925940816, 0, 17, 552156783, 1
1, 66, 19, 2, 3922273863, 3925940816, 0, 16, 551295089, 1
1, 66, 19, 2, 3922273863, 3925940816, 0, 15, 540870758, 1
1, 66, 19, 2, 3922273863, 3925940816, 0, 14, 536893757, 1
1, 66, 19, 2, 3922273863, 3925940816, 0, 13, 506284095, 1
1, 66, 19, 2, 3922273863, 3925940816, 0, 12, 480017966, 1
1, 66, 19, 2, 3922273863, 3925940816, 0, 11, 456523841, 1
1, 66, 19, 2, 3922273863, 3925940816, 0, 10, 424670736, 1
1, 66, 19, 2, 3922273863, 3925940816, 0, 9, 397175107, 1
1, 66, 19, 2, 3922273863, 3925940816, 0, 8, 404753052, 1
1, 66, 19, 2, 3922273863, 3925940816, 0, 7, 367775863, 1
1, 66, 19, 2, 3922273863, 3925940816, 0, 6, 317593432, 1
1, 66, 19, 2, 3922273863, 3925940816, 0, 5, 272410417, 1
1, 66, 19, 2, 3922273863, 3925940816, 0, 4, 221497377, 1
1, 66, 19, 2, 3922273863, 3925940816, 0, 3, 176172049, 1
1, 66, 19, 2, 3922273863, 3925940816, 0, 2, 107101696, 1
1, 66, 19, 2, 3922273863, 3925940816, 0, 1, 1, 1
1, 67, 19, 2, 3925940817, 3935955746, 0, 17, 214574629, 1
1, 67, 19, 2, 3925940817, 3935955746, 0, 16, 216593415, 1
1, 67, 19, 2, 3925940817, 3935955746, 0, 15, 219487512, 1
1, 67, 19, 2, 3925940817, 3935955746, 0, 14, 188564354, 1
1, 67, 19, 2, 3925940817, 3935955746, 0, 13, 157531536, 1
1, 67, 19, 2, 3925940817, 3935955746, 0, 12, 149297895, 1
1, 67, 19, 2, 3925940817, 3935955746, 0, 11, 149924700, 1
1, 67, 19, 2, 3925940817, 3935955746, 0, 10, 138015391, 1
1, 67, 19, 2, 3925940817, 3935955746, 0, 9, 125303483, 1
1, 67, 19, 2, 3925940817, 3935955746, 0, 8, 111547222, 1
1, 67, 19, 2, 3925940817, 3935955746, 0, 7, 98796931, 1
1, 67, 19, 2, 3925940817, 3935955746, 0, 6, 84149183, 1
1, 67, 19, 2, 3925940817, 3935955746, 0, 5, 68936446, 1
1, 67, 19, 2, 3925940817, 3935955746, 0, 4, 64961250, 1
1, 67, 19, 2, 3925940817, 3935955746, 0, 3, 76777496, 1
1, 67, 19, 2, 3925940817, 3935955746, 0, 2, 105653234, 1
1, 67, 19, 2, 3925940817, 3935955746, 0, 1, 208628, 1
1, 68, 19, 2, 3935955747, 3939652641, 0, 17, 387722171, 1
1, 68, 19, 2, 3935955747, 3939652641, 0, 16, 400399195, 1
1, 68, 19, 2, 3935955747, 3939652641, 0, 15, 415372628, 1
1, 68, 19, 2, 3935955747, 3939652641, 0, 14, 398254426, 1
1, 68, 19, 2, 3935955747, 3939652641, 0, 13, 383150403, 1
1, 68, 19, 2, 3935955747, 3939652641, 0, 12, 364829752, 1
1, 68, 19, 2, 3935955747, 3939652641, 0, 11, 343615621, 1
1, 68, 19, 2, 3935955747, 3939652641, 0, 10, 329421991, 1
1, 68, 19, 2, 3935955747, 3939652641, 0, 9, 308298809, 1
1, 68, 19, 2, 3935955747, 3939652641, 0, 8, 294632651, 1
1, 68, 19, 2, 3935955747, 3939652641, 0, 7, 270621832, 1
1, 68, 19, 2, 3935955747, 3939652641, 0, 6, 223475557, 1
1, 68, 19, 2, 3935955747, 3939652641, 0, 5, 178428478, 1
1, 68, 19, 2, 3935955747, 3939652641, 0, 4, 118527722, 1
1, 68, 19, 2, 3935955747, 3939652641, 0, 3, 88582568, 1
1, 68, 19, 2, 3935955747, 3939652641, 0, 2, 6036952, 1
1, 68, 19, 2, 3935955747, 3939652641, 0, 1, 51183, 1
1, 69, 19, 2, 3939652642, 3941709227, 0, 17, 351972423, 1
1, 69, 19, 2, 3939652642, 3941709227, 0, 16, 364278801, 1
1, 69, 19, 2, 3939652642, 3941709227, 0, 15, 378832169, 1
1, 69, 19, 2, 3939652642, 3941709227, 0, 14, 361233892, 1
1, 69, 19, 2, 3939652642, 3941709227, 0, 13, 345575937, 1
1, 69, 19, 2, 3939652642, 3941709227, 0, 12, 326609032, 1
1, 69, 19, 2, 3939652642, 3941709227, 0, 11, 304631147, 1
1, 69, 19, 2, 3939652642, 3941709227, 0, 10, 289521011, 1
1, 69, 19, 2, 3939652642, 3941709227, 0, 9, 267277654, 1
1, 69, 19, 2, 3939652642, 3941709227, 0, 8, 252211279, 1
1, 69, 19, 2, 3939652642, 3941709227, 0, 7, 226400181, 1
1, 69, 19, 2, 3939652642, 3941709227, 0, 6, 202783598, 1
1, 69, 19, 2, 3939652642, 3941709227, 0, 5, 234327140, 1
1, 69, 19, 2, 3939652642, 3941709227, 0, 4, 195855903, 1
1, 69, 19, 2, 3939652642, 3941709227, 0, 3, 127913190, 1
1, 69, 19, 2, 3939652642, 3941709227, 0, 2, 79942593, 1
1, 69, 19, 2, 3939652642, 3941709227, 0, 1, 1, 1
1, 70, 19, 2, 3941709228, 3943657699, 0, 17, 353256739, 1
1, 70, 19, 2, 3941709228, 3943657699, 0, 16, 363836556, 1
1, 70, 19, 2, 3941709228, 3943657699, 0, 15, 376433154, 1
1, 70, 19, 2, 3941709228, 3943657699, 0, 14, 356598569, 1
1, 70, 19, 2, 3941709228, 3943657699, 0, 13, 338360258, 1
1, 70, 19, 2, 3941709228, 3943657699, 0, 12, 316382938, 1
1, 70, 19, 2, 3941709228, 3943657699, 0, 11, 290847289, 1
1, 70, 19, 2, 3941709228, 3943657699, 0, 10, 271467837, 1
1, 70, 19, 2, 3941709228, 3943657699, 0, 9, 244006428, 1
1, 70, 19, 2, 3941709228, 3943657699, 0, 8, 222417486, 1
1, 70, 19, 2, 3941709228, 3943657699, 0, 7, 188220232, 1
1, 70, 19, 2, 3941709228, 3943657699, 0, 6, 153422108, 1
1, 70, 19, 2, 3941709228, 3943657699, 0, 5, 169311491, 1
1, 70, 19, 2, 3941709228, 3943657699, 0, 4, 119434846, 1
1, 70, 19, 2, 3941709228, 3943657699, 0, 3, 147186058, 1
1, 70, 19, 2, 3941709228, 3943657699, 0, 2, 94397244, 1
1, 70, 19, 2, 3941709228, 3943657699, 0, 1, 1, 1
1, 71, 19, 2, 3943657700, 3950300301, 0, 17, 348837100, 1
1, 71, 19, 2, 3943657700, 3950300301, 0, 16, 334435363, 1
1, 71, 19, 2, 3943657700, 3950300301, 0, 15, 349324322, 1
1, 71, 19, 2, 3943657700, 3950300301, 0, 14, 332109577, 1
1, 71, 19, 2, 3943657700, 3950300301, 0, 13, 316894159, 1
1, 71, 19, 2, 3943657700, 3950300301, 0, 12, 298443547, 1
1, 71, 19, 2, 3943657700, 3950300301, 0, 11, 277075826, 1
1, 71, 19, 2, 3943657700, 3950300301, 0, 10, 262697887, 1
1, 71, 19, 2, 3943657700, 3950300301, 0, 9, 241349439, 1
1, 71, 19, 2, 3943657700, 3950300301, 0, 8, 227401698, 1
1, 71, 19, 2, 3943657700, 3950300301, 0, 7, 203028845, 1
1, 71, 19, 2, 3943657700, 3950300301, 0, 6, 181329922, 1
1, 71, 19, 2, 3943657700, 3950300301, 0, 5, 215558187, 1
1, 71, 19, 2, 3943657700, 3950300301, 0, 4, 193189865, 1
1, 71, 19, 2, 3943657700, 3950300301, 0, 3, 138905621, 1
1, 71, 19, 2, 3943657700, 3950300301, 0, 2, 1, 1
1, 71, 19, 2, 3943657700, 3950300301, 0, 1, 1, 1
1, 72, 19, 2, 3950300302, 3950468543, 0, 17, 445835967, 1
1, 72, 19, 2, 3950300302, 3950468543, 0, 16, 434724156, 1
1, 72, 19, 2, 3950300302, 3950468543, 0, 15, 421697366, 1
1, 72, 19, 2, 3950300302, 3950468543, 0, 14, 406483550, 1
1, 72, 19, 2, 3950300302, 3950468543, 0, 13, 393576894, 1
1, 72, 19, 2, 3950300302, 3950468543, 0, 12, 377819838, 1
1, 72, 19, 2, 3950300302, 3950468543, 0, 11, 359635412, 1
1, 72, 19, 2, 3950300302, 3950468543, 0, 10, 349077426, 1
1, 72, 19, 2, 3950300302, 3950468543, 0, 9, 332397809, 1
1, 72, 19, 2, 3950300302, 3950468543, 0, 8, 324286108, 1
1, 72, 19, 2, 3950300302, 3950468543, 0, 7, 307416734, 1
1, 72, 19, 2, 3950300302, 3950468543, 0, 6, 295722450, 1
1, 72, 19, 2, 3950300302, 3950468543, 0, 5, 343957210, 1
1, 72, 19, 2, 3950300302, 3950468543, 0, 4, 342598631, 1
1, 72, 19, 2, 3950300302, 3950468543, 0, 3, 323330623, 1
1, 72, 19, 2, 3950300302, 3950468543, 0, 2, 254457476, 1
1, 72, 19, 2, 3950300302, 3950468543, 0, 1, 7459711, 1
1, 73, 19, 2, 3950468544, 3953806065, 0, 17, 462997321, 1
1, 73, 19, 2, 3950468544, 3953806065, 0, 16, 451789416, 1
1, 73, 19, 2, 3950468544, 3953806065, 0, 15, 438653721, 1
1, 73, 19, 2, 3950468544, 3953806065, 0, 14, 423315441, 1
1, 73, 19, 2, 3950468544, 3953806065, 0, 13, 410265173, 1
1, 73, 19, 2, 3950468544, 3953806065, 0, 12, 394340570, 1
1, 73, 19, 2, 3950468544, 3953806065, 0, 11, 375958133, 1
1, 73, 19, 2, 3950468544, 3953806065, 0, 10, 365162536, 1
1, 73, 19, 2, 3950468544, 3953806065, 0, 9, 348192504, 1
1, 73, 19, 2, 3950468544, 3953806065, 0, 8, 339717783, 1
1, 73, 19, 2, 3950468544, 3953806065, 0, 7, 322381671, 1
1, 73, 19, 2, 3950468544, 3953806065, 0, 6, 310065069, 1
1, 73, 19, 2, 3950468544, 3953806065, 0, 5, 357428584, 1
1, 73, 19, 2, 3950468544, 3953806065, 0, 4, 354763137, 1
1, 73, 19, 2, 3950468544, 3953806065, 0, 3, 333317016, 1
1, 73, 19, 2, 3950468544, 3953806065, 0, 2, 260087643, 1
1, 73, 19, 2, 3950468544, 3953806065, 0, 1, 21200, 1
1, 74, 19, 2, 3953806066, 3957945638, 0, 17, 393696386, 1
1, 74, 19, 2, 3953806066, 3957945638, 0, 16, 384353397, 1
1, 74, 19, 2, 3953806066, 3957945638, 0, 15, 373331272, 1
1, 74, 19, 2, 3953806066, 3957945638, 0, 14, 360408500, 1
1, 74, 19, 2, 3953806066, 3957945638, 0, 13, 350145359, 1
1, 74, 19, 2, 3953806066, 3957945638, 0, 12, 337472403, 1
1, 74, 19, 2, 3953806066, 3957945638, 0, 11, 317901266, 1
1, 74, 19, 2, 3953806066, 3957945638, 0, 10, 311213938, 1
1, 74, 19, 2, 3953806066, 3957945638, 0, 9, 299265126, 1
1, 74, 19, 2, 3953806066, 3957945638, 0, 8, 284950191, 1
1, 74, 19, 2, 3953806066, 3957945638, 0, 7, 273952934, 1
1, 74, 19, 2, 3953806066, 3957945638, 0, 6, 270088138, 1
1, 74, 19, 2, 3953806066, 3957945638, 0, 5, 278112685, 1
1, 74, 19, 2, 3953806066, 3957945638, 0, 4, 280403156, 1
1, 74, 19, 2, 3953806066, 3957945638, 0, 3, 267216900, 1
1, 74, 19, 2, 3953806066, 3957945638, 0, 2, 210507257, 1
1, 74, 19, 2, 3953806066, 3957945638, 0, 1, 1, 1
1, 75, 19, 2, 3957945639, 3960599401, 0, 17, 265161033, 1
1, 75, 19, 2, 3957945639, 3960599401, 0, 16, 258170533, 1
1, 75, 19, 2, 3957945639, 3960599401, 0, 15, 249814563, 1
1, 75, 19, 2, 3957945639, 3960599401, 0, 14, 239938826, 1
1, 75, 19, 2, 3957945639, 3960599401, 0, 13, 220547909, 1
1, 75, 19, 2, 3957945639, 3960599401, 0, 12, 210923097, 1
1, 75, 19, 2, 3957945639, 3960599401, 0, 11, 194954313, 1
1, 75, 19, 2, 3957945639, 3960599401, 0, 10, 192589810, 1
1, 75, 19, 2, 3957945639, 3960599401, 0, 9, 176572679, 1
1, 75, 19, 2, 3957945639, 3960599401, 0, 8, 151169128, 1
1, 75, 19, 2, 3957945639, 3960599401, 0, 7, 144799602, 1
1, 75, 19, 2, 3957945639, 3960599401, 0, 6, 147105116, 1
1, 75, 19, 2, 3957945639, 3960599401, 0, 5, 145172534, 1
1, 75, 19, 2, 3957945639, 3960599401, 0, 4, 155771765, 1
1, 75, 19, 2, 3957945639, 3960599401, 0, 3, 156433441, 1
1, 75, 19, 2, 3957945639, 3960599401, 0, 2, 127419663, 1
1, 75, 19, 2, 3957945639, 3960599401, 0, 1, 1, 1
1, 76, 19, 2, 3960599402, 3982474729, 0, 17, 244625992, 1
1, 76, 19, 2, 3960599402, 3982474729, 0, 16, 224124426, 1
1, 76, 19, 2, 3960599402, 3982474729, 0, 15, 206307957, 1
1, 76, 19, 2, 3960599402, 3982474729, 0, 14, 193376275, 1
1, 76, 19, 2, 3960599402, 3982474729, 0, 13, 166335542, 1
1, 76, 19, 2, 3960599402, 3982474729, 0, 12, 152216025, 1
1, 76, 19, 2, 3960599402, 3982474729, 0, 11, 132437574, 1
1, 76, 19, 2, 3960599402, 3982474729, 0, 10, 110912260, 1
1, 76, 19, 2, 3960599402, 3982474729, 0, 9, 90385655, 1
1, 76, 19, 2, 3960599402, 3982474729, 0, 8, 67325958, 1
1, 76, 19, 2, 3960599402, 3982474729, 0, 7, 59216844, 1
1, 76, 19, 2, 3960599402, 3982474729, 0, 6, 53205501, 1
1, 76, 19, 2, 3960599402, 3982474729, 0, 5, 45461296, 1
1, 76, 19, 2, 3960599402, 3982474729, 0, 4, 38184620, 1
1, 76, 19, 2, 3960599402, 3982474729, 0, 3, 32792914, 1
1, 76, 19, 2, 3960599402, 3982474729, 0, 2, 23148197, 1
1, 76, 19, 2, 3960599402, 3982474729, 0, 1, 1, 1
