3, 1, 8, 19, 1, 83910079, 11, 0, 72974240, 0
3, 1, 8, 19, 1, 83910079, 10, 0, 63377702, 0
3, 1, 8, 19, 1, 83910079, 9, 0, 49887424, 0
3, 1, 8, 19, 1, 83910079, 8, 0, 56123352, 0
3, 1, 8, 19, 1, 83910079, 7, 0, 64140973, 0
3, 1, 8, 19, 1, 83910079, 6, 0, 74831136, 0
3, 1, 8, 19, 1, 83910079, 5, 0, 80097838, 0
3, 1, 8, 19, 1, 83910079, 4, 0, 69343820, 0
3, 1, 8, 19, 1, 83910079, 3, 0, 53106696, 0
3, 1, 8, 19, 1, 83910079, 2, 0, 24591123, 0
3, 1, 8, 19, 1, 83910079, 1, 0, 49182246, 0
3, 2, 8, 19, 83910080, 100039271, 11, 0, 108332444, 0
3, 2, 8, 19, 83910080, 100039271, 10, 0, 110417691, 0
3, 2, 8, 19, 83910080, 100039271, 9, 0, 122686324, 0
3, 2, 8, 19, 83910080, 100039271, 8, 0, 117300141, 0
3, 2, 8, 19, 83910080, 100039271, 7, 0, 134057304, 0
3, 2, 8, 19, 83910080, 100039271, 6, 0, 133799662, 0
3, 2, 8, 19, 83910080, 100039271, 5, 0, 151978507, 0
3, 2, 8, 19, 83910080, 100039271, 4, 0, 120489160, 0
3, 2, 8, 19, 83910080, 100039271, 3, 0, 74540342, 0
3, 2, 8, 19, 83910080, 100039271, 2, 0, 60608027, 0
3, 2, 8, 19, 83910080, 100039271, 1, 0, 121216054, 0
3, 3, 8, 19, 100039272, 159599230, 11, 0, 9051658, 0
3, 3, 8, 19, 100039272, 159599230, 10, 0, 2208032, 0
3, 3, 8, 19, 100039272, 159599230, 9, 0, 854440, 0
3, 3, 8, 19, 100039272, 159599230, 8, 0, 961245, 0
3, 3, 8, 19, 100039272, 159599230, 7, 0, 1098566, 0
3, 3, 8, 19, 100039272, 159599230, 6, 0, 1281660, 0
3, 3, 8, 19, 100039272, 159599230, 5, 0, 1537992, 0
3, 3, 8, 19, 100039272, 159599230, 4, 0, 1922490, 0
3, 3, 8, 19, 100039272, 159599230, 3, 0, 1, 0
3, 3, 8, 19, 100039272, 159599230, 2, 0, 1, 0
3, 3, 8, 19, 100039272, 159599230, 1, 0, 1, 0
3, 4, 8, 19, 159599231, 242536276, 11, 0, 1, 0
3, 4, 8, 19, 159599231, 242536276, 10, 0, 1, 0
3, 4, 8, 19, 159599231, 242536276, 9, 0, 1, 0
3, 4, 8, 19, 159599231, 242536276, 8, 0, 1, 0
3, 4, 8, 19, 159599231, 242536276, 7, 0, 1, 0
3, 4, 8, 19, 159599231, 242536276, 6, 0, 1, 0
3, 4, 8, 19, 159599231, 242536276, 5, 0, 1, 0
3, 4, 8, 19, 159599231, 242536276, 4, 0, 1, 0
3, 4, 8, 19, 159599231, 242536276, 3, 0, 1, 0
3, 4, 8, 19, 159599231, 242536276, 2, 0, 1, 0
3, 4, 8, 19, 159599231, 242536276, 1, 0, 1, 0
3, 5, 8, 19, 242536277, 317807609, 11, 0, 1, 0
3, 5, 8, 19, 242536277, 317807609, 10, 0, 1, 0
3, 5, 8, 19, 242536277, 317807609, 9, 0, 1, 0
3, 5, 8, 19, 242536277, 317807609, 8, 0, 1, 0
3, 5, 8, 19, 242536277, 317807609, 7, 0, 1, 0
3, 5, 8, 19, 242536277, 317807609, 6, 0, 1, 0
3, 5, 8, 19, 242536277, 317807609, 5, 0, 1, 0
3, 5, 8, 19, 242536277, 317807609, 4, 0, 1, 0
3, 5, 8, 19, 242536277, 317807609, 3, 0, 1, 0
3, 5, 8, 19, 242536277, 317807609, 2, 0, 1, 0
3, 5, 8, 19, 242536277, 317807609, 1, 0, 1, 0
3, 6, 8, 19, 317807610, 375835267, 11, 0, 12421448, 0
3, 6, 8, 19, 317807610, 375835267, 10, 0, 13663593, 0
3, 6, 8, 19, 317807610, 375835267, 9, 0, 15181770, 0
3, 6, 8, 19, 317807610, 375835267, 8, 0, 14018110, 0
3, 6, 8, 19, 317807610, 375835267, 7, 0, 10916047, 0
3, 6, 8, 19, 317807610, 375835267, 6, 0, 12735388, 0
3, 6, 8, 19, 317807610, 375835267, 5, 0, 15282466, 0
3, 6, 8, 19, 317807610, 375835267, 4, 0, 11888740, 0
3, 6, 8, 19, 317807610, 375835267, 3, 0, 15851653, 0
3, 6, 8, 19, 317807610, 375835267, 2, 0, 23777480, 0
3, 6, 8, 19, 317807610, 375835267, 1, 0, 47554959, 0
3, 7, 8, 19, 375835268, 404114666, 11, 0, 1, 0
3, 7, 8, 19, 375835268, 404114666, 10, 0, 1, 0
3, 7, 8, 19, 375835268, 404114666, 9, 0, 1, 0
3, 7, 8, 19, 375835268, 404114666, 8, 0, 1, 0
3, 7, 8, 19, 375835268, 404114666, 7, 0, 1, 0
3, 7, 8, 19, 375835268, 404114666, 6, 0, 1, 0
3, 7, 8, 19, 375835268, 404114666, 5, 0, 1, 0
3, 7, 8, 19, 375835268, 404114666, 4, 0, 1, 0
3, 7, 8, 19, 375835268, 404114666, 3, 0, 1, 0
3, 7, 8, 19, 375835268, 404114666, 2, 0, 1, 0
3, 7, 8, 19, 375835268, 404114666, 1, 0, 1, 0
3, 8, 8, 19, 404114667, 468134958, 11, 0, 594772, 0
3, 8, 8, 19, 404114667, 468134958, 10, 0, 1, 0
3, 8, 8, 19, 404114667, 468134958, 9, 0, 1, 0
3, 8, 8, 19, 404114667, 468134958, 8, 0, 1, 0
3, 8, 8, 19, 404114667, 468134958, 7, 0, 1, 0
3, 8, 8, 19, 404114667, 468134958, 6, 0, 1, 0
3, 8, 8, 19, 404114667, 468134958, 5, 0, 1, 0
3, 8, 8, 19, 404114667, 468134958, 4, 0, 1, 0
3, 8, 8, 19, 404114667, 468134958, 3, 0, 1, 0
3, 8, 8, 19, 404114667, 468134958, 2, 0, 1, 0
3, 8, 8, 19, 404114667, 468134958, 1, 0, 1, 0
3, 9, 8, 19, 468134959, 500109296, 11, 0, 1279492, 0
3, 9, 8, 19, 468134959, 500109296, 10, 0, 1407441, 0
3, 9, 8, 19, 468134959, 500109296, 9, 0, 1563823, 0
3, 9, 8, 19, 468134959, 500109296, 8, 0, 1759301, 0
3, 9, 8, 19, 468134959, 500109296, 7, 0, 2010630, 0
3, 9, 8, 19, 468134959, 500109296, 6, 0, 2345734, 0
3, 9, 8, 19, 468134959, 500109296, 5, 0, 2814881, 0
3, 9, 8, 19, 468134959, 500109296, 4, 0, 3518601, 0
3, 9, 8, 19, 468134959, 500109296, 3, 0, 4691468, 0
3, 9, 8, 19, 468134959, 500109296, 2, 0, 7037202, 0
3, 9, 8, 19, 468134959, 500109296, 1, 0, 1, 0
3, 10, 8, 19, 500109297, 666167178, 11, 0, 56633910, 0
3, 10, 8, 19, 500109297, 666167178, 10, 0, 1, 0
3, 10, 8, 19, 500109297, 666167178, 9, 0, 1, 0
3, 10, 8, 19, 500109297, 666167178, 8, 0, 1, 0
3, 10, 8, 19, 500109297, 666167178, 7, 0, 1, 0
3, 10, 8, 19, 500109297, 666167178, 6, 0, 1, 0
3, 10, 8, 19, 500109297, 666167178, 5, 0, 1, 0
3, 10, 8, 19, 500109297, 666167178, 4, 0, 1, 0
3, 10, 8, 19, 500109297, 666167178, 3, 0, 1, 0
3, 10, 8, 19, 500109297, 666167178, 2, 0, 1, 0
3, 10, 8, 19, 500109297, 666167178, 1, 0, 1, 0
3, 11, 8, 19, 666167179, 792433538, 11, 0, 91448886, 0
3, 11, 8, 19, 666167179, 792433538, 10, 0, 100593775, 0
3, 11, 8, 19, 666167179, 792433538, 9, 0, 111770861, 0
3, 11, 8, 19, 666167179, 792433538, 8, 0, 125742219, 0
3, 11, 8, 19, 666167179, 792433538, 7, 0, 143705393, 0
3, 11, 8, 19, 666167179, 792433538, 6, 0, 1, 0
3, 11, 8, 19, 666167179, 792433538, 5, 0, 1, 0
3, 11, 8, 19, 666167179, 792433538, 4, 0, 1, 0
3, 11, 8, 19, 666167179, 792433538, 3, 0, 1, 0
3, 11, 8, 19, 666167179, 792433538, 2, 0, 1, 0
3, 11, 8, 19, 666167179, 792433538, 1, 0, 1, 0
3, 12, 8, 19, 792433539, 848660369, 11, 0, 1, 0
3, 12, 8, 19, 792433539, 848660369, 10, 0, 1, 0
3, 12, 8, 19, 792433539, 848660369, 9, 0, 1, 0
3, 12, 8, 19, 792433539, 848660369, 8, 0, 1, 0
3, 12, 8, 19, 792433539, 848660369, 7, 0, 1, 0
3, 12, 8, 19, 792433539, 848660369, 6, 0, 1, 0
3, 12, 8, 19, 792433539, 848660369, 5, 0, 1, 0
3, 12, 8, 19, 792433539, 848660369, 4, 0, 1, 0
3, 12, 8, 19, 792433539, 848660369, 3, 0, 1, 0
3, 12, 8, 19, 792433539, 848660369, 2, 0, 1, 0
3, 12, 8, 19, 792433539, 848660369, 1, 0, 1, 0
3, 13, 8, 19, 848660370, 1676668386, 11, 0, 318506953, 0
3, 13, 8, 19, 848660370, 1676668386, 10, 0, 350357649, 0
3, 13, 8, 19, 848660370, 1676668386, 9, 0, 389286276, 0
3, 13, 8, 19, 848660370, 1676668386, 8, 0, 369122224, 0
3, 13, 8, 19, 848660370, 1676668386, 7, 0, 401481631, 0
3, 13, 8, 19, 848660370, 1676668386, 6, 0, 433293471, 0
3, 13, 8, 19, 848660370, 1676668386, 5, 0, 409832425, 0
3, 13, 8, 19, 848660370, 1676668386, 4, 0, 448600617, 0
3, 13, 8, 19, 848660370, 1676668386, 3, 0, 414601256, 0
3, 13, 8, 19, 848660370, 1676668386, 2, 0, 346602535, 0
3, 13, 8, 19, 848660370, 1676668386, 1, 0, 550598699, 0
3, 14, 8, 19, 1676668387, 1689673543, 11, 0, 1988846, 0
3, 14, 8, 19, 1676668387, 1689673543, 10, 0, 2187730, 0
3, 14, 8, 19, 1676668387, 1689673543, 9, 0, 1, 0
3, 14, 8, 19, 1676668387, 1689673543, 8, 0, 1, 0
3, 14, 8, 19, 1676668387, 1689673543, 7, 0, 1, 0
3, 14, 8, 19, 1676668387, 1689673543, 6, 0, 1, 0
3, 14, 8, 19, 1676668387, 1689673543, 5, 0, 1, 0
3, 14, 8, 19, 1676668387, 1689673543, 4, 0, 1, 0
3, 14, 8, 19, 1676668387, 1689673543, 3, 0, 1, 0
3, 14, 8, 19, 1676668387, 1689673543, 2, 0, 1, 0
3, 14, 8, 19, 1676668387, 1689673543, 1, 0, 1, 0
3, 15, 8, 19, 1689673544, 1748909970, 11, 0, 1, 0
3, 15, 8, 19, 1689673544, 1748909970, 10, 0, 1, 0
3, 15, 8, 19, 1689673544, 1748909970, 9, 0, 1, 0
3, 15, 8, 19, 1689673544, 1748909970, 8, 0, 1, 0
3, 15, 8, 19, 1689673544, 1748909970, 7, 0, 1, 0
3, 15, 8, 19, 1689673544, 1748909970, 6, 0, 1, 0
3, 15, 8, 19, 1689673544, 1748909970, 5, 0, 1, 0
3, 15, 8, 19, 1689673544, 1748909970, 4, 0, 1, 0
3, 15, 8, 19, 1689673544, 1748909970, 3, 0, 1, 0
3, 15, 8, 19, 1689673544, 1748909970, 2, 0, 1, 0
3, 15, 8, 19, 1689673544, 1748909970, 1, 0, 1, 0
3, 16, 8, 19, 1748909971, 1753043203, 11, 0, 1, 0
3, 16, 8, 19, 1748909971, 1753043203, 10, 0, 1, 0
3, 16, 8, 19, 1748909971, 1753043203, 9, 0, 1, 0
3, 16, 8, 19, 1748909971, 1753043203, 8, 0, 1, 0
3, 16, 8, 19, 1748909971, 1753043203, 7, 0, 1, 0
3, 16, 8, 19, 1748909971, 1753043203, 6, 0, 1, 0
3, 16, 8, 19, 1748909971, 1753043203, 5, 0, 1, 0
3, 16, 8, 19, 1748909971, 1753043203, 4, 0, 1, 0
3, 16, 8, 19, 1748909971, 1753043203, 3, 0, 1, 0
3, 16, 8, 19, 1748909971, 1753043203, 2, 0, 1, 0
3, 16, 8, 19, 1748909971, 1753043203, 1, 0, 1, 0
