0, 1, 18, 1, 1, 99597282, 1, 18, 5506165, 1
0, 1, 18, 1, 1, 99597282, 1, 17, 5103836, 1
0, 1, 18, 1, 1, 99597282, 1, 16, 5413159, 1
0, 1, 18, 1, 1, 99597282, 1, 15, 5762395, 1
0, 1, 18, 1, 1, 99597282, 1, 14, 6159802, 1
0, 1, 18, 1, 1, 99597282, 1, 13, 6616083, 1
0, 1, 18, 1, 1, 99597282, 1, 12, 6802572, 1
0, 1, 18, 1, 1, 99597282, 1, 11, 7394100, 1
0, 1, 18, 1, 1, 99597282, 1, 10, 8098300, 1
0, 1, 18, 1, 1, 99597282, 1, 9, 8950752, 1
0, 1, 18, 1, 1, 99597282, 1, 8, 10003782, 1
0, 1, 18, 1, 1, 99597282, 1, 7, 11337619, 1
0, 1, 18, 1, 1, 99597282, 1, 6, 13081868, 1
0, 1, 18, 1, 1, 99597282, 1, 5, 13590320, 1
0, 1, 18, 1, 1, 99597282, 1, 4, 16528053, 1
0, 1, 18, 1, 1, 99597282, 1, 3, 18521688, 1
0, 1, 18, 1, 1, 99597282, 1, 2, 25930363, 1
0, 1, 18, 1, 1, 99597282, 1, 1, 20356939, 1
0, 1, 18, 1, 1, 99597282, 1, 0, 1, 0
0, 1, 18, 1, 1, 99597282, 0, 18, 6864257, 1
0, 1, 18, 1, 1, 99597282, 0, 17, 5791927, 1
0, 1, 18, 1, 1, 99597282, 0, 16, 6153923, 1
0, 1, 18, 1, 1, 99597282, 0, 15, 6564184, 1
0, 1, 18, 1, 1, 99597282, 0, 14, 7033054, 1
0, 1, 18, 1, 1, 99597282, 0, 13, 7574059, 1
0, 1, 18, 1, 1, 99597282, 0, 12, 7491068, 1
0, 1, 18, 1, 1, 99597282, 0, 11, 8172074, 1
0, 1, 18, 1, 1, 99597282, 0, 10, 8989281, 1
0, 1, 18, 1, 1, 99597282, 0, 9, 9988090, 1
0, 1, 18, 1, 1, 99597282, 0, 8, 11236601, 1
0, 1, 18, 1, 1, 99597282, 0, 7, 12841830, 1
0, 1, 18, 1, 1, 99597282, 0, 6, 14982135, 1
0, 1, 18, 1, 1, 99597282, 0, 5, 13864407, 1
0, 1, 18, 1, 1, 99597282, 0, 4, 17145250, 1
0, 1, 18, 1, 1, 99597282, 0, 3, 22860333, 1
0, 1, 18, 1, 1, 99597282, 0, 2, 34290499, 1
0, 1, 18, 1, 1, 99597282, 0, 1, 61070817, 1
0, 2, 18, 1, 99597283, 141171558, 1, 18, 311842212, 1
0, 2, 18, 1, 99597283, 141171558, 1, 17, 328616734, 1
0, 2, 18, 1, 99597283, 141171558, 1, 16, 347424532, 1
0, 2, 18, 1, 99597283, 141171558, 1, 15, 343809024, 1
0, 2, 18, 1, 99597283, 141171558, 1, 14, 337402668, 1
0, 2, 18, 1, 99597283, 141171558, 1, 13, 330133190, 1
0, 2, 18, 1, 99597283, 141171558, 1, 12, 322889260, 1
0, 2, 18, 1, 99597283, 141171558, 1, 11, 317480017, 1
0, 2, 18, 1, 99597283, 141171558, 1, 10, 304884324, 1
0, 2, 18, 1, 99597283, 141171558, 1, 9, 296543003, 1
0, 2, 18, 1, 99597283, 141171558, 1, 8, 282553825, 1
0, 2, 18, 1, 99597283, 141171558, 1, 7, 293820815, 1
0, 2, 18, 1, 99597283, 141171558, 1, 6, 268158233, 1
0, 2, 18, 1, 99597283, 141171558, 1, 5, 272409453, 1
0, 2, 18, 1, 99597283, 141171558, 1, 4, 282182619, 1
0, 2, 18, 1, 99597283, 141171558, 1, 3, 236741847, 1
0, 2, 18, 1, 99597283, 141171558, 1, 2, 176154106, 1
0, 2, 18, 1, 99597283, 141171558, 1, 1, 125793777, 1
0, 2, 18, 1, 99597283, 141171558, 1, 0, 55019566, 0
0, 2, 18, 1, 99597283, 141171558, 0, 18, 284089120, 1
0, 2, 18, 1, 99597283, 141171558, 0, 17, 299724476, 1
0, 2, 18, 1, 99597283, 141171558, 0, 16, 317314251, 1
0, 2, 18, 1, 99597283, 141171558, 0, 15, 312097615, 1
0, 2, 18, 1, 99597283, 141171558, 0, 14, 307830062, 1
0, 2, 18, 1, 99597283, 141171558, 0, 13, 300054456, 1
0, 2, 18, 1, 99597283, 141171558, 0, 12, 292462806, 1
0, 2, 18, 1, 99597283, 141171558, 0, 11, 283599010, 1
0, 2, 18, 1, 99597283, 141171558, 0, 10, 274716584, 1
0, 2, 18, 1, 99597283, 141171558, 0, 9, 262320669, 1
0, 2, 18, 1, 99597283, 141171558, 0, 8, 240942081, 1
0, 2, 18, 1, 99597283, 141171558, 0, 7, 275362378, 1
0, 2, 18, 1, 99597283, 141171558, 0, 6, 254131154, 1
0, 2, 18, 1, 99597283, 141171558, 0, 5, 284914269, 1
0, 2, 18, 1, 99597283, 141171558, 0, 4, 346226624, 1
0, 2, 18, 1, 99597283, 141171558, 0, 3, 300462535, 1
0, 2, 18, 1, 99597283, 141171558, 0, 2, 251694600, 1
0, 2, 18, 1, 99597283, 141171558, 0, 1, 322361766, 1
0, 3, 18, 1, 141171559, 277160622, 1, 18, 12893757, 1
0, 3, 18, 1, 141171559, 277160622, 1, 17, 13630543, 1
0, 3, 18, 1, 141171559, 277160622, 1, 16, 14456636, 1
0, 3, 18, 1, 141171559, 277160622, 1, 15, 14566066, 1
0, 3, 18, 1, 141171559, 277160622, 1, 14, 14104763, 1
0, 3, 18, 1, 141171559, 277160622, 1, 13, 14387187, 1
0, 3, 18, 1, 141171559, 277160622, 1, 12, 14717269, 1
0, 3, 18, 1, 141171559, 277160622, 1, 11, 8965130, 1
0, 3, 18, 1, 141171559, 277160622, 1, 10, 9818952, 1
0, 3, 18, 1, 141171559, 277160622, 1, 9, 8174129, 1
0, 3, 18, 1, 141171559, 277160622, 1, 8, 8405426, 1
0, 3, 18, 1, 141171559, 277160622, 1, 7, 9526149, 1
0, 3, 18, 1, 141171559, 277160622, 1, 6, 7524370, 1
0, 3, 18, 1, 141171559, 277160622, 1, 5, 7461136, 1
0, 3, 18, 1, 141171559, 277160622, 1, 4, 6123797, 1
0, 3, 18, 1, 141171559, 277160622, 1, 3, 5819640, 1
0, 3, 18, 1, 141171559, 277160622, 1, 2, 4084407, 1
0, 3, 18, 1, 141171559, 277160622, 1, 1, 3403673, 1
0, 3, 18, 1, 141171559, 277160622, 1, 0, 1, 0
0, 3, 18, 1, 141171559, 277160622, 0, 18, 14811630, 1
0, 3, 18, 1, 141171559, 277160622, 0, 17, 15682902, 1
0, 3, 18, 1, 141171559, 277160622, 0, 16, 16663084, 1
0, 3, 18, 1, 141171559, 277160622, 0, 15, 17594549, 1
0, 3, 18, 1, 141171559, 277160622, 0, 14, 18851302, 1
0, 3, 18, 1, 141171559, 277160622, 0, 13, 18718010, 1
0, 3, 18, 1, 141171559, 277160622, 0, 12, 18567653, 1
0, 3, 18, 1, 141171559, 277160622, 0, 11, 6133194, 1
0, 3, 18, 1, 141171559, 277160622, 0, 10, 6746513, 1
0, 3, 18, 1, 141171559, 277160622, 0, 9, 7496126, 1
0, 3, 18, 1, 141171559, 277160622, 0, 8, 8433141, 1
0, 3, 18, 1, 141171559, 277160622, 0, 7, 9637876, 1
0, 3, 18, 1, 141171559, 277160622, 0, 6, 9111062, 1
0, 3, 18, 1, 141171559, 277160622, 0, 5, 10933274, 1
0, 3, 18, 1, 141171559, 277160622, 0, 4, 6927010, 1
0, 3, 18, 1, 141171559, 277160622, 0, 3, 7387999, 1
0, 3, 18, 1, 141171559, 277160622, 0, 2, 5105509, 1
0, 3, 18, 1, 141171559, 277160622, 0, 1, 10211017, 1
0, 4, 18, 1, 277160623, 303619272, 1, 18, 21176415, 0
0, 4, 18, 1, 277160623, 303619272, 1, 17, 22386496, 0
0, 4, 18, 1, 277160623, 303619272, 1, 16, 23743254, 0
0, 4, 18, 1, 277160623, 303619272, 1, 15, 23373475, 0
0, 4, 18, 1, 277160623, 303619272, 1, 14, 22864785, 0
0, 4, 18, 1, 277160623, 303619272, 1, 13, 21466055, 0
0, 4, 18, 1, 277160623, 303619272, 1, 12, 20615243, 0
0, 4, 18, 1, 277160623, 303619272, 1, 11, 20886854, 0
0, 4, 18, 1, 277160623, 303619272, 1, 10, 21944822, 0
0, 4, 18, 1, 277160623, 303619272, 1, 9, 21180413, 0
0, 4, 18, 1, 277160623, 303619272, 1, 8, 23672226, 0
0, 4, 18, 1, 277160623, 303619272, 1, 7, 21537029, 0
0, 4, 18, 1, 277160623, 303619272, 1, 6, 16236010, 0
0, 4, 18, 1, 277160623, 303619272, 1, 5, 19188011, 0
0, 4, 18, 1, 277160623, 303619272, 1, 4, 18290689, 0
0, 4, 18, 1, 277160623, 303619272, 1, 3, 23146713, 0
0, 4, 18, 1, 277160623, 303619272, 1, 2, 7670149, 0
0, 4, 18, 1, 277160623, 303619272, 1, 1, 12783581, 0
0, 4, 18, 1, 277160623, 303619272, 1, 0, 38350743, 0
0, 4, 18, 1, 277160623, 303619272, 0, 18, 21393423, 1
0, 4, 18, 1, 277160623, 303619272, 0, 17, 22651860, 1
0, 4, 18, 1, 277160623, 303619272, 0, 16, 24067601, 1
0, 4, 18, 1, 277160623, 303619272, 0, 15, 24576916, 1
0, 4, 18, 1, 277160623, 303619272, 0, 14, 21939627, 1
0, 4, 18, 1, 277160623, 303619272, 0, 13, 22872555, 1
0, 4, 18, 1, 277160623, 303619272, 0, 12, 20904887, 1
0, 4, 18, 1, 277160623, 303619272, 0, 11, 22805331, 1
0, 4, 18, 1, 277160623, 303619272, 0, 10, 23130226, 1
0, 4, 18, 1, 277160623, 303619272, 0, 9, 21462542, 1
0, 4, 18, 1, 277160623, 303619272, 0, 8, 24145360, 1
0, 4, 18, 1, 277160623, 303619272, 0, 7, 27594697, 1
0, 4, 18, 1, 277160623, 303619272, 0, 6, 14875861, 1
0, 4, 18, 1, 277160623, 303619272, 0, 5, 17851033, 1
0, 4, 18, 1, 277160623, 303619272, 0, 4, 22313792, 1
0, 4, 18, 1, 277160623, 303619272, 0, 3, 29751722, 1
0, 4, 18, 1, 277160623, 303619272, 0, 2, 1, 1
0, 4, 18, 1, 277160623, 303619272, 0, 1, 1, 1
0, 5, 18, 1, 303619273, 418768629, 1, 18, 2186263, 1
0, 5, 18, 1, 303619273, 418768629, 1, 17, 2311193, 1
0, 5, 18, 1, 303619273, 418768629, 1, 16, 2451265, 1
0, 5, 18, 1, 303619273, 418768629, 1, 15, 2609411, 1
0, 5, 18, 1, 303619273, 418768629, 1, 14, 2789370, 1
0, 5, 18, 1, 303619273, 418768629, 1, 13, 2995990, 1
0, 5, 18, 1, 303619273, 418768629, 1, 12, 3235670, 1
0, 5, 18, 1, 303619273, 418768629, 1, 11, 3517032, 1
0, 5, 18, 1, 303619273, 418768629, 1, 10, 3851988, 1
0, 5, 18, 1, 303619273, 418768629, 1, 9, 4257460, 1
0, 5, 18, 1, 303619273, 418768629, 1, 8, 4758337, 1
0, 5, 18, 1, 303619273, 418768629, 1, 7, 5392782, 1
0, 5, 18, 1, 303619273, 418768629, 1, 6, 6222441, 1
0, 5, 18, 1, 303619273, 418768629, 1, 5, 7353794, 1
0, 5, 18, 1, 303619273, 418768629, 1, 4, 8987970, 1
0, 5, 18, 1, 303619273, 418768629, 1, 3, 5791440, 1
0, 5, 18, 1, 303619273, 418768629, 1, 2, 1, 1
0, 5, 18, 1, 303619273, 418768629, 1, 1, 1, 1
0, 5, 18, 1, 303619273, 418768629, 1, 0, 1, 0
0, 5, 18, 1, 303619273, 418768629, 0, 18, 1469176, 1
0, 5, 18, 1, 303619273, 418768629, 0, 17, 1555598, 1
0, 5, 18, 1, 303619273, 418768629, 0, 16, 1652823, 1
0, 5, 18, 1, 303619273, 418768629, 0, 15, 1763011, 1
0, 5, 18, 1, 303619273, 418768629, 0, 14, 1888941, 1
0, 5, 18, 1, 303619273, 418768629, 0, 13, 2034244, 1
0, 5, 18, 1, 303619273, 418768629, 0, 12, 2203764, 1
0, 5, 18, 1, 303619273, 418768629, 0, 11, 2404106, 1
0, 5, 18, 1, 303619273, 418768629, 0, 10, 2644517, 1
0, 5, 18, 1, 303619273, 418768629, 0, 9, 2938352, 1
0, 5, 18, 1, 303619273, 418768629, 0, 8, 3305646, 1
0, 5, 18, 1, 303619273, 418768629, 0, 7, 3777881, 1
0, 5, 18, 1, 303619273, 418768629, 0, 6, 4407528, 1
0, 5, 18, 1, 303619273, 418768629, 0, 5, 5289033, 1
0, 5, 18, 1, 303619273, 418768629, 0, 4, 6611291, 1
0, 5, 18, 1, 303619273, 418768629, 0, 3, 8815055, 1
0, 5, 18, 1, 303619273, 418768629, 0, 2, 1, 1
0, 5, 18, 1, 303619273, 418768629, 0, 1, 1, 1
0, 6, 18, 1, 418768630, 448185966, 1, 18, 335419235, 1
0, 6, 18, 1, 418768630, 448185966, 1, 17, 345794154, 1
0, 6, 18, 1, 418768630, 448185966, 1, 16, 357426639, 1
0, 6, 18, 1, 418768630, 448185966, 1, 15, 355183224, 1
0, 6, 18, 1, 418768630, 448185966, 1, 14, 345867865, 1
0, 6, 18, 1, 418768630, 448185966, 1, 13, 339565246, 1
0, 6, 18, 1, 418768630, 448185966, 1, 12, 324485494, 1
0, 6, 18, 1, 418768630, 448185966, 1, 11, 308681969, 1
0, 6, 18, 1, 418768630, 448185966, 1, 10, 319444395, 1
0, 6, 18, 1, 418768630, 448185966, 1, 9, 300888055, 1
0, 6, 18, 1, 418768630, 448185966, 1, 8, 279102051, 1
0, 6, 18, 1, 418768630, 448185966, 1, 7, 256233465, 1
0, 6, 18, 1, 418768630, 448185966, 1, 6, 212402070, 1
0, 6, 18, 1, 418768630, 448185966, 1, 5, 169363358, 1
0, 6, 18, 1, 418768630, 448185966, 1, 4, 137999773, 1
0, 6, 18, 1, 418768630, 448185966, 1, 3, 88714140, 1
0, 6, 18, 1, 418768630, 448185966, 1, 2, 1, 1
0, 6, 18, 1, 418768630, 448185966, 1, 1, 1, 1
0, 6, 18, 1, 418768630, 448185966, 1, 0, 1, 0
0, 6, 18, 1, 418768630, 448185966, 0, 18, 329049864, 1
0, 6, 18, 1, 418768630, 448185966, 0, 17, 339355259, 1
0, 6, 18, 1, 418768630, 448185966, 0, 16, 350948829, 1
0, 6, 18, 1, 418768630, 448185966, 0, 15, 348381240, 1
0, 6, 18, 1, 418768630, 448185966, 0, 14, 345941933, 1
0, 6, 18, 1, 418768630, 448185966, 0, 13, 342864319, 1
0, 6, 18, 1, 418768630, 448185966, 0, 12, 331479459, 1
0, 6, 18, 1, 418768630, 448185966, 0, 11, 326598654, 1
0, 6, 18, 1, 418768630, 448185966, 0, 10, 320123221, 1
0, 6, 18, 1, 418768630, 448185966, 0, 9, 311535168, 1
0, 6, 18, 1, 418768630, 448185966, 0, 8, 281956055, 1
0, 6, 18, 1, 418768630, 448185966, 0, 7, 248769483, 1
0, 6, 18, 1, 418768630, 448185966, 0, 6, 213098284, 1
0, 6, 18, 1, 418768630, 448185966, 0, 5, 186299693, 1
0, 6, 18, 1, 418768630, 448185966, 0, 4, 155249745, 1
0, 6, 18, 1, 418768630, 448185966, 0, 3, 103499830, 1
0, 6, 18, 1, 418768630, 448185966, 0, 2, 1, 1
0, 6, 18, 1, 418768630, 448185966, 0, 1, 1, 1
0, 7, 18, 1, 448185967, 550535102, 1, 18, 632009106, 1
0, 7, 18, 1, 448185967, 550535102, 1, 17, 644425833, 1
0, 7, 18, 1, 448185967, 550535102, 1, 16, 658347617, 1
0, 7, 18, 1, 448185967, 550535102, 1, 15, 643921529, 1
0, 7, 18, 1, 448185967, 550535102, 1, 14, 626869142, 1
0, 7, 18, 1, 448185967, 550535102, 1, 13, 606907714, 1
0, 7, 18, 1, 448185967, 550535102, 1, 12, 584321656, 1
0, 7, 18, 1, 448185967, 550535102, 1, 11, 557386782, 1
0, 7, 18, 1, 448185967, 550535102, 1, 10, 518733871, 1
0, 7, 18, 1, 448185967, 550535102, 1, 9, 481249288, 1
0, 7, 18, 1, 448185967, 550535102, 1, 8, 461402505, 1
0, 7, 18, 1, 448185967, 550535102, 1, 7, 405464928, 1
0, 7, 18, 1, 448185967, 550535102, 1, 6, 367401606, 1
0, 7, 18, 1, 448185967, 550535102, 1, 5, 266278267, 1
0, 7, 18, 1, 448185967, 550535102, 1, 4, 219194375, 1
0, 7, 18, 1, 448185967, 550535102, 1, 3, 145205401, 1
0, 7, 18, 1, 448185967, 550535102, 1, 2, 12025249, 1
0, 7, 18, 1, 448185967, 550535102, 1, 1, 1, 1
0, 7, 18, 1, 448185967, 550535102, 1, 0, 1, 0
0, 7, 18, 1, 448185967, 550535102, 0, 18, 642218104, 1
0, 7, 18, 1, 448185967, 550535102, 0, 17, 655600558, 1
0, 7, 18, 1, 448185967, 550535102, 0, 16, 670655819, 1
0, 7, 18, 1, 448185967, 550535102, 0, 15, 658111449, 1
0, 7, 18, 1, 448185967, 550535102, 0, 14, 643123058, 1
0, 7, 18, 1, 448185967, 550535102, 0, 13, 623869592, 1
0, 7, 18, 1, 448185967, 550535102, 0, 12, 603120263, 1
0, 7, 18, 1, 448185967, 550535102, 0, 11, 576739620, 1
0, 7, 18, 1, 448185967, 550535102, 0, 10, 544580954, 1
0, 7, 18, 1, 448185967, 550535102, 0, 9, 507937221, 1
0, 7, 18, 1, 448185967, 550535102, 0, 8, 515885405, 1
0, 7, 18, 1, 448185967, 550535102, 0, 7, 466397123, 1
0, 7, 18, 1, 448185967, 550535102, 0, 6, 391155660, 1
0, 7, 18, 1, 448185967, 550535102, 0, 5, 298918718, 1
0, 7, 18, 1, 448185967, 550535102, 0, 4, 254109452, 1
0, 7, 18, 1, 448185967, 550535102, 0, 3, 179427342, 1
0, 7, 18, 1, 448185967, 550535102, 0, 2, 30063122, 1
0, 7, 18, 1, 448185967, 550535102, 0, 1, 1, 1
0, 8, 18, 1, 550535103, 563276619, 1, 18, 630092052, 1
0, 8, 18, 1, 550535103, 563276619, 1, 17, 628819886, 1
0, 8, 18, 1, 550535103, 563276619, 1, 16, 627393519, 1
0, 8, 18, 1, 550535103, 563276619, 1, 15, 616617755, 1
0, 8, 18, 1, 550535103, 563276619, 1, 14, 599668285, 1
0, 8, 18, 1, 550535103, 563276619, 1, 13, 578271722, 1
0, 8, 18, 1, 550535103, 563276619, 1, 12, 555801888, 1
0, 8, 18, 1, 550535103, 563276619, 1, 11, 529601290, 1
0, 8, 18, 1, 550535103, 563276619, 1, 10, 503129707, 1
0, 8, 18, 1, 550535103, 563276619, 1, 9, 467323199, 1
0, 8, 18, 1, 550535103, 563276619, 1, 8, 420192330, 1
0, 8, 18, 1, 550535103, 563276619, 1, 7, 363325881, 1
0, 8, 18, 1, 550535103, 563276619, 1, 6, 334481130, 1
0, 8, 18, 1, 550535103, 563276619, 1, 5, 249697772, 1
0, 8, 18, 1, 550535103, 563276619, 1, 4, 251669271, 1
0, 8, 18, 1, 550535103, 563276619, 1, 3, 228917559, 1
0, 8, 18, 1, 550535103, 563276619, 1, 2, 187964476, 1
0, 8, 18, 1, 550535103, 563276619, 1, 1, 168071614, 1
0, 8, 18, 1, 550535103, 563276619, 1, 0, 68607303, 0
0, 8, 18, 1, 550535103, 563276619, 0, 18, 661248582, 1
0, 8, 18, 1, 550535103, 563276619, 0, 17, 661771737, 1
0, 8, 18, 1, 550535103, 563276619, 0, 16, 662360286, 1
0, 8, 18, 1, 550535103, 563276619, 0, 15, 658266055, 1
0, 8, 18, 1, 550535103, 563276619, 0, 14, 645036337, 1
0, 8, 18, 1, 550535103, 563276619, 0, 13, 626708012, 1
0, 8, 18, 1, 550535103, 563276619, 0, 12, 609285778, 1
0, 8, 18, 1, 550535103, 563276619, 0, 11, 587722919, 1
0, 8, 18, 1, 550535103, 563276619, 0, 10, 562944527, 1
0, 8, 18, 1, 550535103, 563276619, 0, 9, 534652517, 1
0, 8, 18, 1, 550535103, 563276619, 0, 8, 492281225, 1
0, 8, 18, 1, 550535103, 563276619, 0, 7, 446218654, 1
0, 8, 18, 1, 550535103, 563276619, 0, 6, 380804565, 1
0, 8, 18, 1, 550535103, 563276619, 0, 5, 285901667, 1
0, 8, 18, 1, 550535103, 563276619, 0, 4, 274552018, 1
0, 8, 18, 1, 550535103, 563276619, 0, 3, 255635935, 1
0, 8, 18, 1, 550535103, 563276619, 0, 2, 217803770, 1
0, 8, 18, 1, 550535103, 563276619, 0, 1, 435607539, 1
0, 9, 18, 1, 563276620, 628335101, 1, 18, 872527939, 1
0, 9, 18, 1, 563276620, 628335101, 1, 17, 859476102, 1
0, 9, 18, 1, 563276620, 628335101, 1, 16, 846620152, 1
0, 9, 18, 1, 563276620, 628335101, 1, 15, 829217121, 1
0, 9, 18, 1, 563276620, 628335101, 1, 14, 811417313, 1
0, 9, 18, 1, 563276620, 628335101, 1, 13, 786855817, 1
0, 9, 18, 1, 563276620, 628335101, 1, 12, 762270186, 1
0, 9, 18, 1, 563276620, 628335101, 1, 11, 731444509, 1
0, 9, 18, 1, 563276620, 628335101, 1, 10, 693771127, 1
0, 9, 18, 1, 563276620, 628335101, 1, 9, 648455294, 1
0, 9, 18, 1, 563276620, 628335101, 1, 8, 594214232, 1
0, 9, 18, 1, 563276620, 628335101, 1, 7, 525088365, 1
0, 9, 18, 1, 563276620, 628335101, 1, 6, 470352165, 1
0, 9, 18, 1, 563276620, 628335101, 1, 5, 353132887, 1
0, 9, 18, 1, 563276620, 628335101, 1, 4, 311169858, 1
0, 9, 18, 1, 563276620, 628335101, 1, 3, 245227956, 1
0, 9, 18, 1, 563276620, 628335101, 1, 2, 126532531, 1
0, 9, 18, 1, 563276620, 628335101, 1, 1, 71862495, 1
0, 9, 18, 1, 563276620, 628335101, 1, 0, 1, 0
0, 9, 18, 1, 563276620, 628335101, 0, 18, 899904953, 1
0, 9, 18, 1, 563276620, 628335101, 0, 17, 890434018, 1
0, 9, 18, 1, 563276620, 628335101, 0, 16, 880838038, 1
0, 9, 18, 1, 563276620, 628335101, 0, 15, 865250993, 1
0, 9, 18, 1, 563276620, 628335101, 0, 14, 848725858, 1
0, 9, 18, 1, 563276620, 628335101, 0, 13, 828495794, 1
0, 9, 18, 1, 563276620, 628335101, 0, 12, 810122000, 1
0, 9, 18, 1, 563276620, 628335101, 0, 11, 782784671, 1
0, 9, 18, 1, 563276620, 628335101, 0, 10, 752781503, 1
0, 9, 18, 1, 563276620, 628335101, 0, 9, 714137344, 1
0, 9, 18, 1, 563276620, 628335101, 0, 8, 666058312, 1
0, 9, 18, 1, 563276620, 628335101, 0, 7, 606059785, 1
0, 9, 18, 1, 563276620, 628335101, 0, 6, 522536041, 1
0, 9, 18, 1, 563276620, 628335101, 0, 5, 408594944, 1
0, 9, 18, 1, 563276620, 628335101, 0, 4, 375252051, 1
0, 9, 18, 1, 563276620, 628335101, 0, 3, 319680562, 1
0, 9, 18, 1, 563276620, 628335101, 0, 2, 208537585, 1
0, 9, 18, 1, 563276620, 628335101, 0, 1, 215587485, 1
0, 10, 18, 1, 628335102, 645484772, 1, 18, 327031206, 1
0, 10, 18, 1, 628335102, 645484772, 1, 17, 321308153, 1
0, 10, 18, 1, 628335102, 645484772, 1, 16, 314403583, 1
0, 10, 18, 1, 628335102, 645484772, 1, 15, 305655162, 1
0, 10, 18, 1, 628335102, 645484772, 1, 14, 297703703, 1
0, 10, 18, 1, 628335102, 645484772, 1, 13, 284449571, 1
0, 10, 18, 1, 628335102, 645484772, 1, 12, 272980482, 1
0, 10, 18, 1, 628335102, 645484772, 1, 11, 253278543, 1
0, 10, 18, 1, 628335102, 645484772, 1, 10, 229895807, 1
0, 10, 18, 1, 628335102, 645484772, 1, 9, 202609796, 1
0, 10, 18, 1, 628335102, 645484772, 1, 8, 167439371, 1
0, 10, 18, 1, 628335102, 645484772, 1, 7, 130258591, 1
0, 10, 18, 1, 628335102, 645484772, 1, 6, 116387664, 1
0, 10, 18, 1, 628335102, 645484772, 1, 5, 55968117, 1
0, 10, 18, 1, 628335102, 645484772, 1, 4, 68405476, 1
0, 10, 18, 1, 628335102, 645484772, 1, 3, 81032087, 1
0, 10, 18, 1, 628335102, 645484772, 1, 2, 103759985, 1
0, 10, 18, 1, 628335102, 645484772, 1, 1, 86466655, 1
0, 10, 18, 1, 628335102, 645484772, 1, 0, 1, 0
0, 10, 18, 1, 628335102, 645484772, 0, 18, 333814490, 1
0, 10, 18, 1, 628335102, 645484772, 0, 17, 331111050, 1
0, 10, 18, 1, 628335102, 645484772, 0, 16, 328205074, 1
0, 10, 18, 1, 628335102, 645484772, 0, 15, 320200032, 1
0, 10, 18, 1, 628335102, 645484772, 0, 14, 312340045, 1
0, 10, 18, 1, 628335102, 645484772, 0, 13, 302108227, 1
0, 10, 18, 1, 628335102, 645484772, 0, 12, 295399055, 1
0, 10, 18, 1, 628335102, 645484772, 0, 11, 272910763, 1
0, 10, 18, 1, 628335102, 645484772, 0, 10, 250927453, 1
0, 10, 18, 1, 628335102, 645484772, 0, 9, 230562068, 1
0, 10, 18, 1, 628335102, 645484772, 0, 8, 205331504, 1
0, 10, 18, 1, 628335102, 645484772, 0, 7, 174709580, 1
0, 10, 18, 1, 628335102, 645484772, 0, 6, 130354638, 1
0, 10, 18, 1, 628335102, 645484772, 0, 5, 71249865, 1
0, 10, 18, 1, 628335102, 645484772, 0, 4, 89062331, 1
0, 10, 18, 1, 628335102, 645484772, 0, 3, 102608214, 1
0, 10, 18, 1, 628335102, 645484772, 0, 2, 129699982, 1
0, 10, 18, 1, 628335102, 645484772, 0, 1, 259399963, 1
0, 11, 18, 1, 645484773, 670803372, 1, 18, 649378190, 1
0, 11, 18, 1, 645484773, 670803372, 1, 17, 639199121, 1
0, 11, 18, 1, 645484773, 670803372, 1, 16, 627298410, 1
0, 11, 18, 1, 645484773, 670803372, 1, 15, 612909185, 1
0, 11, 18, 1, 645484773, 670803372, 1, 14, 598538880, 1
0, 11, 18, 1, 645484773, 670803372, 1, 13, 577914962, 1
0, 11, 18, 1, 645484773, 670803372, 1, 12, 557896921, 1
0, 11, 18, 1, 645484773, 670803372, 1, 11, 528159256, 1
0, 11, 18, 1, 645484773, 670803372, 1, 10, 492829227, 1
0, 11, 18, 1, 645484773, 670803372, 1, 9, 451080704, 1
0, 11, 18, 1, 645484773, 670803372, 1, 8, 398044823, 1
0, 11, 18, 1, 645484773, 670803372, 1, 7, 338234465, 1
0, 11, 18, 1, 645484773, 670803372, 1, 6, 295680087, 1
0, 11, 18, 1, 645484773, 670803372, 1, 5, 195072382, 1
0, 11, 18, 1, 645484773, 670803372, 1, 4, 177103849, 1
0, 11, 18, 1, 645484773, 670803372, 1, 3, 124178841, 1
0, 11, 18, 1, 645484773, 670803372, 1, 2, 28913827, 1
0, 11, 18, 1, 645484773, 670803372, 1, 1, 1, 1
0, 11, 18, 1, 645484773, 670803372, 1, 0, 1, 0
0, 11, 18, 1, 645484773, 670803372, 0, 18, 676370560, 1
0, 11, 18, 1, 645484773, 670803372, 0, 17, 670268813, 1
0, 11, 18, 1, 645484773, 670803372, 0, 16, 663539742, 1
0, 11, 18, 1, 645484773, 670803372, 0, 15, 651201859, 1
0, 11, 18, 1, 645484773, 670803372, 0, 14, 638390053, 1
0, 11, 18, 1, 645484773, 670803372, 0, 13, 622444598, 1
0, 11, 18, 1, 645484773, 670803372, 0, 12, 609069516, 1
0, 11, 18, 1, 645484773, 670803372, 0, 11, 578703331, 1
0, 11, 18, 1, 645484773, 670803372, 0, 10, 547266549, 1
0, 11, 18, 1, 645484773, 670803372, 0, 9, 515346921, 1
0, 11, 18, 1, 645484773, 670803372, 0, 8, 475673553, 1
0, 11, 18, 1, 645484773, 670803372, 0, 7, 426482309, 1
0, 11, 18, 1, 645484773, 670803372, 0, 6, 357368274, 1
0, 11, 18, 1, 645484773, 670803372, 0, 5, 263600770, 1
0, 11, 18, 1, 645484773, 670803372, 0, 4, 260518267, 1
0, 11, 18, 1, 645484773, 670803372, 0, 3, 197773700, 1
0, 11, 18, 1, 645484773, 670803372, 0, 2, 72284567, 1
0, 11, 18, 1, 645484773, 670803372, 0, 1, 1, 1
0, 12, 18, 1, 670803373, 686143259, 1, 18, 487737714, 1
0, 12, 18, 1, 670803373, 686143259, 1, 17, 482681502, 1
0, 12, 18, 1, 670803373, 686143259, 1, 16, 480586107, 1
0, 12, 18, 1, 670803373, 686143259, 1, 15, 474570419, 1
0, 12, 18, 1, 670803373, 686143259, 1, 14, 465834009, 1
0, 12, 18, 1, 670803373, 686143259, 1, 13, 455518452, 1
0, 12, 18, 1, 670803373, 686143259, 1, 12, 443983964, 1
0, 12, 18, 1, 670803373, 686143259, 1, 11, 429884730, 1
0, 12, 18, 1, 670803373, 686143259, 1, 10, 416549642, 1
0, 12, 18, 1, 670803373, 686143259, 1, 9, 398193348, 1
0, 12, 18, 1, 670803373, 686143259, 1, 8, 375129586, 1
0, 12, 18, 1, 670803373, 686143259, 1, 7, 343245570, 1
0, 12, 18, 1, 670803373, 686143259, 1, 6, 305801193, 1
0, 12, 18, 1, 670803373, 686143259, 1, 5, 255953464, 1
0, 12, 18, 1, 670803373, 686143259, 1, 4, 181294811, 1
0, 12, 18, 1, 670803373, 686143259, 1, 3, 67132593, 1
0, 12, 18, 1, 670803373, 686143259, 1, 2, 1, 1
0, 12, 18, 1, 670803373, 686143259, 1, 1, 1, 1
0, 12, 18, 1, 670803373, 686143259, 1, 0, 1, 0
0, 12, 18, 1, 670803373, 686143259, 0, 18, 506448925, 1
0, 12, 18, 1, 670803373, 686143259, 0, 17, 504158217, 1
0, 12, 18, 1, 670803373, 686143259, 0, 16, 505329540, 1
0, 12, 18, 1, 670803373, 686143259, 0, 15, 503049664, 1
0, 12, 18, 1, 670803373, 686143259, 0, 14, 497637468, 1
0, 12, 18, 1, 670803373, 686143259, 0, 13, 488575205, 1
0, 12, 18, 1, 670803373, 686143259, 0, 12, 478936154, 1
0, 12, 18, 1, 670803373, 686143259, 0, 11, 468107131, 1
0, 12, 18, 1, 670803373, 686143259, 0, 10, 454707086, 1
0, 12, 18, 1, 670803373, 686143259, 0, 9, 436739450, 1
0, 12, 18, 1, 670803373, 686143259, 0, 8, 419459004, 1
0, 12, 18, 1, 670803373, 686143259, 0, 7, 396502640, 1
0, 12, 18, 1, 670803373, 686143259, 0, 6, 363255584, 1
0, 12, 18, 1, 670803373, 686143259, 0, 5, 319379425, 1
0, 12, 18, 1, 670803373, 686143259, 0, 4, 258380075, 1
0, 12, 18, 1, 670803373, 686143259, 0, 3, 156642716, 1
0, 12, 18, 1, 670803373, 686143259, 0, 2, 1, 1
0, 12, 18, 1, 670803373, 686143259, 0, 1, 1, 1
0, 13, 18, 1, 686143260, 748871447, 1, 18, 762124831, 1
0, 13, 18, 1, 686143260, 748871447, 1, 17, 751524984, 1
0, 13, 18, 1, 686143260, 748871447, 1, 16, 738434727, 1
0, 13, 18, 1, 686143260, 748871447, 1, 15, 724818054, 1
0, 13, 18, 1, 686143260, 748871447, 1, 14, 710302412, 1
0, 13, 18, 1, 686143260, 748871447, 1, 13, 691824506, 1
0, 13, 18, 1, 686143260, 748871447, 1, 12, 669112921, 1
0, 13, 18, 1, 686143260, 748871447, 1, 11, 642809236, 1
0, 13, 18, 1, 686143260, 748871447, 1, 10, 615610194, 1
0, 13, 18, 1, 686143260, 748871447, 1, 9, 578213843, 1
0, 13, 18, 1, 686143260, 748871447, 1, 8, 538020088, 1
0, 13, 18, 1, 686143260, 748871447, 1, 7, 517005357, 1
0, 13, 18, 1, 686143260, 748871447, 1, 6, 447937040, 1
0, 13, 18, 1, 686143260, 748871447, 1, 5, 355229635, 1
0, 13, 18, 1, 686143260, 748871447, 1, 4, 296071761, 1
0, 13, 18, 1, 686143260, 748871447, 1, 3, 203109386, 1
0, 13, 18, 1, 686143260, 748871447, 1, 2, 35777112, 0
0, 13, 18, 1, 686143260, 748871447, 1, 1, 59628520, 0
0, 13, 18, 1, 686143260, 748871447, 1, 0, 178885558, 0
0, 13, 18, 1, 686143260, 748871447, 0, 18, 780675988, 1
0, 13, 18, 1, 686143260, 748871447, 0, 17, 771545338, 1
0, 13, 18, 1, 686143260, 748871447, 0, 16, 761152099, 1
0, 13, 18, 1, 686143260, 748871447, 0, 15, 749369158, 1
0, 13, 18, 1, 686143260, 748871447, 0, 14, 738387926, 1
0, 13, 18, 1, 686143260, 748871447, 0, 13, 723691049, 1
0, 13, 18, 1, 686143260, 748871447, 0, 12, 703812916, 1
0, 13, 18, 1, 686143260, 748871447, 0, 11, 679132600, 1
0, 13, 18, 1, 686143260, 748871447, 0, 10, 656374500, 1
0, 13, 18, 1, 686143260, 748871447, 0, 9, 622562632, 1
0, 13, 18, 1, 686143260, 748871447, 0, 8, 587385696, 1
0, 13, 18, 1, 686143260, 748871447, 0, 7, 537845793, 1
0, 13, 18, 1, 686143260, 748871447, 0, 6, 466335755, 1
0, 13, 18, 1, 686143260, 748871447, 0, 5, 372864043, 1
0, 13, 18, 1, 686143260, 748871447, 0, 4, 310720036, 1
0, 13, 18, 1, 686143260, 748871447, 0, 3, 207146691, 1
0, 13, 18, 1, 686143260, 748871447, 0, 2, 1, 1
0, 13, 18, 1, 686143260, 748871447, 0, 1, 1, 1
0, 14, 18, 1, 748871448, 766831761, 1, 18, 404292901, 1
0, 14, 18, 1, 748871448, 766831761, 1, 17, 394392455, 1
0, 14, 18, 1, 748871448, 766831761, 1, 16, 384300038, 1
0, 14, 18, 1, 748871448, 766831761, 1, 15, 373521262, 1
0, 14, 18, 1, 748871448, 766831761, 1, 14, 364654828, 1
0, 14, 18, 1, 748871448, 766831761, 1, 13, 348828449, 1
0, 14, 18, 1, 748871448, 766831761, 1, 12, 329179426, 1
0, 14, 18, 1, 748871448, 766831761, 1, 11, 307432229, 1
0, 14, 18, 1, 748871448, 766831761, 1, 10, 289609415, 1
0, 14, 18, 1, 748871448, 766831761, 1, 9, 258660361, 1
0, 14, 18, 1, 748871448, 766831761, 1, 8, 222554615, 1
0, 14, 18, 1, 748871448, 766831761, 1, 7, 204552898, 1
0, 14, 18, 1, 748871448, 766831761, 1, 6, 147578612, 1
0, 14, 18, 1, 748871448, 766831761, 1, 5, 69639538, 1
0, 14, 18, 1, 748871448, 766831761, 1, 4, 52473756, 1
0, 14, 18, 1, 748871448, 766831761, 1, 3, 25498956, 1
0, 14, 18, 1, 748871448, 766831761, 1, 2, 6321428, 0
0, 14, 18, 1, 748871448, 766831761, 1, 1, 10535713, 0
0, 14, 18, 1, 748871448, 766831761, 1, 0, 31607137, 0
0, 14, 18, 1, 748871448, 766831761, 0, 18, 430092913, 1
0, 14, 18, 1, 748871448, 766831761, 0, 17, 421233175, 1
0, 14, 18, 1, 748871448, 766831761, 0, 16, 412960552, 1
0, 14, 18, 1, 748871448, 766831761, 0, 15, 405397482, 1
0, 14, 18, 1, 748871448, 766831761, 0, 14, 391681172, 1
0, 14, 18, 1, 748871448, 766831761, 0, 13, 379379484, 1
0, 14, 18, 1, 748871448, 766831761, 0, 12, 363437998, 1
0, 14, 18, 1, 748871448, 766831761, 0, 11, 344652315, 1
0, 14, 18, 1, 748871448, 766831761, 0, 10, 327907308, 1
0, 14, 18, 1, 748871448, 766831761, 0, 9, 299067552, 1
0, 14, 18, 1, 748871448, 766831761, 0, 8, 267853235, 1
0, 14, 18, 1, 748871448, 766831761, 0, 7, 226922528, 1
0, 14, 18, 1, 748871448, 766831761, 0, 6, 168577829, 1
0, 14, 18, 1, 748871448, 766831761, 0, 5, 88131334, 1
0, 14, 18, 1, 748871448, 766831761, 0, 4, 73442778, 1
0, 14, 18, 1, 748871448, 766831761, 0, 3, 48961852, 1
0, 14, 18, 1, 748871448, 766831761, 0, 2, 1, 1
0, 14, 18, 1, 748871448, 766831761, 0, 1, 1, 1
0, 15, 18, 1, 766831762, 789320374, 1, 18, 888457217, 1
0, 15, 18, 1, 766831762, 789320374, 1, 17, 879124803, 1
0, 15, 18, 1, 766831762, 789320374, 1, 16, 869816908, 1
0, 15, 18, 1, 766831762, 789320374, 1, 15, 857769347, 1
0, 15, 18, 1, 766831762, 789320374, 1, 14, 842424708, 1
0, 15, 18, 1, 766831762, 789320374, 1, 13, 821631779, 1
0, 15, 18, 1, 766831762, 789320374, 1, 12, 802266044, 1
0, 15, 18, 1, 766831762, 789320374, 1, 11, 779657198, 1
0, 15, 18, 1, 766831762, 789320374, 1, 10, 751149860, 1
0, 15, 18, 1, 766831762, 789320374, 1, 9, 719709939, 1
0, 15, 18, 1, 766831762, 789320374, 1, 8, 680958583, 1
0, 15, 18, 1, 766831762, 789320374, 1, 7, 664110573, 1
0, 15, 18, 1, 766831762, 789320374, 1, 6, 605188864, 1
0, 15, 18, 1, 766831762, 789320374, 1, 5, 544378853, 1
0, 15, 18, 1, 766831762, 789320374, 1, 4, 497483315, 1
0, 15, 18, 1, 766831762, 789320374, 1, 3, 423790326, 1
0, 15, 18, 1, 766831762, 789320374, 1, 2, 291142946, 0
0, 15, 18, 1, 766831762, 789320374, 1, 1, 261666539, 0
0, 15, 18, 1, 766831762, 789320374, 1, 0, 471016931, 0
0, 15, 18, 1, 766831762, 789320374, 0, 18, 903432162, 1
0, 15, 18, 1, 766831762, 789320374, 0, 17, 896091820, 1
0, 15, 18, 1, 766831762, 789320374, 0, 16, 890217607, 1
0, 15, 18, 1, 766831762, 789320374, 0, 15, 881045837, 1
0, 15, 18, 1, 766831762, 789320374, 0, 14, 869692781, 1
0, 15, 18, 1, 766831762, 789320374, 0, 13, 852293675, 1
0, 15, 18, 1, 766831762, 789320374, 0, 12, 836512166, 1
0, 15, 18, 1, 766831762, 789320374, 0, 11, 818881981, 1
0, 15, 18, 1, 766831762, 789320374, 0, 10, 795675071, 1
0, 15, 18, 1, 766831762, 789320374, 0, 9, 763100833, 1
0, 15, 18, 1, 766831762, 789320374, 0, 8, 732102898, 1
0, 15, 18, 1, 766831762, 789320374, 0, 7, 685387708, 1
0, 15, 18, 1, 766831762, 789320374, 0, 6, 623694728, 1
0, 15, 18, 1, 766831762, 789320374, 0, 5, 587388288, 1
0, 15, 18, 1, 766831762, 789320374, 0, 4, 545383167, 1
0, 15, 18, 1, 766831762, 789320374, 0, 3, 475374630, 1
0, 15, 18, 1, 766831762, 789320374, 0, 2, 335357558, 1
0, 15, 18, 1, 766831762, 789320374, 0, 1, 313982686, 1
0, 16, 18, 1, 789320375, 853944715, 1, 18, 615963220, 1
0, 16, 18, 1, 789320375, 853944715, 1, 17, 606617786, 1
0, 16, 18, 1, 789320375, 853944715, 1, 16, 597295292, 1
0, 16, 18, 1, 789320375, 853944715, 1, 15, 585231248, 1
0, 16, 18, 1, 789320375, 853944715, 1, 14, 569867853, 1
0, 16, 18, 1, 789320375, 853944715, 1, 13, 549053389, 1
0, 16, 18, 1, 789320375, 853944715, 1, 12, 529662674, 1
0, 16, 18, 1, 789320375, 853944715, 1, 11, 507024502, 1
0, 16, 18, 1, 789320375, 853944715, 1, 10, 478482254, 1
0, 16, 18, 1, 789320375, 853944715, 1, 9, 447000073, 1
0, 16, 18, 1, 789320375, 853944715, 1, 8, 408196513, 1
0, 16, 18, 1, 789320375, 853944715, 1, 7, 391282379, 1
0, 16, 18, 1, 789320375, 853944715, 1, 6, 332274199, 1
0, 16, 18, 1, 789320375, 853944715, 1, 5, 271346274, 1
0, 16, 18, 1, 789320375, 853944715, 1, 4, 224280414, 1
0, 16, 18, 1, 789320375, 853944715, 1, 3, 150319778, 1
0, 16, 18, 1, 789320375, 853944715, 1, 2, 17190634, 1
0, 16, 18, 1, 789320375, 853944715, 1, 1, 1, 1
0, 16, 18, 1, 789320375, 853944715, 1, 0, 1, 0
0, 16, 18, 1, 789320375, 853944715, 0, 18, 628931045, 1
0, 16, 18, 1, 789320375, 853944715, 0, 17, 621459233, 1
0, 16, 18, 1, 789320375, 853944715, 0, 16, 615437117, 1
0, 16, 18, 1, 789320375, 853944715, 0, 15, 606097723, 1
0, 16, 18, 1, 789320375, 853944715, 0, 14, 594553097, 1
0, 16, 18, 1, 789320375, 853944715, 0, 13, 576932949, 1
0, 16, 18, 1, 789320375, 853944715, 0, 12, 560893558, 1
0, 16, 18, 1, 789320375, 853944715, 0, 11, 542958603, 1
0, 16, 18, 1, 789320375, 853944715, 0, 10, 519385968, 1
0, 16, 18, 1, 789320375, 853944715, 0, 9, 486364734, 1
0, 16, 18, 1, 789320375, 853944715, 0, 8, 454808053, 1
0, 16, 18, 1, 789320375, 853944715, 0, 7, 407374476, 1
0, 16, 18, 1, 789320375, 853944715, 0, 6, 344723647, 1
0, 16, 18, 1, 789320375, 853944715, 0, 5, 307076218, 1
0, 16, 18, 1, 789320375, 853944715, 0, 4, 263059612, 1
0, 16, 18, 1, 789320375, 853944715, 0, 3, 189698602, 1
0, 16, 18, 1, 789320375, 853944715, 0, 2, 42976583, 1
0, 16, 18, 1, 789320375, 853944715, 0, 1, 1, 1
0, 17, 18, 1, 853944716, 883850405, 1, 18, 648779905, 1
0, 17, 18, 1, 853944716, 883850405, 1, 17, 636800784, 1
0, 17, 18, 1, 853944716, 883850405, 1, 16, 624768655, 1
0, 17, 18, 1, 853944716, 883850405, 1, 15, 615124874, 1
0, 17, 18, 1, 853944716, 883850405, 1, 14, 598331558, 1
0, 17, 18, 1, 853944716, 883850405, 1, 13, 580585089, 1
0, 17, 18, 1, 853944716, 883850405, 1, 12, 559807229, 1
0, 17, 18, 1, 853944716, 883850405, 1, 11, 534931176, 1
0, 17, 18, 1, 853944716, 883850405, 1, 10, 509951062, 1
0, 17, 18, 1, 853944716, 883850405, 1, 9, 475127884, 1
0, 17, 18, 1, 853944716, 883850405, 1, 8, 431553757, 1
0, 17, 18, 1, 853944716, 883850405, 1, 7, 403573730, 1
0, 17, 18, 1, 853944716, 883850405, 1, 6, 335818538, 1
0, 17, 18, 1, 853944716, 883850405, 1, 5, 241097118, 1
0, 17, 18, 1, 853944716, 883850405, 1, 4, 196449504, 1
0, 17, 18, 1, 853944716, 883850405, 1, 3, 126288967, 1
0, 17, 18, 1, 853944716, 883850405, 1, 2, 1, 1
0, 17, 18, 1, 853944716, 883850405, 1, 1, 1, 1
0, 17, 18, 1, 853944716, 883850405, 1, 0, 1, 0
0, 17, 18, 1, 853944716, 883850405, 0, 18, 666959567, 1
0, 17, 18, 1, 853944716, 883850405, 0, 17, 656918792, 1
0, 17, 18, 1, 853944716, 883850405, 0, 16, 646029259, 1
0, 17, 18, 1, 853944716, 883850405, 0, 15, 643785283, 1
0, 17, 18, 1, 853944716, 883850405, 0, 14, 629239977, 1
0, 17, 18, 1, 853944716, 883850405, 0, 13, 612217060, 1
0, 17, 18, 1, 853944716, 883850405, 0, 12, 593579793, 1
0, 17, 18, 1, 853944716, 883850405, 0, 11, 570639479, 1
0, 17, 18, 1, 853944716, 883850405, 0, 10, 553169170, 1
0, 17, 18, 1, 853944716, 883850405, 0, 9, 520123595, 1
0, 17, 18, 1, 853944716, 883850405, 0, 8, 481035151, 1
0, 17, 18, 1, 853944716, 883850405, 0, 7, 430143744, 1
0, 17, 18, 1, 853944716, 883850405, 0, 6, 362424346, 1
0, 17, 18, 1, 853944716, 883850405, 0, 5, 265206830, 1
0, 17, 18, 1, 853944716, 883850405, 0, 4, 221005692, 1
0, 17, 18, 1, 853944716, 883850405, 0, 3, 147337128, 1
0, 17, 18, 1, 853944716, 883850405, 0, 2, 1, 1
0, 17, 18, 1, 853944716, 883850405, 0, 1, 1, 1
0, 18, 18, 1, 883850406, 930641143, 1, 18, 866077545, 1
0, 18, 18, 1, 883850406, 930641143, 1, 17, 852397349, 1
0, 18, 18, 1, 883850406, 930641143, 1, 16, 838457952, 1
0, 18, 18, 1, 883850406, 930641143, 1, 15, 826660805, 1
0, 18, 18, 1, 883850406, 930641143, 1, 14, 807417106, 1
0, 18, 18, 1, 883850406, 930641143, 1, 13, 786857236, 1
0, 18, 18, 1, 883850406, 930641143, 1, 12, 762815830, 1
0, 18, 18, 1, 883850406, 930641143, 1, 11, 734108657, 1
0, 18, 18, 1, 883850406, 930641143, 1, 10, 704567687, 1
0, 18, 18, 1, 883850406, 930641143, 1, 9, 664223472, 1
0, 18, 18, 1, 883850406, 930641143, 1, 8, 613829240, 1
0, 18, 18, 1, 883850406, 930641143, 1, 7, 577210415, 1
0, 18, 18, 1, 883850406, 930641143, 1, 6, 498158333, 1
0, 18, 18, 1, 883850406, 930641143, 1, 5, 388032061, 1
0, 18, 18, 1, 883850406, 930641143, 1, 4, 306256825, 1
0, 18, 18, 1, 883850406, 930641143, 1, 3, 196879388, 1
0, 18, 18, 1, 883850406, 930641143, 1, 2, 1, 1
0, 18, 18, 1, 883850406, 930641143, 1, 1, 1, 1
0, 18, 18, 1, 883850406, 930641143, 1, 0, 1, 0
0, 18, 18, 1, 883850406, 930641143, 0, 18, 886574210, 1
0, 18, 18, 1, 883850406, 930641143, 0, 17, 874918622, 1
0, 18, 18, 1, 883850406, 930641143, 0, 16, 862212424, 1
0, 18, 18, 1, 883850406, 930641143, 0, 15, 857909560, 1
0, 18, 18, 1, 883850406, 930641143, 0, 14, 841011241, 1
0, 18, 18, 1, 883850406, 930641143, 0, 13, 821273308, 1
0, 18, 18, 1, 883850406, 930641143, 0, 12, 799468521, 1
0, 18, 18, 1, 883850406, 930641143, 0, 11, 772784776, 1
0, 18, 18, 1, 883850406, 930641143, 0, 10, 750822350, 1
0, 18, 18, 1, 883850406, 930641143, 0, 9, 712286408, 1
0, 18, 18, 1, 883850406, 930641143, 0, 8, 666335006, 1
0, 18, 18, 1, 883850406, 930641143, 0, 7, 606619796, 1
0, 18, 18, 1, 883850406, 930641143, 0, 6, 527135329, 1
0, 18, 18, 1, 883850406, 930641143, 0, 5, 413446714, 1
0, 18, 18, 1, 883850406, 930641143, 0, 4, 344538929, 1
0, 18, 18, 1, 883850406, 930641143, 0, 3, 229692619, 1
0, 18, 18, 1, 883850406, 930641143, 0, 2, 1, 1
0, 18, 18, 1, 883850406, 930641143, 0, 1, 1, 1
0, 19, 18, 1, 930641144, 950966049, 1, 18, 548768049, 1
0, 19, 18, 1, 930641144, 950966049, 1, 17, 537778009, 1
0, 19, 18, 1, 930641144, 950966049, 1, 16, 527479445, 1
0, 19, 18, 1, 930641144, 950966049, 1, 15, 510249938, 1
0, 19, 18, 1, 930641144, 950966049, 1, 14, 492316030, 1
0, 19, 18, 1, 930641144, 950966049, 1, 13, 496515517, 1
0, 19, 18, 1, 930641144, 950966049, 1, 12, 504706609, 1
0, 19, 18, 1, 930641144, 950966049, 1, 11, 510732463, 1
0, 19, 18, 1, 930641144, 950966049, 1, 10, 489261373, 1
0, 19, 18, 1, 930641144, 950966049, 1, 9, 458370683, 1
0, 19, 18, 1, 930641144, 950966049, 1, 8, 418926720, 1
0, 19, 18, 1, 930641144, 950966049, 1, 7, 398706114, 1
0, 19, 18, 1, 930641144, 950966049, 1, 6, 340023533, 1
0, 19, 18, 1, 930641144, 950966049, 1, 5, 326287655, 1
0, 19, 18, 1, 930641144, 950966049, 1, 4, 300102978, 1
0, 19, 18, 1, 930641144, 950966049, 1, 3, 163280585, 1
0, 19, 18, 1, 930641144, 950966049, 1, 2, 26890035, 1
0, 19, 18, 1, 930641144, 950966049, 1, 1, 1, 1
0, 19, 18, 1, 930641144, 950966049, 1, 0, 1, 0
0, 19, 18, 1, 930641144, 950966049, 0, 18, 566714760, 1
0, 19, 18, 1, 930641144, 950966049, 0, 17, 554332200, 1
0, 19, 18, 1, 930641144, 950966049, 0, 16, 541106155, 1
0, 19, 18, 1, 930641144, 950966049, 0, 15, 524313274, 1
0, 19, 18, 1, 930641144, 950966049, 0, 14, 503966425, 1
0, 19, 18, 1, 930641144, 950966049, 0, 13, 538978999, 1
0, 19, 18, 1, 930641144, 950966049, 0, 12, 522273017, 1
0, 19, 18, 1, 930641144, 950966049, 0, 11, 495023689, 1
0, 19, 18, 1, 930641144, 950966049, 0, 10, 472136821, 1
0, 19, 18, 1, 930641144, 950966049, 0, 9, 438130063, 1
0, 19, 18, 1, 930641144, 950966049, 0, 8, 395048871, 1
0, 19, 18, 1, 930641144, 950966049, 0, 7, 339532036, 1
0, 19, 18, 1, 930641144, 950966049, 0, 6, 265072188, 1
0, 19, 18, 1, 930641144, 950966049, 0, 5, 308326036, 1
0, 19, 18, 1, 930641144, 950966049, 0, 4, 361161978, 1
0, 19, 18, 1, 930641144, 950966049, 0, 3, 221777808, 1
0, 19, 18, 1, 930641144, 950966049, 0, 2, 67225086, 1
0, 19, 18, 1, 930641144, 950966049, 0, 1, 1, 1
0, 20, 18, 1, 950966050, 1050821300, 1, 18, 306302161, 1
0, 20, 18, 1, 950966050, 1050821300, 1, 17, 282655803, 1
0, 20, 18, 1, 950966050, 1050821300, 1, 16, 254822827, 1
0, 20, 18, 1, 950966050, 1050821300, 1, 15, 257040545, 1
0, 20, 18, 1, 950966050, 1050821300, 1, 14, 257201461, 1
0, 20, 18, 1, 950966050, 1050821300, 1, 13, 257386216, 1
0, 20, 18, 1, 950966050, 1050821300, 1, 12, 257600532, 1
0, 20, 18, 1, 950966050, 1050821300, 1, 11, 257852121, 1
0, 20, 18, 1, 950966050, 1050821300, 1, 10, 258151632, 1
0, 20, 18, 1, 950966050, 1050821300, 1, 9, 260694826, 1
0, 20, 18, 1, 950966050, 1050821300, 1, 8, 261399246, 1
0, 20, 18, 1, 950966050, 1050821300, 1, 7, 265994910, 1
0, 20, 18, 1, 950966050, 1050821300, 1, 6, 267731471, 1
0, 20, 18, 1, 950966050, 1050821300, 1, 5, 270099508, 1
0, 20, 18, 1, 950966050, 1050821300, 1, 4, 219849292, 1
0, 20, 18, 1, 950966050, 1050821300, 1, 3, 163127474, 1
0, 20, 18, 1, 950966050, 1050821300, 1, 2, 1, 1
0, 20, 18, 1, 950966050, 1050821300, 1, 1, 1, 1
0, 20, 18, 1, 950966050, 1050821300, 1, 0, 1, 0
0, 20, 18, 1, 950966050, 1050821300, 0, 18, 328463453, 1
0, 20, 18, 1, 950966050, 1050821300, 0, 17, 305683823, 1
0, 20, 18, 1, 950966050, 1050821300, 0, 16, 279769722, 1
0, 20, 18, 1, 950966050, 1050821300, 0, 15, 281440553, 1
0, 20, 18, 1, 950966050, 1050821300, 0, 14, 283350074, 1
0, 20, 18, 1, 950966050, 1050821300, 0, 13, 285553367, 1
0, 20, 18, 1, 950966050, 1050821300, 0, 12, 288123875, 1
0, 20, 18, 1, 950966050, 1050821300, 0, 11, 291161749, 1
0, 20, 18, 1, 950966050, 1050821300, 0, 10, 294807198, 1
0, 20, 18, 1, 950966050, 1050821300, 0, 9, 303866298, 1
0, 20, 18, 1, 950966050, 1050821300, 0, 8, 310011177, 1
0, 20, 18, 1, 950966050, 1050821300, 0, 7, 317911737, 1
0, 20, 18, 1, 950966050, 1050821300, 0, 6, 328445816, 1
0, 20, 18, 1, 950966050, 1050821300, 0, 5, 343193526, 1
0, 20, 18, 1, 950966050, 1050821300, 0, 4, 285473079, 1
0, 20, 18, 1, 950966050, 1050821300, 0, 3, 241172221, 1
0, 20, 18, 1, 950966050, 1050821300, 0, 2, 1, 1
0, 20, 18, 1, 950966050, 1050821300, 0, 1, 1, 1
0, 21, 18, 1, 1050821301, 1189065377, 1, 18, 769264551, 1
0, 21, 18, 1, 1050821301, 1189065377, 1, 17, 743238644, 1
0, 21, 18, 1, 1050821301, 1189065377, 1, 16, 720124414, 1
0, 21, 18, 1, 1050821301, 1189065377, 1, 15, 712990331, 1
0, 21, 18, 1, 1050821301, 1189065377, 1, 14, 714303048, 1
0, 21, 18, 1, 1050821301, 1189065377, 1, 13, 715810241, 1
0, 21, 18, 1, 1050821301, 1189065377, 1, 12, 717558585, 1
0, 21, 18, 1, 1050821301, 1189065377, 1, 11, 719610989, 1
0, 21, 18, 1, 1050821301, 1189065377, 1, 10, 722054326, 1
0, 21, 18, 1, 1050821301, 1189065377, 1, 9, 731798343, 1
0, 21, 18, 1, 1050821301, 1189065377, 1, 8, 715136177, 1
0, 21, 18, 1, 1050821301, 1189065377, 1, 7, 717960209, 1
0, 21, 18, 1, 1050821301, 1189065377, 1, 6, 721653173, 1
0, 21, 18, 1, 1050821301, 1189065377, 1, 5, 726689033, 1
0, 21, 18, 1, 1050821301, 1189065377, 1, 4, 637575649, 1
0, 21, 18, 1, 1050821301, 1189065377, 1, 3, 512974541, 1
0, 21, 18, 1, 1050821301, 1189065377, 1, 2, 314560028, 1
0, 21, 18, 1, 1050821301, 1189065377, 1, 1, 277470009, 1
0, 21, 18, 1, 1050821301, 1189065377, 1, 0, 92019912, 0
0, 21, 18, 1, 1050821301, 1189065377, 0, 18, 884108100, 1
0, 21, 18, 1, 1050821301, 1189065377, 0, 17, 865162693, 1
0, 21, 18, 1, 1050821301, 1189065377, 0, 16, 843970573, 1
0, 21, 18, 1, 1050821301, 1189065377, 0, 15, 842006828, 1
0, 21, 18, 1, 1050821301, 1189065377, 0, 14, 839762547, 1
0, 21, 18, 1, 1050821301, 1189065377, 0, 13, 837172993, 1
0, 21, 18, 1, 1050821301, 1189065377, 0, 12, 834151847, 1
0, 21, 18, 1, 1050821301, 1189065377, 0, 11, 830581401, 1
0, 21, 18, 1, 1050821301, 1189065377, 0, 10, 826296866, 1
0, 21, 18, 1, 1050821301, 1189065377, 0, 9, 835386828, 1
0, 21, 18, 1, 1050821301, 1189065377, 0, 8, 830631838, 1
0, 21, 18, 1, 1050821301, 1189065377, 0, 7, 824518279, 1
0, 21, 18, 1, 1050821301, 1189065377, 0, 6, 816366867, 1
0, 21, 18, 1, 1050821301, 1189065377, 0, 5, 804954890, 1
0, 21, 18, 1, 1050821301, 1189065377, 0, 4, 713424170, 1
0, 21, 18, 1, 1050821301, 1189065377, 0, 3, 591345573, 1
0, 21, 18, 1, 1050821301, 1189065377, 0, 2, 370195057, 1
0, 21, 18, 1, 1050821301, 1189065377, 0, 1, 740390114, 1
0, 22, 18, 1, 1189065378, 1231774763, 1, 18, 346634203, 1
0, 22, 18, 1, 1189065378, 1231774763, 1, 17, 326393055, 1
0, 22, 18, 1, 1189065378, 1231774763, 1, 16, 301378018, 1
0, 22, 18, 1, 1189065378, 1231774763, 1, 15, 304078415, 1
0, 22, 18, 1, 1189065378, 1231774763, 1, 14, 310859603, 1
0, 22, 18, 1, 1189065378, 1231774763, 1, 13, 301710424, 1
0, 22, 18, 1, 1189065378, 1231774763, 1, 12, 309387162, 1
0, 22, 18, 1, 1189065378, 1231774763, 1, 11, 318398985, 1
0, 22, 18, 1, 1189065378, 1231774763, 1, 10, 296684611, 1
0, 22, 18, 1, 1189065378, 1231774763, 1, 9, 306256549, 1
0, 22, 18, 1, 1189065378, 1231774763, 1, 8, 318080708, 1
0, 22, 18, 1, 1189065378, 1231774763, 1, 7, 333057976, 1
0, 22, 18, 1, 1189065378, 1231774763, 1, 6, 352643634, 1
0, 22, 18, 1, 1189065378, 1231774763, 1, 5, 379351350, 1
0, 22, 18, 1, 1189065378, 1231774763, 1, 4, 298210020, 1
0, 22, 18, 1, 1189065378, 1231774763, 1, 3, 183630263, 1
0, 22, 18, 1, 1189065378, 1231774763, 1, 2, 1, 1
0, 22, 18, 1, 1189065378, 1231774763, 1, 1, 1, 1
0, 22, 18, 1, 1189065378, 1231774763, 1, 0, 1, 0
0, 22, 18, 1, 1189065378, 1231774763, 0, 18, 320500511, 1
0, 22, 18, 1, 1189065378, 1231774763, 0, 17, 299442167, 1
0, 22, 18, 1, 1189065378, 1231774763, 0, 16, 273946050, 1
0, 22, 18, 1, 1189065378, 1231774763, 0, 15, 278492373, 1
0, 22, 18, 1, 1189065378, 1231774763, 0, 14, 283688172, 1
0, 22, 18, 1, 1189065378, 1231774763, 0, 13, 289683324, 1
0, 22, 18, 1, 1189065378, 1231774763, 0, 12, 296677667, 1
0, 22, 18, 1, 1189065378, 1231774763, 0, 11, 304943710, 1
0, 22, 18, 1, 1189065378, 1231774763, 0, 10, 314862961, 1
0, 22, 18, 1, 1189065378, 1231774763, 0, 9, 326986491, 1
0, 22, 18, 1, 1189065378, 1231774763, 0, 8, 342140902, 1
0, 22, 18, 1, 1189065378, 1231774763, 0, 7, 361625146, 1
0, 22, 18, 1, 1189065378, 1231774763, 0, 6, 387604137, 1
0, 22, 18, 1, 1189065378, 1231774763, 0, 5, 423974725, 1
0, 22, 18, 1, 1189065378, 1231774763, 0, 4, 333635374, 1
0, 22, 18, 1, 1189065378, 1231774763, 0, 3, 204216642, 1
0, 22, 18, 1, 1189065378, 1231774763, 0, 2, 1, 1
0, 22, 18, 1, 1189065378, 1231774763, 0, 1, 1, 1
0, 23, 18, 1, 1231774764, 1529529802, 1, 18, 878009950, 1
0, 23, 18, 1, 1231774764, 1529529802, 1, 17, 866058463, 1
0, 23, 18, 1, 1231774764, 1529529802, 1, 16, 857290437, 1
0, 23, 18, 1, 1231774764, 1529529802, 1, 15, 849702049, 1
0, 23, 18, 1, 1231774764, 1529529802, 1, 14, 834412836, 1
0, 23, 18, 1, 1231774764, 1529529802, 1, 13, 821377568, 1
0, 23, 18, 1, 1231774764, 1529529802, 1, 12, 800454761, 1
0, 23, 18, 1, 1231774764, 1529529802, 1, 11, 776089096, 1
0, 23, 18, 1, 1231774764, 1529529802, 1, 10, 746867805, 1
0, 23, 18, 1, 1231774764, 1529529802, 1, 9, 711494662, 1
0, 23, 18, 1, 1231774764, 1529529802, 1, 8, 667798427, 1
0, 23, 18, 1, 1231774764, 1529529802, 1, 7, 612634506, 1
0, 23, 18, 1, 1231774764, 1529529802, 1, 6, 544031677, 1
0, 23, 18, 1, 1231774764, 1529529802, 1, 5, 498193411, 1
0, 23, 18, 1, 1231774764, 1529529802, 1, 4, 369193173, 1
0, 23, 18, 1, 1231774764, 1529529802, 1, 3, 263518670, 1
0, 23, 18, 1, 1231774764, 1529529802, 1, 2, 14972099, 0
0, 23, 18, 1, 1231774764, 1529529802, 1, 1, 24953497, 0
0, 23, 18, 1, 1231774764, 1529529802, 1, 0, 74860491, 0
0, 23, 18, 1, 1231774764, 1529529802, 0, 18, 909014405, 1
0, 23, 18, 1, 1231774764, 1529529802, 0, 17, 899023792, 1
0, 23, 18, 1, 1231774764, 1529529802, 0, 16, 886723436, 1
0, 23, 18, 1, 1231774764, 1529529802, 0, 15, 888044448, 1
0, 23, 18, 1, 1231774764, 1529529802, 0, 14, 875534461, 1
0, 23, 18, 1, 1231774764, 1529529802, 0, 13, 860330618, 1
0, 23, 18, 1, 1231774764, 1529529802, 0, 12, 841782115, 1
0, 23, 18, 1, 1231774764, 1529529802, 0, 11, 819861156, 1
0, 23, 18, 1, 1231774764, 1529529802, 0, 10, 793556006, 1
0, 23, 18, 1, 1231774764, 1529529802, 0, 9, 761405267, 1
0, 23, 18, 1, 1231774764, 1529529802, 0, 8, 721216843, 1
0, 23, 18, 1, 1231774764, 1529529802, 0, 7, 669546012, 1
0, 23, 18, 1, 1231774764, 1529529802, 0, 6, 601996948, 1
0, 23, 18, 1, 1231774764, 1529529802, 0, 5, 550504402, 1
0, 23, 18, 1, 1231774764, 1529529802, 0, 4, 414081774, 1
0, 23, 18, 1, 1231774764, 1529529802, 0, 3, 264511604, 1
0, 23, 18, 1, 1231774764, 1529529802, 0, 2, 1, 1
0, 23, 18, 1, 1231774764, 1529529802, 0, 1, 1, 1
0, 24, 18, 1, 1529529803, 1579424497, 1, 18, 673302273, 1
0, 24, 18, 1, 1529529803, 1579424497, 1, 17, 667024757, 1
0, 24, 18, 1, 1529529803, 1579424497, 1, 16, 660272435, 1
0, 24, 18, 1, 1529529803, 1579424497, 1, 15, 653603509, 1
0, 24, 18, 1, 1529529803, 1579424497, 1, 14, 643660240, 1
0, 24, 18, 1, 1529529803, 1579424497, 1, 13, 634700688, 1
0, 24, 18, 1, 1529529803, 1579424497, 1, 12, 617254409, 1
0, 24, 18, 1, 1529529803, 1579424497, 1, 11, 599863006, 1
0, 24, 18, 1, 1529529803, 1579424497, 1, 10, 582947251, 1
0, 24, 18, 1, 1529529803, 1579424497, 1, 9, 559323595, 1
0, 24, 18, 1, 1529529803, 1579424497, 1, 8, 537065672, 1
0, 24, 18, 1, 1529529803, 1579424497, 1, 7, 504699137, 1
0, 24, 18, 1, 1529529803, 1579424497, 1, 6, 462735396, 1
0, 24, 18, 1, 1529529803, 1579424497, 1, 5, 395924785, 1
0, 24, 18, 1, 1529529803, 1579424497, 1, 4, 299308586, 1
0, 24, 18, 1, 1529529803, 1579424497, 1, 3, 218300423, 1
0, 24, 18, 1, 1529529803, 1579424497, 1, 2, 35954678, 0
0, 24, 18, 1, 1529529803, 1579424497, 1, 1, 53307634, 0
0, 24, 18, 1, 1529529803, 1579424497, 1, 0, 140072414, 0
0, 24, 18, 1, 1529529803, 1579424497, 0, 18, 678399958, 1
0, 24, 18, 1, 1529529803, 1579424497, 0, 17, 673762071, 1
0, 24, 18, 1, 1529529803, 1579424497, 0, 16, 668273263, 1
0, 24, 18, 1, 1529529803, 1579424497, 0, 15, 662068631, 1
0, 24, 18, 1, 1529529803, 1579424497, 0, 14, 653182380, 1
0, 24, 18, 1, 1529529803, 1579424497, 0, 13, 643003157, 1
0, 24, 18, 1, 1529529803, 1579424497, 0, 12, 630807363, 1
0, 24, 18, 1, 1529529803, 1579424497, 0, 11, 616964523, 1
0, 24, 18, 1, 1529529803, 1579424497, 0, 10, 603095011, 1
0, 24, 18, 1, 1529529803, 1579424497, 0, 9, 582109620, 1
0, 24, 18, 1, 1529529803, 1579424497, 0, 8, 566091074, 1
0, 24, 18, 1, 1529529803, 1579424497, 0, 7, 540330586, 1
0, 24, 18, 1, 1529529803, 1579424497, 0, 6, 494515385, 1
0, 24, 18, 1, 1529529803, 1579424497, 0, 5, 441866716, 1
0, 24, 18, 1, 1529529803, 1579424497, 0, 4, 370658762, 1
0, 24, 18, 1, 1529529803, 1579424497, 0, 3, 238262285, 1
0, 24, 18, 1, 1529529803, 1579424497, 0, 2, 9925244, 1
0, 24, 18, 1, 1529529803, 1579424497, 0, 1, 19850487, 1
0, 25, 18, 1, 1579424498, 1609470036, 1, 18, 276828173, 1
0, 25, 18, 1, 1579424498, 1609470036, 1, 17, 272990403, 1
0, 25, 18, 1, 1579424498, 1609470036, 1, 16, 268973552, 1
0, 25, 18, 1, 1579424498, 1609470036, 1, 15, 265393062, 1
0, 25, 18, 1, 1579424498, 1609470036, 1, 14, 258964220, 1
0, 25, 18, 1, 1579424498, 1609470036, 1, 13, 254039751, 1
0, 25, 18, 1, 1579424498, 1609470036, 1, 12, 246511751, 1
0, 25, 18, 1, 1579424498, 1609470036, 1, 11, 237882999, 1
0, 25, 18, 1, 1579424498, 1609470036, 1, 10, 228318637, 1
0, 25, 18, 1, 1579424498, 1609470036, 1, 9, 213594036, 1
0, 25, 18, 1, 1579424498, 1609470036, 1, 8, 202329064, 1
0, 25, 18, 1, 1579424498, 1609470036, 1, 7, 183886932, 1
0, 25, 18, 1, 1579424498, 1609470036, 1, 6, 160132028, 1
0, 25, 18, 1, 1579424498, 1609470036, 1, 5, 131705524, 1
0, 25, 18, 1, 1579424498, 1609470036, 1, 4, 88740985, 1
0, 25, 18, 1, 1579424498, 1609470036, 1, 3, 67141472, 1
0, 25, 18, 1, 1579424498, 1609470036, 1, 2, 1, 1
0, 25, 18, 1, 1579424498, 1609470036, 1, 1, 1, 1
0, 25, 18, 1, 1579424498, 1609470036, 1, 0, 1, 0
0, 25, 18, 1, 1579424498, 1609470036, 0, 18, 286924143, 1
0, 25, 18, 1, 1579424498, 1609470036, 0, 17, 285091774, 1
0, 25, 18, 1, 1579424498, 1609470036, 0, 16, 282759175, 1
0, 25, 18, 1, 1579424498, 1609470036, 0, 15, 280131580, 1
0, 25, 18, 1, 1579424498, 1609470036, 0, 14, 275333371, 1
0, 25, 18, 1, 1579424498, 1609470036, 0, 13, 269871119, 1
0, 25, 18, 1, 1579424498, 1609470036, 0, 12, 263178458, 1
0, 25, 18, 1, 1579424498, 1609470036, 0, 11, 255839321, 1
0, 25, 18, 1, 1579424498, 1609470036, 0, 10, 249774253, 1
0, 25, 18, 1, 1579424498, 1609470036, 0, 9, 238327626, 1
0, 25, 18, 1, 1579424498, 1609470036, 0, 8, 234232535, 1
0, 25, 18, 1, 1579424498, 1609470036, 0, 7, 223802205, 1
0, 25, 18, 1, 1579424498, 1609470036, 0, 6, 198427213, 1
0, 25, 18, 1, 1579424498, 1609470036, 0, 5, 174394836, 1
0, 25, 18, 1, 1579424498, 1609470036, 0, 4, 146111322, 1
0, 25, 18, 1, 1579424498, 1609470036, 0, 3, 85255577, 1
0, 25, 18, 1, 1579424498, 1609470036, 0, 2, 1, 1
0, 25, 18, 1, 1579424498, 1609470036, 0, 1, 1, 1
0, 26, 18, 1, 1609470037, 1644591686, 1, 18, 1327015250, 1
0, 26, 18, 1, 1609470037, 1644591686, 1, 17, 1308630029, 1
0, 26, 18, 1, 1609470037, 1644591686, 1, 16, 1290645388, 1
0, 26, 18, 1, 1609470037, 1644591686, 1, 15, 1277102774, 1
0, 26, 18, 1, 1609470037, 1644591686, 1, 14, 1261692212, 1
0, 26, 18, 1, 1609470037, 1644591686, 1, 13, 1243998605, 1
0, 26, 18, 1, 1609470037, 1644591686, 1, 12, 1223474020, 1
0, 26, 18, 1, 1609470037, 1644591686, 1, 11, 1199379943, 1
0, 26, 18, 1, 1609470037, 1644591686, 1, 10, 1170696517, 1
0, 26, 18, 1, 1609470037, 1644591686, 1, 9, 1135974476, 1
0, 26, 18, 1, 1609470037, 1644591686, 1, 8, 1093082542, 1
0, 26, 18, 1, 1609470037, 1644591686, 1, 7, 1038752759, 1
0, 26, 18, 1, 1609470037, 1644591686, 1, 6, 967706120, 1
0, 26, 18, 1, 1609470037, 1644591686, 1, 5, 870824340, 1
0, 26, 18, 1, 1609470037, 1644591686, 1, 4, 705948925, 1
0, 26, 18, 1, 1609470037, 1644591686, 1, 3, 484738858, 0
0, 26, 18, 1, 1609470037, 1644591686, 1, 2, 192770429, 0
0, 26, 18, 1, 1609470037, 1644591686, 1, 1, 234878609, 0
0, 26, 18, 1, 1609470037, 1644591686, 1, 0, 575027670, 0
0, 26, 18, 1, 1609470037, 1644591686, 0, 18, 1358645991, 1
0, 26, 18, 1, 1609470037, 1644591686, 0, 17, 1342776294, 1
0, 26, 18, 1, 1609470037, 1644591686, 0, 16, 1327259861, 1
0, 26, 18, 1, 1609470037, 1644591686, 0, 15, 1315706791, 1
0, 26, 18, 1, 1609470037, 1644591686, 0, 14, 1302503282, 1
0, 26, 18, 1, 1609470037, 1644591686, 0, 13, 1287268464, 1
0, 26, 18, 1, 1609470037, 1644591686, 0, 12, 1269494510, 1
0, 26, 18, 1, 1609470037, 1644591686, 0, 11, 1248488928, 1
0, 26, 18, 1, 1609470037, 1644591686, 0, 10, 1223282230, 1
0, 26, 18, 1, 1609470037, 1644591686, 0, 9, 1192474043, 1
0, 26, 18, 1, 1609470037, 1644591686, 0, 8, 1153963809, 1
0, 26, 18, 1, 1609470037, 1644591686, 0, 7, 1104450652, 1
0, 26, 18, 1, 1609470037, 1644591686, 0, 6, 1038433108, 1
0, 26, 18, 1, 1609470037, 1644591686, 0, 5, 946008547, 1
0, 26, 18, 1, 1609470037, 1644591686, 0, 4, 792637629, 1
0, 26, 18, 1, 1609470037, 1644591686, 0, 3, 514612185, 1
0, 26, 18, 1, 1609470037, 1644591686, 0, 2, 129608158, 1
0, 26, 18, 1, 1609470037, 1644591686, 0, 1, 129608158, 1
0, 27, 18, 1, 1644591687, 1727966758, 1, 18, 765262855, 1
0, 27, 18, 1, 1644591687, 1727966758, 1, 17, 753594470, 1
0, 27, 18, 1, 1644591687, 1727966758, 1, 16, 739913201, 1
0, 27, 18, 1, 1644591687, 1727966758, 1, 15, 727979003, 1
0, 27, 18, 1, 1644591687, 1727966758, 1, 14, 711479270, 1
0, 27, 18, 1, 1644591687, 1727966758, 1, 13, 698341107, 1
0, 27, 18, 1, 1644591687, 1727966758, 1, 12, 686147859, 1
0, 27, 18, 1, 1644591687, 1727966758, 1, 11, 658548884, 1
0, 27, 18, 1, 1644591687, 1727966758, 1, 10, 659430335, 1
0, 27, 18, 1, 1644591687, 1727966758, 1, 9, 636872024, 1
0, 27, 18, 1, 1644591687, 1727966758, 1, 8, 604174265, 1
0, 27, 18, 1, 1644591687, 1727966758, 1, 7, 565813332, 1
0, 27, 18, 1, 1644591687, 1727966758, 1, 6, 513967571, 1
0, 27, 18, 1, 1644591687, 1727966758, 1, 5, 443518189, 1
0, 27, 18, 1, 1644591687, 1727966758, 1, 4, 330728868, 1
0, 27, 18, 1, 1644591687, 1727966758, 1, 3, 187969989, 1
0, 27, 18, 1, 1644591687, 1727966758, 1, 2, 1, 1
0, 27, 18, 1, 1644591687, 1727966758, 1, 1, 1, 1
0, 27, 18, 1, 1644591687, 1727966758, 1, 0, 1, 0
0, 27, 18, 1, 1644591687, 1727966758, 0, 18, 829592864, 1
0, 27, 18, 1, 1644591687, 1727966758, 0, 17, 824296210, 1
0, 27, 18, 1, 1644591687, 1727966758, 0, 16, 814017469, 1
0, 27, 18, 1, 1644591687, 1727966758, 0, 15, 801683312, 1
0, 27, 18, 1, 1644591687, 1727966758, 0, 14, 792651165, 1
0, 27, 18, 1, 1644591687, 1727966758, 0, 13, 782321852, 1
0, 27, 18, 1, 1644591687, 1727966758, 0, 12, 776618948, 1
0, 27, 18, 1, 1644591687, 1727966758, 0, 11, 755754039, 1
0, 27, 18, 1, 1644591687, 1727966758, 0, 10, 739926200, 1
0, 27, 18, 1, 1644591687, 1727966758, 0, 9, 722505568, 1
0, 27, 18, 1, 1644591687, 1727966758, 0, 8, 690462609, 1
0, 27, 18, 1, 1644591687, 1727966758, 0, 7, 655813578, 1
0, 27, 18, 1, 1644591687, 1727966758, 0, 6, 605971697, 1
0, 27, 18, 1, 1644591687, 1727966758, 0, 5, 536741709, 1
0, 27, 18, 1, 1644591687, 1727966758, 0, 4, 449451064, 1
0, 27, 18, 1, 1644591687, 1727966758, 0, 3, 273629835, 1
0, 27, 18, 1, 1644591687, 1727966758, 0, 2, 1, 1
0, 27, 18, 1, 1644591687, 1727966758, 0, 1, 1, 1
0, 28, 18, 1, 1727966759, 1749611399, 1, 18, 225990570, 1
0, 28, 18, 1, 1727966759, 1749611399, 1, 17, 224884998, 1
0, 28, 18, 1, 1727966759, 1749611399, 1, 16, 219711017, 1
0, 28, 18, 1, 1727966759, 1749611399, 1, 15, 211864542, 1
0, 28, 18, 1, 1727966759, 1749611399, 1, 14, 211486638, 1
0, 28, 18, 1, 1727966759, 1749611399, 1, 13, 210758464, 1
0, 28, 18, 1, 1727966759, 1749611399, 1, 12, 203920302, 1
0, 28, 18, 1, 1727966759, 1749611399, 1, 11, 191514202, 1
0, 28, 18, 1, 1727966759, 1749611399, 1, 10, 204574579, 1
0, 28, 18, 1, 1727966759, 1749611399, 1, 9, 184664595, 1
0, 28, 18, 1, 1727966759, 1749611399, 1, 8, 166868959, 1
0, 28, 18, 1, 1727966759, 1749611399, 1, 7, 157712937, 1
0, 28, 18, 1, 1727966759, 1749611399, 1, 6, 148878724, 1
0, 28, 18, 1, 1727966759, 1749611399, 1, 5, 135389060, 1
0, 28, 18, 1, 1727966759, 1749611399, 1, 4, 113967912, 1
0, 28, 18, 1, 1727966759, 1749611399, 1, 3, 47602857, 1
0, 28, 18, 1, 1727966759, 1749611399, 1, 2, 1, 1
0, 28, 18, 1, 1727966759, 1749611399, 1, 1, 1, 1
0, 28, 18, 1, 1727966759, 1749611399, 1, 0, 1, 0
0, 28, 18, 1, 1727966759, 1749611399, 0, 18, 179489123, 1
0, 28, 18, 1, 1727966759, 1749611399, 0, 17, 184351690, 1
0, 28, 18, 1, 1727966759, 1749611399, 0, 16, 176219430, 1
0, 28, 18, 1, 1727966759, 1749611399, 0, 15, 168121232, 1
0, 28, 18, 1, 1727966759, 1749611399, 0, 14, 173425601, 1
0, 28, 18, 1, 1727966759, 1749611399, 0, 13, 179429808, 1
0, 28, 18, 1, 1727966759, 1749611399, 0, 12, 169347276, 1
0, 28, 18, 1, 1727966759, 1749611399, 0, 11, 155814763, 1
0, 28, 18, 1, 1727966759, 1749611399, 0, 10, 160520191, 1
0, 28, 18, 1, 1727966759, 1749611399, 0, 9, 129273643, 1
0, 28, 18, 1, 1727966759, 1749611399, 0, 8, 106274697, 1
0, 28, 18, 1, 1727966759, 1749611399, 0, 7, 108815054, 1
0, 28, 18, 1, 1727966759, 1749611399, 0, 6, 111762097, 1
0, 28, 18, 1, 1727966759, 1749611399, 0, 5, 111850454, 1
0, 28, 18, 1, 1727966759, 1749611399, 0, 4, 109475540, 1
0, 28, 18, 1, 1727966759, 1749611399, 0, 3, 28793822, 1
0, 28, 18, 1, 1727966759, 1749611399, 0, 2, 1, 1
0, 28, 18, 1, 1727966759, 1749611399, 0, 1, 1, 1
0, 29, 18, 1, 1749611400, 1788453099, 1, 18, 337005337, 1
0, 29, 18, 1, 1749611400, 1788453099, 1, 17, 332381064, 1
0, 29, 18, 1, 1749611400, 1788453099, 1, 16, 340204512, 1
0, 29, 18, 1, 1749611400, 1788453099, 1, 15, 335082583, 1
0, 29, 18, 1, 1749611400, 1788453099, 1, 14, 328723194, 1
0, 29, 18, 1, 1749611400, 1788453099, 1, 13, 336361025, 1
0, 29, 18, 1, 1749611400, 1788453099, 1, 12, 328755753, 1
0, 29, 18, 1, 1749611400, 1788453099, 1, 11, 320106945, 1
0, 29, 18, 1, 1749611400, 1788453099, 1, 10, 326857451, 1
0, 29, 18, 1, 1749611400, 1788453099, 1, 9, 314335680, 1
0, 29, 18, 1, 1749611400, 1788453099, 1, 8, 302334965, 1
0, 29, 18, 1, 1749611400, 1788453099, 1, 7, 286973267, 1
0, 29, 18, 1, 1749611400, 1788453099, 1, 6, 264453153, 1
0, 29, 18, 1, 1749611400, 1788453099, 1, 5, 235429417, 1
0, 29, 18, 1, 1749611400, 1788453099, 1, 4, 189894061, 1
0, 29, 18, 1, 1749611400, 1788453099, 1, 3, 120501308, 1
0, 29, 18, 1, 1749611400, 1788453099, 1, 2, 1, 1
0, 29, 18, 1, 1749611400, 1788453099, 1, 1, 1, 1
0, 29, 18, 1, 1749611400, 1788453099, 1, 0, 1, 0
0, 29, 18, 1, 1749611400, 1788453099, 0, 18, 379895240, 1
0, 29, 18, 1, 1749611400, 1788453099, 0, 17, 377507269, 1
0, 29, 18, 1, 1749611400, 1788453099, 0, 16, 375689702, 1
0, 29, 18, 1, 1749611400, 1788453099, 0, 15, 371387544, 1
0, 29, 18, 1, 1749611400, 1788453099, 0, 14, 368091987, 1
0, 29, 18, 1, 1749611400, 1788453099, 0, 13, 364173203, 1
0, 29, 18, 1, 1749611400, 1788453099, 0, 12, 358472313, 1
0, 29, 18, 1, 1749611400, 1788453099, 0, 11, 352151043, 1
0, 29, 18, 1, 1749611400, 1788453099, 0, 10, 344123572, 1
0, 29, 18, 1, 1749611400, 1788453099, 0, 9, 333022831, 1
0, 29, 18, 1, 1749611400, 1788453099, 0, 8, 319648872, 1
0, 29, 18, 1, 1749611400, 1788453099, 0, 7, 306433358, 1
0, 29, 18, 1, 1749611400, 1788453099, 0, 6, 288372572, 1
0, 29, 18, 1, 1749611400, 1788453099, 0, 5, 259049969, 1
0, 29, 18, 1, 1749611400, 1788453099, 0, 4, 212558614, 1
0, 29, 18, 1, 1749611400, 1788453099, 0, 3, 136682248, 1
0, 29, 18, 1, 1749611400, 1788453099, 0, 2, 1, 1
0, 29, 18, 1, 1749611400, 1788453099, 0, 1, 1, 1
0, 30, 18, 1, 1788453100, 1815089002, 1, 18, 971570522, 1
0, 30, 18, 1, 1788453100, 1815089002, 1, 17, 963898078, 1
0, 30, 18, 1, 1788453100, 1815089002, 1, 16, 955761788, 1
0, 30, 18, 1, 1788453100, 1815089002, 1, 15, 944234115, 1
0, 30, 18, 1, 1788453100, 1815089002, 1, 14, 930942635, 1
0, 30, 18, 1, 1788453100, 1815089002, 1, 13, 926820926, 1
0, 30, 18, 1, 1788453100, 1815089002, 1, 12, 908299943, 1
0, 30, 18, 1, 1788453100, 1815089002, 1, 11, 888262575, 1
0, 30, 18, 1, 1788453100, 1815089002, 1, 10, 882299697, 1
0, 30, 18, 1, 1788453100, 1815089002, 1, 9, 855524098, 1
0, 30, 18, 1, 1788453100, 1815089002, 1, 8, 829263047, 1
0, 30, 18, 1, 1788453100, 1815089002, 1, 7, 787014462, 1
0, 30, 18, 1, 1788453100, 1815089002, 1, 6, 731887985, 1
0, 30, 18, 1, 1788453100, 1815089002, 1, 5, 657874025, 1
0, 30, 18, 1, 1788453100, 1815089002, 1, 4, 543184390, 1
0, 30, 18, 1, 1788453100, 1815089002, 1, 3, 390893967, 1
0, 30, 18, 1, 1788453100, 1815089002, 1, 2, 136736077, 0
0, 30, 18, 1, 1788453100, 1815089002, 1, 1, 144942594, 1
0, 30, 18, 1, 1788453100, 1815089002, 1, 0, 185975182, 0
0, 30, 18, 1, 1788453100, 1815089002, 0, 18, 981533100, 1
0, 30, 18, 1, 1788453100, 1815089002, 0, 17, 976951123, 1
0, 30, 18, 1, 1788453100, 1815089002, 0, 16, 969841578, 1
0, 30, 18, 1, 1788453100, 1815089002, 0, 15, 961931936, 1
0, 30, 18, 1, 1788453100, 1815089002, 0, 14, 952532364, 1
0, 30, 18, 1, 1788453100, 1815089002, 0, 13, 936116495, 1
0, 30, 18, 1, 1788453100, 1815089002, 0, 12, 919436933, 1
0, 30, 18, 1, 1788453100, 1815089002, 0, 11, 903289005, 1
0, 30, 18, 1, 1788453100, 1815089002, 0, 10, 884816411, 1
0, 30, 18, 1, 1788453100, 1815089002, 0, 9, 861691503, 1
0, 30, 18, 1, 1788453100, 1815089002, 0, 8, 838140086, 1
0, 30, 18, 1, 1788453100, 1815089002, 0, 7, 799037289, 1
0, 30, 18, 1, 1788453100, 1815089002, 0, 6, 747163850, 1
0, 30, 18, 1, 1788453100, 1815089002, 0, 5, 674427837, 1
0, 30, 18, 1, 1788453100, 1815089002, 0, 4, 564847452, 1
0, 30, 18, 1, 1788453100, 1815089002, 0, 3, 396405878, 1
0, 30, 18, 1, 1788453100, 1815089002, 0, 2, 124426301, 1
0, 30, 18, 1, 1788453100, 1815089002, 0, 1, 248852601, 1
0, 31, 18, 1, 1815089003, 1846698379, 1, 18, 512035846, 1
0, 31, 18, 1, 1815089003, 1846698379, 1, 17, 504949011, 1
0, 31, 18, 1, 1815089003, 1846698379, 1, 16, 512433857, 1
0, 31, 18, 1, 1815089003, 1846698379, 1, 15, 501232733, 1
0, 31, 18, 1, 1815089003, 1846698379, 1, 14, 496850456, 1
0, 31, 18, 1, 1815089003, 1846698379, 1, 13, 501206458, 1
0, 31, 18, 1, 1815089003, 1846698379, 1, 12, 487687491, 1
0, 31, 18, 1, 1815089003, 1846698379, 1, 11, 468731858, 1
0, 31, 18, 1, 1815089003, 1846698379, 1, 10, 474147475, 1
0, 31, 18, 1, 1815089003, 1846698379, 1, 9, 450583756, 1
0, 31, 18, 1, 1815089003, 1846698379, 1, 8, 428377664, 1
0, 31, 18, 1, 1815089003, 1846698379, 1, 7, 396796197, 1
0, 31, 18, 1, 1815089003, 1846698379, 1, 6, 360816592, 1
0, 31, 18, 1, 1815089003, 1846698379, 1, 5, 305234889, 1
0, 31, 18, 1, 1815089003, 1846698379, 1, 4, 224101977, 1
0, 31, 18, 1, 1815089003, 1846698379, 1, 3, 99247901, 1
0, 31, 18, 1, 1815089003, 1846698379, 1, 2, 1, 1
0, 31, 18, 1, 1815089003, 1846698379, 1, 1, 1, 1
0, 31, 18, 1, 1815089003, 1846698379, 1, 0, 1, 0
0, 31, 18, 1, 1815089003, 1846698379, 0, 18, 539125320, 1
0, 31, 18, 1, 1815089003, 1846698379, 0, 17, 533484280, 1
0, 31, 18, 1, 1815089003, 1846698379, 0, 16, 528839531, 1
0, 31, 18, 1, 1815089003, 1846698379, 0, 15, 520562260, 1
0, 31, 18, 1, 1815089003, 1846698379, 0, 14, 517049957, 1
0, 31, 18, 1, 1815089003, 1846698379, 0, 13, 502392180, 1
0, 31, 18, 1, 1815089003, 1846698379, 0, 12, 493298189, 1
0, 31, 18, 1, 1815089003, 1846698379, 0, 11, 472435517, 1
0, 31, 18, 1, 1815089003, 1846698379, 0, 10, 452147611, 1
0, 31, 18, 1, 1815089003, 1846698379, 0, 9, 430109309, 1
0, 31, 18, 1, 1815089003, 1846698379, 0, 8, 406150073, 1
0, 31, 18, 1, 1815089003, 1846698379, 0, 7, 372788985, 1
0, 31, 18, 1, 1815089003, 1846698379, 0, 6, 326519285, 1
0, 31, 18, 1, 1815089003, 1846698379, 0, 5, 266365484, 1
0, 31, 18, 1, 1815089003, 1846698379, 0, 4, 180559675, 1
0, 31, 18, 1, 1815089003, 1846698379, 0, 3, 37240042, 1
0, 31, 18, 1, 1815089003, 1846698379, 0, 2, 1, 1
0, 31, 18, 1, 1815089003, 1846698379, 0, 1, 1, 1
0, 32, 18, 1, 1846698380, 1909566907, 1, 18, 1095223612, 1
0, 32, 18, 1, 1846698380, 1909566907, 1, 17, 1078216017, 1
0, 32, 18, 1, 1846698380, 1909566907, 1, 16, 1080252876, 1
0, 32, 18, 1, 1846698380, 1909566907, 1, 15, 1062900797, 1
0, 32, 18, 1, 1846698380, 1909566907, 1, 14, 1051519157, 1
0, 32, 18, 1, 1846698380, 1909566907, 1, 13, 1047838855, 1
0, 32, 18, 1, 1846698380, 1909566907, 1, 12, 1024997774, 1
0, 32, 18, 1, 1846698380, 1909566907, 1, 11, 995098791, 1
0, 32, 18, 1, 1846698380, 1909566907, 1, 10, 987486609, 1
0, 32, 18, 1, 1846698380, 1909566907, 1, 9, 948152398, 1
0, 32, 18, 1, 1846698380, 1909566907, 1, 8, 906465109, 1
0, 32, 18, 1, 1846698380, 1909566907, 1, 7, 850207459, 1
0, 32, 18, 1, 1846698380, 1909566907, 1, 6, 781959000, 1
0, 32, 18, 1, 1846698380, 1909566907, 1, 5, 682374314, 1
0, 32, 18, 1, 1846698380, 1909566907, 1, 4, 532699436, 1
0, 32, 18, 1, 1846698380, 1909566907, 1, 3, 306542114, 1
0, 32, 18, 1, 1846698380, 1909566907, 1, 2, 24948373, 0
0, 32, 18, 1, 1846698380, 1909566907, 1, 1, 41580622, 0
0, 32, 18, 1, 1846698380, 1909566907, 1, 0, 124741864, 0
0, 32, 18, 1, 1846698380, 1909566907, 0, 18, 1128599822, 1
0, 32, 18, 1, 1846698380, 1909566907, 0, 17, 1118624411, 1
0, 32, 18, 1, 1846698380, 1909566907, 0, 16, 1109103494, 1
0, 32, 18, 1, 1846698380, 1909566907, 0, 15, 1095299899, 1
0, 32, 18, 1, 1846698380, 1909566907, 0, 14, 1085471798, 1
0, 32, 18, 1, 1846698380, 1909566907, 0, 13, 1063526562, 1
0, 32, 18, 1, 1846698380, 1909566907, 0, 12, 1045930534, 1
0, 32, 18, 1, 1846698380, 1909566907, 0, 11, 1015020002, 1
0, 32, 18, 1, 1846698380, 1909566907, 0, 10, 982674663, 1
0, 32, 18, 1, 1846698380, 1909566907, 0, 9, 945899499, 1
0, 32, 18, 1, 1846698380, 1909566907, 0, 8, 903519184, 1
0, 32, 18, 1, 1846698380, 1909566907, 0, 7, 846473853, 1
0, 32, 18, 1, 1846698380, 1909566907, 0, 6, 768625161, 1
0, 32, 18, 1, 1846698380, 1909566907, 0, 5, 664260773, 1
0, 32, 18, 1, 1846698380, 1909566907, 0, 4, 512139083, 1
0, 32, 18, 1, 1846698380, 1909566907, 0, 3, 258292981, 1
0, 32, 18, 1, 1846698380, 1909566907, 0, 2, 1, 1
0, 32, 18, 1, 1846698380, 1909566907, 0, 1, 1, 1
0, 33, 18, 1, 1909566908, 1926010330, 1, 18, 1841293713, 1
0, 33, 18, 1, 1909566908, 1926010330, 1, 17, 1832329995, 1
0, 33, 18, 1, 1909566908, 1926010330, 1, 16, 1820566377, 1
0, 33, 18, 1, 1909566908, 1926010330, 1, 15, 1799190644, 1
0, 33, 18, 1, 1909566908, 1926010330, 1, 14, 1775998176, 1
0, 33, 18, 1, 1909566908, 1926010330, 1, 13, 1763087433, 1
0, 33, 18, 1, 1909566908, 1926010330, 1, 12, 1739657178, 1
0, 33, 18, 1, 1909566908, 1926010330, 1, 11, 1693888986, 1
0, 33, 18, 1, 1909566908, 1926010330, 1, 10, 1670667670, 1
0, 33, 18, 1, 1909566908, 1926010330, 1, 9, 1608455667, 1
0, 33, 18, 1, 1909566908, 1926010330, 1, 8, 1555880432, 1
0, 33, 18, 1, 1909566908, 1926010330, 1, 7, 1480796299, 1
0, 33, 18, 1, 1909566908, 1926010330, 1, 6, 1376766094, 1
0, 33, 18, 1, 1909566908, 1926010330, 1, 5, 1248551259, 1
0, 33, 18, 1, 1909566908, 1926010330, 1, 4, 1063629765, 1
0, 33, 18, 1, 1909566908, 1926010330, 1, 3, 766022269, 1
0, 33, 18, 1, 1909566908, 1926010330, 1, 2, 313227071, 1
0, 33, 18, 1, 1909566908, 1926010330, 1, 1, 210237842, 1
0, 33, 18, 1, 1909566908, 1926010330, 1, 0, 1, 0
0, 33, 18, 1, 1909566908, 1926010330, 0, 18, 1958342167, 1
0, 33, 18, 1, 1909566908, 1926010330, 0, 17, 1950705133, 1
0, 33, 18, 1, 1909566908, 1926010330, 0, 16, 1931441232, 1
0, 33, 18, 1, 1909566908, 1926010330, 0, 15, 1924978813, 1
0, 33, 18, 1, 1909566908, 1926010330, 0, 14, 1901191790, 1
0, 33, 18, 1, 1909566908, 1926010330, 0, 13, 1874376389, 1
0, 33, 18, 1, 1909566908, 1926010330, 0, 12, 1838669274, 1
0, 33, 18, 1, 1909566908, 1926010330, 0, 11, 1800788473, 1
0, 33, 18, 1, 1909566908, 1926010330, 0, 10, 1775434929, 1
0, 33, 18, 1, 1909566908, 1926010330, 0, 9, 1721050722, 1
0, 33, 18, 1, 1909566908, 1926010330, 0, 8, 1676815570, 1
0, 33, 18, 1, 1909566908, 1926010330, 0, 7, 1590976148, 1
0, 33, 18, 1, 1909566908, 1926010330, 0, 6, 1481152766, 1
0, 33, 18, 1, 1909566908, 1926010330, 0, 5, 1342751620, 1
0, 33, 18, 1, 1909566908, 1926010330, 0, 4, 1195356763, 1
0, 33, 18, 1, 1909566908, 1926010330, 0, 3, 833430230, 1
0, 33, 18, 1, 1909566908, 1926010330, 0, 2, 467710914, 1
0, 33, 18, 1, 1909566908, 1926010330, 0, 1, 630713526, 1
0, 34, 18, 1, 1926010331, 1946839793, 1, 18, 788211669, 1
0, 34, 18, 1, 1926010331, 1946839793, 1, 17, 778658592, 1
0, 34, 18, 1, 1926010331, 1946839793, 1, 16, 778506408, 1
0, 34, 18, 1, 1926010331, 1946839793, 1, 15, 765400497, 1
0, 34, 18, 1, 1926010331, 1946839793, 1, 14, 748973130, 1
0, 34, 18, 1, 1926010331, 1946839793, 1, 13, 747116162, 1
0, 34, 18, 1, 1926010331, 1946839793, 1, 12, 753297249, 1
0, 34, 18, 1, 1926010331, 1946839793, 1, 11, 734980623, 1
0, 34, 18, 1, 1926010331, 1946839793, 1, 10, 735278771, 1
0, 34, 18, 1, 1926010331, 1946839793, 1, 9, 709226915, 1
0, 34, 18, 1, 1926010331, 1946839793, 1, 8, 675007502, 1
0, 34, 18, 1, 1926010331, 1946839793, 1, 7, 630821412, 1
0, 34, 18, 1, 1926010331, 1946839793, 1, 6, 581473588, 1
0, 34, 18, 1, 1926010331, 1946839793, 1, 5, 504532711, 1
0, 34, 18, 1, 1926010331, 1946839793, 1, 4, 398890040, 1
0, 34, 18, 1, 1926010331, 1946839793, 1, 3, 267029279, 1
0, 34, 18, 1, 1926010331, 1946839793, 1, 2, 42593563, 0
0, 34, 18, 1, 1926010331, 1946839793, 1, 1, 70989271, 0
0, 34, 18, 1, 1926010331, 1946839793, 1, 0, 212967813, 0
0, 34, 18, 1, 1926010331, 1946839793, 0, 18, 858047269, 1
0, 34, 18, 1, 1926010331, 1946839793, 0, 17, 853007782, 1
0, 34, 18, 1, 1926010331, 1946839793, 0, 16, 843455855, 1
0, 34, 18, 1, 1926010331, 1946839793, 0, 15, 833285205, 1
0, 34, 18, 1, 1926010331, 1946839793, 0, 14, 821069377, 1
0, 34, 18, 1, 1926010331, 1946839793, 0, 13, 806386151, 1
0, 34, 18, 1, 1926010331, 1946839793, 0, 12, 789695037, 1
0, 34, 18, 1, 1926010331, 1946839793, 0, 11, 774478823, 1
0, 34, 18, 1, 1926010331, 1946839793, 0, 10, 750335274, 1
0, 34, 18, 1, 1926010331, 1946839793, 0, 9, 727443437, 1
0, 34, 18, 1, 1926010331, 1946839793, 0, 8, 699657119, 1
0, 34, 18, 1, 1926010331, 1946839793, 0, 7, 656340175, 1
0, 34, 18, 1, 1926010331, 1946839793, 0, 6, 602278748, 1
0, 34, 18, 1, 1926010331, 1946839793, 0, 5, 523511568, 1
0, 34, 18, 1, 1926010331, 1946839793, 0, 4, 408454871, 1
0, 34, 18, 1, 1926010331, 1946839793, 0, 3, 273305152, 1
0, 34, 18, 1, 1926010331, 1946839793, 0, 2, 1, 1
0, 34, 18, 1, 1926010331, 1946839793, 0, 1, 1, 1
0, 35, 18, 1, 1946839794, 1968456752, 1, 18, 733292981, 1
0, 35, 18, 1, 1946839794, 1968456752, 1, 17, 724593725, 1
0, 35, 18, 1, 1946839794, 1968456752, 1, 16, 725398855, 1
0, 35, 18, 1, 1946839794, 1968456752, 1, 15, 713373783, 1
0, 35, 18, 1, 1946839794, 1968456752, 1, 14, 698176336, 1
0, 35, 18, 1, 1946839794, 1968456752, 1, 13, 697731499, 1
0, 35, 18, 1, 1946839794, 1968456752, 1, 12, 705550658, 1
0, 35, 18, 1, 1946839794, 1968456752, 1, 11, 689156985, 1
0, 35, 18, 1, 1946839794, 1968456752, 1, 10, 691744363, 1
0, 35, 18, 1, 1946839794, 1968456752, 1, 9, 668463681, 1
0, 35, 18, 1, 1946839794, 1968456752, 1, 8, 637667482, 1
0, 35, 18, 1, 1946839794, 1968456752, 1, 7, 597817463, 1
0, 35, 18, 1, 1946839794, 1968456752, 1, 6, 554139887, 1
0, 35, 18, 1, 1946839794, 1968456752, 1, 5, 484931166, 1
0, 35, 18, 1, 1946839794, 1968456752, 1, 4, 390457164, 1
0, 35, 18, 1, 1946839794, 1968456752, 1, 3, 276147168, 1
0, 35, 18, 1, 1946839794, 1968456752, 1, 2, 83302830, 1
0, 35, 18, 1, 1946839794, 1968456752, 1, 1, 1, 1
0, 35, 18, 1, 1946839794, 1968456752, 1, 0, 1, 0
0, 35, 18, 1, 1946839794, 1968456752, 0, 18, 819088671, 1
0, 35, 18, 1, 1946839794, 1968456752, 0, 17, 815866947, 1
0, 35, 18, 1, 1946839794, 1968456752, 0, 16, 808360002, 1
0, 35, 18, 1, 1946839794, 1968456752, 0, 15, 800507000, 1
0, 35, 18, 1, 1946839794, 1968456752, 0, 14, 790939911, 1
0, 35, 18, 1, 1946839794, 1968456752, 0, 13, 779312922, 1
0, 35, 18, 1, 1946839794, 1968456752, 0, 12, 766187419, 1
0, 35, 18, 1, 1946839794, 1968456752, 0, 11, 755185109, 1
0, 35, 18, 1, 1946839794, 1968456752, 0, 10, 736098244, 1
0, 35, 18, 1, 1946839794, 1968456752, 0, 9, 719386798, 1
0, 35, 18, 1, 1946839794, 1968456752, 0, 8, 699325970, 1
0, 35, 18, 1, 1946839794, 1968456752, 0, 7, 665941799, 1
0, 35, 18, 1, 1946839794, 1968456752, 0, 6, 625124068, 1
0, 35, 18, 1, 1946839794, 1968456752, 0, 5, 564898063, 1
0, 35, 18, 1, 1946839794, 1968456752, 0, 4, 477653130, 1
0, 35, 18, 1, 1946839794, 1968456752, 0, 3, 388856349, 1
0, 35, 18, 1, 1946839794, 1968456752, 0, 2, 208257074, 1
0, 35, 18, 1, 1946839794, 1968456752, 0, 1, 1, 1
0, 36, 18, 1, 1968456753, 2048064382, 1, 18, 883871089, 1
0, 36, 18, 1, 1968456753, 2048064382, 1, 17, 886400299, 1
0, 36, 18, 1, 1968456753, 2048064382, 1, 16, 886056245, 1
0, 36, 18, 1, 1968456753, 2048064382, 1, 15, 871815273, 1
0, 36, 18, 1, 1968456753, 2048064382, 1, 14, 853067901, 1
0, 36, 18, 1, 1968456753, 2048064382, 1, 13, 851236843, 1
0, 36, 18, 1, 1968456753, 2048064382, 1, 12, 851427655, 1
0, 36, 18, 1, 1968456753, 2048064382, 1, 11, 853561044, 1
0, 36, 18, 1, 1968456753, 2048064382, 1, 10, 845411798, 1
0, 36, 18, 1, 1968456753, 2048064382, 1, 9, 822838369, 1
0, 36, 18, 1, 1968456753, 2048064382, 1, 8, 784214907, 1
0, 36, 18, 1, 1968456753, 2048064382, 1, 7, 734829246, 1
0, 36, 18, 1, 1968456753, 2048064382, 1, 6, 676143557, 1
0, 36, 18, 1, 1968456753, 2048064382, 1, 5, 596732179, 1
0, 36, 18, 1, 1968456753, 2048064382, 1, 4, 487498428, 1
0, 36, 18, 1, 1968456753, 2048064382, 1, 3, 316547354, 1
0, 36, 18, 1, 1968456753, 2048064382, 1, 2, 44550082, 1
0, 36, 18, 1, 1968456753, 2048064382, 1, 1, 1, 1
0, 36, 18, 1, 1968456753, 2048064382, 1, 0, 1, 0
0, 36, 18, 1, 1968456753, 2048064382, 0, 18, 999133534, 1
0, 36, 18, 1, 1968456753, 2048064382, 0, 17, 992382669, 1
0, 36, 18, 1, 1968456753, 2048064382, 0, 16, 986319230, 1
0, 36, 18, 1, 1968456753, 2048064382, 0, 15, 978452405, 1
0, 36, 18, 1, 1968456753, 2048064382, 0, 14, 964697243, 1
0, 36, 18, 1, 1968456753, 2048064382, 0, 13, 953782494, 1
0, 36, 18, 1, 1968456753, 2048064382, 0, 12, 945642983, 1
0, 36, 18, 1, 1968456753, 2048064382, 0, 11, 941779837, 1
0, 36, 18, 1, 1968456753, 2048064382, 0, 10, 920921960, 1
0, 36, 18, 1, 1968456753, 2048064382, 0, 9, 896412726, 1
0, 36, 18, 1, 1968456753, 2048064382, 0, 8, 867584672, 1
0, 36, 18, 1, 1968456753, 2048064382, 0, 7, 827350309, 1
0, 36, 18, 1, 1968456753, 2048064382, 0, 6, 773146458, 1
0, 36, 18, 1, 1968456753, 2048064382, 0, 5, 701957533, 1
0, 36, 18, 1, 1968456753, 2048064382, 0, 4, 605037801, 1
0, 36, 18, 1, 1968456753, 2048064382, 0, 3, 431608922, 1
0, 36, 18, 1, 1968456753, 2048064382, 0, 2, 111375204, 1
0, 36, 18, 1, 1968456753, 2048064382, 0, 1, 1, 1
0, 37, 18, 1, 2048064383, 2069205756, 1, 18, 708107469, 1
0, 37, 18, 1, 2048064383, 2069205756, 1, 17, 711854089, 1
0, 37, 18, 1, 2048064383, 2069205756, 1, 16, 712875010, 1
0, 37, 18, 1, 2048064383, 2069205756, 1, 15, 700175140, 1
0, 37, 18, 1, 2048064383, 2069205756, 1, 14, 683181435, 1
0, 37, 18, 1, 2048064383, 2069205756, 1, 13, 683363846, 1
0, 37, 18, 1, 2048064383, 2069205756, 1, 12, 685890282, 1
0, 37, 18, 1, 2048064383, 2069205756, 1, 11, 690765491, 1
0, 37, 18, 1, 2048064383, 2069205756, 1, 10, 685880316, 1
0, 37, 18, 1, 2048064383, 2069205756, 1, 9, 667258131, 1
0, 37, 18, 1, 2048064383, 2069205756, 1, 8, 633515618, 1
0, 37, 18, 1, 2048064383, 2069205756, 1, 7, 590312492, 1
0, 37, 18, 1, 2048064383, 2069205756, 1, 6, 539711657, 1
0, 37, 18, 1, 2048064383, 2069205756, 1, 5, 471325079, 1
0, 37, 18, 1, 2048064383, 2069205756, 1, 4, 378016039, 1
0, 37, 18, 1, 2048064383, 2069205756, 1, 3, 232089510, 1
0, 37, 18, 1, 2048064383, 2069205756, 1, 2, 5136422, 1
0, 37, 18, 1, 2048064383, 2069205756, 1, 1, 1, 1
0, 37, 18, 1, 2048064383, 2069205756, 1, 0, 1, 0
0, 37, 18, 1, 2048064383, 2069205756, 0, 18, 813013471, 1
0, 37, 18, 1, 2048064383, 2069205756, 0, 17, 806906621, 1
0, 37, 18, 1, 2048064383, 2069205756, 0, 16, 801567698, 1
0, 37, 18, 1, 2048064383, 2069205756, 0, 15, 794521991, 1
0, 37, 18, 1, 2048064383, 2069205756, 0, 14, 781705249, 1
0, 37, 18, 1, 2048064383, 2069205756, 0, 13, 771873294, 1
0, 37, 18, 1, 2048064383, 2069205756, 0, 12, 764997040, 1
0, 37, 18, 1, 2048064383, 2069205756, 0, 11, 762626836, 1
0, 37, 18, 1, 2048064383, 2069205756, 0, 10, 743560489, 1
0, 37, 18, 1, 2048064383, 2069205756, 0, 9, 721240903, 1
0, 37, 18, 1, 2048064383, 2069205756, 0, 8, 695149909, 1
0, 37, 18, 1, 2048064383, 2069205756, 0, 7, 658434622, 1
0, 37, 18, 1, 2048064383, 2069205756, 0, 6, 608922874, 1
0, 37, 18, 1, 2048064383, 2069205756, 0, 5, 544302893, 1
0, 37, 18, 1, 2048064383, 2069205756, 0, 4, 457236575, 1
0, 37, 18, 1, 2048064383, 2069205756, 0, 3, 300230055, 1
0, 37, 18, 1, 2048064383, 2069205756, 0, 2, 12841054, 1
0, 37, 18, 1, 2048064383, 2069205756, 0, 1, 1, 1
0, 38, 18, 1, 2069205757, 2091816330, 1, 18, 1061487354, 1
0, 38, 18, 1, 2069205757, 2091816330, 1, 17, 1063045334, 1
0, 38, 18, 1, 2069205757, 2091816330, 1, 16, 1061612324, 1
0, 38, 18, 1, 2069205757, 2091816330, 1, 15, 1046141886, 1
0, 38, 18, 1, 2069205757, 2091816330, 1, 14, 1025995467, 1
0, 38, 18, 1, 2069205757, 2091816330, 1, 13, 1022558094, 1
0, 38, 18, 1, 2069205757, 2091816330, 1, 12, 1020885582, 1
0, 38, 18, 1, 2069205757, 2091816330, 1, 11, 1020831590, 1
0, 38, 18, 1, 2069205757, 2091816330, 1, 10, 1010078320, 1
0, 38, 18, 1, 2069205757, 2091816330, 1, 9, 984352651, 1
0, 38, 18, 1, 2069205757, 2091816330, 1, 8, 941835245, 1
0, 38, 18, 1, 2069205757, 2091816330, 1, 7, 887517256, 1
0, 38, 18, 1, 2069205757, 2091816330, 1, 6, 822381598, 1
0, 38, 18, 1, 2069205757, 2091816330, 1, 5, 734174809, 1
0, 38, 18, 1, 2069205757, 2091816330, 1, 4, 612236574, 1
0, 38, 18, 1, 2069205757, 2091816330, 1, 3, 421321312, 1
0, 38, 18, 1, 2069205757, 2091816330, 1, 2, 113388502, 1
0, 38, 18, 1, 2069205757, 2091816330, 1, 1, 24929883, 1
0, 38, 18, 1, 2069205757, 2091816330, 1, 0, 1, 0
0, 38, 18, 1, 2069205757, 2091816330, 0, 18, 1187089495, 1
0, 38, 18, 1, 2069205757, 2091816330, 0, 17, 1179947052, 1
0, 38, 18, 1, 2069205757, 2091816330, 0, 16, 1173443087, 1
0, 38, 18, 1, 2069205757, 2091816330, 0, 15, 1165076998, 1
0, 38, 18, 1, 2069205757, 2091816330, 0, 14, 1150751250, 1
0, 38, 18, 1, 2069205757, 2091816330, 0, 13, 1139178133, 1
0, 38, 18, 1, 2069205757, 2091816330, 0, 12, 1130270523, 1
0, 38, 18, 1, 2069205757, 2091816330, 0, 11, 1125499627, 1
0, 38, 18, 1, 2069205757, 2091816330, 0, 10, 1103552448, 1
0, 38, 18, 1, 2069205757, 2091816330, 0, 9, 1077711846, 1
0, 38, 18, 1, 2069205757, 2091816330, 0, 8, 1047219581, 1
0, 38, 18, 1, 2069205757, 2091816330, 0, 7, 1004845519, 1
0, 38, 18, 1, 2069205757, 2091816330, 0, 6, 947788736, 1
0, 38, 18, 1, 2069205757, 2091816330, 0, 5, 872605706, 1
0, 38, 18, 1, 2069205757, 2091816330, 0, 4, 769694816, 1
0, 38, 18, 1, 2069205757, 2091816330, 0, 3, 586280674, 1
0, 38, 18, 1, 2069205757, 2091816330, 0, 2, 246076430, 1
0, 38, 18, 1, 2069205757, 2091816330, 0, 1, 74789648, 1
0, 39, 18, 1, 2091816331, 2154634906, 1, 18, 1061712168, 1
0, 39, 18, 1, 2091816331, 2154634906, 1, 17, 1062726028, 1
0, 39, 18, 1, 2091816331, 2154634906, 1, 16, 1060682944, 1
0, 39, 18, 1, 2091816331, 2154634906, 1, 15, 1044523714, 1
0, 39, 18, 1, 2091816331, 2154634906, 1, 14, 1023593496, 1
0, 39, 18, 1, 2091816331, 2154634906, 1, 13, 1019256207, 1
0, 39, 18, 1, 2091816331, 2154634906, 1, 12, 1016539792, 1
0, 39, 18, 1, 2091816331, 2154634906, 1, 11, 1015260348, 1
0, 39, 18, 1, 2091816331, 2154634906, 1, 10, 1003048207, 1
0, 39, 18, 1, 2091816331, 2154634906, 1, 9, 975556535, 1
0, 39, 18, 1, 2091816331, 2154634906, 1, 8, 930857597, 1
0, 39, 18, 1, 2091816331, 2154634906, 1, 7, 873776334, 1
0, 39, 18, 1, 2091816331, 2154634906, 1, 6, 805027165, 1
0, 39, 18, 1, 2091816331, 2154634906, 1, 5, 711892860, 1
0, 39, 18, 1, 2091816331, 2154634906, 1, 4, 582837102, 1
0, 39, 18, 1, 2091816331, 2154634906, 1, 3, 380737161, 1
0, 39, 18, 1, 2091816331, 2154634906, 1, 2, 52671928, 1
0, 39, 18, 1, 2091816331, 2154634906, 1, 1, 1, 1
0, 39, 18, 1, 2091816331, 2154634906, 1, 0, 1, 0
0, 39, 18, 1, 2091816331, 2154634906, 0, 18, 1183042677, 1
0, 39, 18, 1, 2091816331, 2154634906, 0, 17, 1175088838, 1
0, 39, 18, 1, 2091816331, 2154634906, 0, 16, 1167672052, 1
0, 39, 18, 1, 2091816331, 2154634906, 0, 15, 1158271435, 1
0, 39, 18, 1, 2091816331, 2154634906, 0, 14, 1142763367, 1
0, 39, 18, 1, 2091816331, 2154634906, 0, 13, 1129826035, 1
0, 39, 18, 1, 2091816331, 2154634906, 0, 12, 1119326843, 1
0, 39, 18, 1, 2091816331, 2154634906, 0, 11, 1112674984, 1
0, 39, 18, 1, 2091816331, 2154634906, 0, 10, 1088470650, 1
0, 39, 18, 1, 2091816331, 2154634906, 0, 9, 1059871303, 1
0, 39, 18, 1, 2091816331, 2154634906, 0, 8, 1025930608, 1
0, 39, 18, 1, 2091816331, 2154634906, 0, 7, 979122848, 1
0, 39, 18, 1, 2091816331, 2154634906, 0, 6, 916154470, 1
0, 39, 18, 1, 2091816331, 2154634906, 0, 5, 832695205, 1
0, 39, 18, 1, 2091816331, 2154634906, 0, 4, 717369963, 1
0, 39, 18, 1, 2091816331, 2154634906, 0, 3, 513265236, 1
0, 39, 18, 1, 2091816331, 2154634906, 0, 2, 131679820, 1
0, 39, 18, 1, 2091816331, 2154634906, 0, 1, 1, 1
0, 40, 18, 1, 2154634907, 2180697792, 1, 18, 1265378183, 1
0, 40, 18, 1, 2154634907, 2180697792, 1, 17, 1253766682, 1
0, 40, 18, 1, 2154634907, 2180697792, 1, 16, 1237097591, 1
0, 40, 18, 1, 2154634907, 2180697792, 1, 15, 1204425127, 1
0, 40, 18, 1, 2154634907, 2180697792, 1, 14, 1167554335, 1
0, 40, 18, 1, 2154634907, 2180697792, 1, 13, 1141853421, 1
0, 40, 18, 1, 2154634907, 2180697792, 1, 12, 1114355201, 1
0, 40, 18, 1, 2154634907, 2180697792, 1, 11, 1083984073, 1
0, 40, 18, 1, 2154634907, 2180697792, 1, 10, 1044705492, 1
0, 40, 18, 1, 2154634907, 2180697792, 1, 9, 985020930, 1
0, 40, 18, 1, 2154634907, 2180697792, 1, 8, 908741694, 1
0, 40, 18, 1, 2154634907, 2180697792, 1, 7, 824305638, 1
0, 40, 18, 1, 2154634907, 2180697792, 1, 6, 710898420, 1
0, 40, 18, 1, 2154634907, 2180697792, 1, 5, 582745932, 1
0, 40, 18, 1, 2154634907, 2180697792, 1, 4, 428558092, 1
0, 40, 18, 1, 2154634907, 2180697792, 1, 3, 235385150, 1
0, 40, 18, 1, 2154634907, 2180697792, 1, 2, 4256176, 1
0, 40, 18, 1, 2154634907, 2180697792, 1, 1, 1, 1
0, 40, 18, 1, 2154634907, 2180697792, 1, 0, 1, 0
0, 40, 18, 1, 2154634907, 2180697792, 0, 18, 1368498275, 1
0, 40, 18, 1, 2154634907, 2180697792, 0, 17, 1346933009, 1
0, 40, 18, 1, 2154634907, 2180697792, 0, 16, 1323233373, 1
0, 40, 18, 1, 2154634907, 2180697792, 0, 15, 1295378858, 1
0, 40, 18, 1, 2154634907, 2180697792, 0, 14, 1264684915, 1
0, 40, 18, 1, 2154634907, 2180697792, 0, 13, 1227866950, 1
0, 40, 18, 1, 2154634907, 2180697792, 0, 12, 1189507019, 1
0, 40, 18, 1, 2154634907, 2180697792, 0, 11, 1149928833, 1
0, 40, 18, 1, 2154634907, 2180697792, 0, 10, 1102102592, 1
0, 40, 18, 1, 2154634907, 2180697792, 0, 9, 1045839050, 1
0, 40, 18, 1, 2154634907, 2180697792, 0, 8, 973394723, 1
0, 40, 18, 1, 2154634907, 2180697792, 0, 7, 893842033, 1
0, 40, 18, 1, 2154634907, 2180697792, 0, 6, 774961690, 1
0, 40, 18, 1, 2154634907, 2180697792, 0, 5, 645550761, 1
0, 40, 18, 1, 2154634907, 2180697792, 0, 4, 481411020, 1
0, 40, 18, 1, 2154634907, 2180697792, 0, 3, 268766544, 1
0, 40, 18, 1, 2154634907, 2180697792, 0, 2, 10640438, 1
0, 40, 18, 1, 2154634907, 2180697792, 0, 1, 1, 1
0, 41, 18, 1, 2180697793, 2196025834, 1, 18, 772486496, 1
0, 41, 18, 1, 2180697793, 2196025834, 1, 17, 766673444, 1
0, 41, 18, 1, 2180697793, 2196025834, 1, 16, 756505645, 1
0, 41, 18, 1, 2180697793, 2196025834, 1, 15, 731173349, 1
0, 41, 18, 1, 2180697793, 2196025834, 1, 14, 702655162, 1
0, 41, 18, 1, 2180697793, 2196025834, 1, 13, 686544276, 1
0, 41, 18, 1, 2180697793, 2196025834, 1, 12, 670170488, 1
0, 41, 18, 1, 2180697793, 2196025834, 1, 11, 652858476, 1
0, 41, 18, 1, 2180697793, 2196025834, 1, 10, 629126461, 1
0, 41, 18, 1, 2180697793, 2196025834, 1, 9, 588261428, 1
0, 41, 18, 1, 2180697793, 2196025834, 1, 8, 535229844, 1
0, 41, 18, 1, 2180697793, 2196025834, 1, 7, 480240815, 1
0, 41, 18, 1, 2180697793, 2196025834, 1, 6, 405341247, 1
0, 41, 18, 1, 2180697793, 2196025834, 1, 5, 330775072, 1
0, 41, 18, 1, 2180697793, 2196025834, 1, 4, 252674719, 1
0, 41, 18, 1, 2180697793, 2196025834, 1, 3, 179067826, 1
0, 41, 18, 1, 2180697793, 2196025834, 1, 2, 49277237, 1
0, 41, 18, 1, 2180697793, 2196025834, 1, 1, 24170220, 1
0, 41, 18, 1, 2180697793, 2196025834, 1, 0, 1, 0
0, 41, 18, 1, 2180697793, 2196025834, 0, 18, 880285187, 1
0, 41, 18, 1, 2180697793, 2196025834, 0, 17, 864964124, 1
0, 41, 18, 1, 2180697793, 2196025834, 0, 16, 848289217, 1
0, 41, 18, 1, 2180697793, 2196025834, 0, 15, 828396062, 1
0, 41, 18, 1, 2180697793, 2196025834, 0, 14, 806800814, 1
0, 41, 18, 1, 2180697793, 2196025834, 0, 13, 780481345, 1
0, 41, 18, 1, 2180697793, 2196025834, 0, 12, 754369660, 1
0, 41, 18, 1, 2180697793, 2196025834, 0, 11, 729266673, 1
0, 41, 18, 1, 2180697793, 2196025834, 0, 10, 698810671, 1
0, 41, 18, 1, 2180697793, 2196025834, 0, 9, 663777420, 1
0, 41, 18, 1, 2180697793, 2196025834, 0, 8, 617870959, 1
0, 41, 18, 1, 2180697793, 2196025834, 0, 7, 572438380, 1
0, 41, 18, 1, 2180697793, 2196025834, 0, 6, 499051520, 1
0, 41, 18, 1, 2180697793, 2196025834, 0, 5, 433331467, 1
0, 41, 18, 1, 2180697793, 2196025834, 0, 4, 364728039, 1
0, 41, 18, 1, 2180697793, 2196025834, 0, 3, 311310752, 1
0, 41, 18, 1, 2180697793, 2196025834, 0, 2, 86937763, 1
0, 41, 18, 1, 2180697793, 2196025834, 0, 1, 72510660, 1
