3, 1, 5, 15, 1, 99970156, 14, 4, 22095564, 1
3, 1, 5, 15, 1, 99970156, 14, 3, 24703933, 1
3, 1, 5, 15, 1, 99970156, 14, 2, 24039414, 0
3, 1, 5, 15, 1, 99970156, 14, 1, 29552972, 0
3, 1, 5, 15, 1, 99970156, 14, 0, 29804034, 0
3, 1, 5, 15, 1, 99970156, 13, 4, 22752556, 1
3, 1, 5, 15, 1, 99970156, 13, 3, 26165171, 1
3, 1, 5, 15, 1, 99970156, 13, 2, 25348454, 0
3, 1, 5, 15, 1, 99970156, 13, 1, 31058837, 0
3, 1, 5, 15, 1, 99970156, 13, 0, 31145053, 0
3, 1, 5, 15, 1, 99970156, 12, 4, 19184970, 1
3, 1, 5, 15, 1, 99970156, 12, 3, 22736166, 1
3, 1, 5, 15, 1, 99970156, 12, 2, 19993334, 0
3, 1, 5, 15, 1, 99970156, 12, 1, 24490993, 0
3, 1, 5, 15, 1, 99970156, 12, 0, 14880993, 0
3, 1, 5, 15, 1, 99970156, 11, 4, 20810814, 1
3, 1, 5, 15, 1, 99970156, 11, 3, 24671159, 1
3, 1, 5, 15, 1, 99970156, 11, 2, 21707048, 0
3, 1, 5, 15, 1, 99970156, 11, 1, 26620644, 0
3, 1, 5, 15, 1, 99970156, 11, 0, 16233810, 0
3, 1, 5, 15, 1, 99970156, 10, 4, 22737742, 1
3, 1, 5, 15, 1, 99970156, 10, 3, 26966150, 1
3, 1, 5, 15, 1, 99970156, 10, 2, 23742083, 0
3, 1, 5, 15, 1, 99970156, 10, 1, 29155944, 0
3, 1, 5, 15, 1, 99970156, 10, 0, 17857191, 0
3, 1, 5, 15, 1, 99970156, 9, 4, 23579992, 1
3, 1, 5, 15, 1, 99970156, 9, 3, 27875027, 1
3, 1, 5, 15, 1, 99970156, 9, 2, 24640598, 0
3, 1, 5, 15, 1, 99970156, 9, 1, 29847657, 0
3, 1, 5, 15, 1, 99970156, 9, 0, 14822509, 0
3, 1, 5, 15, 1, 99970156, 8, 4, 23944382, 1
3, 1, 5, 15, 1, 99970156, 8, 3, 28150264, 1
3, 1, 5, 15, 1, 99970156, 8, 2, 23565789, 0
3, 1, 5, 15, 1, 99970156, 8, 1, 27366980, 0
3, 1, 5, 15, 1, 99970156, 8, 0, 16675322, 0
3, 1, 5, 15, 1, 99970156, 7, 4, 18518176, 1
3, 1, 5, 15, 1, 99970156, 7, 3, 21122172, 1
3, 1, 5, 15, 1, 99970156, 7, 2, 19054687, 0
3, 1, 5, 15, 1, 99970156, 7, 1, 19385730, 0
3, 1, 5, 15, 1, 99970156, 7, 0, 19057511, 0
3, 1, 5, 15, 1, 99970156, 6, 4, 17608044, 1
3, 1, 5, 15, 1, 99970156, 6, 3, 19675999, 1
3, 1, 5, 15, 1, 99970156, 6, 2, 15736122, 0
3, 1, 5, 15, 1, 99970156, 6, 1, 12865429, 0
3, 1, 5, 15, 1, 99970156, 6, 0, 1644535, 0
3, 1, 5, 15, 1, 99970156, 5, 4, 20643914, 1
3, 1, 5, 15, 1, 99970156, 5, 3, 23097911, 1
3, 1, 5, 15, 1, 99970156, 5, 2, 18513084, 0
3, 1, 5, 15, 1, 99970156, 5, 1, 15204598, 0
3, 1, 5, 15, 1, 99970156, 5, 0, 1973442, 0
3, 1, 5, 15, 1, 99970156, 4, 4, 18585717, 1
3, 1, 5, 15, 1, 99970156, 4, 3, 19928194, 1
3, 1, 5, 15, 1, 99970156, 4, 2, 13683605, 1
3, 1, 5, 15, 1, 99970156, 4, 1, 17487041, 1
3, 1, 5, 15, 1, 99970156, 4, 0, 1, 0
3, 1, 5, 15, 1, 99970156, 3, 4, 23476696, 1
3, 1, 5, 15, 1, 99970156, 3, 3, 25242379, 1
3, 1, 5, 15, 1, 99970156, 3, 2, 17415497, 1
3, 1, 5, 15, 1, 99970156, 3, 1, 22483338, 1
3, 1, 5, 15, 1, 99970156, 3, 0, 1, 0
3, 1, 5, 15, 1, 99970156, 2, 4, 31861230, 1
3, 1, 5, 15, 1, 99970156, 2, 3, 34421426, 1
3, 1, 5, 15, 1, 99970156, 2, 2, 23946308, 1
3, 1, 5, 15, 1, 99970156, 2, 1, 31476673, 1
3, 1, 5, 15, 1, 99970156, 2, 0, 1, 0
3, 1, 5, 15, 1, 99970156, 1, 4, 26701391, 1
3, 1, 5, 15, 1, 99970156, 1, 3, 34330359, 1
3, 1, 5, 15, 1, 99970156, 1, 2, 10649459, 1
3, 1, 5, 15, 1, 99970156, 1, 1, 17749099, 1
3, 1, 5, 15, 1, 99970156, 1, 0, 1, 0
3, 1, 5, 15, 1, 99970156, 0, 4, 46766305, 1
3, 1, 5, 15, 1, 99970156, 0, 3, 62355073, 1
3, 1, 5, 15, 1, 99970156, 0, 2, 1, 1
3, 1, 5, 15, 1, 99970156, 0, 1, 1, 1
3, 2, 5, 15, 99970157, 163220903, 14, 4, 17319903, 0
3, 2, 5, 15, 99970157, 163220903, 14, 3, 15261239, 0
3, 2, 5, 15, 99970157, 163220903, 14, 2, 14925167, 0
3, 2, 5, 15, 99970157, 163220903, 14, 1, 18954799, 0
3, 2, 5, 15, 99970157, 163220903, 14, 0, 13301182, 0
3, 2, 5, 15, 99970157, 163220903, 13, 4, 15552923, 0
3, 2, 5, 15, 99970157, 163220903, 13, 3, 14813322, 0
3, 2, 5, 15, 99970157, 163220903, 13, 2, 15871508, 0
3, 2, 5, 15, 99970157, 163220903, 13, 1, 20358858, 0
3, 2, 5, 15, 99970157, 163220903, 13, 0, 14324350, 0
3, 2, 5, 15, 99970157, 163220903, 12, 4, 15834508, 0
3, 2, 5, 15, 99970157, 163220903, 12, 3, 15975151, 0
3, 2, 5, 15, 99970157, 163220903, 12, 2, 17124521, 0
3, 2, 5, 15, 99970157, 163220903, 12, 1, 21987567, 0
3, 2, 5, 15, 99970157, 163220903, 12, 0, 15518045, 0
3, 2, 5, 15, 99970157, 163220903, 11, 4, 17018035, 0
3, 2, 5, 15, 99970157, 163220903, 11, 3, 17334739, 0
3, 2, 5, 15, 99970157, 163220903, 11, 2, 18592338, 0
3, 2, 5, 15, 99970157, 163220903, 11, 1, 23899529, 0
3, 2, 5, 15, 99970157, 163220903, 11, 0, 16928777, 0
3, 2, 5, 15, 99970157, 163220903, 10, 4, 18593778, 0
3, 2, 5, 15, 99970157, 163220903, 10, 3, 18947272, 0
3, 2, 5, 15, 99970157, 163220903, 10, 2, 20335369, 0
3, 2, 5, 15, 99970157, 163220903, 10, 1, 26175674, 0
3, 2, 5, 15, 99970157, 163220903, 10, 0, 18621654, 0
3, 2, 5, 15, 99970157, 163220903, 9, 4, 18631412, 0
3, 2, 5, 15, 99970157, 163220903, 9, 3, 18554048, 0
3, 2, 5, 15, 99970157, 163220903, 9, 2, 19296792, 0
3, 2, 5, 15, 99970157, 163220903, 9, 1, 24134963, 0
3, 2, 5, 15, 99970157, 163220903, 9, 0, 20690727, 0
3, 2, 5, 15, 99970157, 163220903, 8, 4, 19138571, 0
3, 2, 5, 15, 99970157, 163220903, 8, 3, 19465737, 0
3, 2, 5, 15, 99970157, 163220903, 8, 2, 19896150, 0
3, 2, 5, 15, 99970157, 163220903, 8, 1, 24853214, 0
3, 2, 5, 15, 99970157, 163220903, 8, 0, 18769610, 0
3, 2, 5, 15, 99970157, 163220903, 7, 4, 21162853, 0
3, 2, 5, 15, 99970157, 163220903, 7, 3, 21977445, 0
3, 2, 5, 15, 99970157, 163220903, 7, 2, 22491300, 0
3, 2, 5, 15, 99970157, 163220903, 7, 1, 28166976, 0
3, 2, 5, 15, 99970157, 163220903, 7, 0, 21450983, 0
3, 2, 5, 15, 99970157, 163220903, 6, 4, 15068328, 1
3, 2, 5, 15, 99970157, 163220903, 6, 3, 15604277, 1
3, 2, 5, 15, 99970157, 163220903, 6, 2, 12865729, 1
3, 2, 5, 15, 99970157, 163220903, 6, 1, 15135304, 1
3, 2, 5, 15, 99970157, 163220903, 6, 0, 1, 0
3, 2, 5, 15, 99970157, 163220903, 5, 4, 17536425, 1
3, 2, 5, 15, 99970157, 163220903, 5, 3, 18154288, 1
3, 2, 5, 15, 99970157, 163220903, 5, 2, 14914572, 1
3, 2, 5, 15, 99970157, 163220903, 5, 1, 17544737, 1
3, 2, 5, 15, 99970157, 163220903, 5, 0, 1, 0
3, 2, 5, 15, 99970157, 163220903, 4, 4, 17533811, 1
3, 2, 5, 15, 99970157, 163220903, 4, 3, 17358094, 1
3, 2, 5, 15, 99970157, 163220903, 4, 2, 11843063, 1
3, 2, 5, 15, 99970157, 163220903, 4, 1, 11694139, 1
3, 2, 5, 15, 99970157, 163220903, 4, 0, 1, 0
3, 2, 5, 15, 99970157, 163220903, 3, 4, 22147972, 1
3, 2, 5, 15, 99970157, 163220903, 3, 3, 21986918, 1
3, 2, 5, 15, 99970157, 163220903, 3, 2, 15072989, 1
3, 2, 5, 15, 99970157, 163220903, 3, 1, 15035322, 1
3, 2, 5, 15, 99970157, 163220903, 3, 0, 1, 0
3, 2, 5, 15, 99970157, 163220903, 2, 4, 14621898, 1
3, 2, 5, 15, 99970157, 163220903, 2, 3, 14459247, 1
3, 2, 5, 15, 99970157, 163220903, 2, 2, 14150448, 1
3, 2, 5, 15, 99970157, 163220903, 2, 1, 18586754, 1
3, 2, 5, 15, 99970157, 163220903, 2, 0, 1, 0
3, 2, 5, 15, 99970157, 163220903, 1, 4, 10881809, 1
3, 2, 5, 15, 99970157, 163220903, 1, 3, 10977359, 1
3, 2, 5, 15, 99970157, 163220903, 1, 2, 9722505, 1
3, 2, 5, 15, 99970157, 163220903, 1, 1, 9447571, 1
3, 2, 5, 15, 99970157, 163220903, 1, 0, 1, 0
3, 2, 5, 15, 99970157, 163220903, 0, 4, 1, 1
3, 2, 5, 15, 99970157, 163220903, 0, 3, 1, 1
3, 2, 5, 15, 99970157, 163220903, 0, 2, 1, 1
3, 2, 5, 15, 99970157, 163220903, 0, 1, 1, 1
3, 3, 5, 15, 163220904, 176761967, 14, 4, 21737794, 0
3, 3, 5, 15, 163220904, 176761967, 14, 3, 19908350, 0
3, 3, 5, 15, 163220904, 176761967, 14, 2, 16628120, 0
3, 3, 5, 15, 163220904, 176761967, 14, 1, 19471270, 0
3, 3, 5, 15, 163220904, 176761967, 14, 0, 23705044, 0
3, 3, 5, 15, 163220904, 176761967, 13, 4, 21994529, 0
3, 3, 5, 15, 163220904, 176761967, 13, 3, 19787311, 0
3, 3, 5, 15, 163220904, 176761967, 13, 2, 15740165, 0
3, 3, 5, 15, 163220904, 176761967, 13, 1, 17717641, 0
3, 3, 5, 15, 163220904, 176761967, 13, 0, 25528509, 0
3, 3, 5, 15, 163220904, 176761967, 12, 4, 23356589, 0
3, 3, 5, 15, 163220904, 176761967, 12, 3, 20892183, 0
3, 3, 5, 15, 163220904, 176761967, 12, 2, 16382789, 0
3, 3, 5, 15, 163220904, 176761967, 12, 1, 18223020, 0
3, 3, 5, 15, 163220904, 176761967, 12, 0, 25755818, 0
3, 3, 5, 15, 163220904, 176761967, 11, 4, 25127111, 0
3, 3, 5, 15, 163220904, 176761967, 11, 3, 22670241, 0
3, 3, 5, 15, 163220904, 176761967, 11, 2, 17787028, 0
3, 3, 5, 15, 163220904, 176761967, 11, 1, 19807631, 0
3, 3, 5, 15, 163220904, 176761967, 11, 0, 28097256, 0
3, 3, 5, 15, 163220904, 176761967, 10, 4, 24868613, 0
3, 3, 5, 15, 163220904, 176761967, 10, 3, 21532718, 0
3, 3, 5, 15, 163220904, 176761967, 10, 2, 15629285, 0
3, 3, 5, 15, 163220904, 176761967, 10, 1, 15865079, 0
3, 3, 5, 15, 163220904, 176761967, 10, 0, 18666096, 0
3, 3, 5, 15, 163220904, 176761967, 9, 4, 22467203, 0
3, 3, 5, 15, 163220904, 176761967, 9, 3, 19411382, 0
3, 3, 5, 15, 163220904, 176761967, 9, 2, 17246108, 0
3, 3, 5, 15, 163220904, 176761967, 9, 1, 17535087, 0
3, 3, 5, 15, 163220904, 176761967, 9, 0, 20740106, 0
3, 3, 5, 15, 163220904, 176761967, 8, 4, 21048468, 0
3, 3, 5, 15, 163220904, 176761967, 8, 3, 16636673, 0
3, 3, 5, 15, 163220904, 176761967, 8, 2, 17435540, 0
3, 3, 5, 15, 163220904, 176761967, 8, 1, 18908548, 0
3, 3, 5, 15, 163220904, 176761967, 8, 0, 23332620, 0
3, 3, 5, 15, 163220904, 176761967, 7, 4, 21680735, 0
3, 3, 5, 15, 163220904, 176761967, 7, 3, 16183859, 0
3, 3, 5, 15, 163220904, 176761967, 7, 2, 16206092, 0
3, 3, 5, 15, 163220904, 176761967, 7, 1, 16057427, 0
3, 3, 5, 15, 163220904, 176761967, 7, 0, 15153863, 0
3, 3, 5, 15, 163220904, 176761967, 6, 4, 23002714, 0
3, 3, 5, 15, 163220904, 176761967, 6, 3, 16231230, 0
3, 3, 5, 15, 163220904, 176761967, 6, 2, 15464186, 0
3, 3, 5, 15, 163220904, 176761967, 6, 1, 15697172, 0
3, 3, 5, 15, 163220904, 176761967, 6, 0, 11546479, 0
3, 3, 5, 15, 163220904, 176761967, 5, 4, 24034272, 0
3, 3, 5, 15, 163220904, 176761967, 5, 3, 18097388, 0
3, 3, 5, 15, 163220904, 176761967, 5, 2, 16898848, 0
3, 3, 5, 15, 163220904, 176761967, 5, 1, 16550904, 0
3, 3, 5, 15, 163220904, 176761967, 5, 0, 9455117, 0
3, 3, 5, 15, 163220904, 176761967, 4, 4, 23777246, 1
3, 3, 5, 15, 163220904, 176761967, 4, 3, 15257892, 1
3, 3, 5, 15, 163220904, 176761967, 4, 2, 11495746, 1
3, 3, 5, 15, 163220904, 176761967, 4, 1, 6191107, 1
3, 3, 5, 15, 163220904, 176761967, 4, 0, 1, 0
3, 3, 5, 15, 163220904, 176761967, 3, 4, 30034415, 1
3, 3, 5, 15, 163220904, 176761967, 3, 3, 19326663, 1
3, 3, 5, 15, 163220904, 176761967, 3, 2, 14630949, 1
3, 3, 5, 15, 163220904, 176761967, 3, 1, 7959995, 1
3, 3, 5, 15, 163220904, 176761967, 3, 0, 1, 0
3, 3, 5, 15, 163220904, 176761967, 2, 4, 29253800, 1
3, 3, 5, 15, 163220904, 176761967, 2, 3, 24261242, 1
3, 3, 5, 15, 163220904, 176761967, 2, 2, 17239268, 1
3, 3, 5, 15, 163220904, 176761967, 2, 1, 6538734, 1
3, 3, 5, 15, 163220904, 176761967, 2, 0, 1, 0
3, 3, 5, 15, 163220904, 176761967, 1, 4, 36869527, 1
3, 3, 5, 15, 163220904, 176761967, 1, 3, 27020886, 1
3, 3, 5, 15, 163220904, 176761967, 1, 2, 24471865, 1
3, 3, 5, 15, 163220904, 176761967, 1, 1, 10897889, 1
3, 3, 5, 15, 163220904, 176761967, 1, 0, 1, 0
3, 3, 5, 15, 163220904, 176761967, 0, 4, 1, 1
3, 3, 5, 15, 163220904, 176761967, 0, 3, 1, 1
3, 3, 5, 15, 163220904, 176761967, 0, 2, 1, 1
3, 3, 5, 15, 163220904, 176761967, 0, 1, 1, 1
3, 4, 5, 15, 176761968, 239860610, 14, 4, 670217948, 0
3, 4, 5, 15, 176761968, 239860610, 14, 3, 672722878, 0
3, 4, 5, 15, 176761968, 239860610, 14, 2, 706087400, 1
3, 4, 5, 15, 176761968, 239860610, 14, 1, 676946698, 1
3, 4, 5, 15, 176761968, 239860610, 14, 0, 617842988, 0
3, 4, 5, 15, 176761968, 239860610, 13, 4, 669374083, 0
3, 4, 5, 15, 176761968, 239860610, 13, 3, 674938190, 0
3, 4, 5, 15, 176761968, 239860610, 13, 2, 714552176, 0
3, 4, 5, 15, 176761968, 239860610, 13, 1, 692947422, 1
3, 4, 5, 15, 176761968, 239860610, 13, 0, 665369371, 0
3, 4, 5, 15, 176761968, 239860610, 12, 4, 684646002, 0
3, 4, 5, 15, 176761968, 239860610, 12, 3, 695733448, 0
3, 4, 5, 15, 176761968, 239860610, 12, 2, 748247545, 0
3, 4, 5, 15, 176761968, 239860610, 12, 1, 748383215, 0
3, 4, 5, 15, 176761968, 239860610, 12, 0, 720816819, 0
3, 4, 5, 15, 176761968, 239860610, 11, 4, 683950639, 0
3, 4, 5, 15, 176761968, 239860610, 11, 3, 699277764, 0
3, 4, 5, 15, 176761968, 239860610, 11, 2, 747127437, 0
3, 4, 5, 15, 176761968, 239860610, 11, 1, 745996218, 0
3, 4, 5, 15, 176761968, 239860610, 11, 0, 714476509, 0
3, 4, 5, 15, 176761968, 239860610, 10, 4, 682365404, 0
3, 4, 5, 15, 176761968, 239860610, 10, 3, 702301316, 0
3, 4, 5, 15, 176761968, 239860610, 10, 2, 760472841, 0
3, 4, 5, 15, 176761968, 239860610, 10, 1, 769459596, 0
3, 4, 5, 15, 176761968, 239860610, 10, 0, 690124939, 0
3, 4, 5, 15, 176761968, 239860610, 9, 4, 685950891, 0
3, 4, 5, 15, 176761968, 239860610, 9, 3, 714655154, 0
3, 4, 5, 15, 176761968, 239860610, 9, 2, 763237239, 0
3, 4, 5, 15, 176761968, 239860610, 9, 1, 773464511, 1
3, 4, 5, 15, 176761968, 239860610, 9, 0, 682555588, 0
3, 4, 5, 15, 176761968, 239860610, 8, 4, 691425210, 0
3, 4, 5, 15, 176761968, 239860610, 8, 3, 719895475, 0
3, 4, 5, 15, 176761968, 239860610, 8, 2, 785226929, 0
3, 4, 5, 15, 176761968, 239860610, 8, 1, 814618883, 0
3, 4, 5, 15, 176761968, 239860610, 8, 0, 767875037, 0
3, 4, 5, 15, 176761968, 239860610, 7, 4, 692677566, 0
3, 4, 5, 15, 176761968, 239860610, 7, 3, 728067372, 0
3, 4, 5, 15, 176761968, 239860610, 7, 2, 806231552, 0
3, 4, 5, 15, 176761968, 239860610, 7, 1, 852691911, 0
3, 4, 5, 15, 176761968, 239860610, 7, 0, 843836600, 0
3, 4, 5, 15, 176761968, 239860610, 6, 4, 694848237, 0
3, 4, 5, 15, 176761968, 239860610, 6, 3, 715677369, 0
3, 4, 5, 15, 176761968, 239860610, 6, 2, 804093805, 0
3, 4, 5, 15, 176761968, 239860610, 6, 1, 860859281, 0
3, 4, 5, 15, 176761968, 239860610, 6, 0, 830098632, 0
3, 4, 5, 15, 176761968, 239860610, 5, 4, 703232035, 0
3, 4, 5, 15, 176761968, 239860610, 5, 3, 738732885, 0
3, 4, 5, 15, 176761968, 239860610, 5, 2, 837784183, 0
3, 4, 5, 15, 176761968, 239860610, 5, 1, 850147787, 0
3, 4, 5, 15, 176761968, 239860610, 5, 0, 824601031, 0
3, 4, 5, 15, 176761968, 239860610, 4, 4, 706836609, 0
3, 4, 5, 15, 176761968, 239860610, 4, 3, 754370143, 0
3, 4, 5, 15, 176761968, 239860610, 4, 2, 832166505, 0
3, 4, 5, 15, 176761968, 239860610, 4, 1, 839346554, 0
3, 4, 5, 15, 176761968, 239860610, 4, 0, 810036555, 0
3, 4, 5, 15, 176761968, 239860610, 3, 4, 730705296, 0
3, 4, 5, 15, 176761968, 239860610, 3, 3, 757010152, 0
3, 4, 5, 15, 176761968, 239860610, 3, 2, 793202605, 0
3, 4, 5, 15, 176761968, 239860610, 3, 1, 799073690, 0
3, 4, 5, 15, 176761968, 239860610, 3, 0, 750929962, 0
3, 4, 5, 15, 176761968, 239860610, 2, 4, 694167297, 0
3, 4, 5, 15, 176761968, 239860610, 2, 3, 742159233, 0
3, 4, 5, 15, 176761968, 239860610, 2, 2, 795453169, 0
3, 4, 5, 15, 176761968, 239860610, 2, 1, 790461053, 0
3, 4, 5, 15, 176761968, 239860610, 2, 0, 735094481, 0
3, 4, 5, 15, 176761968, 239860610, 1, 4, 607286851, 0
3, 4, 5, 15, 176761968, 239860610, 1, 3, 674281765, 0
3, 4, 5, 15, 176761968, 239860610, 1, 2, 763520427, 0
3, 4, 5, 15, 176761968, 239860610, 1, 1, 782340299, 0
3, 4, 5, 15, 176761968, 239860610, 1, 0, 790715721, 0
3, 4, 5, 15, 176761968, 239860610, 0, 4, 327434013, 1
3, 4, 5, 15, 176761968, 239860610, 0, 3, 436578684, 1
3, 4, 5, 15, 176761968, 239860610, 0, 2, 654868025, 1
3, 4, 5, 15, 176761968, 239860610, 0, 1, 688028163, 1
3, 5, 5, 15, 239860611, 315177015, 14, 4, 641582311, 0
3, 5, 5, 15, 239860611, 315177015, 14, 3, 649509181, 0
3, 5, 5, 15, 239860611, 315177015, 14, 2, 682922226, 1
3, 5, 5, 15, 239860611, 315177015, 14, 1, 659028590, 0
3, 5, 5, 15, 239860611, 315177015, 14, 0, 611677308, 0
3, 5, 5, 15, 239860611, 315177015, 13, 4, 642198870, 0
3, 5, 5, 15, 239860611, 315177015, 13, 3, 653775937, 0
3, 5, 5, 15, 239860611, 315177015, 13, 2, 692099295, 0
3, 5, 5, 15, 239860611, 315177015, 13, 1, 673427065, 0
3, 5, 5, 15, 239860611, 315177015, 13, 0, 658729408, 0
3, 5, 5, 15, 239860611, 315177015, 12, 4, 652705932, 0
3, 5, 5, 15, 239860611, 315177015, 12, 3, 667701082, 0
3, 5, 5, 15, 239860611, 315177015, 12, 2, 720926865, 0
3, 5, 5, 15, 239860611, 315177015, 12, 1, 724208143, 0
3, 5, 5, 15, 239860611, 315177015, 12, 0, 710401559, 0
3, 5, 5, 15, 239860611, 315177015, 11, 4, 652274121, 0
3, 5, 5, 15, 239860611, 315177015, 11, 3, 672415653, 0
3, 5, 5, 15, 239860611, 315177015, 11, 2, 719183463, 0
3, 5, 5, 15, 239860611, 315177015, 11, 1, 729021981, 0
3, 5, 5, 15, 239860611, 315177015, 11, 0, 712840288, 0
3, 5, 5, 15, 239860611, 315177015, 10, 4, 655108130, 0
3, 5, 5, 15, 239860611, 315177015, 10, 3, 679685451, 0
3, 5, 5, 15, 239860611, 315177015, 10, 2, 735629506, 0
3, 5, 5, 15, 239860611, 315177015, 10, 1, 757928478, 0
3, 5, 5, 15, 239860611, 315177015, 10, 0, 699023564, 0
3, 5, 5, 15, 239860611, 315177015, 9, 4, 655982491, 0
3, 5, 5, 15, 239860611, 315177015, 9, 3, 687064753, 0
3, 5, 5, 15, 239860611, 315177015, 9, 2, 738513567, 0
3, 5, 5, 15, 239860611, 315177015, 9, 1, 759194094, 0
3, 5, 5, 15, 239860611, 315177015, 9, 0, 704330136, 0
3, 5, 5, 15, 239860611, 315177015, 8, 4, 655676844, 0
3, 5, 5, 15, 239860611, 315177015, 8, 3, 683110138, 0
3, 5, 5, 15, 239860611, 315177015, 8, 2, 749175805, 0
3, 5, 5, 15, 239860611, 315177015, 8, 1, 788228636, 0
3, 5, 5, 15, 239860611, 315177015, 8, 0, 756811282, 0
3, 5, 5, 15, 239860611, 315177015, 7, 4, 652760882, 0
3, 5, 5, 15, 239860611, 315177015, 7, 3, 683606274, 0
3, 5, 5, 15, 239860611, 315177015, 7, 2, 765378609, 0
3, 5, 5, 15, 239860611, 315177015, 7, 1, 827444560, 0
3, 5, 5, 15, 239860611, 315177015, 7, 0, 825897918, 0
3, 5, 5, 15, 239860611, 315177015, 6, 4, 644155248, 0
3, 5, 5, 15, 239860611, 315177015, 6, 3, 654488861, 0
3, 5, 5, 15, 239860611, 315177015, 6, 2, 742691817, 0
3, 5, 5, 15, 239860611, 315177015, 6, 1, 815893404, 0
3, 5, 5, 15, 239860611, 315177015, 6, 0, 809033448, 0
3, 5, 5, 15, 239860611, 315177015, 5, 4, 658328063, 0
3, 5, 5, 15, 239860611, 315177015, 5, 3, 680570800, 0
3, 5, 5, 15, 239860611, 315177015, 5, 2, 777745202, 0
3, 5, 5, 15, 239860611, 315177015, 5, 1, 815858758, 0
3, 5, 5, 15, 239860611, 315177015, 5, 0, 820719746, 0
3, 5, 5, 15, 239860611, 315177015, 4, 4, 664960212, 0
3, 5, 5, 15, 239860611, 315177015, 4, 3, 693973776, 0
3, 5, 5, 15, 239860611, 315177015, 4, 2, 768145841, 0
3, 5, 5, 15, 239860611, 315177015, 4, 1, 799369818, 0
3, 5, 5, 15, 239860611, 315177015, 4, 0, 798970769, 0
3, 5, 5, 15, 239860611, 315177015, 3, 4, 690486724, 0
3, 5, 5, 15, 239860611, 315177015, 3, 3, 705423558, 0
3, 5, 5, 15, 239860611, 315177015, 3, 2, 740899400, 0
3, 5, 5, 15, 239860611, 315177015, 3, 1, 778242081, 0
3, 5, 5, 15, 239860611, 315177015, 3, 0, 771837140, 0
3, 5, 5, 15, 239860611, 315177015, 2, 4, 662463673, 0
3, 5, 5, 15, 239860611, 315177015, 2, 3, 697707923, 0
3, 5, 5, 15, 239860611, 315177015, 2, 2, 745767488, 0
3, 5, 5, 15, 239860611, 315177015, 2, 1, 775469826, 0
3, 5, 5, 15, 239860611, 315177015, 2, 0, 819947589, 0
3, 5, 5, 15, 239860611, 315177015, 1, 4, 537913209, 0
3, 5, 5, 15, 239860611, 315177015, 1, 3, 593254384, 0
3, 5, 5, 15, 239860611, 315177015, 1, 2, 671479029, 0
3, 5, 5, 15, 239860611, 315177015, 1, 1, 700786182, 0
3, 5, 5, 15, 239860611, 315177015, 1, 0, 683731040, 0
3, 5, 5, 15, 239860611, 315177015, 0, 4, 308109465, 1
3, 5, 5, 15, 239860611, 315177015, 0, 3, 410812620, 1
3, 5, 5, 15, 239860611, 315177015, 0, 2, 616218930, 1
3, 5, 5, 15, 239860611, 315177015, 0, 1, 581043482, 1
3, 6, 5, 15, 315177016, 336589107, 14, 4, 40040230, 0
3, 6, 5, 15, 315177016, 336589107, 14, 3, 39139483, 0
3, 6, 5, 15, 315177016, 336589107, 14, 2, 32187409, 0
3, 6, 5, 15, 315177016, 336589107, 14, 1, 33267836, 0
3, 6, 5, 15, 315177016, 336589107, 14, 0, 34175923, 0
3, 6, 5, 15, 315177016, 336589107, 13, 4, 41038185, 0
3, 6, 5, 15, 315177016, 336589107, 13, 3, 40922280, 0
3, 6, 5, 15, 315177016, 336589107, 13, 2, 33115656, 0
3, 6, 5, 15, 315177016, 336589107, 13, 1, 35543973, 0
3, 6, 5, 15, 315177016, 336589107, 13, 0, 36804840, 0
3, 6, 5, 15, 315177016, 336589107, 12, 4, 41231800, 0
3, 6, 5, 15, 315177016, 336589107, 12, 3, 40355154, 0
3, 6, 5, 15, 315177016, 336589107, 12, 2, 33393313, 0
3, 6, 5, 15, 315177016, 336589107, 12, 1, 34835650, 0
3, 6, 5, 15, 315177016, 336589107, 12, 0, 32472241, 0
3, 6, 5, 15, 315177016, 336589107, 11, 4, 41738869, 0
3, 6, 5, 15, 315177016, 336589107, 11, 3, 41730886, 0
3, 6, 5, 15, 315177016, 336589107, 11, 2, 34309383, 0
3, 6, 5, 15, 315177016, 336589107, 11, 1, 36283484, 0
3, 6, 5, 15, 315177016, 336589107, 11, 0, 35424263, 0
3, 6, 5, 15, 315177016, 336589107, 10, 4, 43130646, 0
3, 6, 5, 15, 315177016, 336589107, 10, 3, 44617104, 0
3, 6, 5, 15, 315177016, 336589107, 10, 2, 36367141, 0
3, 6, 5, 15, 315177016, 336589107, 10, 1, 38369331, 0
3, 6, 5, 15, 315177016, 336589107, 10, 0, 38966689, 0
3, 6, 5, 15, 315177016, 336589107, 9, 4, 40518000, 0
3, 6, 5, 15, 315177016, 336589107, 9, 3, 41542059, 0
3, 6, 5, 15, 315177016, 336589107, 9, 2, 35359053, 0
3, 6, 5, 15, 315177016, 336589107, 9, 1, 41478964, 0
3, 6, 5, 15, 315177016, 336589107, 9, 0, 41334585, 0
3, 6, 5, 15, 315177016, 336589107, 8, 4, 40909203, 0
3, 6, 5, 15, 315177016, 336589107, 8, 3, 40993236, 0
3, 6, 5, 15, 315177016, 336589107, 8, 2, 33237120, 0
3, 6, 5, 15, 315177016, 336589107, 8, 1, 39783628, 0
3, 6, 5, 15, 315177016, 336589107, 8, 0, 40260972, 0
3, 6, 5, 15, 315177016, 336589107, 7, 4, 39813613, 0
3, 6, 5, 15, 315177016, 336589107, 7, 3, 41010848, 0
3, 6, 5, 15, 315177016, 336589107, 7, 2, 30657445, 0
3, 6, 5, 15, 315177016, 336589107, 7, 1, 37688106, 0
3, 6, 5, 15, 315177016, 336589107, 7, 0, 42282689, 0
3, 6, 5, 15, 315177016, 336589107, 6, 4, 36438410, 0
3, 6, 5, 15, 315177016, 336589107, 6, 3, 36800166, 0
3, 6, 5, 15, 315177016, 336589107, 6, 2, 27567470, 0
3, 6, 5, 15, 315177016, 336589107, 6, 1, 33242224, 0
3, 6, 5, 15, 315177016, 336589107, 6, 0, 41460284, 0
3, 6, 5, 15, 315177016, 336589107, 5, 4, 38416411, 0
3, 6, 5, 15, 315177016, 336589107, 5, 3, 37772801, 0
3, 6, 5, 15, 315177016, 336589107, 5, 2, 32432318, 0
3, 6, 5, 15, 315177016, 336589107, 5, 1, 39286265, 0
3, 6, 5, 15, 315177016, 336589107, 5, 0, 49752341, 0
3, 6, 5, 15, 315177016, 336589107, 4, 4, 35176974, 0
3, 6, 5, 15, 315177016, 336589107, 4, 3, 36142792, 0
3, 6, 5, 15, 315177016, 336589107, 4, 2, 30665149, 0
3, 6, 5, 15, 315177016, 336589107, 4, 1, 37689383, 0
3, 6, 5, 15, 315177016, 336589107, 4, 0, 50179927, 0
3, 6, 5, 15, 315177016, 336589107, 3, 4, 31861309, 0
3, 6, 5, 15, 315177016, 336589107, 3, 3, 36691680, 0
3, 6, 5, 15, 315177016, 336589107, 3, 2, 27028144, 0
3, 6, 5, 15, 315177016, 336589107, 3, 1, 35486445, 0
3, 6, 5, 15, 315177016, 336589107, 3, 0, 44163734, 0
3, 6, 5, 15, 315177016, 336589107, 2, 4, 28709481, 0
3, 6, 5, 15, 315177016, 336589107, 2, 3, 36539339, 0
3, 6, 5, 15, 315177016, 336589107, 2, 2, 30651651, 0
3, 6, 5, 15, 315177016, 336589107, 2, 1, 40576431, 0
3, 6, 5, 15, 315177016, 336589107, 2, 0, 43484121, 0
3, 6, 5, 15, 315177016, 336589107, 1, 4, 9609399, 0
3, 6, 5, 15, 315177016, 336589107, 1, 3, 12354942, 0
3, 6, 5, 15, 315177016, 336589107, 1, 2, 10154543, 0
3, 6, 5, 15, 315177016, 336589107, 1, 1, 16924238, 0
3, 6, 5, 15, 315177016, 336589107, 1, 0, 45120192, 0
3, 6, 5, 15, 315177016, 336589107, 0, 4, 1413131, 1
3, 6, 5, 15, 315177016, 336589107, 0, 3, 1884174, 1
3, 6, 5, 15, 315177016, 336589107, 0, 2, 2826261, 1
3, 6, 5, 15, 315177016, 336589107, 0, 1, 5652521, 1
3, 7, 5, 15, 336589108, 447954432, 14, 4, 537468585, 0
3, 7, 5, 15, 336589108, 447954432, 14, 3, 548326148, 0
3, 7, 5, 15, 336589108, 447954432, 14, 2, 553724562, 1
3, 7, 5, 15, 336589108, 447954432, 14, 1, 506142697, 1
3, 7, 5, 15, 336589108, 447954432, 14, 0, 449327564, 0
3, 7, 5, 15, 336589108, 447954432, 13, 4, 536442858, 0
3, 7, 5, 15, 336589108, 447954432, 13, 3, 552041932, 0
3, 7, 5, 15, 336589108, 447954432, 13, 2, 561445860, 1
3, 7, 5, 15, 336589108, 447954432, 13, 1, 515634746, 1
3, 7, 5, 15, 336589108, 447954432, 13, 0, 483891223, 0
3, 7, 5, 15, 336589108, 447954432, 12, 4, 542386219, 0
3, 7, 5, 15, 336589108, 447954432, 12, 3, 565125278, 0
3, 7, 5, 15, 336589108, 447954432, 12, 2, 585788459, 1
3, 7, 5, 15, 336589108, 447954432, 12, 1, 556885526, 1
3, 7, 5, 15, 336589108, 447954432, 12, 0, 524215492, 0
3, 7, 5, 15, 336589108, 447954432, 11, 4, 525910142, 0
3, 7, 5, 15, 336589108, 447954432, 11, 3, 549966361, 0
3, 7, 5, 15, 336589108, 447954432, 11, 2, 570667965, 1
3, 7, 5, 15, 336589108, 447954432, 11, 1, 538697576, 1
3, 7, 5, 15, 336589108, 447954432, 11, 0, 500128604, 0
3, 7, 5, 15, 336589108, 447954432, 10, 4, 534598031, 0
3, 7, 5, 15, 336589108, 447954432, 10, 3, 550884052, 0
3, 7, 5, 15, 336589108, 447954432, 10, 2, 578444115, 1
3, 7, 5, 15, 336589108, 447954432, 10, 1, 557144479, 1
3, 7, 5, 15, 336589108, 447954432, 10, 0, 481140446, 0
3, 7, 5, 15, 336589108, 447954432, 9, 4, 535834416, 0
3, 7, 5, 15, 336589108, 447954432, 9, 3, 556454155, 0
3, 7, 5, 15, 336589108, 447954432, 9, 2, 569789982, 1
3, 7, 5, 15, 336589108, 447954432, 9, 1, 543123272, 1
3, 7, 5, 15, 336589108, 447954432, 9, 0, 454189015, 0
3, 7, 5, 15, 336589108, 447954432, 8, 4, 527626055, 0
3, 7, 5, 15, 336589108, 447954432, 8, 3, 550284477, 0
3, 7, 5, 15, 336589108, 447954432, 8, 2, 571674259, 1
3, 7, 5, 15, 336589108, 447954432, 8, 1, 555171340, 1
3, 7, 5, 15, 336589108, 447954432, 8, 0, 501523194, 0
3, 7, 5, 15, 336589108, 447954432, 7, 4, 523492611, 0
3, 7, 5, 15, 336589108, 447954432, 7, 3, 550326599, 0
3, 7, 5, 15, 336589108, 447954432, 7, 2, 581667032, 0
3, 7, 5, 15, 336589108, 447954432, 7, 1, 576479196, 1
3, 7, 5, 15, 336589108, 447954432, 7, 0, 565377562, 0
3, 7, 5, 15, 336589108, 447954432, 6, 4, 519569293, 0
3, 7, 5, 15, 336589108, 447954432, 6, 3, 531264813, 0
3, 7, 5, 15, 336589108, 447954432, 6, 2, 566514567, 1
3, 7, 5, 15, 336589108, 447954432, 6, 1, 550844533, 1
3, 7, 5, 15, 336589108, 447954432, 6, 0, 534365948, 0
3, 7, 5, 15, 336589108, 447954432, 5, 4, 553650551, 0
3, 7, 5, 15, 336589108, 447954432, 5, 3, 578887312, 0
3, 7, 5, 15, 336589108, 447954432, 5, 2, 650804318, 0
3, 7, 5, 15, 336589108, 447954432, 5, 1, 626760090, 0
3, 7, 5, 15, 336589108, 447954432, 5, 0, 614577343, 0
3, 7, 5, 15, 336589108, 447954432, 4, 4, 596210678, 0
3, 7, 5, 15, 336589108, 447954432, 4, 3, 647176996, 0
3, 7, 5, 15, 336589108, 447954432, 4, 2, 717544868, 0
3, 7, 5, 15, 336589108, 447954432, 4, 1, 736415893, 0
3, 7, 5, 15, 336589108, 447954432, 4, 0, 734894435, 0
3, 7, 5, 15, 336589108, 447954432, 3, 4, 630321402, 0
3, 7, 5, 15, 336589108, 447954432, 3, 3, 671247719, 0
3, 7, 5, 15, 336589108, 447954432, 3, 2, 712514763, 0
3, 7, 5, 15, 336589108, 447954432, 3, 1, 733208819, 0
3, 7, 5, 15, 336589108, 447954432, 3, 0, 726902585, 0
3, 7, 5, 15, 336589108, 447954432, 2, 4, 580884768, 0
3, 7, 5, 15, 336589108, 447954432, 2, 3, 638982978, 0
3, 7, 5, 15, 336589108, 447954432, 2, 2, 698889392, 0
3, 7, 5, 15, 336589108, 447954432, 2, 1, 722334373, 0
3, 7, 5, 15, 336589108, 447954432, 2, 0, 719125196, 0
3, 7, 5, 15, 336589108, 447954432, 1, 4, 501952906, 0
3, 7, 5, 15, 336589108, 447954432, 1, 3, 569572752, 0
3, 7, 5, 15, 336589108, 447954432, 1, 2, 663368335, 0
3, 7, 5, 15, 336589108, 447954432, 1, 1, 695396391, 0
3, 7, 5, 15, 336589108, 447954432, 1, 0, 717073613, 0
3, 7, 5, 15, 336589108, 447954432, 0, 4, 280245737, 1
3, 7, 5, 15, 336589108, 447954432, 0, 3, 373660983, 1
3, 7, 5, 15, 336589108, 447954432, 0, 2, 560491474, 1
3, 7, 5, 15, 336589108, 447954432, 0, 1, 606743811, 1
3, 8, 5, 15, 447954433, 489109831, 14, 4, 88392136, 0
3, 8, 5, 15, 447954433, 489109831, 14, 3, 89241171, 0
3, 8, 5, 15, 447954433, 489109831, 14, 2, 86770658, 1
3, 8, 5, 15, 447954433, 489109831, 14, 1, 78000619, 1
3, 8, 5, 15, 447954433, 489109831, 14, 0, 73226955, 0
3, 8, 5, 15, 447954433, 489109831, 13, 4, 88957408, 0
3, 8, 5, 15, 447954433, 489109831, 13, 3, 91453669, 0
3, 8, 5, 15, 447954433, 489109831, 13, 2, 91395626, 0
3, 8, 5, 15, 447954433, 489109831, 13, 1, 83778442, 1
3, 8, 5, 15, 447954433, 489109831, 13, 0, 78859798, 0
3, 8, 5, 15, 447954433, 489109831, 12, 4, 91963026, 0
3, 8, 5, 15, 447954433, 489109831, 12, 3, 93676947, 0
3, 8, 5, 15, 447954433, 489109831, 12, 2, 95012776, 0
3, 8, 5, 15, 447954433, 489109831, 12, 1, 90480717, 1
3, 8, 5, 15, 447954433, 489109831, 12, 0, 85431447, 0
3, 8, 5, 15, 447954433, 489109831, 11, 4, 92113274, 0
3, 8, 5, 15, 447954433, 489109831, 11, 3, 92054761, 0
3, 8, 5, 15, 447954433, 489109831, 11, 2, 92760441, 0
3, 8, 5, 15, 447954433, 489109831, 11, 1, 88459187, 1
3, 8, 5, 15, 447954433, 489109831, 11, 0, 78059368, 0
3, 8, 5, 15, 447954433, 489109831, 10, 4, 93810661, 0
3, 8, 5, 15, 447954433, 489109831, 10, 3, 95399668, 0
3, 8, 5, 15, 447954433, 489109831, 10, 2, 94444606, 0
3, 8, 5, 15, 447954433, 489109831, 10, 1, 91754294, 1
3, 8, 5, 15, 447954433, 489109831, 10, 0, 75093191, 0
3, 8, 5, 15, 447954433, 489109831, 9, 4, 89078413, 0
3, 8, 5, 15, 447954433, 489109831, 9, 3, 90542701, 0
3, 8, 5, 15, 447954433, 489109831, 9, 2, 90197792, 1
3, 8, 5, 15, 447954433, 489109831, 9, 1, 89320404, 1
3, 8, 5, 15, 447954433, 489109831, 9, 0, 73172537, 0
3, 8, 5, 15, 447954433, 489109831, 8, 4, 84888525, 0
3, 8, 5, 15, 447954433, 489109831, 8, 3, 87467799, 0
3, 8, 5, 15, 447954433, 489109831, 8, 2, 88525746, 0
3, 8, 5, 15, 447954433, 489109831, 8, 1, 89362746, 1
3, 8, 5, 15, 447954433, 489109831, 8, 0, 82319104, 0
3, 8, 5, 15, 447954433, 489109831, 7, 4, 83279244, 0
3, 8, 5, 15, 447954433, 489109831, 7, 3, 83037690, 0
3, 8, 5, 15, 447954433, 489109831, 7, 2, 82424366, 1
3, 8, 5, 15, 447954433, 489109831, 7, 1, 83003955, 1
3, 8, 5, 15, 447954433, 489109831, 7, 0, 64507763, 0
3, 8, 5, 15, 447954433, 489109831, 6, 4, 83965865, 0
3, 8, 5, 15, 447954433, 489109831, 6, 3, 80782123, 0
3, 8, 5, 15, 447954433, 489109831, 6, 2, 77344023, 1
3, 8, 5, 15, 447954433, 489109831, 6, 1, 78763473, 1
3, 8, 5, 15, 447954433, 489109831, 6, 0, 62128650, 0
3, 8, 5, 15, 447954433, 489109831, 5, 4, 88906726, 0
3, 8, 5, 15, 447954433, 489109831, 5, 3, 90373808, 0
3, 8, 5, 15, 447954433, 489109831, 5, 2, 90992968, 0
3, 8, 5, 15, 447954433, 489109831, 5, 1, 93084104, 1
3, 8, 5, 15, 447954433, 489109831, 5, 0, 74554380, 0
3, 8, 5, 15, 447954433, 489109831, 4, 4, 89754230, 0
3, 8, 5, 15, 447954433, 489109831, 4, 3, 97402543, 0
3, 8, 5, 15, 447954433, 489109831, 4, 2, 103546466, 0
3, 8, 5, 15, 447954433, 489109831, 4, 1, 113769460, 1
3, 8, 5, 15, 447954433, 489109831, 4, 0, 93192975, 0
3, 8, 5, 15, 447954433, 489109831, 3, 4, 91023286, 0
3, 8, 5, 15, 447954433, 489109831, 3, 3, 95065948, 0
3, 8, 5, 15, 447954433, 489109831, 3, 2, 93181040, 0
3, 8, 5, 15, 447954433, 489109831, 3, 1, 107513206, 1
3, 8, 5, 15, 447954433, 489109831, 3, 0, 74546897, 0
3, 8, 5, 15, 447954433, 489109831, 2, 4, 77463880, 0
3, 8, 5, 15, 447954433, 489109831, 2, 3, 87564633, 0
3, 8, 5, 15, 447954433, 489109831, 2, 2, 87475549, 0
3, 8, 5, 15, 447954433, 489109831, 2, 1, 104841828, 1
3, 8, 5, 15, 447954433, 489109831, 2, 0, 74947837, 0
3, 8, 5, 15, 447954433, 489109831, 1, 4, 66370736, 1
3, 8, 5, 15, 447954433, 489109831, 1, 3, 73564502, 1
3, 8, 5, 15, 447954433, 489109831, 1, 2, 71124964, 1
3, 8, 5, 15, 447954433, 489109831, 1, 1, 81249118, 1
3, 8, 5, 15, 447954433, 489109831, 1, 0, 19047653, 0
3, 8, 5, 15, 447954433, 489109831, 0, 4, 57359408, 1
3, 8, 5, 15, 447954433, 489109831, 0, 3, 49017509, 1
3, 8, 5, 15, 447954433, 489109831, 0, 2, 73526264, 1
3, 8, 5, 15, 447954433, 489109831, 0, 1, 123420242, 1
3, 9, 5, 15, 489109832, 706421256, 14, 4, 206935097, 0
3, 9, 5, 15, 489109832, 706421256, 14, 3, 230257536, 0
3, 9, 5, 15, 489109832, 706421256, 14, 2, 252174089, 0
3, 9, 5, 15, 489109832, 706421256, 14, 1, 230173405, 0
3, 9, 5, 15, 489109832, 706421256, 14, 0, 185582789, 0
3, 9, 5, 15, 489109832, 706421256, 13, 4, 189564500, 0
3, 9, 5, 15, 489109832, 706421256, 13, 3, 220596042, 0
3, 9, 5, 15, 489109832, 706421256, 13, 2, 243654654, 0
3, 9, 5, 15, 489109832, 706421256, 13, 1, 219103808, 0
3, 9, 5, 15, 489109832, 706421256, 13, 0, 199858389, 0
3, 9, 5, 15, 489109832, 706421256, 12, 4, 180874530, 0
3, 9, 5, 15, 489109832, 706421256, 12, 3, 208407877, 0
3, 9, 5, 15, 489109832, 706421256, 12, 2, 243780853, 0
3, 9, 5, 15, 489109832, 706421256, 12, 1, 236632112, 0
3, 9, 5, 15, 489109832, 706421256, 12, 0, 216513254, 0
3, 9, 5, 15, 489109832, 706421256, 11, 4, 182824798, 0
3, 9, 5, 15, 489109832, 706421256, 11, 3, 212709708, 0
3, 9, 5, 15, 489109832, 706421256, 11, 2, 251145381, 0
3, 9, 5, 15, 489109832, 706421256, 11, 1, 243481743, 0
3, 9, 5, 15, 489109832, 706421256, 11, 0, 221845244, 0
3, 9, 5, 15, 489109832, 706421256, 10, 4, 193906303, 0
3, 9, 5, 15, 489109832, 706421256, 10, 3, 225154268, 0
3, 9, 5, 15, 489109832, 706421256, 10, 2, 269757093, 0
3, 9, 5, 15, 489109832, 706421256, 10, 1, 266670480, 0
3, 9, 5, 15, 489109832, 706421256, 10, 0, 244029769, 0
3, 9, 5, 15, 489109832, 706421256, 9, 4, 208384502, 0
3, 9, 5, 15, 489109832, 706421256, 9, 3, 245625516, 0
3, 9, 5, 15, 489109832, 706421256, 9, 2, 297662999, 0
3, 9, 5, 15, 489109832, 706421256, 9, 1, 294741057, 0
3, 9, 5, 15, 489109832, 706421256, 9, 0, 271144188, 0
3, 9, 5, 15, 489109832, 706421256, 8, 4, 217713526, 0
3, 9, 5, 15, 489109832, 706421256, 8, 3, 260166030, 0
3, 9, 5, 15, 489109832, 706421256, 8, 2, 319865548, 0
3, 9, 5, 15, 489109832, 706421256, 8, 1, 320130513, 0
3, 9, 5, 15, 489109832, 706421256, 8, 0, 305037211, 0
3, 9, 5, 15, 489109832, 706421256, 7, 4, 232359376, 0
3, 9, 5, 15, 489109832, 706421256, 7, 3, 277046179, 0
3, 9, 5, 15, 489109832, 706421256, 7, 2, 345955918, 0
3, 9, 5, 15, 489109832, 706421256, 7, 1, 349370797, 0
3, 9, 5, 15, 489109832, 706421256, 7, 0, 342357469, 0
3, 9, 5, 15, 489109832, 706421256, 6, 4, 252600928, 0
3, 9, 5, 15, 489109832, 706421256, 6, 3, 300549906, 0
3, 9, 5, 15, 489109832, 706421256, 6, 2, 382063169, 0
3, 9, 5, 15, 489109832, 706421256, 6, 1, 378833787, 0
3, 9, 5, 15, 489109832, 706421256, 6, 0, 373106820, 0
3, 9, 5, 15, 489109832, 706421256, 5, 4, 284367278, 0
3, 9, 5, 15, 489109832, 706421256, 5, 3, 344822971, 0
3, 9, 5, 15, 489109832, 706421256, 5, 2, 447953271, 0
3, 9, 5, 15, 489109832, 706421256, 5, 1, 447712657, 0
3, 9, 5, 15, 489109832, 706421256, 5, 0, 447728184, 0
3, 9, 5, 15, 489109832, 706421256, 4, 4, 343610461, 0
3, 9, 5, 15, 489109832, 706421256, 4, 3, 417417281, 0
3, 9, 5, 15, 489109832, 706421256, 4, 2, 543943257, 0
3, 9, 5, 15, 489109832, 706421256, 4, 1, 547204358, 0
3, 9, 5, 15, 489109832, 706421256, 4, 0, 559660230, 0
3, 9, 5, 15, 489109832, 706421256, 3, 4, 323138431, 0
3, 9, 5, 15, 489109832, 706421256, 3, 3, 388260498, 0
3, 9, 5, 15, 489109832, 706421256, 3, 2, 500744067, 0
3, 9, 5, 15, 489109832, 706421256, 3, 1, 499050474, 0
3, 9, 5, 15, 489109832, 706421256, 3, 0, 483537690, 0
3, 9, 5, 15, 489109832, 706421256, 2, 4, 314502180, 0
3, 9, 5, 15, 489109832, 706421256, 2, 3, 385924469, 0
3, 9, 5, 15, 489109832, 706421256, 2, 2, 510913474, 0
3, 9, 5, 15, 489109832, 706421256, 2, 1, 548202644, 0
3, 9, 5, 15, 489109832, 706421256, 2, 0, 691467716, 0
3, 9, 5, 15, 489109832, 706421256, 1, 4, 218315451, 0
3, 9, 5, 15, 489109832, 706421256, 1, 3, 280691294, 0
3, 9, 5, 15, 489109832, 706421256, 1, 2, 392967811, 0
3, 9, 5, 15, 489109832, 706421256, 1, 1, 427034085, 0
3, 9, 5, 15, 489109832, 706421256, 1, 0, 674512227, 0
3, 9, 5, 15, 489109832, 706421256, 0, 4, 16919410, 1
3, 9, 5, 15, 489109832, 706421256, 0, 3, 22559213, 1
3, 9, 5, 15, 489109832, 706421256, 0, 2, 33838819, 1
3, 9, 5, 15, 489109832, 706421256, 0, 1, 1, 1
3, 10, 5, 15, 706421257, 759785380, 14, 4, 56075447, 0
3, 10, 5, 15, 706421257, 759785380, 14, 3, 58480232, 0
3, 10, 5, 15, 706421257, 759785380, 14, 2, 62828698, 0
3, 10, 5, 15, 706421257, 759785380, 14, 1, 64747925, 0
3, 10, 5, 15, 706421257, 759785380, 14, 0, 45767541, 0
3, 10, 5, 15, 706421257, 759785380, 13, 4, 56096631, 0
3, 10, 5, 15, 706421257, 759785380, 13, 3, 57662148, 0
3, 10, 5, 15, 706421257, 759785380, 13, 2, 60623101, 0
3, 10, 5, 15, 706421257, 759785380, 13, 1, 69544068, 0
3, 10, 5, 15, 706421257, 759785380, 13, 0, 49288121, 0
3, 10, 5, 15, 706421257, 759785380, 12, 4, 49762445, 0
3, 10, 5, 15, 706421257, 759785380, 12, 3, 48736219, 0
3, 10, 5, 15, 706421257, 759785380, 12, 2, 65409136, 0
3, 10, 5, 15, 706421257, 759785380, 12, 1, 75107593, 0
3, 10, 5, 15, 706421257, 759785380, 12, 0, 53395464, 0
3, 10, 5, 15, 706421257, 759785380, 11, 4, 53979602, 0
3, 10, 5, 15, 706421257, 759785380, 11, 3, 52883982, 0
3, 10, 5, 15, 706421257, 759785380, 11, 2, 71015633, 0
3, 10, 5, 15, 706421257, 759785380, 11, 1, 81638688, 0
3, 10, 5, 15, 706421257, 759785380, 11, 0, 58249597, 0
3, 10, 5, 15, 706421257, 759785380, 10, 4, 47496983, 0
3, 10, 5, 15, 706421257, 759785380, 10, 3, 43385761, 0
3, 10, 5, 15, 706421257, 759785380, 10, 2, 58299616, 0
3, 10, 5, 15, 706421257, 759785380, 10, 1, 59891924, 0
3, 10, 5, 15, 706421257, 759785380, 10, 0, 64074557, 0
3, 10, 5, 15, 706421257, 759785380, 9, 4, 38073219, 0
3, 10, 5, 15, 706421257, 759785380, 9, 3, 47835583, 0
3, 10, 5, 15, 706421257, 759785380, 9, 2, 64330611, 0
3, 10, 5, 15, 706421257, 759785380, 9, 1, 66196337, 0
3, 10, 5, 15, 706421257, 759785380, 9, 0, 71193952, 0
3, 10, 5, 15, 706421257, 759785380, 8, 4, 42399721, 0
3, 10, 5, 15, 706421257, 759785380, 8, 3, 53302506, 0
3, 10, 5, 15, 706421257, 759785380, 8, 2, 71753374, 0
3, 10, 5, 15, 706421257, 759785380, 8, 1, 73984141, 0
3, 10, 5, 15, 706421257, 759785380, 8, 0, 80093196, 0
3, 10, 5, 15, 706421257, 759785380, 7, 4, 47835583, 0
3, 10, 5, 15, 706421257, 759785380, 7, 3, 60180249, 0
3, 10, 5, 15, 706421257, 759785380, 7, 2, 81112510, 0
3, 10, 5, 15, 706421257, 759785380, 7, 1, 83848693, 0
3, 10, 5, 15, 706421257, 759785380, 7, 0, 91535081, 0
3, 10, 5, 15, 706421257, 759785380, 6, 4, 54870227, 0
3, 10, 5, 15, 706421257, 759785380, 6, 3, 69095842, 0
3, 10, 5, 15, 706421257, 759785380, 6, 2, 93279386, 0
3, 10, 5, 15, 706421257, 759785380, 6, 1, 96748492, 0
3, 10, 5, 15, 706421257, 759785380, 6, 0, 106790928, 0
3, 10, 5, 15, 706421257, 759785380, 5, 4, 64330611, 0
3, 10, 5, 15, 706421257, 759785380, 5, 3, 81112510, 0
3, 10, 5, 15, 706421257, 759785380, 5, 2, 109740454, 0
3, 10, 5, 15, 706421257, 759785380, 5, 1, 114339127, 0
3, 10, 5, 15, 706421257, 759785380, 5, 0, 128149114, 0
3, 10, 5, 15, 706421257, 759785380, 4, 4, 77732822, 0
3, 10, 5, 15, 706421257, 759785380, 4, 3, 98188827, 0
3, 10, 5, 15, 706421257, 759785380, 4, 2, 133256265, 0
3, 10, 5, 15, 706421257, 759785380, 4, 1, 139747822, 0
3, 10, 5, 15, 706421257, 759785380, 4, 0, 160186392, 0
3, 10, 5, 15, 706421257, 759785380, 3, 4, 66196337, 0
3, 10, 5, 15, 706421257, 759785380, 3, 3, 83848693, 0
3, 10, 5, 15, 706421257, 759785380, 3, 2, 114339127, 0
3, 10, 5, 15, 706421257, 759785380, 3, 1, 179675771, 0
3, 10, 5, 15, 706421257, 759785380, 3, 0, 213581856, 0
3, 10, 5, 15, 706421257, 759785380, 2, 4, 45767541, 0
3, 10, 5, 15, 706421257, 759785380, 2, 3, 58249597, 0
3, 10, 5, 15, 706421257, 759785380, 2, 2, 80093196, 0
3, 10, 5, 15, 706421257, 759785380, 2, 1, 128149114, 0
3, 10, 5, 15, 706421257, 759785380, 2, 0, 320372784, 0
3, 10, 5, 15, 706421257, 759785380, 1, 4, 1, 1
3, 10, 5, 15, 706421257, 759785380, 1, 3, 1, 1
3, 10, 5, 15, 706421257, 759785380, 1, 2, 1, 1
3, 10, 5, 15, 706421257, 759785380, 1, 1, 1, 1
3, 10, 5, 15, 706421257, 759785380, 1, 0, 1, 0
3, 10, 5, 15, 706421257, 759785380, 0, 4, 1, 1
3, 10, 5, 15, 706421257, 759785380, 0, 3, 1, 1
3, 10, 5, 15, 706421257, 759785380, 0, 2, 1, 1
3, 10, 5, 15, 706421257, 759785380, 0, 1, 1, 1
3, 11, 5, 15, 759785381, 782802398, 14, 4, 9178650, 0
3, 11, 5, 15, 759785381, 782802398, 14, 3, 11512205, 0
3, 11, 5, 15, 759785381, 782802398, 14, 2, 9664106, 0
3, 11, 5, 15, 759785381, 782802398, 14, 1, 6305971, 0
3, 11, 5, 15, 759785381, 782802398, 14, 0, 13062367, 0
3, 11, 5, 15, 759785381, 782802398, 13, 4, 6627322, 0
3, 11, 5, 15, 759785381, 782802398, 13, 3, 8314276, 0
3, 11, 5, 15, 759785381, 782802398, 13, 2, 7680758, 0
3, 11, 5, 15, 759785381, 782802398, 13, 1, 2687539, 0
3, 11, 5, 15, 759785381, 782802398, 13, 0, 5581811, 0
3, 11, 5, 15, 759785381, 782802398, 12, 4, 7145081, 0
3, 11, 5, 15, 759785381, 782802398, 12, 3, 8966376, 0
3, 11, 5, 15, 759785381, 782802398, 12, 2, 8287133, 0
3, 11, 5, 15, 759785381, 782802398, 12, 1, 2902542, 0
3, 11, 5, 15, 759785381, 782802398, 12, 0, 6046961, 0
3, 11, 5, 15, 759785381, 782802398, 11, 4, 7750596, 0
3, 11, 5, 15, 759785381, 782802398, 11, 3, 9729472, 0
3, 11, 5, 15, 759785381, 782802398, 11, 2, 8997459, 0
3, 11, 5, 15, 759785381, 782802398, 11, 1, 3154937, 0
3, 11, 5, 15, 759785381, 782802398, 11, 0, 6596685, 0
3, 11, 5, 15, 759785381, 782802398, 10, 4, 8468244, 0
3, 11, 5, 15, 759785381, 782802398, 10, 3, 10634539, 0
3, 11, 5, 15, 759785381, 782802398, 10, 2, 9840971, 0
3, 11, 5, 15, 759785381, 782802398, 10, 1, 3455407, 0
3, 11, 5, 15, 759785381, 782802398, 10, 0, 7256354, 0
3, 11, 5, 15, 759785381, 782802398, 9, 4, 7851462, 1
3, 11, 5, 15, 759785381, 782802398, 9, 3, 9864658, 1
3, 11, 5, 15, 759785381, 782802398, 9, 2, 8356812, 1
3, 11, 5, 15, 759785381, 782802398, 9, 1, 1, 1
3, 11, 5, 15, 759785381, 782802398, 9, 0, 1, 0
3, 11, 5, 15, 759785381, 782802398, 8, 4, 8743674, 1
3, 11, 5, 15, 759785381, 782802398, 8, 3, 10992047, 1
3, 11, 5, 15, 759785381, 782802398, 8, 2, 9321059, 1
3, 11, 5, 15, 759785381, 782802398, 8, 1, 1, 1
3, 11, 5, 15, 759785381, 782802398, 8, 0, 1, 0
3, 11, 5, 15, 759785381, 782802398, 7, 4, 9864658, 1
3, 11, 5, 15, 759785381, 782802398, 7, 3, 12410376, 1
3, 11, 5, 15, 759785381, 782802398, 7, 2, 10536849, 1
3, 11, 5, 15, 759785381, 782802398, 7, 1, 1, 1
3, 11, 5, 15, 759785381, 782802398, 7, 0, 1, 0
3, 11, 5, 15, 759785381, 782802398, 6, 4, 4870037, 1
3, 11, 5, 15, 759785381, 782802398, 6, 3, 6132638, 1
3, 11, 5, 15, 759785381, 782802398, 6, 2, 6213861, 1
3, 11, 5, 15, 759785381, 782802398, 6, 1, 1, 1
3, 11, 5, 15, 759785381, 782802398, 6, 0, 1, 0
3, 11, 5, 15, 759785381, 782802398, 5, 4, 5052184, 1
3, 11, 5, 15, 759785381, 782802398, 5, 3, 6370145, 1
3, 11, 5, 15, 759785381, 782802398, 5, 2, 6188783, 1
3, 11, 5, 15, 759785381, 782802398, 5, 1, 1, 1
3, 11, 5, 15, 759785381, 782802398, 5, 0, 1, 0
3, 11, 5, 15, 759785381, 782802398, 4, 4, 6104722, 1
3, 11, 5, 15, 759785381, 782802398, 4, 3, 7711228, 1
3, 11, 5, 15, 759785381, 782802398, 4, 2, 7514950, 1
3, 11, 5, 15, 759785381, 782802398, 4, 1, 1, 1
3, 11, 5, 15, 759785381, 782802398, 4, 0, 1, 0
3, 11, 5, 15, 759785381, 782802398, 3, 4, 5537332, 1
3, 11, 5, 15, 759785381, 782802398, 3, 3, 7013954, 1
3, 11, 5, 15, 759785381, 782802398, 3, 2, 9564482, 1
3, 11, 5, 15, 759785381, 782802398, 3, 1, 1, 1
3, 11, 5, 15, 759785381, 782802398, 3, 0, 1, 0
3, 11, 5, 15, 759785381, 782802398, 2, 4, 1, 1
3, 11, 5, 15, 759785381, 782802398, 2, 3, 1, 1
3, 11, 5, 15, 759785381, 782802398, 2, 2, 1, 1
3, 11, 5, 15, 759785381, 782802398, 2, 1, 1, 1
3, 11, 5, 15, 759785381, 782802398, 2, 0, 1, 0
3, 11, 5, 15, 759785381, 782802398, 1, 4, 1, 1
3, 11, 5, 15, 759785381, 782802398, 1, 3, 1, 1
3, 11, 5, 15, 759785381, 782802398, 1, 2, 1, 1
3, 11, 5, 15, 759785381, 782802398, 1, 1, 1, 1
3, 11, 5, 15, 759785381, 782802398, 1, 0, 1, 0
3, 11, 5, 15, 759785381, 782802398, 0, 4, 1, 1
3, 11, 5, 15, 759785381, 782802398, 0, 3, 1, 1
3, 11, 5, 15, 759785381, 782802398, 0, 2, 1, 1
3, 11, 5, 15, 759785381, 782802398, 0, 1, 1, 1
3, 12, 5, 15, 782802399, 834050857, 14, 4, 50717091, 0
3, 12, 5, 15, 782802399, 834050857, 14, 3, 57950500, 0
3, 12, 5, 15, 782802399, 834050857, 14, 2, 73435193, 0
3, 12, 5, 15, 782802399, 834050857, 14, 1, 99547969, 0
3, 12, 5, 15, 782802399, 834050857, 14, 0, 158265243, 0
3, 12, 5, 15, 782802399, 834050857, 13, 4, 54392242, 0
3, 12, 5, 15, 782802399, 834050857, 13, 3, 62165082, 0
3, 12, 5, 15, 782802399, 834050857, 13, 2, 78808500, 0
3, 12, 5, 15, 782802399, 834050857, 13, 1, 106921892, 0
3, 12, 5, 15, 782802399, 834050857, 13, 0, 170439493, 0
3, 12, 5, 15, 782802399, 834050857, 12, 4, 54574713, 0
3, 12, 5, 15, 782802399, 834050857, 12, 3, 61937185, 0
3, 12, 5, 15, 782802399, 834050857, 12, 2, 78180669, 0
3, 12, 5, 15, 782802399, 834050857, 12, 1, 105064320, 0
3, 12, 5, 15, 782802399, 834050857, 12, 0, 162952527, 0
3, 12, 5, 15, 782802399, 834050857, 11, 4, 58931852, 0
3, 12, 5, 15, 782802399, 834050857, 11, 3, 66872215, 0
3, 12, 5, 15, 782802399, 834050857, 11, 2, 84430374, 0
3, 12, 5, 15, 782802399, 834050857, 11, 1, 113513290, 0
3, 12, 5, 15, 782802399, 834050857, 11, 0, 177766393, 0
3, 12, 5, 15, 782802399, 834050857, 10, 4, 61976434, 0
3, 12, 5, 15, 782802399, 834050857, 10, 3, 72725390, 0
3, 12, 5, 15, 782802399, 834050857, 10, 2, 91851898, 0
3, 12, 5, 15, 782802399, 834050857, 10, 1, 124324080, 0
3, 12, 5, 15, 782802399, 834050857, 10, 0, 195543032, 0
3, 12, 5, 15, 782802399, 834050857, 9, 4, 61919892, 0
3, 12, 5, 15, 782802399, 834050857, 9, 3, 72167668, 0
3, 12, 5, 15, 782802399, 834050857, 9, 2, 90572690, 0
3, 12, 5, 15, 782802399, 834050857, 9, 1, 120955418, 0
3, 12, 5, 15, 782802399, 834050857, 9, 0, 199900439, 0
3, 12, 5, 15, 782802399, 834050857, 8, 4, 65044228, 0
3, 12, 5, 15, 782802399, 834050857, 8, 3, 75948933, 0
3, 12, 5, 15, 782802399, 834050857, 8, 2, 95010832, 0
3, 12, 5, 15, 782802399, 834050857, 8, 1, 135185467, 0
3, 12, 5, 15, 782802399, 834050857, 8, 0, 224887994, 0
3, 12, 5, 15, 782802399, 834050857, 7, 4, 72978043, 0
3, 12, 5, 15, 782802399, 834050857, 7, 3, 85239043, 0
3, 12, 5, 15, 782802399, 834050857, 7, 2, 107403549, 0
3, 12, 5, 15, 782802399, 834050857, 7, 1, 153210196, 0
3, 12, 5, 15, 782802399, 834050857, 7, 0, 257014851, 0
3, 12, 5, 15, 782802399, 834050857, 6, 4, 82780560, 0
3, 12, 5, 15, 782802399, 834050857, 6, 3, 96696507, 0
3, 12, 5, 15, 782802399, 834050857, 6, 2, 122723965, 0
3, 12, 5, 15, 782802399, 834050857, 6, 1, 176780995, 0
3, 12, 5, 15, 782802399, 834050857, 6, 0, 299850659, 0
3, 12, 5, 15, 782802399, 834050857, 5, 4, 84056956, 0
3, 12, 5, 15, 782802399, 834050857, 5, 3, 97126886, 0
3, 12, 5, 15, 782802399, 834050857, 5, 2, 122211294, 0
3, 12, 5, 15, 782802399, 834050857, 5, 1, 188872000, 0
3, 12, 5, 15, 782802399, 834050857, 5, 0, 337764697, 0
3, 12, 5, 15, 782802399, 834050857, 4, 4, 91720352, 0
3, 12, 5, 15, 782802399, 834050857, 4, 3, 105966180, 0
3, 12, 5, 15, 782802399, 834050857, 4, 2, 132645076, 0
3, 12, 5, 15, 782802399, 834050857, 4, 1, 206336784, 0
3, 12, 5, 15, 782802399, 834050857, 4, 0, 394635753, 0
3, 12, 5, 15, 782802399, 834050857, 3, 4, 92140617, 0
3, 12, 5, 15, 782802399, 834050857, 3, 3, 105236201, 0
3, 12, 5, 15, 782802399, 834050857, 3, 2, 143503911, 0
3, 12, 5, 15, 782802399, 834050857, 3, 1, 225506145, 0
3, 12, 5, 15, 782802399, 834050857, 3, 0, 433351657, 0
3, 12, 5, 15, 782802399, 834050857, 2, 4, 113881810, 0
3, 12, 5, 15, 782802399, 834050857, 2, 3, 143503911, 0
3, 12, 5, 15, 782802399, 834050857, 2, 2, 197317877, 0
3, 12, 5, 15, 782802399, 834050857, 2, 1, 315708603, 0
3, 12, 5, 15, 782802399, 834050857, 2, 0, 650027486, 0
3, 12, 5, 15, 782802399, 834050857, 1, 4, 32698930, 0
3, 12, 5, 15, 782802399, 834050857, 1, 3, 39784006, 0
3, 12, 5, 15, 782802399, 834050857, 1, 2, 55697609, 0
3, 12, 5, 15, 782802399, 834050857, 1, 1, 92829347, 0
3, 12, 5, 15, 782802399, 834050857, 1, 0, 278488041, 0
3, 12, 5, 15, 782802399, 834050857, 0, 4, 1, 1
3, 12, 5, 15, 782802399, 834050857, 0, 3, 1, 1
3, 12, 5, 15, 782802399, 834050857, 0, 2, 1, 1
3, 12, 5, 15, 782802399, 834050857, 0, 1, 1, 1
3, 13, 5, 15, 834050858, 1676553297, 14, 4, 333567106, 0
3, 13, 5, 15, 834050858, 1676553297, 14, 3, 315639123, 0
3, 13, 5, 15, 834050858, 1676553297, 14, 2, 334540738, 0
3, 13, 5, 15, 834050858, 1676553297, 14, 1, 374862857, 0
3, 13, 5, 15, 834050858, 1676553297, 14, 0, 369259332, 0
3, 13, 5, 15, 834050858, 1676553297, 13, 4, 354152463, 0
3, 13, 5, 15, 834050858, 1676553297, 13, 3, 335220434, 0
3, 13, 5, 15, 834050858, 1676553297, 13, 2, 356001696, 0
3, 13, 5, 15, 834050858, 1676553297, 13, 1, 400339311, 0
3, 13, 5, 15, 834050858, 1676553297, 13, 0, 397663896, 0
3, 13, 5, 15, 834050858, 1676553297, 12, 4, 365563640, 0
3, 13, 5, 15, 834050858, 1676553297, 12, 3, 341111312, 0
3, 13, 5, 15, 834050858, 1676553297, 12, 2, 356726910, 0
3, 13, 5, 15, 834050858, 1676553297, 12, 1, 393223036, 0
3, 13, 5, 15, 834050858, 1676553297, 12, 0, 420270542, 0
3, 13, 5, 15, 834050858, 1676553297, 11, 4, 349514127, 0
3, 13, 5, 15, 834050858, 1676553297, 11, 3, 325442672, 0
3, 13, 5, 15, 834050858, 1676553297, 11, 2, 329543373, 0
3, 13, 5, 15, 834050858, 1676553297, 11, 1, 368819111, 0
3, 13, 5, 15, 834050858, 1676553297, 11, 0, 397216211, 0
3, 13, 5, 15, 834050858, 1676553297, 10, 4, 341328387, 0
3, 13, 5, 15, 834050858, 1676553297, 10, 3, 310978624, 0
3, 13, 5, 15, 834050858, 1676553297, 10, 2, 310012683, 0
3, 13, 5, 15, 834050858, 1676553297, 10, 1, 359195025, 0
3, 13, 5, 15, 834050858, 1676553297, 10, 0, 369551015, 0
3, 13, 5, 15, 834050858, 1676553297, 9, 4, 349522661, 0
3, 13, 5, 15, 834050858, 1676553297, 9, 3, 317970215, 0
3, 13, 5, 15, 834050858, 1676553297, 9, 2, 331828675, 0
3, 13, 5, 15, 834050858, 1676553297, 9, 1, 388872806, 0
3, 13, 5, 15, 834050858, 1676553297, 9, 0, 410612239, 0
3, 13, 5, 15, 834050858, 1676553297, 8, 4, 334451376, 0
3, 13, 5, 15, 834050858, 1676553297, 8, 3, 304684477, 0
3, 13, 5, 15, 834050858, 1676553297, 8, 2, 329231465, 0
3, 13, 5, 15, 834050858, 1676553297, 8, 1, 379343488, 0
3, 13, 5, 15, 834050858, 1676553297, 8, 0, 428704288, 0
3, 13, 5, 15, 834050858, 1676553297, 7, 4, 322751028, 0
3, 13, 5, 15, 834050858, 1676553297, 7, 3, 287529529, 0
3, 13, 5, 15, 834050858, 1676553297, 7, 2, 296876485, 0
3, 13, 5, 15, 834050858, 1676553297, 7, 1, 359389904, 0
3, 13, 5, 15, 834050858, 1676553297, 7, 0, 393680876, 0
3, 13, 5, 15, 834050858, 1676553297, 6, 4, 295115702, 0
3, 13, 5, 15, 834050858, 1676553297, 6, 3, 260515828, 0
3, 13, 5, 15, 834050858, 1676553297, 6, 2, 260727349, 0
3, 13, 5, 15, 834050858, 1676553297, 6, 1, 311008632, 0
3, 13, 5, 15, 834050858, 1676553297, 6, 0, 346982993, 0
3, 13, 5, 15, 834050858, 1676553297, 5, 4, 233882291, 1
3, 13, 5, 15, 834050858, 1676553297, 5, 3, 193758614, 0
3, 13, 5, 15, 834050858, 1676553297, 5, 2, 170761387, 0
3, 13, 5, 15, 834050858, 1676553297, 5, 1, 181580424, 0
3, 13, 5, 15, 834050858, 1676553297, 5, 0, 209734259, 0
3, 13, 5, 15, 834050858, 1676553297, 4, 4, 136976457, 1
3, 13, 5, 15, 834050858, 1676553297, 4, 3, 64588025, 1
3, 13, 5, 15, 834050858, 1676553297, 4, 2, 24824008, 1
3, 13, 5, 15, 834050858, 1676553297, 4, 1, 12871708, 0
3, 13, 5, 15, 834050858, 1676553297, 4, 0, 14480672, 0
3, 13, 5, 15, 834050858, 1676553297, 3, 4, 95992277, 1
3, 13, 5, 15, 834050858, 1676553297, 3, 3, 29163929, 1
3, 13, 5, 15, 834050858, 1676553297, 3, 2, 21062795, 1
3, 13, 5, 15, 834050858, 1676553297, 3, 1, 1, 1
3, 13, 5, 15, 834050858, 1676553297, 3, 0, 1, 0
3, 13, 5, 15, 834050858, 1676553297, 2, 4, 117332935, 1
3, 13, 5, 15, 834050858, 1676553297, 2, 3, 34503296, 1
3, 13, 5, 15, 834050858, 1676553297, 2, 2, 21721007, 1
3, 13, 5, 15, 834050858, 1676553297, 2, 1, 1, 1
3, 13, 5, 15, 834050858, 1676553297, 2, 0, 1, 0
3, 13, 5, 15, 834050858, 1676553297, 1, 4, 154108136, 1
3, 13, 5, 15, 834050858, 1676553297, 1, 3, 29016452, 1
3, 13, 5, 15, 834050858, 1676553297, 1, 2, 23169074, 1
3, 13, 5, 15, 834050858, 1676553297, 1, 1, 1, 1
3, 13, 5, 15, 834050858, 1676553297, 1, 0, 1, 0
3, 13, 5, 15, 834050858, 1676553297, 0, 4, 243976224, 1
3, 13, 5, 15, 834050858, 1676553297, 0, 3, 19307562, 1
3, 13, 5, 15, 834050858, 1676553297, 0, 2, 28961343, 1
3, 13, 5, 15, 834050858, 1676553297, 0, 1, 1, 1
3, 14, 5, 15, 1676553298, 1689929667, 14, 4, 392301385, 0
3, 14, 5, 15, 1676553298, 1689929667, 14, 3, 372442264, 0
3, 14, 5, 15, 1676553298, 1689929667, 14, 2, 321464072, 0
3, 14, 5, 15, 1676553298, 1689929667, 14, 1, 330528157, 0
3, 14, 5, 15, 1676553298, 1689929667, 14, 0, 334378669, 0
3, 14, 5, 15, 1676553298, 1689929667, 13, 4, 395203993, 0
3, 14, 5, 15, 1676553298, 1689929667, 13, 3, 367506666, 0
3, 14, 5, 15, 1676553298, 1689929667, 13, 2, 314283391, 0
3, 14, 5, 15, 1676553298, 1689929667, 13, 1, 325660585, 0
3, 14, 5, 15, 1676553298, 1689929667, 13, 0, 320527259, 0
3, 14, 5, 15, 1676553298, 1689929667, 12, 4, 391906045, 0
3, 14, 5, 15, 1676553298, 1689929667, 12, 3, 364920982, 0
3, 14, 5, 15, 1676553298, 1689929667, 12, 2, 312094950, 0
3, 14, 5, 15, 1676553298, 1689929667, 12, 1, 330163443, 0
3, 14, 5, 15, 1676553298, 1689929667, 12, 0, 347237864, 0
3, 14, 5, 15, 1676553298, 1689929667, 11, 4, 382113995, 0
3, 14, 5, 15, 1676553298, 1689929667, 11, 3, 351987411, 0
3, 14, 5, 15, 1676553298, 1689929667, 11, 2, 294982227, 0
3, 14, 5, 15, 1676553298, 1689929667, 11, 1, 314696984, 0
3, 14, 5, 15, 1676553298, 1689929667, 11, 0, 334213870, 0
3, 14, 5, 15, 1676553298, 1689929667, 10, 4, 372569323, 0
3, 14, 5, 15, 1676553298, 1689929667, 10, 3, 338072419, 0
3, 14, 5, 15, 1676553298, 1689929667, 10, 2, 276744096, 0
3, 14, 5, 15, 1676553298, 1689929667, 10, 1, 296270171, 0
3, 14, 5, 15, 1676553298, 1689929667, 10, 0, 314208207, 0
3, 14, 5, 15, 1676553298, 1689929667, 9, 4, 357306580, 0
3, 14, 5, 15, 1676553298, 1689929667, 9, 3, 319847618, 0
3, 14, 5, 15, 1676553298, 1689929667, 9, 2, 251602197, 0
3, 14, 5, 15, 1676553298, 1689929667, 9, 1, 271729279, 0
3, 14, 5, 15, 1676553298, 1689929667, 9, 0, 284211073, 0
3, 14, 5, 15, 1676553298, 1689929667, 8, 4, 350916179, 0
3, 14, 5, 15, 1676553298, 1689929667, 8, 3, 312469839, 0
3, 14, 5, 15, 1676553298, 1689929667, 8, 2, 240862555, 0
3, 14, 5, 15, 1676553298, 1689929667, 8, 1, 242871708, 0
3, 14, 5, 15, 1676553298, 1689929667, 8, 0, 256229238, 0
3, 14, 5, 15, 1676553298, 1689929667, 7, 4, 325622727, 1
3, 14, 5, 15, 1676553298, 1689929667, 7, 3, 281375620, 0
3, 14, 5, 15, 1676553298, 1689929667, 7, 2, 198413282, 0
3, 14, 5, 15, 1676553298, 1689929667, 7, 1, 204169045, 0
3, 14, 5, 15, 1676553298, 1689929667, 7, 0, 215802780, 0
3, 14, 5, 15, 1676553298, 1689929667, 6, 4, 297238662, 1
3, 14, 5, 15, 1676553298, 1689929667, 6, 3, 242776071, 0
3, 14, 5, 15, 1676553298, 1689929667, 6, 2, 147961684, 0
3, 14, 5, 15, 1676553298, 1689929667, 6, 1, 151603237, 0
3, 14, 5, 15, 1676553298, 1689929667, 6, 0, 159781484, 0
3, 14, 5, 15, 1676553298, 1689929667, 5, 4, 264769242, 1
3, 14, 5, 15, 1676553298, 1689929667, 5, 3, 200902106, 1
3, 14, 5, 15, 1676553298, 1689929667, 5, 2, 90381178, 0
3, 14, 5, 15, 1676553298, 1689929667, 5, 1, 93512633, 0
3, 14, 5, 15, 1676553298, 1689929667, 5, 0, 98888721, 0
3, 14, 5, 15, 1676553298, 1689929667, 4, 4, 212014923, 1
3, 14, 5, 15, 1676553298, 1689929667, 4, 3, 133749643, 1
3, 14, 5, 15, 1676553298, 1689929667, 4, 2, 1, 1
3, 14, 5, 15, 1676553298, 1689929667, 4, 1, 1, 1
3, 14, 5, 15, 1676553298, 1689929667, 4, 0, 1, 0
3, 14, 5, 15, 1676553298, 1689929667, 3, 4, 211717174, 1
3, 14, 5, 15, 1676553298, 1689929667, 3, 3, 135023086, 1
3, 14, 5, 15, 1676553298, 1689929667, 3, 2, 1, 1
3, 14, 5, 15, 1676553298, 1689929667, 3, 1, 1, 1
3, 14, 5, 15, 1676553298, 1689929667, 3, 0, 1, 0
3, 14, 5, 15, 1676553298, 1689929667, 2, 4, 210016623, 1
3, 14, 5, 15, 1676553298, 1689929667, 2, 3, 136933413, 1
3, 14, 5, 15, 1676553298, 1689929667, 2, 2, 1, 1
3, 14, 5, 15, 1676553298, 1689929667, 2, 1, 1, 1
3, 14, 5, 15, 1676553298, 1689929667, 2, 0, 1, 0
3, 14, 5, 15, 1676553298, 1689929667, 1, 4, 220217144, 1
3, 14, 5, 15, 1676553298, 1689929667, 1, 3, 144111935, 1
3, 14, 5, 15, 1676553298, 1689929667, 1, 2, 1, 1
3, 14, 5, 15, 1676553298, 1689929667, 1, 1, 1, 1
3, 14, 5, 15, 1676553298, 1689929667, 1, 0, 1, 0
3, 14, 5, 15, 1676553298, 1689929667, 0, 4, 235893859, 1
3, 14, 5, 15, 1676553298, 1689929667, 0, 3, 158110669, 1
3, 14, 5, 15, 1676553298, 1689929667, 0, 2, 1, 1
3, 14, 5, 15, 1676553298, 1689929667, 0, 1, 1, 1
3, 15, 5, 15, 1689929668, 1748223376, 14, 4, 401871151, 0
3, 15, 5, 15, 1689929668, 1748223376, 14, 3, 382727774, 0
3, 15, 5, 15, 1689929668, 1748223376, 14, 2, 333320431, 0
3, 15, 5, 15, 1689929668, 1748223376, 14, 1, 341749247, 0
3, 15, 5, 15, 1689929668, 1748223376, 14, 0, 345542354, 0
3, 15, 5, 15, 1689929668, 1748223376, 13, 4, 404917320, 0
3, 15, 5, 15, 1689929668, 1748223376, 13, 3, 377850338, 0
3, 15, 5, 15, 1689929668, 1748223376, 13, 2, 327535411, 0
3, 15, 5, 15, 1689929668, 1748223376, 13, 1, 338955551, 0
3, 15, 5, 15, 1689929668, 1748223376, 13, 0, 335130650, 0
3, 15, 5, 15, 1689929668, 1748223376, 12, 4, 404459593, 0
3, 15, 5, 15, 1689929668, 1748223376, 12, 3, 377737287, 0
3, 15, 5, 15, 1689929668, 1748223376, 12, 2, 326196364, 0
3, 15, 5, 15, 1689929668, 1748223376, 12, 1, 346482888, 0
3, 15, 5, 15, 1689929668, 1748223376, 12, 0, 363058204, 0
3, 15, 5, 15, 1689929668, 1748223376, 11, 4, 391335932, 0
3, 15, 5, 15, 1689929668, 1748223376, 11, 3, 361433930, 0
3, 15, 5, 15, 1689929668, 1748223376, 11, 2, 305911473, 0
3, 15, 5, 15, 1689929668, 1748223376, 11, 1, 327165573, 0
3, 15, 5, 15, 1689929668, 1748223376, 11, 0, 342058491, 0
3, 15, 5, 15, 1689929668, 1748223376, 10, 4, 379766458, 0
3, 15, 5, 15, 1689929668, 1748223376, 10, 3, 344782591, 0
3, 15, 5, 15, 1689929668, 1748223376, 10, 2, 285502121, 0
3, 15, 5, 15, 1689929668, 1748223376, 10, 1, 307752028, 0
3, 15, 5, 15, 1689929668, 1748223376, 10, 0, 322750166, 0
3, 15, 5, 15, 1689929668, 1748223376, 9, 4, 364912958, 0
3, 15, 5, 15, 1689929668, 1748223376, 9, 3, 324940752, 0
3, 15, 5, 15, 1689929668, 1748223376, 9, 2, 260275045, 0
3, 15, 5, 15, 1689929668, 1748223376, 9, 1, 284568893, 0
3, 15, 5, 15, 1689929668, 1748223376, 9, 0, 303089474, 0
3, 15, 5, 15, 1689929668, 1748223376, 8, 4, 358103757, 0
3, 15, 5, 15, 1689929668, 1748223376, 8, 3, 316620313, 0
3, 15, 5, 15, 1689929668, 1748223376, 8, 2, 248964690, 0
3, 15, 5, 15, 1689929668, 1748223376, 8, 1, 254818505, 0
3, 15, 5, 15, 1689929668, 1748223376, 8, 0, 275099594, 0
3, 15, 5, 15, 1689929668, 1748223376, 7, 4, 336566187, 0
3, 15, 5, 15, 1689929668, 1748223376, 7, 3, 290756918, 0
3, 15, 5, 15, 1689929668, 1748223376, 7, 2, 213594303, 0
3, 15, 5, 15, 1689929668, 1748223376, 7, 1, 218111027, 0
3, 15, 5, 15, 1689929668, 1748223376, 7, 0, 243756626, 0
3, 15, 5, 15, 1689929668, 1748223376, 6, 4, 310028301, 1
3, 15, 5, 15, 1689929668, 1748223376, 6, 3, 255154633, 0
3, 15, 5, 15, 1689929668, 1748223376, 6, 2, 168120777, 0
3, 15, 5, 15, 1689929668, 1748223376, 6, 1, 172204198, 0
3, 15, 5, 15, 1689929668, 1748223376, 6, 0, 189084840, 0
3, 15, 5, 15, 1689929668, 1748223376, 5, 4, 269517131, 1
3, 15, 5, 15, 1689929668, 1748223376, 5, 3, 203943196, 1
3, 15, 5, 15, 1689929668, 1748223376, 5, 2, 101266049, 0
3, 15, 5, 15, 1689929668, 1748223376, 5, 1, 103137186, 0
3, 15, 5, 15, 1689929668, 1748223376, 5, 0, 113450904, 0
3, 15, 5, 15, 1689929668, 1748223376, 4, 4, 210025140, 1
3, 15, 5, 15, 1689929668, 1748223376, 4, 3, 129242366, 1
3, 15, 5, 15, 1689929668, 1748223376, 4, 2, 1, 1
3, 15, 5, 15, 1689929668, 1748223376, 4, 1, 1, 1
3, 15, 5, 15, 1689929668, 1748223376, 4, 0, 1, 0
3, 15, 5, 15, 1689929668, 1748223376, 3, 4, 211476350, 1
3, 15, 5, 15, 1689929668, 1748223376, 3, 3, 131047985, 1
3, 15, 5, 15, 1689929668, 1748223376, 3, 2, 1, 1
3, 15, 5, 15, 1689929668, 1748223376, 3, 1, 1, 1
3, 15, 5, 15, 1689929668, 1748223376, 3, 0, 1, 0
3, 15, 5, 15, 1689929668, 1748223376, 2, 4, 212029045, 1
3, 15, 5, 15, 1689929668, 1748223376, 2, 3, 135624857, 1
3, 15, 5, 15, 1689929668, 1748223376, 2, 2, 1, 1
3, 15, 5, 15, 1689929668, 1748223376, 2, 1, 1, 1
3, 15, 5, 15, 1689929668, 1748223376, 2, 0, 1, 0
3, 15, 5, 15, 1689929668, 1748223376, 1, 4, 225156329, 1
3, 15, 5, 15, 1689929668, 1748223376, 1, 3, 143327327, 1
3, 15, 5, 15, 1689929668, 1748223376, 1, 2, 1, 1
3, 15, 5, 15, 1689929668, 1748223376, 1, 1, 1, 1
3, 15, 5, 15, 1689929668, 1748223376, 1, 0, 1, 0
3, 15, 5, 15, 1689929668, 1748223376, 0, 4, 243439711, 1
3, 15, 5, 15, 1689929668, 1748223376, 0, 3, 151868304, 1
3, 15, 5, 15, 1689929668, 1748223376, 0, 2, 1, 1
3, 15, 5, 15, 1689929668, 1748223376, 0, 1, 1, 1
3, 16, 5, 15, 1748223377, 1753043203, 14, 4, 43992487, 1
3, 16, 5, 15, 1748223377, 1753043203, 14, 3, 43797194, 1
3, 16, 5, 15, 1748223377, 1753043203, 14, 2, 41516815, 1
3, 16, 5, 15, 1748223377, 1753043203, 14, 1, 40952514, 0
3, 16, 5, 15, 1748223377, 1753043203, 14, 0, 42448292, 0
3, 16, 5, 15, 1748223377, 1753043203, 13, 4, 44635578, 0
3, 16, 5, 15, 1748223377, 1753043203, 13, 3, 44990794, 1
3, 16, 5, 15, 1748223377, 1753043203, 13, 2, 43006228, 1
3, 16, 5, 15, 1748223377, 1753043203, 13, 1, 42003227, 0
3, 16, 5, 15, 1748223377, 1753043203, 13, 0, 43827088, 0
3, 16, 5, 15, 1748223377, 1753043203, 12, 4, 45084987, 0
3, 16, 5, 15, 1748223377, 1753043203, 12, 3, 46282775, 1
3, 16, 5, 15, 1748223377, 1753043203, 12, 2, 44118148, 1
3, 16, 5, 15, 1748223377, 1753043203, 12, 1, 43128483, 0
3, 16, 5, 15, 1748223377, 1753043203, 12, 0, 45602848, 0
3, 16, 5, 15, 1748223377, 1753043203, 11, 4, 44576794, 0
3, 16, 5, 15, 1748223377, 1753043203, 11, 3, 45071109, 1
3, 16, 5, 15, 1748223377, 1753043203, 11, 2, 43153462, 1
3, 16, 5, 15, 1748223377, 1753043203, 11, 1, 42386860, 0
3, 16, 5, 15, 1748223377, 1753043203, 11, 0, 46645723, 0
3, 16, 5, 15, 1748223377, 1753043203, 10, 4, 45004589, 0
3, 16, 5, 15, 1748223377, 1753043203, 10, 3, 44962078, 1
3, 16, 5, 15, 1748223377, 1753043203, 10, 2, 43961102, 1
3, 16, 5, 15, 1748223377, 1753043203, 10, 1, 41489614, 0
3, 16, 5, 15, 1748223377, 1753043203, 10, 0, 43520302, 0
3, 16, 5, 15, 1748223377, 1753043203, 9, 4, 46119144, 0
3, 16, 5, 15, 1748223377, 1753043203, 9, 3, 45648223, 1
3, 16, 5, 15, 1748223377, 1753043203, 9, 2, 44862264, 1
3, 16, 5, 15, 1748223377, 1753043203, 9, 1, 42615356, 0
3, 16, 5, 15, 1748223377, 1753043203, 9, 0, 43541911, 0
3, 16, 5, 15, 1748223377, 1753043203, 8, 4, 45249070, 1
3, 16, 5, 15, 1748223377, 1753043203, 8, 3, 45289399, 1
3, 16, 5, 15, 1748223377, 1753043203, 8, 2, 44348415, 1
3, 16, 5, 15, 1748223377, 1753043203, 8, 1, 40493861, 0
3, 16, 5, 15, 1748223377, 1753043203, 8, 0, 42522753, 0
3, 16, 5, 15, 1748223377, 1753043203, 7, 4, 44000513, 0
3, 16, 5, 15, 1748223377, 1753043203, 7, 3, 44549828, 1
3, 16, 5, 15, 1748223377, 1753043203, 7, 2, 43497280, 1
3, 16, 5, 15, 1748223377, 1753043203, 7, 1, 38637833, 0
3, 16, 5, 15, 1748223377, 1753043203, 7, 0, 43150317, 0
3, 16, 5, 15, 1748223377, 1753043203, 6, 4, 42716222, 1
3, 16, 5, 15, 1748223377, 1753043203, 6, 3, 41384305, 1
3, 16, 5, 15, 1748223377, 1753043203, 6, 2, 42190844, 1
3, 16, 5, 15, 1748223377, 1753043203, 6, 1, 36858045, 0
3, 16, 5, 15, 1748223377, 1753043203, 6, 0, 34415373, 0
3, 16, 5, 15, 1748223377, 1753043203, 5, 4, 45048205, 1
3, 16, 5, 15, 1748223377, 1753043203, 5, 3, 43854479, 1
3, 16, 5, 15, 1748223377, 1753043203, 5, 2, 46480879, 1
3, 16, 5, 15, 1748223377, 1753043203, 5, 1, 40881146, 0
3, 16, 5, 15, 1748223377, 1753043203, 5, 0, 39723502, 0
3, 16, 5, 15, 1748223377, 1753043203, 4, 4, 42823349, 1
3, 16, 5, 15, 1748223377, 1753043203, 4, 3, 41267871, 1
3, 16, 5, 15, 1748223377, 1753043203, 4, 2, 44486188, 1
3, 16, 5, 15, 1748223377, 1753043203, 4, 1, 37088309, 0
3, 16, 5, 15, 1748223377, 1753043203, 4, 0, 40136118, 0
3, 16, 5, 15, 1748223377, 1753043203, 3, 4, 41158154, 1
3, 16, 5, 15, 1748223377, 1753043203, 3, 3, 40975403, 1
3, 16, 5, 15, 1748223377, 1753043203, 3, 2, 44260250, 1
3, 16, 5, 15, 1748223377, 1753043203, 3, 1, 34841381, 0
3, 16, 5, 15, 1748223377, 1753043203, 3, 0, 32824502, 0
3, 16, 5, 15, 1748223377, 1753043203, 2, 4, 39585195, 1
3, 16, 5, 15, 1748223377, 1753043203, 2, 3, 44887555, 1
3, 16, 5, 15, 1748223377, 1753043203, 2, 2, 47933823, 1
3, 16, 5, 15, 1748223377, 1753043203, 2, 1, 31630457, 1
3, 16, 5, 15, 1748223377, 1753043203, 2, 0, 20820547, 0
3, 16, 5, 15, 1748223377, 1753043203, 1, 4, 51284471, 1
3, 16, 5, 15, 1748223377, 1753043203, 1, 3, 57304375, 1
3, 16, 5, 15, 1748223377, 1753043203, 1, 2, 64609932, 1
3, 16, 5, 15, 1748223377, 1753043203, 1, 1, 40853139, 1
3, 16, 5, 15, 1748223377, 1753043203, 1, 0, 25750692, 0
3, 16, 5, 15, 1748223377, 1753043203, 0, 4, 42541637, 1
3, 16, 5, 15, 1748223377, 1753043203, 0, 3, 52431229, 1
3, 16, 5, 15, 1748223377, 1753043203, 0, 2, 78646843, 1
3, 16, 5, 15, 1748223377, 1753043203, 0, 1, 29283456, 1
