2, 1, 19, 1, 1, 99966761, 0, 18, 152223913, 1
2, 1, 19, 1, 1, 99966761, 0, 17, 138047798, 1
2, 1, 19, 1, 1, 99966761, 0, 16, 117516513, 1
2, 1, 19, 1, 1, 99966761, 0, 15, 122322862, 1
2, 1, 19, 1, 1, 99966761, 0, 14, 121420825, 1
2, 1, 19, 1, 1, 99966761, 0, 13, 118729121, 1
2, 1, 19, 1, 1, 99966761, 0, 12, 128623215, 1
2, 1, 19, 1, 1, 99966761, 0, 11, 102499626, 1
2, 1, 19, 1, 1, 99966761, 0, 10, 71697241, 1
2, 1, 19, 1, 1, 99966761, 0, 9, 72396254, 1
2, 1, 19, 1, 1, 99966761, 0, 8, 51771402, 1
2, 1, 19, 1, 1, 99966761, 0, 7, 59167316, 1
2, 1, 19, 1, 1, 99966761, 0, 6, 61047498, 1
2, 1, 19, 1, 1, 99966761, 0, 5, 73256997, 1
2, 1, 19, 1, 1, 99966761, 0, 4, 44010045, 1
2, 1, 19, 1, 1, 99966761, 0, 3, 43595615, 1
2, 1, 19, 1, 1, 99966761, 0, 2, 65393422, 1
2, 1, 19, 1, 1, 99966761, 0, 1, 1, 1
2, 2, 19, 1, 99966762, 159722967, 0, 18, 154712033, 1
2, 2, 19, 1, 99966762, 159722967, 0, 17, 133916216, 1
2, 2, 19, 1, 99966762, 159722967, 0, 16, 142285980, 1
2, 2, 19, 1, 99966762, 159722967, 0, 15, 147555617, 1
2, 2, 19, 1, 99966762, 159722967, 0, 14, 144471644, 1
2, 2, 19, 1, 99966762, 159722967, 0, 13, 155584847, 1
2, 2, 19, 1, 99966762, 159722967, 0, 12, 144870011, 1
2, 2, 19, 1, 99966762, 159722967, 0, 11, 134444182, 1
2, 2, 19, 1, 99966762, 159722967, 0, 10, 126183262, 1
2, 2, 19, 1, 99966762, 159722967, 0, 9, 140203624, 1
2, 2, 19, 1, 99966762, 159722967, 0, 8, 128413328, 1
2, 2, 19, 1, 99966762, 159722967, 0, 7, 146758089, 1
2, 2, 19, 1, 99966762, 159722967, 0, 6, 171217770, 1
2, 2, 19, 1, 99966762, 159722967, 0, 5, 197559814, 1
2, 2, 19, 1, 99966762, 159722967, 0, 4, 246949768, 1
2, 2, 19, 1, 99966762, 159722967, 0, 3, 317267733, 1
2, 2, 19, 1, 99966762, 159722967, 0, 2, 316710063, 1
2, 2, 19, 1, 99966762, 159722967, 0, 1, 285910076, 1
2, 3, 19, 1, 159722968, 186198611, 0, 18, 350107307, 1
2, 3, 19, 1, 159722968, 186198611, 0, 17, 337084107, 1
2, 3, 19, 1, 159722968, 186198611, 0, 16, 322872235, 1
2, 3, 19, 1, 159722968, 186198611, 0, 15, 344397050, 1
2, 3, 19, 1, 159722968, 186198611, 0, 14, 319010268, 1
2, 3, 19, 1, 159722968, 186198611, 0, 13, 300869968, 1
2, 3, 19, 1, 159722968, 186198611, 0, 12, 281263858, 1
2, 3, 19, 1, 159722968, 186198611, 0, 11, 251346099, 1
2, 3, 19, 1, 159722968, 186198611, 0, 10, 248449290, 1
2, 3, 19, 1, 159722968, 186198611, 0, 9, 276054767, 1
2, 3, 19, 1, 159722968, 186198611, 0, 8, 310561613, 1
2, 3, 19, 1, 159722968, 186198611, 0, 7, 263539855, 1
2, 3, 19, 1, 159722968, 186198611, 0, 6, 281941686, 1
2, 3, 19, 1, 159722968, 186198611, 0, 5, 220382401, 1
2, 3, 19, 1, 159722968, 186198611, 0, 4, 130507849, 1
2, 3, 19, 1, 159722968, 186198611, 0, 3, 174010465, 1
2, 3, 19, 1, 159722968, 186198611, 0, 2, 261015697, 1
2, 3, 19, 1, 159722968, 186198611, 0, 1, 111260545, 1
2, 4, 19, 1, 186198612, 208880603, 0, 18, 369212571, 1
2, 4, 19, 1, 186198612, 208880603, 0, 17, 364072127, 1
2, 4, 19, 1, 186198612, 208880603, 0, 16, 359576729, 1
2, 4, 19, 1, 186198612, 208880603, 0, 15, 383548511, 1
2, 4, 19, 1, 186198612, 208880603, 0, 14, 380300163, 1
2, 4, 19, 1, 186198612, 208880603, 0, 13, 380306748, 1
2, 4, 19, 1, 186198612, 208880603, 0, 12, 382651250, 1
2, 4, 19, 1, 186198612, 208880603, 0, 11, 383143619, 1
2, 4, 19, 1, 186198612, 208880603, 0, 10, 371014970, 1
2, 4, 19, 1, 186198612, 208880603, 0, 9, 360999767, 1
2, 4, 19, 1, 186198612, 208880603, 0, 8, 359574072, 1
2, 4, 19, 1, 186198612, 208880603, 0, 7, 350233279, 1
2, 4, 19, 1, 186198612, 208880603, 0, 6, 408605492, 1
2, 4, 19, 1, 186198612, 208880603, 0, 5, 392594238, 1
2, 4, 19, 1, 186198612, 208880603, 0, 4, 393868471, 1
2, 4, 19, 1, 186198612, 208880603, 0, 3, 359290535, 1
2, 4, 19, 1, 186198612, 208880603, 0, 2, 327206259, 1
2, 4, 19, 1, 186198612, 208880603, 0, 1, 289005125, 1
2, 5, 19, 1, 208880604, 234012411, 0, 18, 5934016, 1
2, 5, 19, 1, 208880604, 234012411, 0, 17, 6283076, 1
2, 5, 19, 1, 208880604, 234012411, 0, 16, 5644201, 1
2, 5, 19, 1, 208880604, 234012411, 0, 15, 6020481, 1
2, 5, 19, 1, 208880604, 234012411, 0, 14, 6450515, 1
2, 5, 19, 1, 208880604, 234012411, 0, 13, 6511808, 1
2, 5, 19, 1, 208880604, 234012411, 0, 12, 6138401, 1
2, 5, 19, 1, 208880604, 234012411, 0, 11, 6696437, 1
2, 5, 19, 1, 208880604, 234012411, 0, 10, 4474577, 1
2, 5, 19, 1, 208880604, 234012411, 0, 9, 4971752, 1
2, 5, 19, 1, 208880604, 234012411, 0, 8, 3814129, 1
2, 5, 19, 1, 208880604, 234012411, 0, 7, 513973, 1
2, 5, 19, 1, 208880604, 234012411, 0, 6, 599635, 1
2, 5, 19, 1, 208880604, 234012411, 0, 5, 719562, 1
2, 5, 19, 1, 208880604, 234012411, 0, 4, 899452, 1
2, 5, 19, 1, 208880604, 234012411, 0, 3, 1, 1
2, 5, 19, 1, 208880604, 234012411, 0, 2, 1, 1
2, 5, 19, 1, 208880604, 234012411, 0, 1, 1, 1
2, 6, 19, 1, 234012412, 274823359, 0, 18, 11872846, 1
2, 6, 19, 1, 234012412, 274823359, 0, 17, 12571249, 1
2, 6, 19, 1, 234012412, 274823359, 0, 16, 12351640, 1
2, 6, 19, 1, 234012412, 274823359, 0, 15, 13175083, 1
2, 6, 19, 1, 234012412, 274823359, 0, 14, 11834053, 1
2, 6, 19, 1, 234012412, 274823359, 0, 13, 12744365, 1
2, 6, 19, 1, 234012412, 274823359, 0, 12, 11346194, 1
2, 6, 19, 1, 234012412, 274823359, 0, 11, 12377666, 1
2, 6, 19, 1, 234012412, 274823359, 0, 10, 13615432, 1
2, 6, 19, 1, 234012412, 274823359, 0, 9, 15128258, 1
2, 6, 19, 1, 234012412, 274823359, 0, 8, 15843796, 1
2, 6, 19, 1, 234012412, 274823359, 0, 7, 10741720, 1
2, 6, 19, 1, 234012412, 274823359, 0, 6, 12532006, 1
2, 6, 19, 1, 234012412, 274823359, 0, 5, 10685482, 1
2, 6, 19, 1, 234012412, 274823359, 0, 4, 3572279, 1
2, 6, 19, 1, 234012412, 274823359, 0, 3, 4763039, 1
2, 6, 19, 1, 234012412, 274823359, 0, 2, 449991, 1
2, 6, 19, 1, 234012412, 274823359, 0, 1, 899981, 1
2, 7, 19, 1, 274823360, 312306583, 0, 18, 2521153, 1
2, 7, 19, 1, 274823360, 312306583, 0, 17, 1856561, 1
2, 7, 19, 1, 274823360, 312306583, 0, 16, 1972596, 1
2, 7, 19, 1, 274823360, 312306583, 0, 15, 2104102, 1
2, 7, 19, 1, 274823360, 312306583, 0, 14, 2254395, 1
2, 7, 19, 1, 274823360, 312306583, 0, 13, 2427810, 1
2, 7, 19, 1, 274823360, 312306583, 0, 12, 1760137, 1
2, 7, 19, 1, 274823360, 312306583, 0, 11, 1278222, 1
2, 7, 19, 1, 274823360, 312306583, 0, 10, 1, 1
2, 7, 19, 1, 274823360, 312306583, 0, 9, 1, 1
2, 7, 19, 1, 274823360, 312306583, 0, 8, 1, 1
2, 7, 19, 1, 274823360, 312306583, 0, 7, 1, 1
2, 7, 19, 1, 274823360, 312306583, 0, 6, 1, 1
2, 7, 19, 1, 274823360, 312306583, 0, 5, 1, 1
2, 7, 19, 1, 274823360, 312306583, 0, 4, 1, 1
2, 7, 19, 1, 274823360, 312306583, 0, 3, 1, 1
2, 7, 19, 1, 274823360, 312306583, 0, 2, 1, 1
2, 7, 19, 1, 274823360, 312306583, 0, 1, 1, 1
2, 8, 19, 1, 312306584, 353485280, 0, 18, 3342458, 1
2, 8, 19, 1, 312306584, 353485280, 0, 17, 3539073, 1
2, 8, 19, 1, 312306584, 353485280, 0, 16, 2603768, 1
2, 8, 19, 1, 312306584, 353485280, 0, 15, 2777353, 1
2, 8, 19, 1, 312306584, 353485280, 0, 14, 2975735, 1
2, 8, 19, 1, 312306584, 353485280, 0, 13, 3204638, 1
2, 8, 19, 1, 312306584, 353485280, 0, 12, 2691751, 1
2, 8, 19, 1, 312306584, 353485280, 0, 11, 2936456, 1
2, 8, 19, 1, 312306584, 353485280, 0, 10, 2705505, 1
2, 8, 19, 1, 312306584, 353485280, 0, 9, 3006116, 1
2, 8, 19, 1, 312306584, 353485280, 0, 8, 3381881, 1
2, 8, 19, 1, 312306584, 353485280, 0, 7, 3865006, 1
2, 8, 19, 1, 312306584, 353485280, 0, 6, 4509174, 1
2, 8, 19, 1, 312306584, 353485280, 0, 5, 5411009, 1
2, 8, 19, 1, 312306584, 353485280, 0, 4, 6133311, 1
2, 8, 19, 1, 312306584, 353485280, 0, 3, 4896288, 1
2, 8, 19, 1, 312306584, 353485280, 0, 2, 7344432, 1
2, 8, 19, 1, 312306584, 353485280, 0, 1, 1, 1
2, 9, 19, 1, 353485281, 378889992, 0, 18, 7145629, 1
2, 9, 19, 1, 353485281, 378889992, 0, 17, 7565960, 1
2, 9, 19, 1, 353485281, 378889992, 0, 16, 6093272, 1
2, 9, 19, 1, 353485281, 378889992, 0, 15, 6499490, 1
2, 9, 19, 1, 353485281, 378889992, 0, 14, 5413347, 1
2, 9, 19, 1, 353485281, 378889992, 0, 13, 5829758, 1
2, 9, 19, 1, 353485281, 378889992, 0, 12, 4500463, 1
2, 9, 19, 1, 353485281, 378889992, 0, 11, 2470953, 1
2, 9, 19, 1, 353485281, 378889992, 0, 10, 1624107, 1
2, 9, 19, 1, 353485281, 378889992, 0, 9, 1804563, 1
2, 9, 19, 1, 353485281, 378889992, 0, 8, 2030134, 1
2, 9, 19, 1, 353485281, 378889992, 0, 7, 1204119, 1
2, 9, 19, 1, 353485281, 378889992, 0, 6, 1404805, 1
2, 9, 19, 1, 353485281, 378889992, 0, 5, 1685766, 1
2, 9, 19, 1, 353485281, 378889992, 0, 4, 2107208, 1
2, 9, 19, 1, 353485281, 378889992, 0, 3, 2809610, 1
2, 9, 19, 1, 353485281, 378889992, 0, 2, 4214415, 1
2, 9, 19, 1, 353485281, 378889992, 0, 1, 3185538, 1
2, 10, 19, 1, 378889993, 385927450, 0, 18, 453003776, 1
2, 10, 19, 1, 378889993, 385927450, 0, 17, 446159799, 1
2, 10, 19, 1, 378889993, 385927450, 0, 16, 439573957, 1
2, 10, 19, 1, 378889993, 385927450, 0, 15, 434193491, 1
2, 10, 19, 1, 378889993, 385927450, 0, 14, 422259414, 1
2, 10, 19, 1, 378889993, 385927450, 0, 13, 398634885, 1
2, 10, 19, 1, 378889993, 385927450, 0, 12, 397332729, 1
2, 10, 19, 1, 378889993, 385927450, 0, 11, 406737779, 1
2, 10, 19, 1, 378889993, 385927450, 0, 10, 414346719, 1
2, 10, 19, 1, 378889993, 385927450, 0, 9, 370264758, 1
2, 10, 19, 1, 378889993, 385927450, 0, 8, 390168167, 1
2, 10, 19, 1, 378889993, 385927450, 0, 7, 435756849, 1
2, 10, 19, 1, 378889993, 385927450, 0, 6, 374169317, 1
2, 10, 19, 1, 378889993, 385927450, 0, 5, 391292609, 1
2, 10, 19, 1, 378889993, 385927450, 0, 4, 264613853, 1
2, 10, 19, 1, 378889993, 385927450, 0, 3, 352818470, 1
2, 10, 19, 1, 378889993, 385927450, 0, 2, 13925292, 1
2, 10, 19, 1, 378889993, 385927450, 0, 1, 27850584, 1
2, 11, 19, 1, 385927451, 387507960, 0, 18, 1906167181, 1
2, 11, 19, 1, 385927451, 387507960, 0, 17, 1868201299, 1
2, 11, 19, 1, 385927451, 387507960, 0, 16, 1826603314, 1
2, 11, 19, 1, 385927451, 387507960, 0, 15, 1781542420, 1
2, 11, 19, 1, 385927451, 387507960, 0, 14, 1724259281, 1
2, 11, 19, 1, 385927451, 387507960, 0, 13, 1648308912, 1
2, 11, 19, 1, 385927451, 387507960, 0, 12, 1585959943, 1
2, 11, 19, 1, 385927451, 387507960, 0, 11, 1523218759, 1
2, 11, 19, 1, 385927451, 387507960, 0, 10, 1444252218, 1
2, 11, 19, 1, 385927451, 387507960, 0, 9, 1294355781, 1
2, 11, 19, 1, 385927451, 387507960, 0, 8, 1181991094, 1
2, 11, 19, 1, 385927451, 387507960, 0, 7, 1057520796, 1
2, 11, 19, 1, 385927451, 387507960, 0, 6, 769187958, 1
2, 11, 19, 1, 385927451, 387507960, 0, 5, 468867820, 1
2, 11, 19, 1, 385927451, 387507960, 0, 4, 501534965, 1
2, 11, 19, 1, 385927451, 387507960, 0, 3, 46111156, 1
2, 11, 19, 1, 385927451, 387507960, 0, 2, 1, 1
2, 11, 19, 1, 385927451, 387507960, 0, 1, 1, 1
2, 12, 19, 1, 387507961, 389287624, 0, 18, 1866401444, 1
2, 12, 19, 1, 387507961, 389287624, 0, 17, 1798499089, 1
2, 12, 19, 1, 387507961, 389287624, 0, 16, 1723222572, 1
2, 12, 19, 1, 387507961, 389287624, 0, 15, 1639992675, 1
2, 12, 19, 1, 387507961, 389287624, 0, 14, 1539087818, 1
2, 12, 19, 1, 387507961, 389287624, 0, 13, 1501909376, 1
2, 12, 19, 1, 387507961, 389287624, 0, 12, 1388264253, 1
2, 12, 19, 1, 387507961, 389287624, 0, 11, 1264900342, 1
2, 12, 19, 1, 387507961, 389287624, 0, 10, 1113186528, 1
2, 12, 19, 1, 387507961, 389287624, 0, 9, 1059450485, 1
2, 12, 19, 1, 387507961, 389287624, 0, 8, 859078348, 1
2, 12, 19, 1, 387507961, 389287624, 0, 7, 621455614, 1
2, 12, 19, 1, 387507961, 389287624, 0, 6, 503571924, 1
2, 12, 19, 1, 387507961, 389287624, 0, 5, 407686680, 1
2, 12, 19, 1, 387507961, 389287624, 0, 4, 307769963, 1
2, 12, 19, 1, 387507961, 389287624, 0, 3, 202495925, 1
2, 12, 19, 1, 387507961, 389287624, 0, 2, 1, 1
2, 12, 19, 1, 387507961, 389287624, 0, 1, 1, 1
2, 13, 19, 1, 389287625, 451511028, 0, 18, 977465576, 1
2, 13, 19, 1, 389287625, 451511028, 0, 17, 933693209, 1
2, 13, 19, 1, 389287625, 451511028, 0, 16, 884456750, 1
2, 13, 19, 1, 389287625, 451511028, 0, 15, 828953020, 1
2, 13, 19, 1, 389287625, 451511028, 0, 14, 764475538, 1
2, 13, 19, 1, 389287625, 451511028, 0, 13, 699821096, 1
2, 13, 19, 1, 389287625, 451511028, 0, 12, 636693978, 1
2, 13, 19, 1, 389287625, 451511028, 0, 11, 574767351, 1
2, 13, 19, 1, 389287625, 451511028, 0, 10, 503974638, 1
2, 13, 19, 1, 389287625, 451511028, 0, 9, 437887610, 1
2, 13, 19, 1, 389287625, 451511028, 0, 8, 369830812, 1
2, 13, 19, 1, 389287625, 451511028, 0, 7, 300478541, 1
2, 13, 19, 1, 389287625, 451511028, 0, 6, 231422541, 1
2, 13, 19, 1, 389287625, 451511028, 0, 5, 162173330, 1
2, 13, 19, 1, 389287625, 451511028, 0, 4, 92301281, 1
2, 13, 19, 1, 389287625, 451511028, 0, 3, 46169995, 1
2, 13, 19, 1, 389287625, 451511028, 0, 2, 6003870, 1
2, 13, 19, 1, 389287625, 451511028, 0, 1, 12007740, 1
2, 14, 19, 1, 451511029, 498101087, 0, 18, 907385006, 1
2, 14, 19, 1, 451511029, 498101087, 0, 17, 891970527, 1
2, 14, 19, 1, 451511029, 498101087, 0, 16, 864013488, 1
2, 14, 19, 1, 451511029, 498101087, 0, 15, 833706712, 1
2, 14, 19, 1, 451511029, 498101087, 0, 14, 803575647, 1
2, 14, 19, 1, 451511029, 498101087, 0, 13, 772704995, 1
2, 14, 19, 1, 451511029, 498101087, 0, 12, 727002291, 1
2, 14, 19, 1, 451511029, 498101087, 0, 11, 682095282, 1
2, 14, 19, 1, 451511029, 498101087, 0, 10, 628591736, 1
2, 14, 19, 1, 451511029, 498101087, 0, 9, 564217586, 1
2, 14, 19, 1, 451511029, 498101087, 0, 8, 483735215, 1
2, 14, 19, 1, 451511029, 498101087, 0, 7, 389736588, 1
2, 14, 19, 1, 451511029, 498101087, 0, 6, 309244620, 1
2, 14, 19, 1, 451511029, 498101087, 0, 5, 225619094, 1
2, 14, 19, 1, 451511029, 498101087, 0, 4, 135602632, 1
2, 14, 19, 1, 451511029, 498101087, 0, 3, 55715601, 1
2, 14, 19, 1, 451511029, 498101087, 0, 2, 1, 1
2, 14, 19, 1, 451511029, 498101087, 0, 1, 1, 1
2, 15, 19, 1, 498101088, 506474343, 0, 18, 1035485527, 1
2, 15, 19, 1, 498101088, 506474343, 0, 17, 1011629446, 1
2, 15, 19, 1, 498101088, 506474343, 0, 16, 979914490, 1
2, 15, 19, 1, 498101088, 506474343, 0, 15, 944416995, 1
2, 15, 19, 1, 498101088, 506474343, 0, 14, 904938385, 1
2, 15, 19, 1, 498101088, 506474343, 0, 13, 862467580, 1
2, 15, 19, 1, 498101088, 506474343, 0, 12, 819806246, 1
2, 15, 19, 1, 498101088, 506474343, 0, 11, 769130544, 1
2, 15, 19, 1, 498101088, 506474343, 0, 10, 695955882, 1
2, 15, 19, 1, 498101088, 506474343, 0, 9, 625228569, 1
2, 15, 19, 1, 498101088, 506474343, 0, 8, 529114899, 1
2, 15, 19, 1, 498101088, 506474343, 0, 7, 432421263, 1
2, 15, 19, 1, 498101088, 506474343, 0, 6, 333439260, 1
2, 15, 19, 1, 498101088, 506474343, 0, 5, 238910816, 1
2, 15, 19, 1, 498101088, 506474343, 0, 4, 144147762, 1
2, 15, 19, 1, 498101088, 506474343, 0, 3, 62706297, 1
2, 15, 19, 1, 498101088, 506474343, 0, 2, 858215, 1
2, 15, 19, 1, 498101088, 506474343, 0, 1, 1, 1
2, 16, 19, 1, 506474344, 524355037, 0, 18, 1401074109, 1
2, 16, 19, 1, 506474344, 524355037, 0, 17, 1347332197, 1
2, 16, 19, 1, 506474344, 524355037, 0, 16, 1376422312, 1
2, 16, 19, 1, 506474344, 524355037, 0, 15, 1317443490, 1
2, 16, 19, 1, 506474344, 524355037, 0, 14, 1350122372, 1
2, 16, 19, 1, 506474344, 524355037, 0, 13, 1279388399, 1
2, 16, 19, 1, 506474344, 524355037, 0, 12, 1219615638, 1
2, 16, 19, 1, 506474344, 524355037, 0, 11, 1169694769, 1
2, 16, 19, 1, 506474344, 524355037, 0, 10, 1045563346, 1
2, 16, 19, 1, 506474344, 524355037, 0, 9, 959239548, 1
2, 16, 19, 1, 506474344, 524355037, 0, 8, 756078551, 1
2, 16, 19, 1, 506474344, 524355037, 0, 7, 725306575, 1
2, 16, 19, 1, 506474344, 524355037, 0, 6, 573779428, 1
2, 16, 19, 1, 506474344, 524355037, 0, 5, 446725998, 1
2, 16, 19, 1, 506474344, 524355037, 0, 4, 558407498, 1
2, 16, 19, 1, 506474344, 524355037, 0, 3, 367947115, 1
2, 16, 19, 1, 506474344, 524355037, 0, 2, 35958918, 1
2, 16, 19, 1, 506474344, 524355037, 0, 1, 71917836, 1
2, 17, 19, 1, 524355038, 540216310, 0, 18, 644916163, 1
2, 17, 19, 1, 524355038, 540216310, 0, 17, 632752352, 1
2, 17, 19, 1, 524355038, 540216310, 0, 16, 610083095, 1
2, 17, 19, 1, 524355038, 540216310, 0, 15, 597547370, 1
2, 17, 19, 1, 524355038, 540216310, 0, 14, 580883324, 1
2, 17, 19, 1, 524355038, 540216310, 0, 13, 563514475, 1
2, 17, 19, 1, 524355038, 540216310, 0, 12, 566001025, 1
2, 17, 19, 1, 524355038, 540216310, 0, 11, 589659342, 1
2, 17, 19, 1, 524355038, 540216310, 0, 10, 553822943, 1
2, 17, 19, 1, 524355038, 540216310, 0, 9, 575415285, 1
2, 17, 19, 1, 524355038, 540216310, 0, 8, 507149463, 1
2, 17, 19, 1, 524355038, 540216310, 0, 7, 378710508, 1
2, 17, 19, 1, 524355038, 540216310, 0, 6, 413248294, 1
2, 17, 19, 1, 524355038, 540216310, 0, 5, 40649580, 1
2, 17, 19, 1, 524355038, 540216310, 0, 4, 1, 1
2, 17, 19, 1, 524355038, 540216310, 0, 3, 1, 1
2, 17, 19, 1, 524355038, 540216310, 0, 2, 1, 1
2, 17, 19, 1, 524355038, 540216310, 0, 1, 1, 1
2, 18, 19, 1, 540216311, 602265436, 0, 18, 1815824037, 1
2, 18, 19, 1, 540216311, 602265436, 0, 17, 1801370943, 1
2, 18, 19, 1, 540216311, 602265436, 0, 16, 1776343274, 1
2, 18, 19, 1, 540216311, 602265436, 0, 15, 1747048777, 1
2, 18, 19, 1, 540216311, 602265436, 0, 14, 1723338455, 1
2, 18, 19, 1, 540216311, 602265436, 0, 13, 1733735180, 1
2, 18, 19, 1, 540216311, 602265436, 0, 12, 1719243676, 1
2, 18, 19, 1, 540216311, 602265436, 0, 11, 1633005769, 1
2, 18, 19, 1, 540216311, 602265436, 0, 10, 1586657581, 1
2, 18, 19, 1, 540216311, 602265436, 0, 9, 1560581760, 1
2, 18, 19, 1, 540216311, 602265436, 0, 8, 1451010155, 1
2, 18, 19, 1, 540216311, 602265436, 0, 7, 1282753071, 1
2, 18, 19, 1, 540216311, 602265436, 0, 6, 1177019170, 1
2, 18, 19, 1, 540216311, 602265436, 0, 5, 1086260892, 1
2, 18, 19, 1, 540216311, 602265436, 0, 4, 762240922, 1
2, 18, 19, 1, 540216311, 602265436, 0, 3, 544731092, 1
2, 18, 19, 1, 540216311, 602265436, 0, 2, 5704292, 1
2, 18, 19, 1, 540216311, 602265436, 0, 1, 11408584, 1
2, 19, 19, 1, 602265437, 669529910, 0, 18, 2166211597, 1
2, 19, 19, 1, 602265437, 669529910, 0, 17, 2149503122, 1
2, 19, 19, 1, 602265437, 669529910, 0, 16, 2117290677, 1
2, 19, 19, 1, 602265437, 669529910, 0, 15, 2085656194, 1
2, 19, 19, 1, 602265437, 669529910, 0, 14, 2066943496, 1
2, 19, 19, 1, 602265437, 669529910, 0, 13, 2026064439, 1
2, 19, 19, 1, 602265437, 669529910, 0, 12, 2034073776, 1
2, 19, 19, 1, 602265437, 669529910, 0, 11, 1974427772, 1
2, 19, 19, 1, 602265437, 669529910, 0, 10, 1904189785, 1
2, 19, 19, 1, 602265437, 669529910, 0, 9, 1910915412, 1
2, 19, 19, 1, 602265437, 669529910, 0, 8, 1842345617, 1
2, 19, 19, 1, 602265437, 669529910, 0, 7, 1729735896, 1
2, 19, 19, 1, 602265437, 669529910, 0, 6, 1584850157, 1
2, 19, 19, 1, 602265437, 669529910, 0, 5, 1389264495, 1
2, 19, 19, 1, 602265437, 669529910, 0, 4, 1079666477, 1
2, 19, 19, 1, 602265437, 669529910, 0, 3, 548367955, 1
2, 19, 19, 1, 602265437, 669529910, 0, 2, 1, 1
2, 19, 19, 1, 602265437, 669529910, 0, 1, 1, 1
2, 20, 19, 1, 669529911, 768944822, 0, 18, 2133891678, 1
2, 20, 19, 1, 669529911, 768944822, 0, 17, 2117126822, 1
2, 20, 19, 1, 669529911, 768944822, 0, 16, 2089859761, 1
2, 20, 19, 1, 669529911, 768944822, 0, 15, 2066160035, 1
2, 20, 19, 1, 669529911, 768944822, 0, 14, 2057247999, 1
2, 20, 19, 1, 669529911, 768944822, 0, 13, 2024849875, 1
2, 20, 19, 1, 669529911, 768944822, 0, 12, 1984389903, 1
2, 20, 19, 1, 669529911, 768944822, 0, 11, 1931666526, 1
2, 20, 19, 1, 669529911, 768944822, 0, 10, 1908097286, 1
2, 20, 19, 1, 669529911, 768944822, 0, 9, 1879290437, 1
2, 20, 19, 1, 669529911, 768944822, 0, 8, 1803752389, 1
2, 20, 19, 1, 669529911, 768944822, 0, 7, 1690109556, 1
2, 20, 19, 1, 669529911, 768944822, 0, 6, 1543846332, 1
2, 20, 19, 1, 669529911, 768944822, 0, 5, 1355004419, 1
2, 20, 19, 1, 669529911, 768944822, 0, 4, 1064581672, 1
2, 20, 19, 1, 669529911, 768944822, 0, 3, 595311955, 1
2, 20, 19, 1, 669529911, 768944822, 0, 2, 86096721, 1
2, 20, 19, 1, 669529911, 768944822, 0, 1, 92280852, 1
2, 21, 19, 1, 768944823, 801913729, 0, 18, 2200512803, 1
2, 21, 19, 1, 768944823, 801913729, 0, 17, 2183083973, 1
2, 21, 19, 1, 768944823, 801913729, 0, 16, 2155811224, 1
2, 21, 19, 1, 768944823, 801913729, 0, 15, 2132105052, 1
2, 21, 19, 1, 768944823, 801913729, 0, 14, 2123185649, 1
2, 21, 19, 1, 768944823, 801913729, 0, 13, 2090779024, 1
2, 21, 19, 1, 768944823, 801913729, 0, 12, 2050309135, 1
2, 21, 19, 1, 768944823, 801913729, 0, 11, 1997574038, 1
2, 21, 19, 1, 768944823, 801913729, 0, 10, 1973990734, 1
2, 21, 19, 1, 768944823, 801913729, 0, 9, 1916159131, 1
2, 21, 19, 1, 768944823, 801913729, 0, 8, 1836973650, 1
2, 21, 19, 1, 768944823, 801913729, 0, 7, 1723471065, 1
2, 21, 19, 1, 768944823, 801913729, 0, 6, 1571760067, 1
2, 21, 19, 1, 768944823, 801913729, 0, 5, 1368272712, 1
2, 21, 19, 1, 768944823, 801913729, 0, 4, 1064655000, 1
2, 21, 19, 1, 768944823, 801913729, 0, 3, 551885884, 1
2, 21, 19, 1, 768944823, 801913729, 0, 2, 14740789, 1
2, 21, 19, 1, 768944823, 801913729, 0, 1, 1, 1
2, 22, 19, 1, 801913730, 903653219, 0, 18, 2120792443, 1
2, 22, 19, 1, 801913730, 903653219, 0, 17, 2100502112, 1
2, 22, 19, 1, 801913730, 903653219, 0, 16, 2077675489, 1
2, 22, 19, 1, 801913730, 903653219, 0, 15, 2051805317, 1
2, 22, 19, 1, 801913730, 903653219, 0, 14, 2022239406, 1
2, 22, 19, 1, 801913730, 903653219, 0, 13, 1988124893, 1
2, 22, 19, 1, 801913730, 903653219, 0, 12, 1960797701, 1
2, 22, 19, 1, 801913730, 903653219, 0, 11, 1914152783, 1
2, 22, 19, 1, 801913730, 903653219, 0, 10, 1877718221, 1
2, 22, 19, 1, 801913730, 903653219, 0, 9, 1816346926, 1
2, 22, 19, 1, 801913730, 903653219, 0, 8, 1731565478, 1
2, 22, 19, 1, 801913730, 903653219, 0, 7, 1624159401, 1
2, 22, 19, 1, 801913730, 903653219, 0, 6, 1538843761, 1
2, 22, 19, 1, 801913730, 903653219, 0, 5, 1355294894, 1
2, 22, 19, 1, 801913730, 903653219, 0, 4, 1079833580, 1
2, 22, 19, 1, 801913730, 903653219, 0, 3, 582482271, 1
2, 22, 19, 1, 801913730, 903653219, 0, 2, 23276396, 1
2, 22, 19, 1, 801913730, 903653219, 0, 1, 18438807, 1
2, 23, 19, 1, 903653220, 968461786, 0, 18, 2161599833, 1
2, 23, 19, 1, 903653220, 968461786, 0, 17, 2144641191, 1
2, 23, 19, 1, 903653220, 968461786, 0, 16, 2123634506, 1
2, 23, 19, 1, 903653220, 968461786, 0, 15, 2101612396, 1
2, 23, 19, 1, 903653220, 968461786, 0, 14, 2077240274, 1
2, 23, 19, 1, 903653220, 968461786, 0, 13, 2044382687, 1
2, 23, 19, 1, 903653220, 968461786, 0, 12, 2016134001, 1
2, 23, 19, 1, 903653220, 968461786, 0, 11, 1968400043, 1
2, 23, 19, 1, 903653220, 968461786, 0, 10, 1930658635, 1
2, 23, 19, 1, 903653220, 968461786, 0, 9, 1867690082, 1
2, 23, 19, 1, 903653220, 968461786, 0, 8, 1787661553, 1
2, 23, 19, 1, 903653220, 968461786, 0, 7, 1678652668, 1
2, 23, 19, 1, 903653220, 968461786, 0, 6, 1591199951, 1
2, 23, 19, 1, 903653220, 968461786, 0, 5, 1404659177, 1
2, 23, 19, 1, 903653220, 968461786, 0, 4, 1124710001, 1
2, 23, 19, 1, 903653220, 968461786, 0, 3, 664526753, 1
2, 23, 19, 1, 903653220, 968461786, 0, 2, 50715001, 1
2, 23, 19, 1, 903653220, 968461786, 0, 1, 52650214, 1
2, 24, 19, 1, 968461787, 1046411535, 0, 18, 2005879743, 1
2, 24, 19, 1, 968461787, 1046411535, 0, 17, 1983148711, 1
2, 24, 19, 1, 968461787, 1046411535, 0, 16, 1956897055, 1
2, 24, 19, 1, 968461787, 1046411535, 0, 15, 1927483701, 1
2, 24, 19, 1, 968461787, 1046411535, 0, 14, 1895595244, 1
2, 24, 19, 1, 968461787, 1046411535, 0, 13, 1870632200, 1
2, 24, 19, 1, 968461787, 1046411535, 0, 12, 1840652607, 1
2, 24, 19, 1, 968461787, 1046411535, 0, 11, 1787646361, 1
2, 24, 19, 1, 968461787, 1046411535, 0, 10, 1729831507, 1
2, 24, 19, 1, 968461787, 1046411535, 0, 9, 1663002826, 1
2, 24, 19, 1, 968461787, 1046411535, 0, 8, 1578088004, 1
2, 24, 19, 1, 968461787, 1046411535, 0, 7, 1453427210, 1
2, 24, 19, 1, 968461787, 1046411535, 0, 6, 1444914224, 1
2, 24, 19, 1, 968461787, 1046411535, 0, 5, 1251028128, 1
2, 24, 19, 1, 968461787, 1046411535, 0, 4, 960746140, 1
2, 24, 19, 1, 968461787, 1046411535, 0, 3, 598595707, 1
2, 24, 19, 1, 968461787, 1046411535, 0, 2, 1, 1
2, 24, 19, 1, 968461787, 1046411535, 0, 1, 1, 1
2, 25, 19, 1, 1046411536, 1112752922, 0, 18, 1947327596, 1
2, 25, 19, 1, 1046411536, 1112752922, 0, 17, 1924230814, 1
2, 25, 19, 1, 1046411536, 1112752922, 0, 16, 1897853934, 1
2, 25, 19, 1, 1046411536, 1112752922, 0, 15, 1871069602, 1
2, 25, 19, 1, 1046411536, 1112752922, 0, 14, 1840093372, 1
2, 25, 19, 1, 1046411536, 1112752922, 0, 13, 1801260022, 1
2, 25, 19, 1, 1046411536, 1112752922, 0, 12, 1771822037, 1
2, 25, 19, 1, 1046411536, 1112752922, 0, 11, 1735489101, 1
2, 25, 19, 1, 1046411536, 1112752922, 0, 10, 1674534168, 1
2, 25, 19, 1, 1046411536, 1112752922, 0, 9, 1599896388, 1
2, 25, 19, 1, 1046411536, 1112752922, 0, 8, 1505327582, 1
2, 25, 19, 1, 1046411536, 1112752922, 0, 7, 1418526365, 1
2, 25, 19, 1, 1046411536, 1112752922, 0, 6, 1375857782, 1
2, 25, 19, 1, 1046411536, 1112752922, 0, 5, 1186766657, 1
2, 25, 19, 1, 1046411536, 1112752922, 0, 4, 898334212, 1
2, 25, 19, 1, 1046411536, 1112752922, 0, 3, 510796871, 1
2, 25, 19, 1, 1046411536, 1112752922, 0, 2, 1, 1
2, 25, 19, 1, 1046411536, 1112752922, 0, 1, 1, 1
2, 26, 19, 1, 1112752923, 1251997866, 0, 18, 1984964048, 1
2, 26, 19, 1, 1112752923, 1251997866, 0, 17, 1961581086, 1
2, 26, 19, 1, 1112752923, 1251997866, 0, 16, 1934882254, 1
2, 26, 19, 1, 1112752923, 1251997866, 0, 15, 1907733043, 1
2, 26, 19, 1, 1112752923, 1251997866, 0, 14, 1876339809, 1
2, 26, 19, 1, 1112752923, 1251997866, 0, 13, 1837025301, 1
2, 26, 19, 1, 1112752923, 1251997866, 0, 12, 1807025964, 1
2, 26, 19, 1, 1112752923, 1251997866, 0, 11, 1770029612, 1
2, 26, 19, 1, 1112752923, 1251997866, 0, 10, 1710696922, 1
2, 26, 19, 1, 1112752923, 1251997866, 0, 9, 1638947173, 1
2, 26, 19, 1, 1112752923, 1251997866, 0, 8, 1546212891, 1
2, 26, 19, 1, 1112752923, 1251997866, 0, 7, 1459180789, 1
2, 26, 19, 1, 1112752923, 1251997866, 0, 6, 1406636725, 1
2, 26, 19, 1, 1112752923, 1251997866, 0, 5, 1215201089, 1
2, 26, 19, 1, 1112752923, 1251997866, 0, 4, 934248154, 1
2, 26, 19, 1, 1112752923, 1251997866, 0, 3, 544514959, 1
2, 26, 19, 1, 1112752923, 1251997866, 0, 2, 29326383, 1
2, 26, 19, 1, 1112752923, 1251997866, 0, 1, 58652766, 1
2, 27, 19, 1, 1251997867, 1265925132, 0, 18, 1874848843, 1
2, 27, 19, 1, 1251997867, 1265925132, 0, 17, 1908189704, 1
2, 27, 19, 1, 1251997867, 1265925132, 0, 16, 1893284191, 1
2, 27, 19, 1, 1251997867, 1265925132, 0, 15, 1876297512, 1
2, 27, 19, 1, 1251997867, 1265925132, 0, 14, 1855989835, 1
2, 27, 19, 1, 1251997867, 1265925132, 0, 13, 1813372740, 1
2, 27, 19, 1, 1251997867, 1265925132, 0, 12, 1748935382, 1
2, 27, 19, 1, 1251997867, 1265925132, 0, 11, 1744823946, 1
2, 27, 19, 1, 1251997867, 1265925132, 0, 10, 1706947913, 1
2, 27, 19, 1, 1251997867, 1265925132, 0, 9, 1600882934, 1
2, 27, 19, 1, 1251997867, 1265925132, 0, 8, 1573725849, 1
2, 27, 19, 1, 1251997867, 1265925132, 0, 7, 1379775371, 1
2, 27, 19, 1, 1251997867, 1265925132, 0, 6, 1319579147, 1
2, 27, 19, 1, 1251997867, 1265925132, 0, 5, 1189352156, 1
2, 27, 19, 1, 1251997867, 1265925132, 0, 4, 1165074504, 1
2, 27, 19, 1, 1251997867, 1265925132, 0, 3, 730249758, 1
2, 27, 19, 1, 1251997867, 1265925132, 0, 2, 1, 1
2, 27, 19, 1, 1251997867, 1265925132, 0, 1, 1, 1
2, 28, 19, 1, 1265925133, 1267674467, 0, 18, 2360261957, 1
2, 28, 19, 1, 1265925133, 1267674467, 0, 17, 2352527518, 1
2, 28, 19, 1, 1265925133, 1267674467, 0, 16, 2291412292, 1
2, 28, 19, 1, 1265925133, 1267674467, 0, 15, 2222054606, 1
2, 28, 19, 1, 1265925133, 1267674467, 0, 14, 2141894349, 1
2, 28, 19, 1, 1265925133, 1267674467, 0, 13, 2030216584, 1
2, 28, 19, 1, 1265925133, 1267674467, 0, 12, 2006791718, 1
2, 28, 19, 1, 1265925133, 1267674467, 0, 11, 1918513294, 1
2, 28, 19, 1, 1265925133, 1267674467, 0, 10, 1779636874, 1
2, 28, 19, 1, 1265925133, 1267674467, 0, 9, 1681234113, 1
2, 28, 19, 1, 1265925133, 1267674467, 0, 8, 1516159274, 1
2, 28, 19, 1, 1265925133, 1267674467, 0, 7, 1558105854, 1
2, 28, 19, 1, 1265925133, 1267674467, 0, 6, 1330349175, 1
2, 28, 19, 1, 1265925133, 1267674467, 0, 5, 965537547, 1
2, 28, 19, 1, 1265925133, 1267674467, 0, 4, 589382938, 1
2, 28, 19, 1, 1265925133, 1267674467, 0, 3, 243466856, 1
2, 28, 19, 1, 1265925133, 1267674467, 0, 2, 1, 1
2, 28, 19, 1, 1265925133, 1267674467, 0, 1, 1, 1
2, 29, 19, 1, 1267674468, 1270250313, 0, 18, 2630565912, 1
2, 29, 19, 1, 1267674468, 1270250313, 0, 17, 2585577028, 1
2, 29, 19, 1, 1267674468, 1270250313, 0, 16, 2482550551, 1
2, 29, 19, 1, 1267674468, 1270250313, 0, 15, 2365693448, 1
2, 29, 19, 1, 1267674468, 1270250313, 0, 14, 2231248143, 1
2, 29, 19, 1, 1267674468, 1270250313, 0, 13, 2178666248, 1
2, 29, 19, 1, 1267674468, 1270250313, 0, 12, 2092309728, 1
2, 29, 19, 1, 1267674468, 1270250313, 0, 11, 1929657530, 1
2, 29, 19, 1, 1267674468, 1270250313, 0, 10, 1701532583, 1
2, 29, 19, 1, 1267674468, 1270250313, 0, 9, 1494048288, 1
2, 29, 19, 1, 1267674468, 1270250313, 0, 8, 1192621531, 1
2, 29, 19, 1, 1267674468, 1270250313, 0, 7, 1059258504, 1
2, 29, 19, 1, 1267674468, 1270250313, 0, 6, 597755680, 1
2, 29, 19, 1, 1267674468, 1270250313, 0, 5, 460376672, 1
2, 29, 19, 1, 1267674468, 1270250313, 0, 4, 169434350, 1
2, 29, 19, 1, 1267674468, 1270250313, 0, 3, 83842327, 1
2, 29, 19, 1, 1267674468, 1270250313, 0, 2, 15931510, 1
2, 29, 19, 1, 1267674468, 1270250313, 0, 1, 15152643, 1
2, 30, 19, 1, 1270250314, 1314632613, 0, 18, 1090490345, 1
2, 30, 19, 1, 1270250314, 1314632613, 0, 17, 1064368890, 1
2, 30, 19, 1, 1270250314, 1314632613, 0, 16, 1034982253, 1
2, 30, 19, 1, 1270250314, 1314632613, 0, 15, 1001677398, 1
2, 30, 19, 1, 1270250314, 1314632613, 0, 14, 963614706, 1
2, 30, 19, 1, 1270250314, 1314632613, 0, 13, 919696216, 1
2, 30, 19, 1, 1270250314, 1314632613, 0, 12, 868457977, 1
2, 30, 19, 1, 1270250314, 1314632613, 0, 11, 801756512, 1
2, 30, 19, 1, 1270250314, 1314632613, 0, 10, 719923547, 1
2, 30, 19, 1, 1270250314, 1314632613, 0, 9, 622787981, 1
2, 30, 19, 1, 1270250314, 1314632613, 0, 8, 521873937, 1
2, 30, 19, 1, 1270250314, 1314632613, 0, 7, 424692099, 1
2, 30, 19, 1, 1270250314, 1314632613, 0, 6, 328536240, 1
2, 30, 19, 1, 1270250314, 1314632613, 0, 5, 235792727, 1
2, 30, 19, 1, 1270250314, 1314632613, 0, 4, 145910661, 1
2, 30, 19, 1, 1270250314, 1314632613, 0, 3, 63463718, 1
2, 30, 19, 1, 1270250314, 1314632613, 0, 2, 751785, 1
2, 30, 19, 1, 1270250314, 1314632613, 0, 1, 261497, 1
2, 31, 19, 1, 1314632614, 1330379989, 0, 18, 1210628097, 1
2, 31, 19, 1, 1314632614, 1330379989, 0, 17, 1182807885, 1
2, 31, 19, 1, 1314632614, 1330379989, 0, 16, 1140177155, 1
2, 31, 19, 1, 1314632614, 1330379989, 0, 15, 1107376995, 1
2, 31, 19, 1, 1314632614, 1330379989, 0, 14, 1071039219, 1
2, 31, 19, 1, 1314632614, 1330379989, 0, 13, 1036126944, 1
2, 31, 19, 1, 1314632614, 1330379989, 0, 12, 995395958, 1
2, 31, 19, 1, 1314632614, 1330379989, 0, 11, 944579824, 1
2, 31, 19, 1, 1314632614, 1330379989, 0, 10, 875696345, 1
2, 31, 19, 1, 1314632614, 1330379989, 0, 9, 797142095, 1
2, 31, 19, 1, 1314632614, 1330379989, 0, 8, 719734377, 1
2, 31, 19, 1, 1314632614, 1330379989, 0, 7, 557170192, 1
2, 31, 19, 1, 1314632614, 1330379989, 0, 6, 476378893, 1
2, 31, 19, 1, 1314632614, 1330379989, 0, 5, 415495718, 1
2, 31, 19, 1, 1314632614, 1330379989, 0, 4, 147593006, 1
2, 31, 19, 1, 1314632614, 1330379989, 0, 3, 65763299, 1
2, 31, 19, 1, 1314632614, 1330379989, 0, 2, 2228330, 1
2, 31, 19, 1, 1314632614, 1330379989, 0, 1, 1, 1
2, 32, 19, 1, 1330379990, 1362834737, 0, 18, 1141737041, 1
2, 32, 19, 1, 1330379990, 1362834737, 0, 17, 1064856249, 1
2, 32, 19, 1, 1330379990, 1362834737, 0, 16, 1118839504, 1
2, 32, 19, 1, 1330379990, 1362834737, 0, 15, 1049516400, 1
2, 32, 19, 1, 1330379990, 1362834737, 0, 14, 969369584, 1
2, 32, 19, 1, 1330379990, 1362834737, 0, 13, 920866585, 1
2, 32, 19, 1, 1330379990, 1362834737, 0, 12, 877791475, 1
2, 32, 19, 1, 1330379990, 1362834737, 0, 11, 863066560, 1
2, 32, 19, 1, 1330379990, 1362834737, 0, 10, 711763351, 1
2, 32, 19, 1, 1330379990, 1362834737, 0, 9, 664833507, 1
2, 32, 19, 1, 1330379990, 1362834737, 0, 8, 548009611, 1
2, 32, 19, 1, 1330379990, 1362834737, 0, 7, 598595517, 1
2, 32, 19, 1, 1330379990, 1362834737, 0, 6, 429150396, 1
2, 32, 19, 1, 1330379990, 1362834737, 0, 5, 314939936, 1
2, 32, 19, 1, 1330379990, 1362834737, 0, 4, 393674919, 1
2, 32, 19, 1, 1330379990, 1362834737, 0, 3, 218427896, 1
2, 32, 19, 1, 1330379990, 1362834737, 0, 2, 327641844, 1
2, 32, 19, 1, 1330379990, 1362834737, 0, 1, 593508029, 1
2, 33, 19, 1, 1362834738, 1396768834, 0, 18, 583354264, 1
2, 33, 19, 1, 1362834738, 1396768834, 0, 17, 614599845, 1
2, 33, 19, 1, 1362834738, 1396768834, 0, 16, 635308794, 1
2, 33, 19, 1, 1362834738, 1396768834, 0, 15, 677662714, 1
2, 33, 19, 1, 1362834738, 1396768834, 0, 14, 726067194, 1
2, 33, 19, 1, 1362834738, 1396768834, 0, 13, 663972468, 1
2, 33, 19, 1, 1362834738, 1396768834, 0, 12, 638518842, 1
2, 33, 19, 1, 1362834738, 1396768834, 0, 11, 615558567, 1
2, 33, 19, 1, 1362834738, 1396768834, 0, 10, 677114424, 1
2, 33, 19, 1, 1362834738, 1396768834, 0, 9, 710378399, 1
2, 33, 19, 1, 1362834738, 1396768834, 0, 8, 603817653, 1
2, 33, 19, 1, 1362834738, 1396768834, 0, 7, 591185099, 1
2, 33, 19, 1, 1362834738, 1396768834, 0, 6, 689715949, 1
2, 33, 19, 1, 1362834738, 1396768834, 0, 5, 646237561, 1
2, 33, 19, 1, 1362834738, 1396768834, 0, 4, 807796951, 1
2, 33, 19, 1, 1362834738, 1396768834, 0, 3, 646570621, 1
2, 33, 19, 1, 1362834738, 1396768834, 0, 2, 467648385, 1
2, 33, 19, 1, 1362834738, 1396768834, 0, 1, 757815730, 1
2, 34, 19, 1, 1396768835, 1605789575, 0, 18, 273806732, 1
2, 34, 19, 1, 1396768835, 1605789575, 0, 17, 258929714, 1
2, 34, 19, 1, 1396768835, 1605789575, 0, 16, 275112821, 1
2, 34, 19, 1, 1396768835, 1605789575, 0, 15, 275597197, 1
2, 34, 19, 1, 1396768835, 1605789575, 0, 14, 254072446, 1
2, 34, 19, 1, 1396768835, 1605789575, 0, 13, 232890254, 1
2, 34, 19, 1, 1396768835, 1605789575, 0, 12, 205630329, 1
2, 34, 19, 1, 1396768835, 1605789575, 0, 11, 224323995, 1
2, 34, 19, 1, 1396768835, 1605789575, 0, 10, 246756395, 1
2, 34, 19, 1, 1396768835, 1605789575, 0, 9, 274173772, 1
2, 34, 19, 1, 1396768835, 1605789575, 0, 8, 237435716, 1
2, 34, 19, 1, 1396768835, 1605789575, 0, 7, 193999023, 1
2, 34, 19, 1, 1396768835, 1605789575, 0, 6, 177051593, 1
2, 34, 19, 1, 1396768835, 1605789575, 0, 5, 111768895, 1
2, 34, 19, 1, 1396768835, 1605789575, 0, 4, 139711119, 1
2, 34, 19, 1, 1396768835, 1605789575, 0, 3, 71159948, 1
2, 34, 19, 1, 1396768835, 1605789575, 0, 2, 1, 1
2, 34, 19, 1, 1396768835, 1605789575, 0, 1, 1, 1
2, 35, 19, 1, 1605789576, 1703280456, 0, 18, 158925620, 1
2, 35, 19, 1, 1605789576, 1703280456, 0, 17, 168274186, 1
2, 35, 19, 1, 1605789576, 1703280456, 0, 16, 178791323, 1
2, 35, 19, 1, 1605789576, 1703280456, 0, 15, 190710744, 1
2, 35, 19, 1, 1605789576, 1703280456, 0, 14, 204332940, 1
2, 35, 19, 1, 1605789576, 1703280456, 0, 13, 220050858, 1
2, 35, 19, 1, 1605789576, 1703280456, 0, 12, 238388430, 1
2, 35, 19, 1, 1605789576, 1703280456, 0, 11, 260060105, 1
2, 35, 19, 1, 1605789576, 1703280456, 0, 10, 286066116, 1
2, 35, 19, 1, 1605789576, 1703280456, 0, 9, 317851240, 1
2, 35, 19, 1, 1605789576, 1703280456, 0, 8, 284858425, 1
2, 35, 19, 1, 1605789576, 1703280456, 0, 7, 260924892, 1
2, 35, 19, 1, 1605789576, 1703280456, 0, 6, 249047095, 1
2, 35, 19, 1, 1605789576, 1703280456, 0, 5, 198498550, 1
2, 35, 19, 1, 1605789576, 1703280456, 0, 4, 248123187, 1
2, 35, 19, 1, 1605789576, 1703280456, 0, 3, 184209228, 1
2, 35, 19, 1, 1605789576, 1703280456, 0, 2, 4160336, 1
2, 35, 19, 1, 1605789576, 1703280456, 0, 1, 1, 1
2, 36, 19, 1, 1703280457, 1740474060, 0, 18, 138067121, 1
2, 36, 19, 1, 1703280457, 1740474060, 0, 17, 146188716, 1
2, 36, 19, 1, 1703280457, 1740474060, 0, 16, 155325511, 1
2, 36, 19, 1, 1703280457, 1740474060, 0, 15, 165680545, 1
2, 36, 19, 1, 1703280457, 1740474060, 0, 14, 177514870, 1
2, 36, 19, 1, 1703280457, 1740474060, 0, 13, 191169860, 1
2, 36, 19, 1, 1703280457, 1740474060, 0, 12, 207100681, 1
2, 36, 19, 1, 1703280457, 1740474060, 0, 11, 225928016, 1
2, 36, 19, 1, 1703280457, 1740474060, 0, 10, 248520817, 1
2, 36, 19, 1, 1703280457, 1740474060, 0, 9, 208270106, 1
2, 36, 19, 1, 1703280457, 1740474060, 0, 8, 164657382, 1
2, 36, 19, 1, 1703280457, 1740474060, 0, 7, 188179865, 1
2, 36, 19, 1, 1703280457, 1740474060, 0, 6, 174831908, 1
2, 36, 19, 1, 1703280457, 1740474060, 0, 5, 106274891, 1
2, 36, 19, 1, 1703280457, 1740474060, 0, 4, 132843614, 1
2, 36, 19, 1, 1703280457, 1740474060, 0, 3, 177124819, 1
2, 36, 19, 1, 1703280457, 1740474060, 0, 2, 1831341, 1
2, 36, 19, 1, 1703280457, 1740474060, 0, 1, 3662682, 1
2, 37, 19, 1, 1740474061, 1984048907, 0, 18, 118438614, 1
2, 37, 19, 1, 1740474061, 1984048907, 0, 17, 125405591, 1
2, 37, 19, 1, 1740474061, 1984048907, 0, 16, 133243441, 1
2, 37, 19, 1, 1740474061, 1984048907, 0, 15, 142126337, 1
2, 37, 19, 1, 1740474061, 1984048907, 0, 14, 152278218, 1
2, 37, 19, 1, 1740474061, 1984048907, 0, 13, 163991927, 1
2, 37, 19, 1, 1740474061, 1984048907, 0, 12, 177657921, 1
2, 37, 19, 1, 1740474061, 1984048907, 0, 11, 193808641, 1
2, 37, 19, 1, 1740474061, 1984048907, 0, 10, 166311347, 1
2, 37, 19, 1, 1740474061, 1984048907, 0, 9, 184790386, 1
2, 37, 19, 1, 1740474061, 1984048907, 0, 8, 151440082, 1
2, 37, 19, 1, 1740474061, 1984048907, 0, 7, 173074379, 1
2, 37, 19, 1, 1740474061, 1984048907, 0, 6, 164110018, 1
2, 37, 19, 1, 1740474061, 1984048907, 0, 5, 120223572, 1
2, 37, 19, 1, 1740474061, 1984048907, 0, 4, 150279464, 1
2, 37, 19, 1, 1740474061, 1984048907, 0, 3, 143337435, 1
2, 37, 19, 1, 1740474061, 1984048907, 0, 2, 1, 1
2, 37, 19, 1, 1740474061, 1984048907, 0, 1, 1, 1
2, 38, 19, 1, 1984048908, 2009374501, 0, 18, 379855340, 1
2, 38, 19, 1, 1984048908, 2009374501, 0, 17, 402199772, 1
2, 38, 19, 1, 1984048908, 2009374501, 0, 16, 427337257, 1
2, 38, 19, 1, 1984048908, 2009374501, 0, 15, 413183938, 1
2, 38, 19, 1, 1984048908, 2009374501, 0, 14, 442697076, 1
2, 38, 19, 1, 1984048908, 2009374501, 0, 13, 427547847, 1
2, 38, 19, 1, 1984048908, 2009374501, 0, 12, 409873746, 1
2, 38, 19, 1, 1984048908, 2009374501, 0, 11, 447134996, 1
2, 38, 19, 1, 1984048908, 2009374501, 0, 10, 491848496, 1
2, 38, 19, 1, 1984048908, 2009374501, 0, 9, 546498328, 1
2, 38, 19, 1, 1984048908, 2009374501, 0, 8, 416986424, 1
2, 38, 19, 1, 1984048908, 2009374501, 0, 7, 431315239, 1
2, 38, 19, 1, 1984048908, 2009374501, 0, 6, 444405140, 1
2, 38, 19, 1, 1984048908, 2009374501, 0, 5, 388290354, 1
2, 38, 19, 1, 1984048908, 2009374501, 0, 4, 187911285, 1
2, 38, 19, 1, 1984048908, 2009374501, 0, 3, 250548379, 1
2, 38, 19, 1, 1984048908, 2009374501, 0, 2, 7697424, 1
2, 38, 19, 1, 1984048908, 2009374501, 0, 1, 755208, 1
2, 39, 19, 1, 2009374502, 2011204080, 0, 18, 1195770047, 1
2, 39, 19, 1, 2009374502, 2011204080, 0, 17, 1165942448, 1
2, 39, 19, 1, 2009374502, 2011204080, 0, 16, 1140752864, 1
2, 39, 19, 1, 2009374502, 2011204080, 0, 15, 1140584968, 1
2, 39, 19, 1, 2009374502, 2011204080, 0, 14, 1149204918, 1
2, 39, 19, 1, 2009374502, 2011204080, 0, 13, 1198209175, 1
2, 39, 19, 1, 2009374502, 2011204080, 0, 12, 1206147500, 1
2, 39, 19, 1, 2009374502, 2011204080, 0, 11, 1184789533, 1
2, 39, 19, 1, 2009374502, 2011204080, 0, 10, 1292177880, 1
2, 39, 19, 1, 2009374502, 2011204080, 0, 9, 1352703918, 1
2, 39, 19, 1, 2009374502, 2011204080, 0, 8, 1468291443, 1
2, 39, 19, 1, 2009374502, 2011204080, 0, 7, 1338912862, 1
2, 39, 19, 1, 2009374502, 2011204080, 0, 6, 1118563577, 1
2, 39, 19, 1, 2009374502, 2011204080, 0, 5, 735633932, 1
2, 39, 19, 1, 2009374502, 2011204080, 0, 4, 567158270, 1
2, 39, 19, 1, 2009374502, 2011204080, 0, 3, 54030683, 1
2, 39, 19, 1, 2009374502, 2011204080, 0, 2, 37309880, 1
2, 39, 19, 1, 2009374502, 2011204080, 0, 1, 74619759, 1
2, 40, 19, 1, 2011204081, 2013549061, 0, 18, 2442155384, 1
2, 40, 19, 1, 2011204081, 2013549061, 0, 17, 2372833150, 1
2, 40, 19, 1, 2011204081, 2013549061, 0, 16, 2303212099, 1
2, 40, 19, 1, 2011204081, 2013549061, 0, 15, 2252688542, 1
2, 40, 19, 1, 2011204081, 2013549061, 0, 14, 2203759165, 1
2, 40, 19, 1, 2011204081, 2013549061, 0, 13, 2186360352, 1
2, 40, 19, 1, 2011204081, 2013549061, 0, 12, 2116828429, 1
2, 40, 19, 1, 2011204081, 2013549061, 0, 11, 2003914715, 1
2, 40, 19, 1, 2011204081, 2013549061, 0, 10, 2001436163, 1
2, 40, 19, 1, 2011204081, 2013549061, 0, 9, 1927680438, 1
2, 40, 19, 1, 2011204081, 2013549061, 0, 8, 1875415759, 1
2, 40, 19, 1, 2011204081, 2013549061, 0, 7, 1530227201, 1
2, 40, 19, 1, 2011204081, 2013549061, 0, 6, 1404906230, 1
2, 40, 19, 1, 2011204081, 2013549061, 0, 5, 1095567048, 1
2, 40, 19, 1, 2011204081, 2013549061, 0, 4, 537626127, 1
2, 40, 19, 1, 2011204081, 2013549061, 0, 3, 77723727, 1
2, 40, 19, 1, 2011204081, 2013549061, 0, 2, 14714636, 1
2, 40, 19, 1, 2011204081, 2013549061, 0, 1, 23241540, 1
2, 41, 19, 1, 2013549062, 2096458027, 0, 18, 1458274135, 1
2, 41, 19, 1, 2013549062, 2096458027, 0, 17, 1451008254, 1
2, 41, 19, 1, 2013549062, 2096458027, 0, 16, 1442834137, 1
2, 41, 19, 1, 2013549062, 2096458027, 0, 15, 1332283967, 1
2, 41, 19, 1, 2013549062, 2096458027, 0, 14, 1214752745, 1
2, 41, 19, 1, 2013549062, 2096458027, 0, 13, 1118197959, 1
2, 41, 19, 1, 2013549062, 2096458027, 0, 12, 956317400, 1
2, 41, 19, 1, 2013549062, 2096458027, 0, 11, 855916977, 1
2, 41, 19, 1, 2013549062, 2096458027, 0, 10, 734636528, 1
2, 41, 19, 1, 2013549062, 2096458027, 0, 9, 620335533, 1
2, 41, 19, 1, 2013549062, 2096458027, 0, 8, 538081797, 1
2, 41, 19, 1, 2013549062, 2096458027, 0, 7, 450029991, 1
2, 41, 19, 1, 2013549062, 2096458027, 0, 6, 348346092, 1
2, 41, 19, 1, 2013549062, 2096458027, 0, 5, 253793968, 1
2, 41, 19, 1, 2013549062, 2096458027, 0, 4, 158066443, 1
2, 41, 19, 1, 2013549062, 2096458027, 0, 3, 70406297, 1
2, 41, 19, 1, 2013549062, 2096458027, 0, 2, 1, 1
2, 41, 19, 1, 2013549062, 2096458027, 0, 1, 1, 1
