1,1.0,99944028.0,2027878471.4424906
2,99944029.0,138712871.0,3374829148.9431777
3,138712872.0,177244188.0,3162487893.965512
4,177244189.0,205234668.0,3286559002.951529
5,205234669.0,278090977.0,3103628665.586726
6,278090978.0,302358295.0,3395195253.7460356
7,302358296.0,420016038.0,3177537089.4363375
8,420016039.0,452559346.0,3771271520.2991085
9,452559347.0,519522789.0,3705420453.5827427
10,519522790.0,561557595.0,3897177960.1751084
11,561557596.0,675857124.0,3788569545.2303247
12,675857125.0,709225687.0,4067351938.764499
13,709225688.0,735305529.0,3720082850.721012
14,735305530.0,775681377.0,3891644456.187349
15,775681378.0,852928323.0,3623028491.7353477
16,852928324.0,922490230.0,3849737799.7640114
17,922490231.0,948001024.0,3979650457.3482723
18,948001025.0,974956191.0,3250255760.8782654
19,974956192.0,1030129846.0,3093334719.758872
20,1030129847.0,1064822301.0,3471496979.3101645
21,1064822302.0,1099083208.0,3177271859.66773
22,1099083209.0,1140727642.0,3513605148.11738
23,1140727643.0,1167824831.0,3283603078.0554347
24,1167824832.0,1203184400.0,3448186243.1694107
25,1203184401.0,1248943004.0,3176061760.8771873
26,1248943005.0,1286416894.0,3123207693.248518
27,1286416895.0,1316164669.0,3403001437.345473
28,1316164670.0,1339854206.0,3591099436.0434637
29,1339854207.0,1385890971.0,3892838071.0392118
30,1385890972.0,1547556817.0,3667102653.8548965
31,1547556818.0,1603166123.0,3603234173.461773
32,1603166124.0,1684370736.0,3687084309.0528755
33,1684370737.0,1745198024.0,3733039496.164597
34,1745198025.0,1790534046.0,3411665342.4692273
35,1790534047.0,1805616939.0,3681511534.186005
36,1805616940.0,1879260877.0,3963455414.6379743
37,1879260878.0,1918369377.0,4124707145.540386
38,1918369378.0,1930789421.0,3783957678.3762507
39,1930789422.0,1966739462.0,3503503450.376755
40,1966739463.0,2144937052.0,3792561510.776643
41,2144937053.0,2196025834.0,3622801435.932812
