2, 1, 18, 9, 1, 99334158, 1, 10, 215932918, 1
2, 1, 18, 9, 1, 99334158, 1, 9, 192948800, 1
2, 1, 18, 9, 1, 99334158, 1, 8, 177966408, 1
2, 1, 18, 9, 1, 99334158, 1, 7, 189843147, 1
2, 1, 18, 9, 1, 99334158, 1, 6, 205481803, 1
2, 1, 18, 9, 1, 99334158, 1, 5, 215549479, 1
2, 1, 18, 9, 1, 99334158, 1, 4, 246139377, 1
2, 1, 18, 9, 1, 99334158, 1, 3, 244570483, 1
2, 1, 18, 9, 1, 99334158, 1, 2, 154027678, 1
2, 1, 18, 9, 1, 99334158, 1, 1, 180916520, 1
2, 1, 18, 9, 1, 99334158, 1, 0, 32176904, 0
2, 1, 18, 9, 1, 99334158, 0, 10, 180366377, 1
2, 1, 18, 9, 1, 99334158, 0, 9, 152194437, 1
2, 1, 18, 9, 1, 99334158, 0, 8, 154641549, 1
2, 1, 18, 9, 1, 99334158, 0, 7, 163743474, 1
2, 1, 18, 9, 1, 99334158, 0, 6, 191034053, 1
2, 1, 18, 9, 1, 99334158, 0, 5, 208766099, 1
2, 1, 18, 9, 1, 99334158, 0, 4, 222010157, 1
2, 1, 18, 9, 1, 99334158, 0, 3, 280731561, 1
2, 1, 18, 9, 1, 99334158, 0, 2, 176147770, 1
2, 1, 18, 9, 1, 99334158, 0, 1, 231745211, 1
2, 2, 18, 9, 99334159, 159939289, 1, 10, 176104001, 1
2, 2, 18, 9, 99334159, 159939289, 1, 9, 157243460, 1
2, 2, 18, 9, 99334159, 159939289, 1, 8, 170685797, 1
2, 2, 18, 9, 99334159, 159939289, 1, 7, 180412625, 1
2, 2, 18, 9, 99334159, 159939289, 1, 6, 191280523, 1
2, 2, 18, 9, 99334159, 159939289, 1, 5, 197949310, 1
2, 2, 18, 9, 99334159, 159939289, 1, 4, 200053433, 1
2, 2, 18, 9, 99334159, 159939289, 1, 3, 147859514, 1
2, 2, 18, 9, 99334159, 159939289, 1, 2, 142988595, 1
2, 2, 18, 9, 99334159, 159939289, 1, 1, 223087993, 1
2, 2, 18, 9, 99334159, 159939289, 1, 0, 11883305, 0
2, 2, 18, 9, 99334159, 159939289, 0, 10, 172711138, 1
2, 2, 18, 9, 99334159, 159939289, 0, 9, 172622816, 1
2, 2, 18, 9, 99334159, 159939289, 0, 8, 183454769, 1
2, 2, 18, 9, 99334159, 159939289, 0, 7, 194888821, 1
2, 2, 18, 9, 99334159, 159939289, 0, 6, 227370292, 1
2, 2, 18, 9, 99334159, 159939289, 0, 5, 211003471, 1
2, 2, 18, 9, 99334159, 159939289, 0, 4, 247757515, 1
2, 2, 18, 9, 99334159, 159939289, 0, 3, 171310412, 1
2, 2, 18, 9, 99334159, 159939289, 0, 2, 219861168, 1
2, 2, 18, 9, 99334159, 159939289, 0, 1, 394043339, 1
2, 3, 18, 9, 159939290, 175770638, 1, 10, 8410945, 1
2, 3, 18, 9, 159939290, 175770638, 1, 9, 9296308, 1
2, 3, 18, 9, 159939290, 175770638, 1, 8, 10389991, 1
2, 3, 18, 9, 159939290, 175770638, 1, 7, 11775323, 1
2, 3, 18, 9, 159939290, 175770638, 1, 6, 9077020, 1
2, 3, 18, 9, 159939290, 175770638, 1, 5, 10727387, 1
2, 3, 18, 9, 159939290, 175770638, 1, 4, 13111251, 1
2, 3, 18, 9, 159939290, 175770638, 1, 3, 16857323, 1
2, 3, 18, 9, 159939290, 175770638, 1, 2, 23600251, 1
2, 3, 18, 9, 159939290, 175770638, 1, 1, 39333752, 1
2, 3, 18, 9, 159939290, 175770638, 1, 0, 1, 0
2, 3, 18, 9, 159939290, 175770638, 0, 10, 1, 1
2, 3, 18, 9, 159939290, 175770638, 0, 9, 1, 1
2, 3, 18, 9, 159939290, 175770638, 0, 8, 1, 1
2, 3, 18, 9, 159939290, 175770638, 0, 7, 1, 1
2, 3, 18, 9, 159939290, 175770638, 0, 6, 1, 1
2, 3, 18, 9, 159939290, 175770638, 0, 5, 1, 1
2, 3, 18, 9, 159939290, 175770638, 0, 4, 1, 1
2, 3, 18, 9, 159939290, 175770638, 0, 3, 1, 1
2, 3, 18, 9, 159939290, 175770638, 0, 2, 1, 1
2, 3, 18, 9, 159939290, 175770638, 0, 1, 1, 1
2, 4, 18, 9, 175770639, 208061816, 1, 10, 1362707415, 0
2, 4, 18, 9, 175770639, 208061816, 1, 9, 1401097194, 0
2, 4, 18, 9, 175770639, 208061816, 1, 8, 1398000938, 0
2, 4, 18, 9, 175770639, 208061816, 1, 7, 1435543671, 0
2, 4, 18, 9, 175770639, 208061816, 1, 6, 1431587271, 0
2, 4, 18, 9, 175770639, 208061816, 1, 5, 1441313871, 0
2, 4, 18, 9, 175770639, 208061816, 1, 4, 1470460583, 0
2, 4, 18, 9, 175770639, 208061816, 1, 3, 1495640598, 0
2, 4, 18, 9, 175770639, 208061816, 1, 2, 1459210701, 0
2, 4, 18, 9, 175770639, 208061816, 1, 1, 1377046626, 0
2, 4, 18, 9, 175770639, 208061816, 1, 0, 1500897138, 0
2, 4, 18, 9, 175770639, 208061816, 0, 10, 1284610495, 1
2, 4, 18, 9, 175770639, 208061816, 0, 9, 1375848171, 1
2, 4, 18, 9, 175770639, 208061816, 0, 8, 1379967350, 1
2, 4, 18, 9, 175770639, 208061816, 0, 7, 1374865756, 1
2, 4, 18, 9, 175770639, 208061816, 0, 6, 1367750438, 1
2, 4, 18, 9, 175770639, 208061816, 0, 5, 1381294550, 1
2, 4, 18, 9, 175770639, 208061816, 0, 4, 1428568914, 1
2, 4, 18, 9, 175770639, 208061816, 0, 3, 1467595766, 1
2, 4, 18, 9, 175770639, 208061816, 0, 2, 1404862114, 1
2, 4, 18, 9, 175770639, 208061816, 0, 1, 1181899908, 1
2, 5, 18, 9, 208061817, 229062896, 1, 10, 3428765, 0
2, 5, 18, 9, 208061817, 229062896, 1, 9, 3789687, 0
2, 5, 18, 9, 208061817, 229062896, 1, 8, 3052217, 0
2, 5, 18, 9, 208061817, 229062896, 1, 7, 3459179, 0
2, 5, 18, 9, 208061817, 229062896, 1, 6, 3991360, 0
2, 5, 18, 9, 208061817, 229062896, 1, 5, 4717062, 0
2, 5, 18, 9, 208061817, 229062896, 1, 4, 5354110, 0
2, 5, 18, 9, 208061817, 229062896, 1, 3, 6883855, 0
2, 5, 18, 9, 208061817, 229062896, 1, 2, 5312790, 0
2, 5, 18, 9, 208061817, 229062896, 1, 1, 8854649, 0
2, 5, 18, 9, 208061817, 229062896, 1, 0, 19623220, 0
2, 5, 18, 9, 208061817, 229062896, 0, 10, 1090330, 1
2, 5, 18, 9, 208061817, 229062896, 0, 9, 1211478, 1
2, 5, 18, 9, 208061817, 229062896, 0, 8, 1, 1
2, 5, 18, 9, 208061817, 229062896, 0, 7, 1, 1
2, 5, 18, 9, 208061817, 229062896, 0, 6, 1, 1
2, 5, 18, 9, 208061817, 229062896, 0, 5, 1, 1
2, 5, 18, 9, 208061817, 229062896, 0, 4, 1, 1
2, 5, 18, 9, 208061817, 229062896, 0, 3, 1, 1
2, 5, 18, 9, 208061817, 229062896, 0, 2, 1, 1
2, 5, 18, 9, 208061817, 229062896, 0, 1, 1, 1
2, 6, 18, 9, 229062897, 276050922, 1, 10, 443324588, 0
2, 6, 18, 9, 229062897, 276050922, 1, 9, 463224775, 0
2, 6, 18, 9, 229062897, 276050922, 1, 8, 452434669, 0
2, 6, 18, 9, 229062897, 276050922, 1, 7, 476445263, 0
2, 6, 18, 9, 229062897, 276050922, 1, 6, 469907783, 0
2, 6, 18, 9, 229062897, 276050922, 1, 5, 512138389, 0
2, 6, 18, 9, 229062897, 276050922, 1, 4, 499195575, 0
2, 6, 18, 9, 229062897, 276050922, 1, 3, 491673160, 0
2, 6, 18, 9, 229062897, 276050922, 1, 2, 468710899, 0
2, 6, 18, 9, 229062897, 276050922, 1, 1, 544478425, 0
2, 6, 18, 9, 229062897, 276050922, 1, 0, 584571192, 0
2, 6, 18, 9, 229062897, 276050922, 0, 10, 484767696, 1
2, 6, 18, 9, 229062897, 276050922, 0, 9, 538630773, 1
2, 6, 18, 9, 229062897, 276050922, 0, 8, 535861683, 1
2, 6, 18, 9, 229062897, 276050922, 0, 7, 541019591, 1
2, 6, 18, 9, 229062897, 276050922, 0, 6, 552370287, 1
2, 6, 18, 9, 229062897, 276050922, 0, 5, 567788565, 1
2, 6, 18, 9, 229062897, 276050922, 0, 4, 565178999, 1
2, 6, 18, 9, 229062897, 276050922, 0, 3, 570357085, 1
2, 6, 18, 9, 229062897, 276050922, 0, 2, 559414659, 1
2, 6, 18, 9, 229062897, 276050922, 0, 1, 506447270, 1
2, 7, 18, 9, 276050923, 315809412, 1, 10, 156300742, 0
2, 7, 18, 9, 276050923, 315809412, 1, 9, 159355649, 0
2, 7, 18, 9, 276050923, 315809412, 1, 8, 151044864, 0
2, 7, 18, 9, 276050923, 315809412, 1, 7, 152873021, 0
2, 7, 18, 9, 276050923, 315809412, 1, 6, 140788680, 0
2, 7, 18, 9, 276050923, 315809412, 1, 5, 144509477, 0
2, 7, 18, 9, 276050923, 315809412, 1, 4, 148713925, 0
2, 7, 18, 9, 276050923, 315809412, 1, 3, 121095219, 0
2, 7, 18, 9, 276050923, 315809412, 1, 2, 118573413, 0
2, 7, 18, 9, 276050923, 315809412, 1, 1, 134941708, 0
2, 7, 18, 9, 276050923, 315809412, 1, 0, 209865014, 0
2, 7, 18, 9, 276050923, 315809412, 0, 10, 141472433, 1
2, 7, 18, 9, 276050923, 315809412, 0, 9, 157191592, 1
2, 7, 18, 9, 276050923, 315809412, 0, 8, 148293801, 1
2, 7, 18, 9, 276050923, 315809412, 0, 7, 130240434, 1
2, 7, 18, 9, 276050923, 315809412, 0, 6, 111941517, 1
2, 7, 18, 9, 276050923, 315809412, 0, 5, 86200102, 1
2, 7, 18, 9, 276050923, 315809412, 0, 4, 107750127, 1
2, 7, 18, 9, 276050923, 315809412, 0, 3, 62680647, 1
2, 7, 18, 9, 276050923, 315809412, 0, 2, 94020971, 1
2, 7, 18, 9, 276050923, 315809412, 0, 1, 1, 1
2, 8, 18, 9, 315809413, 344432386, 1, 10, 178772286, 0
2, 8, 18, 9, 315809413, 344432386, 1, 9, 183420455, 0
2, 8, 18, 9, 315809413, 344432386, 1, 8, 170460907, 0
2, 8, 18, 9, 315809413, 344432386, 1, 7, 172447858, 0
2, 8, 18, 9, 315809413, 344432386, 1, 6, 157513900, 0
2, 8, 18, 9, 315809413, 344432386, 1, 5, 179587867, 0
2, 8, 18, 9, 315809413, 344432386, 1, 4, 186223481, 0
2, 8, 18, 9, 315809413, 344432386, 1, 3, 154913022, 0
2, 8, 18, 9, 315809413, 344432386, 1, 2, 157809852, 0
2, 8, 18, 9, 315809413, 344432386, 1, 1, 172169598, 0
2, 8, 18, 9, 315809413, 344432386, 1, 0, 241362662, 0
2, 8, 18, 9, 315809413, 344432386, 0, 10, 152152923, 1
2, 8, 18, 9, 315809413, 344432386, 0, 9, 169058803, 1
2, 8, 18, 9, 315809413, 344432386, 0, 8, 155371986, 1
2, 8, 18, 9, 315809413, 344432386, 0, 7, 133122620, 1
2, 8, 18, 9, 315809413, 344432386, 0, 6, 108012846, 1
2, 8, 18, 9, 315809413, 344432386, 0, 5, 115172583, 1
2, 8, 18, 9, 315809413, 344432386, 0, 4, 143965728, 1
2, 8, 18, 9, 315809413, 344432386, 0, 3, 90846822, 1
2, 8, 18, 9, 315809413, 344432386, 0, 2, 136270233, 1
2, 8, 18, 9, 315809413, 344432386, 0, 1, 1, 1
2, 9, 18, 9, 344432387, 379573339, 1, 10, 60314127, 0
2, 9, 18, 9, 344432387, 379573339, 1, 9, 64498406, 0
2, 9, 18, 9, 344432387, 379573339, 1, 8, 58364130, 0
2, 9, 18, 9, 344432387, 379573339, 1, 7, 58628473, 0
2, 9, 18, 9, 344432387, 379573339, 1, 6, 46947771, 0
2, 9, 18, 9, 344432387, 379573339, 1, 5, 55483729, 0
2, 9, 18, 9, 344432387, 379573339, 1, 4, 54439429, 0
2, 9, 18, 9, 344432387, 379573339, 1, 3, 36175704, 0
2, 9, 18, 9, 344432387, 379573339, 1, 2, 28741128, 0
2, 9, 18, 9, 344432387, 379573339, 1, 1, 36617956, 0
2, 9, 18, 9, 344432387, 379573339, 1, 0, 106397105, 0
2, 9, 18, 9, 344432387, 379573339, 0, 10, 51031124, 1
2, 9, 18, 9, 344432387, 379573339, 0, 9, 56701249, 1
2, 9, 18, 9, 344432387, 379573339, 0, 8, 50843198, 1
2, 9, 18, 9, 344432387, 379573339, 0, 7, 41997495, 1
2, 9, 18, 9, 344432387, 379573339, 0, 6, 24194460, 1
2, 9, 18, 9, 344432387, 379573339, 0, 5, 29033352, 1
2, 9, 18, 9, 344432387, 379573339, 0, 4, 36291690, 1
2, 9, 18, 9, 344432387, 379573339, 0, 3, 11283924, 1
2, 9, 18, 9, 344432387, 379573339, 0, 2, 16925886, 1
2, 9, 18, 9, 344432387, 379573339, 0, 1, 1, 1
2, 10, 18, 9, 379573340, 389916734, 1, 10, 301154750, 1
2, 10, 18, 9, 379573340, 389916734, 1, 9, 288536785, 1
2, 10, 18, 9, 379573340, 389916734, 1, 8, 279965093, 1
2, 10, 18, 9, 379573340, 389916734, 1, 7, 276041254, 1
2, 10, 18, 9, 379573340, 389916734, 1, 6, 229353740, 1
2, 10, 18, 9, 379573340, 389916734, 1, 5, 180921068, 1
2, 10, 18, 9, 379573340, 389916734, 1, 4, 139235652, 1
2, 10, 18, 9, 379573340, 389916734, 1, 3, 142106920, 1
2, 10, 18, 9, 379573340, 389916734, 1, 2, 127918453, 1
2, 10, 18, 9, 379573340, 389916734, 1, 1, 6590897, 1
2, 10, 18, 9, 379573340, 389916734, 1, 0, 1, 0
2, 10, 18, 9, 379573340, 389916734, 0, 10, 320417506, 1
2, 10, 18, 9, 379573340, 389916734, 0, 9, 304467869, 1
2, 10, 18, 9, 379573340, 389916734, 0, 8, 297210870, 1
2, 10, 18, 9, 379573340, 389916734, 0, 7, 298273621, 1
2, 10, 18, 9, 379573340, 389916734, 0, 6, 223150155, 1
2, 10, 18, 9, 379573340, 389916734, 0, 5, 177109511, 1
2, 10, 18, 9, 379573340, 389916734, 0, 4, 92883157, 1
2, 10, 18, 9, 379573340, 389916734, 0, 3, 71924196, 1
2, 10, 18, 9, 379573340, 389916734, 0, 2, 1, 1
2, 10, 18, 9, 379573340, 389916734, 0, 1, 1, 1
2, 11, 18, 9, 389916735, 395662713, 1, 10, 903353489, 1
2, 11, 18, 9, 389916735, 395662713, 1, 9, 853412387, 1
2, 11, 18, 9, 389916735, 395662713, 1, 8, 734243988, 1
2, 11, 18, 9, 389916735, 395662713, 1, 7, 590230986, 1
2, 11, 18, 9, 389916735, 395662713, 1, 6, 552853792, 1
2, 11, 18, 9, 389916735, 395662713, 1, 5, 484600491, 1
2, 11, 18, 9, 389916735, 395662713, 1, 4, 435413591, 1
2, 11, 18, 9, 389916735, 395662713, 1, 3, 402164237, 1
2, 11, 18, 9, 389916735, 395662713, 1, 2, 374802309, 1
2, 11, 18, 9, 389916735, 395662713, 1, 1, 84722026, 1
2, 11, 18, 9, 389916735, 395662713, 1, 0, 1, 0
2, 11, 18, 9, 389916735, 395662713, 0, 10, 929684065, 1
2, 11, 18, 9, 389916735, 395662713, 0, 9, 936031882, 1
2, 11, 18, 9, 389916735, 395662713, 0, 8, 819601932, 1
2, 11, 18, 9, 389916735, 395662713, 0, 7, 680299461, 1
2, 11, 18, 9, 389916735, 395662713, 0, 6, 666957707, 1
2, 11, 18, 9, 389916735, 395662713, 0, 5, 605990528, 1
2, 11, 18, 9, 389916735, 395662713, 0, 4, 571650478, 1
2, 11, 18, 9, 389916735, 395662713, 0, 3, 572932795, 1
2, 11, 18, 9, 389916735, 395662713, 0, 2, 644438863, 1
2, 11, 18, 9, 389916735, 395662713, 0, 1, 128135910, 1
2, 12, 18, 9, 395662714, 403440784, 1, 10, 830549258, 1
2, 12, 18, 9, 395662714, 403440784, 1, 9, 787749086, 1
2, 12, 18, 9, 395662714, 403440784, 1, 8, 736556040, 1
2, 12, 18, 9, 395662714, 403440784, 1, 7, 686249856, 1
2, 12, 18, 9, 395662714, 403440784, 1, 6, 613830353, 1
2, 12, 18, 9, 395662714, 403440784, 1, 5, 497792086, 1
2, 12, 18, 9, 395662714, 403440784, 1, 4, 379582458, 1
2, 12, 18, 9, 395662714, 403440784, 1, 3, 237868817, 1
2, 12, 18, 9, 395662714, 403440784, 1, 2, 164701332, 1
2, 12, 18, 9, 395662714, 403440784, 1, 1, 89980650, 1
2, 12, 18, 9, 395662714, 403440784, 1, 0, 1, 0
2, 12, 18, 9, 395662714, 403440784, 0, 10, 859776949, 1
2, 12, 18, 9, 395662714, 403440784, 0, 9, 822380212, 1
2, 12, 18, 9, 395662714, 403440784, 0, 8, 774710313, 1
2, 12, 18, 9, 395662714, 403440784, 0, 7, 732366514, 1
2, 12, 18, 9, 395662714, 403440784, 0, 6, 673736956, 1
2, 12, 18, 9, 395662714, 403440784, 0, 5, 549366852, 1
2, 12, 18, 9, 395662714, 403440784, 0, 4, 419922416, 1
2, 12, 18, 9, 395662714, 403440784, 0, 3, 262697421, 1
2, 12, 18, 9, 395662714, 403440784, 0, 2, 183250973, 1
2, 12, 18, 9, 395662714, 403440784, 0, 1, 130556363, 1
2, 13, 18, 9, 403440785, 447228831, 1, 10, 579299852, 1
2, 13, 18, 9, 403440785, 447228831, 1, 9, 549880361, 1
2, 13, 18, 9, 403440785, 447228831, 1, 8, 514578744, 1
2, 13, 18, 9, 403440785, 447228831, 1, 7, 466459501, 1
2, 13, 18, 9, 403440785, 447228831, 1, 6, 406885736, 1
2, 13, 18, 9, 403440785, 447228831, 1, 5, 336575746, 1
2, 13, 18, 9, 403440785, 447228831, 1, 4, 279080938, 1
2, 13, 18, 9, 403440785, 447228831, 1, 3, 223201935, 1
2, 13, 18, 9, 403440785, 447228831, 1, 2, 151781334, 1
2, 13, 18, 9, 403440785, 447228831, 1, 1, 89651968, 1
2, 13, 18, 9, 403440785, 447228831, 1, 0, 1088247, 0
2, 13, 18, 9, 403440785, 447228831, 0, 10, 607055941, 1
2, 13, 18, 9, 403440785, 447228831, 0, 9, 580041860, 1
2, 13, 18, 9, 403440785, 447228831, 0, 8, 548469575, 1
2, 13, 18, 9, 403440785, 447228831, 0, 7, 499944959, 1
2, 13, 18, 9, 403440785, 447228831, 0, 6, 444944345, 1
2, 13, 18, 9, 403440785, 447228831, 0, 5, 366651905, 1
2, 13, 18, 9, 403440785, 447228831, 0, 4, 311448205, 1
2, 13, 18, 9, 403440785, 447228831, 0, 3, 253385441, 1
2, 13, 18, 9, 403440785, 447228831, 0, 2, 192567733, 1
2, 13, 18, 9, 403440785, 447228831, 0, 1, 139734130, 1
2, 14, 18, 9, 447228832, 451982444, 1, 10, 414129154, 1
2, 14, 18, 9, 447228832, 451982444, 1, 9, 397347115, 1
2, 14, 18, 9, 447228832, 451982444, 1, 8, 377957756, 1
2, 14, 18, 9, 447228832, 451982444, 1, 7, 352100553, 1
2, 14, 18, 9, 447228832, 451982444, 1, 6, 321688920, 1
2, 14, 18, 9, 447228832, 451982444, 1, 5, 288208993, 1
2, 14, 18, 9, 447228832, 451982444, 1, 4, 258913086, 1
2, 14, 18, 9, 447228832, 451982444, 1, 3, 203754636, 1
2, 14, 18, 9, 447228832, 451982444, 1, 2, 153500408, 1
2, 14, 18, 9, 447228832, 451982444, 1, 1, 87577487, 1
2, 14, 18, 9, 447228832, 451982444, 1, 0, 1, 0
2, 14, 18, 9, 447228832, 451982444, 0, 10, 425108694, 1
2, 14, 18, 9, 447228832, 451982444, 0, 9, 408145351, 1
2, 14, 18, 9, 447228832, 451982444, 0, 8, 388934030, 1
2, 14, 18, 9, 447228832, 451982444, 0, 7, 362748715, 1
2, 14, 18, 9, 447228832, 451982444, 0, 6, 331789302, 1
2, 14, 18, 9, 447228832, 451982444, 0, 5, 295171953, 1
2, 14, 18, 9, 447228832, 451982444, 0, 4, 282488999, 1
2, 14, 18, 9, 447228832, 451982444, 0, 3, 227223780, 1
2, 14, 18, 9, 447228832, 451982444, 0, 2, 198178507, 1
2, 14, 18, 9, 447228832, 451982444, 0, 1, 136146573, 1
2, 15, 18, 9, 451982445, 461790854, 1, 10, 305613763, 1
2, 15, 18, 9, 451982445, 461790854, 1, 9, 290453421, 1
2, 15, 18, 9, 451982445, 461790854, 1, 8, 273067336, 1
2, 15, 18, 9, 451982445, 461790854, 1, 7, 249747613, 1
2, 15, 18, 9, 451982445, 461790854, 1, 6, 222654222, 1
2, 15, 18, 9, 451982445, 461790854, 1, 5, 194486650, 1
2, 15, 18, 9, 451982445, 461790854, 1, 4, 171901671, 1
2, 15, 18, 9, 451982445, 461790854, 1, 3, 127288965, 1
2, 15, 18, 9, 451982445, 461790854, 1, 2, 96017076, 1
2, 15, 18, 9, 451982445, 461790854, 1, 1, 4963142, 1
2, 15, 18, 9, 451982445, 461790854, 1, 0, 1, 0
2, 15, 18, 9, 451982445, 461790854, 0, 10, 313314147, 1
2, 15, 18, 9, 451982445, 461790854, 0, 9, 297698246, 1
2, 15, 18, 9, 451982445, 461790854, 0, 8, 280171227, 1
2, 15, 18, 9, 451982445, 461790854, 0, 7, 256151442, 1
2, 15, 18, 9, 451982445, 461790854, 0, 6, 228079403, 1
2, 15, 18, 9, 451982445, 461790854, 0, 5, 195504378, 1
2, 15, 18, 9, 451982445, 461790854, 0, 4, 188884910, 1
2, 15, 18, 9, 451982445, 461790854, 0, 3, 143725500, 1
2, 15, 18, 9, 451982445, 461790854, 0, 2, 134891846, 1
2, 15, 18, 9, 451982445, 461790854, 0, 1, 12225055, 1
2, 16, 18, 9, 461790855, 487487974, 1, 10, 150939258, 1
2, 16, 18, 9, 461790855, 487487974, 1, 9, 151787672, 1
2, 16, 18, 9, 461790855, 487487974, 1, 8, 143981117, 1
2, 16, 18, 9, 461790855, 487487974, 1, 7, 132923528, 1
2, 16, 18, 9, 461790855, 487487974, 1, 6, 122989179, 1
2, 16, 18, 9, 461790855, 487487974, 1, 5, 112968066, 1
2, 16, 18, 9, 461790855, 487487974, 1, 4, 101030574, 1
2, 16, 18, 9, 461790855, 487487974, 1, 3, 92198814, 1
2, 16, 18, 9, 461790855, 487487974, 1, 2, 104339357, 1
2, 16, 18, 9, 461790855, 487487974, 1, 1, 94670680, 1
2, 16, 18, 9, 461790855, 487487974, 1, 0, 48289781, 0
2, 16, 18, 9, 461790855, 487487974, 0, 10, 159274448, 1
2, 16, 18, 9, 461790855, 487487974, 0, 9, 153664574, 1
2, 16, 18, 9, 461790855, 487487974, 0, 8, 149067714, 1
2, 16, 18, 9, 461790855, 487487974, 0, 7, 137699278, 1
2, 16, 18, 9, 461790855, 487487974, 0, 6, 121834524, 1
2, 16, 18, 9, 461790855, 487487974, 0, 5, 97250970, 1
2, 16, 18, 9, 461790855, 487487974, 0, 4, 95145728, 1
2, 16, 18, 9, 461790855, 487487974, 0, 3, 81414336, 1
2, 16, 18, 9, 461790855, 487487974, 0, 2, 122121504, 1
2, 16, 18, 9, 461790855, 487487974, 0, 1, 121081528, 1
2, 17, 18, 9, 487487975, 504397481, 1, 10, 238979945, 1
2, 17, 18, 9, 487487975, 504397481, 1, 9, 231547712, 1
2, 17, 18, 9, 487487975, 504397481, 1, 8, 222068949, 1
2, 17, 18, 9, 487487975, 504397481, 1, 7, 206397406, 1
2, 17, 18, 9, 487487975, 504397481, 1, 6, 192154391, 1
2, 17, 18, 9, 487487975, 504397481, 1, 5, 180036853, 1
2, 17, 18, 9, 487487975, 504397481, 1, 4, 186247376, 1
2, 17, 18, 9, 487487975, 504397481, 1, 3, 178793291, 1
2, 17, 18, 9, 487487975, 504397481, 1, 2, 120619870, 1
2, 17, 18, 9, 487487975, 504397481, 1, 1, 75565608, 1
2, 17, 18, 9, 487487975, 504397481, 1, 0, 39167373, 0
2, 17, 18, 9, 487487975, 504397481, 0, 10, 237519114, 1
2, 17, 18, 9, 487487975, 504397481, 0, 9, 225583862, 1
2, 17, 18, 9, 487487975, 504397481, 0, 8, 219785766, 1
2, 17, 18, 9, 487487975, 504397481, 0, 7, 203521290, 1
2, 17, 18, 9, 487487975, 504397481, 0, 6, 192834930, 1
2, 17, 18, 9, 487487975, 504397481, 0, 5, 185932751, 1
2, 17, 18, 9, 487487975, 504397481, 0, 4, 208271344, 1
2, 17, 18, 9, 487487975, 504397481, 0, 3, 206282673, 1
2, 17, 18, 9, 487487975, 504397481, 0, 2, 152234266, 1
2, 17, 18, 9, 487487975, 504397481, 0, 1, 93764726, 1
2, 18, 18, 9, 504397482, 529059653, 1, 10, 876056807, 1
2, 18, 18, 9, 504397482, 529059653, 1, 9, 901487481, 1
2, 18, 18, 9, 504397482, 529059653, 1, 8, 932698114, 1
2, 18, 18, 9, 504397482, 529059653, 1, 7, 889166917, 1
2, 18, 18, 9, 504397482, 529059653, 1, 6, 860706219, 1
2, 18, 18, 9, 504397482, 529059653, 1, 5, 839596960, 1
2, 18, 18, 9, 504397482, 529059653, 1, 4, 826375899, 1
2, 18, 18, 9, 504397482, 529059653, 1, 3, 863035936, 1
2, 18, 18, 9, 504397482, 529059653, 1, 2, 935199668, 1
2, 18, 18, 9, 504397482, 529059653, 1, 1, 937186282, 1
2, 18, 18, 9, 504397482, 529059653, 1, 0, 1, 0
2, 18, 18, 9, 504397482, 529059653, 0, 10, 808628932, 1
2, 18, 18, 9, 504397482, 529059653, 0, 9, 898476591, 1
2, 18, 18, 9, 504397482, 529059653, 0, 8, 851736891, 1
2, 18, 18, 9, 504397482, 529059653, 0, 7, 787268543, 1
2, 18, 18, 9, 504397482, 529059653, 0, 6, 768438461, 1
2, 18, 18, 9, 504397482, 529059653, 0, 5, 776184944, 1
2, 18, 18, 9, 504397482, 529059653, 0, 4, 758411748, 1
2, 18, 18, 9, 504397482, 529059653, 0, 3, 786834955, 1
2, 18, 18, 9, 504397482, 529059653, 0, 2, 1180252432, 1
2, 18, 18, 9, 504397482, 529059653, 0, 1, 1272787109, 1
2, 19, 18, 9, 529059654, 563984003, 1, 10, 311336449, 1
2, 19, 18, 9, 529059654, 563984003, 1, 9, 344108706, 1
2, 19, 18, 9, 529059654, 563984003, 1, 8, 384592083, 1
2, 19, 18, 9, 529059654, 563984003, 1, 7, 435871028, 1
2, 19, 18, 9, 529059654, 563984003, 1, 6, 502928109, 1
2, 19, 18, 9, 529059654, 563984003, 1, 5, 477347758, 1
2, 19, 18, 9, 529059654, 563984003, 1, 4, 359721980, 1
2, 19, 18, 9, 529059654, 563984003, 1, 3, 305560922, 1
2, 19, 18, 9, 529059654, 563984003, 1, 2, 427785291, 1
2, 19, 18, 9, 529059654, 563984003, 1, 1, 1, 1
2, 19, 18, 9, 529059654, 563984003, 1, 0, 1, 0
2, 19, 18, 9, 529059654, 563984003, 0, 10, 323249597, 1
2, 19, 18, 9, 529059654, 563984003, 0, 9, 359166219, 1
2, 19, 18, 9, 529059654, 563984003, 0, 8, 404061996, 1
2, 19, 18, 9, 529059654, 563984003, 0, 7, 461785138, 1
2, 19, 18, 9, 529059654, 563984003, 0, 6, 538749328, 1
2, 19, 18, 9, 529059654, 563984003, 0, 5, 538115795, 1
2, 19, 18, 9, 529059654, 563984003, 0, 4, 435506680, 1
2, 19, 18, 9, 529059654, 563984003, 0, 3, 386814813, 1
2, 19, 18, 9, 529059654, 563984003, 0, 2, 580222220, 1
2, 19, 18, 9, 529059654, 563984003, 0, 1, 1, 1
2, 20, 18, 9, 563984004, 657601712, 1, 10, 16110065, 0
2, 20, 18, 9, 563984004, 657601712, 1, 9, 15706142, 1
2, 20, 18, 9, 563984004, 657601712, 1, 8, 15304902, 1
2, 20, 18, 9, 563984004, 657601712, 1, 7, 17345556, 1
2, 20, 18, 9, 563984004, 657601712, 1, 6, 19451565, 1
2, 20, 18, 9, 563984004, 657601712, 1, 5, 19364615, 1
2, 20, 18, 9, 563984004, 657601712, 1, 4, 18862164, 0
2, 20, 18, 9, 563984004, 657601712, 1, 3, 16281362, 1
2, 20, 18, 9, 563984004, 657601712, 1, 2, 3347808, 0
2, 20, 18, 9, 563984004, 657601712, 1, 1, 5579680, 0
2, 20, 18, 9, 563984004, 657601712, 1, 0, 16739038, 0
2, 20, 18, 9, 563984004, 657601712, 0, 10, 15295760, 1
2, 20, 18, 9, 563984004, 657601712, 0, 9, 16995289, 1
2, 20, 18, 9, 563984004, 657601712, 0, 8, 18154574, 1
2, 20, 18, 9, 563984004, 657601712, 0, 7, 20748084, 1
2, 20, 18, 9, 563984004, 657601712, 0, 6, 22987267, 1
2, 20, 18, 9, 563984004, 657601712, 0, 5, 19612804, 1
2, 20, 18, 9, 563984004, 657601712, 0, 4, 13703183, 1
2, 20, 18, 9, 563984004, 657601712, 0, 3, 18270911, 1
2, 20, 18, 9, 563984004, 657601712, 0, 2, 1, 1
2, 20, 18, 9, 563984004, 657601712, 0, 1, 1, 1
2, 21, 18, 9, 657601713, 815258531, 1, 10, 5884717, 0
2, 21, 18, 9, 657601713, 815258531, 1, 9, 6504161, 0
2, 21, 18, 9, 657601713, 815258531, 1, 8, 5959956, 0
2, 21, 18, 9, 657601713, 815258531, 1, 7, 6754617, 0
2, 21, 18, 9, 657601713, 815258531, 1, 6, 7793789, 0
2, 21, 18, 9, 657601713, 815258531, 1, 5, 9210842, 0
2, 21, 18, 9, 657601713, 815258531, 1, 4, 11257695, 0
2, 21, 18, 9, 657601713, 815258531, 1, 3, 9730317, 0
2, 21, 18, 9, 657601713, 815258531, 1, 2, 13622444, 0
2, 21, 18, 9, 657601713, 815258531, 1, 1, 22704072, 0
2, 21, 18, 9, 657601713, 815258531, 1, 0, 68112216, 0
2, 21, 18, 9, 657601713, 815258531, 0, 10, 1, 1
2, 21, 18, 9, 657601713, 815258531, 0, 9, 1, 1
2, 21, 18, 9, 657601713, 815258531, 0, 8, 1, 1
2, 21, 18, 9, 657601713, 815258531, 0, 7, 1, 1
2, 21, 18, 9, 657601713, 815258531, 0, 6, 1, 1
2, 21, 18, 9, 657601713, 815258531, 0, 5, 1, 1
2, 21, 18, 9, 657601713, 815258531, 0, 4, 1, 1
2, 21, 18, 9, 657601713, 815258531, 0, 3, 1, 1
2, 21, 18, 9, 657601713, 815258531, 0, 2, 1, 1
2, 21, 18, 9, 657601713, 815258531, 0, 1, 1, 1
2, 22, 18, 9, 815258532, 954011458, 1, 10, 636541, 0
2, 22, 18, 9, 815258532, 954011458, 1, 9, 703545, 0
2, 22, 18, 9, 815258532, 954011458, 1, 8, 786315, 0
2, 22, 18, 9, 815258532, 954011458, 1, 7, 891157, 0
2, 22, 18, 9, 815258532, 954011458, 1, 6, 1028258, 0
2, 22, 18, 9, 815258532, 954011458, 1, 5, 1215214, 0
2, 22, 18, 9, 815258532, 954011458, 1, 4, 1485261, 0
2, 22, 18, 9, 815258532, 954011458, 1, 3, 1634541, 0
2, 22, 18, 9, 815258532, 954011458, 1, 2, 2288357, 0
2, 22, 18, 9, 815258532, 954011458, 1, 1, 3813928, 0
2, 22, 18, 9, 815258532, 954011458, 1, 0, 11441784, 0
2, 22, 18, 9, 815258532, 954011458, 0, 10, 1, 1
2, 22, 18, 9, 815258532, 954011458, 0, 9, 1, 1
2, 22, 18, 9, 815258532, 954011458, 0, 8, 1, 1
2, 22, 18, 9, 815258532, 954011458, 0, 7, 1, 1
2, 22, 18, 9, 815258532, 954011458, 0, 6, 1, 1
2, 22, 18, 9, 815258532, 954011458, 0, 5, 1, 1
2, 22, 18, 9, 815258532, 954011458, 0, 4, 1, 1
2, 22, 18, 9, 815258532, 954011458, 0, 3, 1, 1
2, 22, 18, 9, 815258532, 954011458, 0, 2, 1, 1
2, 22, 18, 9, 815258532, 954011458, 0, 1, 1, 1
2, 23, 18, 9, 954011459, 1059579398, 1, 10, 7410660, 0
2, 23, 18, 9, 954011459, 1059579398, 1, 9, 7673408, 0
2, 23, 18, 9, 954011459, 1059579398, 1, 8, 7358689, 0
2, 23, 18, 9, 954011459, 1059579398, 1, 7, 7298569, 0
2, 23, 18, 9, 954011459, 1059579398, 1, 6, 8421425, 0
2, 23, 18, 9, 954011459, 1059579398, 1, 5, 9952593, 0
2, 23, 18, 9, 954011459, 1059579398, 1, 4, 12164281, 0
2, 23, 18, 9, 954011459, 1059579398, 1, 3, 9747913, 0
2, 23, 18, 9, 954011459, 1059579398, 1, 2, 13647077, 0
2, 23, 18, 9, 954011459, 1059579398, 1, 1, 22745129, 0
2, 23, 18, 9, 954011459, 1059579398, 1, 0, 68235385, 0
2, 23, 18, 9, 954011459, 1059579398, 0, 10, 1, 1
2, 23, 18, 9, 954011459, 1059579398, 0, 9, 1, 1
2, 23, 18, 9, 954011459, 1059579398, 0, 8, 1, 1
2, 23, 18, 9, 954011459, 1059579398, 0, 7, 1, 1
2, 23, 18, 9, 954011459, 1059579398, 0, 6, 1, 1
2, 23, 18, 9, 954011459, 1059579398, 0, 5, 1, 1
2, 23, 18, 9, 954011459, 1059579398, 0, 4, 1, 1
2, 23, 18, 9, 954011459, 1059579398, 0, 3, 1, 1
2, 23, 18, 9, 954011459, 1059579398, 0, 2, 1, 1
2, 23, 18, 9, 954011459, 1059579398, 0, 1, 1, 1
2, 24, 18, 9, 1059579399, 1221149226, 1, 10, 24451634, 1
2, 24, 18, 9, 1059579399, 1221149226, 1, 9, 23059444, 1
2, 24, 18, 9, 1059579399, 1221149226, 1, 8, 21560780, 1
2, 24, 18, 9, 1059579399, 1221149226, 1, 7, 19728256, 1
2, 24, 18, 9, 1059579399, 1221149226, 1, 6, 17285944, 1
2, 24, 18, 9, 1059579399, 1221149226, 1, 5, 14938125, 1
2, 24, 18, 9, 1059579399, 1221149226, 1, 4, 18257708, 1
2, 24, 18, 9, 1059579399, 1221149226, 1, 3, 21694585, 1
2, 24, 18, 9, 1059579399, 1221149226, 1, 2, 23107218, 1
2, 24, 18, 9, 1059579399, 1221149226, 1, 1, 17930305, 1
2, 24, 18, 9, 1059579399, 1221149226, 1, 0, 1, 0
2, 24, 18, 9, 1059579399, 1221149226, 0, 10, 14875084, 1
2, 24, 18, 9, 1059579399, 1221149226, 0, 9, 14315538, 1
2, 24, 18, 9, 1059579399, 1221149226, 0, 8, 14871944, 1
2, 24, 18, 9, 1059579399, 1221149226, 0, 7, 9065149, 1
2, 24, 18, 9, 1059579399, 1221149226, 0, 6, 2076214, 1
2, 24, 18, 9, 1059579399, 1221149226, 0, 5, 2491456, 1
2, 24, 18, 9, 1059579399, 1221149226, 0, 4, 3114320, 1
2, 24, 18, 9, 1059579399, 1221149226, 0, 3, 1, 1
2, 24, 18, 9, 1059579399, 1221149226, 0, 2, 1, 1
2, 24, 18, 9, 1059579399, 1221149226, 0, 1, 1, 1
2, 25, 18, 9, 1221149227, 1249290184, 1, 10, 4472943, 1
2, 25, 18, 9, 1221149227, 1249290184, 1, 9, 4943779, 1
2, 25, 18, 9, 1221149227, 1249290184, 1, 8, 5295099, 1
2, 25, 18, 9, 1221149227, 1249290184, 1, 7, 6001112, 1
2, 25, 18, 9, 1221149227, 1249290184, 1, 6, 6144748, 1
2, 25, 18, 9, 1221149227, 1249290184, 1, 5, 6326396, 1
2, 25, 18, 9, 1221149227, 1249290184, 1, 4, 5727143, 1
2, 25, 18, 9, 1221149227, 1249290184, 1, 3, 7363469, 1
2, 25, 18, 9, 1221149227, 1249290184, 1, 2, 6900920, 1
2, 25, 18, 9, 1221149227, 1249290184, 1, 1, 11501533, 1
2, 25, 18, 9, 1221149227, 1249290184, 1, 0, 1, 0
2, 25, 18, 9, 1221149227, 1249290184, 0, 10, 1420649, 1
2, 25, 18, 9, 1221149227, 1249290184, 0, 9, 1578499, 1
2, 25, 18, 9, 1221149227, 1249290184, 0, 8, 1286423, 1
2, 25, 18, 9, 1221149227, 1249290184, 0, 7, 1470197, 1
2, 25, 18, 9, 1221149227, 1249290184, 0, 6, 1715230, 1
2, 25, 18, 9, 1221149227, 1249290184, 0, 5, 1, 1
2, 25, 18, 9, 1221149227, 1249290184, 0, 4, 1, 1
2, 25, 18, 9, 1221149227, 1249290184, 0, 3, 1, 1
2, 25, 18, 9, 1221149227, 1249290184, 0, 2, 1, 1
2, 25, 18, 9, 1221149227, 1249290184, 0, 1, 1, 1
2, 26, 18, 9, 1249290185, 1269375494, 1, 10, 428913206, 0
2, 26, 18, 9, 1249290185, 1269375494, 1, 9, 474061965, 0
2, 26, 18, 9, 1249290185, 1269375494, 1, 8, 484301319, 0
2, 26, 18, 9, 1249290185, 1269375494, 1, 7, 504683168, 0
2, 26, 18, 9, 1249290185, 1269375494, 1, 6, 514977803, 0
2, 26, 18, 9, 1249290185, 1269375494, 1, 5, 524009393, 0
2, 26, 18, 9, 1249290185, 1269375494, 1, 4, 439673454, 0
2, 26, 18, 9, 1249290185, 1269375494, 1, 3, 558252170, 0
2, 26, 18, 9, 1249290185, 1269375494, 1, 2, 618477813, 0
2, 26, 18, 9, 1249290185, 1269375494, 1, 1, 446513176, 0
2, 26, 18, 9, 1249290185, 1269375494, 1, 0, 1161143423, 0
2, 26, 18, 9, 1249290185, 1269375494, 0, 10, 392873771, 1
2, 26, 18, 9, 1249290185, 1269375494, 0, 9, 436526412, 1
2, 26, 18, 9, 1249290185, 1269375494, 0, 8, 441390617, 1
2, 26, 18, 9, 1249290185, 1269375494, 0, 7, 463728376, 1
2, 26, 18, 9, 1249290185, 1269375494, 0, 6, 460155295, 1
2, 26, 18, 9, 1249290185, 1269375494, 0, 5, 494019991, 1
2, 26, 18, 9, 1249290185, 1269375494, 0, 4, 369860742, 1
2, 26, 18, 9, 1249290185, 1269375494, 0, 3, 484690825, 1
2, 26, 18, 9, 1249290185, 1269375494, 0, 2, 496022426, 1
2, 26, 18, 9, 1249290185, 1269375494, 0, 1, 130492265, 1
2, 27, 18, 9, 1269375495, 1276396243, 1, 10, 489617534, 1
2, 27, 18, 9, 1269375495, 1276396243, 1, 9, 429327375, 1
2, 27, 18, 9, 1269375495, 1276396243, 1, 8, 440957813, 1
2, 27, 18, 9, 1269375495, 1276396243, 1, 7, 452878517, 1
2, 27, 18, 9, 1269375495, 1276396243, 1, 6, 463833308, 1
2, 27, 18, 9, 1269375495, 1276396243, 1, 5, 395182046, 1
2, 27, 18, 9, 1269375495, 1276396243, 1, 4, 262671142, 1
2, 27, 18, 9, 1269375495, 1276396243, 1, 3, 334864744, 1
2, 27, 18, 9, 1269375495, 1276396243, 1, 2, 291082534, 1
2, 27, 18, 9, 1269375495, 1276396243, 1, 1, 36661604, 1
2, 27, 18, 9, 1269375495, 1276396243, 1, 0, 1, 0
2, 27, 18, 9, 1269375495, 1276396243, 0, 10, 470984610, 1
2, 27, 18, 9, 1269375495, 1276396243, 0, 9, 417445730, 1
2, 27, 18, 9, 1269375495, 1276396243, 0, 8, 425367665, 1
2, 27, 18, 9, 1269375495, 1276396243, 0, 7, 447387317, 1
2, 27, 18, 9, 1269375495, 1276396243, 0, 6, 442394799, 1
2, 27, 18, 9, 1269375495, 1276396243, 0, 5, 332577536, 1
2, 27, 18, 9, 1269375495, 1276396243, 0, 4, 167851643, 1
2, 27, 18, 9, 1269375495, 1276396243, 0, 3, 217139834, 1
2, 27, 18, 9, 1269375495, 1276396243, 0, 2, 54992406, 1
2, 27, 18, 9, 1269375495, 1276396243, 0, 1, 109984811, 1
2, 28, 18, 9, 1276396244, 1287700674, 1, 10, 349248416, 1
2, 28, 18, 9, 1276396244, 1287700674, 1, 9, 336989399, 1
2, 28, 18, 9, 1276396244, 1287700674, 1, 8, 340747128, 1
2, 28, 18, 9, 1276396244, 1287700674, 1, 7, 345506917, 1
2, 28, 18, 9, 1276396244, 1287700674, 1, 6, 349037873, 1
2, 28, 18, 9, 1276396244, 1287700674, 1, 5, 350944523, 1
2, 28, 18, 9, 1276396244, 1287700674, 1, 4, 351833786, 1
2, 28, 18, 9, 1276396244, 1287700674, 1, 3, 279752514, 1
2, 28, 18, 9, 1276396244, 1287700674, 1, 2, 240185785, 1
2, 28, 18, 9, 1276396244, 1287700674, 1, 1, 132237529, 1
2, 28, 18, 9, 1276396244, 1287700674, 1, 0, 1, 0
2, 28, 18, 9, 1276396244, 1287700674, 0, 10, 360483041, 1
2, 28, 18, 9, 1276396244, 1287700674, 0, 9, 330940107, 1
2, 28, 18, 9, 1276396244, 1287700674, 0, 8, 334176532, 1
2, 28, 18, 9, 1276396244, 1287700674, 0, 7, 338337650, 1
2, 28, 18, 9, 1276396244, 1287700674, 0, 6, 338050141, 1
2, 28, 18, 9, 1276396244, 1287700674, 0, 5, 338553598, 1
2, 28, 18, 9, 1276396244, 1287700674, 0, 4, 330778169, 1
2, 28, 18, 9, 1276396244, 1287700674, 0, 3, 319547121, 1
2, 28, 18, 9, 1276396244, 1287700674, 0, 2, 295941243, 1
2, 28, 18, 9, 1276396244, 1287700674, 0, 1, 196118630, 1
2, 29, 18, 9, 1287700675, 1309005134, 1, 10, 295616249, 1
2, 29, 18, 9, 1287700675, 1309005134, 1, 9, 298850414, 1
2, 29, 18, 9, 1287700675, 1309005134, 1, 8, 296622300, 1
2, 29, 18, 9, 1287700675, 1309005134, 1, 7, 294602324, 1
2, 29, 18, 9, 1287700675, 1309005134, 1, 6, 291035083, 1
2, 29, 18, 9, 1287700675, 1309005134, 1, 5, 286170663, 1
2, 29, 18, 9, 1287700675, 1309005134, 1, 4, 280179365, 1
2, 29, 18, 9, 1287700675, 1309005134, 1, 3, 260864752, 1
2, 29, 18, 9, 1287700675, 1309005134, 1, 2, 221754544, 1
2, 29, 18, 9, 1287700675, 1309005134, 1, 1, 140731318, 1
2, 29, 18, 9, 1287700675, 1309005134, 1, 0, 1, 0
2, 29, 18, 9, 1287700675, 1309005134, 0, 10, 296769109, 1
2, 29, 18, 9, 1287700675, 1309005134, 0, 9, 306188569, 1
2, 29, 18, 9, 1287700675, 1309005134, 0, 8, 304738466, 1
2, 29, 18, 9, 1287700675, 1309005134, 0, 7, 302874049, 1
2, 29, 18, 9, 1287700675, 1309005134, 0, 6, 300388159, 1
2, 29, 18, 9, 1287700675, 1309005134, 0, 5, 296907913, 1
2, 29, 18, 9, 1287700675, 1309005134, 0, 4, 291687543, 1
2, 29, 18, 9, 1287700675, 1309005134, 0, 3, 287036443, 1
2, 29, 18, 9, 1287700675, 1309005134, 0, 2, 259030066, 1
2, 29, 18, 9, 1287700675, 1309005134, 0, 1, 208859313, 1
2, 30, 18, 9, 1309005135, 1331905607, 1, 10, 329894733, 1
2, 30, 18, 9, 1309005135, 1331905607, 1, 9, 322509866, 1
2, 30, 18, 9, 1309005135, 1331905607, 1, 8, 304286446, 1
2, 30, 18, 9, 1309005135, 1331905607, 1, 7, 296718116, 1
2, 30, 18, 9, 1309005135, 1331905607, 1, 6, 288057506, 1
2, 30, 18, 9, 1309005135, 1331905607, 1, 5, 284539137, 1
2, 30, 18, 9, 1309005135, 1331905607, 1, 4, 279457047, 1
2, 30, 18, 9, 1309005135, 1331905607, 1, 3, 264750133, 1
2, 30, 18, 9, 1309005135, 1331905607, 1, 2, 219867528, 1
2, 30, 18, 9, 1309005135, 1331905607, 1, 1, 134683990, 1
2, 30, 18, 9, 1309005135, 1331905607, 1, 0, 1, 0
2, 30, 18, 9, 1309005135, 1331905607, 0, 10, 306926110, 1
2, 30, 18, 9, 1309005135, 1331905607, 0, 9, 303915624, 1
2, 30, 18, 9, 1309005135, 1331905607, 0, 8, 303479009, 1
2, 30, 18, 9, 1309005135, 1331905607, 0, 7, 302917648, 1
2, 30, 18, 9, 1309005135, 1331905607, 0, 6, 302169166, 1
2, 30, 18, 9, 1309005135, 1331905607, 0, 5, 301121291, 1
2, 30, 18, 9, 1309005135, 1331905607, 0, 4, 299549479, 1
2, 30, 18, 9, 1309005135, 1331905607, 0, 3, 291072870, 1
2, 30, 18, 9, 1309005135, 1331905607, 0, 2, 267614845, 1
2, 30, 18, 9, 1309005135, 1331905607, 0, 1, 205138375, 1
2, 31, 18, 9, 1331905608, 1366711235, 1, 10, 324050494, 1
2, 31, 18, 9, 1331905608, 1366711235, 1, 9, 267560497, 1
2, 31, 18, 9, 1331905608, 1366711235, 1, 8, 277071141, 1
2, 31, 18, 9, 1331905608, 1366711235, 1, 7, 234466227, 1
2, 31, 18, 9, 1331905608, 1366711235, 1, 6, 208404767, 1
2, 31, 18, 9, 1331905608, 1366711235, 1, 5, 205901458, 1
2, 31, 18, 9, 1331905608, 1366711235, 1, 4, 231774731, 1
2, 31, 18, 9, 1331905608, 1366711235, 1, 3, 297996082, 1
2, 31, 18, 9, 1331905608, 1366711235, 1, 2, 85324372, 1
2, 31, 18, 9, 1331905608, 1366711235, 1, 1, 69118729, 1
2, 31, 18, 9, 1331905608, 1366711235, 1, 0, 1, 0
2, 31, 18, 9, 1331905608, 1366711235, 0, 10, 275737163, 1
2, 31, 18, 9, 1331905608, 1366711235, 0, 9, 232511413, 1
2, 31, 18, 9, 1331905608, 1366711235, 0, 8, 214895333, 1
2, 31, 18, 9, 1331905608, 1366711235, 0, 7, 184652036, 1
2, 31, 18, 9, 1331905608, 1366711235, 0, 6, 210722692, 1
2, 31, 18, 9, 1331905608, 1366711235, 0, 5, 205566059, 1
2, 31, 18, 9, 1331905608, 1366711235, 0, 4, 223646559, 1
2, 31, 18, 9, 1331905608, 1366711235, 0, 3, 298195412, 1
2, 31, 18, 9, 1331905608, 1366711235, 0, 2, 109632837, 1
2, 31, 18, 9, 1331905608, 1366711235, 0, 1, 1, 1
2, 32, 18, 9, 1366711236, 1421216386, 1, 10, 333923590, 0
2, 32, 18, 9, 1366711236, 1421216386, 1, 9, 317197248, 0
2, 32, 18, 9, 1366711236, 1421216386, 1, 8, 316175907, 0
2, 32, 18, 9, 1366711236, 1421216386, 1, 7, 264975293, 0
2, 32, 18, 9, 1366711236, 1421216386, 1, 6, 176226213, 0
2, 32, 18, 9, 1366711236, 1421216386, 1, 5, 164607575, 0
2, 32, 18, 9, 1366711236, 1421216386, 1, 4, 190589220, 0
2, 32, 18, 9, 1366711236, 1421216386, 1, 3, 245043282, 0
2, 32, 18, 9, 1366711236, 1421216386, 1, 2, 326513590, 0
2, 32, 18, 9, 1366711236, 1421216386, 1, 1, 518518152, 0
2, 32, 18, 9, 1366711236, 1421216386, 1, 0, 929239539, 0
2, 32, 18, 9, 1366711236, 1421216386, 0, 10, 246229694, 1
2, 32, 18, 9, 1366711236, 1421216386, 0, 9, 273588548, 1
2, 32, 18, 9, 1366711236, 1421216386, 0, 8, 226317455, 1
2, 32, 18, 9, 1366711236, 1421216386, 0, 7, 152253254, 1
2, 32, 18, 9, 1366711236, 1421216386, 0, 6, 57795805, 1
2, 32, 18, 9, 1366711236, 1421216386, 0, 5, 69354965, 1
2, 32, 18, 9, 1366711236, 1421216386, 0, 4, 62848620, 1
2, 32, 18, 9, 1366711236, 1421216386, 0, 3, 83798159, 1
2, 32, 18, 9, 1366711236, 1421216386, 0, 2, 96752615, 1
2, 32, 18, 9, 1366711236, 1421216386, 0, 1, 116491735, 1
2, 33, 18, 9, 1421216387, 1578171472, 1, 10, 551406772, 0
2, 33, 18, 9, 1421216387, 1578171472, 1, 9, 562104853, 0
2, 33, 18, 9, 1421216387, 1578171472, 1, 8, 571163148, 0
2, 33, 18, 9, 1421216387, 1578171472, 1, 7, 555949233, 0
2, 33, 18, 9, 1421216387, 1578171472, 1, 6, 496047789, 0
2, 33, 18, 9, 1421216387, 1578171472, 1, 5, 418633762, 0
2, 33, 18, 9, 1421216387, 1578171472, 1, 4, 305312383, 0
2, 33, 18, 9, 1421216387, 1578171472, 1, 3, 392544492, 0
2, 33, 18, 9, 1421216387, 1578171472, 1, 2, 547575732, 0
2, 33, 18, 9, 1421216387, 1578171472, 1, 1, 909315293, 0
2, 33, 18, 9, 1421216387, 1578171472, 1, 0, 914326545, 0
2, 33, 18, 9, 1421216387, 1578171472, 0, 10, 537931080, 1
2, 33, 18, 9, 1421216387, 1578171472, 0, 9, 597701200, 1
2, 33, 18, 9, 1421216387, 1578171472, 0, 8, 551136515, 1
2, 33, 18, 9, 1421216387, 1578171472, 0, 7, 525605464, 1
2, 33, 18, 9, 1421216387, 1578171472, 0, 6, 456399784, 1
2, 33, 18, 9, 1421216387, 1578171472, 0, 5, 359404750, 1
2, 33, 18, 9, 1421216387, 1578171472, 0, 4, 218176785, 1
2, 33, 18, 9, 1421216387, 1578171472, 0, 3, 290902380, 1
2, 33, 18, 9, 1421216387, 1578171472, 0, 2, 436353569, 1
2, 33, 18, 9, 1421216387, 1578171472, 0, 1, 872707138, 1
2, 34, 18, 9, 1578171473, 1727906996, 1, 10, 212715652, 0
2, 34, 18, 9, 1578171473, 1727906996, 1, 9, 229011419, 0
2, 34, 18, 9, 1578171473, 1727906996, 1, 8, 249141484, 0
2, 34, 18, 9, 1578171473, 1727906996, 1, 7, 274639566, 0
2, 34, 18, 9, 1578171473, 1727906996, 1, 6, 299074617, 0
2, 34, 18, 9, 1578171473, 1727906996, 1, 5, 332395141, 0
2, 34, 18, 9, 1578171473, 1727906996, 1, 4, 393392757, 0
2, 34, 18, 9, 1578171473, 1727906996, 1, 3, 505790687, 0
2, 34, 18, 9, 1578171473, 1727906996, 1, 2, 708106962, 0
2, 34, 18, 9, 1578171473, 1727906996, 1, 1, 1180178270, 0
2, 34, 18, 9, 1578171473, 1727906996, 1, 0, 1138964661, 0
2, 34, 18, 9, 1578171473, 1727906996, 0, 10, 171226357, 1
2, 34, 18, 9, 1578171473, 1727906996, 0, 9, 177383537, 1
2, 34, 18, 9, 1578171473, 1727906996, 0, 8, 185080012, 1
2, 34, 18, 9, 1578171473, 1727906996, 0, 7, 194975480, 1
2, 34, 18, 9, 1578171473, 1727906996, 0, 6, 208169438, 1
2, 34, 18, 9, 1578171473, 1727906996, 0, 5, 226640978, 1
2, 34, 18, 9, 1578171473, 1727906996, 0, 4, 283301223, 1
2, 34, 18, 9, 1578171473, 1727906996, 0, 3, 377734964, 1
2, 34, 18, 9, 1578171473, 1727906996, 0, 2, 566602445, 1
2, 34, 18, 9, 1578171473, 1727906996, 0, 1, 1133204890, 1
2, 35, 18, 9, 1727906997, 1788034684, 1, 10, 107958651, 0
2, 35, 18, 9, 1727906997, 1788034684, 1, 9, 119322720, 0
2, 35, 18, 9, 1727906997, 1788034684, 1, 8, 133360687, 0
2, 35, 18, 9, 1727906997, 1788034684, 1, 7, 151142112, 0
2, 35, 18, 9, 1727906997, 1788034684, 1, 6, 174394744, 0
2, 35, 18, 9, 1727906997, 1788034684, 1, 5, 206102879, 0
2, 35, 18, 9, 1727906997, 1788034684, 1, 4, 251903519, 0
2, 35, 18, 9, 1727906997, 1788034684, 1, 3, 323875953, 0
2, 35, 18, 9, 1727906997, 1788034684, 1, 2, 453426334, 0
2, 35, 18, 9, 1727906997, 1788034684, 1, 1, 755710556, 1
2, 35, 18, 9, 1727906997, 1788034684, 1, 0, 503401049, 0
2, 35, 18, 9, 1727906997, 1788034684, 0, 10, 75872335, 1
2, 35, 18, 9, 1727906997, 1788034684, 0, 9, 84302594, 1
2, 35, 18, 9, 1727906997, 1788034684, 0, 8, 94840418, 1
2, 35, 18, 9, 1727906997, 1788034684, 0, 7, 108389049, 1
2, 35, 18, 9, 1727906997, 1788034684, 0, 6, 126453891, 1
2, 35, 18, 9, 1727906997, 1788034684, 0, 5, 151744669, 1
2, 35, 18, 9, 1727906997, 1788034684, 0, 4, 189680836, 1
2, 35, 18, 9, 1727906997, 1788034684, 0, 3, 252907781, 1
2, 35, 18, 9, 1727906997, 1788034684, 0, 2, 379361672, 1
2, 35, 18, 9, 1727906997, 1788034684, 0, 1, 758723343, 1
2, 36, 18, 9, 1788034685, 1892239341, 1, 10, 86466067, 0
2, 36, 18, 9, 1788034685, 1892239341, 1, 9, 95567758, 0
2, 36, 18, 9, 1788034685, 1892239341, 1, 8, 106811023, 0
2, 36, 18, 9, 1788034685, 1892239341, 1, 7, 121052493, 0
2, 36, 18, 9, 1788034685, 1892239341, 1, 6, 139675954, 0
2, 36, 18, 9, 1788034685, 1892239341, 1, 5, 165071581, 0
2, 36, 18, 9, 1788034685, 1892239341, 1, 4, 201754155, 0
2, 36, 18, 9, 1788034685, 1892239341, 1, 3, 259398199, 1
2, 36, 18, 9, 1788034685, 1892239341, 1, 2, 363157478, 1
2, 36, 18, 9, 1788034685, 1892239341, 1, 1, 605262464, 1
2, 36, 18, 9, 1788034685, 1892239341, 1, 0, 157401188, 0
2, 36, 18, 9, 1788034685, 1892239341, 0, 10, 56524288, 1
2, 36, 18, 9, 1788034685, 1892239341, 0, 9, 62804765, 1
2, 36, 18, 9, 1788034685, 1892239341, 0, 8, 70655360, 1
2, 36, 18, 9, 1788034685, 1892239341, 0, 7, 80748983, 1
2, 36, 18, 9, 1788034685, 1892239341, 0, 6, 94207147, 1
2, 36, 18, 9, 1788034685, 1892239341, 0, 5, 113048576, 1
2, 36, 18, 9, 1788034685, 1892239341, 0, 4, 141310720, 1
2, 36, 18, 9, 1788034685, 1892239341, 0, 3, 188414293, 1
2, 36, 18, 9, 1788034685, 1892239341, 0, 2, 282621439, 1
2, 36, 18, 9, 1788034685, 1892239341, 0, 1, 565242877, 1
2, 37, 18, 9, 1892239342, 2007822281, 1, 10, 149291294, 1
2, 37, 18, 9, 1892239342, 2007822281, 1, 9, 165006167, 1
2, 37, 18, 9, 1892239342, 2007822281, 1, 8, 184418657, 1
2, 37, 18, 9, 1892239342, 2007822281, 1, 7, 209007811, 1
2, 37, 18, 9, 1892239342, 2007822281, 1, 6, 240913099, 1
2, 37, 18, 9, 1892239342, 2007822281, 1, 5, 284715481, 1
2, 37, 18, 9, 1892239342, 2007822281, 1, 4, 347985587, 1
2, 37, 18, 9, 1892239342, 2007822281, 1, 3, 447410041, 1
2, 37, 18, 9, 1892239342, 2007822281, 1, 2, 512483291, 1
2, 37, 18, 9, 1892239342, 2007822281, 1, 1, 664320876, 1
2, 37, 18, 9, 1892239342, 2007822281, 1, 0, 120284125, 0
2, 37, 18, 9, 1892239342, 2007822281, 0, 10, 139754811, 1
2, 37, 18, 9, 1892239342, 2007822281, 0, 9, 155283123, 1
2, 37, 18, 9, 1892239342, 2007822281, 0, 8, 174693514, 1
2, 37, 18, 9, 1892239342, 2007822281, 0, 7, 199649730, 1
2, 37, 18, 9, 1892239342, 2007822281, 0, 6, 232924685, 1
2, 37, 18, 9, 1892239342, 2007822281, 0, 5, 279509621, 1
2, 37, 18, 9, 1892239342, 2007822281, 0, 4, 349387027, 1
2, 37, 18, 9, 1892239342, 2007822281, 0, 3, 465849369, 1
2, 37, 18, 9, 1892239342, 2007822281, 0, 2, 679607023, 1
2, 37, 18, 9, 1892239342, 2007822281, 0, 1, 828094278, 1
2, 38, 18, 9, 2007822282, 2013624613, 1, 10, 4801623, 0
2, 38, 18, 9, 2007822282, 2013624613, 1, 9, 5307057, 0
2, 38, 18, 9, 2007822282, 2013624613, 1, 8, 5931416, 0
2, 38, 18, 9, 2007822282, 2013624613, 1, 7, 6722272, 0
2, 38, 18, 9, 2007822282, 2013624613, 1, 6, 7756467, 0
2, 38, 18, 9, 2007822282, 2013624613, 1, 5, 9166734, 0
2, 38, 18, 9, 2007822282, 2013624613, 1, 4, 11203786, 0
2, 38, 18, 9, 2007822282, 2013624613, 1, 3, 14404867, 0
2, 38, 18, 9, 2007822282, 2013624613, 1, 2, 20166814, 0
2, 38, 18, 9, 2007822282, 2013624613, 1, 1, 33611356, 0
2, 38, 18, 9, 2007822282, 2013624613, 1, 0, 100834066, 0
2, 38, 18, 9, 2007822282, 2013624613, 0, 10, 1, 1
2, 38, 18, 9, 2007822282, 2013624613, 0, 9, 1, 1
2, 38, 18, 9, 2007822282, 2013624613, 0, 8, 1, 1
2, 38, 18, 9, 2007822282, 2013624613, 0, 7, 1, 1
2, 38, 18, 9, 2007822282, 2013624613, 0, 6, 1, 1
2, 38, 18, 9, 2007822282, 2013624613, 0, 5, 1, 1
2, 38, 18, 9, 2007822282, 2013624613, 0, 4, 1, 1
2, 38, 18, 9, 2007822282, 2013624613, 0, 3, 1, 1
2, 38, 18, 9, 2007822282, 2013624613, 0, 2, 1, 1
2, 38, 18, 9, 2007822282, 2013624613, 0, 1, 1, 1
2, 39, 18, 9, 2013624614, 2057295341, 1, 10, 1462314637, 1
2, 39, 18, 9, 2013624614, 2057295341, 1, 9, 1433116555, 1
2, 39, 18, 9, 2013624614, 2057295341, 1, 8, 1400028101, 1
2, 39, 18, 9, 2013624614, 2057295341, 1, 7, 1382962318, 1
2, 39, 18, 9, 2013624614, 2057295341, 1, 6, 1370783756, 1
2, 39, 18, 9, 2013624614, 2057295341, 1, 5, 1349219976, 1
2, 39, 18, 9, 2013624614, 2057295341, 1, 4, 1235531572, 1
2, 39, 18, 9, 2013624614, 2057295341, 1, 3, 992973422, 1
2, 39, 18, 9, 2013624614, 2057295341, 1, 2, 951307713, 1
2, 39, 18, 9, 2013624614, 2057295341, 1, 1, 649709891, 1
2, 39, 18, 9, 2013624614, 2057295341, 1, 0, 1, 0
2, 39, 18, 9, 2013624614, 2057295341, 0, 10, 1405636918, 1
2, 39, 18, 9, 2013624614, 2057295341, 0, 9, 1440809605, 1
2, 39, 18, 9, 2013624614, 2057295341, 0, 8, 1474374540, 1
2, 39, 18, 9, 2013624614, 2057295341, 0, 7, 1509956509, 1
2, 39, 18, 9, 2013624614, 2057295341, 0, 6, 1558804363, 1
2, 39, 18, 9, 2013624614, 2057295341, 0, 5, 1514735510, 1
2, 39, 18, 9, 2013624614, 2057295341, 0, 4, 1410615532, 1
2, 39, 18, 9, 2013624614, 2057295341, 0, 3, 1200682654, 1
2, 39, 18, 9, 2013624614, 2057295341, 0, 2, 1103074767, 1
2, 39, 18, 9, 2013624614, 2057295341, 0, 1, 833655066, 1
2, 40, 18, 9, 2057295342, 2071753440, 1, 10, 524640984, 1
2, 40, 18, 9, 2057295342, 2071753440, 1, 9, 529445322, 1
2, 40, 18, 9, 2057295342, 2071753440, 1, 8, 535380092, 1
2, 40, 18, 9, 2057295342, 2071753440, 1, 7, 542897468, 1
2, 40, 18, 9, 2057295342, 2071753440, 1, 6, 552727882, 1
2, 40, 18, 9, 2057295342, 2071753440, 1, 5, 566132992, 1
2, 40, 18, 9, 2057295342, 2071753440, 1, 4, 585495929, 1
2, 40, 18, 9, 2057295342, 2071753440, 1, 3, 481056511, 1
2, 40, 18, 9, 2057295342, 2071753440, 1, 2, 323108832, 1
2, 40, 18, 9, 2057295342, 2071753440, 1, 1, 111448211, 1
2, 40, 18, 9, 2057295342, 2071753440, 1, 0, 1, 0
2, 40, 18, 9, 2057295342, 2071753440, 0, 10, 543113957, 1
2, 40, 18, 9, 2057295342, 2071753440, 0, 9, 550237755, 1
2, 40, 18, 9, 2057295342, 2071753440, 0, 8, 559142502, 1
2, 40, 18, 9, 2057295342, 2071753440, 0, 7, 570591463, 1
2, 40, 18, 9, 2057295342, 2071753440, 0, 6, 585856744, 1
2, 40, 18, 9, 2057295342, 2071753440, 0, 5, 607228138, 1
2, 40, 18, 9, 2057295342, 2071753440, 0, 4, 639285229, 1
2, 40, 18, 9, 2057295342, 2071753440, 0, 3, 537666946, 1
2, 40, 18, 9, 2057295342, 2071753440, 0, 2, 389710975, 1
2, 40, 18, 9, 2057295342, 2071753440, 0, 1, 158773561, 1
2, 41, 18, 9, 2071753441, 2096458027, 1, 10, 637637513, 1
2, 41, 18, 9, 2071753441, 2096458027, 1, 9, 654336222, 1
2, 41, 18, 9, 2071753441, 2096458027, 1, 8, 674964040, 1
2, 41, 18, 9, 2071753441, 2096458027, 1, 7, 701092608, 1
2, 41, 18, 9, 2071753441, 2096458027, 1, 6, 735260736, 1
2, 41, 18, 9, 2071753441, 2096458027, 1, 5, 781853638, 1
2, 41, 18, 9, 2071753441, 2096458027, 1, 4, 849154497, 1
2, 41, 18, 9, 2071753441, 2096458027, 1, 3, 820046097, 1
2, 41, 18, 9, 2071753441, 2096458027, 1, 2, 716234648, 1
2, 41, 18, 9, 2071753441, 2096458027, 1, 1, 469515986, 1
2, 41, 18, 9, 2071753441, 2096458027, 1, 0, 69210200, 0
2, 41, 18, 9, 2071753441, 2096458027, 0, 10, 669863538, 1
2, 41, 18, 9, 2071753441, 2096458027, 0, 9, 691070623, 1
2, 41, 18, 9, 2071753441, 2096458027, 0, 8, 717579479, 1
2, 41, 18, 9, 2071753441, 2096458027, 0, 7, 751662294, 1
2, 41, 18, 9, 2071753441, 2096458027, 0, 6, 797106047, 1
2, 41, 18, 9, 2071753441, 2096458027, 0, 5, 860727301, 1
2, 41, 18, 9, 2071753441, 2096458027, 0, 4, 956159183, 1
2, 41, 18, 9, 2071753441, 2096458027, 0, 3, 960165551, 1
2, 41, 18, 9, 2071753441, 2096458027, 0, 2, 819809869, 1
2, 41, 18, 9, 2071753441, 2096458027, 0, 1, 600126919, 1
