0, 1, 17, 7, 1, 99793195, 2, 12, 1277364, 0
0, 1, 17, 7, 1, 99793195, 2, 11, 893563, 0
0, 1, 17, 7, 1, 99793195, 2, 10, 977335, 0
0, 1, 17, 7, 1, 99793195, 2, 9, 1078438, 0
0, 1, 17, 7, 1, 99793195, 2, 8, 1136945, 0
0, 1, 17, 7, 1, 99793195, 2, 7, 586228, 0
0, 1, 17, 7, 1, 99793195, 2, 6, 637102, 0
0, 1, 17, 7, 1, 99793195, 2, 5, 749532, 0
0, 1, 17, 7, 1, 99793195, 2, 4, 910146, 0
0, 1, 17, 7, 1, 99793195, 2, 3, 1158367, 0
0, 1, 17, 7, 1, 99793195, 2, 2, 1592755, 0
0, 1, 17, 7, 1, 99793195, 2, 1, 2548407, 0
0, 1, 17, 7, 1, 99793195, 2, 0, 6371017, 0
0, 1, 17, 7, 1, 99793195, 1, 12, 1941593, 0
0, 1, 17, 7, 1, 99793195, 1, 11, 1359770, 0
0, 1, 17, 7, 1, 99793195, 1, 10, 1489272, 0
0, 1, 17, 7, 1, 99793195, 1, 9, 1646037, 0
0, 1, 17, 7, 1, 99793195, 1, 8, 1738857, 0
0, 1, 17, 7, 1, 99793195, 1, 7, 898883, 0
0, 1, 17, 7, 1, 99793195, 1, 6, 980157, 0
0, 1, 17, 7, 1, 99793195, 1, 5, 1158367, 0
0, 1, 17, 7, 1, 99793195, 1, 4, 1415782, 0
0, 1, 17, 7, 1, 99793195, 1, 3, 1820291, 0
0, 1, 17, 7, 1, 99793195, 1, 2, 2548407, 0
0, 1, 17, 7, 1, 99793195, 1, 1, 4247345, 0
0, 1, 17, 7, 1, 99793195, 1, 0, 12742033, 0
0, 1, 17, 7, 1, 99793195, 0, 12, 1482622, 1
0, 1, 17, 7, 1, 99793195, 0, 11, 1617405, 1
0, 1, 17, 7, 1, 99793195, 0, 10, 1779146, 1
0, 1, 17, 7, 1, 99793195, 0, 9, 1976829, 1
0, 1, 17, 7, 1, 99793195, 0, 8, 2009665, 1
0, 1, 17, 7, 1, 99793195, 0, 7, 1, 1
0, 1, 17, 7, 1, 99793195, 0, 6, 1, 1
0, 1, 17, 7, 1, 99793195, 0, 5, 1, 1
0, 1, 17, 7, 1, 99793195, 0, 4, 1, 1
0, 1, 17, 7, 1, 99793195, 0, 3, 1, 1
0, 1, 17, 7, 1, 99793195, 0, 2, 1, 1
0, 1, 17, 7, 1, 99793195, 0, 1, 1, 1
0, 2, 17, 7, 99793196, 141093749, 2, 12, 52117626, 1
0, 2, 17, 7, 99793196, 141093749, 2, 11, 56584851, 1
0, 2, 17, 7, 99793196, 141093749, 2, 10, 61889681, 1
0, 2, 17, 7, 99793196, 141093749, 2, 9, 61905094, 1
0, 2, 17, 7, 99793196, 141093749, 2, 8, 60464131, 1
0, 2, 17, 7, 99793196, 141093749, 2, 7, 58759928, 1
0, 2, 17, 7, 99793196, 141093749, 2, 6, 53251278, 1
0, 2, 17, 7, 99793196, 141093749, 2, 5, 53966601, 1
0, 2, 17, 7, 99793196, 141093749, 2, 4, 49795206, 1
0, 2, 17, 7, 99793196, 141093749, 2, 3, 53159347, 1
0, 2, 17, 7, 99793196, 141093749, 2, 2, 48411884, 1
0, 2, 17, 7, 99793196, 141093749, 2, 1, 55286032, 0
0, 2, 17, 7, 99793196, 141093749, 2, 0, 22308318, 0
0, 2, 17, 7, 99793196, 141093749, 1, 12, 38254004, 1
0, 2, 17, 7, 99793196, 141093749, 1, 11, 41580439, 1
0, 2, 17, 7, 99793196, 141093749, 1, 10, 45540481, 1
0, 2, 17, 7, 99793196, 141093749, 1, 9, 44093327, 1
0, 2, 17, 7, 99793196, 141093749, 1, 8, 45378298, 1
0, 2, 17, 7, 99793196, 141093749, 1, 7, 44552632, 1
0, 2, 17, 7, 99793196, 141093749, 1, 6, 37486632, 1
0, 2, 17, 7, 99793196, 141093749, 1, 5, 34112598, 1
0, 2, 17, 7, 99793196, 141093749, 1, 4, 37473861, 1
0, 2, 17, 7, 99793196, 141093749, 1, 3, 37448252, 1
0, 2, 17, 7, 99793196, 141093749, 1, 2, 23502365, 1
0, 2, 17, 7, 99793196, 141093749, 1, 1, 19342963, 1
0, 2, 17, 7, 99793196, 141093749, 1, 0, 1, 0
0, 2, 17, 7, 99793196, 141093749, 0, 12, 42216377, 1
0, 2, 17, 7, 99793196, 141093749, 0, 11, 46054230, 1
0, 2, 17, 7, 99793196, 141093749, 0, 10, 50659653, 1
0, 2, 17, 7, 99793196, 141093749, 0, 9, 48762511, 1
0, 2, 17, 7, 99793196, 141093749, 0, 8, 49955372, 1
0, 2, 17, 7, 99793196, 141093749, 0, 7, 51527640, 1
0, 2, 17, 7, 99793196, 141093749, 0, 6, 37693942, 1
0, 2, 17, 7, 99793196, 141093749, 0, 5, 31863948, 1
0, 2, 17, 7, 99793196, 141093749, 0, 4, 37262083, 1
0, 2, 17, 7, 99793196, 141093749, 0, 3, 38493444, 1
0, 2, 17, 7, 99793196, 141093749, 0, 2, 29741467, 1
0, 2, 17, 7, 99793196, 141093749, 0, 1, 1, 1
0, 3, 17, 7, 141093750, 175077544, 2, 12, 15065895, 0
0, 3, 17, 7, 141093750, 175077544, 2, 11, 16357258, 0
0, 3, 17, 7, 141093750, 175077544, 2, 10, 17890751, 0
0, 3, 17, 7, 141093750, 175077544, 2, 9, 17081634, 0
0, 3, 17, 7, 141093750, 175077544, 2, 8, 19052591, 0
0, 3, 17, 7, 141093750, 175077544, 2, 7, 18710233, 0
0, 3, 17, 7, 141093750, 175077544, 2, 6, 19330980, 0
0, 3, 17, 7, 141093750, 175077544, 2, 5, 19785848, 0
0, 3, 17, 7, 141093750, 175077544, 2, 4, 19473608, 0
0, 3, 17, 7, 141093750, 175077544, 2, 3, 18164420, 0
0, 3, 17, 7, 141093750, 175077544, 2, 2, 15607355, 0
0, 3, 17, 7, 141093750, 175077544, 2, 1, 20474571, 0
0, 3, 17, 7, 141093750, 175077544, 2, 0, 24363292, 0
0, 3, 17, 7, 141093750, 175077544, 1, 12, 14445180, 1
0, 3, 17, 7, 141093750, 175077544, 1, 11, 15701282, 1
0, 3, 17, 7, 141093750, 175077544, 1, 10, 17196642, 1
0, 3, 17, 7, 141093750, 175077544, 1, 9, 16419152, 1
0, 3, 17, 7, 141093750, 175077544, 1, 8, 18350817, 1
0, 3, 17, 7, 141093750, 175077544, 1, 7, 18321950, 1
0, 3, 17, 7, 141093750, 175077544, 1, 6, 20151033, 1
0, 3, 17, 7, 141093750, 175077544, 1, 5, 20501510, 1
0, 3, 17, 7, 141093750, 175077544, 1, 4, 18258518, 1
0, 3, 17, 7, 141093750, 175077544, 1, 3, 13072110, 1
0, 3, 17, 7, 141093750, 175077544, 1, 2, 9670037, 1
0, 3, 17, 7, 141093750, 175077544, 1, 1, 8621401, 1
0, 3, 17, 7, 141093750, 175077544, 1, 0, 1, 0
0, 3, 17, 7, 141093750, 175077544, 0, 12, 12768542, 1
0, 3, 17, 7, 141093750, 175077544, 0, 11, 13929318, 1
0, 3, 17, 7, 141093750, 175077544, 0, 10, 15322250, 1
0, 3, 17, 7, 141093750, 175077544, 0, 9, 15799392, 1
0, 3, 17, 7, 141093750, 175077544, 0, 8, 17774316, 1
0, 3, 17, 7, 141093750, 175077544, 0, 7, 18166717, 1
0, 3, 17, 7, 141093750, 175077544, 0, 6, 21194504, 1
0, 3, 17, 7, 141093750, 175077544, 0, 5, 23626087, 1
0, 3, 17, 7, 141093750, 175077544, 0, 4, 19698639, 1
0, 3, 17, 7, 141093750, 175077544, 0, 3, 20252476, 1
0, 3, 17, 7, 141093750, 175077544, 0, 2, 11242991, 1
0, 3, 17, 7, 141093750, 175077544, 0, 1, 1, 1
0, 4, 17, 7, 175077545, 206156775, 2, 12, 1365403, 1
0, 4, 17, 7, 175077545, 206156775, 2, 11, 1482437, 1
0, 4, 17, 7, 175077545, 206156775, 2, 10, 1052342, 1
0, 4, 17, 7, 175077545, 206156775, 2, 9, 1161205, 1
0, 4, 17, 7, 175077545, 206156775, 2, 8, 1295190, 1
0, 4, 17, 7, 175077545, 206156775, 2, 7, 1125483, 1
0, 4, 17, 7, 175077545, 206156775, 2, 6, 1294305, 1
0, 4, 17, 7, 175077545, 206156775, 2, 5, 1332023, 1
0, 4, 17, 7, 175077545, 206156775, 2, 4, 1617456, 1
0, 4, 17, 7, 175077545, 206156775, 2, 3, 653802, 1
0, 4, 17, 7, 175077545, 206156775, 2, 2, 588473, 1
0, 4, 17, 7, 175077545, 206156775, 2, 1, 351269, 0
0, 4, 17, 7, 175077545, 206156775, 2, 0, 878171, 0
0, 4, 17, 7, 175077545, 206156775, 1, 12, 827187, 1
0, 4, 17, 7, 175077545, 206156775, 1, 11, 899117, 1
0, 4, 17, 7, 175077545, 206156775, 1, 10, 984747, 1
0, 4, 17, 7, 175077545, 206156775, 1, 9, 1088404, 1
0, 4, 17, 7, 175077545, 206156775, 1, 8, 1216452, 1
0, 4, 17, 7, 175077545, 206156775, 1, 7, 1378645, 1
0, 4, 17, 7, 175077545, 206156775, 1, 6, 1590744, 1
0, 4, 17, 7, 175077545, 206156775, 1, 5, 1879970, 1
0, 4, 17, 7, 175077545, 206156775, 1, 4, 2297742, 1
0, 4, 17, 7, 175077545, 206156775, 1, 3, 746730, 1
0, 4, 17, 7, 175077545, 206156775, 1, 2, 548614, 1
0, 4, 17, 7, 175077545, 206156775, 1, 1, 1, 1
0, 4, 17, 7, 175077545, 206156775, 1, 0, 1, 0
0, 4, 17, 7, 175077545, 206156775, 0, 12, 1723306, 1
0, 4, 17, 7, 175077545, 206156775, 0, 11, 1879970, 1
0, 4, 17, 7, 175077545, 206156775, 0, 10, 2067967, 1
0, 4, 17, 7, 175077545, 206156775, 0, 9, 2297742, 1
0, 4, 17, 7, 175077545, 206156775, 0, 8, 2584959, 1
0, 4, 17, 7, 175077545, 206156775, 0, 7, 2954239, 1
0, 4, 17, 7, 175077545, 206156775, 0, 6, 3446612, 1
0, 4, 17, 7, 175077545, 206156775, 0, 5, 4135934, 1
0, 4, 17, 7, 175077545, 206156775, 0, 4, 5169918, 1
0, 4, 17, 7, 175077545, 206156775, 0, 3, 1742369, 1
0, 4, 17, 7, 175077545, 206156775, 0, 2, 1371535, 1
0, 4, 17, 7, 175077545, 206156775, 0, 1, 1, 1
0, 5, 17, 7, 206156776, 279948840, 2, 12, 21169302, 0
0, 5, 17, 7, 206156776, 279948840, 2, 11, 22983813, 1
0, 5, 17, 7, 206156776, 279948840, 2, 10, 25138546, 1
0, 5, 17, 7, 206156776, 279948840, 2, 9, 24133167, 1
0, 5, 17, 7, 206156776, 279948840, 2, 8, 24262819, 1
0, 5, 17, 7, 206156776, 279948840, 2, 7, 24236573, 1
0, 5, 17, 7, 206156776, 279948840, 2, 6, 23011344, 1
0, 5, 17, 7, 206156776, 279948840, 2, 5, 25188481, 1
0, 5, 17, 7, 206156776, 279948840, 2, 4, 30586013, 1
0, 5, 17, 7, 206156776, 279948840, 2, 3, 29984658, 1
0, 5, 17, 7, 206156776, 279948840, 2, 2, 30174021, 1
0, 5, 17, 7, 206156776, 279948840, 2, 1, 41378489, 1
0, 5, 17, 7, 206156776, 279948840, 2, 0, 20689977, 0
0, 5, 17, 7, 206156776, 279948840, 1, 12, 16302047, 1
0, 5, 17, 7, 206156776, 279948840, 1, 11, 17719616, 1
0, 5, 17, 7, 206156776, 279948840, 1, 10, 19407199, 1
0, 5, 17, 7, 206156776, 279948840, 1, 9, 18497108, 1
0, 5, 17, 7, 206156776, 279948840, 1, 8, 20621297, 1
0, 5, 17, 7, 206156776, 279948840, 1, 7, 19922307, 1
0, 5, 17, 7, 206156776, 279948840, 1, 6, 16487296, 1
0, 5, 17, 7, 206156776, 279948840, 1, 5, 19484986, 1
0, 5, 17, 7, 206156776, 279948840, 1, 4, 23814983, 1
0, 5, 17, 7, 206156776, 279948840, 1, 3, 27498157, 1
0, 5, 17, 7, 206156776, 279948840, 1, 2, 28419979, 1
0, 5, 17, 7, 206156776, 279948840, 1, 1, 35866724, 1
0, 5, 17, 7, 206156776, 279948840, 1, 0, 1, 0
0, 5, 17, 7, 206156776, 279948840, 0, 12, 20348542, 1
0, 5, 17, 7, 206156776, 279948840, 0, 11, 22198409, 1
0, 5, 17, 7, 206156776, 279948840, 0, 10, 24418250, 1
0, 5, 17, 7, 206156776, 279948840, 0, 9, 24044794, 1
0, 5, 17, 7, 206156776, 279948840, 0, 8, 26940017, 1
0, 5, 17, 7, 206156776, 279948840, 0, 7, 30001777, 1
0, 5, 17, 7, 206156776, 279948840, 0, 6, 28611773, 1
0, 5, 17, 7, 206156776, 279948840, 0, 5, 34334127, 1
0, 5, 17, 7, 206156776, 279948840, 0, 4, 42917659, 1
0, 5, 17, 7, 206156776, 279948840, 0, 3, 51350897, 1
0, 5, 17, 7, 206156776, 279948840, 0, 2, 51832742, 1
0, 5, 17, 7, 206156776, 279948840, 0, 1, 69165763, 1
0, 6, 17, 7, 279948841, 302686591, 2, 12, 1694155, 1
0, 6, 17, 7, 279948841, 302686591, 2, 11, 1839368, 1
0, 6, 17, 7, 279948841, 302686591, 2, 10, 2011809, 1
0, 6, 17, 7, 279948841, 302686591, 2, 9, 2219927, 1
0, 6, 17, 7, 279948841, 302686591, 2, 8, 2476072, 1
0, 6, 17, 7, 279948841, 302686591, 2, 7, 2386499, 1
0, 6, 17, 7, 279948841, 302686591, 2, 6, 2744474, 1
0, 6, 17, 7, 279948841, 302686591, 2, 5, 3228793, 1
0, 6, 17, 7, 279948841, 302686591, 2, 4, 3920677, 1
0, 6, 17, 7, 279948841, 302686591, 2, 3, 4989952, 1
0, 6, 17, 7, 279948841, 302686591, 2, 2, 6861184, 1
0, 6, 17, 7, 279948841, 302686591, 2, 1, 7942479, 1
0, 6, 17, 7, 279948841, 302686591, 2, 0, 1, 0
0, 6, 17, 7, 279948841, 302686591, 1, 12, 1588496, 1
0, 6, 17, 7, 279948841, 302686591, 1, 11, 1726626, 1
0, 6, 17, 7, 279948841, 302686591, 1, 10, 1891067, 1
0, 6, 17, 7, 279948841, 302686591, 1, 9, 2090126, 1
0, 6, 17, 7, 279948841, 302686591, 1, 8, 2336024, 1
0, 6, 17, 7, 279948841, 302686591, 1, 7, 2647493, 1
0, 6, 17, 7, 279948841, 302686591, 1, 6, 3054800, 1
0, 6, 17, 7, 279948841, 302686591, 1, 5, 3610218, 1
0, 6, 17, 7, 279948841, 302686591, 1, 4, 4412489, 1
0, 6, 17, 7, 279948841, 302686591, 1, 3, 5673199, 1
0, 6, 17, 7, 279948841, 302686591, 1, 2, 7942479, 1
0, 6, 17, 7, 279948841, 302686591, 1, 1, 13237465, 1
0, 6, 17, 7, 279948841, 302686591, 1, 0, 1, 0
0, 6, 17, 7, 279948841, 302686591, 0, 12, 1, 1
0, 6, 17, 7, 279948841, 302686591, 0, 11, 1, 1
0, 6, 17, 7, 279948841, 302686591, 0, 10, 1, 1
0, 6, 17, 7, 279948841, 302686591, 0, 9, 1, 1
0, 6, 17, 7, 279948841, 302686591, 0, 8, 1, 1
0, 6, 17, 7, 279948841, 302686591, 0, 7, 1, 1
0, 6, 17, 7, 279948841, 302686591, 0, 6, 1, 1
0, 6, 17, 7, 279948841, 302686591, 0, 5, 1, 1
0, 6, 17, 7, 279948841, 302686591, 0, 4, 1, 1
0, 6, 17, 7, 279948841, 302686591, 0, 3, 1, 1
0, 6, 17, 7, 279948841, 302686591, 0, 2, 1, 1
0, 6, 17, 7, 279948841, 302686591, 0, 1, 1, 1
0, 7, 17, 7, 302686592, 420782416, 2, 12, 1, 1
0, 7, 17, 7, 302686592, 420782416, 2, 11, 1, 1
0, 7, 17, 7, 302686592, 420782416, 2, 10, 1, 1
0, 7, 17, 7, 302686592, 420782416, 2, 9, 1, 1
0, 7, 17, 7, 302686592, 420782416, 2, 8, 1, 1
0, 7, 17, 7, 302686592, 420782416, 2, 7, 1, 1
0, 7, 17, 7, 302686592, 420782416, 2, 6, 1, 1
0, 7, 17, 7, 302686592, 420782416, 2, 5, 1, 1
0, 7, 17, 7, 302686592, 420782416, 2, 4, 1, 1
0, 7, 17, 7, 302686592, 420782416, 2, 3, 1, 1
0, 7, 17, 7, 302686592, 420782416, 2, 2, 1, 1
0, 7, 17, 7, 302686592, 420782416, 2, 1, 1, 1
0, 7, 17, 7, 302686592, 420782416, 2, 0, 1, 0
0, 7, 17, 7, 302686592, 420782416, 1, 12, 1, 1
0, 7, 17, 7, 302686592, 420782416, 1, 11, 1, 1
0, 7, 17, 7, 302686592, 420782416, 1, 10, 1, 1
0, 7, 17, 7, 302686592, 420782416, 1, 9, 1, 1
0, 7, 17, 7, 302686592, 420782416, 1, 8, 1, 1
0, 7, 17, 7, 302686592, 420782416, 1, 7, 1, 1
0, 7, 17, 7, 302686592, 420782416, 1, 6, 1, 1
0, 7, 17, 7, 302686592, 420782416, 1, 5, 1, 1
0, 7, 17, 7, 302686592, 420782416, 1, 4, 1, 1
0, 7, 17, 7, 302686592, 420782416, 1, 3, 1, 1
0, 7, 17, 7, 302686592, 420782416, 1, 2, 1, 1
0, 7, 17, 7, 302686592, 420782416, 1, 1, 1, 1
0, 7, 17, 7, 302686592, 420782416, 1, 0, 1, 0
0, 7, 17, 7, 302686592, 420782416, 0, 12, 1, 1
0, 7, 17, 7, 302686592, 420782416, 0, 11, 1, 1
0, 7, 17, 7, 302686592, 420782416, 0, 10, 1, 1
0, 7, 17, 7, 302686592, 420782416, 0, 9, 1, 1
0, 7, 17, 7, 302686592, 420782416, 0, 8, 1, 1
0, 7, 17, 7, 302686592, 420782416, 0, 7, 1, 1
0, 7, 17, 7, 302686592, 420782416, 0, 6, 1, 1
0, 7, 17, 7, 302686592, 420782416, 0, 5, 1, 1
0, 7, 17, 7, 302686592, 420782416, 0, 4, 1, 1
0, 7, 17, 7, 302686592, 420782416, 0, 3, 1, 1
0, 7, 17, 7, 302686592, 420782416, 0, 2, 1, 1
0, 7, 17, 7, 302686592, 420782416, 0, 1, 1, 1
0, 8, 17, 7, 420782417, 453518084, 2, 12, 63179074, 0
0, 8, 17, 7, 420782417, 453518084, 2, 11, 68594423, 0
0, 8, 17, 7, 420782417, 453518084, 2, 10, 75025150, 0
0, 8, 17, 7, 420782417, 453518084, 2, 9, 82593727, 0
0, 8, 17, 7, 420782417, 453518084, 2, 8, 78413516, 0
0, 8, 17, 7, 420782417, 453518084, 2, 7, 78743074, 0
0, 8, 17, 7, 420782417, 453518084, 2, 6, 72588179, 0
0, 8, 17, 7, 420782417, 453518084, 2, 5, 71405061, 0
0, 8, 17, 7, 420782417, 453518084, 2, 4, 73934427, 0
0, 8, 17, 7, 420782417, 453518084, 2, 3, 74766829, 0
0, 8, 17, 7, 420782417, 453518084, 2, 2, 78638668, 0
0, 8, 17, 7, 420782417, 453518084, 2, 1, 99878890, 0
0, 8, 17, 7, 420782417, 453518084, 2, 0, 80866272, 0
0, 8, 17, 7, 420782417, 453518084, 1, 12, 41761284, 1
0, 8, 17, 7, 420782417, 453518084, 1, 11, 45392700, 1
0, 8, 17, 7, 420782417, 453518084, 1, 10, 49715814, 1
0, 8, 17, 7, 420782417, 453518084, 1, 9, 54946086, 1
0, 8, 17, 7, 420782417, 453518084, 1, 8, 52710772, 1
0, 8, 17, 7, 420782417, 453518084, 1, 7, 50331448, 1
0, 8, 17, 7, 420782417, 453518084, 1, 6, 44836927, 1
0, 8, 17, 7, 420782417, 453518084, 1, 5, 52989095, 1
0, 8, 17, 7, 420782417, 453518084, 1, 4, 44897332, 1
0, 8, 17, 7, 420782417, 453518084, 1, 3, 56580927, 1
0, 8, 17, 7, 420782417, 453518084, 1, 2, 47460924, 1
0, 8, 17, 7, 420782417, 453518084, 1, 1, 35863242, 1
0, 8, 17, 7, 420782417, 453518084, 1, 0, 1, 0
0, 8, 17, 7, 420782417, 453518084, 0, 12, 48911225, 1
0, 8, 17, 7, 420782417, 453518084, 0, 11, 53357700, 1
0, 8, 17, 7, 420782417, 453518084, 0, 10, 58693470, 1
0, 8, 17, 7, 420782417, 453518084, 0, 9, 65214967, 1
0, 8, 17, 7, 420782417, 453518084, 0, 8, 54880274, 1
0, 8, 17, 7, 420782417, 453518084, 0, 7, 42561542, 1
0, 8, 17, 7, 420782417, 453518084, 0, 6, 35985926, 1
0, 8, 17, 7, 420782417, 453518084, 0, 5, 43183111, 1
0, 8, 17, 7, 420782417, 453518084, 0, 4, 9764571, 1
0, 8, 17, 7, 420782417, 453518084, 0, 3, 13019428, 1
0, 8, 17, 7, 420782417, 453518084, 0, 2, 19529142, 1
0, 8, 17, 7, 420782417, 453518084, 0, 1, 34199247, 1
0, 9, 17, 7, 453518085, 519506114, 2, 12, 20626912, 1
0, 9, 17, 7, 453518085, 519506114, 2, 11, 22394933, 1
0, 9, 17, 7, 453518085, 519506114, 2, 10, 24494458, 1
0, 9, 17, 7, 453518085, 519506114, 2, 9, 25533515, 1
0, 9, 17, 7, 453518085, 519506114, 2, 8, 25682273, 1
0, 9, 17, 7, 453518085, 519506114, 2, 7, 24228485, 1
0, 9, 17, 7, 453518085, 519506114, 2, 6, 22790869, 1
0, 9, 17, 7, 453518085, 519506114, 2, 5, 21132956, 1
0, 9, 17, 7, 453518085, 519506114, 2, 4, 20767084, 1
0, 9, 17, 7, 453518085, 519506114, 2, 3, 22094641, 1
0, 9, 17, 7, 453518085, 519506114, 2, 2, 28760668, 1
0, 9, 17, 7, 453518085, 519506114, 2, 1, 29383547, 1
0, 9, 17, 7, 453518085, 519506114, 2, 0, 20463002, 0
0, 9, 17, 7, 453518085, 519506114, 1, 12, 17960376, 1
0, 9, 17, 7, 453518085, 519506114, 1, 11, 19522147, 1
0, 9, 17, 7, 453518085, 519506114, 1, 10, 21381400, 1
0, 9, 17, 7, 453518085, 519506114, 1, 9, 23632073, 1
0, 9, 17, 7, 453518085, 519506114, 1, 8, 25232826, 1
0, 9, 17, 7, 453518085, 519506114, 1, 7, 23734730, 1
0, 9, 17, 7, 453518085, 519506114, 1, 6, 22958204, 1
0, 9, 17, 7, 453518085, 519506114, 1, 5, 21364159, 1
0, 9, 17, 7, 453518085, 519506114, 1, 4, 22045704, 1
0, 9, 17, 7, 453518085, 519506114, 1, 3, 23468804, 1
0, 9, 17, 7, 453518085, 519506114, 1, 2, 30265184, 1
0, 9, 17, 7, 453518085, 519506114, 1, 1, 35330577, 1
0, 9, 17, 7, 453518085, 519506114, 1, 0, 1, 0
0, 9, 17, 7, 453518085, 519506114, 0, 12, 21873192, 1
0, 9, 17, 7, 453518085, 519506114, 0, 11, 23861664, 1
0, 9, 17, 7, 453518085, 519506114, 0, 10, 26247831, 1
0, 9, 17, 7, 453518085, 519506114, 0, 9, 29164256, 1
0, 9, 17, 7, 453518085, 519506114, 0, 8, 31080502, 1
0, 9, 17, 7, 453518085, 519506114, 0, 7, 29627596, 1
0, 9, 17, 7, 453518085, 519506114, 0, 6, 26826424, 1
0, 9, 17, 7, 453518085, 519506114, 0, 5, 25816621, 1
0, 9, 17, 7, 453518085, 519506114, 0, 4, 32270777, 1
0, 9, 17, 7, 453518085, 519506114, 0, 3, 35865359, 1
0, 9, 17, 7, 453518085, 519506114, 0, 2, 47320186, 1
0, 9, 17, 7, 453518085, 519506114, 0, 1, 49877698, 1
0, 10, 17, 7, 519506115, 562029474, 2, 12, 2606953, 1
0, 10, 17, 7, 519506115, 562029474, 2, 11, 2830406, 1
0, 10, 17, 7, 519506115, 562029474, 2, 10, 3095757, 1
0, 10, 17, 7, 519506115, 562029474, 2, 9, 3416008, 1
0, 10, 17, 7, 519506115, 562029474, 2, 8, 3270007, 1
0, 10, 17, 7, 519506115, 562029474, 2, 7, 1846277, 1
0, 10, 17, 7, 519506115, 562029474, 2, 6, 1002993, 1
0, 10, 17, 7, 519506115, 562029474, 2, 5, 1150797, 1
0, 10, 17, 7, 519506115, 562029474, 2, 4, 1397396, 1
0, 10, 17, 7, 519506115, 562029474, 2, 3, 1617915, 1
0, 10, 17, 7, 519506115, 562029474, 2, 2, 1427275, 1
0, 10, 17, 7, 519506115, 562029474, 2, 1, 1, 1
0, 10, 17, 7, 519506115, 562029474, 2, 0, 1, 0
0, 10, 17, 7, 519506115, 562029474, 1, 12, 1182939, 1
0, 10, 17, 7, 519506115, 562029474, 1, 11, 1285803, 1
0, 10, 17, 7, 519506115, 562029474, 1, 10, 1408261, 1
0, 10, 17, 7, 519506115, 562029474, 1, 9, 1556499, 1
0, 10, 17, 7, 519506115, 562029474, 1, 8, 1739616, 1
0, 10, 17, 7, 519506115, 562029474, 1, 7, 900860, 1
0, 10, 17, 7, 519506115, 562029474, 1, 6, 490683, 1
0, 10, 17, 7, 519506115, 562029474, 1, 5, 579897, 1
0, 10, 17, 7, 519506115, 562029474, 1, 4, 708763, 1
0, 10, 17, 7, 519506115, 562029474, 1, 3, 911267, 1
0, 10, 17, 7, 519506115, 562029474, 1, 2, 1, 1
0, 10, 17, 7, 519506115, 562029474, 1, 1, 1, 1
0, 10, 17, 7, 519506115, 562029474, 1, 0, 1, 0
0, 10, 17, 7, 519506115, 562029474, 0, 12, 594502, 1
0, 10, 17, 7, 519506115, 562029474, 0, 11, 648548, 1
0, 10, 17, 7, 519506115, 562029474, 0, 10, 713403, 1
0, 10, 17, 7, 519506115, 562029474, 0, 9, 792670, 1
0, 10, 17, 7, 519506115, 562029474, 0, 8, 891753, 1
0, 10, 17, 7, 519506115, 562029474, 0, 7, 1019147, 1
0, 10, 17, 7, 519506115, 562029474, 0, 6, 1, 1
0, 10, 17, 7, 519506115, 562029474, 0, 5, 1, 1
0, 10, 17, 7, 519506115, 562029474, 0, 4, 1, 1
0, 10, 17, 7, 519506115, 562029474, 0, 3, 1, 1
0, 10, 17, 7, 519506115, 562029474, 0, 2, 1, 1
0, 10, 17, 7, 519506115, 562029474, 0, 1, 1, 1
0, 11, 17, 7, 562029475, 678574148, 2, 12, 144970868, 0
0, 11, 17, 7, 562029475, 678574148, 2, 11, 146027170, 0
0, 11, 17, 7, 562029475, 678574148, 2, 10, 146791199, 0
0, 11, 17, 7, 562029475, 678574148, 2, 9, 148615996, 0
0, 11, 17, 7, 562029475, 678574148, 2, 8, 148428015, 0
0, 11, 17, 7, 562029475, 678574148, 2, 7, 146553019, 0
0, 11, 17, 7, 562029475, 678574148, 2, 6, 149380679, 0
0, 11, 17, 7, 562029475, 678574148, 2, 5, 144861059, 0
0, 11, 17, 7, 562029475, 678574148, 2, 4, 147718202, 0
0, 11, 17, 7, 562029475, 678574148, 2, 3, 153894580, 1
0, 11, 17, 7, 562029475, 678574148, 2, 2, 140206132, 1
0, 11, 17, 7, 562029475, 678574148, 2, 1, 118206258, 1
0, 11, 17, 7, 562029475, 678574148, 2, 0, 147189489, 0
0, 11, 17, 7, 562029475, 678574148, 1, 12, 131794696, 1
0, 11, 17, 7, 562029475, 678574148, 1, 11, 133478955, 1
0, 11, 17, 7, 562029475, 678574148, 1, 10, 135606578, 1
0, 11, 17, 7, 562029475, 678574148, 1, 9, 137395025, 1
0, 11, 17, 7, 562029475, 678574148, 1, 8, 133525123, 0
0, 11, 17, 7, 562029475, 678574148, 1, 7, 132528517, 0
0, 11, 17, 7, 562029475, 678574148, 1, 6, 136640328, 0
0, 11, 17, 7, 562029475, 678574148, 1, 5, 127834391, 0
0, 11, 17, 7, 562029475, 678574148, 1, 4, 134993347, 1
0, 11, 17, 7, 562029475, 678574148, 1, 3, 154604271, 1
0, 11, 17, 7, 562029475, 678574148, 1, 2, 156048622, 1
0, 11, 17, 7, 562029475, 678574148, 1, 1, 140341709, 1
0, 11, 17, 7, 562029475, 678574148, 1, 0, 124372818, 0
0, 11, 17, 7, 562029475, 678574148, 0, 12, 130169151, 1
0, 11, 17, 7, 562029475, 678574148, 0, 11, 128676878, 1
0, 11, 17, 7, 562029475, 678574148, 0, 10, 126926883, 1
0, 11, 17, 7, 562029475, 678574148, 0, 9, 130979019, 1
0, 11, 17, 7, 562029475, 678574148, 0, 8, 120870869, 1
0, 11, 17, 7, 562029475, 678574148, 0, 7, 118402230, 1
0, 11, 17, 7, 562029475, 678574148, 0, 6, 116387455, 1
0, 11, 17, 7, 562029475, 678574148, 0, 5, 113888670, 1
0, 11, 17, 7, 562029475, 678574148, 0, 4, 142360837, 1
0, 11, 17, 7, 562029475, 678574148, 0, 3, 189814449, 1
0, 11, 17, 7, 562029475, 678574148, 0, 2, 199178730, 1
0, 11, 17, 7, 562029475, 678574148, 0, 1, 157318764, 1
0, 12, 17, 7, 678574149, 709823114, 2, 12, 7939910, 1
0, 12, 17, 7, 678574149, 709823114, 2, 11, 8269214, 1
0, 12, 17, 7, 678574149, 709823114, 2, 10, 8923381, 1
0, 12, 17, 7, 678574149, 709823114, 2, 9, 8321958, 1
0, 12, 17, 7, 678574149, 709823114, 2, 8, 7404928, 1
0, 12, 17, 7, 678574149, 709823114, 2, 7, 7471263, 1
0, 12, 17, 7, 678574149, 709823114, 2, 6, 8097780, 1
0, 12, 17, 7, 678574149, 709823114, 2, 5, 6033689, 1
0, 12, 17, 7, 678574149, 709823114, 2, 4, 6801641, 1
0, 12, 17, 7, 678574149, 709823114, 2, 3, 6687727, 1
0, 12, 17, 7, 678574149, 709823114, 2, 2, 6854399, 1
0, 12, 17, 7, 678574149, 709823114, 2, 1, 245430, 1
0, 12, 17, 7, 678574149, 709823114, 2, 0, 1, 0
0, 12, 17, 7, 678574149, 709823114, 1, 12, 6198344, 1
0, 12, 17, 7, 678574149, 709823114, 1, 11, 6737331, 1
0, 12, 17, 7, 678574149, 709823114, 1, 10, 7194490, 1
0, 12, 17, 7, 678574149, 709823114, 1, 9, 6328732, 1
0, 12, 17, 7, 678574149, 709823114, 1, 8, 5903279, 1
0, 12, 17, 7, 678574149, 709823114, 1, 7, 5311112, 1
0, 12, 17, 7, 678574149, 709823114, 1, 6, 5398516, 1
0, 12, 17, 7, 678574149, 709823114, 1, 5, 2748625, 1
0, 12, 17, 7, 678574149, 709823114, 1, 4, 2542792, 1
0, 12, 17, 7, 678574149, 709823114, 1, 3, 175307, 1
0, 12, 17, 7, 678574149, 709823114, 1, 2, 245430, 1
0, 12, 17, 7, 678574149, 709823114, 1, 1, 409049, 1
0, 12, 17, 7, 678574149, 709823114, 1, 0, 1, 0
0, 12, 17, 7, 678574149, 709823114, 0, 12, 7604259, 1
0, 12, 17, 7, 678574149, 709823114, 0, 11, 8295555, 1
0, 12, 17, 7, 678574149, 709823114, 0, 10, 8737678, 1
0, 12, 17, 7, 678574149, 709823114, 0, 9, 6282046, 1
0, 12, 17, 7, 678574149, 709823114, 0, 8, 4581030, 1
0, 12, 17, 7, 678574149, 709823114, 0, 7, 5235463, 1
0, 12, 17, 7, 678574149, 709823114, 0, 6, 6108040, 1
0, 12, 17, 7, 678574149, 709823114, 0, 5, 1, 1
0, 12, 17, 7, 678574149, 709823114, 0, 4, 1, 1
0, 12, 17, 7, 678574149, 709823114, 0, 3, 1, 1
0, 12, 17, 7, 678574149, 709823114, 0, 2, 1, 1
0, 12, 17, 7, 678574149, 709823114, 0, 1, 1, 1
0, 13, 17, 7, 709823115, 745830518, 2, 12, 435336231, 0
0, 13, 17, 7, 709823115, 745830518, 2, 11, 437506233, 0
0, 13, 17, 7, 709823115, 745830518, 2, 10, 433111579, 0
0, 13, 17, 7, 709823115, 745830518, 2, 9, 430538121, 0
0, 13, 17, 7, 709823115, 745830518, 2, 8, 429417762, 0
0, 13, 17, 7, 709823115, 745830518, 2, 7, 424670833, 0
0, 13, 17, 7, 709823115, 745830518, 2, 6, 418385612, 0
0, 13, 17, 7, 709823115, 745830518, 2, 5, 410165739, 0
0, 13, 17, 7, 709823115, 745830518, 2, 4, 404797511, 0
0, 13, 17, 7, 709823115, 745830518, 2, 3, 414274641, 1
0, 13, 17, 7, 709823115, 745830518, 2, 2, 403249574, 0
0, 13, 17, 7, 709823115, 745830518, 2, 1, 467270398, 1
0, 13, 17, 7, 709823115, 745830518, 2, 0, 463405059, 0
0, 13, 17, 7, 709823115, 745830518, 1, 12, 433188007, 0
0, 13, 17, 7, 709823115, 745830518, 1, 11, 437589830, 0
0, 13, 17, 7, 709823115, 745830518, 1, 10, 434008907, 0
0, 13, 17, 7, 709823115, 745830518, 1, 9, 431941551, 0
0, 13, 17, 7, 709823115, 745830518, 1, 8, 432894492, 0
0, 13, 17, 7, 709823115, 745830518, 1, 7, 430494131, 0
0, 13, 17, 7, 709823115, 745830518, 1, 6, 427114024, 0
0, 13, 17, 7, 709823115, 745830518, 1, 5, 421007195, 0
0, 13, 17, 7, 709823115, 745830518, 1, 4, 420120977, 0
0, 13, 17, 7, 709823115, 745830518, 1, 3, 451084532, 1
0, 13, 17, 7, 709823115, 745830518, 1, 2, 453577593, 1
0, 13, 17, 7, 709823115, 745830518, 1, 1, 459414455, 1
0, 13, 17, 7, 709823115, 745830518, 1, 0, 439271607, 0
0, 13, 17, 7, 709823115, 745830518, 0, 12, 422445647, 1
0, 13, 17, 7, 709823115, 745830518, 0, 11, 431426185, 1
0, 13, 17, 7, 709823115, 745830518, 0, 10, 423872345, 1
0, 13, 17, 7, 709823115, 745830518, 0, 9, 419433264, 1
0, 13, 17, 7, 709823115, 745830518, 0, 8, 416987497, 1
0, 13, 17, 7, 709823115, 745830518, 0, 7, 409875743, 1
0, 13, 17, 7, 709823115, 745830518, 0, 6, 405334414, 1
0, 13, 17, 7, 709823115, 745830518, 0, 5, 398295401, 1
0, 13, 17, 7, 709823115, 745830518, 0, 4, 388444385, 1
0, 13, 17, 7, 709823115, 745830518, 0, 3, 465513026, 1
0, 13, 17, 7, 709823115, 745830518, 0, 2, 458195367, 1
0, 13, 17, 7, 709823115, 745830518, 0, 1, 466488443, 1
0, 14, 17, 7, 745830519, 776209195, 2, 12, 1523316, 1
0, 14, 17, 7, 745830519, 776209195, 2, 11, 1653886, 1
0, 14, 17, 7, 745830519, 776209195, 2, 10, 1408783, 1
0, 14, 17, 7, 745830519, 776209195, 2, 9, 1554520, 1
0, 14, 17, 7, 745830519, 776209195, 2, 8, 1544676, 1
0, 14, 17, 7, 745830519, 776209195, 2, 7, 1202136, 1
0, 14, 17, 7, 745830519, 776209195, 2, 6, 97516, 1
0, 14, 17, 7, 745830519, 776209195, 2, 5, 114724, 1
0, 14, 17, 7, 745830519, 776209195, 2, 4, 1, 1
0, 14, 17, 7, 745830519, 776209195, 2, 3, 1, 1
0, 14, 17, 7, 745830519, 776209195, 2, 2, 1, 1
0, 14, 17, 7, 745830519, 776209195, 2, 1, 1, 1
0, 14, 17, 7, 745830519, 776209195, 2, 0, 1, 0
0, 14, 17, 7, 745830519, 776209195, 1, 12, 786990, 1
0, 14, 17, 7, 745830519, 776209195, 1, 11, 855424, 1
0, 14, 17, 7, 745830519, 776209195, 1, 10, 327133, 1
0, 14, 17, 7, 745830519, 776209195, 1, 9, 361569, 1
0, 14, 17, 7, 745830519, 776209195, 1, 8, 114724, 1
0, 14, 17, 7, 745830519, 776209195, 1, 7, 130021, 1
0, 14, 17, 7, 745830519, 776209195, 1, 6, 150024, 1
0, 14, 17, 7, 745830519, 776209195, 1, 5, 177301, 1
0, 14, 17, 7, 745830519, 776209195, 1, 4, 1, 1
0, 14, 17, 7, 745830519, 776209195, 1, 3, 1, 1
0, 14, 17, 7, 745830519, 776209195, 1, 2, 1, 1
0, 14, 17, 7, 745830519, 776209195, 1, 1, 1, 1
0, 14, 17, 7, 745830519, 776209195, 1, 0, 1, 0
0, 14, 17, 7, 745830519, 776209195, 0, 12, 1229606, 1
0, 14, 17, 7, 745830519, 776209195, 0, 11, 1341388, 1
0, 14, 17, 7, 745830519, 776209195, 0, 10, 195031, 1
0, 14, 17, 7, 745830519, 776209195, 0, 9, 216701, 1
0, 14, 17, 7, 745830519, 776209195, 0, 8, 243789, 1
0, 14, 17, 7, 745830519, 776209195, 0, 7, 278616, 1
0, 14, 17, 7, 745830519, 776209195, 0, 6, 325052, 1
0, 14, 17, 7, 745830519, 776209195, 0, 5, 390062, 1
0, 14, 17, 7, 745830519, 776209195, 0, 4, 1, 1
0, 14, 17, 7, 745830519, 776209195, 0, 3, 1, 1
0, 14, 17, 7, 745830519, 776209195, 0, 2, 1, 1
0, 14, 17, 7, 745830519, 776209195, 0, 1, 1, 1
0, 15, 17, 7, 776209196, 853914062, 2, 12, 339529951, 1
0, 15, 17, 7, 776209196, 853914062, 2, 11, 347535825, 1
0, 15, 17, 7, 776209196, 853914062, 2, 10, 346598746, 1
0, 15, 17, 7, 776209196, 853914062, 2, 9, 346505340, 1
0, 15, 17, 7, 776209196, 853914062, 2, 8, 340999309, 1
0, 15, 17, 7, 776209196, 853914062, 2, 7, 336429862, 1
0, 15, 17, 7, 776209196, 853914062, 2, 6, 330509684, 1
0, 15, 17, 7, 776209196, 853914062, 2, 5, 322140914, 1
0, 15, 17, 7, 776209196, 853914062, 2, 4, 304417555, 1
0, 15, 17, 7, 776209196, 853914062, 2, 3, 319935695, 1
0, 15, 17, 7, 776209196, 853914062, 2, 2, 297729875, 1
0, 15, 17, 7, 776209196, 853914062, 2, 1, 334724421, 1
0, 15, 17, 7, 776209196, 853914062, 2, 0, 257061606, 0
0, 15, 17, 7, 776209196, 853914062, 1, 12, 323549676, 1
0, 15, 17, 7, 776209196, 853914062, 1, 11, 336656793, 1
0, 15, 17, 7, 776209196, 853914062, 1, 10, 336345754, 1
0, 15, 17, 7, 776209196, 853914062, 1, 9, 338078293, 1
0, 15, 17, 7, 776209196, 853914062, 1, 8, 334045707, 1
0, 15, 17, 7, 776209196, 853914062, 1, 7, 334565123, 1
0, 15, 17, 7, 776209196, 853914062, 1, 6, 330302810, 1
0, 15, 17, 7, 776209196, 853914062, 1, 5, 324695219, 1
0, 15, 17, 7, 776209196, 853914062, 1, 4, 309059192, 1
0, 15, 17, 7, 776209196, 853914062, 1, 3, 338173185, 1
0, 15, 17, 7, 776209196, 853914062, 1, 2, 326856988, 1
0, 15, 17, 7, 776209196, 853914062, 1, 1, 308689349, 1
0, 15, 17, 7, 776209196, 853914062, 1, 0, 122644609, 0
0, 15, 17, 7, 776209196, 853914062, 0, 12, 303122882, 1
0, 15, 17, 7, 776209196, 853914062, 0, 11, 330679507, 1
0, 15, 17, 7, 776209196, 853914062, 0, 10, 326512609, 1
0, 15, 17, 7, 776209196, 853914062, 0, 9, 330062741, 1
0, 15, 17, 7, 776209196, 853914062, 0, 8, 322907551, 1
0, 15, 17, 7, 776209196, 853914062, 0, 7, 333751296, 1
0, 15, 17, 7, 776209196, 853914062, 0, 6, 328468035, 1
0, 15, 17, 7, 776209196, 853914062, 0, 5, 319276196, 1
0, 15, 17, 7, 776209196, 853914062, 0, 4, 293658764, 1
0, 15, 17, 7, 776209196, 853914062, 0, 3, 388858506, 1
0, 15, 17, 7, 776209196, 853914062, 0, 2, 381075079, 1
0, 15, 17, 7, 776209196, 853914062, 0, 1, 430460175, 1
0, 16, 17, 7, 853914063, 921228699, 2, 12, 336603006, 0
0, 16, 17, 7, 853914063, 921228699, 2, 11, 342972394, 0
0, 16, 17, 7, 853914063, 921228699, 2, 10, 339961383, 0
0, 16, 17, 7, 853914063, 921228699, 2, 9, 340334071, 0
0, 16, 17, 7, 853914063, 921228699, 2, 8, 335520686, 0
0, 16, 17, 7, 853914063, 921228699, 2, 7, 330954580, 0
0, 16, 17, 7, 853914063, 921228699, 2, 6, 325883483, 0
0, 16, 17, 7, 853914063, 921228699, 2, 5, 328080310, 0
0, 16, 17, 7, 853914063, 921228699, 2, 4, 322268086, 0
0, 16, 17, 7, 853914063, 921228699, 2, 3, 337990101, 0
0, 16, 17, 7, 853914063, 921228699, 2, 2, 321098766, 0
0, 16, 17, 7, 853914063, 921228699, 2, 1, 367342645, 0
0, 16, 17, 7, 853914063, 921228699, 2, 0, 391812057, 0
0, 16, 17, 7, 853914063, 921228699, 1, 12, 325703541, 0
0, 16, 17, 7, 853914063, 921228699, 1, 11, 337822177, 0
0, 16, 17, 7, 853914063, 921228699, 1, 10, 334246513, 0
0, 16, 17, 7, 853914063, 921228699, 1, 9, 337575364, 0
0, 16, 17, 7, 853914063, 921228699, 1, 8, 333684927, 0
0, 16, 17, 7, 853914063, 921228699, 1, 7, 328091122, 0
0, 16, 17, 7, 853914063, 921228699, 1, 6, 323604560, 0
0, 16, 17, 7, 853914063, 921228699, 1, 5, 331583728, 0
0, 16, 17, 7, 853914063, 921228699, 1, 4, 329548538, 0
0, 16, 17, 7, 853914063, 921228699, 1, 3, 362580516, 0
0, 16, 17, 7, 853914063, 921228699, 1, 2, 356434624, 0
0, 16, 17, 7, 853914063, 921228699, 1, 1, 350032072, 0
0, 16, 17, 7, 853914063, 921228699, 1, 0, 383537635, 0
0, 16, 17, 7, 853914063, 921228699, 0, 12, 292334690, 1
0, 16, 17, 7, 853914063, 921228699, 0, 11, 318910571, 1
0, 16, 17, 7, 853914063, 921228699, 0, 10, 312346001, 1
0, 16, 17, 7, 853914063, 921228699, 0, 9, 303658861, 1
0, 16, 17, 7, 853914063, 921228699, 0, 8, 296760857, 1
0, 16, 17, 7, 853914063, 921228699, 0, 7, 286910506, 1
0, 16, 17, 7, 853914063, 921228699, 0, 6, 277459327, 1
0, 16, 17, 7, 853914063, 921228699, 0, 5, 297253329, 1
0, 16, 17, 7, 853914063, 921228699, 0, 4, 271287687, 1
0, 16, 17, 7, 853914063, 921228699, 0, 3, 347627527, 1
0, 16, 17, 7, 853914063, 921228699, 0, 2, 327424471, 1
0, 16, 17, 7, 853914063, 921228699, 0, 1, 295072747, 1
0, 17, 17, 7, 921228700, 946142519, 2, 12, 18320129, 1
0, 17, 17, 7, 921228700, 946142519, 2, 11, 16556532, 1
0, 17, 17, 7, 921228700, 946142519, 2, 10, 13050426, 0
0, 17, 17, 7, 921228700, 946142519, 2, 9, 14349493, 1
0, 17, 17, 7, 921228700, 946142519, 2, 8, 14538156, 0
0, 17, 17, 7, 921228700, 946142519, 2, 7, 11919772, 1
0, 17, 17, 7, 921228700, 946142519, 2, 6, 10431459, 1
0, 17, 17, 7, 921228700, 946142519, 2, 5, 6062600, 1
0, 17, 17, 7, 921228700, 946142519, 2, 4, 7361729, 1
0, 17, 17, 7, 921228700, 946142519, 2, 3, 9369473, 1
0, 17, 17, 7, 921228700, 946142519, 2, 2, 5525072, 1
0, 17, 17, 7, 921228700, 946142519, 2, 1, 4108219, 0
0, 17, 17, 7, 921228700, 946142519, 2, 0, 10270546, 0
0, 17, 17, 7, 921228700, 946142519, 1, 12, 11877239, 0
0, 17, 17, 7, 921228700, 946142519, 1, 11, 12910042, 0
0, 17, 17, 7, 921228700, 946142519, 1, 10, 11176389, 0
0, 17, 17, 7, 921228700, 946142519, 1, 9, 12352851, 0
0, 17, 17, 7, 921228700, 946142519, 1, 8, 11562408, 0
0, 17, 17, 7, 921228700, 946142519, 1, 7, 8038047, 0
0, 17, 17, 7, 921228700, 946142519, 1, 6, 9274669, 0
0, 17, 17, 7, 921228700, 946142519, 1, 5, 8468269, 0
0, 17, 17, 7, 921228700, 946142519, 1, 4, 10350106, 0
0, 17, 17, 7, 921228700, 946142519, 1, 3, 13307279, 1
0, 17, 17, 7, 921228700, 946142519, 1, 2, 8840115, 0
0, 17, 17, 7, 921228700, 946142519, 1, 1, 6847031, 0
0, 17, 17, 7, 921228700, 946142519, 1, 0, 20541092, 0
0, 17, 17, 7, 921228700, 946142519, 0, 12, 13200551, 1
0, 17, 17, 7, 921228700, 946142519, 0, 11, 14400602, 1
0, 17, 17, 7, 921228700, 946142519, 0, 10, 9617982, 1
0, 17, 17, 7, 921228700, 946142519, 0, 9, 10686646, 1
0, 17, 17, 7, 921228700, 946142519, 0, 8, 9076233, 1
0, 17, 17, 7, 921228700, 946142519, 0, 7, 10372838, 1
0, 17, 17, 7, 921228700, 946142519, 0, 6, 12101644, 1
0, 17, 17, 7, 921228700, 946142519, 0, 5, 14521972, 1
0, 17, 17, 7, 921228700, 946142519, 0, 4, 18152465, 1
0, 17, 17, 7, 921228700, 946142519, 0, 3, 24203287, 1
0, 17, 17, 7, 921228700, 946142519, 0, 2, 11829741, 1
0, 17, 17, 7, 921228700, 946142519, 0, 1, 1, 1
0, 18, 17, 7, 946142520, 1032797581, 2, 12, 62042366, 1
0, 18, 17, 7, 946142520, 1032797581, 2, 11, 40765645, 1
0, 18, 17, 7, 946142520, 1032797581, 2, 10, 1, 1
0, 18, 17, 7, 946142520, 1032797581, 2, 9, 1, 1
0, 18, 17, 7, 946142520, 1032797581, 2, 8, 1, 1
0, 18, 17, 7, 946142520, 1032797581, 2, 7, 1, 1
0, 18, 17, 7, 946142520, 1032797581, 2, 6, 1, 1
0, 18, 17, 7, 946142520, 1032797581, 2, 5, 1, 1
0, 18, 17, 7, 946142520, 1032797581, 2, 4, 1, 1
0, 18, 17, 7, 946142520, 1032797581, 2, 3, 1, 1
0, 18, 17, 7, 946142520, 1032797581, 2, 2, 1, 1
0, 18, 17, 7, 946142520, 1032797581, 2, 1, 1, 1
0, 18, 17, 7, 946142520, 1032797581, 2, 0, 1, 0
0, 18, 17, 7, 946142520, 1032797581, 1, 12, 55160975, 1
0, 18, 17, 7, 946142520, 1032797581, 1, 11, 39913673, 1
0, 18, 17, 7, 946142520, 1032797581, 1, 10, 1, 1
0, 18, 17, 7, 946142520, 1032797581, 1, 9, 1, 1
0, 18, 17, 7, 946142520, 1032797581, 1, 8, 1, 1
0, 18, 17, 7, 946142520, 1032797581, 1, 7, 1, 1
0, 18, 17, 7, 946142520, 1032797581, 1, 6, 1, 1
0, 18, 17, 7, 946142520, 1032797581, 1, 5, 1, 1
0, 18, 17, 7, 946142520, 1032797581, 1, 4, 1, 1
0, 18, 17, 7, 946142520, 1032797581, 1, 3, 1, 1
0, 18, 17, 7, 946142520, 1032797581, 1, 2, 1, 1
0, 18, 17, 7, 946142520, 1032797581, 1, 1, 1, 1
0, 18, 17, 7, 946142520, 1032797581, 1, 0, 1, 0
0, 18, 17, 7, 946142520, 1032797581, 0, 12, 37701025, 1
0, 18, 17, 7, 946142520, 1032797581, 0, 11, 41128391, 1
0, 18, 17, 7, 946142520, 1032797581, 0, 10, 1, 1
0, 18, 17, 7, 946142520, 1032797581, 0, 9, 1, 1
0, 18, 17, 7, 946142520, 1032797581, 0, 8, 1, 1
0, 18, 17, 7, 946142520, 1032797581, 0, 7, 1, 1
0, 18, 17, 7, 946142520, 1032797581, 0, 6, 1, 1
0, 18, 17, 7, 946142520, 1032797581, 0, 5, 1, 1
0, 18, 17, 7, 946142520, 1032797581, 0, 4, 1, 1
0, 18, 17, 7, 946142520, 1032797581, 0, 3, 1, 1
0, 18, 17, 7, 946142520, 1032797581, 0, 2, 1, 1
0, 18, 17, 7, 946142520, 1032797581, 0, 1, 1, 1
0, 19, 17, 7, 1032797582, 1073673802, 2, 12, 42753642, 1
0, 19, 17, 7, 1032797582, 1073673802, 2, 11, 27201855, 1
0, 19, 17, 7, 1032797582, 1073673802, 2, 10, 1, 1
0, 19, 17, 7, 1032797582, 1073673802, 2, 9, 1, 1
0, 19, 17, 7, 1032797582, 1073673802, 2, 8, 1, 1
0, 19, 17, 7, 1032797582, 1073673802, 2, 7, 1, 1
0, 19, 17, 7, 1032797582, 1073673802, 2, 6, 1, 1
0, 19, 17, 7, 1032797582, 1073673802, 2, 5, 1, 1
0, 19, 17, 7, 1032797582, 1073673802, 2, 4, 1, 1
0, 19, 17, 7, 1032797582, 1073673802, 2, 3, 1, 1
0, 19, 17, 7, 1032797582, 1073673802, 2, 2, 1, 1
0, 19, 17, 7, 1032797582, 1073673802, 2, 1, 1, 1
0, 19, 17, 7, 1032797582, 1073673802, 2, 0, 1, 0
0, 19, 17, 7, 1032797582, 1073673802, 1, 12, 34710498, 1
0, 19, 17, 7, 1032797582, 1073673802, 1, 11, 25024459, 1
0, 19, 17, 7, 1032797582, 1073673802, 1, 10, 1, 1
0, 19, 17, 7, 1032797582, 1073673802, 1, 9, 1, 1
0, 19, 17, 7, 1032797582, 1073673802, 1, 8, 1, 1
0, 19, 17, 7, 1032797582, 1073673802, 1, 7, 1, 1
0, 19, 17, 7, 1032797582, 1073673802, 1, 6, 1, 1
0, 19, 17, 7, 1032797582, 1073673802, 1, 5, 1, 1
0, 19, 17, 7, 1032797582, 1073673802, 1, 4, 1, 1
0, 19, 17, 7, 1032797582, 1073673802, 1, 3, 1, 1
0, 19, 17, 7, 1032797582, 1073673802, 1, 2, 1, 1
0, 19, 17, 7, 1032797582, 1073673802, 1, 1, 1, 1
0, 19, 17, 7, 1032797582, 1073673802, 1, 0, 1, 0
0, 19, 17, 7, 1032797582, 1073673802, 0, 12, 19301963, 1
0, 19, 17, 7, 1032797582, 1073673802, 0, 11, 21056687, 1
0, 19, 17, 7, 1032797582, 1073673802, 0, 10, 1, 1
0, 19, 17, 7, 1032797582, 1073673802, 0, 9, 1, 1
0, 19, 17, 7, 1032797582, 1073673802, 0, 8, 1, 1
0, 19, 17, 7, 1032797582, 1073673802, 0, 7, 1, 1
0, 19, 17, 7, 1032797582, 1073673802, 0, 6, 1, 1
0, 19, 17, 7, 1032797582, 1073673802, 0, 5, 1, 1
0, 19, 17, 7, 1032797582, 1073673802, 0, 4, 1, 1
0, 19, 17, 7, 1032797582, 1073673802, 0, 3, 1, 1
0, 19, 17, 7, 1032797582, 1073673802, 0, 2, 1, 1
0, 19, 17, 7, 1032797582, 1073673802, 0, 1, 1, 1
0, 20, 17, 7, 1073673803, 1100655278, 2, 12, 70781236, 1
0, 20, 17, 7, 1073673803, 1100655278, 2, 11, 44693521, 1
0, 20, 17, 7, 1073673803, 1100655278, 2, 10, 1, 1
0, 20, 17, 7, 1073673803, 1100655278, 2, 9, 1, 1
0, 20, 17, 7, 1073673803, 1100655278, 2, 8, 1, 1
0, 20, 17, 7, 1073673803, 1100655278, 2, 7, 1, 1
0, 20, 17, 7, 1073673803, 1100655278, 2, 6, 1, 1
0, 20, 17, 7, 1073673803, 1100655278, 2, 5, 1, 1
0, 20, 17, 7, 1073673803, 1100655278, 2, 4, 1, 1
0, 20, 17, 7, 1073673803, 1100655278, 2, 3, 1, 1
0, 20, 17, 7, 1073673803, 1100655278, 2, 2, 1, 1
0, 20, 17, 7, 1073673803, 1100655278, 2, 1, 1, 1
0, 20, 17, 7, 1073673803, 1100655278, 2, 0, 1, 0
0, 20, 17, 7, 1073673803, 1100655278, 1, 12, 64650597, 1
0, 20, 17, 7, 1073673803, 1100655278, 1, 11, 44694181, 1
0, 20, 17, 7, 1073673803, 1100655278, 1, 10, 1, 1
0, 20, 17, 7, 1073673803, 1100655278, 1, 9, 1, 1
0, 20, 17, 7, 1073673803, 1100655278, 1, 8, 1, 1
0, 20, 17, 7, 1073673803, 1100655278, 1, 7, 1, 1
0, 20, 17, 7, 1073673803, 1100655278, 1, 6, 1, 1
0, 20, 17, 7, 1073673803, 1100655278, 1, 5, 1, 1
0, 20, 17, 7, 1073673803, 1100655278, 1, 4, 1, 1
0, 20, 17, 7, 1073673803, 1100655278, 1, 3, 1, 1
0, 20, 17, 7, 1073673803, 1100655278, 1, 2, 1, 1
0, 20, 17, 7, 1073673803, 1100655278, 1, 1, 1, 1
0, 20, 17, 7, 1073673803, 1100655278, 1, 0, 1, 0
0, 20, 17, 7, 1073673803, 1100655278, 0, 12, 49541460, 1
0, 20, 17, 7, 1073673803, 1100655278, 0, 11, 47804425, 1
0, 20, 17, 7, 1073673803, 1100655278, 0, 10, 1, 1
0, 20, 17, 7, 1073673803, 1100655278, 0, 9, 1, 1
0, 20, 17, 7, 1073673803, 1100655278, 0, 8, 1, 1
0, 20, 17, 7, 1073673803, 1100655278, 0, 7, 1, 1
0, 20, 17, 7, 1073673803, 1100655278, 0, 6, 1, 1
0, 20, 17, 7, 1073673803, 1100655278, 0, 5, 1, 1
0, 20, 17, 7, 1073673803, 1100655278, 0, 4, 1, 1
0, 20, 17, 7, 1073673803, 1100655278, 0, 3, 1, 1
0, 20, 17, 7, 1073673803, 1100655278, 0, 2, 1, 1
0, 20, 17, 7, 1073673803, 1100655278, 0, 1, 1, 1
0, 21, 17, 7, 1100655279, 1137052747, 2, 12, 49575934, 1
0, 21, 17, 7, 1100655279, 1137052747, 2, 11, 24687460, 1
0, 21, 17, 7, 1100655279, 1137052747, 2, 10, 1, 1
0, 21, 17, 7, 1100655279, 1137052747, 2, 9, 1, 1
0, 21, 17, 7, 1100655279, 1137052747, 2, 8, 1, 1
0, 21, 17, 7, 1100655279, 1137052747, 2, 7, 1, 1
0, 21, 17, 7, 1100655279, 1137052747, 2, 6, 1, 1
0, 21, 17, 7, 1100655279, 1137052747, 2, 5, 1, 1
0, 21, 17, 7, 1100655279, 1137052747, 2, 4, 1, 1
0, 21, 17, 7, 1100655279, 1137052747, 2, 3, 1, 1
0, 21, 17, 7, 1100655279, 1137052747, 2, 2, 1, 1
0, 21, 17, 7, 1100655279, 1137052747, 2, 1, 1, 1
0, 21, 17, 7, 1100655279, 1137052747, 2, 0, 1, 0
0, 21, 17, 7, 1100655279, 1137052747, 1, 12, 53698917, 1
0, 21, 17, 7, 1100655279, 1137052747, 1, 11, 30107722, 1
0, 21, 17, 7, 1100655279, 1137052747, 1, 10, 1, 1
0, 21, 17, 7, 1100655279, 1137052747, 1, 9, 1, 1
0, 21, 17, 7, 1100655279, 1137052747, 1, 8, 1, 1
0, 21, 17, 7, 1100655279, 1137052747, 1, 7, 1, 1
0, 21, 17, 7, 1100655279, 1137052747, 1, 6, 1, 1
0, 21, 17, 7, 1100655279, 1137052747, 1, 5, 1, 1
0, 21, 17, 7, 1100655279, 1137052747, 1, 4, 1, 1
0, 21, 17, 7, 1100655279, 1137052747, 1, 3, 1, 1
0, 21, 17, 7, 1100655279, 1137052747, 1, 2, 1, 1
0, 21, 17, 7, 1100655279, 1137052747, 1, 1, 1, 1
0, 21, 17, 7, 1100655279, 1137052747, 1, 0, 1, 0
0, 21, 17, 7, 1100655279, 1137052747, 0, 12, 56575815, 1
0, 21, 17, 7, 1100655279, 1137052747, 0, 11, 32878884, 1
0, 21, 17, 7, 1100655279, 1137052747, 0, 10, 1, 1
0, 21, 17, 7, 1100655279, 1137052747, 0, 9, 1, 1
0, 21, 17, 7, 1100655279, 1137052747, 0, 8, 1, 1
0, 21, 17, 7, 1100655279, 1137052747, 0, 7, 1, 1
0, 21, 17, 7, 1100655279, 1137052747, 0, 6, 1, 1
0, 21, 17, 7, 1100655279, 1137052747, 0, 5, 1, 1
0, 21, 17, 7, 1100655279, 1137052747, 0, 4, 1, 1
0, 21, 17, 7, 1100655279, 1137052747, 0, 3, 1, 1
0, 21, 17, 7, 1100655279, 1137052747, 0, 2, 1, 1
0, 21, 17, 7, 1100655279, 1137052747, 0, 1, 1, 1
0, 22, 17, 7, 1137052748, 1167678310, 2, 12, 83372644, 1
0, 22, 17, 7, 1137052748, 1167678310, 2, 11, 45319771, 1
0, 22, 17, 7, 1137052748, 1167678310, 2, 10, 1, 1
0, 22, 17, 7, 1137052748, 1167678310, 2, 9, 1, 1
0, 22, 17, 7, 1137052748, 1167678310, 2, 8, 1, 1
0, 22, 17, 7, 1137052748, 1167678310, 2, 7, 1, 1
0, 22, 17, 7, 1137052748, 1167678310, 2, 6, 1, 1
0, 22, 17, 7, 1137052748, 1167678310, 2, 5, 1, 1
0, 22, 17, 7, 1137052748, 1167678310, 2, 4, 1, 1
0, 22, 17, 7, 1137052748, 1167678310, 2, 3, 1, 1
0, 22, 17, 7, 1137052748, 1167678310, 2, 2, 1, 1
0, 22, 17, 7, 1137052748, 1167678310, 2, 1, 1, 1
0, 22, 17, 7, 1137052748, 1167678310, 2, 0, 1, 0
0, 22, 17, 7, 1137052748, 1167678310, 1, 12, 84344195, 1
0, 22, 17, 7, 1137052748, 1167678310, 1, 11, 45898560, 1
0, 22, 17, 7, 1137052748, 1167678310, 1, 10, 1, 1
0, 22, 17, 7, 1137052748, 1167678310, 1, 9, 1, 1
0, 22, 17, 7, 1137052748, 1167678310, 1, 8, 1, 1
0, 22, 17, 7, 1137052748, 1167678310, 1, 7, 1, 1
0, 22, 17, 7, 1137052748, 1167678310, 1, 6, 1, 1
0, 22, 17, 7, 1137052748, 1167678310, 1, 5, 1, 1
0, 22, 17, 7, 1137052748, 1167678310, 1, 4, 1, 1
0, 22, 17, 7, 1137052748, 1167678310, 1, 3, 1, 1
0, 22, 17, 7, 1137052748, 1167678310, 1, 2, 1, 1
0, 22, 17, 7, 1137052748, 1167678310, 1, 1, 1, 1
0, 22, 17, 7, 1137052748, 1167678310, 1, 0, 1, 0
0, 22, 17, 7, 1137052748, 1167678310, 0, 12, 88305564, 1
0, 22, 17, 7, 1137052748, 1167678310, 0, 11, 48419279, 1
0, 22, 17, 7, 1137052748, 1167678310, 0, 10, 1, 1
0, 22, 17, 7, 1137052748, 1167678310, 0, 9, 1, 1
0, 22, 17, 7, 1137052748, 1167678310, 0, 8, 1, 1
0, 22, 17, 7, 1137052748, 1167678310, 0, 7, 1, 1
0, 22, 17, 7, 1137052748, 1167678310, 0, 6, 1, 1
0, 22, 17, 7, 1137052748, 1167678310, 0, 5, 1, 1
0, 22, 17, 7, 1137052748, 1167678310, 0, 4, 1, 1
0, 22, 17, 7, 1137052748, 1167678310, 0, 3, 1, 1
0, 22, 17, 7, 1137052748, 1167678310, 0, 2, 1, 1
0, 22, 17, 7, 1137052748, 1167678310, 0, 1, 1, 1
0, 23, 17, 7, 1167678311, 1207055464, 2, 12, 41241424, 1
0, 23, 17, 7, 1167678311, 1207055464, 2, 11, 22714330, 1
0, 23, 17, 7, 1167678311, 1207055464, 2, 10, 1, 1
0, 23, 17, 7, 1167678311, 1207055464, 2, 9, 1, 1
0, 23, 17, 7, 1167678311, 1207055464, 2, 8, 1, 1
0, 23, 17, 7, 1167678311, 1207055464, 2, 7, 1, 1
0, 23, 17, 7, 1167678311, 1207055464, 2, 6, 1, 1
0, 23, 17, 7, 1167678311, 1207055464, 2, 5, 1, 1
0, 23, 17, 7, 1167678311, 1207055464, 2, 4, 1, 1
0, 23, 17, 7, 1167678311, 1207055464, 2, 3, 1, 1
0, 23, 17, 7, 1167678311, 1207055464, 2, 2, 1, 1
0, 23, 17, 7, 1167678311, 1207055464, 2, 1, 1, 1
0, 23, 17, 7, 1167678311, 1207055464, 2, 0, 1, 0
0, 23, 17, 7, 1167678311, 1207055464, 1, 12, 48281007, 1
0, 23, 17, 7, 1167678311, 1207055464, 1, 11, 26703469, 1
0, 23, 17, 7, 1167678311, 1207055464, 1, 10, 1, 1
0, 23, 17, 7, 1167678311, 1207055464, 1, 9, 1, 1
0, 23, 17, 7, 1167678311, 1207055464, 1, 8, 1, 1
0, 23, 17, 7, 1167678311, 1207055464, 1, 7, 1, 1
0, 23, 17, 7, 1167678311, 1207055464, 1, 6, 1, 1
0, 23, 17, 7, 1167678311, 1207055464, 1, 5, 1, 1
0, 23, 17, 7, 1167678311, 1207055464, 1, 4, 1, 1
0, 23, 17, 7, 1167678311, 1207055464, 1, 3, 1, 1
0, 23, 17, 7, 1167678311, 1207055464, 1, 2, 1, 1
0, 23, 17, 7, 1167678311, 1207055464, 1, 1, 1, 1
0, 23, 17, 7, 1167678311, 1207055464, 1, 0, 1, 0
0, 23, 17, 7, 1167678311, 1207055464, 0, 12, 53288183, 1
0, 23, 17, 7, 1167678311, 1207055464, 0, 11, 30697265, 1
0, 23, 17, 7, 1167678311, 1207055464, 0, 10, 1, 1
0, 23, 17, 7, 1167678311, 1207055464, 0, 9, 1, 1
0, 23, 17, 7, 1167678311, 1207055464, 0, 8, 1, 1
0, 23, 17, 7, 1167678311, 1207055464, 0, 7, 1, 1
0, 23, 17, 7, 1167678311, 1207055464, 0, 6, 1, 1
0, 23, 17, 7, 1167678311, 1207055464, 0, 5, 1, 1
0, 23, 17, 7, 1167678311, 1207055464, 0, 4, 1, 1
0, 23, 17, 7, 1167678311, 1207055464, 0, 3, 1, 1
0, 23, 17, 7, 1167678311, 1207055464, 0, 2, 1, 1
0, 23, 17, 7, 1167678311, 1207055464, 0, 1, 1, 1
0, 24, 17, 7, 1207055465, 1287792779, 2, 12, 79057515, 1
0, 24, 17, 7, 1207055465, 1287792779, 2, 11, 43684350, 1
0, 24, 17, 7, 1207055465, 1287792779, 2, 10, 1, 1
0, 24, 17, 7, 1207055465, 1287792779, 2, 9, 1, 1
0, 24, 17, 7, 1207055465, 1287792779, 2, 8, 1, 1
0, 24, 17, 7, 1207055465, 1287792779, 2, 7, 1, 1
0, 24, 17, 7, 1207055465, 1287792779, 2, 6, 1, 1
0, 24, 17, 7, 1207055465, 1287792779, 2, 5, 1, 1
0, 24, 17, 7, 1207055465, 1287792779, 2, 4, 1, 1
0, 24, 17, 7, 1207055465, 1287792779, 2, 3, 1, 1
0, 24, 17, 7, 1207055465, 1287792779, 2, 2, 1, 1
0, 24, 17, 7, 1207055465, 1287792779, 2, 1, 1, 1
0, 24, 17, 7, 1207055465, 1287792779, 2, 0, 1, 0
0, 24, 17, 7, 1207055465, 1287792779, 1, 12, 76862777, 1
0, 24, 17, 7, 1207055465, 1287792779, 1, 11, 41904398, 1
0, 24, 17, 7, 1207055465, 1287792779, 1, 10, 1, 1
0, 24, 17, 7, 1207055465, 1287792779, 1, 9, 1, 1
0, 24, 17, 7, 1207055465, 1287792779, 1, 8, 1, 1
0, 24, 17, 7, 1207055465, 1287792779, 1, 7, 1, 1
0, 24, 17, 7, 1207055465, 1287792779, 1, 6, 1, 1
0, 24, 17, 7, 1207055465, 1287792779, 1, 5, 1, 1
0, 24, 17, 7, 1207055465, 1287792779, 1, 4, 1, 1
0, 24, 17, 7, 1207055465, 1287792779, 1, 3, 1, 1
0, 24, 17, 7, 1207055465, 1287792779, 1, 2, 1, 1
0, 24, 17, 7, 1207055465, 1287792779, 1, 1, 1, 1
0, 24, 17, 7, 1207055465, 1287792779, 1, 0, 1, 0
0, 24, 17, 7, 1207055465, 1287792779, 0, 12, 78933285, 1
0, 24, 17, 7, 1207055465, 1287792779, 0, 11, 42015665, 1
0, 24, 17, 7, 1207055465, 1287792779, 0, 10, 1, 1
0, 24, 17, 7, 1207055465, 1287792779, 0, 9, 1, 1
0, 24, 17, 7, 1207055465, 1287792779, 0, 8, 1, 1
0, 24, 17, 7, 1207055465, 1287792779, 0, 7, 1, 1
0, 24, 17, 7, 1207055465, 1287792779, 0, 6, 1, 1
0, 24, 17, 7, 1207055465, 1287792779, 0, 5, 1, 1
0, 24, 17, 7, 1207055465, 1287792779, 0, 4, 1, 1
0, 24, 17, 7, 1207055465, 1287792779, 0, 3, 1, 1
0, 24, 17, 7, 1207055465, 1287792779, 0, 2, 1, 1
0, 24, 17, 7, 1207055465, 1287792779, 0, 1, 1, 1
0, 25, 17, 7, 1287792780, 1316414602, 2, 12, 33241917, 1
0, 25, 17, 7, 1287792780, 1316414602, 2, 11, 21299138, 1
0, 25, 17, 7, 1287792780, 1316414602, 2, 10, 1, 1
0, 25, 17, 7, 1287792780, 1316414602, 2, 9, 1, 1
0, 25, 17, 7, 1287792780, 1316414602, 2, 8, 1, 1
0, 25, 17, 7, 1287792780, 1316414602, 2, 7, 1, 1
0, 25, 17, 7, 1287792780, 1316414602, 2, 6, 1, 1
0, 25, 17, 7, 1287792780, 1316414602, 2, 5, 1, 1
0, 25, 17, 7, 1287792780, 1316414602, 2, 4, 1, 1
0, 25, 17, 7, 1287792780, 1316414602, 2, 3, 1, 1
0, 25, 17, 7, 1287792780, 1316414602, 2, 2, 1, 1
0, 25, 17, 7, 1287792780, 1316414602, 2, 1, 1, 1
0, 25, 17, 7, 1287792780, 1316414602, 2, 0, 1, 0
0, 25, 17, 7, 1287792780, 1316414602, 1, 12, 29482588, 1
0, 25, 17, 7, 1287792780, 1316414602, 1, 11, 21479082, 1
0, 25, 17, 7, 1287792780, 1316414602, 1, 10, 1, 1
0, 25, 17, 7, 1287792780, 1316414602, 1, 9, 1, 1
0, 25, 17, 7, 1287792780, 1316414602, 1, 8, 1, 1
0, 25, 17, 7, 1287792780, 1316414602, 1, 7, 1, 1
0, 25, 17, 7, 1287792780, 1316414602, 1, 6, 1, 1
0, 25, 17, 7, 1287792780, 1316414602, 1, 5, 1, 1
0, 25, 17, 7, 1287792780, 1316414602, 1, 4, 1, 1
0, 25, 17, 7, 1287792780, 1316414602, 1, 3, 1, 1
0, 25, 17, 7, 1287792780, 1316414602, 1, 2, 1, 1
0, 25, 17, 7, 1287792780, 1316414602, 1, 1, 1, 1
0, 25, 17, 7, 1287792780, 1316414602, 1, 0, 1, 0
0, 25, 17, 7, 1287792780, 1316414602, 0, 12, 40579913, 1
0, 25, 17, 7, 1287792780, 1316414602, 0, 11, 22173923, 1
0, 25, 17, 7, 1287792780, 1316414602, 0, 10, 1, 1
0, 25, 17, 7, 1287792780, 1316414602, 0, 9, 1, 1
0, 25, 17, 7, 1287792780, 1316414602, 0, 8, 1, 1
0, 25, 17, 7, 1287792780, 1316414602, 0, 7, 1, 1
0, 25, 17, 7, 1287792780, 1316414602, 0, 6, 1, 1
0, 25, 17, 7, 1287792780, 1316414602, 0, 5, 1, 1
0, 25, 17, 7, 1287792780, 1316414602, 0, 4, 1, 1
0, 25, 17, 7, 1287792780, 1316414602, 0, 3, 1, 1
0, 25, 17, 7, 1287792780, 1316414602, 0, 2, 1, 1
0, 25, 17, 7, 1287792780, 1316414602, 0, 1, 1, 1
0, 26, 17, 7, 1316414603, 1335882571, 2, 12, 6099416, 1
0, 26, 17, 7, 1316414603, 1335882571, 2, 11, 6622223, 1
0, 26, 17, 7, 1316414603, 1335882571, 2, 10, 5895954, 1
0, 26, 17, 7, 1316414603, 1335882571, 2, 9, 5061626, 1
0, 26, 17, 7, 1316414603, 1335882571, 2, 8, 5063799, 1
0, 26, 17, 7, 1316414603, 1335882571, 2, 7, 4327071, 1
0, 26, 17, 7, 1316414603, 1335882571, 2, 6, 2660768, 1
0, 26, 17, 7, 1316414603, 1335882571, 2, 5, 1784302, 1
0, 26, 17, 7, 1316414603, 1335882571, 2, 4, 1673747, 1
0, 26, 17, 7, 1316414603, 1335882571, 2, 3, 748219, 1
0, 26, 17, 7, 1316414603, 1335882571, 2, 2, 1028800, 1
0, 26, 17, 7, 1316414603, 1335882571, 2, 1, 1646080, 1
0, 26, 17, 7, 1316414603, 1335882571, 2, 0, 1, 0
0, 26, 17, 7, 1316414603, 1335882571, 1, 12, 1682855, 1
0, 26, 17, 7, 1316414603, 1335882571, 1, 11, 1829190, 1
0, 26, 17, 7, 1316414603, 1335882571, 1, 10, 1000420, 1
0, 26, 17, 7, 1316414603, 1335882571, 1, 9, 918706, 1
0, 26, 17, 7, 1316414603, 1335882571, 1, 8, 1026789, 1
0, 26, 17, 7, 1316414603, 1335882571, 1, 7, 592903, 1
0, 26, 17, 7, 1316414603, 1335882571, 1, 6, 342138, 1
0, 26, 17, 7, 1316414603, 1335882571, 1, 5, 1, 1
0, 26, 17, 7, 1316414603, 1335882571, 1, 4, 1, 1
0, 26, 17, 7, 1316414603, 1335882571, 1, 3, 1, 1
0, 26, 17, 7, 1316414603, 1335882571, 1, 2, 1, 1
0, 26, 17, 7, 1316414603, 1335882571, 1, 1, 1, 1
0, 26, 17, 7, 1316414603, 1335882571, 1, 0, 1, 0
0, 26, 17, 7, 1316414603, 1335882571, 0, 12, 2472867, 1
0, 26, 17, 7, 1316414603, 1335882571, 0, 11, 2697673, 1
0, 26, 17, 7, 1316414603, 1335882571, 0, 10, 1656102, 1
0, 26, 17, 7, 1316414603, 1335882571, 0, 9, 1445291, 1
0, 26, 17, 7, 1316414603, 1335882571, 0, 8, 1625952, 1
0, 26, 17, 7, 1316414603, 1335882571, 0, 7, 635106, 1
0, 26, 17, 7, 1316414603, 1335882571, 0, 6, 1, 1
0, 26, 17, 7, 1316414603, 1335882571, 0, 5, 1, 1
0, 26, 17, 7, 1316414603, 1335882571, 0, 4, 1, 1
0, 26, 17, 7, 1316414603, 1335882571, 0, 3, 1, 1
0, 26, 17, 7, 1316414603, 1335882571, 0, 2, 1, 1
0, 26, 17, 7, 1316414603, 1335882571, 0, 1, 1, 1
0, 27, 17, 7, 1335882572, 1381346125, 2, 12, 15134554, 0
0, 27, 17, 7, 1335882572, 1381346125, 2, 11, 14894201, 0
0, 27, 17, 7, 1335882572, 1381346125, 2, 10, 13031919, 0
0, 27, 17, 7, 1335882572, 1381346125, 2, 9, 13735193, 0
0, 27, 17, 7, 1335882572, 1381346125, 2, 8, 14008640, 0
0, 27, 17, 7, 1335882572, 1381346125, 2, 7, 14237175, 0
0, 27, 17, 7, 1335882572, 1381346125, 2, 6, 13979397, 0
0, 27, 17, 7, 1335882572, 1381346125, 2, 5, 14511285, 0
0, 27, 17, 7, 1335882572, 1381346125, 2, 4, 13613529, 0
0, 27, 17, 7, 1335882572, 1381346125, 2, 3, 13926163, 0
0, 27, 17, 7, 1335882572, 1381346125, 2, 2, 12480043, 0
0, 27, 17, 7, 1335882572, 1381346125, 2, 1, 13041676, 1
0, 27, 17, 7, 1335882572, 1381346125, 2, 0, 17939514, 0
0, 27, 17, 7, 1335882572, 1381346125, 1, 12, 14127348, 0
0, 27, 17, 7, 1335882572, 1381346125, 1, 11, 14374910, 0
0, 27, 17, 7, 1335882572, 1381346125, 1, 10, 12804739, 0
0, 27, 17, 7, 1335882572, 1381346125, 1, 9, 14152606, 0
0, 27, 17, 7, 1335882572, 1381346125, 1, 8, 14717571, 0
0, 27, 17, 7, 1335882572, 1381346125, 1, 7, 14835022, 0
0, 27, 17, 7, 1335882572, 1381346125, 1, 6, 14873774, 0
0, 27, 17, 7, 1335882572, 1381346125, 1, 5, 15878023, 0
0, 27, 17, 7, 1335882572, 1381346125, 1, 4, 15250737, 0
0, 27, 17, 7, 1335882572, 1381346125, 1, 3, 16936546, 0
0, 27, 17, 7, 1335882572, 1381346125, 1, 2, 16781837, 0
0, 27, 17, 7, 1335882572, 1381346125, 1, 1, 21736126, 0
0, 27, 17, 7, 1335882572, 1381346125, 1, 0, 35879027, 0
0, 27, 17, 7, 1335882572, 1381346125, 0, 12, 11603174, 1
0, 27, 17, 7, 1335882572, 1381346125, 0, 11, 11938209, 1
0, 27, 17, 7, 1335882572, 1381346125, 0, 10, 10121452, 1
0, 27, 17, 7, 1335882572, 1381346125, 0, 9, 11246058, 1
0, 27, 17, 7, 1335882572, 1381346125, 0, 8, 10314214, 1
0, 27, 17, 7, 1335882572, 1381346125, 0, 7, 9116128, 1
0, 27, 17, 7, 1335882572, 1381346125, 0, 6, 8891241, 1
0, 27, 17, 7, 1335882572, 1381346125, 0, 5, 10669489, 1
0, 27, 17, 7, 1335882572, 1381346125, 0, 4, 8661659, 1
0, 27, 17, 7, 1335882572, 1381346125, 0, 3, 11548878, 1
0, 27, 17, 7, 1335882572, 1381346125, 0, 2, 9350405, 1
0, 27, 17, 7, 1335882572, 1381346125, 0, 1, 18700810, 1
0, 28, 17, 7, 1381346126, 1544471086, 2, 12, 50943663, 0
0, 28, 17, 7, 1381346126, 1544471086, 2, 11, 52352004, 0
0, 28, 17, 7, 1381346126, 1544471086, 2, 10, 50041349, 0
0, 28, 17, 7, 1381346126, 1544471086, 2, 9, 47429594, 0
0, 28, 17, 7, 1381346126, 1544471086, 2, 8, 44782955, 0
0, 28, 17, 7, 1381346126, 1544471086, 2, 7, 47311350, 0
0, 28, 17, 7, 1381346126, 1544471086, 2, 6, 44435672, 0
0, 28, 17, 7, 1381346126, 1544471086, 2, 5, 52277261, 0
0, 28, 17, 7, 1381346126, 1544471086, 2, 4, 44212315, 0
0, 28, 17, 7, 1381346126, 1544471086, 2, 3, 55033226, 0
0, 28, 17, 7, 1381346126, 1544471086, 2, 2, 61119407, 0
0, 28, 17, 7, 1381346126, 1544471086, 2, 1, 93173635, 0
0, 28, 17, 7, 1381346126, 1544471086, 2, 0, 109083798, 0
0, 28, 17, 7, 1381346126, 1544471086, 1, 12, 17085750, 1
0, 28, 17, 7, 1381346126, 1544471086, 1, 11, 16376926, 1
0, 28, 17, 7, 1381346126, 1544471086, 1, 10, 9519376, 1
0, 28, 17, 7, 1381346126, 1544471086, 1, 9, 10290925, 1
0, 28, 17, 7, 1381346126, 1544471086, 1, 8, 11501622, 1
0, 28, 17, 7, 1381346126, 1544471086, 1, 7, 13035172, 1
0, 28, 17, 7, 1381346126, 1544471086, 1, 6, 15040583, 1
0, 28, 17, 7, 1381346126, 1544471086, 1, 5, 17775234, 1
0, 28, 17, 7, 1381346126, 1544471086, 1, 4, 15106927, 1
0, 28, 17, 7, 1381346126, 1544471086, 1, 3, 19423192, 1
0, 28, 17, 7, 1381346126, 1544471086, 1, 2, 3910422, 1
0, 28, 17, 7, 1381346126, 1544471086, 1, 1, 6517369, 1
0, 28, 17, 7, 1381346126, 1544471086, 1, 0, 1, 0
0, 28, 17, 7, 1381346126, 1544471086, 0, 12, 5690509, 1
0, 28, 17, 7, 1381346126, 1544471086, 0, 11, 6207828, 1
0, 28, 17, 7, 1381346126, 1544471086, 0, 10, 6828610, 1
0, 28, 17, 7, 1381346126, 1544471086, 0, 9, 7100753, 1
0, 28, 17, 7, 1381346126, 1544471086, 0, 8, 7988348, 1
0, 28, 17, 7, 1381346126, 1544471086, 0, 7, 9129540, 1
0, 28, 17, 7, 1381346126, 1544471086, 0, 6, 10651130, 1
0, 28, 17, 7, 1381346126, 1544471086, 0, 5, 12781356, 1
0, 28, 17, 7, 1381346126, 1544471086, 0, 4, 4888027, 1
0, 28, 17, 7, 1381346126, 1544471086, 0, 3, 6517369, 1
0, 28, 17, 7, 1381346126, 1544471086, 0, 2, 9776054, 1
0, 28, 17, 7, 1381346126, 1544471086, 0, 1, 19552107, 1
0, 29, 17, 7, 1544471087, 1599867512, 2, 12, 3849553, 1
0, 29, 17, 7, 1544471087, 1599867512, 2, 11, 3692880, 1
0, 29, 17, 7, 1544471087, 1599867512, 2, 10, 3871838, 1
0, 29, 17, 7, 1544471087, 1599867512, 2, 9, 4272373, 1
0, 29, 17, 7, 1544471087, 1599867512, 2, 8, 3280238, 1
0, 29, 17, 7, 1544471087, 1599867512, 2, 7, 3708095, 1
0, 29, 17, 7, 1544471087, 1599867512, 2, 6, 4264309, 1
0, 29, 17, 7, 1544471087, 1599867512, 2, 5, 5016834, 1
0, 29, 17, 7, 1544471087, 1599867512, 2, 4, 5573593, 1
0, 29, 17, 7, 1544471087, 1599867512, 2, 3, 4299200, 1
0, 29, 17, 7, 1544471087, 1599867512, 2, 2, 5911400, 1
0, 29, 17, 7, 1544471087, 1599867512, 2, 1, 5223532, 1
0, 29, 17, 7, 1544471087, 1599867512, 2, 0, 1, 0
0, 29, 17, 7, 1544471087, 1599867512, 1, 12, 1991446, 1
0, 29, 17, 7, 1544471087, 1599867512, 1, 11, 2164615, 1
0, 29, 17, 7, 1544471087, 1599867512, 1, 10, 2270761, 1
0, 29, 17, 7, 1544471087, 1599867512, 1, 9, 2509788, 1
0, 29, 17, 7, 1544471087, 1599867512, 1, 8, 1536333, 1
0, 29, 17, 7, 1544471087, 1599867512, 1, 7, 1741178, 1
0, 29, 17, 7, 1544471087, 1599867512, 1, 6, 2009051, 1
0, 29, 17, 7, 1544471087, 1599867512, 1, 5, 2374333, 1
0, 29, 17, 7, 1544471087, 1599867512, 1, 4, 2901963, 1
0, 29, 17, 7, 1544471087, 1599867512, 1, 3, 3731095, 1
0, 29, 17, 7, 1544471087, 1599867512, 1, 2, 5223532, 1
0, 29, 17, 7, 1544471087, 1599867512, 1, 1, 8705887, 1
0, 29, 17, 7, 1544471087, 1599867512, 1, 0, 1, 0
0, 29, 17, 7, 1544471087, 1599867512, 0, 12, 2217140, 1
0, 29, 17, 7, 1544471087, 1599867512, 0, 11, 2418698, 1
0, 29, 17, 7, 1544471087, 1599867512, 0, 10, 2450552, 1
0, 29, 17, 7, 1544471087, 1599867512, 0, 9, 2722836, 1
0, 29, 17, 7, 1544471087, 1599867512, 0, 8, 367152, 1
0, 29, 17, 7, 1544471087, 1599867512, 0, 7, 419602, 1
0, 29, 17, 7, 1544471087, 1599867512, 0, 6, 489536, 1
0, 29, 17, 7, 1544471087, 1599867512, 0, 5, 587443, 1
0, 29, 17, 7, 1544471087, 1599867512, 0, 4, 734303, 1
0, 29, 17, 7, 1544471087, 1599867512, 0, 3, 979071, 1
0, 29, 17, 7, 1544471087, 1599867512, 0, 2, 1468606, 1
0, 29, 17, 7, 1544471087, 1599867512, 0, 1, 2937212, 1
0, 30, 17, 7, 1599867513, 1626977282, 2, 12, 1087761, 1
0, 30, 17, 7, 1599867513, 1626977282, 2, 11, 937623, 1
0, 30, 17, 7, 1599867513, 1626977282, 2, 10, 1025525, 1
0, 30, 17, 7, 1599867513, 1626977282, 2, 9, 1111635, 1
0, 30, 17, 7, 1599867513, 1626977282, 2, 8, 1239901, 1
0, 30, 17, 7, 1599867513, 1626977282, 2, 7, 543938, 1
0, 30, 17, 7, 1599867513, 1626977282, 2, 6, 625529, 1
0, 30, 17, 7, 1599867513, 1626977282, 2, 5, 735916, 1
0, 30, 17, 7, 1599867513, 1626977282, 2, 4, 893613, 1
0, 30, 17, 7, 1599867513, 1626977282, 2, 3, 1, 1
0, 30, 17, 7, 1599867513, 1626977282, 2, 2, 1, 1
0, 30, 17, 7, 1599867513, 1626977282, 2, 1, 1, 1
0, 30, 17, 7, 1599867513, 1626977282, 2, 0, 1, 0
0, 30, 17, 7, 1599867513, 1626977282, 1, 12, 1312671, 1
0, 30, 17, 7, 1599867513, 1626977282, 1, 11, 1426817, 1
0, 30, 17, 7, 1599867513, 1626977282, 1, 10, 1562704, 1
0, 30, 17, 7, 1599867513, 1626977282, 1, 9, 1696706, 1
0, 30, 17, 7, 1599867513, 1626977282, 1, 8, 1896318, 1
0, 30, 17, 7, 1599867513, 1626977282, 1, 7, 834039, 1
0, 30, 17, 7, 1599867513, 1626977282, 1, 6, 962352, 1
0, 30, 17, 7, 1599867513, 1626977282, 1, 5, 1137325, 1
0, 30, 17, 7, 1599867513, 1626977282, 1, 4, 1390064, 1
0, 30, 17, 7, 1599867513, 1626977282, 1, 3, 1, 1
0, 30, 17, 7, 1599867513, 1626977282, 1, 2, 1, 1
0, 30, 17, 7, 1599867513, 1626977282, 1, 1, 1, 1
0, 30, 17, 7, 1599867513, 1626977282, 1, 0, 1, 0
0, 30, 17, 7, 1599867513, 1626977282, 0, 12, 2686451, 1
0, 30, 17, 7, 1599867513, 1626977282, 0, 11, 2930673, 1
0, 30, 17, 7, 1599867513, 1626977282, 0, 10, 3223741, 1
0, 30, 17, 7, 1599867513, 1626977282, 0, 9, 3581934, 1
0, 30, 17, 7, 1599867513, 1626977282, 0, 8, 4029676, 1
0, 30, 17, 7, 1599867513, 1626977282, 0, 7, 1787225, 1
0, 30, 17, 7, 1599867513, 1626977282, 0, 6, 2085096, 1
0, 30, 17, 7, 1599867513, 1626977282, 0, 5, 2502115, 1
0, 30, 17, 7, 1599867513, 1626977282, 0, 4, 3127643, 1
0, 30, 17, 7, 1599867513, 1626977282, 0, 3, 1, 1
0, 30, 17, 7, 1599867513, 1626977282, 0, 2, 1, 1
0, 30, 17, 7, 1599867513, 1626977282, 0, 1, 1, 1
0, 31, 17, 7, 1626977283, 1684613922, 2, 12, 19055406, 1
0, 31, 17, 7, 1626977283, 1684613922, 2, 11, 11412032, 1
0, 31, 17, 7, 1626977283, 1684613922, 2, 10, 1, 1
0, 31, 17, 7, 1626977283, 1684613922, 2, 9, 1, 1
0, 31, 17, 7, 1626977283, 1684613922, 2, 8, 1, 1
0, 31, 17, 7, 1626977283, 1684613922, 2, 7, 1, 1
0, 31, 17, 7, 1626977283, 1684613922, 2, 6, 1, 1
0, 31, 17, 7, 1626977283, 1684613922, 2, 5, 1, 1
0, 31, 17, 7, 1626977283, 1684613922, 2, 4, 1, 1
0, 31, 17, 7, 1626977283, 1684613922, 2, 3, 1, 1
0, 31, 17, 7, 1626977283, 1684613922, 2, 2, 1, 1
0, 31, 17, 7, 1626977283, 1684613922, 2, 1, 1, 1
0, 31, 17, 7, 1626977283, 1684613922, 2, 0, 1, 0
0, 31, 17, 7, 1626977283, 1684613922, 1, 12, 17456835, 1
0, 31, 17, 7, 1626977283, 1684613922, 1, 11, 12185350, 1
0, 31, 17, 7, 1626977283, 1684613922, 1, 10, 1, 1
0, 31, 17, 7, 1626977283, 1684613922, 1, 9, 1, 1
0, 31, 17, 7, 1626977283, 1684613922, 1, 8, 1, 1
0, 31, 17, 7, 1626977283, 1684613922, 1, 7, 1, 1
0, 31, 17, 7, 1626977283, 1684613922, 1, 6, 1, 1
0, 31, 17, 7, 1626977283, 1684613922, 1, 5, 1, 1
0, 31, 17, 7, 1626977283, 1684613922, 1, 4, 1, 1
0, 31, 17, 7, 1626977283, 1684613922, 1, 3, 1, 1
0, 31, 17, 7, 1626977283, 1684613922, 1, 2, 1, 1
0, 31, 17, 7, 1626977283, 1684613922, 1, 1, 1, 1
0, 31, 17, 7, 1626977283, 1684613922, 1, 0, 1, 0
0, 31, 17, 7, 1626977283, 1684613922, 0, 12, 18171886, 1
0, 31, 17, 7, 1626977283, 1684613922, 0, 11, 17252702, 1
0, 31, 17, 7, 1626977283, 1684613922, 0, 10, 1, 1
0, 31, 17, 7, 1626977283, 1684613922, 0, 9, 1, 1
0, 31, 17, 7, 1626977283, 1684613922, 0, 8, 1, 1
0, 31, 17, 7, 1626977283, 1684613922, 0, 7, 1, 1
0, 31, 17, 7, 1626977283, 1684613922, 0, 6, 1, 1
0, 31, 17, 7, 1626977283, 1684613922, 0, 5, 1, 1
0, 31, 17, 7, 1626977283, 1684613922, 0, 4, 1, 1
0, 31, 17, 7, 1626977283, 1684613922, 0, 3, 1, 1
0, 31, 17, 7, 1626977283, 1684613922, 0, 2, 1, 1
0, 31, 17, 7, 1626977283, 1684613922, 0, 1, 1, 1
0, 32, 17, 7, 1684613923, 1737160035, 2, 12, 21013455, 1
0, 32, 17, 7, 1684613923, 1737160035, 2, 11, 18032173, 0
0, 32, 17, 7, 1684613923, 1737160035, 2, 10, 16049483, 0
0, 32, 17, 7, 1684613923, 1737160035, 2, 9, 15175205, 0
0, 32, 17, 7, 1684613923, 1737160035, 2, 8, 12144672, 0
0, 32, 17, 7, 1684613923, 1737160035, 2, 7, 12416920, 0
0, 32, 17, 7, 1684613923, 1737160035, 2, 6, 14279458, 0
0, 32, 17, 7, 1684613923, 1737160035, 2, 5, 7621866, 0
0, 32, 17, 7, 1684613923, 1737160035, 2, 4, 8338012, 0
0, 32, 17, 7, 1684613923, 1737160035, 2, 3, 10612015, 0
0, 32, 17, 7, 1684613923, 1737160035, 2, 2, 7926285, 0
0, 32, 17, 7, 1684613923, 1737160035, 2, 1, 11186360, 0
0, 32, 17, 7, 1684613923, 1737160035, 2, 0, 13297143, 0
0, 32, 17, 7, 1684613923, 1737160035, 1, 12, 20166664, 0
0, 32, 17, 7, 1684613923, 1737160035, 1, 11, 18719011, 0
0, 32, 17, 7, 1684613923, 1737160035, 1, 10, 17018192, 0
0, 32, 17, 7, 1684613923, 1737160035, 1, 9, 14941029, 0
0, 32, 17, 7, 1684613923, 1737160035, 1, 8, 14138214, 0
0, 32, 17, 7, 1684613923, 1737160035, 1, 7, 14011822, 0
0, 32, 17, 7, 1684613923, 1737160035, 1, 6, 16167486, 0
0, 32, 17, 7, 1684613923, 1737160035, 1, 5, 11779247, 0
0, 32, 17, 7, 1684613923, 1737160035, 1, 4, 12970241, 0
0, 32, 17, 7, 1684613923, 1737160035, 1, 3, 16676024, 0
0, 32, 17, 7, 1684613923, 1737160035, 1, 2, 12682055, 0
0, 32, 17, 7, 1684613923, 1737160035, 1, 1, 18643933, 0
0, 32, 17, 7, 1684613923, 1737160035, 1, 0, 26594285, 0
0, 32, 17, 7, 1684613923, 1737160035, 0, 12, 13840563, 1
0, 32, 17, 7, 1684613923, 1737160035, 0, 11, 8405219, 1
0, 32, 17, 7, 1684613923, 1737160035, 0, 10, 8253089, 1
0, 32, 17, 7, 1684613923, 1737160035, 0, 9, 9170099, 1
0, 32, 17, 7, 1684613923, 1737160035, 0, 8, 5200873, 1
0, 32, 17, 7, 1684613923, 1737160035, 0, 7, 1834223, 1
0, 32, 17, 7, 1684613923, 1737160035, 0, 6, 2139926, 1
0, 32, 17, 7, 1684613923, 1737160035, 0, 5, 2567912, 1
0, 32, 17, 7, 1684613923, 1737160035, 0, 4, 1, 1
0, 32, 17, 7, 1684613923, 1737160035, 0, 3, 1, 1
0, 32, 17, 7, 1684613923, 1737160035, 0, 2, 1, 1
0, 32, 17, 7, 1684613923, 1737160035, 0, 1, 1, 1
0, 33, 17, 7, 1737160036, 1787688401, 2, 12, 2422695, 1
0, 33, 17, 7, 1737160036, 1787688401, 2, 11, 2630355, 1
0, 33, 17, 7, 1737160036, 1787688401, 2, 10, 2876951, 1
0, 33, 17, 7, 1737160036, 1787688401, 2, 9, 2966103, 1
0, 33, 17, 7, 1737160036, 1787688401, 2, 8, 2991670, 1
0, 33, 17, 7, 1737160036, 1787688401, 2, 7, 3381888, 1
0, 33, 17, 7, 1737160036, 1787688401, 2, 6, 3889171, 1
0, 33, 17, 7, 1737160036, 1787688401, 2, 5, 3520479, 1
0, 33, 17, 7, 1737160036, 1787688401, 2, 4, 4002449, 1
0, 33, 17, 7, 1737160036, 1787688401, 2, 3, 2978091, 1
0, 33, 17, 7, 1737160036, 1787688401, 2, 2, 3365142, 1
0, 33, 17, 7, 1737160036, 1787688401, 2, 1, 3708453, 0
0, 33, 17, 7, 1737160036, 1787688401, 2, 0, 404478, 0
0, 33, 17, 7, 1737160036, 1787688401, 1, 12, 2320878, 1
0, 33, 17, 7, 1737160036, 1787688401, 1, 11, 2522693, 1
0, 33, 17, 7, 1737160036, 1787688401, 1, 10, 2762950, 1
0, 33, 17, 7, 1737160036, 1787688401, 1, 9, 2735606, 1
0, 33, 17, 7, 1737160036, 1787688401, 1, 8, 2742849, 1
0, 33, 17, 7, 1737160036, 1787688401, 1, 7, 3108562, 1
0, 33, 17, 7, 1737160036, 1787688401, 1, 6, 3586802, 1
0, 33, 17, 7, 1737160036, 1787688401, 1, 5, 2608469, 1
0, 33, 17, 7, 1737160036, 1787688401, 1, 4, 2764367, 1
0, 33, 17, 7, 1737160036, 1787688401, 1, 3, 2146528, 1
0, 33, 17, 7, 1737160036, 1787688401, 1, 2, 1837565, 1
0, 33, 17, 7, 1737160036, 1787688401, 1, 1, 269652, 0
0, 33, 17, 7, 1737160036, 1787688401, 1, 0, 808955, 0
0, 33, 17, 7, 1737160036, 1787688401, 0, 12, 2956340, 1
0, 33, 17, 7, 1737160036, 1787688401, 0, 11, 3225098, 1
0, 33, 17, 7, 1737160036, 1787688401, 0, 10, 3547607, 1
0, 33, 17, 7, 1737160036, 1787688401, 0, 9, 3941786, 1
0, 33, 17, 7, 1737160036, 1787688401, 0, 8, 3766000, 1
0, 33, 17, 7, 1737160036, 1787688401, 0, 7, 4304000, 1
0, 33, 17, 7, 1737160036, 1787688401, 0, 6, 5021333, 1
0, 33, 17, 7, 1737160036, 1787688401, 0, 5, 2438545, 1
0, 33, 17, 7, 1737160036, 1787688401, 0, 4, 2094718, 1
0, 33, 17, 7, 1737160036, 1787688401, 0, 3, 2792957, 1
0, 33, 17, 7, 1737160036, 1787688401, 0, 2, 4189436, 1
0, 33, 17, 7, 1737160036, 1787688401, 0, 1, 1, 1
0, 34, 17, 7, 1787688402, 1805473835, 2, 12, 32310845, 0
0, 34, 17, 7, 1787688402, 1805473835, 2, 11, 33052409, 0
0, 34, 17, 7, 1787688402, 1805473835, 2, 10, 35563205, 0
0, 34, 17, 7, 1787688402, 1805473835, 2, 9, 34436998, 0
0, 34, 17, 7, 1787688402, 1805473835, 2, 8, 33739721, 0
0, 34, 17, 7, 1787688402, 1805473835, 2, 7, 34571543, 0
0, 34, 17, 7, 1787688402, 1805473835, 2, 6, 30928293, 0
0, 34, 17, 7, 1787688402, 1805473835, 2, 5, 30136414, 0
0, 34, 17, 7, 1787688402, 1805473835, 2, 4, 33483071, 0
0, 34, 17, 7, 1787688402, 1805473835, 2, 3, 33926008, 0
0, 34, 17, 7, 1787688402, 1805473835, 2, 2, 40947614, 0
0, 34, 17, 7, 1787688402, 1805473835, 2, 1, 42616983, 0
0, 34, 17, 7, 1787688402, 1805473835, 2, 0, 50085330, 0
0, 34, 17, 7, 1787688402, 1805473835, 1, 12, 16416434, 0
0, 34, 17, 7, 1787688402, 1805473835, 1, 11, 17513196, 0
0, 34, 17, 7, 1787688402, 1805473835, 1, 10, 19081058, 0
0, 34, 17, 7, 1787688402, 1805473835, 1, 9, 18572020, 0
0, 34, 17, 7, 1787688402, 1805473835, 1, 8, 18996702, 0
0, 34, 17, 7, 1787688402, 1805473835, 1, 7, 16057113, 0
0, 34, 17, 7, 1787688402, 1805473835, 1, 6, 11984064, 0
0, 34, 17, 7, 1787688402, 1805473835, 1, 5, 12823797, 0
0, 34, 17, 7, 1787688402, 1805473835, 1, 4, 10833969, 0
0, 34, 17, 7, 1787688402, 1805473835, 1, 3, 13349226, 0
0, 34, 17, 7, 1787688402, 1805473835, 1, 2, 13268639, 0
0, 34, 17, 7, 1787688402, 1805473835, 1, 1, 14454323, 0
0, 34, 17, 7, 1787688402, 1805473835, 1, 0, 21964480, 0
0, 34, 17, 7, 1787688402, 1805473835, 0, 12, 16741656, 1
0, 34, 17, 7, 1787688402, 1805473835, 0, 11, 17572049, 1
0, 34, 17, 7, 1787688402, 1805473835, 0, 10, 19301565, 1
0, 34, 17, 7, 1787688402, 1805473835, 0, 9, 16131311, 1
0, 34, 17, 7, 1787688402, 1805473835, 0, 8, 14987985, 1
0, 34, 17, 7, 1787688402, 1805473835, 0, 7, 16410837, 1
0, 34, 17, 7, 1787688402, 1805473835, 0, 6, 12867298, 1
0, 34, 17, 7, 1787688402, 1805473835, 0, 5, 14131486, 1
0, 34, 17, 7, 1787688402, 1805473835, 0, 4, 6775348, 1
0, 34, 17, 7, 1787688402, 1805473835, 0, 3, 9033797, 1
0, 34, 17, 7, 1787688402, 1805473835, 0, 2, 1, 1
0, 34, 17, 7, 1787688402, 1805473835, 0, 1, 1, 1
0, 35, 17, 7, 1805473836, 1878272747, 2, 12, 45063801, 0
0, 35, 17, 7, 1805473836, 1878272747, 2, 11, 45020966, 0
0, 35, 17, 7, 1805473836, 1878272747, 2, 10, 47469967, 0
0, 35, 17, 7, 1805473836, 1878272747, 2, 9, 45172091, 0
0, 35, 17, 7, 1805473836, 1878272747, 2, 8, 47895556, 0
0, 35, 17, 7, 1805473836, 1878272747, 2, 7, 49454302, 0
0, 35, 17, 7, 1805473836, 1878272747, 2, 6, 49829649, 0
0, 35, 17, 7, 1805473836, 1878272747, 2, 5, 46162915, 0
0, 35, 17, 7, 1805473836, 1878272747, 2, 4, 45990747, 0
0, 35, 17, 7, 1805473836, 1878272747, 2, 3, 40227107, 0
0, 35, 17, 7, 1805473836, 1878272747, 2, 2, 45419776, 0
0, 35, 17, 7, 1805473836, 1878272747, 2, 1, 46482400, 0
0, 35, 17, 7, 1805473836, 1878272747, 2, 0, 66750399, 0
0, 35, 17, 7, 1805473836, 1878272747, 1, 12, 37072962, 0
0, 35, 17, 7, 1805473836, 1878272747, 1, 11, 35976340, 0
0, 35, 17, 7, 1805473836, 1878272747, 1, 10, 36702902, 0
0, 35, 17, 7, 1805473836, 1878272747, 1, 9, 35844793, 0
0, 35, 17, 7, 1805473836, 1878272747, 1, 8, 36255580, 0
0, 35, 17, 7, 1805473836, 1878272747, 1, 7, 33900624, 0
0, 35, 17, 7, 1805473836, 1878272747, 1, 6, 38211912, 0
0, 35, 17, 7, 1805473836, 1878272747, 1, 5, 33975713, 0
0, 35, 17, 7, 1805473836, 1878272747, 1, 4, 25870415, 0
0, 35, 17, 7, 1805473836, 1878272747, 1, 3, 25315598, 0
0, 35, 17, 7, 1805473836, 1878272747, 1, 2, 31038308, 0
0, 35, 17, 7, 1805473836, 1878272747, 1, 1, 38426471, 1
0, 35, 17, 7, 1805473836, 1878272747, 1, 0, 27522732, 0
0, 35, 17, 7, 1805473836, 1878272747, 0, 12, 26776410, 1
0, 35, 17, 7, 1805473836, 1878272747, 0, 11, 23382375, 1
0, 35, 17, 7, 1805473836, 1878272747, 0, 10, 20854596, 1
0, 35, 17, 7, 1805473836, 1878272747, 0, 9, 19118791, 1
0, 35, 17, 7, 1805473836, 1878272747, 0, 8, 13420365, 1
0, 35, 17, 7, 1805473836, 1878272747, 0, 7, 15337560, 1
0, 35, 17, 7, 1805473836, 1878272747, 0, 6, 17893820, 1
0, 35, 17, 7, 1805473836, 1878272747, 0, 5, 21472584, 1
0, 35, 17, 7, 1805473836, 1878272747, 0, 4, 10503211, 1
0, 35, 17, 7, 1805473836, 1878272747, 0, 3, 12371685, 1
0, 35, 17, 7, 1805473836, 1878272747, 0, 2, 18557528, 1
0, 35, 17, 7, 1805473836, 1878272747, 0, 1, 37115055, 1
0, 36, 17, 7, 1878272748, 1920326528, 2, 12, 31832824, 0
0, 36, 17, 7, 1878272748, 1920326528, 2, 11, 31830193, 0
0, 36, 17, 7, 1878272748, 1920326528, 2, 10, 32350086, 0
0, 36, 17, 7, 1878272748, 1920326528, 2, 9, 32701162, 0
0, 36, 17, 7, 1878272748, 1920326528, 2, 8, 34381890, 0
0, 36, 17, 7, 1878272748, 1920326528, 2, 7, 36567526, 0
0, 36, 17, 7, 1878272748, 1920326528, 2, 6, 35086927, 0
0, 36, 17, 7, 1878272748, 1920326528, 2, 5, 36147021, 0
0, 36, 17, 7, 1878272748, 1920326528, 2, 4, 35805111, 0
0, 36, 17, 7, 1878272748, 1920326528, 2, 3, 36847514, 0
0, 36, 17, 7, 1878272748, 1920326528, 2, 2, 39335880, 1
0, 36, 17, 7, 1878272748, 1920326528, 2, 1, 27747075, 0
0, 36, 17, 7, 1878272748, 1920326528, 2, 0, 43260256, 0
0, 36, 17, 7, 1878272748, 1920326528, 1, 12, 28670332, 1
0, 36, 17, 7, 1878272748, 1920326528, 1, 11, 28859262, 1
0, 36, 17, 7, 1878272748, 1920326528, 1, 10, 27852810, 1
0, 36, 17, 7, 1878272748, 1920326528, 1, 9, 28343002, 1
0, 36, 17, 7, 1878272748, 1920326528, 1, 8, 28477205, 1
0, 36, 17, 7, 1878272748, 1920326528, 1, 7, 28749098, 1
0, 36, 17, 7, 1878272748, 1920326528, 1, 6, 27946197, 1
0, 36, 17, 7, 1878272748, 1920326528, 1, 5, 28887293, 1
0, 36, 17, 7, 1878272748, 1920326528, 1, 4, 28668920, 1
0, 36, 17, 7, 1878272748, 1920326528, 1, 3, 26516591, 1
0, 36, 17, 7, 1878272748, 1920326528, 1, 2, 29693678, 1
0, 36, 17, 7, 1878272748, 1920326528, 1, 1, 17404954, 1
0, 36, 17, 7, 1878272748, 1920326528, 1, 0, 1, 0
0, 36, 17, 7, 1878272748, 1920326528, 0, 12, 34778410, 1
0, 36, 17, 7, 1878272748, 1920326528, 0, 11, 33122332, 1
0, 36, 17, 7, 1878272748, 1920326528, 0, 10, 30949333, 1
0, 36, 17, 7, 1878272748, 1920326528, 0, 9, 30111163, 1
0, 36, 17, 7, 1878272748, 1920326528, 0, 8, 29958397, 1
0, 36, 17, 7, 1878272748, 1920326528, 0, 7, 28808186, 1
0, 36, 17, 7, 1878272748, 1920326528, 0, 6, 33609550, 1
0, 36, 17, 7, 1878272748, 1920326528, 0, 5, 35309836, 1
0, 36, 17, 7, 1878272748, 1920326528, 0, 4, 42574278, 1
0, 36, 17, 7, 1878272748, 1920326528, 0, 3, 42619965, 1
0, 36, 17, 7, 1878272748, 1920326528, 0, 2, 45356074, 1
0, 36, 17, 7, 1878272748, 1920326528, 0, 1, 37224281, 1
0, 37, 17, 7, 1920326529, 1930116434, 2, 12, 13938399, 1
0, 37, 17, 7, 1920326529, 1930116434, 2, 11, 12594384, 1
0, 37, 17, 7, 1920326529, 1930116434, 2, 10, 12774896, 1
0, 37, 17, 7, 1920326529, 1930116434, 2, 9, 13094315, 1
0, 37, 17, 7, 1920326529, 1930116434, 2, 8, 14080208, 1
0, 37, 17, 7, 1920326529, 1930116434, 2, 7, 15916756, 1
0, 37, 17, 7, 1920326529, 1930116434, 2, 6, 18304270, 1
0, 37, 17, 7, 1920326529, 1930116434, 2, 5, 21534435, 1
0, 37, 17, 7, 1920326529, 1930116434, 2, 4, 22219820, 1
0, 37, 17, 7, 1920326529, 1930116434, 2, 3, 27370165, 1
0, 37, 17, 7, 1920326529, 1930116434, 2, 2, 20173447, 1
0, 37, 17, 7, 1920326529, 1930116434, 2, 1, 15072796, 1
0, 37, 17, 7, 1920326529, 1930116434, 2, 0, 1, 0
0, 37, 17, 7, 1920326529, 1930116434, 1, 12, 16592568, 1
0, 37, 17, 7, 1920326529, 1930116434, 1, 11, 14172108, 1
0, 37, 17, 7, 1920326529, 1930116434, 1, 10, 13997701, 1
0, 37, 17, 7, 1920326529, 1930116434, 1, 9, 13941589, 1
0, 37, 17, 7, 1920326529, 1930116434, 1, 8, 15581776, 1
0, 37, 17, 7, 1920326529, 1930116434, 1, 7, 17659346, 1
0, 37, 17, 7, 1920326529, 1930116434, 1, 6, 20376168, 1
0, 37, 17, 7, 1920326529, 1930116434, 1, 5, 24080926, 1
0, 37, 17, 7, 1920326529, 1930116434, 1, 4, 23320253, 1
0, 37, 17, 7, 1920326529, 1930116434, 1, 3, 28553802, 1
0, 37, 17, 7, 1920326529, 1930116434, 1, 2, 19326952, 1
0, 37, 17, 7, 1920326529, 1930116434, 1, 1, 3537055, 1
0, 37, 17, 7, 1920326529, 1930116434, 1, 0, 1, 0
0, 37, 17, 7, 1920326529, 1930116434, 0, 12, 10356805, 1
0, 37, 17, 7, 1920326529, 1930116434, 0, 11, 11298333, 1
0, 37, 17, 7, 1920326529, 1930116434, 0, 10, 11564884, 1
0, 37, 17, 7, 1920326529, 1930116434, 0, 9, 12849872, 1
0, 37, 17, 7, 1920326529, 1930116434, 0, 8, 14456105, 1
0, 37, 17, 7, 1920326529, 1930116434, 0, 7, 16521263, 1
0, 37, 17, 7, 1920326529, 1930116434, 0, 6, 19274807, 1
0, 37, 17, 7, 1920326529, 1930116434, 0, 5, 23129768, 1
0, 37, 17, 7, 1920326529, 1930116434, 0, 4, 28912210, 1
0, 37, 17, 7, 1920326529, 1930116434, 0, 3, 35214394, 1
0, 37, 17, 7, 1920326529, 1930116434, 0, 2, 39008631, 1
0, 37, 17, 7, 1920326529, 1930116434, 0, 1, 10611164, 1
0, 38, 17, 7, 1930116435, 1966130699, 2, 12, 43405351, 0
0, 38, 17, 7, 1930116435, 1966130699, 2, 11, 45962426, 0
0, 38, 17, 7, 1930116435, 1966130699, 2, 10, 45905209, 0
0, 38, 17, 7, 1930116435, 1966130699, 2, 9, 46037199, 0
0, 38, 17, 7, 1930116435, 1966130699, 2, 8, 44545883, 0
0, 38, 17, 7, 1930116435, 1966130699, 2, 7, 44212799, 0
0, 38, 17, 7, 1930116435, 1966130699, 2, 6, 47262308, 0
0, 38, 17, 7, 1930116435, 1966130699, 2, 5, 52201874, 0
0, 38, 17, 7, 1930116435, 1966130699, 2, 4, 55598061, 0
0, 38, 17, 7, 1930116435, 1966130699, 2, 3, 58481414, 0
0, 38, 17, 7, 1930116435, 1966130699, 2, 2, 54018131, 0
0, 38, 17, 7, 1930116435, 1966130699, 2, 1, 44330241, 0
0, 38, 17, 7, 1930116435, 1966130699, 2, 0, 69617113, 0
0, 38, 17, 7, 1930116435, 1966130699, 1, 12, 45555030, 0
0, 38, 17, 7, 1930116435, 1966130699, 1, 11, 49138630, 0
0, 38, 17, 7, 1930116435, 1966130699, 1, 10, 47165252, 0
0, 38, 17, 7, 1930116435, 1966130699, 1, 9, 46780607, 0
0, 38, 17, 7, 1930116435, 1966130699, 1, 8, 45870722, 0
0, 38, 17, 7, 1930116435, 1966130699, 1, 7, 42566913, 0
0, 38, 17, 7, 1930116435, 1966130699, 1, 6, 43604267, 0
0, 38, 17, 7, 1930116435, 1966130699, 1, 5, 49528490, 0
0, 38, 17, 7, 1930116435, 1966130699, 1, 4, 48417153, 0
0, 38, 17, 7, 1930116435, 1966130699, 1, 3, 53546682, 1
0, 38, 17, 7, 1930116435, 1966130699, 1, 2, 55818967, 0
0, 38, 17, 7, 1930116435, 1966130699, 1, 1, 47833443, 0
0, 38, 17, 7, 1930116435, 1966130699, 1, 0, 61083352, 0
0, 38, 17, 7, 1930116435, 1966130699, 0, 12, 38915802, 1
0, 38, 17, 7, 1930116435, 1966130699, 0, 11, 42453603, 1
0, 38, 17, 7, 1930116435, 1966130699, 0, 10, 39807872, 1
0, 38, 17, 7, 1930116435, 1966130699, 0, 9, 39713809, 1
0, 38, 17, 7, 1930116435, 1966130699, 0, 8, 39708815, 1
0, 38, 17, 7, 1930116435, 1966130699, 0, 7, 36184565, 1
0, 38, 17, 7, 1930116435, 1966130699, 0, 6, 42215326, 1
0, 38, 17, 7, 1930116435, 1966130699, 0, 5, 50658391, 1
0, 38, 17, 7, 1930116435, 1966130699, 0, 4, 56278991, 1
0, 38, 17, 7, 1930116435, 1966130699, 0, 3, 61839625, 1
0, 38, 17, 7, 1930116435, 1966130699, 0, 2, 52244809, 1
0, 38, 17, 7, 1930116435, 1966130699, 0, 1, 36739540, 1
0, 39, 17, 7, 1966130700, 2153741741, 2, 12, 23615505, 0
0, 39, 17, 7, 1966130700, 2153741741, 2, 11, 24978242, 1
0, 39, 17, 7, 1966130700, 2153741741, 2, 10, 27319953, 1
0, 39, 17, 7, 1966130700, 2153741741, 2, 9, 29039688, 1
0, 39, 17, 7, 1966130700, 2153741741, 2, 8, 28320835, 1
0, 39, 17, 7, 1966130700, 2153741741, 2, 7, 31326098, 1
0, 39, 17, 7, 1966130700, 2153741741, 2, 6, 36025013, 1
0, 39, 17, 7, 1966130700, 2153741741, 2, 5, 42382368, 1
0, 39, 17, 7, 1966130700, 2153741741, 2, 4, 44455459, 1
0, 39, 17, 7, 1966130700, 2153741741, 2, 3, 44409067, 1
0, 39, 17, 7, 1966130700, 2153741741, 2, 2, 39162205, 1
0, 39, 17, 7, 1966130700, 2153741741, 2, 1, 35621707, 1
0, 39, 17, 7, 1966130700, 2153741741, 2, 0, 22158598, 0
0, 39, 17, 7, 1966130700, 2153741741, 1, 12, 27745483, 0
0, 39, 17, 7, 1966130700, 2153741741, 1, 11, 29151582, 0
0, 39, 17, 7, 1966130700, 2153741741, 1, 10, 31927923, 0
0, 39, 17, 7, 1966130700, 2153741741, 1, 9, 34574332, 0
0, 39, 17, 7, 1966130700, 2153741741, 1, 8, 33919716, 0
0, 39, 17, 7, 1966130700, 2153741741, 1, 7, 37386249, 0
0, 39, 17, 7, 1966130700, 2153741741, 1, 6, 43137980, 1
0, 39, 17, 7, 1966130700, 2153741741, 1, 5, 50981249, 1
0, 39, 17, 7, 1966130700, 2153741741, 1, 4, 51407768, 1
0, 39, 17, 7, 1966130700, 2153741741, 1, 3, 46970460, 1
0, 39, 17, 7, 1966130700, 2153741741, 1, 2, 47616405, 1
0, 39, 17, 7, 1966130700, 2153741741, 1, 1, 57378295, 1
0, 39, 17, 7, 1966130700, 2153741741, 1, 0, 38343546, 0
0, 39, 17, 7, 1966130700, 2153741741, 0, 12, 21290702, 1
0, 39, 17, 7, 1966130700, 2153741741, 0, 11, 23226221, 1
0, 39, 17, 7, 1966130700, 2153741741, 0, 10, 25548843, 1
0, 39, 17, 7, 1966130700, 2153741741, 0, 9, 28387603, 1
0, 39, 17, 7, 1966130700, 2153741741, 0, 8, 31936053, 1
0, 39, 17, 7, 1966130700, 2153741741, 0, 7, 36498346, 1
0, 39, 17, 7, 1966130700, 2153741741, 0, 6, 42581404, 1
0, 39, 17, 7, 1966130700, 2153741741, 0, 5, 51097685, 1
0, 39, 17, 7, 1966130700, 2153741741, 0, 4, 54243918, 1
0, 39, 17, 7, 1966130700, 2153741741, 0, 3, 44618835, 1
0, 39, 17, 7, 1966130700, 2153741741, 0, 2, 39717465, 1
0, 39, 17, 7, 1966130700, 2153741741, 0, 1, 71965465, 1
0, 40, 17, 7, 2153741742, 2154870299, 2, 12, 198412337, 1
0, 40, 17, 7, 2153741742, 2154870299, 2, 11, 196139944, 1
0, 40, 17, 7, 2153741742, 2154870299, 2, 10, 195609498, 1
0, 40, 17, 7, 2153741742, 2154870299, 2, 9, 181428320, 1
0, 40, 17, 7, 2153741742, 2154870299, 2, 8, 162988346, 1
0, 40, 17, 7, 2153741742, 2154870299, 2, 7, 156109124, 1
0, 40, 17, 7, 2153741742, 2154870299, 2, 6, 149052278, 1
0, 40, 17, 7, 2153741742, 2154870299, 2, 5, 161682888, 1
0, 40, 17, 7, 2153741742, 2154870299, 2, 4, 160505244, 1
0, 40, 17, 7, 2153741742, 2154870299, 2, 3, 144854408, 1
0, 40, 17, 7, 2153741742, 2154870299, 2, 2, 113389602, 1
0, 40, 17, 7, 2153741742, 2154870299, 2, 1, 93778339, 1
0, 40, 17, 7, 2153741742, 2154870299, 2, 0, 17389164, 0
0, 40, 17, 7, 2153741742, 2154870299, 1, 12, 242567202, 1
0, 40, 17, 7, 2153741742, 2154870299, 1, 11, 234322144, 1
0, 40, 17, 7, 2153741742, 2154870299, 1, 10, 227810248, 1
0, 40, 17, 7, 2153741742, 2154870299, 1, 9, 217868023, 1
0, 40, 17, 7, 2153741742, 2154870299, 1, 8, 204490982, 1
0, 40, 17, 7, 2153741742, 2154870299, 1, 7, 188610637, 1
0, 40, 17, 7, 2153741742, 2154870299, 1, 6, 170745791, 1
0, 40, 17, 7, 2153741742, 2154870299, 1, 5, 180659892, 1
0, 40, 17, 7, 2153741742, 2154870299, 1, 4, 165080347, 1
0, 40, 17, 7, 2153741742, 2154870299, 1, 3, 150651539, 1
0, 40, 17, 7, 2153741742, 2154870299, 1, 2, 123448746, 1
0, 40, 17, 7, 2153741742, 2154870299, 1, 1, 113449561, 1
0, 40, 17, 7, 2153741742, 2154870299, 1, 0, 29585740, 0
0, 40, 17, 7, 2153741742, 2154870299, 0, 12, 232876606, 1
0, 40, 17, 7, 2153741742, 2154870299, 0, 11, 223856885, 1
0, 40, 17, 7, 2153741742, 2154870299, 0, 10, 219072822, 1
0, 40, 17, 7, 2153741742, 2154870299, 0, 9, 210536215, 1
0, 40, 17, 7, 2153741742, 2154870299, 0, 8, 195542961, 1
0, 40, 17, 7, 2153741742, 2154870299, 0, 7, 181149200, 1
0, 40, 17, 7, 2153741742, 2154870299, 0, 6, 159055943, 1
0, 40, 17, 7, 2153741742, 2154870299, 0, 5, 190867131, 1
0, 40, 17, 7, 2153741742, 2154870299, 0, 4, 172140154, 1
0, 40, 17, 7, 2153741742, 2154870299, 0, 3, 157814050, 1
0, 40, 17, 7, 2153741742, 2154870299, 0, 2, 134544086, 1
0, 40, 17, 7, 2153741742, 2154870299, 0, 1, 130026086, 1
0, 41, 17, 7, 2154870300, 2196025834, 2, 12, 199617372, 1
0, 41, 17, 7, 2154870300, 2196025834, 2, 11, 197448268, 1
0, 41, 17, 7, 2154870300, 2196025834, 2, 10, 197040477, 1
0, 41, 17, 7, 2154870300, 2196025834, 2, 9, 183007331, 1
0, 41, 17, 7, 2154870300, 2196025834, 2, 8, 164749551, 1
0, 41, 17, 7, 2154870300, 2196025834, 2, 7, 158100051, 1
0, 41, 17, 7, 2154870300, 2196025834, 2, 6, 151341845, 1
0, 41, 17, 7, 2154870300, 2196025834, 2, 5, 164376496, 1
0, 41, 17, 7, 2154870300, 2196025834, 2, 4, 163776054, 1
0, 41, 17, 7, 2154870300, 2196025834, 2, 3, 149017257, 1
0, 41, 17, 7, 2154870300, 2196025834, 2, 2, 119113519, 1
0, 41, 17, 7, 2154870300, 2196025834, 2, 1, 102936606, 1
0, 41, 17, 7, 2154870300, 2196025834, 2, 0, 23306513, 0
0, 41, 17, 7, 2154870300, 2196025834, 1, 12, 243925468, 1
0, 41, 17, 7, 2154870300, 2196025834, 1, 11, 235798519, 1
0, 41, 17, 7, 2154870300, 2196025834, 1, 10, 229427231, 1
0, 41, 17, 7, 2154870300, 2196025834, 1, 9, 219655214, 1
0, 41, 17, 7, 2154870300, 2196025834, 1, 8, 206488432, 1
0, 41, 17, 7, 2154870300, 2196025834, 1, 7, 190874413, 1
0, 41, 17, 7, 2154870300, 2196025834, 1, 6, 173357840, 1
0, 41, 17, 7, 2154870300, 2196025834, 1, 5, 183746859, 1
0, 41, 17, 7, 2154870300, 2196025834, 1, 4, 168853307, 1
0, 41, 17, 7, 2154870300, 2196025834, 1, 3, 155502488, 1
0, 41, 17, 7, 2154870300, 2196025834, 1, 2, 130240074, 1
0, 41, 17, 7, 2154870300, 2196025834, 1, 1, 124768440, 1
0, 41, 17, 7, 2154870300, 2196025834, 1, 0, 29585740, 0
0, 41, 17, 7, 2154870300, 2196025834, 0, 12, 232876606, 1
0, 41, 17, 7, 2154870300, 2196025834, 0, 11, 223856885, 1
0, 41, 17, 7, 2154870300, 2196025834, 0, 10, 219072822, 1
0, 41, 17, 7, 2154870300, 2196025834, 0, 9, 210536215, 1
0, 41, 17, 7, 2154870300, 2196025834, 0, 8, 195542961, 1
0, 41, 17, 7, 2154870300, 2196025834, 0, 7, 181149200, 1
0, 41, 17, 7, 2154870300, 2196025834, 0, 6, 159055943, 1
0, 41, 17, 7, 2154870300, 2196025834, 0, 5, 190867131, 1
0, 41, 17, 7, 2154870300, 2196025834, 0, 4, 172140154, 1
0, 41, 17, 7, 2154870300, 2196025834, 0, 3, 157814050, 1
0, 41, 17, 7, 2154870300, 2196025834, 0, 2, 134544086, 1
0, 41, 17, 7, 2154870300, 2196025834, 0, 1, 130026086, 1
