1, 1, 11, 18, 1, 94735620, 8, 1, 50161905, 0
1, 1, 11, 18, 1, 94735620, 8, 0, 45996318, 0
1, 1, 11, 18, 1, 94735620, 7, 1, 56587147, 0
1, 1, 11, 18, 1, 94735620, 7, 0, 52003624, 0
1, 1, 11, 18, 1, 94735620, 6, 1, 60081526, 0
1, 1, 11, 18, 1, 94735620, 6, 0, 60670894, 0
1, 1, 11, 18, 1, 94735620, 5, 1, 66954074, 0
1, 1, 11, 18, 1, 94735620, 5, 0, 68910186, 0
1, 1, 11, 18, 1, 94735620, 4, 1, 79195673, 0
1, 1, 11, 18, 1, 94735620, 4, 0, 84332197, 0
1, 1, 11, 18, 1, 94735620, 3, 1, 76115263, 0
1, 1, 11, 18, 1, 94735620, 3, 0, 80287934, 0
1, 1, 11, 18, 1, 94735620, 2, 1, 52437541, 0
1, 1, 11, 18, 1, 94735620, 2, 0, 52310874, 0
1, 1, 11, 18, 1, 94735620, 1, 1, 38914472, 0
1, 1, 11, 18, 1, 94735620, 1, 0, 26879327, 0
1, 1, 11, 18, 1, 94735620, 0, 1, 1, 1
1, 2, 11, 18, 94735621, 130372636, 8, 1, 439544138, 0
1, 2, 11, 18, 94735621, 130372636, 8, 0, 493524721, 0
1, 2, 11, 18, 94735621, 130372636, 7, 1, 401296639, 0
1, 2, 11, 18, 94735621, 130372636, 7, 0, 463386727, 0
1, 2, 11, 18, 94735621, 130372636, 6, 1, 365050462, 0
1, 2, 11, 18, 94735621, 130372636, 6, 0, 423202736, 0
1, 2, 11, 18, 94735621, 130372636, 5, 1, 315623858, 0
1, 2, 11, 18, 94735621, 130372636, 5, 0, 366945149, 0
1, 2, 11, 18, 94735621, 130372636, 4, 1, 242903767, 0
1, 2, 11, 18, 94735621, 130372636, 4, 0, 282558768, 0
1, 2, 11, 18, 94735621, 130372636, 3, 1, 172258981, 0
1, 2, 11, 18, 94735621, 130372636, 3, 0, 208702834, 0
1, 2, 11, 18, 94735621, 130372636, 2, 1, 111133554, 0
1, 2, 11, 18, 94735621, 130372636, 2, 0, 138332179, 0
1, 2, 11, 18, 94735621, 130372636, 1, 1, 61031411, 1
1, 2, 11, 18, 94735621, 130372636, 1, 0, 39645670, 0
1, 2, 11, 18, 94735621, 130372636, 0, 1, 117802149, 1
1, 3, 11, 18, 130372637, 155349838, 8, 1, 25353243, 0
1, 3, 11, 18, 130372637, 155349838, 8, 0, 36230402, 0
1, 3, 11, 18, 130372637, 155349838, 7, 1, 28733675, 0
1, 3, 11, 18, 130372637, 155349838, 7, 0, 41406174, 0
1, 3, 11, 18, 130372637, 155349838, 6, 1, 33154240, 0
1, 3, 11, 18, 130372637, 155349838, 6, 0, 48307202, 0
1, 3, 11, 18, 130372637, 155349838, 5, 1, 39182284, 0
1, 3, 11, 18, 130372637, 155349838, 5, 0, 57968643, 0
1, 3, 11, 18, 130372637, 155349838, 4, 1, 47889458, 0
1, 3, 11, 18, 130372637, 155349838, 4, 0, 72460803, 0
1, 3, 11, 18, 130372637, 155349838, 3, 1, 61572160, 0
1, 3, 11, 18, 130372637, 155349838, 3, 0, 96614404, 0
1, 3, 11, 18, 130372637, 155349838, 2, 1, 58759437, 0
1, 3, 11, 18, 130372637, 155349838, 2, 0, 76317641, 0
1, 3, 11, 18, 130372637, 155349838, 1, 1, 47053969, 1
1, 3, 11, 18, 130372637, 155349838, 1, 0, 1, 0
1, 3, 11, 18, 130372637, 155349838, 0, 1, 1, 1
1, 4, 11, 18, 155349839, 202311908, 8, 1, 121763136, 0
1, 4, 11, 18, 155349839, 202311908, 8, 0, 110070766, 0
1, 4, 11, 18, 155349839, 202311908, 7, 1, 126118103, 0
1, 4, 11, 18, 155349839, 202311908, 7, 0, 108571306, 0
1, 4, 11, 18, 155349839, 202311908, 6, 1, 131813060, 0
1, 4, 11, 18, 155349839, 202311908, 6, 0, 106572027, 0
1, 4, 11, 18, 155349839, 202311908, 5, 1, 128196805, 0
1, 4, 11, 18, 155349839, 202311908, 5, 0, 96453585, 0
1, 4, 11, 18, 155349839, 202311908, 4, 1, 125072755, 0
1, 4, 11, 18, 155349839, 202311908, 4, 0, 90425236, 0
1, 4, 11, 18, 155349839, 202311908, 3, 1, 120163532, 0
1, 4, 11, 18, 155349839, 202311908, 3, 0, 80377988, 0
1, 4, 11, 18, 155349839, 202311908, 2, 1, 111326932, 0
1, 4, 11, 18, 155349839, 202311908, 2, 0, 60283491, 0
1, 4, 11, 18, 155349839, 202311908, 1, 1, 1, 1
1, 4, 11, 18, 155349839, 202311908, 1, 0, 1, 0
1, 4, 11, 18, 155349839, 202311908, 0, 1, 1, 1
1, 5, 11, 18, 202311909, 233052463, 8, 1, 124090800, 0
1, 5, 11, 18, 202311909, 233052463, 8, 0, 138043162, 0
1, 5, 11, 18, 202311909, 233052463, 7, 1, 123441237, 0
1, 5, 11, 18, 202311909, 233052463, 7, 0, 138560142, 0
1, 5, 11, 18, 202311909, 233052463, 6, 1, 122591809, 0
1, 5, 11, 18, 202311909, 233052463, 6, 0, 139249450, 0
1, 5, 11, 18, 202311909, 233052463, 5, 1, 91493935, 0
1, 5, 11, 18, 202311909, 233052463, 5, 0, 74347444, 0
1, 5, 11, 18, 202311909, 233052463, 4, 1, 88161071, 0
1, 5, 11, 18, 202311909, 233052463, 4, 0, 68477544, 0
1, 5, 11, 18, 202311909, 233052463, 3, 1, 74634682, 0
1, 5, 11, 18, 202311909, 233052463, 3, 0, 58694377, 0
1, 5, 11, 18, 202311909, 233052463, 2, 1, 61520824, 0
1, 5, 11, 18, 202311909, 233052463, 2, 0, 67212149, 0
1, 5, 11, 18, 202311909, 233052463, 1, 1, 1, 1
1, 5, 11, 18, 202311909, 233052463, 1, 0, 1, 0
1, 5, 11, 18, 202311909, 233052463, 0, 1, 1, 1
1, 6, 11, 18, 233052464, 311409037, 8, 1, 85256665, 0
1, 6, 11, 18, 233052464, 311409037, 8, 0, 84562009, 0
1, 6, 11, 18, 233052464, 311409037, 7, 1, 85894216, 0
1, 6, 11, 18, 233052464, 311409037, 7, 0, 83963554, 0
1, 6, 11, 18, 233052464, 311409037, 6, 1, 90067142, 0
1, 6, 11, 18, 233052464, 311409037, 6, 0, 90400560, 0
1, 6, 11, 18, 233052464, 311409037, 5, 1, 89227296, 0
1, 6, 11, 18, 233052464, 311409037, 5, 0, 85798064, 0
1, 6, 11, 18, 233052464, 311409037, 4, 1, 81106636, 0
1, 6, 11, 18, 233052464, 311409037, 4, 0, 78894320, 0
1, 6, 11, 18, 233052464, 311409037, 3, 1, 68345600, 0
1, 6, 11, 18, 233052464, 311409037, 3, 0, 67388079, 0
1, 6, 11, 18, 233052464, 311409037, 2, 1, 45375736, 0
1, 6, 11, 18, 233052464, 311409037, 2, 0, 44375598, 0
1, 6, 11, 18, 233052464, 311409037, 1, 1, 1, 1
1, 6, 11, 18, 233052464, 311409037, 1, 0, 1, 0
1, 6, 11, 18, 233052464, 311409037, 0, 1, 1, 1
1, 7, 11, 18, 311409038, 365000624, 8, 1, 227214444, 0
1, 7, 11, 18, 311409038, 365000624, 8, 0, 201457922, 0
1, 7, 11, 18, 311409038, 365000624, 7, 1, 252155736, 0
1, 7, 11, 18, 311409038, 365000624, 7, 0, 223587544, 0
1, 7, 11, 18, 311409038, 365000624, 6, 1, 241657315, 0
1, 7, 11, 18, 311409038, 365000624, 6, 0, 212922185, 0
1, 7, 11, 18, 311409038, 365000624, 5, 1, 215793985, 0
1, 7, 11, 18, 311409038, 365000624, 5, 0, 181313217, 0
1, 7, 11, 18, 311409038, 365000624, 4, 1, 180738238, 0
1, 7, 11, 18, 311409038, 365000624, 4, 0, 124453990, 0
1, 7, 11, 18, 311409038, 365000624, 3, 1, 123034658, 0
1, 7, 11, 18, 311409038, 365000624, 3, 0, 29919843, 0
1, 7, 11, 18, 311409038, 365000624, 2, 1, 86376554, 0
1, 7, 11, 18, 311409038, 365000624, 2, 0, 22439883, 0
1, 7, 11, 18, 311409038, 365000624, 1, 1, 1, 1
1, 7, 11, 18, 311409038, 365000624, 1, 0, 1, 0
1, 7, 11, 18, 311409038, 365000624, 0, 1, 1, 1
1, 8, 11, 18, 365000625, 444990351, 8, 1, 78797002, 0
1, 8, 11, 18, 365000625, 444990351, 8, 0, 77593025, 0
1, 8, 11, 18, 365000625, 444990351, 7, 1, 83463017, 0
1, 8, 11, 18, 365000625, 444990351, 7, 0, 79830081, 0
1, 8, 11, 18, 365000625, 444990351, 6, 1, 90628919, 0
1, 8, 11, 18, 365000625, 444990351, 6, 0, 85118567, 0
1, 8, 11, 18, 365000625, 444990351, 5, 1, 94793010, 0
1, 8, 11, 18, 365000625, 444990351, 5, 0, 79703392, 0
1, 8, 11, 18, 365000625, 444990351, 4, 1, 66691939, 0
1, 8, 11, 18, 365000625, 444990351, 4, 0, 71580630, 0
1, 8, 11, 18, 365000625, 444990351, 3, 1, 61951262, 0
1, 8, 11, 18, 365000625, 444990351, 3, 0, 74796294, 0
1, 8, 11, 18, 365000625, 444990351, 2, 1, 43365884, 0
1, 8, 11, 18, 365000625, 444990351, 2, 0, 56097221, 0
1, 8, 11, 18, 365000625, 444990351, 1, 1, 1, 1
1, 8, 11, 18, 365000625, 444990351, 1, 0, 1, 0
1, 8, 11, 18, 365000625, 444990351, 0, 1, 1, 1
1, 9, 11, 18, 444990352, 488034235, 8, 1, 62271046, 0
1, 9, 11, 18, 444990352, 488034235, 8, 0, 54806123, 0
1, 9, 11, 18, 444990352, 488034235, 7, 1, 64692419, 0
1, 9, 11, 18, 444990352, 488034235, 7, 0, 56594501, 0
1, 9, 11, 18, 444990352, 488034235, 6, 1, 65667495, 0
1, 9, 11, 18, 444990352, 488034235, 6, 0, 54231117, 0
1, 9, 11, 18, 444990352, 488034235, 5, 1, 66997145, 0
1, 9, 11, 18, 444990352, 488034235, 5, 0, 50922379, 0
1, 9, 11, 18, 444990352, 488034235, 4, 1, 60622735, 0
1, 9, 11, 18, 444990352, 488034235, 4, 0, 45959272, 0
1, 9, 11, 18, 444990352, 488034235, 3, 1, 50605804, 0
1, 9, 11, 18, 444990352, 488034235, 3, 0, 37687427, 0
1, 9, 11, 18, 444990352, 488034235, 2, 1, 38272797, 0
1, 9, 11, 18, 444990352, 488034235, 2, 0, 35387404, 0
1, 9, 11, 18, 444990352, 488034235, 1, 1, 1, 1
1, 9, 11, 18, 444990352, 488034235, 1, 0, 1, 0
1, 9, 11, 18, 444990352, 488034235, 0, 1, 1, 1
1, 10, 11, 18, 488034236, 503311665, 8, 1, 2739702, 0
1, 10, 11, 18, 488034236, 503311665, 8, 0, 2128019, 0
1, 10, 11, 18, 488034236, 503311665, 7, 1, 3104995, 0
1, 10, 11, 18, 488034236, 503311665, 7, 0, 2432022, 0
1, 10, 11, 18, 488034236, 503311665, 6, 1, 3582687, 0
1, 10, 11, 18, 488034236, 503311665, 6, 0, 2837359, 0
1, 10, 11, 18, 488034236, 503311665, 5, 1, 4234084, 0
1, 10, 11, 18, 488034236, 503311665, 5, 0, 3404831, 0
1, 10, 11, 18, 488034236, 503311665, 4, 1, 5174992, 0
1, 10, 11, 18, 488034236, 503311665, 4, 0, 4256038, 0
1, 10, 11, 18, 488034236, 503311665, 3, 1, 6653560, 0
1, 10, 11, 18, 488034236, 503311665, 3, 0, 5674718, 0
1, 10, 11, 18, 488034236, 503311665, 2, 1, 9314984, 0
1, 10, 11, 18, 488034236, 503311665, 2, 0, 8512076, 0
1, 10, 11, 18, 488034236, 503311665, 1, 1, 1, 1
1, 10, 11, 18, 488034236, 503311665, 1, 0, 1, 0
1, 10, 11, 18, 488034236, 503311665, 0, 1, 1, 1
1, 11, 11, 18, 503311666, 562502627, 8, 1, 22441756, 0
1, 11, 11, 18, 503311666, 562502627, 8, 0, 3619787, 0
1, 11, 11, 18, 503311666, 562502627, 7, 1, 24639299, 0
1, 11, 11, 18, 503311666, 562502627, 7, 0, 3545914, 0
1, 11, 11, 18, 503311666, 562502627, 6, 1, 27513010, 0
1, 11, 11, 18, 503311666, 562502627, 6, 0, 3447416, 0
1, 11, 11, 18, 503311666, 562502627, 5, 1, 31083722, 0
1, 11, 11, 18, 503311666, 562502627, 5, 0, 3309520, 0
1, 11, 11, 18, 503311666, 562502627, 4, 1, 28493412, 0
1, 11, 11, 18, 503311666, 562502627, 4, 0, 3102675, 0
1, 11, 11, 18, 503311666, 562502627, 3, 1, 24422924, 0
1, 11, 11, 18, 503311666, 562502627, 3, 0, 2757933, 0
1, 11, 11, 18, 503311666, 562502627, 2, 1, 17096047, 0
1, 11, 11, 18, 503311666, 562502627, 2, 0, 2068450, 0
1, 11, 11, 18, 503311666, 562502627, 1, 1, 1, 1
1, 11, 11, 18, 503311666, 562502627, 1, 0, 1, 0
1, 11, 11, 18, 503311666, 562502627, 0, 1, 1, 1
1, 12, 11, 18, 562502628, 604973480, 8, 1, 135568950, 1
1, 12, 11, 18, 562502628, 604973480, 8, 0, 157189449, 0
1, 12, 11, 18, 562502628, 604973480, 7, 1, 144421278, 1
1, 12, 11, 18, 562502628, 604973480, 7, 0, 167362145, 0
1, 12, 11, 18, 562502628, 604973480, 6, 1, 155997400, 1
1, 12, 11, 18, 562502628, 604973480, 6, 0, 180925738, 0
1, 12, 11, 18, 562502628, 604973480, 5, 1, 172775197, 1
1, 12, 11, 18, 562502628, 604973480, 5, 0, 202097557, 0
1, 12, 11, 18, 562502628, 604973480, 4, 1, 185909716, 1
1, 12, 11, 18, 562502628, 604973480, 4, 0, 233855286, 0
1, 12, 11, 18, 562502628, 604973480, 3, 1, 206549675, 0
1, 12, 11, 18, 562502628, 604973480, 3, 0, 286784834, 0
1, 12, 11, 18, 562502628, 604973480, 2, 1, 241518813, 0
1, 12, 11, 18, 562502628, 604973480, 2, 0, 387186960, 0
1, 12, 11, 18, 562502628, 604973480, 1, 1, 221601483, 0
1, 12, 11, 18, 562502628, 604973480, 1, 0, 383857383, 0
1, 12, 11, 18, 562502628, 604973480, 0, 1, 280947067, 1
1, 13, 11, 18, 604973481, 647408857, 8, 1, 71910045, 0
1, 13, 11, 18, 604973481, 647408857, 8, 0, 82119253, 0
1, 13, 11, 18, 604973481, 647408857, 7, 1, 74902731, 0
1, 13, 11, 18, 604973481, 647408857, 7, 0, 84383575, 0
1, 13, 11, 18, 604973481, 647408857, 6, 1, 61412248, 0
1, 13, 11, 18, 604973481, 647408857, 6, 0, 44277490, 0
1, 13, 11, 18, 604973481, 647408857, 5, 1, 66569949, 0
1, 13, 11, 18, 604973481, 647408857, 5, 0, 46447192, 0
1, 13, 11, 18, 604973481, 647408857, 4, 1, 62919886, 0
1, 13, 11, 18, 604973481, 647408857, 4, 0, 49701746, 0
1, 13, 11, 18, 604973481, 647408857, 3, 1, 52492642, 0
1, 13, 11, 18, 604973481, 647408857, 3, 0, 44179330, 0
1, 13, 11, 18, 604973481, 647408857, 2, 1, 44269381, 0
1, 13, 11, 18, 604973481, 647408857, 2, 0, 33134498, 0
1, 13, 11, 18, 604973481, 647408857, 1, 1, 1, 1
1, 13, 11, 18, 604973481, 647408857, 1, 0, 1, 0
1, 13, 11, 18, 604973481, 647408857, 0, 1, 1, 1
1, 14, 11, 18, 647408858, 724188997, 8, 1, 102256346, 0
1, 14, 11, 18, 647408858, 724188997, 8, 0, 107448394, 0
1, 14, 11, 18, 647408858, 724188997, 7, 1, 108040254, 0
1, 14, 11, 18, 647408858, 724188997, 7, 0, 112010921, 0
1, 14, 11, 18, 647408858, 724188997, 6, 1, 115603825, 0
1, 14, 11, 18, 647408858, 724188997, 6, 0, 118094290, 0
1, 14, 11, 18, 647408858, 724188997, 5, 1, 125917785, 0
1, 14, 11, 18, 647408858, 724188997, 5, 0, 126611007, 0
1, 14, 11, 18, 647408858, 724188997, 4, 1, 131963401, 0
1, 14, 11, 18, 647408858, 724188997, 4, 0, 139386082, 0
1, 14, 11, 18, 647408858, 724188997, 3, 1, 141463655, 0
1, 14, 11, 18, 647408858, 724188997, 3, 0, 160677874, 0
1, 14, 11, 18, 647408858, 724188997, 2, 1, 159218893, 0
1, 14, 11, 18, 647408858, 724188997, 2, 0, 204898411, 0
1, 14, 11, 18, 647408858, 724188997, 1, 1, 1, 1
1, 14, 11, 18, 647408858, 724188997, 1, 0, 1, 0
1, 14, 11, 18, 647408858, 724188997, 0, 1, 1, 1
1, 15, 11, 18, 724188998, 766561586, 8, 1, 38925856, 0
1, 15, 11, 18, 724188998, 766561586, 8, 0, 29596153, 0
1, 15, 11, 18, 724188998, 766561586, 7, 1, 40671043, 0
1, 15, 11, 18, 724188998, 766561586, 7, 0, 29125778, 0
1, 15, 11, 18, 724188998, 766561586, 6, 1, 44175502, 0
1, 15, 11, 18, 724188998, 766561586, 6, 0, 28498613, 0
1, 15, 11, 18, 724188998, 766561586, 5, 1, 43311775, 0
1, 15, 11, 18, 724188998, 766561586, 5, 0, 27620581, 0
1, 15, 11, 18, 724188998, 766561586, 4, 1, 39445934, 0
1, 15, 11, 18, 724188998, 766561586, 4, 0, 25485056, 0
1, 15, 11, 18, 724188998, 766561586, 3, 1, 33838741, 0
1, 15, 11, 18, 724188998, 766561586, 3, 0, 23017151, 0
1, 15, 11, 18, 724188998, 766561586, 2, 1, 24283225, 0
1, 15, 11, 18, 724188998, 766561586, 2, 0, 18081340, 0
1, 15, 11, 18, 724188998, 766561586, 1, 1, 1, 1
1, 15, 11, 18, 724188998, 766561586, 1, 0, 1, 0
1, 15, 11, 18, 724188998, 766561586, 0, 1, 1, 1
1, 16, 11, 18, 766561587, 812321707, 8, 1, 140379004, 0
1, 16, 11, 18, 766561587, 812321707, 8, 0, 165330538, 0
1, 16, 11, 18, 766561587, 812321707, 7, 1, 124963930, 0
1, 16, 11, 18, 766561587, 812321707, 7, 0, 126244340, 0
1, 16, 11, 18, 766561587, 812321707, 6, 1, 131865764, 0
1, 16, 11, 18, 766561587, 812321707, 6, 0, 132759424, 0
1, 16, 11, 18, 766561587, 812321707, 5, 1, 141277355, 0
1, 16, 11, 18, 766561587, 812321707, 5, 0, 141880541, 0
1, 16, 11, 18, 766561587, 812321707, 4, 1, 81476245, 0
1, 16, 11, 18, 766561587, 812321707, 4, 0, 79407398, 0
1, 16, 11, 18, 766561587, 812321707, 3, 1, 72029200, 0
1, 16, 11, 18, 766561587, 812321707, 3, 0, 76022099, 0
1, 16, 11, 18, 766561587, 812321707, 2, 1, 45334469, 0
1, 16, 11, 18, 766561587, 812321707, 2, 0, 43576919, 0
1, 16, 11, 18, 766561587, 812321707, 1, 1, 1, 1
1, 16, 11, 18, 766561587, 812321707, 1, 0, 1, 0
1, 16, 11, 18, 766561587, 812321707, 0, 1, 1, 1
1, 17, 11, 18, 812321708, 908797775, 8, 1, 91798411, 0
1, 17, 11, 18, 812321708, 908797775, 8, 0, 104798622, 0
1, 17, 11, 18, 812321708, 908797775, 7, 1, 89211300, 0
1, 17, 11, 18, 812321708, 908797775, 7, 0, 103279700, 0
1, 17, 11, 18, 812321708, 908797775, 6, 1, 86447727, 0
1, 17, 11, 18, 812321708, 908797775, 6, 0, 101254470, 0
1, 17, 11, 18, 812321708, 908797775, 5, 1, 84926286, 0
1, 17, 11, 18, 812321708, 908797775, 5, 0, 98419149, 0
1, 17, 11, 18, 812321708, 908797775, 4, 1, 79212401, 0
1, 17, 11, 18, 812321708, 908797775, 4, 0, 95335389, 0
1, 17, 11, 18, 812321708, 908797775, 3, 1, 69565312, 0
1, 17, 11, 18, 812321708, 908797775, 3, 0, 88636826, 0
1, 17, 11, 18, 812321708, 908797775, 2, 1, 53135929, 0
1, 17, 11, 18, 812321708, 908797775, 2, 0, 77578145, 0
1, 17, 11, 18, 812321708, 908797775, 1, 1, 13241738, 0
1, 17, 11, 18, 812321708, 908797775, 1, 0, 39725214, 0
1, 17, 11, 18, 812321708, 908797775, 0, 1, 1, 1
1, 18, 11, 18, 908797776, 995990805, 8, 1, 88819528, 0
1, 18, 11, 18, 908797776, 995990805, 8, 0, 90528973, 0
1, 18, 11, 18, 908797776, 995990805, 7, 1, 86933939, 0
1, 18, 11, 18, 908797776, 995990805, 7, 0, 89697256, 0
1, 18, 11, 18, 908797776, 995990805, 6, 1, 79133636, 0
1, 18, 11, 18, 908797776, 995990805, 6, 0, 80292490, 0
1, 18, 11, 18, 908797776, 995990805, 5, 1, 77982880, 0
1, 18, 11, 18, 908797776, 995990805, 5, 0, 77080790, 0
1, 18, 11, 18, 908797776, 995990805, 4, 1, 71484307, 0
1, 18, 11, 18, 908797776, 995990805, 4, 0, 72263241, 0
1, 18, 11, 18, 908797776, 995990805, 3, 1, 61272263, 0
1, 18, 11, 18, 908797776, 995990805, 3, 0, 64233992, 0
1, 18, 11, 18, 908797776, 995990805, 2, 1, 42890584, 0
1, 18, 11, 18, 908797776, 995990805, 2, 0, 48175494, 0
1, 18, 11, 18, 908797776, 995990805, 1, 1, 1, 1
1, 18, 11, 18, 908797776, 995990805, 1, 0, 1, 0
1, 18, 11, 18, 908797776, 995990805, 0, 1, 1, 1
1, 19, 11, 18, 995990806, 1079008120, 8, 1, 148281472, 0
1, 19, 11, 18, 995990806, 1079008120, 8, 0, 116457973, 0
1, 19, 11, 18, 995990806, 1079008120, 7, 1, 130381162, 0
1, 19, 11, 18, 995990806, 1079008120, 7, 0, 115401122, 0
1, 19, 11, 18, 995990806, 1079008120, 6, 1, 105124903, 0
1, 19, 11, 18, 995990806, 1079008120, 6, 0, 103748649, 0
1, 19, 11, 18, 995990806, 1079008120, 5, 1, 103601593, 0
1, 19, 11, 18, 995990806, 1079008120, 5, 0, 99513042, 0
1, 19, 11, 18, 995990806, 1079008120, 4, 1, 95151924, 0
1, 19, 11, 18, 995990806, 1079008120, 4, 0, 93159632, 0
1, 19, 11, 18, 995990806, 1079008120, 3, 1, 83843504, 0
1, 19, 11, 18, 995990806, 1079008120, 3, 0, 82927535, 0
1, 19, 11, 18, 995990806, 1079008120, 2, 1, 63488347, 0
1, 19, 11, 18, 995990806, 1079008120, 2, 0, 62463341, 0
1, 19, 11, 18, 995990806, 1079008120, 1, 1, 11397176, 1
1, 19, 11, 18, 995990806, 1079008120, 1, 0, 1, 0
1, 19, 11, 18, 995990806, 1079008120, 0, 1, 1, 1
1, 20, 11, 18, 1079008121, 1154160830, 8, 1, 192364203, 0
1, 20, 11, 18, 1079008121, 1154160830, 8, 0, 209748201, 0
1, 20, 11, 18, 1079008121, 1154160830, 7, 1, 173149531, 0
1, 20, 11, 18, 1079008121, 1154160830, 7, 0, 163740891, 0
1, 20, 11, 18, 1079008121, 1154160830, 6, 1, 137538791, 0
1, 20, 11, 18, 1079008121, 1154160830, 6, 0, 125762435, 0
1, 20, 11, 18, 1079008121, 1154160830, 5, 1, 107682933, 0
1, 20, 11, 18, 1079008121, 1154160830, 5, 0, 127611127, 0
1, 20, 11, 18, 1079008121, 1154160830, 4, 1, 99260488, 0
1, 20, 11, 18, 1079008121, 1154160830, 4, 0, 120348004, 0
1, 20, 11, 18, 1079008121, 1154160830, 3, 1, 85210850, 0
1, 20, 11, 18, 1079008121, 1154160830, 3, 0, 106342606, 0
1, 20, 11, 18, 1079008121, 1154160830, 2, 1, 59921501, 0
1, 20, 11, 18, 1079008121, 1154160830, 2, 0, 78331812, 0
1, 20, 11, 18, 1079008121, 1154160830, 1, 1, 1, 1
1, 20, 11, 18, 1079008121, 1154160830, 1, 0, 1, 0
1, 20, 11, 18, 1079008121, 1154160830, 0, 1, 1, 1
1, 21, 11, 18, 1154160831, 1188950958, 8, 1, 115749898, 0
1, 21, 11, 18, 1154160831, 1188950958, 8, 0, 134097795, 0
1, 21, 11, 18, 1154160831, 1188950958, 7, 1, 113677886, 0
1, 21, 11, 18, 1154160831, 1188950958, 7, 0, 131501601, 0
1, 21, 11, 18, 1154160831, 1188950958, 6, 1, 107350720, 0
1, 21, 11, 18, 1154160831, 1188950958, 6, 0, 120201851, 0
1, 21, 11, 18, 1154160831, 1188950958, 5, 1, 102684702, 0
1, 21, 11, 18, 1154160831, 1188950958, 5, 0, 121816921, 0
1, 21, 11, 18, 1154160831, 1188950958, 4, 1, 94127644, 0
1, 21, 11, 18, 1154160831, 1188950958, 4, 0, 114203364, 0
1, 21, 11, 18, 1154160831, 1188950958, 3, 1, 80680838, 0
1, 21, 11, 18, 1154160831, 1188950958, 3, 0, 101514101, 0
1, 21, 11, 18, 1154160831, 1188950958, 2, 1, 56476587, 0
1, 21, 11, 18, 1154160831, 1188950958, 2, 0, 76135576, 0
1, 21, 11, 18, 1154160831, 1188950958, 1, 1, 1, 1
1, 21, 11, 18, 1154160831, 1188950958, 1, 0, 1, 0
1, 21, 11, 18, 1154160831, 1188950958, 0, 1, 1, 1
1, 22, 11, 18, 1188950959, 1223044292, 8, 1, 561912063, 0
1, 22, 11, 18, 1188950959, 1223044292, 8, 0, 559850218, 0
1, 22, 11, 18, 1188950959, 1223044292, 7, 1, 561296153, 0
1, 22, 11, 18, 1188950959, 1223044292, 7, 0, 558270899, 0
1, 22, 11, 18, 1188950959, 1223044292, 6, 1, 536373244, 0
1, 22, 11, 18, 1188950959, 1223044292, 6, 0, 556165141, 0
1, 22, 11, 18, 1188950959, 1223044292, 5, 1, 533811166, 0
1, 22, 11, 18, 1188950959, 1223044292, 5, 0, 554603173, 0
1, 22, 11, 18, 1188950959, 1223044292, 4, 1, 529709787, 0
1, 22, 11, 18, 1188950959, 1223044292, 4, 0, 554650581, 0
1, 22, 11, 18, 1188950959, 1223044292, 3, 1, 516163892, 0
1, 22, 11, 18, 1188950959, 1223044292, 3, 0, 538160897, 0
1, 22, 11, 18, 1188950959, 1223044292, 2, 1, 490432924, 0
1, 22, 11, 18, 1188950959, 1223044292, 2, 0, 501810633, 0
1, 22, 11, 18, 1188950959, 1223044292, 1, 1, 433099636, 1
1, 22, 11, 18, 1188950959, 1223044292, 1, 0, 432715816, 0
1, 22, 11, 18, 1188950959, 1223044292, 0, 1, 433867276, 1
1, 23, 11, 18, 1223044293, 1239514368, 8, 1, 95763155, 0
1, 23, 11, 18, 1223044293, 1239514368, 8, 0, 101580737, 0
1, 23, 11, 18, 1223044293, 1239514368, 7, 1, 92369696, 0
1, 23, 11, 18, 1223044293, 1239514368, 7, 0, 96350895, 0
1, 23, 11, 18, 1223044293, 1239514368, 6, 1, 87932096, 0
1, 23, 11, 18, 1223044293, 1239514368, 6, 0, 89377771, 0
1, 23, 11, 18, 1223044293, 1239514368, 5, 1, 81880823, 0
1, 23, 11, 18, 1223044293, 1239514368, 5, 0, 79615399, 0
1, 23, 11, 18, 1223044293, 1239514368, 4, 1, 73509550, 0
1, 23, 11, 18, 1223044293, 1239514368, 4, 0, 69094818, 0
1, 23, 11, 18, 1223044293, 1239514368, 3, 1, 57998704, 0
1, 23, 11, 18, 1223044293, 1239514368, 3, 0, 46063212, 0
1, 23, 11, 18, 1223044293, 1239514368, 2, 1, 57717108, 0
1, 23, 11, 18, 1223044293, 1239514368, 2, 0, 69094818, 0
1, 23, 11, 18, 1223044293, 1239514368, 1, 1, 383820, 1
1, 23, 11, 18, 1223044293, 1239514368, 1, 0, 1, 0
1, 23, 11, 18, 1223044293, 1239514368, 0, 1, 1151460, 1
1, 24, 11, 18, 1239514369, 1318554823, 8, 1, 764837527, 0
1, 24, 11, 18, 1239514369, 1318554823, 8, 0, 740160147, 0
1, 24, 11, 18, 1239514369, 1318554823, 7, 1, 719147991, 0
1, 24, 11, 18, 1239514369, 1318554823, 7, 0, 695565946, 0
1, 24, 11, 18, 1239514369, 1318554823, 6, 1, 675161612, 0
1, 24, 11, 18, 1239514369, 1318554823, 6, 0, 648864810, 0
1, 24, 11, 18, 1239514369, 1318554823, 5, 1, 638849255, 0
1, 24, 11, 18, 1239514369, 1318554823, 5, 0, 577459295, 0
1, 24, 11, 18, 1239514369, 1318554823, 4, 1, 611551131, 1
1, 24, 11, 18, 1239514369, 1318554823, 4, 0, 530864872, 0
1, 24, 11, 18, 1239514369, 1318554823, 3, 1, 566298091, 1
1, 24, 11, 18, 1239514369, 1318554823, 3, 0, 447710198, 0
1, 24, 11, 18, 1239514369, 1318554823, 2, 1, 610818434, 0
1, 24, 11, 18, 1239514369, 1318554823, 2, 0, 574966941, 0
1, 24, 11, 18, 1239514369, 1318554823, 1, 1, 572306820, 1
1, 24, 11, 18, 1239514369, 1318554823, 1, 0, 572306820, 0
1, 24, 11, 18, 1239514369, 1318554823, 0, 1, 572306820, 1
1, 25, 11, 18, 1318554824, 1400183806, 8, 1, 582854852, 0
1, 25, 11, 18, 1318554824, 1400183806, 8, 0, 519582268, 0
1, 25, 11, 18, 1318554824, 1400183806, 7, 1, 576692862, 0
1, 25, 11, 18, 1318554824, 1400183806, 7, 0, 498274430, 0
1, 25, 11, 18, 1318554824, 1400183806, 6, 1, 564068376, 0
1, 25, 11, 18, 1318554824, 1400183806, 6, 0, 469863979, 0
1, 25, 11, 18, 1318554824, 1400183806, 5, 1, 546652307, 1
1, 25, 11, 18, 1318554824, 1400183806, 5, 0, 430089348, 0
1, 25, 11, 18, 1318554824, 1400183806, 4, 1, 519163297, 1
1, 25, 11, 18, 1318554824, 1400183806, 4, 0, 372491789, 0
1, 25, 11, 18, 1318554824, 1400183806, 3, 1, 474786631, 1
1, 25, 11, 18, 1318554824, 1400183806, 3, 0, 273743341, 0
1, 25, 11, 18, 1318554824, 1400183806, 2, 1, 484448976, 1
1, 25, 11, 18, 1318554824, 1400183806, 2, 0, 410615012, 0
1, 25, 11, 18, 1318554824, 1400183806, 1, 1, 460394368, 1
1, 25, 11, 18, 1318554824, 1400183806, 1, 0, 460394368, 0
1, 25, 11, 18, 1318554824, 1400183806, 0, 1, 460394368, 1
1, 26, 11, 18, 1400183807, 1426216877, 8, 1, 466491683, 1
1, 26, 11, 18, 1400183807, 1426216877, 8, 0, 391915137, 0
1, 26, 11, 18, 1400183807, 1426216877, 7, 1, 450649099, 1
1, 26, 11, 18, 1400183807, 1426216877, 7, 0, 363581572, 0
1, 26, 11, 18, 1400183807, 1426216877, 6, 1, 429931874, 1
1, 26, 11, 18, 1400183807, 1426216877, 6, 0, 325803486, 0
1, 26, 11, 18, 1400183807, 1426216877, 5, 1, 456866975, 1
1, 26, 11, 18, 1400183807, 1426216877, 5, 0, 384313765, 0
1, 26, 11, 18, 1400183807, 1426216877, 4, 1, 427591739, 1
1, 26, 11, 18, 1400183807, 1426216877, 4, 0, 330655091, 0
1, 26, 11, 18, 1400183807, 1426216877, 3, 1, 382830421, 1
1, 26, 11, 18, 1400183807, 1426216877, 3, 0, 244123425, 0
1, 26, 11, 18, 1400183807, 1426216877, 2, 1, 411048991, 1
1, 26, 11, 18, 1400183807, 1426216877, 2, 0, 343032445, 0
1, 26, 11, 18, 1400183807, 1426216877, 1, 1, 395458726, 1
1, 26, 11, 18, 1400183807, 1426216877, 1, 0, 395458726, 0
1, 26, 11, 18, 1400183807, 1426216877, 0, 1, 395458726, 1
1, 27, 11, 18, 1426216878, 1443342329, 8, 1, 1, 1
1, 27, 11, 18, 1426216878, 1443342329, 8, 0, 1, 0
1, 27, 11, 18, 1426216878, 1443342329, 7, 1, 1, 1
1, 27, 11, 18, 1426216878, 1443342329, 7, 0, 1, 0
1, 27, 11, 18, 1426216878, 1443342329, 6, 1, 1, 1
1, 27, 11, 18, 1426216878, 1443342329, 6, 0, 1, 0
1, 27, 11, 18, 1426216878, 1443342329, 5, 1, 1, 1
1, 27, 11, 18, 1426216878, 1443342329, 5, 0, 1, 0
1, 27, 11, 18, 1426216878, 1443342329, 4, 1, 1, 1
1, 27, 11, 18, 1426216878, 1443342329, 4, 0, 1, 0
1, 27, 11, 18, 1426216878, 1443342329, 3, 1, 1, 1
1, 27, 11, 18, 1426216878, 1443342329, 3, 0, 1, 0
1, 27, 11, 18, 1426216878, 1443342329, 2, 1, 1, 1
1, 27, 11, 18, 1426216878, 1443342329, 2, 0, 1, 0
1, 27, 11, 18, 1426216878, 1443342329, 1, 1, 1, 1
1, 27, 11, 18, 1426216878, 1443342329, 1, 0, 1, 0
1, 27, 11, 18, 1426216878, 1443342329, 0, 1, 1, 1
1, 28, 11, 18, 1443342330, 1479037193, 8, 1, 385441483, 0
1, 28, 11, 18, 1443342330, 1479037193, 8, 0, 329804791, 0
1, 28, 11, 18, 1443342330, 1479037193, 7, 1, 371114456, 0
1, 28, 11, 18, 1443342330, 1479037193, 7, 0, 305800731, 0
1, 28, 11, 18, 1443342330, 1479037193, 6, 1, 358777672, 1
1, 28, 11, 18, 1443342330, 1479037193, 6, 0, 279317779, 0
1, 28, 11, 18, 1443342330, 1479037193, 5, 1, 384200098, 0
1, 28, 11, 18, 1443342330, 1479037193, 5, 0, 335181334, 0
1, 28, 11, 18, 1443342330, 1479037193, 4, 1, 359313753, 0
1, 28, 11, 18, 1443342330, 1479037193, 4, 0, 292343774, 0
1, 28, 11, 18, 1443342330, 1479037193, 3, 1, 320206639, 1
1, 28, 11, 18, 1443342330, 1479037193, 3, 0, 220947839, 0
1, 28, 11, 18, 1443342330, 1479037193, 2, 1, 346609968, 0
1, 28, 11, 18, 1443342330, 1479037193, 2, 0, 331421759, 0
1, 28, 11, 18, 1443342330, 1479037193, 1, 1, 295800811, 0
1, 28, 11, 18, 1443342330, 1479037193, 1, 0, 303041843, 0
1, 28, 11, 18, 1443342330, 1479037193, 0, 1, 281318749, 1
1, 29, 11, 18, 1479037194, 1506408157, 8, 1, 428785433, 0
1, 29, 11, 18, 1479037194, 1506408157, 8, 0, 429233389, 0
1, 29, 11, 18, 1479037194, 1506408157, 7, 1, 423572977, 0
1, 29, 11, 18, 1479037194, 1506408157, 7, 0, 421799051, 0
1, 29, 11, 18, 1479037194, 1506408157, 6, 1, 416756688, 0
1, 29, 11, 18, 1479037194, 1506408157, 6, 0, 411886601, 0
1, 29, 11, 18, 1479037194, 1506408157, 5, 1, 383728144, 0
1, 29, 11, 18, 1479037194, 1506408157, 5, 0, 345795244, 0
1, 29, 11, 18, 1479037194, 1506408157, 4, 1, 365969925, 0
1, 29, 11, 18, 1479037194, 1506408157, 4, 0, 311925617, 0
1, 29, 11, 18, 1479037194, 1506408157, 3, 1, 334107253, 1
1, 29, 11, 18, 1479037194, 1506408157, 3, 0, 255476239, 0
1, 29, 11, 18, 1479037194, 1506408157, 2, 1, 358182150, 0
1, 29, 11, 18, 1479037194, 1506408157, 2, 0, 347997063, 0
1, 29, 11, 18, 1479037194, 1506408157, 1, 1, 312376115, 0
1, 29, 11, 18, 1479037194, 1506408157, 1, 0, 319617147, 0
1, 29, 11, 18, 1479037194, 1506408157, 0, 1, 297894053, 1
1, 30, 11, 18, 1506408158, 1521807570, 8, 1, 1, 1
1, 30, 11, 18, 1506408158, 1521807570, 8, 0, 1, 0
1, 30, 11, 18, 1506408158, 1521807570, 7, 1, 1, 1
1, 30, 11, 18, 1506408158, 1521807570, 7, 0, 1, 0
1, 30, 11, 18, 1506408158, 1521807570, 6, 1, 1, 1
1, 30, 11, 18, 1506408158, 1521807570, 6, 0, 1, 0
1, 30, 11, 18, 1506408158, 1521807570, 5, 1, 1, 1
1, 30, 11, 18, 1506408158, 1521807570, 5, 0, 1, 0
1, 30, 11, 18, 1506408158, 1521807570, 4, 1, 1, 1
1, 30, 11, 18, 1506408158, 1521807570, 4, 0, 1, 0
1, 30, 11, 18, 1506408158, 1521807570, 3, 1, 1, 1
1, 30, 11, 18, 1506408158, 1521807570, 3, 0, 1, 0
1, 30, 11, 18, 1506408158, 1521807570, 2, 1, 1, 1
1, 30, 11, 18, 1506408158, 1521807570, 2, 0, 1, 0
1, 30, 11, 18, 1506408158, 1521807570, 1, 1, 1, 1
1, 30, 11, 18, 1506408158, 1521807570, 1, 0, 1, 0
1, 30, 11, 18, 1506408158, 1521807570, 0, 1, 1, 1
1, 31, 11, 18, 1521807571, 1557327955, 8, 1, 423703469, 0
1, 31, 11, 18, 1521807571, 1557327955, 8, 0, 427833064, 0
1, 31, 11, 18, 1521807571, 1557327955, 7, 1, 417985827, 0
1, 31, 11, 18, 1521807571, 1557327955, 7, 0, 418280451, 0
1, 31, 11, 18, 1521807571, 1557327955, 6, 1, 410508911, 0
1, 31, 11, 18, 1521807571, 1557327955, 6, 0, 405543634, 0
1, 31, 11, 18, 1521807571, 1557327955, 5, 1, 404692309, 0
1, 31, 11, 18, 1521807571, 1557327955, 5, 0, 380147899, 0
1, 31, 11, 18, 1521807571, 1557327955, 4, 1, 388608880, 0
1, 31, 11, 18, 1521807571, 1557327955, 4, 0, 351509535, 0
1, 31, 11, 18, 1521807571, 1557327955, 3, 1, 359378023, 1
1, 31, 11, 18, 1521807571, 1557327955, 3, 0, 303778929, 0
1, 31, 11, 18, 1521807571, 1557327955, 2, 1, 396931395, 0
1, 31, 11, 18, 1521807571, 1557327955, 2, 0, 435590316, 0
1, 31, 11, 18, 1521807571, 1557327955, 1, 1, 315877689, 0
1, 31, 11, 18, 1521807571, 1557327955, 1, 0, 324989753, 0
1, 31, 11, 18, 1521807571, 1557327955, 0, 1, 311321657, 1
1, 32, 11, 18, 1557327956, 1634051087, 8, 1, 214864407, 0
1, 32, 11, 18, 1557327956, 1634051087, 8, 0, 210084604, 0
1, 32, 11, 18, 1557327956, 1634051087, 7, 1, 207275301, 0
1, 32, 11, 18, 1557327956, 1634051087, 7, 0, 199775035, 0
1, 32, 11, 18, 1557327956, 1634051087, 6, 1, 197184356, 0
1, 32, 11, 18, 1557327956, 1634051087, 6, 0, 185667695, 0
1, 32, 11, 18, 1557327956, 1634051087, 5, 1, 211063640, 0
1, 32, 11, 18, 1557327956, 1634051087, 5, 0, 222801234, 0
1, 32, 11, 18, 1557327956, 1634051087, 4, 1, 196177647, 0
1, 32, 11, 18, 1557327956, 1634051087, 4, 0, 207938646, 0
1, 32, 11, 18, 1557327956, 1634051087, 3, 1, 186294822, 0
1, 32, 11, 18, 1557327956, 1634051087, 3, 0, 187997812, 0
1, 32, 11, 18, 1557327956, 1634051087, 2, 1, 168214782, 0
1, 32, 11, 18, 1557327956, 1634051087, 2, 0, 187809437, 0
1, 32, 11, 18, 1557327956, 1634051087, 1, 1, 94013188, 1
1, 32, 11, 18, 1557327956, 1634051087, 1, 0, 91199803, 0
1, 32, 11, 18, 1557327956, 1634051087, 0, 1, 99639959, 1
1, 33, 11, 18, 1634051088, 1710783503, 8, 1, 133683779, 0
1, 33, 11, 18, 1634051088, 1710783503, 8, 0, 158965732, 0
1, 33, 11, 18, 1634051088, 1710783503, 7, 1, 127430563, 0
1, 33, 11, 18, 1634051088, 1710783503, 7, 0, 154382010, 0
1, 33, 11, 18, 1634051088, 1710783503, 6, 1, 97936468, 0
1, 33, 11, 18, 1634051088, 1710783503, 6, 0, 102083953, 0
1, 33, 11, 18, 1634051088, 1710783503, 5, 1, 115743099, 0
1, 33, 11, 18, 1634051088, 1710783503, 5, 0, 122500743, 0
1, 33, 11, 18, 1634051088, 1710783503, 4, 1, 101883857, 0
1, 33, 11, 18, 1634051088, 1710783503, 4, 0, 105362983, 0
1, 33, 11, 18, 1634051088, 1710783503, 3, 1, 102517941, 0
1, 33, 11, 18, 1634051088, 1710783503, 3, 0, 129096800, 0
1, 33, 11, 18, 1634051088, 1710783503, 2, 1, 72281242, 0
1, 33, 11, 18, 1634051088, 1710783503, 2, 0, 98119307, 0
1, 33, 11, 18, 1634051088, 1710783503, 1, 1, 1728944, 0
1, 33, 11, 18, 1634051088, 1710783503, 1, 0, 5186830, 0
1, 33, 11, 18, 1634051088, 1710783503, 0, 1, 1, 1
1, 34, 11, 18, 1710783504, 1785823092, 8, 1, 209528160, 0
1, 34, 11, 18, 1710783504, 1785823092, 8, 0, 250966262, 0
1, 34, 11, 18, 1710783504, 1785823092, 7, 1, 224688613, 0
1, 34, 11, 18, 1710783504, 1785823092, 7, 0, 286818585, 0
1, 34, 11, 18, 1710783504, 1785823092, 6, 1, 208987432, 0
1, 34, 11, 18, 1710783504, 1785823092, 6, 0, 257647841, 0
1, 34, 11, 18, 1710783504, 1785823092, 5, 1, 157628240, 0
1, 34, 11, 18, 1710783504, 1785823092, 5, 0, 209253517, 0
1, 34, 11, 18, 1710783504, 1785823092, 4, 1, 125774077, 0
1, 34, 11, 18, 1710783504, 1785823092, 4, 0, 151478311, 0
1, 34, 11, 18, 1710783504, 1785823092, 3, 1, 106874932, 0
1, 34, 11, 18, 1710783504, 1785823092, 3, 0, 142220050, 0
1, 34, 11, 18, 1710783504, 1785823092, 2, 1, 74640968, 0
1, 34, 11, 18, 1710783504, 1785823092, 2, 0, 106665038, 0
1, 34, 11, 18, 1710783504, 1785823092, 1, 1, 1, 1
1, 34, 11, 18, 1710783504, 1785823092, 1, 0, 1, 0
1, 34, 11, 18, 1710783504, 1785823092, 0, 1, 1, 1
1, 35, 11, 18, 1785823093, 1856175488, 8, 1, 126619590, 0
1, 35, 11, 18, 1785823093, 1856175488, 8, 0, 126012081, 0
1, 35, 11, 18, 1785823093, 1856175488, 7, 1, 130905987, 0
1, 35, 11, 18, 1785823093, 1856175488, 7, 0, 144013807, 0
1, 35, 11, 18, 1785823093, 1856175488, 6, 1, 120532598, 0
1, 35, 11, 18, 1785823093, 1856175488, 6, 0, 133395640, 0
1, 35, 11, 18, 1785823093, 1856175488, 5, 1, 142447616, 0
1, 35, 11, 18, 1785823093, 1856175488, 5, 0, 160074768, 0
1, 35, 11, 18, 1785823093, 1856175488, 4, 1, 129904627, 0
1, 35, 11, 18, 1785823093, 1856175488, 4, 0, 148162758, 0
1, 35, 11, 18, 1785823093, 1856175488, 3, 1, 114553844, 0
1, 35, 11, 18, 1785823093, 1856175488, 3, 0, 138481873, 0
1, 35, 11, 18, 1785823093, 1856175488, 2, 1, 80187691, 0
1, 35, 11, 18, 1785823093, 1856175488, 2, 0, 103861405, 0
1, 35, 11, 18, 1785823093, 1856175488, 1, 1, 1, 1
1, 35, 11, 18, 1785823093, 1856175488, 1, 0, 1, 0
1, 35, 11, 18, 1785823093, 1856175488, 0, 1, 1, 1
1, 36, 11, 18, 1856175489, 1960954009, 8, 1, 112022707, 0
1, 36, 11, 18, 1856175489, 1960954009, 8, 0, 137950660, 0
1, 36, 11, 18, 1856175489, 1960954009, 7, 1, 114768073, 0
1, 36, 11, 18, 1856175489, 1960954009, 7, 0, 157657897, 0
1, 36, 11, 18, 1856175489, 1960954009, 6, 1, 110889401, 0
1, 36, 11, 18, 1856175489, 1960954009, 6, 0, 153292157, 0
1, 36, 11, 18, 1856175489, 1960954009, 5, 1, 114337261, 0
1, 36, 11, 18, 1856175489, 1960954009, 5, 0, 147180120, 0
1, 36, 11, 18, 1856175489, 1960954009, 4, 1, 97110551, 0
1, 36, 11, 18, 1856175489, 1960954009, 4, 0, 138012065, 0
1, 36, 11, 18, 1856175489, 1960954009, 3, 1, 75209905, 0
1, 36, 11, 18, 1856175489, 1960954009, 3, 0, 121831996, 0
1, 36, 11, 18, 1856175489, 1960954009, 2, 1, 68523399, 0
1, 36, 11, 18, 1856175489, 1960954009, 2, 0, 90821824, 0
1, 36, 11, 18, 1856175489, 1960954009, 1, 1, 1, 1
1, 36, 11, 18, 1856175489, 1960954009, 1, 0, 1, 0
1, 36, 11, 18, 1856175489, 1960954009, 0, 1, 1, 1
1, 37, 11, 18, 1960954010, 2038924531, 8, 1, 133051433, 0
1, 37, 11, 18, 1960954010, 2038924531, 8, 0, 161840602, 0
1, 37, 11, 18, 1960954010, 2038924531, 7, 1, 112312942, 0
1, 37, 11, 18, 1960954010, 2038924531, 7, 0, 127718233, 0
1, 37, 11, 18, 1960954010, 2038924531, 6, 1, 100374559, 0
1, 37, 11, 18, 1960954010, 2038924531, 6, 0, 115114304, 0
1, 37, 11, 18, 1960954010, 2038924531, 5, 1, 110808306, 0
1, 37, 11, 18, 1960954010, 2038924531, 5, 0, 120941587, 0
1, 37, 11, 18, 1960954010, 2038924531, 4, 1, 102879142, 0
1, 37, 11, 18, 1960954010, 2038924531, 4, 0, 107275627, 0
1, 37, 11, 18, 1960954010, 2038924531, 3, 1, 48220869, 0
1, 37, 11, 18, 1960954010, 2038924531, 3, 0, 73390805, 0
1, 37, 11, 18, 1960954010, 2038924531, 2, 1, 25723198, 0
1, 37, 11, 18, 1960954010, 2038924531, 2, 0, 5621162, 0
1, 37, 11, 18, 1960954010, 2038924531, 1, 1, 1, 1
1, 37, 11, 18, 1960954010, 2038924531, 1, 0, 1, 0
1, 37, 11, 18, 1960954010, 2038924531, 0, 1, 1, 1
1, 38, 11, 18, 2038924532, 2097404002, 8, 1, 162527989, 0
1, 38, 11, 18, 2038924532, 2097404002, 8, 0, 183236737, 0
1, 38, 11, 18, 2038924532, 2097404002, 7, 1, 166991889, 0
1, 38, 11, 18, 2038924532, 2097404002, 7, 0, 209413413, 0
1, 38, 11, 18, 2038924532, 2097404002, 6, 1, 153067082, 0
1, 38, 11, 18, 2038924532, 2097404002, 6, 0, 201497520, 0
1, 38, 11, 18, 2038924532, 2097404002, 5, 1, 135088507, 0
1, 38, 11, 18, 2038924532, 2097404002, 5, 0, 192636826, 0
1, 38, 11, 18, 2038924532, 2097404002, 4, 1, 127005969, 0
1, 38, 11, 18, 2038924532, 2097404002, 4, 0, 211848102, 0
1, 38, 11, 18, 2038924532, 2097404002, 3, 1, 126592135, 0
1, 38, 11, 18, 2038924532, 2097404002, 3, 0, 196827879, 0
1, 38, 11, 18, 2038924532, 2097404002, 2, 1, 125847235, 0
1, 38, 11, 18, 2038924532, 2097404002, 2, 0, 166787432, 0
1, 38, 11, 18, 2038924532, 2097404002, 1, 1, 76603538, 0
1, 38, 11, 18, 2038924532, 2097404002, 1, 0, 76666092, 0
1, 38, 11, 18, 2038924532, 2097404002, 0, 1, 76478432, 1
1, 39, 11, 18, 2097404003, 2111923019, 8, 1, 5436589, 1
1, 39, 11, 18, 2097404003, 2111923019, 8, 0, 2607740, 0
1, 39, 11, 18, 2097404003, 2111923019, 7, 1, 5386822, 1
1, 39, 11, 18, 2097404003, 2111923019, 7, 0, 2980274, 0
1, 39, 11, 18, 2097404003, 2111923019, 6, 1, 5321743, 1
1, 39, 11, 18, 2097404003, 2111923019, 6, 0, 3476986, 0
1, 39, 11, 18, 2097404003, 2111923019, 5, 1, 5232998, 1
1, 39, 11, 18, 2097404003, 2111923019, 5, 0, 4172383, 0
1, 39, 11, 18, 2097404003, 2111923019, 4, 1, 6395887, 1
1, 39, 11, 18, 2097404003, 2111923019, 4, 0, 5215479, 0
1, 39, 11, 18, 2097404003, 2111923019, 3, 1, 6733146, 1
1, 39, 11, 18, 2097404003, 2111923019, 3, 0, 3476986, 0
1, 39, 11, 18, 2097404003, 2111923019, 2, 1, 9426404, 1
1, 39, 11, 18, 2097404003, 2111923019, 2, 0, 5215479, 0
1, 39, 11, 18, 2097404003, 2111923019, 1, 1, 12233688, 1
1, 39, 11, 18, 2097404003, 2111923019, 1, 0, 1, 0
1, 39, 11, 18, 2097404003, 2111923019, 0, 1, 36701062, 1
1, 40, 11, 18, 2111923020, 2212231980, 8, 1, 175332562, 0
1, 40, 11, 18, 2111923020, 2212231980, 8, 0, 150517940, 0
1, 40, 11, 18, 2111923020, 2212231980, 7, 1, 180810627, 0
1, 40, 11, 18, 2111923020, 2212231980, 7, 0, 172020502, 0
1, 40, 11, 18, 2111923020, 2212231980, 6, 1, 170448598, 0
1, 40, 11, 18, 2111923020, 2212231980, 6, 0, 161651439, 0
1, 40, 11, 18, 2111923020, 2212231980, 5, 1, 154321943, 0
1, 40, 11, 18, 2111923020, 2212231980, 5, 0, 142742197, 0
1, 40, 11, 18, 2111923020, 2212231980, 4, 1, 147628366, 0
1, 40, 11, 18, 2111923020, 2212231980, 4, 0, 146880652, 0
1, 40, 11, 18, 2111923020, 2212231980, 3, 1, 189807899, 0
1, 40, 11, 18, 2111923020, 2212231980, 3, 0, 195840869, 0
1, 40, 11, 18, 2111923020, 2212231980, 2, 1, 149114191, 0
1, 40, 11, 18, 2111923020, 2212231980, 2, 0, 165662478, 0
1, 40, 11, 18, 2111923020, 2212231980, 1, 1, 79105786, 1
1, 40, 11, 18, 2111923020, 2212231980, 1, 0, 75127305, 0
1, 40, 11, 18, 2111923020, 2212231980, 0, 1, 87062750, 1
1, 41, 11, 18, 2212231981, 2224160268, 8, 1, 115422917, 0
1, 41, 11, 18, 2212231981, 2224160268, 8, 0, 136489272, 0
1, 41, 11, 18, 2212231981, 2224160268, 7, 1, 106825743, 0
1, 41, 11, 18, 2212231981, 2224160268, 7, 0, 131296598, 0
1, 41, 11, 18, 2212231981, 2224160268, 6, 1, 96639471, 0
1, 41, 11, 18, 2212231981, 2224160268, 6, 0, 126661434, 0
1, 41, 11, 18, 2212231981, 2224160268, 5, 1, 79671054, 0
1, 41, 11, 18, 2212231981, 2224160268, 5, 0, 113400504, 0
1, 41, 11, 18, 2212231981, 2224160268, 4, 1, 61218342, 0
1, 41, 11, 18, 2212231981, 2224160268, 4, 0, 93509108, 0
1, 41, 11, 18, 2212231981, 2224160268, 3, 1, 78709296, 0
1, 41, 11, 18, 2212231981, 2224160268, 3, 0, 124678811, 0
1, 41, 11, 18, 2212231981, 2224160268, 2, 1, 71599798, 0
1, 41, 11, 18, 2212231981, 2224160268, 2, 0, 90535173, 0
1, 41, 11, 18, 2212231981, 2224160268, 1, 1, 1, 1
1, 41, 11, 18, 2212231981, 2224160268, 1, 0, 1, 0
1, 41, 11, 18, 2212231981, 2224160268, 0, 1, 1, 1
1, 42, 11, 18, 2224160269, 2286458425, 8, 1, 112828243, 0
1, 42, 11, 18, 2224160269, 2286458425, 8, 0, 117567609, 0
1, 42, 11, 18, 2224160269, 2286458425, 7, 1, 109259399, 0
1, 42, 11, 18, 2224160269, 2286458425, 7, 0, 113275966, 0
1, 42, 11, 18, 2224160269, 2286458425, 6, 1, 104829164, 0
1, 42, 11, 18, 2224160269, 2286458425, 6, 0, 109842178, 0
1, 42, 11, 18, 2224160269, 2286458425, 5, 1, 96678353, 0
1, 42, 11, 18, 2224160269, 2286458425, 5, 0, 98263174, 0
1, 42, 11, 18, 2224160269, 2286458425, 4, 1, 87611460, 0
1, 42, 11, 18, 2224160269, 2286458425, 4, 0, 80894666, 0
1, 42, 11, 18, 2224160269, 2286458425, 3, 1, 61542887, 0
1, 42, 11, 18, 2224160269, 2286458425, 3, 0, 107859555, 0
1, 42, 11, 18, 2224160269, 2286458425, 2, 1, 52612602, 0
1, 42, 11, 18, 2224160269, 2286458425, 2, 0, 77920731, 0
1, 42, 11, 18, 2224160269, 2286458425, 1, 1, 1, 1
1, 42, 11, 18, 2224160269, 2286458425, 1, 0, 1, 0
1, 42, 11, 18, 2224160269, 2286458425, 0, 1, 1, 1
1, 43, 11, 18, 2286458426, 2427534253, 8, 1, 202869801, 0
1, 43, 11, 18, 2286458426, 2427534253, 8, 0, 227967546, 0
1, 43, 11, 18, 2286458426, 2427534253, 7, 1, 196953779, 0
1, 43, 11, 18, 2286458426, 2427534253, 7, 0, 224299748, 0
1, 43, 11, 18, 2286458426, 2427534253, 6, 1, 188397974, 0
1, 43, 11, 18, 2286458426, 2427534253, 6, 0, 219409350, 0
1, 43, 11, 18, 2286458426, 2427534253, 5, 1, 157132622, 0
1, 43, 11, 18, 2286458426, 2427534253, 5, 0, 167315815, 0
1, 43, 11, 18, 2286458426, 2427534253, 4, 1, 138963525, 0
1, 43, 11, 18, 2286458426, 2427534253, 4, 0, 143817813, 0
1, 43, 11, 18, 2286458426, 2427534253, 3, 1, 145698553, 0
1, 43, 11, 18, 2286458426, 2427534253, 3, 0, 191757083, 0
1, 43, 11, 18, 2286458426, 2427534253, 2, 1, 134816475, 0
1, 43, 11, 18, 2286458426, 2427534253, 2, 0, 160814558, 0
1, 43, 11, 18, 2286458426, 2427534253, 1, 1, 67986983, 1
1, 43, 11, 18, 2286458426, 2427534253, 1, 0, 67986983, 0
1, 43, 11, 18, 2286458426, 2427534253, 0, 1, 67986983, 1
1, 44, 11, 18, 2427534254, 2536380772, 8, 1, 141873262, 0
1, 44, 11, 18, 2427534254, 2536380772, 8, 0, 123197812, 0
1, 44, 11, 18, 2427534254, 2536380772, 7, 1, 134350024, 0
1, 44, 11, 18, 2427534254, 2536380772, 7, 0, 112426305, 0
1, 44, 11, 18, 2427534254, 2536380772, 6, 1, 125137642, 0
1, 44, 11, 18, 2427534254, 2536380772, 6, 0, 91543736, 0
1, 44, 11, 18, 2427534254, 2536380772, 5, 1, 105261193, 0
1, 44, 11, 18, 2427534254, 2536380772, 5, 0, 62308140, 0
1, 44, 11, 18, 2427534254, 2536380772, 4, 1, 83205630, 1
1, 44, 11, 18, 2427534254, 2536380772, 4, 0, 20376908, 0
1, 44, 11, 18, 2427534254, 2536380772, 3, 1, 76778033, 1
1, 44, 11, 18, 2427534254, 2536380772, 3, 0, 27169211, 0
1, 44, 11, 18, 2427534254, 2536380772, 2, 1, 58094178, 1
1, 44, 11, 18, 2427534254, 2536380772, 2, 0, 22968363, 0
1, 44, 11, 18, 2427534254, 2536380772, 1, 1, 34106730, 1
1, 44, 11, 18, 2427534254, 2536380772, 1, 0, 45936725, 0
1, 44, 11, 18, 2427534254, 2536380772, 0, 1, 45936725, 1
1, 45, 11, 18, 2536380773, 2590410258, 8, 1, 141016329, 0
1, 45, 11, 18, 2536380773, 2590410258, 8, 0, 161252213, 0
1, 45, 11, 18, 2536380773, 2590410258, 7, 1, 133667173, 0
1, 45, 11, 18, 2536380773, 2590410258, 7, 0, 156225986, 0
1, 45, 11, 18, 2536380773, 2590410258, 6, 1, 139120907, 0
1, 45, 11, 18, 2536380773, 2590410258, 6, 0, 149524350, 0
1, 45, 11, 18, 2536380773, 2590410258, 5, 1, 128754710, 0
1, 45, 11, 18, 2536380773, 2590410258, 5, 0, 140142060, 0
1, 45, 11, 18, 2536380773, 2590410258, 4, 1, 116042879, 0
1, 45, 11, 18, 2536380773, 2590410258, 4, 0, 126405308, 0
1, 45, 11, 18, 2536380773, 2590410258, 3, 1, 72681380, 0
1, 45, 11, 18, 2536380773, 2590410258, 3, 0, 48943938, 0
1, 45, 11, 18, 2536380773, 2590410258, 2, 1, 38679040, 0
1, 45, 11, 18, 2536380773, 2590410258, 2, 0, 4142092, 0
1, 45, 11, 18, 2536380773, 2590410258, 1, 1, 5522789, 0
1, 45, 11, 18, 2536380773, 2590410258, 1, 0, 8284184, 0
1, 45, 11, 18, 2536380773, 2590410258, 0, 1, 1, 1
1, 46, 11, 18, 2590410259, 2606108109, 8, 1, 1, 1
1, 46, 11, 18, 2590410259, 2606108109, 8, 0, 1, 0
1, 46, 11, 18, 2590410259, 2606108109, 7, 1, 1, 1
1, 46, 11, 18, 2590410259, 2606108109, 7, 0, 1, 0
1, 46, 11, 18, 2590410259, 2606108109, 6, 1, 1, 1
1, 46, 11, 18, 2590410259, 2606108109, 6, 0, 1, 0
1, 46, 11, 18, 2590410259, 2606108109, 5, 1, 1, 1
1, 46, 11, 18, 2590410259, 2606108109, 5, 0, 1, 0
1, 46, 11, 18, 2590410259, 2606108109, 4, 1, 1, 1
1, 46, 11, 18, 2590410259, 2606108109, 4, 0, 1, 0
1, 46, 11, 18, 2590410259, 2606108109, 3, 1, 1, 1
1, 46, 11, 18, 2590410259, 2606108109, 3, 0, 1, 0
1, 46, 11, 18, 2590410259, 2606108109, 2, 1, 1, 1
1, 46, 11, 18, 2590410259, 2606108109, 2, 0, 1, 0
1, 46, 11, 18, 2590410259, 2606108109, 1, 1, 1, 1
1, 46, 11, 18, 2590410259, 2606108109, 1, 0, 1, 0
1, 46, 11, 18, 2590410259, 2606108109, 0, 1, 1, 1
1, 47, 11, 18, 2606108110, 2711004526, 8, 1, 102155601, 0
1, 47, 11, 18, 2606108110, 2711004526, 8, 0, 87794180, 0
1, 47, 11, 18, 2606108110, 2711004526, 7, 1, 93994545, 0
1, 47, 11, 18, 2606108110, 2711004526, 7, 0, 75224529, 0
1, 47, 11, 18, 2606108110, 2711004526, 6, 1, 87323914, 0
1, 47, 11, 18, 2606108110, 2711004526, 6, 0, 78467296, 0
1, 47, 11, 18, 2606108110, 2711004526, 5, 1, 73498531, 0
1, 47, 11, 18, 2606108110, 2711004526, 5, 0, 59004408, 0
1, 47, 11, 18, 2606108110, 2711004526, 4, 1, 54850481, 0
1, 47, 11, 18, 2606108110, 2711004526, 4, 0, 29810076, 0
1, 47, 11, 18, 2606108110, 2711004526, 3, 1, 50658079, 0
1, 47, 11, 18, 2606108110, 2711004526, 3, 0, 39746768, 0
1, 47, 11, 18, 2606108110, 2711004526, 2, 1, 19263695, 1
1, 47, 11, 18, 2606108110, 2711004526, 2, 0, 1, 0
1, 47, 11, 18, 2606108110, 2711004526, 1, 1, 1, 1
1, 47, 11, 18, 2606108110, 2711004526, 1, 0, 1, 0
1, 47, 11, 18, 2606108110, 2711004526, 0, 1, 1, 1
1, 48, 11, 18, 2711004527, 2837223333, 8, 1, 125174202, 0
1, 48, 11, 18, 2711004527, 2837223333, 8, 0, 143511484, 0
1, 48, 11, 18, 2711004527, 2837223333, 7, 1, 112641103, 0
1, 48, 11, 18, 2711004527, 2837223333, 7, 0, 131209190, 0
1, 48, 11, 18, 2711004527, 2837223333, 6, 1, 113280267, 0
1, 48, 11, 18, 2711004527, 2837223333, 6, 0, 116915209, 0
1, 48, 11, 18, 2711004527, 2837223333, 5, 1, 95177549, 0
1, 48, 11, 18, 2711004527, 2837223333, 5, 0, 96903636, 0
1, 48, 11, 18, 2711004527, 2837223333, 4, 1, 75535076, 0
1, 48, 11, 18, 2711004527, 2837223333, 4, 0, 66886277, 0
1, 48, 11, 18, 2711004527, 2837223333, 3, 1, 77006222, 0
1, 48, 11, 18, 2711004527, 2837223333, 3, 0, 72324358, 0
1, 48, 11, 18, 2711004527, 2837223333, 2, 1, 33736197, 1
1, 48, 11, 18, 2711004527, 2837223333, 2, 0, 1, 0
1, 48, 11, 18, 2711004527, 2837223333, 1, 1, 5097162, 1
1, 48, 11, 18, 2711004527, 2837223333, 1, 0, 1, 0
1, 48, 11, 18, 2711004527, 2837223333, 0, 1, 15291485, 1
1, 49, 11, 18, 2837223334, 3108999406, 8, 1, 174017703, 0
1, 49, 11, 18, 2837223334, 3108999406, 8, 0, 207065226, 0
1, 49, 11, 18, 2837223334, 3108999406, 7, 1, 184407517, 0
1, 49, 11, 18, 2837223334, 3108999406, 7, 0, 209190516, 0
1, 49, 11, 18, 2837223334, 3108999406, 6, 1, 145503730, 0
1, 49, 11, 18, 2837223334, 3108999406, 6, 0, 165964573, 0
1, 49, 11, 18, 2837223334, 3108999406, 5, 1, 152568876, 0
1, 49, 11, 18, 2837223334, 3108999406, 5, 0, 164820357, 0
1, 49, 11, 18, 2837223334, 3108999406, 4, 1, 146175864, 0
1, 49, 11, 18, 2837223334, 3108999406, 4, 0, 157978397, 0
1, 49, 11, 18, 2837223334, 3108999406, 3, 1, 136129702, 0
1, 49, 11, 18, 2837223334, 3108999406, 3, 0, 146575132, 0
1, 49, 11, 18, 2837223334, 3108999406, 2, 1, 111590399, 0
1, 49, 11, 18, 2837223334, 3108999406, 2, 0, 123768600, 0
1, 49, 11, 18, 2837223334, 3108999406, 1, 1, 1, 1
1, 49, 11, 18, 2837223334, 3108999406, 1, 0, 1, 0
1, 49, 11, 18, 2837223334, 3108999406, 0, 1, 1, 1
1, 50, 11, 18, 3108999407, 3261855162, 8, 1, 122010356, 0
1, 50, 11, 18, 3108999407, 3261855162, 8, 0, 146187679, 0
1, 50, 11, 18, 3108999407, 3261855162, 7, 1, 127140295, 0
1, 50, 11, 18, 3108999407, 3261855162, 7, 0, 143204257, 0
1, 50, 11, 18, 3108999407, 3261855162, 6, 1, 119612378, 0
1, 50, 11, 18, 3108999407, 3261855162, 6, 0, 139226361, 0
1, 50, 11, 18, 3108999407, 3261855162, 5, 1, 110810415, 0
1, 50, 11, 18, 3108999407, 3261855162, 5, 0, 133657306, 0
1, 50, 11, 18, 3108999407, 3261855162, 4, 1, 102325227, 0
1, 50, 11, 18, 3108999407, 3261855162, 4, 0, 125303725, 0
1, 50, 11, 18, 3108999407, 3261855162, 3, 1, 86055122, 0
1, 50, 11, 18, 3108999407, 3261855162, 3, 0, 111381089, 0
1, 50, 11, 18, 3108999407, 3261855162, 2, 1, 60879667, 0
1, 50, 11, 18, 3108999407, 3261855162, 2, 0, 83535817, 0
1, 50, 11, 18, 3108999407, 3261855162, 1, 1, 2136940, 1
1, 50, 11, 18, 3108999407, 3261855162, 1, 0, 1, 0
1, 50, 11, 18, 3108999407, 3261855162, 0, 1, 6410818, 1
1, 51, 11, 18, 3261855163, 3592772294, 8, 1, 139046982, 0
1, 51, 11, 18, 3261855163, 3592772294, 8, 0, 149363103, 0
1, 51, 11, 18, 3261855163, 3592772294, 7, 1, 115984108, 0
1, 51, 11, 18, 3261855163, 3592772294, 7, 0, 147484217, 0
1, 51, 11, 18, 3261855163, 3592772294, 6, 1, 108608365, 0
1, 51, 11, 18, 3261855163, 3592772294, 6, 0, 142591632, 0
1, 51, 11, 18, 3261855163, 3592772294, 5, 1, 99852752, 0
1, 51, 11, 18, 3261855163, 3592772294, 5, 0, 138606897, 0
1, 51, 11, 18, 3261855163, 3592772294, 4, 1, 87297925, 0
1, 51, 11, 18, 3261855163, 3592772294, 4, 0, 129048690, 0
1, 51, 11, 18, 3261855163, 3592772294, 3, 1, 69615255, 0
1, 51, 11, 18, 3261855163, 3592772294, 3, 0, 117893151, 0
1, 51, 11, 18, 3261855163, 3592772294, 2, 1, 35367946, 0
1, 51, 11, 18, 3261855163, 3592772294, 2, 0, 88419863, 0
1, 51, 11, 18, 3261855163, 3592772294, 1, 1, 1, 1
1, 51, 11, 18, 3261855163, 3592772294, 1, 0, 1, 0
1, 51, 11, 18, 3261855163, 3592772294, 0, 1, 1, 1
1, 52, 11, 18, 3592772295, 3711463469, 8, 1, 121901955, 0
1, 52, 11, 18, 3592772295, 3711463469, 8, 0, 138048922, 0
1, 52, 11, 18, 3592772295, 3711463469, 7, 1, 116524642, 0
1, 52, 11, 18, 3592772295, 3711463469, 7, 0, 134301986, 0
1, 52, 11, 18, 3592772295, 3711463469, 6, 1, 109967007, 0
1, 52, 11, 18, 3592772295, 3711463469, 6, 0, 129306072, 0
1, 52, 11, 18, 3592772295, 3711463469, 5, 1, 100464317, 0
1, 52, 11, 18, 3592772295, 3711463469, 5, 0, 122311792, 0
1, 52, 11, 18, 3592772295, 3711463469, 4, 1, 90826987, 0
1, 52, 11, 18, 3592772295, 3711463469, 4, 0, 111820373, 0
1, 52, 11, 18, 3592772295, 3711463469, 3, 1, 75682612, 0
1, 52, 11, 18, 3592772295, 3711463469, 3, 0, 94334674, 0
1, 52, 11, 18, 3592772295, 3711463469, 2, 1, 48422737, 0
1, 52, 11, 18, 3592772295, 3711463469, 2, 0, 59363275, 0
1, 52, 11, 18, 3592772295, 3711463469, 1, 1, 1, 1
1, 52, 11, 18, 3592772295, 3711463469, 1, 0, 1, 0
1, 52, 11, 18, 3592772295, 3711463469, 0, 1, 1, 1
1, 53, 11, 18, 3711463470, 3740266917, 8, 1, 14090223, 0
1, 53, 11, 18, 3711463470, 3740266917, 8, 0, 29941724, 0
1, 53, 11, 18, 3711463470, 3740266917, 7, 1, 392966, 0
1, 53, 11, 18, 3711463470, 3740266917, 7, 0, 842070, 0
1, 53, 11, 18, 3711463470, 3740266917, 6, 1, 453422, 0
1, 53, 11, 18, 3711463470, 3740266917, 6, 0, 982415, 0
1, 53, 11, 18, 3711463470, 3740266917, 5, 1, 535863, 0
1, 53, 11, 18, 3711463470, 3740266917, 5, 0, 1178897, 0
1, 53, 11, 18, 3711463470, 3740266917, 4, 1, 654943, 0
1, 53, 11, 18, 3711463470, 3740266917, 4, 0, 1473622, 0
1, 53, 11, 18, 3711463470, 3740266917, 3, 1, 1, 1
1, 53, 11, 18, 3711463470, 3740266917, 3, 0, 1, 0
1, 53, 11, 18, 3711463470, 3740266917, 2, 1, 1, 1
1, 53, 11, 18, 3711463470, 3740266917, 2, 0, 1, 0
1, 53, 11, 18, 3711463470, 3740266917, 1, 1, 1, 1
1, 53, 11, 18, 3711463470, 3740266917, 1, 0, 1, 0
1, 53, 11, 18, 3711463470, 3740266917, 0, 1, 1, 1
1, 54, 11, 18, 3740266918, 3807892536, 8, 1, 136161585, 0
1, 54, 11, 18, 3740266918, 3807892536, 8, 0, 160323282, 0
1, 54, 11, 18, 3740266918, 3807892536, 7, 1, 127663139, 0
1, 54, 11, 18, 3740266918, 3807892536, 7, 0, 150306663, 0
1, 54, 11, 18, 3740266918, 3807892536, 6, 1, 121407716, 0
1, 54, 11, 18, 3740266918, 3807892536, 6, 0, 146449175, 0
1, 54, 11, 18, 3740266918, 3807892536, 5, 1, 112317133, 0
1, 54, 11, 18, 3740266918, 3807892536, 5, 0, 141048692, 0
1, 54, 11, 18, 3740266918, 3807892536, 4, 1, 103275069, 0
1, 54, 11, 18, 3740266918, 3807892536, 4, 0, 132947968, 0
1, 54, 11, 18, 3740266918, 3807892536, 3, 1, 80924966, 0
1, 54, 11, 18, 3740266918, 3807892536, 3, 0, 100450753, 0
1, 54, 11, 18, 3740266918, 3807892536, 2, 1, 52092384, 0
1, 54, 11, 18, 3740266918, 3807892536, 2, 0, 63950335, 0
1, 54, 11, 18, 3740266918, 3807892536, 1, 1, 1, 1
1, 54, 11, 18, 3740266918, 3807892536, 1, 0, 1, 0
1, 54, 11, 18, 3740266918, 3807892536, 0, 1, 1, 1
1, 55, 11, 18, 3807892537, 3822603377, 8, 1, 87126297, 0
1, 55, 11, 18, 3807892537, 3822603377, 8, 0, 98208353, 0
1, 55, 11, 18, 3807892537, 3822603377, 7, 1, 79132510, 0
1, 55, 11, 18, 3807892537, 3822603377, 7, 0, 92234816, 0
1, 55, 11, 18, 3807892537, 3822603377, 6, 1, 91306742, 0
1, 55, 11, 18, 3807892537, 3822603377, 6, 0, 107607285, 0
1, 55, 11, 18, 3807892537, 3822603377, 5, 1, 87474086, 0
1, 55, 11, 18, 3807892537, 3822603377, 5, 0, 107796900, 0
1, 55, 11, 18, 3807892537, 3822603377, 4, 1, 100746919, 0
1, 55, 11, 18, 3807892537, 3822603377, 4, 0, 134746125, 0
1, 55, 11, 18, 3807892537, 3822603377, 3, 1, 63022802, 0
1, 55, 11, 18, 3807892537, 3822603377, 3, 0, 101152130, 0
1, 55, 11, 18, 3807892537, 3822603377, 2, 1, 57969440, 0
1, 55, 11, 18, 3807892537, 3822603377, 2, 0, 101273859, 0
1, 55, 11, 18, 3807892537, 3822603377, 1, 1, 29099827, 1
1, 55, 11, 18, 3807892537, 3822603377, 1, 0, 1, 0
1, 55, 11, 18, 3807892537, 3822603377, 0, 1, 87299481, 1
1, 56, 11, 18, 3822603378, 3839335085, 8, 1, 139915422, 0
1, 56, 11, 18, 3822603378, 3839335085, 8, 0, 132214927, 0
1, 56, 11, 18, 3822603378, 3839335085, 7, 1, 125054960, 0
1, 56, 11, 18, 3822603378, 3839335085, 7, 0, 119791164, 0
1, 56, 11, 18, 3822603378, 3839335085, 6, 1, 107934988, 0
1, 56, 11, 18, 3822603378, 3839335085, 6, 0, 98880848, 0
1, 56, 11, 18, 3822603378, 3839335085, 5, 1, 99307926, 0
1, 56, 11, 18, 3822603378, 3839335085, 5, 0, 97566641, 0
1, 56, 11, 18, 3822603378, 3839335085, 4, 1, 70737444, 0
1, 56, 11, 18, 3822603378, 3839335085, 4, 0, 65035860, 0
1, 56, 11, 18, 3822603378, 3839335085, 3, 1, 30275447, 0
1, 56, 11, 18, 3822603378, 3839335085, 3, 0, 16903864, 0
1, 56, 11, 18, 3822603378, 3839335085, 2, 1, 438717, 1
1, 56, 11, 18, 3822603378, 3839335085, 2, 0, 1, 0
1, 56, 11, 18, 3822603378, 3839335085, 1, 1, 1, 1
1, 56, 11, 18, 3822603378, 3839335085, 1, 0, 1, 0
1, 56, 11, 18, 3822603378, 3839335085, 0, 1, 1, 1
1, 57, 11, 18, 3839335086, 3847442391, 8, 1, 264299769, 0
1, 57, 11, 18, 3839335086, 3847442391, 8, 0, 236817569, 0
1, 57, 11, 18, 3839335086, 3847442391, 7, 1, 209221448, 0
1, 57, 11, 18, 3839335086, 3847442391, 7, 0, 178477285, 0
1, 57, 11, 18, 3839335086, 3847442391, 6, 1, 169684122, 0
1, 57, 11, 18, 3839335086, 3847442391, 6, 0, 161724610, 0
1, 57, 11, 18, 3839335086, 3847442391, 5, 1, 144579518, 0
1, 57, 11, 18, 3839335086, 3847442391, 5, 0, 130164472, 0
1, 57, 11, 18, 3839335086, 3847442391, 4, 1, 116942131, 0
1, 57, 11, 18, 3839335086, 3847442391, 4, 0, 115820805, 0
1, 57, 11, 18, 3839335086, 3847442391, 3, 1, 73695163, 0
1, 57, 11, 18, 3839335086, 3847442391, 3, 0, 69165052, 0
1, 57, 11, 18, 3839335086, 3847442391, 2, 1, 17075865, 1
1, 57, 11, 18, 3839335086, 3847442391, 2, 0, 1, 0
1, 57, 11, 18, 3839335086, 3847442391, 1, 1, 1, 1
1, 57, 11, 18, 3839335086, 3847442391, 1, 0, 1, 0
1, 57, 11, 18, 3839335086, 3847442391, 0, 1, 1, 1
1, 58, 11, 18, 3847442392, 3858821920, 8, 1, 285258899, 0
1, 58, 11, 18, 3847442392, 3858821920, 8, 0, 291321683, 0
1, 58, 11, 18, 3847442392, 3858821920, 7, 1, 234935466, 0
1, 58, 11, 18, 3847442392, 3858821920, 7, 0, 239111391, 0
1, 58, 11, 18, 3847442392, 3858821920, 6, 1, 180236944, 0
1, 58, 11, 18, 3847442392, 3858821920, 6, 0, 174182914, 0
1, 58, 11, 18, 3847442392, 3858821920, 5, 1, 152392813, 0
1, 58, 11, 18, 3847442392, 3858821920, 5, 0, 145716196, 0
1, 58, 11, 18, 3847442392, 3858821920, 4, 1, 96891467, 0
1, 58, 11, 18, 3847442392, 3858821920, 4, 0, 85799486, 0
1, 58, 11, 18, 3847442392, 3858821920, 3, 1, 59858157, 0
1, 58, 11, 18, 3847442392, 3858821920, 3, 0, 37019457, 0
1, 58, 11, 18, 3847442392, 3858821920, 2, 1, 34905279, 0
1, 58, 11, 18, 3847442392, 3858821920, 2, 0, 29164837, 0
1, 58, 11, 18, 3847442392, 3858821920, 1, 1, 33898650, 0
1, 58, 11, 18, 3847442392, 3858821920, 1, 0, 58329674, 0
1, 58, 11, 18, 3847442392, 3858821920, 0, 1, 1, 1
1, 59, 11, 18, 3858821921, 3866912767, 8, 1, 361742099, 0
1, 59, 11, 18, 3858821921, 3866912767, 8, 0, 347216408, 0
1, 59, 11, 18, 3858821921, 3866912767, 7, 1, 349834098, 0
1, 59, 11, 18, 3858821921, 3866912767, 7, 0, 336308196, 0
1, 59, 11, 18, 3858821921, 3866912767, 6, 1, 292148920, 0
1, 59, 11, 18, 3858821921, 3866912767, 6, 0, 255778561, 0
1, 59, 11, 18, 3858821921, 3866912767, 5, 1, 219980626, 0
1, 59, 11, 18, 3858821921, 3866912767, 5, 0, 172491997, 0
1, 59, 11, 18, 3858821921, 3866912767, 4, 1, 214590961, 0
1, 59, 11, 18, 3858821921, 3866912767, 4, 0, 157254433, 0
1, 59, 11, 18, 3858821921, 3866912767, 3, 1, 193535320, 0
1, 59, 11, 18, 3858821921, 3866912767, 3, 0, 209672577, 0
1, 59, 11, 18, 3858821921, 3866912767, 2, 1, 212742417, 0
1, 59, 11, 18, 3858821921, 3866912767, 2, 0, 314508865, 0
1, 59, 11, 18, 3858821921, 3866912767, 1, 1, 228825661, 0
1, 59, 11, 18, 3858821921, 3866912767, 1, 0, 414024551, 0
1, 59, 11, 18, 3858821921, 3866912767, 0, 1, 144664763, 1
1, 60, 11, 18, 3866912768, 3867848215, 8, 1, 95722618, 1
1, 60, 11, 18, 3866912768, 3867848215, 8, 0, 66886908, 0
1, 60, 11, 18, 3866912768, 3867848215, 7, 1, 52431804, 1
1, 60, 11, 18, 3866912768, 3867848215, 7, 0, 22421710, 0
1, 60, 11, 18, 3866912768, 3867848215, 6, 1, 60498235, 1
1, 60, 11, 18, 3866912768, 3867848215, 6, 0, 26158662, 0
1, 60, 11, 18, 3866912768, 3867848215, 5, 1, 71497914, 1
1, 60, 11, 18, 3866912768, 3867848215, 5, 0, 31390394, 0
1, 60, 11, 18, 3866912768, 3867848215, 4, 1, 51327178, 1
1, 60, 11, 18, 3866912768, 3867848215, 4, 0, 9590654, 0
1, 60, 11, 18, 3866912768, 3867848215, 3, 1, 61882019, 1
1, 60, 11, 18, 3866912768, 3867848215, 3, 0, 3197384, 0
1, 60, 11, 18, 3866912768, 3867848215, 2, 1, 20698821, 1
1, 60, 11, 18, 3866912768, 3867848215, 2, 0, 1, 0
1, 60, 11, 18, 3866912768, 3867848215, 1, 1, 34498034, 1
1, 60, 11, 18, 3866912768, 3867848215, 1, 0, 1, 0
1, 60, 11, 18, 3866912768, 3867848215, 0, 1, 88843246, 1
1, 61, 11, 18, 3867848216, 3869076035, 8, 1, 7263558, 1
1, 61, 11, 18, 3867848216, 3869076035, 8, 0, 1230110, 0
1, 61, 11, 18, 3867848216, 3869076035, 7, 1, 7166763, 1
1, 61, 11, 18, 3867848216, 3869076035, 7, 0, 945823, 0
1, 61, 11, 18, 3867848216, 3869076035, 6, 1, 6496350, 1
1, 61, 11, 18, 3867848216, 3869076035, 6, 0, 1103461, 0
1, 61, 11, 18, 3867848216, 3869076035, 5, 1, 7424373, 1
1, 61, 11, 18, 3867848216, 3869076035, 5, 0, 1324153, 0
1, 61, 11, 18, 3867848216, 3869076035, 4, 1, 8165423, 1
1, 61, 11, 18, 3867848216, 3869076035, 4, 0, 1284574, 0
1, 61, 11, 18, 3867848216, 3869076035, 3, 1, 9016925, 1
1, 61, 11, 18, 3867848216, 3869076035, 3, 0, 1712765, 0
1, 61, 11, 18, 3867848216, 3869076035, 2, 1, 8981885, 1
1, 61, 11, 18, 3867848216, 3869076035, 2, 0, 999162, 0
1, 61, 11, 18, 3867848216, 3869076035, 1, 1, 8069765, 1
1, 61, 11, 18, 3867848216, 3869076035, 1, 0, 1, 0
1, 61, 11, 18, 3867848216, 3869076035, 0, 1, 10215556, 1
1, 62, 11, 18, 3869076036, 3872133743, 8, 1, 7268312, 1
1, 62, 11, 18, 3869076036, 3872133743, 8, 0, 1617284, 0
1, 62, 11, 18, 3869076036, 3872133743, 7, 1, 7106545, 1
1, 62, 11, 18, 3869076036, 3872133743, 7, 0, 1485726, 0
1, 62, 11, 18, 3869076036, 3872133743, 6, 1, 7173142, 1
1, 62, 11, 18, 3869076036, 3872133743, 6, 0, 1391244, 0
1, 62, 11, 18, 3869076036, 3872133743, 5, 1, 7244480, 1
1, 62, 11, 18, 3869076036, 3872133743, 5, 0, 1669492, 0
1, 62, 11, 18, 3869076036, 3872133743, 4, 1, 7292812, 1
1, 62, 11, 18, 3869076036, 3872133743, 4, 0, 1789578, 0
1, 62, 11, 18, 3869076036, 3872133743, 3, 1, 7142493, 1
1, 62, 11, 18, 3869076036, 3872133743, 3, 0, 1561152, 0
1, 62, 11, 18, 3869076036, 3872133743, 2, 1, 6873483, 1
1, 62, 11, 18, 3869076036, 3872133743, 2, 0, 1253155, 0
1, 62, 11, 18, 3869076036, 3872133743, 1, 1, 7168067, 1
1, 62, 11, 18, 3869076036, 3872133743, 1, 0, 1553346, 0
1, 62, 11, 18, 3869076036, 3872133743, 0, 1, 11823377, 1
1, 63, 11, 18, 3872133744, 3880377972, 8, 1, 149167466, 1
1, 63, 11, 18, 3872133744, 3880377972, 8, 0, 101938713, 0
1, 63, 11, 18, 3872133744, 3880377972, 7, 1, 148416188, 1
1, 63, 11, 18, 3872133744, 3880377972, 7, 0, 116501386, 0
1, 63, 11, 18, 3872133744, 3880377972, 6, 1, 169949655, 1
1, 63, 11, 18, 3872133744, 3880377972, 6, 0, 135918284, 0
1, 63, 11, 18, 3872133744, 3880377972, 5, 1, 145751963, 1
1, 63, 11, 18, 3872133744, 3880377972, 5, 0, 98093376, 0
1, 63, 11, 18, 3872133744, 3880377972, 4, 1, 95122164, 1
1, 63, 11, 18, 3872133744, 3880377972, 4, 0, 30885173, 0
1, 63, 11, 18, 3872133744, 3880377972, 3, 1, 117213327, 1
1, 63, 11, 18, 3872133744, 3880377972, 3, 0, 41180231, 0
1, 63, 11, 18, 3872133744, 3880377972, 2, 1, 159186365, 1
1, 63, 11, 18, 3872133744, 3880377972, 2, 0, 61770346, 0
1, 63, 11, 18, 3872133744, 3880377972, 1, 1, 160558453, 1
1, 63, 11, 18, 3872133744, 3880377972, 1, 0, 98377322, 0
1, 63, 11, 18, 3872133744, 3880377972, 0, 1, 171165898, 1
1, 64, 11, 18, 3880377973, 3888977983, 8, 1, 58869579, 0
1, 64, 11, 18, 3880377973, 3888977983, 8, 0, 64208477, 0
1, 64, 11, 18, 3880377973, 3888977983, 7, 1, 53925581, 0
1, 64, 11, 18, 3880377973, 3888977983, 7, 0, 45966956, 0
1, 64, 11, 18, 3880377973, 3888977983, 6, 1, 60730670, 0
1, 64, 11, 18, 3880377973, 3888977983, 6, 0, 53628115, 0
1, 64, 11, 18, 3880377973, 3888977983, 5, 1, 41046076, 0
1, 64, 11, 18, 3880377973, 3888977983, 5, 0, 30904324, 0
1, 64, 11, 18, 3880377973, 3888977983, 4, 1, 37834773, 1
1, 64, 11, 18, 3880377973, 3888977983, 4, 0, 10881935, 0
1, 64, 11, 18, 3880377973, 3888977983, 3, 1, 48644708, 1
1, 64, 11, 18, 3880377973, 3888977983, 3, 0, 14509246, 0
1, 64, 11, 18, 3880377973, 3888977983, 2, 1, 51183867, 1
1, 64, 11, 18, 3880377973, 3888977983, 2, 0, 21763869, 0
1, 64, 11, 18, 3880377973, 3888977983, 1, 1, 55342752, 0
1, 64, 11, 18, 3880377973, 3888977983, 1, 0, 43527738, 0
1, 64, 11, 18, 3880377973, 3888977983, 0, 1, 24235456, 1
1, 65, 11, 18, 3888977984, 3890057581, 8, 1, 42923741, 0
1, 65, 11, 18, 3888977984, 3890057581, 8, 0, 13818753, 0
1, 65, 11, 18, 3888977984, 3890057581, 7, 1, 37038454, 0
1, 65, 11, 18, 3888977984, 3890057581, 7, 0, 15792861, 0
1, 65, 11, 18, 3888977984, 3890057581, 6, 1, 42736678, 0
1, 65, 11, 18, 3888977984, 3890057581, 6, 0, 18425004, 0
1, 65, 11, 18, 3888977984, 3890057581, 5, 1, 23678372, 0
1, 65, 11, 18, 3888977984, 3890057581, 5, 0, 22110005, 0
1, 65, 11, 18, 3888977984, 3890057581, 4, 1, 179520, 0
1, 65, 11, 18, 3888977984, 3890057581, 4, 0, 403920, 0
1, 65, 11, 18, 3888977984, 3890057581, 3, 1, 1, 1
1, 65, 11, 18, 3888977984, 3890057581, 3, 0, 1, 0
1, 65, 11, 18, 3888977984, 3890057581, 2, 1, 1, 1
1, 65, 11, 18, 3888977984, 3890057581, 2, 0, 1, 0
1, 65, 11, 18, 3888977984, 3890057581, 1, 1, 1, 1
1, 65, 11, 18, 3888977984, 3890057581, 1, 0, 1, 0
1, 65, 11, 18, 3888977984, 3890057581, 0, 1, 1, 1
1, 66, 11, 18, 3890057582, 3894360881, 8, 1, 5126557, 1
1, 66, 11, 18, 3890057582, 3894360881, 8, 0, 246778, 0
1, 66, 11, 18, 3890057582, 3894360881, 7, 1, 4894595, 1
1, 66, 11, 18, 3890057582, 3894360881, 7, 0, 175079, 0
1, 66, 11, 18, 3890057582, 3894360881, 6, 1, 4723585, 1
1, 66, 11, 18, 3890057582, 3894360881, 6, 0, 204259, 0
1, 66, 11, 18, 3890057582, 3894360881, 5, 1, 4683565, 1
1, 66, 11, 18, 3890057582, 3894360881, 5, 0, 204953, 0
1, 66, 11, 18, 3890057582, 3894360881, 4, 1, 4349433, 1
1, 66, 11, 18, 3890057582, 3894360881, 4, 0, 256192, 0
1, 66, 11, 18, 3890057582, 3894360881, 3, 1, 4010909, 1
1, 66, 11, 18, 3890057582, 3894360881, 3, 0, 1, 0
1, 66, 11, 18, 3890057582, 3894360881, 2, 1, 5583842, 1
1, 66, 11, 18, 3890057582, 3894360881, 2, 0, 1, 0
1, 66, 11, 18, 3890057582, 3894360881, 1, 1, 5902949, 1
1, 66, 11, 18, 3890057582, 3894360881, 1, 0, 1, 0
1, 66, 11, 18, 3890057582, 3894360881, 0, 1, 8317175, 1
1, 67, 11, 18, 3894360882, 3899870100, 8, 1, 69697847, 1
1, 67, 11, 18, 3894360882, 3899870100, 8, 0, 33134895, 0
1, 67, 11, 18, 3894360882, 3899870100, 7, 1, 74766884, 1
1, 67, 11, 18, 3894360882, 3899870100, 7, 0, 37868451, 0
1, 67, 11, 18, 3894360882, 3899870100, 6, 1, 72544773, 1
1, 67, 11, 18, 3894360882, 3899870100, 6, 0, 44179859, 0
1, 67, 11, 18, 3894360882, 3899870100, 5, 1, 80303333, 1
1, 67, 11, 18, 3894360882, 3899870100, 5, 0, 41066756, 0
1, 67, 11, 18, 3894360882, 3899870100, 4, 1, 92648824, 1
1, 67, 11, 18, 3894360882, 3899870100, 4, 0, 51333445, 0
1, 67, 11, 18, 3894360882, 3899870100, 3, 1, 108464359, 1
1, 67, 11, 18, 3894360882, 3899870100, 3, 0, 68140306, 0
1, 67, 11, 18, 3894360882, 3899870100, 2, 1, 114460991, 1
1, 67, 11, 18, 3894360882, 3899870100, 2, 0, 95511126, 0
1, 67, 11, 18, 3894360882, 3899870100, 1, 1, 111403125, 1
1, 67, 11, 18, 3894360882, 3899870100, 1, 0, 49717609, 0
1, 67, 11, 18, 3894360882, 3899870100, 0, 1, 209192736, 1
1, 68, 11, 18, 3899870101, 3900950170, 8, 1, 108452283, 1
1, 68, 11, 18, 3899870101, 3900950170, 8, 0, 84679130, 0
1, 68, 11, 18, 3899870101, 3900950170, 7, 1, 109729089, 1
1, 68, 11, 18, 3899870101, 3900950170, 7, 0, 79594354, 0
1, 68, 11, 18, 3899870101, 3900950170, 6, 1, 103952647, 1
1, 68, 11, 18, 3899870101, 3900950170, 6, 0, 75858259, 0
1, 68, 11, 18, 3899870101, 3900950170, 5, 1, 104000543, 1
1, 68, 11, 18, 3899870101, 3900950170, 5, 0, 76256880, 0
1, 68, 11, 18, 3899870101, 3900950170, 4, 1, 106768605, 1
1, 68, 11, 18, 3899870101, 3900950170, 4, 0, 65453226, 0
1, 68, 11, 18, 3899870101, 3900950170, 3, 1, 122584140, 1
1, 68, 11, 18, 3899870101, 3900950170, 3, 0, 82260087, 0
1, 68, 11, 18, 3899870101, 3900950170, 2, 1, 128580772, 1
1, 68, 11, 18, 3899870101, 3900950170, 2, 0, 109630907, 0
1, 68, 11, 18, 3899870101, 3900950170, 1, 1, 125522906, 1
1, 68, 11, 18, 3899870101, 3900950170, 1, 0, 63837390, 0
1, 68, 11, 18, 3899870101, 3900950170, 0, 1, 223312517, 1
1, 69, 11, 18, 3900950171, 3907466608, 8, 1, 73570806, 1
1, 69, 11, 18, 3900950171, 3907466608, 8, 0, 25621887, 0
1, 69, 11, 18, 3900950171, 3907466608, 7, 1, 74786413, 1
1, 69, 11, 18, 3900950171, 3907466608, 7, 0, 26109541, 0
1, 69, 11, 18, 3900950171, 3907466608, 6, 1, 73748627, 1
1, 69, 11, 18, 3900950171, 3907466608, 6, 0, 24251361, 0
1, 69, 11, 18, 3900950171, 3907466608, 5, 1, 73641156, 1
1, 69, 11, 18, 3900950171, 3907466608, 5, 0, 22925079, 0
1, 69, 11, 18, 3900950171, 3907466608, 4, 1, 74238658, 1
1, 69, 11, 18, 3900950171, 3907466608, 4, 0, 21684251, 0
1, 69, 11, 18, 3900950171, 3907466608, 3, 1, 79154666, 1
1, 69, 11, 18, 3900950171, 3907466608, 3, 0, 22387946, 0
1, 69, 11, 18, 3900950171, 3907466608, 2, 1, 84000645, 1
1, 69, 11, 18, 3900950171, 3907466608, 2, 0, 29235357, 0
1, 69, 11, 18, 3900950171, 3907466608, 1, 1, 83725929, 1
1, 69, 11, 18, 3900950171, 3907466608, 1, 0, 24288997, 0
1, 69, 11, 18, 3900950171, 3907466608, 0, 1, 104278391, 1
1, 70, 11, 18, 3907466609, 3913252952, 8, 1, 37544872, 0
1, 70, 11, 18, 3907466609, 3913252952, 8, 0, 26891861, 0
1, 70, 11, 18, 3907466609, 3913252952, 7, 1, 34844287, 0
1, 70, 11, 18, 3907466609, 3913252952, 7, 0, 23161179, 0
1, 70, 11, 18, 3907466609, 3913252952, 6, 1, 37902303, 0
1, 70, 11, 18, 3907466609, 3913252952, 6, 0, 27021376, 0
1, 70, 11, 18, 3907466609, 3913252952, 5, 1, 42650950, 0
1, 70, 11, 18, 3907466609, 3913252952, 5, 0, 32425651, 0
1, 70, 11, 18, 3907466609, 3913252952, 4, 1, 46120037, 0
1, 70, 11, 18, 3907466609, 3913252952, 4, 0, 40532063, 0
1, 70, 11, 18, 3907466609, 3913252952, 3, 1, 38954004, 0
1, 70, 11, 18, 3907466609, 3913252952, 3, 0, 15423453, 0
1, 70, 11, 18, 3907466609, 3913252952, 2, 1, 44609597, 0
1, 70, 11, 18, 3907466609, 3913252952, 2, 0, 23135180, 0
1, 70, 11, 18, 3907466609, 3913252952, 1, 1, 32985439, 0
1, 70, 11, 18, 3907466609, 3913252952, 1, 0, 46270359, 0
1, 70, 11, 18, 3907466609, 3913252952, 0, 1, 14574779, 1
1, 71, 11, 18, 3913252953, 3920188791, 8, 1, 9532438, 1
1, 71, 11, 18, 3913252953, 3920188791, 8, 0, 4605963, 0
1, 71, 11, 18, 3913252953, 3920188791, 7, 1, 9864399, 1
1, 71, 11, 18, 3913252953, 3920188791, 7, 0, 4937962, 0
1, 71, 11, 18, 3913252953, 3920188791, 6, 1, 9222257, 1
1, 71, 11, 18, 3913252953, 3920188791, 6, 0, 4343196, 0
1, 71, 11, 18, 3913252953, 3920188791, 5, 1, 7775819, 1
1, 71, 11, 18, 3913252953, 3920188791, 5, 0, 3715845, 0
1, 71, 11, 18, 3913252953, 3920188791, 4, 1, 6299215, 1
1, 71, 11, 18, 3913252953, 3920188791, 4, 0, 3898626, 0
1, 71, 11, 18, 3913252953, 3920188791, 3, 1, 4184984, 1
1, 71, 11, 18, 3913252953, 3920188791, 3, 0, 109850, 0
1, 71, 11, 18, 3913252953, 3920188791, 2, 1, 5045726, 1
1, 71, 11, 18, 3913252953, 3920188791, 2, 0, 1, 0
1, 71, 11, 18, 3913252953, 3920188791, 1, 1, 5822232, 1
1, 71, 11, 18, 3913252953, 3920188791, 1, 0, 1, 0
1, 71, 11, 18, 3913252953, 3920188791, 0, 1, 8563222, 1
1, 72, 11, 18, 3920188792, 3926730845, 8, 1, 60111624, 1
1, 72, 11, 18, 3920188792, 3926730845, 8, 0, 32298136, 0
1, 72, 11, 18, 3920188792, 3926730845, 7, 1, 63639188, 1
1, 72, 11, 18, 3920188792, 3926730845, 7, 0, 27296470, 0
1, 72, 11, 18, 3920188792, 3926730845, 6, 1, 67376533, 1
1, 72, 11, 18, 3920188792, 3926730845, 6, 0, 31845881, 0
1, 72, 11, 18, 3920188792, 3926730845, 5, 1, 76635180, 1
1, 72, 11, 18, 3920188792, 3926730845, 5, 0, 31633468, 0
1, 72, 11, 18, 3920188792, 3926730845, 4, 1, 77499025, 1
1, 72, 11, 18, 3920188792, 3926730845, 4, 0, 24110613, 0
1, 72, 11, 18, 3920188792, 3926730845, 3, 1, 87840289, 1
1, 72, 11, 18, 3920188792, 3926730845, 3, 0, 32147484, 0
1, 72, 11, 18, 3920188792, 3926730845, 2, 1, 85774224, 1
1, 72, 11, 18, 3920188792, 3926730845, 2, 0, 1, 0
1, 72, 11, 18, 3920188792, 3926730845, 1, 1, 102905749, 1
1, 72, 11, 18, 3920188792, 3926730845, 1, 0, 1, 0
1, 72, 11, 18, 3920188792, 3926730845, 0, 1, 123436200, 1
1, 73, 11, 18, 3926730846, 3928387047, 8, 1, 9815607, 1
1, 73, 11, 18, 3926730846, 3928387047, 8, 0, 4937088, 0
1, 73, 11, 18, 3926730846, 3928387047, 7, 1, 9300982, 1
1, 73, 11, 18, 3926730846, 3928387047, 7, 0, 4338209, 0
1, 73, 11, 18, 3926730846, 3928387047, 6, 1, 8931677, 1
1, 73, 11, 18, 3926730846, 3928387047, 6, 0, 3981503, 0
1, 73, 11, 18, 3926730846, 3928387047, 5, 1, 8232943, 1
1, 73, 11, 18, 3926730846, 3928387047, 5, 0, 3097417, 0
1, 73, 11, 18, 3926730846, 3928387047, 4, 1, 8384561, 1
1, 73, 11, 18, 3926730846, 3928387047, 4, 0, 3084891, 0
1, 73, 11, 18, 3926730846, 3928387047, 3, 1, 7175991, 1
1, 73, 11, 18, 3926730846, 3928387047, 3, 0, 497659, 0
1, 73, 11, 18, 3926730846, 3928387047, 2, 1, 6914029, 1
1, 73, 11, 18, 3926730846, 3928387047, 2, 0, 181400, 0
1, 73, 11, 18, 3926730846, 3928387047, 1, 1, 7616452, 1
1, 73, 11, 18, 3926730846, 3928387047, 1, 0, 1, 0
1, 73, 11, 18, 3926730846, 3928387047, 0, 1, 12077533, 1
1, 74, 11, 18, 3928387048, 3958013063, 8, 1, 5156217, 0
1, 74, 11, 18, 3928387048, 3958013063, 8, 0, 7981898, 0
1, 74, 11, 18, 3928387048, 3958013063, 7, 1, 5843712, 0
1, 74, 11, 18, 3928387048, 3958013063, 7, 0, 9122169, 0
1, 74, 11, 18, 3928387048, 3958013063, 6, 1, 5047258, 0
1, 74, 11, 18, 3928387048, 3958013063, 6, 0, 6968974, 0
1, 74, 11, 18, 3928387048, 3958013063, 5, 1, 2244699, 0
1, 74, 11, 18, 3928387048, 3958013063, 5, 0, 4938338, 0
1, 74, 11, 18, 3928387048, 3958013063, 4, 1, 2743521, 0
1, 74, 11, 18, 3928387048, 3958013063, 4, 0, 6172922, 0
1, 74, 11, 18, 3928387048, 3958013063, 3, 1, 81027, 0
1, 74, 11, 18, 3928387048, 3958013063, 3, 0, 189063, 0
1, 74, 11, 18, 3928387048, 3958013063, 2, 1, 1, 1
1, 74, 11, 18, 3928387048, 3958013063, 2, 0, 1, 0
1, 74, 11, 18, 3928387048, 3958013063, 1, 1, 1, 1
1, 74, 11, 18, 3928387048, 3958013063, 1, 0, 1, 0
1, 74, 11, 18, 3928387048, 3958013063, 0, 1, 1, 1
1, 75, 11, 18, 3958013064, 3964604465, 8, 1, 10600899, 0
1, 75, 11, 18, 3958013064, 3964604465, 8, 0, 20391759, 0
1, 75, 11, 18, 3958013064, 3964604465, 7, 1, 12014353, 0
1, 75, 11, 18, 3958013064, 3964604465, 7, 0, 23304867, 0
1, 75, 11, 18, 3958013064, 3964604465, 6, 1, 13862714, 0
1, 75, 11, 18, 3958013064, 3964604465, 6, 0, 27189012, 0
1, 75, 11, 18, 3958013064, 3964604465, 5, 1, 16383208, 0
1, 75, 11, 18, 3958013064, 3964604465, 5, 0, 32626814, 0
1, 75, 11, 18, 3958013064, 3964604465, 4, 1, 18126008, 0
1, 75, 11, 18, 3958013064, 3964604465, 4, 0, 40783517, 0
1, 75, 11, 18, 3958013064, 3964604465, 3, 1, 16285481, 0
1, 75, 11, 18, 3958013064, 3964604465, 3, 0, 37999455, 0
1, 75, 11, 18, 3958013064, 3964604465, 2, 1, 22799673, 0
1, 75, 11, 18, 3958013064, 3964604465, 2, 0, 56999182, 0
1, 75, 11, 18, 3958013064, 3964604465, 1, 1, 10717422, 0
1, 75, 11, 18, 3958013064, 3964604465, 1, 0, 32152266, 0
1, 75, 11, 18, 3958013064, 3964604465, 0, 1, 1, 1
1, 76, 11, 18, 3964604466, 3982474729, 8, 1, 57409892, 0
1, 76, 11, 18, 3964604466, 3982474729, 8, 0, 55187403, 0
1, 76, 11, 18, 3964604466, 3982474729, 7, 1, 50566060, 0
1, 76, 11, 18, 3964604466, 3982474729, 7, 0, 53342912, 0
1, 76, 11, 18, 3964604466, 3982474729, 6, 1, 57616286, 0
1, 76, 11, 18, 3964604466, 3982474729, 6, 0, 62233397, 0
1, 76, 11, 18, 3964604466, 3982474729, 5, 1, 50459923, 0
1, 76, 11, 18, 3964604466, 3982474729, 5, 0, 74680076, 0
1, 76, 11, 18, 3964604466, 3982474729, 4, 1, 42647655, 0
1, 76, 11, 18, 3964604466, 3982474729, 4, 0, 93350095, 0
1, 76, 11, 18, 3964604466, 3982474729, 3, 1, 54832699, 0
1, 76, 11, 18, 3964604466, 3982474729, 3, 0, 124466793, 0
1, 76, 11, 18, 3964604466, 3982474729, 2, 1, 38072605, 0
1, 76, 11, 18, 3964604466, 3982474729, 2, 0, 95181512, 0
1, 76, 11, 18, 3964604466, 3982474729, 1, 1, 1, 1
1, 76, 11, 18, 3964604466, 3982474729, 1, 0, 1, 0
1, 76, 11, 18, 3964604466, 3982474729, 0, 1, 1, 1
