2, 1, 12, 16, 1, 99949568, 7, 3, 29846151, 1
2, 1, 12, 16, 1, 99949568, 7, 2, 24808958, 1
2, 1, 12, 16, 1, 99949568, 7, 1, 23810578, 1
2, 1, 12, 16, 1, 99949568, 7, 0, 13227838, 0
2, 1, 12, 16, 1, 99949568, 6, 3, 21172830, 1
2, 1, 12, 16, 1, 99949568, 6, 2, 17857934, 1
2, 1, 12, 16, 1, 99949568, 6, 1, 27473744, 1
2, 1, 12, 16, 1, 99949568, 6, 0, 15432478, 0
2, 1, 12, 16, 1, 99949568, 5, 3, 18795041, 1
2, 1, 12, 16, 1, 99949568, 5, 2, 21009334, 1
2, 1, 12, 16, 1, 99949568, 5, 1, 32468970, 1
2, 1, 12, 16, 1, 99949568, 5, 0, 18518973, 0
2, 1, 12, 16, 1, 99949568, 4, 3, 17826807, 0
2, 1, 12, 16, 1, 99949568, 4, 2, 18827290, 1
2, 1, 12, 16, 1, 99949568, 4, 1, 29286895, 1
2, 1, 12, 16, 1, 99949568, 4, 0, 23148717, 0
2, 1, 12, 16, 1, 99949568, 3, 3, 11399146, 1
2, 1, 12, 16, 1, 99949568, 3, 2, 15544290, 1
2, 1, 12, 16, 1, 99949568, 3, 1, 24426741, 1
2, 1, 12, 16, 1, 99949568, 3, 0, 1, 0
2, 1, 12, 16, 1, 99949568, 2, 3, 13708978, 1
2, 1, 12, 16, 1, 99949568, 2, 2, 18849844, 1
2, 1, 12, 16, 1, 99949568, 2, 1, 30159751, 1
2, 1, 12, 16, 1, 99949568, 2, 0, 1, 0
2, 1, 12, 16, 1, 99949568, 1, 3, 21155233, 1
2, 1, 12, 16, 1, 99949568, 1, 2, 29617327, 1
2, 1, 12, 16, 1, 99949568, 1, 1, 49362211, 1
2, 1, 12, 16, 1, 99949568, 1, 0, 1, 0
2, 1, 12, 16, 1, 99949568, 0, 3, 22484962, 1
2, 1, 12, 16, 1, 99949568, 0, 2, 33727443, 1
2, 1, 12, 16, 1, 99949568, 0, 1, 67454886, 1
2, 2, 12, 16, 99949569, 185638808, 7, 3, 246667527, 1
2, 2, 12, 16, 99949569, 185638808, 7, 2, 256687520, 1
2, 2, 12, 16, 99949569, 185638808, 7, 1, 244705222, 1
2, 2, 12, 16, 99949569, 185638808, 7, 0, 210327367, 0
2, 2, 12, 16, 99949569, 185638808, 6, 3, 246314810, 1
2, 2, 12, 16, 99949569, 185638808, 6, 2, 274692686, 1
2, 2, 12, 16, 99949569, 185638808, 6, 1, 250816853, 1
2, 2, 12, 16, 99949569, 185638808, 6, 0, 200594507, 0
2, 2, 12, 16, 99949569, 185638808, 5, 3, 266959321, 1
2, 2, 12, 16, 99949569, 185638808, 5, 2, 306241542, 1
2, 2, 12, 16, 99949569, 185638808, 5, 1, 282547339, 1
2, 2, 12, 16, 99949569, 185638808, 5, 0, 240713408, 0
2, 2, 12, 16, 99949569, 185638808, 4, 3, 264752613, 1
2, 2, 12, 16, 99949569, 185638808, 4, 2, 292595820, 1
2, 2, 12, 16, 99949569, 185638808, 4, 1, 285345692, 1
2, 2, 12, 16, 99949569, 185638808, 4, 0, 207100142, 0
2, 2, 12, 16, 99949569, 185638808, 3, 3, 295129988, 1
2, 2, 12, 16, 99949569, 185638808, 3, 2, 317544695, 0
2, 2, 12, 16, 99949569, 185638808, 3, 1, 350875647, 1
2, 2, 12, 16, 99949569, 185638808, 3, 0, 272096406, 0
2, 2, 12, 16, 99949569, 185638808, 2, 3, 339040004, 1
2, 2, 12, 16, 99949569, 185638808, 2, 2, 349435234, 1
2, 2, 12, 16, 99949569, 185638808, 2, 1, 351723951, 1
2, 2, 12, 16, 99949569, 185638808, 2, 0, 230452635, 0
2, 2, 12, 16, 99949569, 185638808, 1, 3, 294660852, 1
2, 2, 12, 16, 99949569, 185638808, 1, 2, 313565954, 1
2, 2, 12, 16, 99949569, 185638808, 1, 1, 345828702, 1
2, 2, 12, 16, 99949569, 185638808, 1, 0, 1, 0
2, 2, 12, 16, 99949569, 185638808, 0, 3, 326431747, 1
2, 2, 12, 16, 99949569, 185638808, 0, 2, 242249524, 1
2, 2, 12, 16, 99949569, 185638808, 0, 1, 399339862, 1
2, 3, 12, 16, 185638809, 208341358, 7, 3, 866228579, 1
2, 3, 12, 16, 185638809, 208341358, 7, 2, 762923748, 1
2, 3, 12, 16, 185638809, 208341358, 7, 1, 473633022, 0
2, 3, 12, 16, 185638809, 208341358, 7, 0, 557045628, 0
2, 3, 12, 16, 185638809, 208341358, 6, 3, 822974531, 1
2, 3, 12, 16, 185638809, 208341358, 6, 2, 713177444, 1
2, 3, 12, 16, 185638809, 208341358, 6, 1, 396097902, 0
2, 3, 12, 16, 185638809, 208341358, 6, 0, 429636305, 0
2, 3, 12, 16, 185638809, 208341358, 5, 3, 796285012, 1
2, 3, 12, 16, 185638809, 208341358, 5, 2, 625753054, 1
2, 3, 12, 16, 185638809, 208341358, 5, 1, 243905380, 0
2, 3, 12, 16, 185638809, 208341358, 5, 0, 268744296, 0
2, 3, 12, 16, 185638809, 208341358, 4, 3, 679228018, 1
2, 3, 12, 16, 185638809, 208341358, 4, 2, 474730929, 1
2, 3, 12, 16, 185638809, 208341358, 4, 1, 1, 1
2, 3, 12, 16, 185638809, 208341358, 4, 0, 1, 0
2, 3, 12, 16, 185638809, 208341358, 3, 3, 696155057, 1
2, 3, 12, 16, 185638809, 208341358, 3, 2, 507146334, 1
2, 3, 12, 16, 185638809, 208341358, 3, 1, 1, 1
2, 3, 12, 16, 185638809, 208341358, 3, 0, 1, 0
2, 3, 12, 16, 185638809, 208341358, 2, 3, 711930056, 1
2, 3, 12, 16, 185638809, 208341358, 2, 2, 526232274, 1
2, 3, 12, 16, 185638809, 208341358, 2, 1, 1, 1
2, 3, 12, 16, 185638809, 208341358, 2, 0, 1, 0
2, 3, 12, 16, 185638809, 208341358, 1, 3, 771437885, 1
2, 3, 12, 16, 185638809, 208341358, 1, 2, 574043587, 1
2, 3, 12, 16, 185638809, 208341358, 1, 1, 1, 1
2, 3, 12, 16, 185638809, 208341358, 1, 0, 1, 0
2, 3, 12, 16, 185638809, 208341358, 0, 3, 900692221, 1
2, 3, 12, 16, 185638809, 208341358, 0, 2, 727785861, 1
2, 3, 12, 16, 185638809, 208341358, 0, 1, 1, 1
2, 4, 12, 16, 208341359, 251889613, 7, 3, 1070123467, 1
2, 4, 12, 16, 208341359, 251889613, 7, 2, 1005488543, 1
2, 4, 12, 16, 208341359, 251889613, 7, 1, 813008031, 1
2, 4, 12, 16, 208341359, 251889613, 7, 0, 1030447546, 0
2, 4, 12, 16, 208341359, 251889613, 6, 3, 1040696036, 1
2, 4, 12, 16, 208341359, 251889613, 6, 2, 970042732, 1
2, 4, 12, 16, 208341359, 251889613, 6, 1, 758457457, 1
2, 4, 12, 16, 208341359, 251889613, 6, 0, 960670648, 0
2, 4, 12, 16, 208341359, 251889613, 5, 3, 1017840161, 1
2, 4, 12, 16, 208341359, 251889613, 5, 2, 898109201, 1
2, 4, 12, 16, 208341359, 251889613, 5, 1, 648076608, 1
2, 4, 12, 16, 208341359, 251889613, 5, 0, 874757288, 0
2, 4, 12, 16, 208341359, 251889613, 4, 3, 947813117, 1
2, 4, 12, 16, 208341359, 251889613, 4, 2, 801857418, 1
2, 4, 12, 16, 208341359, 251889613, 4, 1, 480487704, 1
2, 4, 12, 16, 208341359, 251889613, 4, 0, 742396676, 0
2, 4, 12, 16, 208341359, 251889613, 3, 3, 914424842, 1
2, 4, 12, 16, 208341359, 251889613, 3, 2, 756770005, 1
2, 4, 12, 16, 208341359, 251889613, 3, 1, 410632365, 1
2, 4, 12, 16, 208341359, 251889613, 3, 0, 506541308, 0
2, 4, 12, 16, 208341359, 251889613, 2, 3, 1007348213, 1
2, 4, 12, 16, 208341359, 251889613, 2, 2, 873906138, 1
2, 4, 12, 16, 208341359, 251889613, 2, 1, 566299348, 1
2, 4, 12, 16, 208341359, 251889613, 2, 0, 738347058, 0
2, 4, 12, 16, 208341359, 251889613, 1, 3, 1186961012, 0
2, 4, 12, 16, 208341359, 251889613, 1, 2, 1117902853, 0
2, 4, 12, 16, 208341359, 251889613, 1, 1, 943832247, 0
2, 4, 12, 16, 208341359, 251889613, 1, 0, 1476694115, 0
2, 4, 12, 16, 208341359, 251889613, 0, 3, 1357391107, 1
2, 4, 12, 16, 208341359, 251889613, 0, 2, 1355496798, 1
2, 4, 12, 16, 208341359, 251889613, 0, 1, 1354802626, 1
2, 5, 12, 16, 251889614, 277172963, 7, 3, 895487610, 1
2, 5, 12, 16, 251889614, 277172963, 7, 2, 782661868, 1
2, 5, 12, 16, 251889614, 277172963, 7, 1, 499593641, 0
2, 5, 12, 16, 251889614, 277172963, 7, 0, 570787005, 0
2, 5, 12, 16, 251889614, 277172963, 6, 3, 848141974, 1
2, 5, 12, 16, 251889614, 277172963, 6, 2, 722383332, 1
2, 5, 12, 16, 251889614, 277172963, 6, 1, 406740524, 0
2, 5, 12, 16, 251889614, 277172963, 6, 0, 438727668, 0
2, 5, 12, 16, 251889614, 277172963, 5, 3, 802578036, 1
2, 5, 12, 16, 251889614, 277172963, 5, 2, 618804082, 1
2, 5, 12, 16, 251889614, 277172963, 5, 1, 247144885, 0
2, 5, 12, 16, 251889614, 277172963, 5, 0, 272253985, 0
2, 5, 12, 16, 251889614, 277172963, 4, 3, 696270505, 1
2, 5, 12, 16, 251889614, 277172963, 4, 2, 471900447, 1
2, 5, 12, 16, 251889614, 277172963, 4, 1, 1, 1
2, 5, 12, 16, 251889614, 277172963, 4, 0, 1, 0
2, 5, 12, 16, 251889614, 277172963, 3, 3, 703139716, 1
2, 5, 12, 16, 251889614, 277172963, 3, 2, 479288672, 1
2, 5, 12, 16, 251889614, 277172963, 3, 1, 1, 1
2, 5, 12, 16, 251889614, 277172963, 3, 0, 1, 0
2, 5, 12, 16, 251889614, 277172963, 2, 3, 725964170, 1
2, 5, 12, 16, 251889614, 277172963, 2, 2, 503101757, 1
2, 5, 12, 16, 251889614, 277172963, 2, 1, 1, 1
2, 5, 12, 16, 251889614, 277172963, 2, 0, 1, 0
2, 5, 12, 16, 251889614, 277172963, 1, 3, 757051747, 1
2, 5, 12, 16, 251889614, 277172963, 1, 2, 533201806, 1
2, 5, 12, 16, 251889614, 277172963, 1, 1, 1, 1
2, 5, 12, 16, 251889614, 277172963, 1, 0, 1, 0
2, 5, 12, 16, 251889614, 277172963, 0, 3, 875120733, 1
2, 5, 12, 16, 251889614, 277172963, 0, 2, 653556141, 1
2, 5, 12, 16, 251889614, 277172963, 0, 1, 1, 1
2, 6, 12, 16, 277172964, 306299713, 7, 3, 799694317, 1
2, 6, 12, 16, 277172964, 306299713, 7, 2, 697320786, 1
2, 6, 12, 16, 277172964, 306299713, 7, 1, 439866199, 0
2, 6, 12, 16, 277172964, 306299713, 7, 0, 502623366, 0
2, 6, 12, 16, 277172964, 306299713, 6, 3, 762805505, 1
2, 6, 12, 16, 277172964, 306299713, 6, 2, 651647338, 1
2, 6, 12, 16, 277172964, 306299713, 6, 1, 366074463, 0
2, 6, 12, 16, 277172964, 306299713, 6, 0, 393461568, 0
2, 6, 12, 16, 277172964, 306299713, 5, 3, 719902181, 1
2, 6, 12, 16, 277172964, 306299713, 5, 2, 557971452, 1
2, 6, 12, 16, 277172964, 306299713, 5, 1, 215881407, 0
2, 6, 12, 16, 277172964, 306299713, 5, 0, 237189970, 0
2, 6, 12, 16, 277172964, 306299713, 4, 3, 622638151, 1
2, 6, 12, 16, 277172964, 306299713, 4, 2, 424062555, 1
2, 6, 12, 16, 277172964, 306299713, 4, 1, 1, 1
2, 6, 12, 16, 277172964, 306299713, 4, 0, 1, 0
2, 6, 12, 16, 277172964, 306299713, 3, 3, 631079635, 1
2, 6, 12, 16, 277172964, 306299713, 3, 2, 432998194, 1
2, 6, 12, 16, 277172964, 306299713, 3, 1, 1, 1
2, 6, 12, 16, 277172964, 306299713, 3, 0, 1, 0
2, 6, 12, 16, 277172964, 306299713, 2, 3, 646632268, 1
2, 6, 12, 16, 277172964, 306299713, 2, 2, 448889946, 1
2, 6, 12, 16, 277172964, 306299713, 2, 1, 1, 1
2, 6, 12, 16, 277172964, 306299713, 2, 0, 1, 0
2, 6, 12, 16, 277172964, 306299713, 1, 3, 679656780, 1
2, 6, 12, 16, 277172964, 306299713, 1, 2, 479053922, 1
2, 6, 12, 16, 277172964, 306299713, 1, 1, 1, 1
2, 6, 12, 16, 277172964, 306299713, 1, 0, 1, 0
2, 6, 12, 16, 277172964, 306299713, 0, 3, 797044248, 1
2, 6, 12, 16, 277172964, 306299713, 0, 2, 601384819, 1
2, 6, 12, 16, 277172964, 306299713, 0, 1, 1, 1
2, 7, 12, 16, 306299714, 343332176, 7, 3, 676656169, 1
2, 7, 12, 16, 306299714, 343332176, 7, 2, 584897391, 1
2, 7, 12, 16, 306299714, 343332176, 7, 1, 364358760, 0
2, 7, 12, 16, 306299714, 343332176, 7, 0, 409147272, 0
2, 7, 12, 16, 306299714, 343332176, 6, 3, 645722284, 1
2, 7, 12, 16, 306299714, 343332176, 6, 2, 545606413, 1
2, 7, 12, 16, 306299714, 343332176, 6, 1, 305043698, 0
2, 7, 12, 16, 306299714, 343332176, 6, 0, 312779412, 0
2, 7, 12, 16, 306299714, 343332176, 5, 3, 602712602, 1
2, 7, 12, 16, 306299714, 343332176, 5, 2, 461316504, 1
2, 7, 12, 16, 306299714, 343332176, 5, 1, 173315658, 0
2, 7, 12, 16, 306299714, 343332176, 5, 0, 172159338, 0
2, 7, 12, 16, 306299714, 343332176, 4, 3, 520981904, 1
2, 7, 12, 16, 306299714, 343332176, 4, 2, 349626113, 1
2, 7, 12, 16, 306299714, 343332176, 4, 1, 1, 1
2, 7, 12, 16, 306299714, 343332176, 4, 0, 1, 0
2, 7, 12, 16, 306299714, 343332176, 3, 3, 523214490, 1
2, 7, 12, 16, 306299714, 343332176, 3, 2, 351958673, 1
2, 7, 12, 16, 306299714, 343332176, 3, 1, 1, 1
2, 7, 12, 16, 306299714, 343332176, 3, 0, 1, 0
2, 7, 12, 16, 306299714, 343332176, 2, 3, 532677183, 1
2, 7, 12, 16, 306299714, 343332176, 2, 2, 356622868, 1
2, 7, 12, 16, 306299714, 343332176, 2, 1, 1, 1
2, 7, 12, 16, 306299714, 343332176, 2, 0, 1, 0
2, 7, 12, 16, 306299714, 343332176, 1, 3, 544852831, 1
2, 7, 12, 16, 306299714, 343332176, 1, 2, 362893876, 1
2, 7, 12, 16, 306299714, 343332176, 1, 1, 1, 1
2, 7, 12, 16, 306299714, 343332176, 1, 0, 1, 0
2, 7, 12, 16, 306299714, 343332176, 0, 3, 680206039, 1
2, 7, 12, 16, 306299714, 343332176, 0, 2, 514785990, 1
2, 7, 12, 16, 306299714, 343332176, 0, 1, 1, 1
2, 8, 12, 16, 343332177, 379710517, 7, 3, 619310677, 0
2, 8, 12, 16, 343332177, 379710517, 7, 2, 540229819, 0
2, 8, 12, 16, 343332177, 379710517, 7, 1, 357573059, 0
2, 8, 12, 16, 343332177, 379710517, 7, 0, 406652707, 0
2, 8, 12, 16, 343332177, 379710517, 6, 3, 583575718, 1
2, 8, 12, 16, 343332177, 379710517, 6, 2, 494278481, 0
2, 8, 12, 16, 343332177, 379710517, 6, 1, 293448995, 0
2, 8, 12, 16, 343332177, 379710517, 6, 0, 310839194, 0
2, 8, 12, 16, 343332177, 379710517, 5, 3, 531345549, 1
2, 8, 12, 16, 343332177, 379710517, 5, 2, 408040875, 1
2, 8, 12, 16, 343332177, 379710517, 5, 1, 166433751, 0
2, 8, 12, 16, 343332177, 379710517, 5, 0, 170995208, 0
2, 8, 12, 16, 343332177, 379710517, 4, 3, 450713581, 1
2, 8, 12, 16, 343332177, 379710517, 4, 2, 306400237, 1
2, 8, 12, 16, 343332177, 379710517, 4, 1, 1, 1
2, 8, 12, 16, 343332177, 379710517, 4, 0, 1, 0
2, 8, 12, 16, 343332177, 379710517, 3, 3, 440281732, 1
2, 8, 12, 16, 343332177, 379710517, 3, 2, 304697206, 1
2, 8, 12, 16, 343332177, 379710517, 3, 1, 1, 1
2, 8, 12, 16, 343332177, 379710517, 3, 0, 1, 0
2, 8, 12, 16, 343332177, 379710517, 2, 3, 431669577, 1
2, 8, 12, 16, 343332177, 379710517, 2, 2, 307524233, 1
2, 8, 12, 16, 343332177, 379710517, 2, 1, 1, 1
2, 8, 12, 16, 343332177, 379710517, 2, 0, 1, 0
2, 8, 12, 16, 343332177, 379710517, 1, 3, 394092503, 1
2, 8, 12, 16, 343332177, 379710517, 1, 2, 294324203, 1
2, 8, 12, 16, 343332177, 379710517, 1, 1, 1, 1
2, 8, 12, 16, 343332177, 379710517, 1, 0, 1, 0
2, 8, 12, 16, 343332177, 379710517, 0, 3, 328719130, 1
2, 8, 12, 16, 343332177, 379710517, 0, 2, 295097514, 1
2, 8, 12, 16, 343332177, 379710517, 0, 1, 1, 1
2, 9, 12, 16, 379710518, 393458325, 7, 3, 108525491, 1
2, 9, 12, 16, 379710518, 393458325, 7, 2, 63019711, 1
2, 9, 12, 16, 379710518, 393458325, 7, 1, 60247037, 0
2, 9, 12, 16, 379710518, 393458325, 7, 0, 97848499, 0
2, 9, 12, 16, 379710518, 393458325, 6, 3, 113881941, 1
2, 9, 12, 16, 379710518, 393458325, 6, 2, 62054366, 1
2, 9, 12, 16, 379710518, 393458325, 6, 1, 58356400, 0
2, 9, 12, 16, 379710518, 393458325, 6, 0, 95318084, 0
2, 9, 12, 16, 379710518, 393458325, 5, 3, 103923228, 1
2, 9, 12, 16, 379710518, 393458325, 5, 2, 42558741, 1
2, 9, 12, 16, 379710518, 393458325, 5, 1, 27872142, 1
2, 9, 12, 16, 379710518, 393458325, 5, 0, 23973774, 0
2, 9, 12, 16, 379710518, 393458325, 4, 3, 94068600, 1
2, 9, 12, 16, 379710518, 393458325, 4, 2, 43116410, 1
2, 9, 12, 16, 379710518, 393458325, 4, 1, 20747189, 1
2, 9, 12, 16, 379710518, 393458325, 4, 0, 1, 0
2, 9, 12, 16, 379710518, 393458325, 3, 3, 88501584, 1
2, 9, 12, 16, 379710518, 393458325, 3, 2, 46419556, 1
2, 9, 12, 16, 379710518, 393458325, 3, 1, 15509719, 1
2, 9, 12, 16, 379710518, 393458325, 3, 0, 1, 0
2, 9, 12, 16, 379710518, 393458325, 2, 3, 104986208, 1
2, 9, 12, 16, 379710518, 393458325, 2, 2, 63573350, 1
2, 9, 12, 16, 379710518, 393458325, 2, 1, 21713606, 1
2, 9, 12, 16, 379710518, 393458325, 2, 0, 1, 0
2, 9, 12, 16, 379710518, 393458325, 1, 3, 64516724, 1
2, 9, 12, 16, 379710518, 393458325, 1, 2, 90323413, 1
2, 9, 12, 16, 379710518, 393458325, 1, 1, 17199434, 1
2, 9, 12, 16, 379710518, 393458325, 1, 0, 1, 0
2, 9, 12, 16, 379710518, 393458325, 0, 3, 150539022, 1
2, 9, 12, 16, 379710518, 393458325, 0, 2, 225808532, 1
2, 9, 12, 16, 379710518, 393458325, 0, 1, 51598300, 1
2, 10, 12, 16, 393458326, 402800484, 7, 3, 70080658, 0
2, 10, 12, 16, 393458326, 402800484, 7, 2, 63028511, 0
2, 10, 12, 16, 393458326, 402800484, 7, 1, 62617510, 0
2, 10, 12, 16, 393458326, 402800484, 7, 0, 82792392, 0
2, 10, 12, 16, 393458326, 402800484, 6, 3, 67788911, 0
2, 10, 12, 16, 393458326, 402800484, 6, 2, 62218104, 0
2, 10, 12, 16, 393458326, 402800484, 6, 1, 64227804, 0
2, 10, 12, 16, 393458326, 402800484, 6, 0, 81797571, 0
2, 10, 12, 16, 393458326, 402800484, 5, 3, 74448250, 0
2, 10, 12, 16, 393458326, 402800484, 5, 2, 69510044, 0
2, 10, 12, 16, 393458326, 402800484, 5, 1, 75905587, 0
2, 10, 12, 16, 393458326, 402800484, 5, 0, 98157086, 0
2, 10, 12, 16, 393458326, 402800484, 4, 3, 74440088, 0
2, 10, 12, 16, 393458326, 402800484, 4, 2, 76737769, 0
2, 10, 12, 16, 393458326, 402800484, 4, 1, 85040327, 0
2, 10, 12, 16, 393458326, 402800484, 4, 0, 105296729, 0
2, 10, 12, 16, 393458326, 402800484, 3, 3, 69456285, 0
2, 10, 12, 16, 393458326, 402800484, 3, 2, 73270776, 0
2, 10, 12, 16, 393458326, 402800484, 3, 1, 75004325, 0
2, 10, 12, 16, 393458326, 402800484, 3, 0, 111420754, 0
2, 10, 12, 16, 393458326, 402800484, 2, 3, 87819394, 0
2, 10, 12, 16, 393458326, 402800484, 2, 2, 92966938, 0
2, 10, 12, 16, 393458326, 402800484, 2, 1, 96637593, 0
2, 10, 12, 16, 393458326, 402800484, 2, 0, 146209978, 0
2, 10, 12, 16, 393458326, 402800484, 1, 3, 90753954, 0
2, 10, 12, 16, 393458326, 402800484, 1, 2, 119688687, 0
2, 10, 12, 16, 393458326, 402800484, 1, 1, 112631966, 0
2, 10, 12, 16, 393458326, 402800484, 1, 0, 147127889, 0
2, 10, 12, 16, 393458326, 402800484, 0, 3, 39017806, 1
2, 10, 12, 16, 393458326, 402800484, 0, 2, 58526708, 1
2, 10, 12, 16, 393458326, 402800484, 0, 1, 37359990, 1
2, 11, 12, 16, 402800485, 427181828, 7, 3, 11086913, 1
2, 11, 12, 16, 402800485, 427181828, 7, 2, 13189385, 1
2, 11, 12, 16, 402800485, 427181828, 7, 1, 8523996, 0
2, 11, 12, 16, 402800485, 427181828, 7, 0, 734907, 0
2, 11, 12, 16, 402800485, 427181828, 6, 3, 11044870, 1
2, 11, 12, 16, 402800485, 427181828, 6, 2, 14910575, 1
2, 11, 12, 16, 402800485, 427181828, 6, 1, 9439661, 1
2, 11, 12, 16, 402800485, 427181828, 6, 0, 1, 0
2, 11, 12, 16, 402800485, 427181828, 5, 3, 9792078, 1
2, 11, 12, 16, 402800485, 427181828, 5, 2, 13248106, 1
2, 11, 12, 16, 402800485, 427181828, 5, 1, 8581155, 1
2, 11, 12, 16, 402800485, 427181828, 5, 0, 1, 0
2, 11, 12, 16, 402800485, 427181828, 4, 3, 7823555, 1
2, 11, 12, 16, 402800485, 427181828, 4, 2, 10617682, 1
2, 11, 12, 16, 402800485, 427181828, 4, 1, 5829400, 1
2, 11, 12, 16, 402800485, 427181828, 4, 0, 1, 0
2, 11, 12, 16, 402800485, 427181828, 3, 3, 5911192, 1
2, 11, 12, 16, 402800485, 427181828, 3, 2, 8060717, 1
2, 11, 12, 16, 402800485, 427181828, 3, 1, 1448447, 1
2, 11, 12, 16, 402800485, 427181828, 3, 0, 1, 0
2, 11, 12, 16, 402800485, 427181828, 2, 3, 7138978, 1
2, 11, 12, 16, 402800485, 427181828, 2, 2, 9816095, 1
2, 11, 12, 16, 402800485, 427181828, 2, 1, 1, 1
2, 11, 12, 16, 402800485, 427181828, 2, 0, 1, 0
2, 11, 12, 16, 402800485, 427181828, 1, 3, 8511593, 1
2, 11, 12, 16, 402800485, 427181828, 1, 2, 11916230, 1
2, 11, 12, 16, 402800485, 427181828, 1, 1, 1, 1
2, 11, 12, 16, 402800485, 427181828, 1, 0, 1, 0
2, 11, 12, 16, 402800485, 427181828, 0, 3, 17114928, 1
2, 11, 12, 16, 402800485, 427181828, 0, 2, 25672392, 1
2, 11, 12, 16, 402800485, 427181828, 0, 1, 1, 1
2, 12, 12, 16, 427181829, 447895345, 7, 3, 34639308, 1
2, 12, 12, 16, 427181829, 447895345, 7, 2, 32365211, 1
2, 12, 12, 16, 427181829, 447895345, 7, 1, 20509685, 0
2, 12, 12, 16, 427181829, 447895345, 7, 0, 15873429, 0
2, 12, 12, 16, 427181829, 447895345, 6, 3, 34007192, 1
2, 12, 12, 16, 427181829, 447895345, 6, 2, 31589467, 1
2, 12, 12, 16, 427181829, 447895345, 6, 1, 16627597, 0
2, 12, 12, 16, 427181829, 447895345, 6, 0, 9676370, 0
2, 12, 12, 16, 427181829, 447895345, 5, 3, 33905781, 1
2, 12, 12, 16, 427181829, 447895345, 5, 2, 30772851, 1
2, 12, 12, 16, 427181829, 447895345, 5, 1, 13853672, 0
2, 12, 12, 16, 427181829, 447895345, 5, 0, 11611644, 0
2, 12, 12, 16, 427181829, 447895345, 4, 3, 32714431, 1
2, 12, 12, 16, 427181829, 447895345, 4, 2, 32296994, 1
2, 12, 12, 16, 427181829, 447895345, 4, 1, 16932266, 0
2, 12, 12, 16, 427181829, 447895345, 4, 0, 14514555, 0
2, 12, 12, 16, 427181829, 447895345, 3, 3, 28495349, 1
2, 12, 12, 16, 427181829, 447895345, 3, 2, 29403989, 1
2, 12, 12, 16, 427181829, 447895345, 3, 1, 15850656, 0
2, 12, 12, 16, 427181829, 447895345, 3, 0, 19352740, 0
2, 12, 12, 16, 427181829, 447895345, 2, 3, 26709707, 1
2, 12, 12, 16, 427181829, 447895345, 2, 2, 23727552, 1
2, 12, 12, 16, 427181829, 447895345, 2, 1, 12716707, 0
2, 12, 12, 16, 427181829, 447895345, 2, 0, 9335951, 0
2, 12, 12, 16, 427181829, 447895345, 1, 3, 24011929, 1
2, 12, 12, 16, 427181829, 447895345, 1, 2, 20769425, 1
2, 12, 12, 16, 427181829, 447895345, 1, 1, 8956123, 0
2, 12, 12, 16, 427181829, 447895345, 1, 0, 18671901, 0
2, 12, 12, 16, 427181829, 447895345, 0, 3, 21291334, 1
2, 12, 12, 16, 427181829, 447895345, 0, 2, 31937000, 1
2, 12, 12, 16, 427181829, 447895345, 0, 1, 8196469, 1
2, 13, 12, 16, 447895346, 458667921, 7, 3, 20677571, 0
2, 13, 12, 16, 447895346, 458667921, 7, 2, 19288912, 0
2, 13, 12, 16, 447895346, 458667921, 7, 1, 20284779, 0
2, 13, 12, 16, 447895346, 458667921, 7, 0, 23587664, 0
2, 13, 12, 16, 447895346, 458667921, 6, 3, 19895069, 0
2, 13, 12, 16, 447895346, 458667921, 6, 2, 18575180, 0
2, 13, 12, 16, 447895346, 458667921, 6, 1, 19766606, 0
2, 13, 12, 16, 447895346, 458667921, 6, 0, 25284722, 0
2, 13, 12, 16, 447895346, 458667921, 5, 3, 18581872, 0
2, 13, 12, 16, 447895346, 458667921, 5, 2, 17756279, 0
2, 13, 12, 16, 447895346, 458667921, 5, 1, 19228464, 0
2, 13, 12, 16, 447895346, 458667921, 5, 0, 28168993, 0
2, 13, 12, 16, 447895346, 458667921, 4, 3, 17921059, 0
2, 13, 12, 16, 447895346, 458667921, 4, 2, 18172456, 0
2, 13, 12, 16, 447895346, 458667921, 4, 1, 18230083, 0
2, 13, 12, 16, 447895346, 458667921, 4, 0, 25335339, 0
2, 13, 12, 16, 447895346, 458667921, 3, 3, 14990499, 0
2, 13, 12, 16, 447895346, 458667921, 3, 2, 16423178, 0
2, 13, 12, 16, 447895346, 458667921, 3, 1, 16333442, 0
2, 13, 12, 16, 447895346, 458667921, 3, 0, 27530965, 0
2, 13, 12, 16, 447895346, 458667921, 2, 3, 13140489, 0
2, 13, 12, 16, 447895346, 458667921, 2, 2, 14600793, 0
2, 13, 12, 16, 447895346, 458667921, 2, 1, 18765588, 0
2, 13, 12, 16, 447895346, 458667921, 2, 0, 31043370, 0
2, 13, 12, 16, 447895346, 458667921, 1, 3, 11417029, 0
2, 13, 12, 16, 447895346, 458667921, 1, 2, 11855807, 0
2, 13, 12, 16, 447895346, 458667921, 1, 1, 19759677, 0
2, 13, 12, 16, 447895346, 458667921, 1, 0, 33108760, 0
2, 13, 12, 16, 447895346, 458667921, 0, 3, 1, 1
2, 13, 12, 16, 447895346, 458667921, 0, 2, 1, 1
2, 13, 12, 16, 447895346, 458667921, 0, 1, 1, 1
2, 14, 12, 16, 458667922, 466140985, 7, 3, 14916991, 0
2, 14, 12, 16, 458667922, 466140985, 7, 2, 14824450, 0
2, 14, 12, 16, 458667922, 466140985, 7, 1, 15936296, 0
2, 14, 12, 16, 458667922, 466140985, 7, 0, 16612210, 0
2, 14, 12, 16, 458667922, 466140985, 6, 3, 14882605, 0
2, 14, 12, 16, 458667922, 466140985, 6, 2, 14610693, 0
2, 14, 12, 16, 458667922, 466140985, 6, 1, 15893079, 0
2, 14, 12, 16, 458667922, 466140985, 6, 0, 14672498, 0
2, 14, 12, 16, 458667922, 466140985, 5, 3, 14090996, 0
2, 14, 12, 16, 458667922, 466140985, 5, 2, 13722690, 0
2, 14, 12, 16, 458667922, 466140985, 5, 1, 15392085, 0
2, 14, 12, 16, 458667922, 466140985, 5, 0, 13994937, 0
2, 14, 12, 16, 458667922, 466140985, 4, 3, 14454300, 0
2, 14, 12, 16, 458667922, 466140985, 4, 2, 14593073, 0
2, 14, 12, 16, 458667922, 466140985, 4, 1, 17241174, 0
2, 14, 12, 16, 458667922, 466140985, 4, 0, 17493671, 0
2, 14, 12, 16, 458667922, 466140985, 3, 3, 12247898, 0
2, 14, 12, 16, 458667922, 466140985, 3, 2, 11968915, 0
2, 14, 12, 16, 458667922, 466140985, 3, 1, 15362616, 0
2, 14, 12, 16, 458667922, 466140985, 3, 0, 14451607, 0
2, 14, 12, 16, 458667922, 466140985, 2, 3, 10022315, 0
2, 14, 12, 16, 458667922, 466140985, 2, 2, 10568746, 0
2, 14, 12, 16, 458667922, 466140985, 2, 1, 12495582, 0
2, 14, 12, 16, 458667922, 466140985, 2, 0, 10808108, 0
2, 14, 12, 16, 458667922, 466140985, 1, 3, 8096876, 1
2, 14, 12, 16, 458667922, 466140985, 1, 2, 8948324, 1
2, 14, 12, 16, 458667922, 466140985, 1, 1, 7556521, 1
2, 14, 12, 16, 458667922, 466140985, 1, 0, 1, 0
2, 14, 12, 16, 458667922, 466140985, 0, 3, 2962444, 1
2, 14, 12, 16, 458667922, 466140985, 0, 2, 4443666, 1
2, 14, 12, 16, 458667922, 466140985, 0, 1, 906526, 1
2, 15, 12, 16, 466140986, 484847964, 7, 3, 45248083, 0
2, 15, 12, 16, 466140986, 484847964, 7, 2, 47568004, 0
2, 15, 12, 16, 466140986, 484847964, 7, 1, 51276538, 0
2, 15, 12, 16, 466140986, 484847964, 7, 0, 36209874, 0
2, 15, 12, 16, 466140986, 484847964, 6, 3, 43141715, 0
2, 15, 12, 16, 466140986, 484847964, 6, 2, 42809991, 0
2, 15, 12, 16, 466140986, 484847964, 6, 1, 49644237, 0
2, 15, 12, 16, 466140986, 484847964, 6, 0, 37186564, 0
2, 15, 12, 16, 466140986, 484847964, 5, 3, 36091878, 0
2, 15, 12, 16, 466140986, 484847964, 5, 2, 35264352, 0
2, 15, 12, 16, 466140986, 484847964, 5, 1, 40668421, 0
2, 15, 12, 16, 466140986, 484847964, 5, 0, 24397528, 0
2, 15, 12, 16, 466140986, 484847964, 4, 3, 38187767, 0
2, 15, 12, 16, 466140986, 484847964, 4, 2, 35353454, 0
2, 15, 12, 16, 466140986, 484847964, 4, 1, 38089668, 0
2, 15, 12, 16, 466140986, 484847964, 4, 0, 30496910, 0
2, 15, 12, 16, 466140986, 484847964, 3, 3, 31838676, 0
2, 15, 12, 16, 466140986, 484847964, 3, 2, 30762720, 0
2, 15, 12, 16, 466140986, 484847964, 3, 1, 39235829, 0
2, 15, 12, 16, 466140986, 484847964, 3, 0, 40662547, 0
2, 15, 12, 16, 466140986, 484847964, 2, 3, 27878766, 0
2, 15, 12, 16, 466140986, 484847964, 2, 2, 27182922, 0
2, 15, 12, 16, 466140986, 484847964, 2, 1, 30744852, 0
2, 15, 12, 16, 466140986, 484847964, 2, 0, 36721962, 0
2, 15, 12, 16, 466140986, 484847964, 1, 3, 13868873, 0
2, 15, 12, 16, 466140986, 484847964, 1, 2, 9997626, 0
2, 15, 12, 16, 466140986, 484847964, 1, 1, 16662710, 0
2, 15, 12, 16, 466140986, 484847964, 1, 0, 25716093, 0
2, 15, 12, 16, 466140986, 484847964, 0, 3, 1, 1
2, 15, 12, 16, 466140986, 484847964, 0, 2, 1, 1
2, 15, 12, 16, 466140986, 484847964, 0, 1, 1, 1
2, 16, 12, 16, 484847965, 494311027, 7, 3, 11536607, 0
2, 16, 12, 16, 484847965, 494311027, 7, 2, 9681902, 0
2, 16, 12, 16, 484847965, 494311027, 7, 1, 12968091, 0
2, 16, 12, 16, 484847965, 494311027, 7, 0, 23203733, 0
2, 16, 12, 16, 484847965, 494311027, 6, 3, 10955309, 0
2, 16, 12, 16, 484847965, 494311027, 6, 2, 8042113, 0
2, 16, 12, 16, 484847965, 494311027, 6, 1, 12372481, 0
2, 16, 12, 16, 484847965, 494311027, 6, 0, 23283215, 0
2, 16, 12, 16, 484847965, 494311027, 5, 3, 11848325, 0
2, 16, 12, 16, 484847965, 494311027, 5, 2, 8418422, 0
2, 16, 12, 16, 484847965, 494311027, 5, 1, 13010288, 0
2, 16, 12, 16, 484847965, 494311027, 5, 0, 27055852, 0
2, 16, 12, 16, 484847965, 494311027, 4, 3, 6461556, 1
2, 16, 12, 16, 484847965, 494311027, 4, 2, 1, 1
2, 16, 12, 16, 484847965, 494311027, 4, 1, 1, 1
2, 16, 12, 16, 484847965, 494311027, 4, 0, 1, 0
2, 16, 12, 16, 484847965, 494311027, 3, 3, 8184637, 1
2, 16, 12, 16, 484847965, 494311027, 3, 2, 1, 1
2, 16, 12, 16, 484847965, 494311027, 3, 1, 1, 1
2, 16, 12, 16, 484847965, 494311027, 3, 0, 1, 0
2, 16, 12, 16, 484847965, 494311027, 2, 3, 11160869, 1
2, 16, 12, 16, 484847965, 494311027, 2, 2, 1, 1
2, 16, 12, 16, 484847965, 494311027, 2, 1, 1, 1
2, 16, 12, 16, 484847965, 494311027, 2, 0, 1, 0
2, 16, 12, 16, 484847965, 494311027, 1, 3, 17538508, 1
2, 16, 12, 16, 484847965, 494311027, 1, 2, 1, 1
2, 16, 12, 16, 484847965, 494311027, 1, 1, 1, 1
2, 16, 12, 16, 484847965, 494311027, 1, 0, 1, 0
2, 16, 12, 16, 484847965, 494311027, 0, 3, 1, 1
2, 16, 12, 16, 484847965, 494311027, 0, 2, 1, 1
2, 16, 12, 16, 484847965, 494311027, 0, 1, 1, 1
2, 17, 12, 16, 494311028, 519587965, 7, 3, 506432555, 1
2, 17, 12, 16, 494311028, 519587965, 7, 2, 552215553, 1
2, 17, 12, 16, 494311028, 519587965, 7, 1, 563516685, 0
2, 17, 12, 16, 494311028, 519587965, 7, 0, 554804303, 0
2, 17, 12, 16, 494311028, 519587965, 6, 3, 514766697, 1
2, 17, 12, 16, 494311028, 519587965, 6, 2, 621609219, 0
2, 17, 12, 16, 494311028, 519587965, 6, 1, 637162748, 0
2, 17, 12, 16, 494311028, 519587965, 6, 0, 634407089, 0
2, 17, 12, 16, 494311028, 519587965, 5, 3, 545403755, 1
2, 17, 12, 16, 494311028, 519587965, 5, 2, 657034079, 1
2, 17, 12, 16, 494311028, 519587965, 5, 1, 639941122, 0
2, 17, 12, 16, 494311028, 519587965, 5, 0, 528637853, 0
2, 17, 12, 16, 494311028, 519587965, 4, 3, 512684167, 1
2, 17, 12, 16, 494311028, 519587965, 4, 2, 603192924, 1
2, 17, 12, 16, 494311028, 519587965, 4, 1, 623954530, 0
2, 17, 12, 16, 494311028, 519587965, 4, 0, 311811938, 0
2, 17, 12, 16, 494311028, 519587965, 3, 3, 541423904, 1
2, 17, 12, 16, 494311028, 519587965, 3, 2, 622083461, 1
2, 17, 12, 16, 494311028, 519587965, 3, 1, 575334332, 0
2, 17, 12, 16, 494311028, 519587965, 3, 0, 415749251, 0
2, 17, 12, 16, 494311028, 519587965, 2, 3, 613712732, 1
2, 17, 12, 16, 494311028, 519587965, 2, 2, 691557823, 1
2, 17, 12, 16, 494311028, 519587965, 2, 1, 550746005, 0
2, 17, 12, 16, 494311028, 519587965, 2, 0, 623315943, 0
2, 17, 12, 16, 494311028, 519587965, 1, 3, 778564008, 1
2, 17, 12, 16, 494311028, 519587965, 1, 2, 846314118, 1
2, 17, 12, 16, 494311028, 519587965, 1, 1, 484279345, 1
2, 17, 12, 16, 494311028, 519587965, 1, 0, 1, 0
2, 17, 12, 16, 494311028, 519587965, 0, 3, 828258726, 1
2, 17, 12, 16, 494311028, 519587965, 0, 2, 633199357, 1
2, 17, 12, 16, 494311028, 519587965, 0, 1, 1, 1
2, 18, 12, 16, 519587966, 546214310, 7, 3, 1453045, 1
2, 18, 12, 16, 519587966, 546214310, 7, 2, 1, 1
2, 18, 12, 16, 519587966, 546214310, 7, 1, 1, 1
2, 18, 12, 16, 519587966, 546214310, 7, 0, 1, 0
2, 18, 12, 16, 519587966, 546214310, 6, 3, 1668311, 1
2, 18, 12, 16, 519587966, 546214310, 6, 2, 1, 1
2, 18, 12, 16, 519587966, 546214310, 6, 1, 1, 1
2, 18, 12, 16, 519587966, 546214310, 6, 0, 1, 0
2, 18, 12, 16, 519587966, 546214310, 5, 3, 1, 1
2, 18, 12, 16, 519587966, 546214310, 5, 2, 1, 1
2, 18, 12, 16, 519587966, 546214310, 5, 1, 1, 1
2, 18, 12, 16, 519587966, 546214310, 5, 0, 1, 0
2, 18, 12, 16, 519587966, 546214310, 4, 3, 1, 1
2, 18, 12, 16, 519587966, 546214310, 4, 2, 1, 1
2, 18, 12, 16, 519587966, 546214310, 4, 1, 1, 1
2, 18, 12, 16, 519587966, 546214310, 4, 0, 1, 0
2, 18, 12, 16, 519587966, 546214310, 3, 3, 1, 1
2, 18, 12, 16, 519587966, 546214310, 3, 2, 1, 1
2, 18, 12, 16, 519587966, 546214310, 3, 1, 1, 1
2, 18, 12, 16, 519587966, 546214310, 3, 0, 1, 0
2, 18, 12, 16, 519587966, 546214310, 2, 3, 1, 1
2, 18, 12, 16, 519587966, 546214310, 2, 2, 1, 1
2, 18, 12, 16, 519587966, 546214310, 2, 1, 1, 1
2, 18, 12, 16, 519587966, 546214310, 2, 0, 1, 0
2, 18, 12, 16, 519587966, 546214310, 1, 3, 1, 1
2, 18, 12, 16, 519587966, 546214310, 1, 2, 1, 1
2, 18, 12, 16, 519587966, 546214310, 1, 1, 1, 1
2, 18, 12, 16, 519587966, 546214310, 1, 0, 1, 0
2, 18, 12, 16, 519587966, 546214310, 0, 3, 1, 1
2, 18, 12, 16, 519587966, 546214310, 0, 2, 1, 1
2, 18, 12, 16, 519587966, 546214310, 0, 1, 1, 1
2, 19, 12, 16, 546214311, 592631157, 7, 3, 81420297, 0
2, 19, 12, 16, 546214311, 592631157, 7, 2, 86002229, 0
2, 19, 12, 16, 546214311, 592631157, 7, 1, 94817872, 0
2, 19, 12, 16, 546214311, 592631157, 7, 0, 110079880, 0
2, 19, 12, 16, 546214311, 592631157, 6, 3, 65766084, 0
2, 19, 12, 16, 546214311, 592631157, 6, 2, 66939782, 0
2, 19, 12, 16, 546214311, 592631157, 6, 1, 79414520, 0
2, 19, 12, 16, 546214311, 592631157, 6, 0, 107333869, 0
2, 19, 12, 16, 546214311, 592631157, 5, 3, 44910032, 0
2, 19, 12, 16, 546214311, 592631157, 5, 2, 51127402, 0
2, 19, 12, 16, 546214311, 592631157, 5, 1, 64164161, 0
2, 19, 12, 16, 546214311, 592631157, 5, 0, 95005970, 0
2, 19, 12, 16, 546214311, 592631157, 4, 3, 40820845, 0
2, 19, 12, 16, 546214311, 592631157, 4, 2, 46662565, 0
2, 19, 12, 16, 546214311, 592631157, 4, 1, 58767375, 0
2, 19, 12, 16, 546214311, 592631157, 4, 0, 118757463, 0
2, 19, 12, 16, 546214311, 592631157, 3, 3, 43415101, 0
2, 19, 12, 16, 546214311, 592631157, 3, 2, 48082398, 0
2, 19, 12, 16, 546214311, 592631157, 3, 1, 75558054, 0
2, 19, 12, 16, 546214311, 592631157, 3, 0, 158343283, 0
2, 19, 12, 16, 546214311, 592631157, 2, 3, 48082398, 0
2, 19, 12, 16, 546214311, 592631157, 2, 2, 66113297, 0
2, 19, 12, 16, 546214311, 592631157, 2, 1, 105781275, 0
2, 19, 12, 16, 546214311, 592631157, 2, 0, 237514925, 0
2, 19, 12, 16, 546214311, 592631157, 1, 3, 67861407, 0
2, 19, 12, 16, 546214311, 592631157, 1, 2, 95005970, 0
2, 19, 12, 16, 546214311, 592631157, 1, 1, 158343283, 0
2, 19, 12, 16, 546214311, 592631157, 1, 0, 475029849, 0
2, 19, 12, 16, 546214311, 592631157, 0, 3, 1, 1
2, 19, 12, 16, 546214311, 592631157, 0, 2, 1, 1
2, 19, 12, 16, 546214311, 592631157, 0, 1, 1, 1
2, 20, 12, 16, 592631158, 659363071, 7, 3, 50661702, 0
2, 20, 12, 16, 592631158, 659363071, 7, 2, 64780141, 0
2, 20, 12, 16, 592631158, 659363071, 7, 1, 66536639, 0
2, 20, 12, 16, 592631158, 659363071, 7, 0, 43061565, 0
2, 20, 12, 16, 592631158, 659363071, 6, 3, 40230597, 0
2, 20, 12, 16, 592631158, 659363071, 6, 2, 52417628, 0
2, 20, 12, 16, 592631158, 659363071, 6, 1, 62600107, 0
2, 20, 12, 16, 592631158, 659363071, 6, 0, 50238492, 0
2, 20, 12, 16, 592631158, 659363071, 5, 3, 17598861, 0
2, 20, 12, 16, 592631158, 659363071, 5, 2, 21582366, 0
2, 20, 12, 16, 592631158, 659363071, 5, 1, 33354566, 0
2, 20, 12, 16, 592631158, 659363071, 5, 0, 13457564, 0
2, 20, 12, 16, 592631158, 659363071, 4, 3, 12739647, 0
2, 20, 12, 16, 592631158, 659363071, 4, 2, 17289521, 0
2, 20, 12, 16, 592631158, 659363071, 4, 1, 26894810, 0
2, 20, 12, 16, 592631158, 659363071, 4, 0, 16821955, 0
2, 20, 12, 16, 592631158, 659363071, 3, 3, 10113770, 0
2, 20, 12, 16, 592631158, 659363071, 3, 2, 13791504, 0
2, 20, 12, 16, 592631158, 659363071, 3, 1, 21672363, 0
2, 20, 12, 16, 592631158, 659363071, 3, 0, 22429274, 0
2, 20, 12, 16, 592631158, 659363071, 2, 3, 9773215, 0
2, 20, 12, 16, 592631158, 659363071, 2, 2, 13438170, 0
2, 20, 12, 16, 592631158, 659363071, 2, 1, 21501072, 0
2, 20, 12, 16, 592631158, 659363071, 2, 0, 11543320, 0
2, 20, 12, 16, 592631158, 659363071, 1, 3, 47604, 1
2, 20, 12, 16, 592631158, 659363071, 1, 2, 66645, 1
2, 20, 12, 16, 592631158, 659363071, 1, 1, 111075, 1
2, 20, 12, 16, 592631158, 659363071, 1, 0, 1, 0
2, 20, 12, 16, 592631158, 659363071, 0, 3, 1, 1
2, 20, 12, 16, 592631158, 659363071, 0, 2, 1, 1
2, 20, 12, 16, 592631158, 659363071, 0, 1, 1, 1
2, 21, 12, 16, 659363072, 780168250, 7, 3, 221073474, 0
2, 21, 12, 16, 659363072, 780168250, 7, 2, 225402065, 0
2, 21, 12, 16, 659363072, 780168250, 7, 1, 247152900, 1
2, 21, 12, 16, 659363072, 780168250, 7, 0, 188736877, 0
2, 21, 12, 16, 659363072, 780168250, 6, 3, 202367445, 0
2, 21, 12, 16, 659363072, 780168250, 6, 2, 207948982, 0
2, 21, 12, 16, 659363072, 780168250, 6, 1, 244663084, 1
2, 21, 12, 16, 659363072, 780168250, 6, 0, 197505831, 0
2, 21, 12, 16, 659363072, 780168250, 5, 3, 176282913, 0
2, 21, 12, 16, 659363072, 780168250, 5, 2, 167535619, 0
2, 21, 12, 16, 659363072, 780168250, 5, 1, 203988548, 1
2, 21, 12, 16, 659363072, 780168250, 5, 0, 143137657, 0
2, 21, 12, 16, 659363072, 780168250, 4, 3, 180587247, 0
2, 21, 12, 16, 659363072, 780168250, 4, 2, 184573051, 0
2, 21, 12, 16, 659363072, 780168250, 4, 1, 219976801, 1
2, 21, 12, 16, 659363072, 780168250, 4, 0, 178922071, 0
2, 21, 12, 16, 659363072, 780168250, 3, 3, 178610188, 0
2, 21, 12, 16, 659363072, 780168250, 3, 2, 192833212, 0
2, 21, 12, 16, 659363072, 780168250, 3, 1, 231235651, 1
2, 21, 12, 16, 659363072, 780168250, 3, 0, 238562762, 0
2, 21, 12, 16, 659363072, 780168250, 2, 3, 164626156, 0
2, 21, 12, 16, 659363072, 780168250, 2, 2, 195964057, 0
2, 21, 12, 16, 659363072, 780168250, 2, 1, 251863615, 1
2, 21, 12, 16, 659363072, 780168250, 2, 0, 199980642, 0
2, 21, 12, 16, 659363072, 780168250, 1, 3, 130848452, 0
2, 21, 12, 16, 659363072, 780168250, 1, 2, 173006239, 0
2, 21, 12, 16, 659363072, 780168250, 1, 1, 288343731, 0
2, 21, 12, 16, 659363072, 780168250, 1, 0, 300929798, 0
2, 21, 12, 16, 659363072, 780168250, 0, 3, 80791753, 1
2, 21, 12, 16, 659363072, 780168250, 0, 2, 121187629, 1
2, 21, 12, 16, 659363072, 780168250, 0, 1, 242375257, 1
2, 22, 12, 16, 780168251, 872493994, 7, 3, 688268699, 0
2, 22, 12, 16, 780168251, 872493994, 7, 2, 663775412, 0
2, 22, 12, 16, 780168251, 872493994, 7, 1, 752326350, 0
2, 22, 12, 16, 780168251, 872493994, 7, 0, 705922706, 0
2, 22, 12, 16, 780168251, 872493994, 6, 3, 658110969, 0
2, 22, 12, 16, 780168251, 872493994, 6, 2, 629566718, 0
2, 22, 12, 16, 780168251, 872493994, 6, 1, 730863730, 0
2, 22, 12, 16, 780168251, 872493994, 6, 0, 674937595, 0
2, 22, 12, 16, 780168251, 872493994, 5, 3, 612352513, 0
2, 22, 12, 16, 780168251, 872493994, 5, 2, 576369373, 0
2, 22, 12, 16, 780168251, 872493994, 5, 1, 691454577, 1
2, 22, 12, 16, 780168251, 872493994, 5, 0, 622724478, 0
2, 22, 12, 16, 780168251, 872493994, 4, 3, 626457135, 0
2, 22, 12, 16, 780168251, 872493994, 4, 2, 576915152, 0
2, 22, 12, 16, 780168251, 872493994, 4, 1, 664646287, 1
2, 22, 12, 16, 780168251, 872493994, 4, 0, 584120895, 0
2, 22, 12, 16, 780168251, 872493994, 3, 3, 639972405, 0
2, 22, 12, 16, 780168251, 872493994, 3, 2, 598617691, 0
2, 22, 12, 16, 780168251, 872493994, 3, 1, 752729641, 0
2, 22, 12, 16, 780168251, 872493994, 3, 0, 759404312, 0
2, 22, 12, 16, 780168251, 872493994, 2, 3, 606902370, 0
2, 22, 12, 16, 780168251, 872493994, 2, 2, 557119557, 0
2, 22, 12, 16, 780168251, 872493994, 2, 1, 738755791, 0
2, 22, 12, 16, 780168251, 872493994, 2, 0, 757697262, 0
2, 22, 12, 16, 780168251, 872493994, 1, 3, 530290863, 0
2, 22, 12, 16, 780168251, 872493994, 1, 2, 435511125, 0
2, 22, 12, 16, 780168251, 872493994, 1, 1, 725851875, 0
2, 22, 12, 16, 780168251, 872493994, 1, 0, 786688354, 0
2, 22, 12, 16, 780168251, 872493994, 0, 3, 461760745, 1
2, 22, 12, 16, 780168251, 872493994, 0, 2, 315897413, 1
2, 22, 12, 16, 780168251, 872493994, 0, 1, 631794825, 1
2, 23, 12, 16, 872493995, 1060390103, 7, 3, 640886077, 0
2, 23, 12, 16, 872493995, 1060390103, 7, 2, 634651765, 0
2, 23, 12, 16, 872493995, 1060390103, 7, 1, 727013685, 1
2, 23, 12, 16, 872493995, 1060390103, 7, 0, 648280875, 0
2, 23, 12, 16, 872493995, 1060390103, 6, 3, 606512316, 0
2, 23, 12, 16, 872493995, 1060390103, 6, 2, 598330232, 0
2, 23, 12, 16, 872493995, 1060390103, 6, 1, 706593135, 1
2, 23, 12, 16, 872493995, 1060390103, 6, 0, 613965148, 0
2, 23, 12, 16, 872493995, 1060390103, 5, 3, 578309315, 0
2, 23, 12, 16, 872493995, 1060390103, 5, 2, 574407135, 0
2, 23, 12, 16, 872493995, 1060390103, 5, 1, 698042269, 1
2, 23, 12, 16, 872493995, 1060390103, 5, 0, 602075261, 0
2, 23, 12, 16, 872493995, 1060390103, 4, 3, 611424795, 0
2, 23, 12, 16, 872493995, 1060390103, 4, 2, 577205582, 0
2, 23, 12, 16, 872493995, 1060390103, 4, 1, 677433292, 1
2, 23, 12, 16, 872493995, 1060390103, 4, 0, 557836602, 0
2, 23, 12, 16, 872493995, 1060390103, 3, 3, 621072820, 0
2, 23, 12, 16, 872493995, 1060390103, 3, 2, 598544646, 0
2, 23, 12, 16, 872493995, 1060390103, 3, 1, 739961768, 1
2, 23, 12, 16, 872493995, 1060390103, 3, 0, 701337390, 0
2, 23, 12, 16, 872493995, 1060390103, 2, 3, 585456583, 0
2, 23, 12, 16, 872493995, 1060390103, 2, 2, 563856636, 0
2, 23, 12, 16, 872493995, 1060390103, 2, 1, 728407915, 1
2, 23, 12, 16, 872493995, 1060390103, 2, 0, 667668659, 0
2, 23, 12, 16, 872493995, 1060390103, 1, 3, 532656451, 0
2, 23, 12, 16, 872493995, 1060390103, 1, 2, 499037237, 0
2, 23, 12, 16, 872493995, 1060390103, 1, 1, 758693769, 1
2, 23, 12, 16, 872493995, 1060390103, 1, 0, 751319179, 0
2, 23, 12, 16, 872493995, 1060390103, 0, 3, 495045905, 1
2, 23, 12, 16, 872493995, 1060390103, 0, 2, 437428857, 1
2, 23, 12, 16, 872493995, 1060390103, 0, 1, 765305276, 1
2, 24, 12, 16, 1060390104, 1126472545, 7, 3, 548911200, 0
2, 24, 12, 16, 1060390104, 1126472545, 7, 2, 554589933, 0
2, 24, 12, 16, 1060390104, 1126472545, 7, 1, 594951099, 1
2, 24, 12, 16, 1060390104, 1126472545, 7, 0, 586028809, 0
2, 24, 12, 16, 1060390104, 1126472545, 6, 3, 520264757, 0
2, 24, 12, 16, 1060390104, 1126472545, 6, 2, 527303494, 0
2, 24, 12, 16, 1060390104, 1126472545, 6, 1, 575435086, 1
2, 24, 12, 16, 1060390104, 1126472545, 6, 0, 562972923, 0
2, 24, 12, 16, 1060390104, 1126472545, 5, 3, 482357808, 0
2, 24, 12, 16, 1060390104, 1126472545, 5, 2, 489248138, 0
2, 24, 12, 16, 1060390104, 1126472545, 5, 1, 542347746, 1
2, 24, 12, 16, 1060390104, 1126472545, 5, 0, 524536491, 0
2, 24, 12, 16, 1060390104, 1126472545, 4, 3, 472361665, 0
2, 24, 12, 16, 1060390104, 1126472545, 4, 2, 446528848, 0
2, 24, 12, 16, 1060390104, 1126472545, 4, 1, 508207477, 1
2, 24, 12, 16, 1060390104, 1126472545, 4, 0, 480005223, 0
2, 24, 12, 16, 1060390104, 1126472545, 3, 3, 456461215, 0
2, 24, 12, 16, 1060390104, 1126472545, 3, 2, 438254681, 0
2, 24, 12, 16, 1060390104, 1126472545, 3, 1, 540957362, 1
2, 24, 12, 16, 1060390104, 1126472545, 3, 0, 608123428, 0
2, 24, 12, 16, 1060390104, 1126472545, 2, 3, 485302789, 0
2, 24, 12, 16, 1060390104, 1126472545, 2, 2, 475536744, 0
2, 24, 12, 16, 1060390104, 1126472545, 2, 1, 622217493, 1
2, 24, 12, 16, 1060390104, 1126472545, 2, 0, 574378105, 0
2, 24, 12, 16, 1060390104, 1126472545, 1, 3, 436924389, 0
2, 24, 12, 16, 1060390104, 1126472545, 1, 2, 408239554, 0
2, 24, 12, 16, 1060390104, 1126472545, 1, 1, 605922196, 1
2, 24, 12, 16, 1060390104, 1126472545, 1, 0, 511094007, 0
2, 24, 12, 16, 1060390104, 1126472545, 0, 3, 433370338, 1
2, 24, 12, 16, 1060390104, 1126472545, 0, 2, 382085581, 1
2, 24, 12, 16, 1060390104, 1126472545, 0, 1, 652455572, 1
2, 25, 12, 16, 1126472546, 1240540126, 7, 3, 449117596, 1
2, 25, 12, 16, 1126472546, 1240540126, 7, 2, 460373088, 1
2, 25, 12, 16, 1126472546, 1240540126, 7, 1, 480479907, 1
2, 25, 12, 16, 1126472546, 1240540126, 7, 0, 465457803, 0
2, 25, 12, 16, 1126472546, 1240540126, 6, 3, 424164605, 1
2, 25, 12, 16, 1126472546, 1240540126, 6, 2, 437662784, 1
2, 25, 12, 16, 1126472546, 1240540126, 6, 1, 462541311, 1
2, 25, 12, 16, 1126472546, 1240540126, 6, 0, 443094150, 0
2, 25, 12, 16, 1126472546, 1240540126, 5, 3, 391235787, 1
2, 25, 12, 16, 1126472546, 1240540126, 5, 2, 405798668, 1
2, 25, 12, 16, 1126472546, 1240540126, 5, 1, 431604995, 1
2, 25, 12, 16, 1126472546, 1240540126, 5, 0, 405626845, 0
2, 25, 12, 16, 1126472546, 1240540126, 4, 3, 384567465, 1
2, 25, 12, 16, 1126472546, 1240540126, 4, 2, 371924008, 1
2, 25, 12, 16, 1126472546, 1240540126, 4, 1, 400571761, 1
2, 25, 12, 16, 1126472546, 1240540126, 4, 0, 362549267, 0
2, 25, 12, 16, 1126472546, 1240540126, 3, 3, 376576816, 1
2, 25, 12, 16, 1126472546, 1240540126, 3, 2, 374675739, 1
2, 25, 12, 16, 1126472546, 1240540126, 3, 1, 434050729, 1
2, 25, 12, 16, 1126472546, 1240540126, 3, 0, 483399022, 0
2, 25, 12, 16, 1126472546, 1240540126, 2, 3, 410385265, 1
2, 25, 12, 16, 1126472546, 1240540126, 2, 2, 419296801, 1
2, 25, 12, 16, 1126472546, 1240540126, 2, 1, 497493087, 1
2, 25, 12, 16, 1126472546, 1240540126, 2, 0, 449653699, 0
2, 25, 12, 16, 1126472546, 1240540126, 1, 3, 390467941, 1
2, 25, 12, 16, 1126472546, 1240540126, 1, 2, 393090289, 1
2, 25, 12, 16, 1126472546, 1240540126, 1, 1, 481197790, 1
2, 25, 12, 16, 1126472546, 1240540126, 1, 0, 386369601, 0
2, 25, 12, 16, 1126472546, 1240540126, 0, 3, 486934895, 1
2, 25, 12, 16, 1126472546, 1240540126, 0, 2, 524794620, 1
2, 25, 12, 16, 1126472546, 1240540126, 0, 1, 527731166, 1
2, 26, 12, 16, 1240540127, 1265022111, 7, 3, 63474157, 1
2, 26, 12, 16, 1240540127, 1265022111, 7, 2, 69517245, 1
2, 26, 12, 16, 1240540127, 1265022111, 7, 1, 70035626, 1
2, 26, 12, 16, 1240540127, 1265022111, 7, 0, 73807293, 0
2, 26, 12, 16, 1240540127, 1265022111, 6, 3, 72877735, 1
2, 26, 12, 16, 1240540127, 1265022111, 6, 2, 79944832, 1
2, 26, 12, 16, 1240540127, 1265022111, 6, 1, 80810337, 1
2, 26, 12, 16, 1240540127, 1265022111, 6, 0, 86108508, 0
2, 26, 12, 16, 1240540127, 1265022111, 5, 3, 85552124, 1
2, 26, 12, 16, 1240540127, 1265022111, 5, 2, 94052743, 1
2, 26, 12, 16, 1240540127, 1265022111, 5, 1, 95503126, 1
2, 26, 12, 16, 1240540127, 1265022111, 5, 0, 103330210, 0
2, 26, 12, 16, 1240540127, 1265022111, 4, 3, 103563097, 1
2, 26, 12, 16, 1240540127, 1265022111, 4, 2, 114206902, 1
2, 26, 12, 16, 1240540127, 1265022111, 4, 1, 116726043, 1
2, 26, 12, 16, 1240540127, 1265022111, 4, 0, 129162762, 0
2, 26, 12, 16, 1240540127, 1265022111, 3, 3, 131179923, 1
2, 26, 12, 16, 1240540127, 1265022111, 3, 2, 145354239, 1
2, 26, 12, 16, 1240540127, 1265022111, 3, 1, 150076340, 1
2, 26, 12, 16, 1240540127, 1265022111, 3, 0, 172217016, 0
2, 26, 12, 16, 1240540127, 1265022111, 2, 3, 172735778, 1
2, 26, 12, 16, 1240540127, 1265022111, 2, 2, 191411418, 1
2, 26, 12, 16, 1240540127, 1265022111, 2, 1, 196585819, 1
2, 26, 12, 16, 1240540127, 1265022111, 2, 0, 224522882, 0
2, 26, 12, 16, 1240540127, 1265022111, 1, 3, 236340265, 1
2, 26, 12, 16, 1240540127, 1265022111, 1, 2, 257115929, 1
2, 26, 12, 16, 1240540127, 1265022111, 1, 1, 245739132, 1
2, 26, 12, 16, 1240540127, 1265022111, 1, 0, 203334064, 0
2, 26, 12, 16, 1240540127, 1265022111, 0, 3, 327167489, 1
2, 26, 12, 16, 1240540127, 1265022111, 0, 2, 341759083, 1
2, 26, 12, 16, 1240540127, 1265022111, 0, 1, 344695629, 1
2, 27, 12, 16, 1265022112, 1275193417, 7, 3, 247178591, 1
2, 27, 12, 16, 1265022112, 1275193417, 7, 2, 252782775, 1
2, 27, 12, 16, 1265022112, 1275193417, 7, 1, 290979808, 1
2, 27, 12, 16, 1265022112, 1275193417, 7, 0, 331744046, 0
2, 27, 12, 16, 1265022112, 1275193417, 6, 3, 268968867, 1
2, 27, 12, 16, 1265022112, 1275193417, 6, 2, 290700191, 1
2, 27, 12, 16, 1265022112, 1275193417, 6, 1, 335745932, 1
2, 27, 12, 16, 1265022112, 1275193417, 6, 0, 387034721, 0
2, 27, 12, 16, 1265022112, 1275193417, 5, 3, 307863544, 1
2, 27, 12, 16, 1265022112, 1275193417, 5, 2, 342000224, 1
2, 27, 12, 16, 1265022112, 1275193417, 5, 1, 396790647, 1
2, 27, 12, 16, 1265022112, 1275193417, 5, 0, 464441665, 0
2, 27, 12, 16, 1265022112, 1275193417, 4, 3, 327002643, 1
2, 27, 12, 16, 1265022112, 1275193417, 4, 2, 353299466, 1
2, 27, 12, 16, 1265022112, 1275193417, 4, 1, 388542869, 1
2, 27, 12, 16, 1265022112, 1275193417, 4, 0, 363599259, 0
2, 27, 12, 16, 1265022112, 1275193417, 3, 3, 398399013, 1
2, 27, 12, 16, 1265022112, 1275193417, 3, 2, 448097453, 1
2, 27, 12, 16, 1265022112, 1275193417, 3, 1, 499555118, 1
2, 27, 12, 16, 1265022112, 1275193417, 3, 0, 484799011, 0
2, 27, 12, 16, 1265022112, 1275193417, 2, 3, 469205566, 1
2, 27, 12, 16, 1265022112, 1275193417, 2, 2, 514293501, 1
2, 27, 12, 16, 1265022112, 1275193417, 2, 1, 580421264, 1
2, 27, 12, 16, 1265022112, 1275193417, 2, 0, 533236210, 0
2, 27, 12, 16, 1265022112, 1275193417, 1, 3, 633294914, 1
2, 27, 12, 16, 1265022112, 1275193417, 1, 2, 721219131, 1
2, 27, 12, 16, 1265022112, 1275193417, 1, 1, 802449554, 1
2, 27, 12, 16, 1265022112, 1275193417, 1, 0, 653455836, 0
2, 27, 12, 16, 1265022112, 1275193417, 0, 3, 806639381, 1
2, 27, 12, 16, 1265022112, 1275193417, 0, 2, 897754046, 1
2, 27, 12, 16, 1265022112, 1275193417, 0, 1, 910217016, 1
2, 28, 12, 16, 1275193418, 1284885304, 7, 3, 40758370, 1
2, 28, 12, 16, 1275193418, 1284885304, 7, 2, 8396010, 1
2, 28, 12, 16, 1275193418, 1284885304, 7, 1, 9676400, 1
2, 28, 12, 16, 1275193418, 1284885304, 7, 0, 13924004, 0
2, 28, 12, 16, 1275193418, 1284885304, 6, 3, 18412426, 1
2, 28, 12, 16, 1275193418, 1284885304, 6, 2, 7508034, 1
2, 28, 12, 16, 1275193418, 1284885304, 6, 1, 8962639, 1
2, 28, 12, 16, 1275193418, 1284885304, 6, 0, 13858697, 0
2, 28, 12, 16, 1275193418, 1284885304, 5, 3, 3632060, 1
2, 28, 12, 16, 1275193418, 1284885304, 5, 2, 4247008, 1
2, 28, 12, 16, 1275193418, 1284885304, 5, 1, 4806238, 1
2, 28, 12, 16, 1275193418, 1284885304, 5, 0, 6764468, 0
2, 28, 12, 16, 1275193418, 1284885304, 4, 3, 4396704, 1
2, 28, 12, 16, 1275193418, 1284885304, 4, 2, 5157081, 1
2, 28, 12, 16, 1275193418, 1284885304, 4, 1, 5874291, 1
2, 28, 12, 16, 1275193418, 1284885304, 4, 0, 8455585, 0
2, 28, 12, 16, 1275193418, 1284885304, 3, 3, 5491517, 1
2, 28, 12, 16, 1275193418, 1284885304, 3, 2, 6563558, 1
2, 28, 12, 16, 1275193418, 1284885304, 3, 1, 7552660, 1
2, 28, 12, 16, 1275193418, 1284885304, 3, 0, 11274113, 0
2, 28, 12, 16, 1275193418, 1284885304, 2, 3, 7488432, 0
2, 28, 12, 16, 1275193418, 1284885304, 2, 2, 9024892, 1
2, 28, 12, 16, 1275193418, 1284885304, 2, 1, 10573724, 1
2, 28, 12, 16, 1275193418, 1284885304, 2, 0, 16911169, 0
2, 28, 12, 16, 1275193418, 1284885304, 1, 3, 10133017, 0
2, 28, 12, 16, 1275193418, 1284885304, 1, 2, 12151501, 0
2, 28, 12, 16, 1275193418, 1284885304, 1, 1, 13808996, 0
2, 28, 12, 16, 1275193418, 1284885304, 1, 0, 22380709, 0
2, 28, 12, 16, 1275193418, 1284885304, 0, 3, 15800819, 1
2, 28, 12, 16, 1275193418, 1284885304, 0, 2, 18614423, 1
2, 28, 12, 16, 1275193418, 1284885304, 0, 1, 17898329, 1
2, 29, 12, 16, 1284885305, 1304484498, 7, 3, 13036141, 0
2, 29, 12, 16, 1284885305, 1304484498, 7, 2, 14036327, 0
2, 29, 12, 16, 1284885305, 1304484498, 7, 1, 14494484, 0
2, 29, 12, 16, 1284885305, 1304484498, 7, 0, 16221594, 0
2, 29, 12, 16, 1284885305, 1304484498, 6, 3, 9328045, 0
2, 29, 12, 16, 1284885305, 1304484498, 6, 2, 10582340, 0
2, 29, 12, 16, 1284885305, 1304484498, 6, 1, 11330996, 0
2, 29, 12, 16, 1284885305, 1304484498, 6, 0, 12079456, 0
2, 29, 12, 16, 1284885305, 1304484498, 5, 3, 5592781, 0
2, 29, 12, 16, 1284885305, 1304484498, 5, 2, 5201384, 0
2, 29, 12, 16, 1284885305, 1304484498, 5, 1, 5923101, 0
2, 29, 12, 16, 1284885305, 1304484498, 5, 0, 6280462, 0
2, 29, 12, 16, 1284885305, 1304484498, 4, 3, 3597826, 0
2, 29, 12, 16, 1284885305, 1304484498, 4, 2, 3397907, 0
2, 29, 12, 16, 1284885305, 1304484498, 4, 1, 4148069, 0
2, 29, 12, 16, 1284885305, 1304484498, 4, 0, 5415994, 0
2, 29, 12, 16, 1284885305, 1304484498, 3, 3, 1994773, 0
2, 29, 12, 16, 1284885305, 1304484498, 3, 2, 1762639, 0
2, 29, 12, 16, 1284885305, 1304484498, 3, 1, 2539099, 0
2, 29, 12, 16, 1284885305, 1304484498, 3, 0, 3714961, 0
2, 29, 12, 16, 1284885305, 1304484498, 2, 3, 1921328, 0
2, 29, 12, 16, 1284885305, 1304484498, 2, 2, 2111961, 0
2, 29, 12, 16, 1284885305, 1304484498, 2, 1, 3056071, 0
2, 29, 12, 16, 1284885305, 1304484498, 2, 0, 4325772, 0
2, 29, 12, 16, 1284885305, 1304484498, 1, 3, 1783295, 1
2, 29, 12, 16, 1284885305, 1304484498, 1, 2, 1648829, 1
2, 29, 12, 16, 1284885305, 1304484498, 1, 1, 2209604, 1
2, 29, 12, 16, 1284885305, 1304484498, 1, 0, 1, 0
2, 29, 12, 16, 1284885305, 1304484498, 0, 3, 1412974, 1
2, 29, 12, 16, 1284885305, 1304484498, 0, 2, 1, 1
2, 29, 12, 16, 1284885305, 1304484498, 0, 1, 1, 1
2, 30, 12, 16, 1304484499, 1329333058, 7, 3, 24729902, 0
2, 30, 12, 16, 1304484499, 1329333058, 7, 2, 20773819, 0
2, 30, 12, 16, 1304484499, 1329333058, 7, 1, 24692829, 0
2, 30, 12, 16, 1304484499, 1329333058, 7, 0, 27460779, 0
2, 30, 12, 16, 1304484499, 1329333058, 6, 3, 10292314, 0
2, 30, 12, 16, 1304484499, 1329333058, 6, 2, 9054019, 0
2, 30, 12, 16, 1304484499, 1329333058, 6, 1, 8093567, 0
2, 30, 12, 16, 1304484499, 1329333058, 6, 0, 11279044, 0
2, 30, 12, 16, 1304484499, 1329333058, 5, 3, 5126265, 0
2, 30, 12, 16, 1304484499, 1329333058, 5, 2, 4767532, 0
2, 30, 12, 16, 1304484499, 1329333058, 5, 1, 3502559, 0
2, 30, 12, 16, 1304484499, 1329333058, 5, 0, 6866030, 0
2, 30, 12, 16, 1304484499, 1329333058, 4, 3, 925382, 0
2, 30, 12, 16, 1304484499, 1329333058, 4, 2, 771756, 0
2, 30, 12, 16, 1304484499, 1329333058, 4, 1, 180977, 0
2, 30, 12, 16, 1304484499, 1329333058, 4, 0, 246510, 0
2, 30, 12, 16, 1304484499, 1329333058, 3, 3, 316716, 1
2, 30, 12, 16, 1304484499, 1329333058, 3, 2, 431886, 1
2, 30, 12, 16, 1304484499, 1329333058, 3, 1, 91822, 1
2, 30, 12, 16, 1304484499, 1329333058, 3, 0, 1, 0
2, 30, 12, 16, 1304484499, 1329333058, 2, 3, 1, 1
2, 30, 12, 16, 1304484499, 1329333058, 2, 2, 1, 1
2, 30, 12, 16, 1304484499, 1329333058, 2, 1, 1, 1
2, 30, 12, 16, 1304484499, 1329333058, 2, 0, 1, 0
2, 30, 12, 16, 1304484499, 1329333058, 1, 3, 1, 1
2, 30, 12, 16, 1304484499, 1329333058, 1, 2, 1, 1
2, 30, 12, 16, 1304484499, 1329333058, 1, 1, 1, 1
2, 30, 12, 16, 1304484499, 1329333058, 1, 0, 1, 0
2, 30, 12, 16, 1304484499, 1329333058, 0, 3, 1, 1
2, 30, 12, 16, 1304484499, 1329333058, 0, 2, 1, 1
2, 30, 12, 16, 1304484499, 1329333058, 0, 1, 1, 1
2, 31, 12, 16, 1329333059, 1357762816, 7, 3, 366439020, 0
2, 31, 12, 16, 1329333059, 1357762816, 7, 2, 329174465, 0
2, 31, 12, 16, 1329333059, 1357762816, 7, 1, 351144543, 0
2, 31, 12, 16, 1329333059, 1357762816, 7, 0, 365299009, 0
2, 31, 12, 16, 1329333059, 1357762816, 6, 3, 276784586, 0
2, 31, 12, 16, 1329333059, 1357762816, 6, 2, 258455827, 0
2, 31, 12, 16, 1329333059, 1357762816, 6, 1, 220405538, 0
2, 31, 12, 16, 1329333059, 1357762816, 6, 0, 224950351, 0
2, 31, 12, 16, 1329333059, 1357762816, 5, 3, 185591210, 0
2, 31, 12, 16, 1329333059, 1357762816, 5, 2, 179834535, 0
2, 31, 12, 16, 1329333059, 1357762816, 5, 1, 141333657, 0
2, 31, 12, 16, 1329333059, 1357762816, 5, 0, 178717276, 0
2, 31, 12, 16, 1329333059, 1357762816, 4, 3, 154350426, 0
2, 31, 12, 16, 1329333059, 1357762816, 4, 2, 144684446, 0
2, 31, 12, 16, 1329333059, 1357762816, 4, 1, 94535691, 0
2, 31, 12, 16, 1329333059, 1357762816, 4, 0, 101693512, 0
2, 31, 12, 16, 1329333059, 1357762816, 3, 3, 175513345, 0
2, 31, 12, 16, 1329333059, 1357762816, 3, 2, 161132519, 0
2, 31, 12, 16, 1329333059, 1357762816, 3, 1, 121545889, 0
2, 31, 12, 16, 1329333059, 1357762816, 3, 0, 135591349, 0
2, 31, 12, 16, 1329333059, 1357762816, 2, 3, 141076810, 0
2, 31, 12, 16, 1329333059, 1357762816, 2, 2, 112150878, 0
2, 31, 12, 16, 1329333059, 1357762816, 2, 1, 35457407, 0
2, 31, 12, 16, 1329333059, 1357762816, 2, 0, 88643517, 0
2, 31, 12, 16, 1329333059, 1357762816, 1, 3, 113936880, 0
2, 31, 12, 16, 1329333059, 1357762816, 1, 2, 95756242, 0
2, 31, 12, 16, 1329333059, 1357762816, 1, 1, 25631640, 0
2, 31, 12, 16, 1329333059, 1357762816, 1, 0, 76894919, 0
2, 31, 12, 16, 1329333059, 1357762816, 0, 3, 56340641, 1
2, 31, 12, 16, 1329333059, 1357762816, 0, 2, 59725809, 1
2, 31, 12, 16, 1329333059, 1357762816, 0, 1, 1, 1
2, 32, 12, 16, 1357762817, 1406136445, 7, 3, 86983109, 0
2, 32, 12, 16, 1357762817, 1406136445, 7, 2, 117238104, 0
2, 32, 12, 16, 1357762817, 1406136445, 7, 1, 155830996, 0
2, 32, 12, 16, 1357762817, 1406136445, 7, 0, 169404148, 0
2, 32, 12, 16, 1357762817, 1406136445, 6, 3, 61543825, 0
2, 32, 12, 16, 1357762817, 1406136445, 6, 2, 83084163, 0
2, 32, 12, 16, 1357762817, 1406136445, 6, 1, 100205524, 0
2, 32, 12, 16, 1357762817, 1406136445, 6, 0, 85647368, 0
2, 32, 12, 16, 1357762817, 1406136445, 5, 3, 18452118, 0
2, 32, 12, 16, 1357762817, 1406136445, 5, 2, 24964631, 0
2, 32, 12, 16, 1357762817, 1406136445, 5, 1, 38581702, 0
2, 32, 12, 16, 1357762817, 1406136445, 5, 0, 17526423, 0
2, 32, 12, 16, 1357762817, 1406136445, 4, 3, 22336775, 0
2, 32, 12, 16, 1357762817, 1406136445, 4, 2, 30314194, 0
2, 32, 12, 16, 1357762817, 1406136445, 4, 1, 47155413, 0
2, 32, 12, 16, 1357762817, 1406136445, 4, 0, 21908029, 0
2, 32, 12, 16, 1357762817, 1406136445, 3, 3, 28293248, 0
2, 32, 12, 16, 1357762817, 1406136445, 3, 2, 38581702, 0
2, 32, 12, 16, 1357762817, 1406136445, 3, 1, 60628388, 0
2, 32, 12, 16, 1357762817, 1406136445, 3, 0, 29210705, 0
2, 32, 12, 16, 1357762817, 1406136445, 2, 3, 30615146, 1
2, 32, 12, 16, 1357762817, 1406136445, 2, 2, 42095825, 1
2, 32, 12, 16, 1357762817, 1406136445, 2, 1, 67353320, 1
2, 32, 12, 16, 1357762817, 1406136445, 2, 0, 1, 0
2, 32, 12, 16, 1357762817, 1406136445, 1, 3, 48109515, 1
2, 32, 12, 16, 1357762817, 1406136445, 1, 2, 67353320, 1
2, 32, 12, 16, 1357762817, 1406136445, 1, 1, 112255533, 1
2, 32, 12, 16, 1357762817, 1406136445, 1, 0, 1, 0
2, 32, 12, 16, 1357762817, 1406136445, 0, 3, 1, 1
2, 32, 12, 16, 1357762817, 1406136445, 0, 2, 1, 1
2, 32, 12, 16, 1357762817, 1406136445, 0, 1, 1, 1
2, 33, 12, 16, 1406136446, 1486780488, 7, 3, 71245374, 0
2, 33, 12, 16, 1406136446, 1486780488, 7, 2, 67755743, 0
2, 33, 12, 16, 1406136446, 1486780488, 7, 1, 73090001, 0
2, 33, 12, 16, 1406136446, 1486780488, 7, 0, 117499798, 0
2, 33, 12, 16, 1406136446, 1486780488, 6, 3, 61384647, 0
2, 33, 12, 16, 1406136446, 1486780488, 6, 2, 64662501, 0
2, 33, 12, 16, 1406136446, 1486780488, 6, 1, 63939843, 0
2, 33, 12, 16, 1406136446, 1486780488, 6, 0, 92894422, 0
2, 33, 12, 16, 1406136446, 1486780488, 5, 3, 46539576, 0
2, 33, 12, 16, 1406136446, 1486780488, 5, 2, 41545577, 0
2, 33, 12, 16, 1406136446, 1486780488, 5, 1, 48165073, 0
2, 33, 12, 16, 1406136446, 1486780488, 5, 0, 60234522, 0
2, 33, 12, 16, 1406136446, 1486780488, 4, 3, 29901210, 0
2, 33, 12, 16, 1406136446, 1486780488, 4, 2, 28965434, 0
2, 33, 12, 16, 1406136446, 1486780488, 4, 1, 32983325, 0
2, 33, 12, 16, 1406136446, 1486780488, 4, 0, 52604941, 0
2, 33, 12, 16, 1406136446, 1486780488, 3, 3, 10849794, 0
2, 33, 12, 16, 1406136446, 1486780488, 3, 2, 6325926, 0
2, 33, 12, 16, 1406136446, 1486780488, 3, 1, 9940740, 0
2, 33, 12, 16, 1406136446, 1486780488, 3, 0, 23195060, 0
2, 33, 12, 16, 1406136446, 1486780488, 2, 3, 6325926, 0
2, 33, 12, 16, 1406136446, 1486780488, 2, 2, 8698148, 0
2, 33, 12, 16, 1406136446, 1486780488, 2, 1, 13917036, 0
2, 33, 12, 16, 1406136446, 1486780488, 2, 0, 34792589, 0
2, 33, 12, 16, 1406136446, 1486780488, 1, 3, 2783286, 0
2, 33, 12, 16, 1406136446, 1486780488, 1, 2, 3896600, 0
2, 33, 12, 16, 1406136446, 1486780488, 1, 1, 6494333, 0
2, 33, 12, 16, 1406136446, 1486780488, 1, 0, 19482999, 0
2, 33, 12, 16, 1406136446, 1486780488, 0, 3, 1, 1
2, 33, 12, 16, 1406136446, 1486780488, 0, 2, 1, 1
2, 33, 12, 16, 1406136446, 1486780488, 0, 1, 1, 1
2, 34, 12, 16, 1486780489, 1613938976, 7, 3, 217409683, 1
2, 34, 12, 16, 1486780489, 1613938976, 7, 2, 228272796, 1
2, 34, 12, 16, 1486780489, 1613938976, 7, 1, 281552235, 1
2, 34, 12, 16, 1486780489, 1613938976, 7, 0, 329493640, 0
2, 34, 12, 16, 1486780489, 1613938976, 6, 3, 211652348, 0
2, 34, 12, 16, 1486780489, 1613938976, 6, 2, 243358268, 0
2, 34, 12, 16, 1486780489, 1613938976, 6, 1, 295398044, 0
2, 34, 12, 16, 1486780489, 1613938976, 6, 0, 384409247, 0
2, 34, 12, 16, 1486780489, 1613938976, 5, 3, 198220192, 1
2, 34, 12, 16, 1486780489, 1613938976, 5, 2, 218330374, 1
2, 34, 12, 16, 1486780489, 1613938976, 5, 1, 244056871, 1
2, 34, 12, 16, 1486780489, 1613938976, 5, 0, 324637629, 0
2, 34, 12, 16, 1486780489, 1613938976, 4, 3, 239950758, 0
2, 34, 12, 16, 1486780489, 1613938976, 4, 2, 265115454, 0
2, 34, 12, 16, 1486780489, 1613938976, 4, 1, 298291731, 0
2, 34, 12, 16, 1486780489, 1613938976, 4, 0, 405797036, 0
2, 34, 12, 16, 1486780489, 1613938976, 3, 3, 219768291, 0
2, 34, 12, 16, 1486780489, 1613938976, 3, 2, 261888337, 0
2, 34, 12, 16, 1486780489, 1613938976, 3, 1, 264825847, 0
2, 34, 12, 16, 1486780489, 1613938976, 3, 0, 370226396, 0
2, 34, 12, 16, 1486780489, 1613938976, 2, 3, 241145131, 1
2, 34, 12, 16, 1486780489, 1613938976, 2, 2, 279605474, 1
2, 34, 12, 16, 1486780489, 1613938976, 2, 1, 280955557, 1
2, 34, 12, 16, 1486780489, 1613938976, 2, 0, 330838022, 0
2, 34, 12, 16, 1486780489, 1613938976, 1, 3, 302072883, 1
2, 34, 12, 16, 1486780489, 1613938976, 1, 2, 362564986, 1
2, 34, 12, 16, 1486780489, 1613938976, 1, 1, 347316605, 1
2, 34, 12, 16, 1486780489, 1613938976, 1, 0, 298848073, 0
2, 34, 12, 16, 1486780489, 1613938976, 0, 3, 342147006, 1
2, 34, 12, 16, 1486780489, 1613938976, 0, 2, 362377884, 1
2, 34, 12, 16, 1486780489, 1613938976, 0, 1, 348214265, 1
2, 35, 12, 16, 1613938977, 1676779974, 7, 3, 35673221, 0
2, 35, 12, 16, 1613938977, 1676779974, 7, 2, 44500100, 0
2, 35, 12, 16, 1613938977, 1676779974, 7, 1, 64735895, 0
2, 35, 12, 16, 1613938977, 1676779974, 7, 0, 101706527, 0
2, 35, 12, 16, 1613938977, 1676779974, 6, 3, 40958143, 0
2, 35, 12, 16, 1613938977, 1676779974, 6, 2, 51175115, 0
2, 35, 12, 16, 1613938977, 1676779974, 6, 1, 74695263, 0
2, 35, 12, 16, 1613938977, 1676779974, 6, 0, 118657615, 0
2, 35, 12, 16, 1613938977, 1676779974, 5, 3, 48081298, 0
2, 35, 12, 16, 1613938977, 1676779974, 5, 2, 60206017, 0
2, 35, 12, 16, 1613938977, 1676779974, 5, 1, 88276220, 0
2, 35, 12, 16, 1613938977, 1676779974, 5, 0, 142389137, 0
2, 35, 12, 16, 1613938977, 1676779974, 4, 3, 58203676, 0
2, 35, 12, 16, 1613938977, 1676779974, 4, 2, 73107307, 0
2, 35, 12, 16, 1613938977, 1676779974, 4, 1, 107893158, 0
2, 35, 12, 16, 1613938977, 1676779974, 4, 0, 177986422, 0
2, 35, 12, 16, 1613938977, 1676779974, 3, 3, 52992264, 0
2, 35, 12, 16, 1613938977, 1676779974, 3, 2, 64774219, 0
2, 35, 12, 16, 1613938977, 1676779974, 3, 1, 94293219, 0
2, 35, 12, 16, 1613938977, 1676779974, 3, 0, 160664680, 0
2, 35, 12, 16, 1613938977, 1676779974, 2, 3, 53016569, 0
2, 35, 12, 16, 1613938977, 1676779974, 2, 2, 62601838, 0
2, 35, 12, 16, 1613938977, 1676779974, 2, 1, 89670166, 0
2, 35, 12, 16, 1613938977, 1676779974, 2, 0, 135146171, 0
2, 35, 12, 16, 1613938977, 1676779974, 1, 3, 62312434, 0
2, 35, 12, 16, 1613938977, 1676779974, 1, 2, 70763898, 0
2, 35, 12, 16, 1613938977, 1676779974, 1, 1, 100451872, 0
2, 35, 12, 16, 1613938977, 1676779974, 1, 0, 123297126, 0
2, 35, 12, 16, 1613938977, 1676779974, 0, 3, 50061730, 1
2, 35, 12, 16, 1613938977, 1676779974, 0, 2, 33908821, 1
2, 35, 12, 16, 1613938977, 1676779974, 0, 1, 67817641, 1
2, 36, 12, 16, 1676779975, 1801321529, 7, 3, 16530732, 0
2, 36, 12, 16, 1676779975, 1801321529, 7, 2, 22280552, 0
2, 36, 12, 16, 1676779975, 1801321529, 7, 1, 31058658, 0
2, 36, 12, 16, 1676779975, 1801321529, 7, 0, 57724428, 0
2, 36, 12, 16, 1676779975, 1801321529, 6, 3, 18979729, 0
2, 36, 12, 16, 1676779975, 1801321529, 6, 2, 25622635, 0
2, 36, 12, 16, 1676779975, 1801321529, 6, 1, 35836913, 0
2, 36, 12, 16, 1676779975, 1801321529, 6, 0, 67345166, 0
2, 36, 12, 16, 1676779975, 1801321529, 5, 3, 22280552, 0
2, 36, 12, 16, 1676779975, 1801321529, 5, 2, 30144276, 0
2, 36, 12, 16, 1676779975, 1801321529, 5, 1, 42352716, 0
2, 36, 12, 16, 1676779975, 1801321529, 5, 0, 80814199, 0
2, 36, 12, 16, 1676779975, 1801321529, 4, 3, 26971194, 0
2, 36, 12, 16, 1676779975, 1801321529, 4, 2, 36603763, 0
2, 36, 12, 16, 1676779975, 1801321529, 4, 1, 51764430, 0
2, 36, 12, 16, 1676779975, 1801321529, 4, 0, 101017749, 0
2, 36, 12, 16, 1676779975, 1801321529, 3, 3, 22738296, 0
2, 36, 12, 16, 1676779975, 1801321529, 3, 2, 31006767, 0
2, 36, 12, 16, 1676779975, 1801321529, 3, 1, 42071661, 0
2, 36, 12, 16, 1676779975, 1801321529, 3, 0, 77564250, 0
2, 36, 12, 16, 1676779975, 1801321529, 2, 3, 18880513, 0
2, 36, 12, 16, 1676779975, 1801321529, 2, 2, 25960705, 0
2, 36, 12, 16, 1676779975, 1801321529, 2, 1, 32222565, 0
2, 36, 12, 16, 1676779975, 1801321529, 2, 0, 49651975, 0
2, 36, 12, 16, 1676779975, 1801321529, 1, 3, 15483099, 1
2, 36, 12, 16, 1676779975, 1801321529, 1, 2, 21676338, 1
2, 36, 12, 16, 1676779975, 1801321529, 1, 1, 20602958, 1
2, 36, 12, 16, 1676779975, 1801321529, 1, 0, 1, 0
2, 36, 12, 16, 1676779975, 1801321529, 0, 3, 1, 1
2, 36, 12, 16, 1676779975, 1801321529, 0, 2, 1, 1
2, 36, 12, 16, 1676779975, 1801321529, 0, 1, 1, 1
2, 37, 12, 16, 1801321530, 1892359787, 7, 3, 9906707, 0
2, 37, 12, 16, 1801321530, 1892359787, 7, 2, 13352517, 0
2, 37, 12, 16, 1801321530, 1892359787, 7, 1, 19197452, 0
2, 37, 12, 16, 1801321530, 1892359787, 7, 0, 28913537, 0
2, 37, 12, 16, 1801321530, 1892359787, 6, 3, 11374367, 0
2, 37, 12, 16, 1801321530, 1892359787, 6, 2, 15355395, 0
2, 37, 12, 16, 1801321530, 1892359787, 6, 1, 22150906, 0
2, 37, 12, 16, 1801321530, 1892359787, 6, 0, 33732459, 0
2, 37, 12, 16, 1801321530, 1892359787, 5, 3, 13352517, 0
2, 37, 12, 16, 1801321530, 1892359787, 5, 2, 18065170, 0
2, 37, 12, 16, 1801321530, 1892359787, 5, 1, 26178344, 0
2, 37, 12, 16, 1801321530, 1892359787, 5, 0, 40478951, 0
2, 37, 12, 16, 1801321530, 1892359787, 4, 3, 16163574, 0
2, 37, 12, 16, 1801321530, 1892359787, 4, 2, 21936278, 0
2, 37, 12, 16, 1801321530, 1892359787, 4, 1, 31995753, 0
2, 37, 12, 16, 1801321530, 1892359787, 4, 0, 50598689, 0
2, 37, 12, 16, 1801321530, 1892359787, 3, 3, 14428476, 0
2, 37, 12, 16, 1801321530, 1892359787, 3, 2, 19675194, 0
2, 37, 12, 16, 1801321530, 1892359787, 3, 1, 28183002, 0
2, 37, 12, 16, 1801321530, 1892359787, 3, 0, 37237997, 0
2, 37, 12, 16, 1801321530, 1892359787, 2, 3, 10320460, 0
2, 37, 12, 16, 1801321530, 1892359787, 2, 2, 14190632, 0
2, 37, 12, 16, 1801321530, 1892359787, 2, 1, 18875789, 0
2, 37, 12, 16, 1801321530, 1892359787, 2, 0, 29533881, 0
2, 37, 12, 16, 1801321530, 1892359787, 1, 3, 12159426, 0
2, 37, 12, 16, 1801321530, 1892359787, 1, 2, 17023197, 0
2, 37, 12, 16, 1801321530, 1892359787, 1, 1, 21989956, 0
2, 37, 12, 16, 1801321530, 1892359787, 1, 0, 30658688, 0
2, 37, 12, 16, 1801321530, 1892359787, 0, 3, 4015000, 1
2, 37, 12, 16, 1801321530, 1892359787, 0, 2, 6022500, 1
2, 37, 12, 16, 1801321530, 1892359787, 0, 1, 1, 1
2, 38, 12, 16, 1892359788, 2000012312, 7, 3, 6884167, 0
2, 38, 12, 16, 1892359788, 2000012312, 7, 2, 9278659, 0
2, 38, 12, 16, 1892359788, 2000012312, 7, 1, 12839605, 0
2, 38, 12, 16, 1892359788, 2000012312, 7, 0, 25007828, 0
2, 38, 12, 16, 1892359788, 2000012312, 6, 3, 7904043, 0
2, 38, 12, 16, 1892359788, 2000012312, 6, 2, 10670458, 0
2, 38, 12, 16, 1892359788, 2000012312, 6, 1, 14814929, 0
2, 38, 12, 16, 1892359788, 2000012312, 6, 0, 29175800, 0
2, 38, 12, 16, 1892359788, 2000012312, 5, 3, 9278659, 0
2, 38, 12, 16, 1892359788, 2000012312, 5, 2, 12553480, 0
2, 38, 12, 16, 1892359788, 2000012312, 5, 1, 17508553, 0
2, 38, 12, 16, 1892359788, 2000012312, 5, 0, 35010960, 0
2, 38, 12, 16, 1892359788, 2000012312, 4, 3, 11232061, 0
2, 38, 12, 16, 1892359788, 2000012312, 4, 2, 15243511, 0
2, 38, 12, 16, 1892359788, 2000012312, 4, 1, 21399342, 0
2, 38, 12, 16, 1892359788, 2000012312, 4, 0, 43763699, 0
2, 38, 12, 16, 1892359788, 2000012312, 3, 3, 7267629, 0
2, 38, 12, 16, 1892359788, 2000012312, 3, 2, 9910403, 0
2, 38, 12, 16, 1892359788, 2000012312, 3, 1, 12599908, 0
2, 38, 12, 16, 1892359788, 2000012312, 3, 0, 23553359, 0
2, 38, 12, 16, 1892359788, 2000012312, 2, 3, 4706066, 0
2, 38, 12, 16, 1892359788, 2000012312, 2, 2, 6470841, 0
2, 38, 12, 16, 1892359788, 2000012312, 2, 1, 6190330, 0
2, 38, 12, 16, 1892359788, 2000012312, 2, 0, 11144688, 0
2, 38, 12, 16, 1892359788, 2000012312, 1, 3, 4211050, 1
2, 38, 12, 16, 1892359788, 2000012312, 1, 2, 5895470, 1
2, 38, 12, 16, 1892359788, 2000012312, 1, 1, 2887425, 1
2, 38, 12, 16, 1892359788, 2000012312, 1, 0, 1, 0
2, 38, 12, 16, 1892359788, 2000012312, 0, 3, 1, 1
2, 38, 12, 16, 1892359788, 2000012312, 0, 2, 1, 1
2, 38, 12, 16, 1892359788, 2000012312, 0, 1, 1, 1
2, 39, 12, 16, 2000012313, 2053525976, 7, 3, 207547417, 0
2, 39, 12, 16, 2000012313, 2053525976, 7, 2, 183827022, 0
2, 39, 12, 16, 2000012313, 2053525976, 7, 1, 177956062, 0
2, 39, 12, 16, 2000012313, 2053525976, 7, 0, 190860053, 0
2, 39, 12, 16, 2000012313, 2053525976, 6, 3, 99090552, 0
2, 39, 12, 16, 2000012313, 2053525976, 6, 2, 87660947, 0
2, 39, 12, 16, 2000012313, 2053525976, 6, 1, 103415187, 0
2, 39, 12, 16, 2000012313, 2053525976, 6, 0, 122538571, 0
2, 39, 12, 16, 2000012313, 2053525976, 5, 3, 103510761, 0
2, 39, 12, 16, 2000012313, 2053525976, 5, 2, 85795385, 0
2, 39, 12, 16, 2000012313, 2053525976, 5, 1, 101400231, 0
2, 39, 12, 16, 2000012313, 2053525976, 5, 0, 124989935, 0
2, 39, 12, 16, 2000012313, 2053525976, 4, 3, 33208068, 0
2, 39, 12, 16, 2000012313, 2053525976, 4, 2, 22760031, 0
2, 39, 12, 16, 2000012313, 2053525976, 4, 1, 28030449, 0
2, 39, 12, 16, 2000012313, 2053525976, 4, 0, 57909043, 0
2, 39, 12, 16, 2000012313, 2053525976, 3, 3, 2008177, 1
2, 39, 12, 16, 2000012313, 2053525976, 3, 2, 2248603, 1
2, 39, 12, 16, 2000012313, 2053525976, 3, 1, 2948267, 1
2, 39, 12, 16, 2000012313, 2053525976, 3, 0, 1, 0
2, 39, 12, 16, 2000012313, 2053525976, 2, 3, 2248603, 1
2, 39, 12, 16, 2000012313, 2053525976, 2, 2, 3091829, 1
2, 39, 12, 16, 2000012313, 2053525976, 2, 1, 4127574, 1
2, 39, 12, 16, 2000012313, 2053525976, 2, 0, 1, 0
2, 39, 12, 16, 2000012313, 2053525976, 1, 3, 3533519, 1
2, 39, 12, 16, 2000012313, 2053525976, 1, 2, 4946926, 1
2, 39, 12, 16, 2000012313, 2053525976, 1, 1, 6879289, 1
2, 39, 12, 16, 2000012313, 2053525976, 1, 0, 1, 0
2, 39, 12, 16, 2000012313, 2053525976, 0, 3, 1344803, 1
2, 39, 12, 16, 2000012313, 2053525976, 0, 2, 2017204, 1
2, 39, 12, 16, 2000012313, 2053525976, 0, 1, 4034408, 1
2, 40, 12, 16, 2053525977, 2077596629, 7, 3, 39150314, 0
2, 40, 12, 16, 2053525977, 2077596629, 7, 2, 47431558, 0
2, 40, 12, 16, 2053525977, 2077596629, 7, 1, 64351447, 0
2, 40, 12, 16, 2053525977, 2077596629, 7, 0, 74413211, 0
2, 40, 12, 16, 2053525977, 2077596629, 6, 3, 41634245, 0
2, 40, 12, 16, 2053525977, 2077596629, 6, 2, 51188725, 0
2, 40, 12, 16, 2053525977, 2077596629, 6, 1, 70808012, 0
2, 40, 12, 16, 2053525977, 2077596629, 6, 0, 83084783, 0
2, 40, 12, 16, 2053525977, 2077596629, 5, 3, 44982152, 0
2, 40, 12, 16, 2053525977, 2077596629, 5, 2, 56271951, 0
2, 40, 12, 16, 2053525977, 2077596629, 5, 1, 79612418, 0
2, 40, 12, 16, 2053525977, 2077596629, 5, 0, 95224985, 0
2, 40, 12, 16, 2053525977, 2077596629, 4, 3, 49739705, 0
2, 40, 12, 16, 2053525977, 2077596629, 4, 2, 63533703, 0
2, 40, 12, 16, 2053525977, 2077596629, 4, 1, 92329893, 0
2, 40, 12, 16, 2053525977, 2077596629, 4, 0, 113435286, 0
2, 40, 12, 16, 2053525977, 2077596629, 3, 3, 41551826, 0
2, 40, 12, 16, 2053525977, 2077596629, 3, 2, 53643511, 0
2, 40, 12, 16, 2053525977, 2077596629, 3, 1, 79137085, 0
2, 40, 12, 16, 2053525977, 2077596629, 3, 0, 58910567, 0
2, 40, 12, 16, 2053525977, 2077596629, 2, 3, 24463417, 1
2, 40, 12, 16, 2053525977, 2077596629, 2, 2, 32285323, 1
2, 40, 12, 16, 2053525977, 2077596629, 2, 1, 47179762, 1
2, 40, 12, 16, 2053525977, 2077596629, 2, 0, 1, 0
2, 40, 12, 16, 2053525977, 2077596629, 1, 3, 1, 1
2, 40, 12, 16, 2053525977, 2077596629, 1, 2, 1, 1
2, 40, 12, 16, 2053525977, 2077596629, 1, 1, 1, 1
2, 40, 12, 16, 2053525977, 2077596629, 1, 0, 1, 0
2, 40, 12, 16, 2053525977, 2077596629, 0, 3, 1, 1
2, 40, 12, 16, 2053525977, 2077596629, 0, 2, 1, 1
2, 40, 12, 16, 2053525977, 2077596629, 0, 1, 1, 1
2, 41, 12, 16, 2077596630, 2096458027, 7, 3, 263816445, 0
2, 41, 12, 16, 2077596630, 2096458027, 7, 2, 254552255, 0
2, 41, 12, 16, 2077596630, 2096458027, 7, 1, 236146736, 0
2, 41, 12, 16, 2077596630, 2096458027, 7, 0, 194620144, 0
2, 41, 12, 16, 2077596630, 2096458027, 6, 3, 302900362, 0
2, 41, 12, 16, 2077596630, 2096458027, 6, 2, 292735094, 0
2, 41, 12, 16, 2077596630, 2096458027, 6, 1, 272477003, 0
2, 41, 12, 16, 2077596630, 2096458027, 6, 0, 227056835, 0
2, 41, 12, 16, 2077596630, 2096458027, 5, 3, 247008140, 0
2, 41, 12, 16, 2077596630, 2096458027, 5, 2, 248771187, 0
2, 41, 12, 16, 2077596630, 2096458027, 5, 1, 249248628, 0
2, 41, 12, 16, 2077596630, 2096458027, 5, 0, 272468202, 0
2, 41, 12, 16, 2077596630, 2096458027, 4, 3, 162801655, 0
2, 41, 12, 16, 2077596630, 2096458027, 4, 2, 165656097, 0
2, 41, 12, 16, 2077596630, 2096458027, 4, 1, 171040074, 0
2, 41, 12, 16, 2077596630, 2096458027, 4, 0, 174091459, 0
2, 41, 12, 16, 2077596630, 2096458027, 3, 3, 118565232, 0
2, 41, 12, 16, 2077596630, 2096458027, 3, 2, 121334505, 0
2, 41, 12, 16, 2077596630, 2096458027, 3, 1, 127005878, 0
2, 41, 12, 16, 2077596630, 2096458027, 3, 0, 121680480, 0
2, 41, 12, 16, 2077596630, 2096458027, 2, 3, 68832689, 0
2, 41, 12, 16, 2077596630, 2096458027, 2, 2, 76787427, 0
2, 41, 12, 16, 2077596630, 2096458027, 2, 1, 81457410, 0
2, 41, 12, 16, 2077596630, 2096458027, 2, 0, 68495468, 0
2, 41, 12, 16, 2077596630, 2096458027, 1, 3, 34573433, 0
2, 41, 12, 16, 2077596630, 2096458027, 1, 2, 42324435, 0
2, 41, 12, 16, 2077596630, 2096458027, 1, 1, 54592334, 0
2, 41, 12, 16, 2077596630, 2096458027, 1, 0, 31657896, 0
2, 41, 12, 16, 2077596630, 2096458027, 0, 3, 1, 1
2, 41, 12, 16, 2077596630, 2096458027, 0, 2, 1, 1
2, 41, 12, 16, 2077596630, 2096458027, 0, 1, 1, 1
