1,1.0,99782798.0,2042529594.5513234
2,99782799.0,141703578.0,3379817736.1529136
3,141703579.0,176464829.0,3121351593.884614
4,176464830.0,203895355.0,3296533855.447625
5,203895356.0,278073933.0,3086930828.803935
6,278073934.0,302403471.0,3367575387.6356134
7,302403472.0,404148684.0,3177537089.4363375
8,404148685.0,422982975.0,3338148107.4151316
9,422982976.0,450568878.0,3907322659.6302986
10,450568879.0,520235386.0,3718492856.9896426
11,520235387.0,561618952.0,3925804366.489006
12,561618953.0,674612178.0,3722957179.8928337
13,674612179.0,713493124.0,4022292459.750604
14,713493125.0,735787400.0,3697420632.874641
15,735787401.0,775754905.0,3891009083.291676
16,775754906.0,855398319.0,3596780191.697397
17,855398320.0,921549702.0,3841272435.4446898
18,921549703.0,945096258.0,3983513053.5751004
19,945096259.0,968784252.0,3250255760.8782654
20,968784253.0,1021784348.0,3134766682.5675907
21,1021784349.0,1073225740.0,3471496979.3101645
22,1073225741.0,1102079529.0,3177271859.66773
23,1102079530.0,1142746656.0,3642544697.2461057
24,1142746657.0,1164907349.0,3283603078.0554347
25,1164907350.0,1206901313.0,3633306409.6913977
26,1206901314.0,1287147515.0,3176061760.8771873
27,1287147516.0,1316425608.0,3670030204.720896
28,1316425609.0,1338091949.0,3721715692.4619536
29,1338091950.0,1382011955.0,3884247964.802807
30,1382011956.0,1546466179.0,3676293044.853935
31,1546466180.0,1602105060.0,3597402582.049662
32,1602105061.0,1683812166.0,3498201783.764078
33,1683812167.0,1736996440.0,3359909509.4574203
34,1736996441.0,1788385700.0,2837840479.3751917
35,1788385701.0,1803805530.0,3459591186.3880234
36,1803805531.0,1880321966.0,3486072102.385881
37,1880321967.0,1909941733.0,4148228083.469007
38,1909941734.0,1929549972.0,3729936472.610978
39,1929549973.0,1965031405.0,2940299646.2310266
40,1965031406.0,2141439896.0,3331889328.1349506
41,2141439897.0,2196025834.0,3740136656.050683
