0, 1, 15, 16, 1, 99782798, 4, 3, 9738708, 1
0, 1, 15, 16, 1, 99782798, 4, 2, 7010130, 1
0, 1, 15, 16, 1, 99782798, 4, 1, 4612711, 0
0, 1, 15, 16, 1, 99782798, 4, 0, 8972249, 0
0, 1, 15, 16, 1, 99782798, 3, 3, 11650914, 1
0, 1, 15, 16, 1, 99782798, 3, 2, 7988190, 1
0, 1, 15, 16, 1, 99782798, 3, 1, 4463237, 0
0, 1, 15, 16, 1, 99782798, 3, 0, 8539086, 0
0, 1, 15, 16, 1, 99782798, 2, 3, 11953844, 1
0, 1, 15, 16, 1, 99782798, 2, 2, 10244757, 0
0, 1, 15, 16, 1, 99782798, 2, 1, 5526347, 0
0, 1, 15, 16, 1, 99782798, 2, 0, 12378884, 0
0, 1, 15, 16, 1, 99782798, 1, 3, 12783423, 1
0, 1, 15, 16, 1, 99782798, 1, 2, 9795830, 1
0, 1, 15, 16, 1, 99782798, 1, 1, 1941107, 0
0, 1, 15, 16, 1, 99782798, 1, 0, 2949352, 0
0, 1, 15, 16, 1, 99782798, 0, 3, 13589570, 1
0, 1, 15, 16, 1, 99782798, 0, 2, 11910848, 1
0, 1, 15, 16, 1, 99782798, 0, 1, 2873969, 1
0, 2, 15, 16, 99782799, 141703578, 4, 3, 11873849, 0
0, 2, 15, 16, 99782799, 141703578, 4, 2, 16114510, 0
0, 2, 15, 16, 99782799, 141703578, 4, 1, 25067015, 0
0, 2, 15, 16, 99782799, 141703578, 4, 0, 43096644, 0
0, 2, 15, 16, 99782799, 141703578, 3, 3, 6347662, 0
0, 2, 15, 16, 99782799, 141703578, 3, 2, 8655902, 0
0, 2, 15, 16, 99782799, 141703578, 3, 1, 13602132, 0
0, 2, 15, 16, 99782799, 141703578, 3, 0, 20698662, 0
0, 2, 15, 16, 99782799, 141703578, 2, 3, 8265414, 0
0, 2, 15, 16, 99782799, 141703578, 2, 2, 11364944, 0
0, 2, 15, 16, 99782799, 141703578, 2, 1, 18183909, 0
0, 2, 15, 16, 99782799, 141703578, 2, 0, 31047993, 0
0, 2, 15, 16, 99782799, 141703578, 1, 3, 9961885, 0
0, 2, 15, 16, 99782799, 141703578, 1, 2, 13946639, 0
0, 2, 15, 16, 99782799, 141703578, 1, 1, 23244397, 0
0, 2, 15, 16, 99782799, 141703578, 1, 0, 62095985, 0
0, 2, 15, 16, 99782799, 141703578, 0, 3, 1, 1
0, 2, 15, 16, 99782799, 141703578, 0, 2, 1, 1
0, 2, 15, 16, 99782799, 141703578, 0, 1, 1, 1
0, 3, 15, 16, 141703579, 176464829, 4, 3, 3365293, 0
0, 3, 15, 16, 141703579, 176464829, 4, 2, 4567184, 0
0, 3, 15, 16, 141703579, 176464829, 4, 1, 7104507, 0
0, 3, 15, 16, 141703579, 176464829, 4, 0, 4740132, 0
0, 3, 15, 16, 141703579, 176464829, 3, 3, 3307867, 0
0, 3, 15, 16, 141703579, 176464829, 3, 2, 4510727, 0
0, 3, 15, 16, 141703579, 176464829, 3, 1, 7088285, 0
0, 3, 15, 16, 141703579, 176464829, 3, 0, 6320175, 0
0, 3, 15, 16, 141703579, 176464829, 2, 3, 2284439, 0
0, 3, 15, 16, 141703579, 176464829, 2, 2, 3141103, 0
0, 3, 15, 16, 141703579, 176464829, 2, 1, 5025765, 0
0, 3, 15, 16, 141703579, 176464829, 2, 0, 9480263, 0
0, 3, 15, 16, 141703579, 176464829, 1, 3, 3589832, 0
0, 3, 15, 16, 141703579, 176464829, 1, 2, 5025765, 0
0, 3, 15, 16, 141703579, 176464829, 1, 1, 8376274, 0
0, 3, 15, 16, 141703579, 176464829, 1, 0, 18960525, 0
0, 3, 15, 16, 141703579, 176464829, 0, 3, 1, 1
0, 3, 15, 16, 141703579, 176464829, 0, 2, 1, 1
0, 3, 15, 16, 141703579, 176464829, 0, 1, 1, 1
0, 4, 15, 16, 176464830, 203895355, 4, 3, 3006957, 0
0, 4, 15, 16, 176464830, 203895355, 4, 2, 3297383, 0
0, 4, 15, 16, 176464830, 203895355, 4, 1, 1740508, 0
0, 4, 15, 16, 176464830, 203895355, 4, 0, 2296296, 0
0, 4, 15, 16, 176464830, 203895355, 3, 3, 391728, 0
0, 4, 15, 16, 176464830, 203895355, 3, 2, 534174, 0
0, 4, 15, 16, 176464830, 203895355, 3, 1, 839416, 0
0, 4, 15, 16, 176464830, 203895355, 3, 0, 1555357, 0
0, 4, 15, 16, 176464830, 203895355, 2, 3, 109986, 1
0, 4, 15, 16, 176464830, 203895355, 2, 2, 151231, 1
0, 4, 15, 16, 176464830, 203895355, 2, 1, 241969, 1
0, 4, 15, 16, 176464830, 203895355, 2, 0, 1, 0
0, 4, 15, 16, 176464830, 203895355, 1, 3, 172835, 1
0, 4, 15, 16, 176464830, 203895355, 1, 2, 241969, 1
0, 4, 15, 16, 176464830, 203895355, 1, 1, 403281, 1
0, 4, 15, 16, 176464830, 203895355, 1, 0, 1, 0
0, 4, 15, 16, 176464830, 203895355, 0, 3, 403281, 1
0, 4, 15, 16, 176464830, 203895355, 0, 2, 604921, 1
0, 4, 15, 16, 176464830, 203895355, 0, 1, 1209842, 1
0, 5, 15, 16, 203895356, 278073933, 4, 3, 18526904, 0
0, 5, 15, 16, 203895356, 278073933, 4, 2, 25143655, 1
0, 5, 15, 16, 203895356, 278073933, 4, 1, 39112352, 1
0, 5, 15, 16, 203895356, 278073933, 4, 0, 23491155, 0
0, 5, 15, 16, 203895356, 278073933, 3, 3, 14030937, 1
0, 5, 15, 16, 203895356, 278073933, 3, 2, 19133096, 1
0, 5, 15, 16, 203895356, 278073933, 3, 1, 30066294, 1
0, 5, 15, 16, 203895356, 278073933, 3, 0, 4450345, 0
0, 5, 15, 16, 203895356, 278073933, 2, 3, 15424479, 1
0, 5, 15, 16, 203895356, 278073933, 2, 2, 21208658, 1
0, 5, 15, 16, 203895356, 278073933, 2, 1, 33933853, 1
0, 5, 15, 16, 203895356, 278073933, 2, 0, 6675517, 0
0, 5, 15, 16, 203895356, 278073933, 1, 3, 16581549, 1
0, 5, 15, 16, 203895356, 278073933, 1, 2, 23214169, 1
0, 5, 15, 16, 203895356, 278073933, 1, 1, 38690281, 1
0, 5, 15, 16, 203895356, 278073933, 1, 0, 1, 0
0, 5, 15, 16, 203895356, 278073933, 0, 3, 19622070, 1
0, 5, 15, 16, 203895356, 278073933, 0, 2, 29433105, 1
0, 5, 15, 16, 203895356, 278073933, 0, 1, 58866210, 1
0, 6, 15, 16, 278073934, 302403471, 4, 3, 7242836, 0
0, 6, 15, 16, 278073934, 302403471, 4, 2, 9829563, 0
0, 6, 15, 16, 278073934, 302403471, 4, 1, 15290430, 0
0, 6, 15, 16, 278073934, 302403471, 4, 0, 23532057, 0
0, 6, 15, 16, 278073934, 302403471, 3, 3, 7040776, 0
0, 6, 15, 16, 278073934, 302403471, 3, 2, 9601058, 0
0, 6, 15, 16, 278073934, 302403471, 3, 1, 15087377, 0
0, 6, 15, 16, 278073934, 302403471, 3, 0, 31376075, 0
0, 6, 15, 16, 278073934, 302403471, 2, 3, 4429439, 0
0, 6, 15, 16, 278073934, 302403471, 2, 2, 6090479, 0
0, 6, 15, 16, 278073934, 302403471, 2, 1, 9744766, 0
0, 6, 15, 16, 278073934, 302403471, 2, 0, 21574395, 0
0, 6, 15, 16, 278073934, 302403471, 1, 3, 576863, 1
0, 6, 15, 16, 278073934, 302403471, 1, 2, 807608, 1
0, 6, 15, 16, 278073934, 302403471, 1, 1, 1346013, 1
0, 6, 15, 16, 278073934, 302403471, 1, 0, 1, 0
0, 6, 15, 16, 278073934, 302403471, 0, 3, 1, 1
0, 6, 15, 16, 278073934, 302403471, 0, 2, 1, 1
0, 6, 15, 16, 278073934, 302403471, 0, 1, 1, 1
0, 7, 15, 16, 302403472, 404148684, 4, 3, 1, 1
0, 7, 15, 16, 302403472, 404148684, 4, 2, 1, 1
0, 7, 15, 16, 302403472, 404148684, 4, 1, 1, 1
0, 7, 15, 16, 302403472, 404148684, 4, 0, 1, 0
0, 7, 15, 16, 302403472, 404148684, 3, 3, 1, 1
0, 7, 15, 16, 302403472, 404148684, 3, 2, 1, 1
0, 7, 15, 16, 302403472, 404148684, 3, 1, 1, 1
0, 7, 15, 16, 302403472, 404148684, 3, 0, 1, 0
0, 7, 15, 16, 302403472, 404148684, 2, 3, 1, 1
0, 7, 15, 16, 302403472, 404148684, 2, 2, 1, 1
0, 7, 15, 16, 302403472, 404148684, 2, 1, 1, 1
0, 7, 15, 16, 302403472, 404148684, 2, 0, 1, 0
0, 7, 15, 16, 302403472, 404148684, 1, 3, 1, 1
0, 7, 15, 16, 302403472, 404148684, 1, 2, 1, 1
0, 7, 15, 16, 302403472, 404148684, 1, 1, 1, 1
0, 7, 15, 16, 302403472, 404148684, 1, 0, 1, 0
0, 7, 15, 16, 302403472, 404148684, 0, 3, 1, 1
0, 7, 15, 16, 302403472, 404148684, 0, 2, 1, 1
0, 7, 15, 16, 302403472, 404148684, 0, 1, 1, 1
0, 8, 15, 16, 404148685, 422982975, 4, 3, 2764399, 0
0, 8, 15, 16, 404148685, 422982975, 4, 2, 3751685, 0
0, 8, 15, 16, 404148685, 422982975, 4, 1, 5835954, 1
0, 8, 15, 16, 404148685, 422982975, 4, 0, 9769469, 0
0, 8, 15, 16, 404148685, 422982975, 3, 3, 896381, 1
0, 8, 15, 16, 404148685, 422982975, 3, 2, 1222337, 1
0, 8, 15, 16, 404148685, 422982975, 3, 1, 1920816, 1
0, 8, 15, 16, 404148685, 422982975, 3, 0, 1, 0
0, 8, 15, 16, 404148685, 422982975, 2, 3, 1222337, 1
0, 8, 15, 16, 404148685, 422982975, 2, 2, 1680714, 1
0, 8, 15, 16, 404148685, 422982975, 2, 1, 2689142, 1
0, 8, 15, 16, 404148685, 422982975, 2, 0, 1, 0
0, 8, 15, 16, 404148685, 422982975, 1, 3, 1920816, 1
0, 8, 15, 16, 404148685, 422982975, 1, 2, 2689142, 1
0, 8, 15, 16, 404148685, 422982975, 1, 1, 4481903, 1
0, 8, 15, 16, 404148685, 422982975, 1, 0, 1, 0
0, 8, 15, 16, 404148685, 422982975, 0, 3, 4481903, 1
0, 8, 15, 16, 404148685, 422982975, 0, 2, 6722854, 1
0, 8, 15, 16, 404148685, 422982975, 0, 1, 13445707, 1
0, 9, 15, 16, 422982976, 450568878, 4, 3, 6081504, 0
0, 9, 15, 16, 422982976, 450568878, 4, 2, 8253469, 1
0, 9, 15, 16, 422982976, 450568878, 4, 1, 12838730, 1
0, 9, 15, 16, 422982976, 450568878, 4, 0, 17086340, 0
0, 9, 15, 16, 422982976, 450568878, 3, 3, 3402339, 1
0, 9, 15, 16, 422982976, 450568878, 3, 2, 4639553, 1
0, 9, 15, 16, 422982976, 450568878, 3, 1, 7290726, 1
0, 9, 15, 16, 422982976, 450568878, 3, 0, 1277290, 0
0, 9, 15, 16, 422982976, 450568878, 2, 3, 4639553, 1
0, 9, 15, 16, 422982976, 450568878, 2, 2, 6379385, 1
0, 9, 15, 16, 422982976, 450568878, 2, 1, 10207016, 1
0, 9, 15, 16, 422982976, 450568878, 2, 0, 1915934, 0
0, 9, 15, 16, 422982976, 450568878, 1, 3, 6743316, 1
0, 9, 15, 16, 422982976, 450568878, 1, 2, 9440642, 1
0, 9, 15, 16, 422982976, 450568878, 1, 1, 15734403, 1
0, 9, 15, 16, 422982976, 450568878, 1, 0, 1, 0
0, 9, 15, 16, 422982976, 450568878, 0, 3, 15734403, 1
0, 9, 15, 16, 422982976, 450568878, 0, 2, 23601605, 1
0, 9, 15, 16, 422982976, 450568878, 0, 1, 47203209, 1
0, 10, 15, 16, 450568879, 520235386, 4, 3, 2347477, 0
0, 10, 15, 16, 450568879, 520235386, 4, 2, 3185862, 0
0, 10, 15, 16, 450568879, 520235386, 4, 1, 4955785, 0
0, 10, 15, 16, 450568879, 520235386, 4, 0, 6741604, 0
0, 10, 15, 16, 450568879, 520235386, 3, 3, 1, 1
0, 10, 15, 16, 450568879, 520235386, 3, 2, 1, 1
0, 10, 15, 16, 450568879, 520235386, 3, 1, 1, 1
0, 10, 15, 16, 450568879, 520235386, 3, 0, 1, 0
0, 10, 15, 16, 450568879, 520235386, 2, 3, 1, 1
0, 10, 15, 16, 450568879, 520235386, 2, 2, 1, 1
0, 10, 15, 16, 450568879, 520235386, 2, 1, 1, 1
0, 10, 15, 16, 450568879, 520235386, 2, 0, 1, 0
0, 10, 15, 16, 450568879, 520235386, 1, 3, 1, 1
0, 10, 15, 16, 450568879, 520235386, 1, 2, 1, 1
0, 10, 15, 16, 450568879, 520235386, 1, 1, 1, 1
0, 10, 15, 16, 450568879, 520235386, 1, 0, 1, 0
0, 10, 15, 16, 450568879, 520235386, 0, 3, 1, 1
0, 10, 15, 16, 450568879, 520235386, 0, 2, 1, 1
0, 10, 15, 16, 450568879, 520235386, 0, 1, 1, 1
0, 11, 15, 16, 520235387, 561618952, 4, 3, 3487642, 0
0, 11, 15, 16, 520235387, 561618952, 4, 2, 4733228, 0
0, 11, 15, 16, 520235387, 561618952, 4, 1, 7362799, 0
0, 11, 15, 16, 520235387, 561618952, 4, 0, 8798927, 0
0, 11, 15, 16, 520235387, 561618952, 3, 3, 820884, 0
0, 11, 15, 16, 520235387, 561618952, 3, 2, 1119386, 0
0, 11, 15, 16, 520235387, 561618952, 3, 1, 1759036, 0
0, 11, 15, 16, 520235387, 561618952, 3, 0, 35574, 0
0, 11, 15, 16, 520235387, 561618952, 2, 3, 1119386, 0
0, 11, 15, 16, 520235387, 561618952, 2, 2, 1539156, 0
0, 11, 15, 16, 520235387, 561618952, 2, 1, 2462650, 0
0, 11, 15, 16, 520235387, 561618952, 2, 0, 53360, 0
0, 11, 15, 16, 520235387, 561618952, 1, 3, 1721583, 1
0, 11, 15, 16, 520235387, 561618952, 1, 2, 2410216, 1
0, 11, 15, 16, 520235387, 561618952, 1, 1, 4017026, 1
0, 11, 15, 16, 520235387, 561618952, 1, 0, 1, 0
0, 11, 15, 16, 520235387, 561618952, 0, 3, 1, 1
0, 11, 15, 16, 520235387, 561618952, 0, 2, 1, 1
0, 11, 15, 16, 520235387, 561618952, 0, 1, 1, 1
0, 12, 15, 16, 561618953, 674612178, 4, 3, 72615296, 0
0, 12, 15, 16, 561618953, 674612178, 4, 2, 69676924, 0
0, 12, 15, 16, 561618953, 674612178, 4, 1, 74929243, 0
0, 12, 15, 16, 561618953, 674612178, 4, 0, 108001457, 0
0, 12, 15, 16, 561618953, 674612178, 3, 3, 68217186, 0
0, 12, 15, 16, 561618953, 674612178, 3, 2, 65912440, 0
0, 12, 15, 16, 561618953, 674612178, 3, 1, 78311428, 0
0, 12, 15, 16, 561618953, 674612178, 3, 0, 129648867, 0
0, 12, 15, 16, 561618953, 674612178, 2, 3, 78342891, 0
0, 12, 15, 16, 561618953, 674612178, 2, 2, 71840032, 0
0, 12, 15, 16, 561618953, 674612178, 2, 1, 81373308, 0
0, 12, 15, 16, 561618953, 674612178, 2, 0, 163655149, 0
0, 12, 15, 16, 561618953, 674612178, 1, 3, 76442913, 0
0, 12, 15, 16, 561618953, 674612178, 1, 2, 65507028, 0
0, 12, 15, 16, 561618953, 674612178, 1, 1, 79586796, 0
0, 12, 15, 16, 561618953, 674612178, 1, 0, 182563943, 0
0, 12, 15, 16, 561618953, 674612178, 0, 3, 52236130, 1
0, 12, 15, 16, 561618953, 674612178, 0, 2, 36700022, 1
0, 12, 15, 16, 561618953, 674612178, 0, 1, 1, 1
0, 13, 15, 16, 674612179, 713493124, 4, 3, 17089064, 0
0, 13, 15, 16, 674612179, 713493124, 4, 2, 17480913, 0
0, 13, 15, 16, 674612179, 713493124, 4, 1, 21872043, 0
0, 13, 15, 16, 674612179, 713493124, 4, 0, 26458499, 0
0, 13, 15, 16, 674612179, 713493124, 3, 3, 13326809, 0
0, 13, 15, 16, 674612179, 713493124, 3, 2, 14148933, 0
0, 13, 15, 16, 674612179, 713493124, 3, 1, 15393410, 0
0, 13, 15, 16, 674612179, 713493124, 3, 0, 17838001, 0
0, 13, 15, 16, 674612179, 713493124, 2, 3, 17494369, 0
0, 13, 15, 16, 674612179, 713493124, 2, 2, 18521773, 0
0, 13, 15, 16, 674612179, 713493124, 2, 1, 20057959, 0
0, 13, 15, 16, 674612179, 713493124, 2, 0, 23024962, 0
0, 13, 15, 16, 674612179, 713493124, 1, 3, 9661528, 1
0, 13, 15, 16, 674612179, 713493124, 1, 2, 4673365, 1
0, 13, 15, 16, 674612179, 713493124, 1, 1, 919420, 0
0, 13, 15, 16, 674612179, 713493124, 1, 0, 2758258, 0
0, 13, 15, 16, 674612179, 713493124, 0, 3, 3286461, 1
0, 13, 15, 16, 674612179, 713493124, 0, 2, 4929692, 1
0, 13, 15, 16, 674612179, 713493124, 0, 1, 1, 1
0, 14, 15, 16, 713493125, 735787400, 4, 3, 13347397, 0
0, 14, 15, 16, 713493125, 735787400, 4, 2, 16157744, 0
0, 14, 15, 16, 713493125, 735787400, 4, 1, 10054585, 0
0, 14, 15, 16, 713493125, 735787400, 4, 0, 7366056, 0
0, 14, 15, 16, 713493125, 735787400, 3, 3, 8037663, 1
0, 14, 15, 16, 713493125, 735787400, 3, 2, 10409181, 1
0, 14, 15, 16, 713493125, 735787400, 3, 1, 5422289, 1
0, 14, 15, 16, 713493125, 735787400, 3, 0, 1, 0
0, 14, 15, 16, 713493125, 735787400, 2, 3, 10960450, 1
0, 14, 15, 16, 713493125, 735787400, 2, 2, 14312623, 1
0, 14, 15, 16, 713493125, 735787400, 2, 1, 7591204, 1
0, 14, 15, 16, 713493125, 735787400, 2, 0, 1, 0
0, 14, 15, 16, 713493125, 735787400, 1, 3, 5281296, 1
0, 14, 15, 16, 713493125, 735787400, 1, 2, 6181022, 1
0, 14, 15, 16, 713493125, 735787400, 1, 1, 5909445, 1
0, 14, 15, 16, 713493125, 735787400, 1, 0, 1, 0
0, 14, 15, 16, 713493125, 735787400, 0, 3, 2021321, 1
0, 14, 15, 16, 713493125, 735787400, 0, 2, 1, 1
0, 14, 15, 16, 713493125, 735787400, 0, 1, 1, 1
0, 15, 15, 16, 735787401, 775754905, 4, 3, 2085968, 0
0, 15, 15, 16, 735787401, 775754905, 4, 2, 2830957, 0
0, 15, 15, 16, 735787401, 775754905, 4, 1, 2350204, 0
0, 15, 15, 16, 735787401, 775754905, 4, 0, 2693116, 0
0, 15, 15, 16, 735787401, 775754905, 3, 3, 2642226, 0
0, 15, 15, 16, 735787401, 775754905, 3, 2, 3603036, 0
0, 15, 15, 16, 735787401, 775754905, 3, 1, 3021691, 0
0, 15, 15, 16, 735787401, 775754905, 3, 0, 3590821, 0
0, 15, 15, 16, 735787401, 775754905, 2, 3, 2639755, 0
0, 15, 15, 16, 735787401, 775754905, 2, 2, 3629663, 0
0, 15, 15, 16, 735787401, 775754905, 2, 1, 2111150, 0
0, 15, 15, 16, 735787401, 775754905, 2, 0, 88188, 0
0, 15, 15, 16, 735787401, 775754905, 1, 3, 1482768, 1
0, 15, 15, 16, 735787401, 775754905, 1, 2, 2075875, 1
0, 15, 15, 16, 735787401, 775754905, 1, 1, 3459791, 1
0, 15, 15, 16, 735787401, 775754905, 1, 0, 1, 0
0, 15, 15, 16, 735787401, 775754905, 0, 3, 1, 1
0, 15, 15, 16, 735787401, 775754905, 0, 2, 1, 1
0, 15, 15, 16, 735787401, 775754905, 0, 1, 1, 1
0, 16, 15, 16, 775754906, 855398319, 4, 3, 7976611, 0
0, 16, 15, 16, 775754906, 855398319, 4, 2, 9005970, 0
0, 16, 15, 16, 775754906, 855398319, 4, 1, 12594173, 0
0, 16, 15, 16, 775754906, 855398319, 4, 0, 16310339, 0
0, 16, 15, 16, 775754906, 855398319, 3, 3, 3027650, 0
0, 16, 15, 16, 775754906, 855398319, 3, 2, 2970794, 0
0, 16, 15, 16, 775754906, 855398319, 3, 1, 4668391, 0
0, 16, 15, 16, 775754906, 855398319, 3, 0, 2430555, 0
0, 16, 15, 16, 775754906, 855398319, 2, 3, 4128614, 0
0, 16, 15, 16, 775754906, 855398319, 2, 2, 4084842, 0
0, 16, 15, 16, 775754906, 855398319, 2, 1, 6535747, 0
0, 16, 15, 16, 775754906, 855398319, 2, 0, 3645833, 0
0, 16, 15, 16, 775754906, 855398319, 1, 3, 5446155, 1
0, 16, 15, 16, 775754906, 855398319, 1, 2, 5077414, 1
0, 16, 15, 16, 775754906, 855398319, 1, 1, 8462356, 1
0, 16, 15, 16, 775754906, 855398319, 1, 0, 1, 0
0, 16, 15, 16, 775754906, 855398319, 0, 3, 1, 1
0, 16, 15, 16, 775754906, 855398319, 0, 2, 1, 1
0, 16, 15, 16, 775754906, 855398319, 0, 1, 1, 1
0, 17, 15, 16, 855398320, 921549702, 4, 3, 6985476, 0
0, 17, 15, 16, 855398320, 921549702, 4, 2, 6658190, 0
0, 17, 15, 16, 855398320, 921549702, 4, 1, 8123350, 0
0, 17, 15, 16, 855398320, 921549702, 4, 0, 8256986, 0
0, 17, 15, 16, 855398320, 921549702, 3, 3, 2749848, 1
0, 17, 15, 16, 855398320, 921549702, 3, 2, 3527332, 1
0, 17, 15, 16, 855398320, 921549702, 3, 1, 2670877, 0
0, 17, 15, 16, 855398320, 921549702, 3, 0, 1768523, 0
0, 17, 15, 16, 855398320, 921549702, 2, 3, 3267468, 1
0, 17, 15, 16, 855398320, 921549702, 2, 2, 4186886, 1
0, 17, 15, 16, 855398320, 921549702, 2, 1, 2678114, 1
0, 17, 15, 16, 855398320, 921549702, 2, 0, 1, 0
0, 17, 15, 16, 855398320, 921549702, 1, 3, 2162143, 1
0, 17, 15, 16, 855398320, 921549702, 1, 2, 2537588, 1
0, 17, 15, 16, 855398320, 921549702, 1, 1, 1, 1
0, 17, 15, 16, 855398320, 921549702, 1, 0, 1, 0
0, 17, 15, 16, 855398320, 921549702, 0, 3, 4229313, 1
0, 17, 15, 16, 855398320, 921549702, 0, 2, 6343969, 1
0, 17, 15, 16, 855398320, 921549702, 0, 1, 1, 1
0, 18, 15, 16, 921549703, 945096258, 4, 3, 43899657, 1
0, 18, 15, 16, 921549703, 945096258, 4, 2, 41389904, 1
0, 18, 15, 16, 921549703, 945096258, 4, 1, 27028230, 1
0, 18, 15, 16, 921549703, 945096258, 4, 0, 22908469, 0
0, 18, 15, 16, 921549703, 945096258, 3, 3, 38578918, 1
0, 18, 15, 16, 921549703, 945096258, 3, 2, 41206440, 1
0, 18, 15, 16, 921549703, 945096258, 3, 1, 32748585, 1
0, 18, 15, 16, 921549703, 945096258, 3, 0, 30544625, 0
0, 18, 15, 16, 921549703, 945096258, 2, 3, 49148701, 1
0, 18, 15, 16, 921549703, 945096258, 2, 2, 51902849, 1
0, 18, 15, 16, 921549703, 945096258, 2, 1, 38238409, 1
0, 18, 15, 16, 921549703, 945096258, 2, 0, 32262478, 0
0, 18, 15, 16, 921549703, 945096258, 1, 3, 59884821, 1
0, 18, 15, 16, 921549703, 945096258, 1, 2, 58756166, 1
0, 18, 15, 16, 921549703, 945096258, 1, 1, 48170840, 1
0, 18, 15, 16, 921549703, 945096258, 1, 0, 28419359, 0
0, 18, 15, 16, 921549703, 945096258, 0, 3, 52366219, 1
0, 18, 15, 16, 921549703, 945096258, 0, 2, 55605966, 1
0, 18, 15, 16, 921549703, 945096258, 0, 1, 60235087, 1
0, 19, 15, 16, 945096259, 968784252, 4, 3, 242692278, 1
0, 19, 15, 16, 945096259, 968784252, 4, 2, 168479686, 1
0, 19, 15, 16, 945096259, 968784252, 4, 1, 1, 1
0, 19, 15, 16, 945096259, 968784252, 4, 0, 1, 0
0, 19, 15, 16, 945096259, 968784252, 3, 3, 223622016, 1
0, 19, 15, 16, 945096259, 968784252, 3, 2, 159823533, 1
0, 19, 15, 16, 945096259, 968784252, 3, 1, 1, 1
0, 19, 15, 16, 945096259, 968784252, 3, 0, 1, 0
0, 19, 15, 16, 945096259, 968784252, 2, 3, 210278212, 1
0, 19, 15, 16, 945096259, 968784252, 2, 2, 150985011, 1
0, 19, 15, 16, 945096259, 968784252, 2, 1, 1, 1
0, 19, 15, 16, 945096259, 968784252, 2, 0, 1, 0
0, 19, 15, 16, 945096259, 968784252, 1, 3, 252091269, 1
0, 19, 15, 16, 945096259, 968784252, 1, 2, 134955653, 1
0, 19, 15, 16, 945096259, 968784252, 1, 1, 1, 1
0, 19, 15, 16, 945096259, 968784252, 1, 0, 1, 0
0, 19, 15, 16, 945096259, 968784252, 0, 3, 363882158, 1
0, 19, 15, 16, 945096259, 968784252, 0, 2, 276134992, 1
0, 19, 15, 16, 945096259, 968784252, 0, 1, 1, 1
0, 20, 15, 16, 968784253, 1021784348, 4, 3, 198628634, 1
0, 20, 15, 16, 968784253, 1021784348, 4, 2, 135085682, 1
0, 20, 15, 16, 968784253, 1021784348, 4, 1, 1, 1
0, 20, 15, 16, 968784253, 1021784348, 4, 0, 1, 0
0, 20, 15, 16, 968784253, 1021784348, 3, 3, 186357233, 1
0, 20, 15, 16, 968784253, 1021784348, 3, 2, 125674223, 1
0, 20, 15, 16, 968784253, 1021784348, 3, 1, 1, 1
0, 20, 15, 16, 968784253, 1021784348, 3, 0, 1, 0
0, 20, 15, 16, 968784253, 1021784348, 2, 3, 169886039, 1
0, 20, 15, 16, 968784253, 1021784348, 2, 2, 114601785, 1
0, 20, 15, 16, 968784253, 1021784348, 2, 1, 1, 1
0, 20, 15, 16, 968784253, 1021784348, 2, 0, 1, 0
0, 20, 15, 16, 968784253, 1021784348, 1, 3, 202333448, 1
0, 20, 15, 16, 968784253, 1021784348, 1, 2, 92880397, 1
0, 20, 15, 16, 968784253, 1021784348, 1, 1, 1, 1
0, 20, 15, 16, 968784253, 1021784348, 1, 0, 1, 0
0, 20, 15, 16, 968784253, 1021784348, 0, 3, 309024463, 1
0, 20, 15, 16, 968784253, 1021784348, 0, 2, 232200991, 1
0, 20, 15, 16, 968784253, 1021784348, 0, 1, 1, 1
0, 21, 15, 16, 1021784349, 1073225740, 4, 3, 147043441, 1
0, 21, 15, 16, 1021784349, 1073225740, 4, 2, 112138623, 1
0, 21, 15, 16, 1021784349, 1073225740, 4, 1, 1, 1
0, 21, 15, 16, 1021784349, 1073225740, 4, 0, 1, 0
0, 21, 15, 16, 1021784349, 1073225740, 3, 3, 135796628, 1
0, 21, 15, 16, 1021784349, 1073225740, 3, 2, 108494395, 1
0, 21, 15, 16, 1021784349, 1073225740, 3, 1, 1, 1
0, 21, 15, 16, 1021784349, 1073225740, 3, 0, 1, 0
0, 21, 15, 16, 1021784349, 1073225740, 2, 3, 127346412, 1
0, 21, 15, 16, 1021784349, 1073225740, 2, 2, 106187418, 1
0, 21, 15, 16, 1021784349, 1073225740, 2, 1, 1, 1
0, 21, 15, 16, 1021784349, 1073225740, 2, 0, 1, 0
0, 21, 15, 16, 1021784349, 1073225740, 1, 3, 167026712, 1
0, 21, 15, 16, 1021784349, 1073225740, 1, 2, 123575159, 1
0, 21, 15, 16, 1021784349, 1073225740, 1, 1, 1, 1
0, 21, 15, 16, 1021784349, 1073225740, 1, 0, 1, 0
0, 21, 15, 16, 1021784349, 1073225740, 0, 3, 145102330, 1
0, 21, 15, 16, 1021784349, 1073225740, 0, 2, 118155569, 1
0, 21, 15, 16, 1021784349, 1073225740, 0, 1, 1, 1
0, 22, 15, 16, 1073225741, 1102079529, 4, 3, 231493920, 1
0, 22, 15, 16, 1073225741, 1102079529, 4, 2, 159195530, 1
0, 22, 15, 16, 1073225741, 1102079529, 4, 1, 1, 1
0, 22, 15, 16, 1073225741, 1102079529, 4, 0, 1, 0
0, 22, 15, 16, 1073225741, 1102079529, 3, 3, 221664164, 1
0, 22, 15, 16, 1073225741, 1102079529, 3, 2, 153857303, 1
0, 22, 15, 16, 1073225741, 1102079529, 3, 1, 1, 1
0, 22, 15, 16, 1073225741, 1102079529, 3, 0, 1, 0
0, 22, 15, 16, 1073225741, 1102079529, 2, 3, 209381370, 1
0, 22, 15, 16, 1073225741, 1102079529, 2, 2, 148789107, 1
0, 22, 15, 16, 1073225741, 1102079529, 2, 1, 1, 1
0, 22, 15, 16, 1073225741, 1102079529, 2, 0, 1, 0
0, 22, 15, 16, 1073225741, 1102079529, 1, 3, 244099650, 1
0, 22, 15, 16, 1073225741, 1102079529, 1, 2, 132892837, 1
0, 22, 15, 16, 1073225741, 1102079529, 1, 1, 1, 1
0, 22, 15, 16, 1073225741, 1102079529, 1, 0, 1, 0
0, 22, 15, 16, 1073225741, 1102079529, 0, 3, 330724504, 1
0, 22, 15, 16, 1073225741, 1102079529, 0, 2, 249476270, 1
0, 22, 15, 16, 1073225741, 1102079529, 0, 1, 1, 1
0, 23, 15, 16, 1102079530, 1142746656, 4, 3, 170393167, 1
0, 23, 15, 16, 1102079530, 1142746656, 4, 2, 111363312, 1
0, 23, 15, 16, 1102079530, 1142746656, 4, 1, 1, 1
0, 23, 15, 16, 1102079530, 1142746656, 4, 0, 1, 0
0, 23, 15, 16, 1102079530, 1142746656, 3, 3, 179737174, 1
0, 23, 15, 16, 1102079530, 1142746656, 3, 2, 126136626, 1
0, 23, 15, 16, 1102079530, 1142746656, 3, 1, 1, 1
0, 23, 15, 16, 1102079530, 1142746656, 3, 0, 1, 0
0, 23, 15, 16, 1102079530, 1142746656, 2, 3, 184772225, 1
0, 23, 15, 16, 1102079530, 1142746656, 2, 2, 132086627, 1
0, 23, 15, 16, 1102079530, 1142746656, 2, 1, 1, 1
0, 23, 15, 16, 1102079530, 1142746656, 2, 0, 1, 0
0, 23, 15, 16, 1102079530, 1142746656, 1, 3, 193369243, 1
0, 23, 15, 16, 1102079530, 1142746656, 1, 2, 139005059, 1
0, 23, 15, 16, 1102079530, 1142746656, 1, 1, 1, 1
0, 23, 15, 16, 1102079530, 1142746656, 1, 0, 1, 0
0, 23, 15, 16, 1102079530, 1142746656, 0, 3, 230948070, 1
0, 23, 15, 16, 1102079530, 1142746656, 0, 2, 170807246, 1
0, 23, 15, 16, 1102079530, 1142746656, 0, 1, 1, 1
0, 24, 15, 16, 1142746657, 1164907349, 4, 3, 276436854, 1
0, 24, 15, 16, 1142746657, 1164907349, 4, 2, 187803024, 1
0, 24, 15, 16, 1142746657, 1164907349, 4, 1, 1, 1
0, 24, 15, 16, 1142746657, 1164907349, 4, 0, 1, 0
0, 24, 15, 16, 1142746657, 1164907349, 3, 3, 279516309, 1
0, 24, 15, 16, 1142746657, 1164907349, 3, 2, 190792475, 1
0, 24, 15, 16, 1142746657, 1164907349, 3, 1, 1, 1
0, 24, 15, 16, 1142746657, 1164907349, 3, 0, 1, 0
0, 24, 15, 16, 1142746657, 1164907349, 2, 3, 285800593, 1
0, 24, 15, 16, 1142746657, 1164907349, 2, 2, 196957802, 1
0, 24, 15, 16, 1142746657, 1164907349, 2, 1, 1, 1
0, 24, 15, 16, 1142746657, 1164907349, 2, 0, 1, 0
0, 24, 15, 16, 1142746657, 1164907349, 1, 3, 297734250, 1
0, 24, 15, 16, 1142746657, 1164907349, 1, 2, 208610070, 1
0, 24, 15, 16, 1142746657, 1164907349, 1, 1, 1, 1
0, 24, 15, 16, 1142746657, 1164907349, 1, 0, 1, 0
0, 24, 15, 16, 1142746657, 1164907349, 0, 3, 349044196, 1
0, 24, 15, 16, 1142746657, 1164907349, 0, 2, 257690623, 1
0, 24, 15, 16, 1142746657, 1164907349, 0, 1, 1, 1
0, 25, 15, 16, 1164907350, 1206901313, 4, 3, 141419797, 1
0, 25, 15, 16, 1164907350, 1206901313, 4, 2, 92070162, 1
0, 25, 15, 16, 1164907350, 1206901313, 4, 1, 1, 1
0, 25, 15, 16, 1164907350, 1206901313, 4, 0, 1, 0
0, 25, 15, 16, 1164907350, 1206901313, 3, 3, 155121814, 1
0, 25, 15, 16, 1164907350, 1206901313, 3, 2, 100741863, 1
0, 25, 15, 16, 1164907350, 1206901313, 3, 1, 1, 1
0, 25, 15, 16, 1164907350, 1206901313, 3, 0, 1, 0
0, 25, 15, 16, 1164907350, 1206901313, 2, 3, 159932749, 1
0, 25, 15, 16, 1164907350, 1206901313, 2, 2, 103956329, 1
0, 25, 15, 16, 1164907350, 1206901313, 2, 1, 1, 1
0, 25, 15, 16, 1164907350, 1206901313, 2, 0, 1, 0
0, 25, 15, 16, 1164907350, 1206901313, 1, 3, 159971720, 1
0, 25, 15, 16, 1164907350, 1206901313, 1, 2, 98796145, 1
0, 25, 15, 16, 1164907350, 1206901313, 1, 1, 1, 1
0, 25, 15, 16, 1164907350, 1206901313, 1, 0, 1, 0
0, 25, 15, 16, 1164907350, 1206901313, 0, 3, 210157821, 1
0, 25, 15, 16, 1164907350, 1206901313, 0, 2, 158007476, 1
0, 25, 15, 16, 1164907350, 1206901313, 0, 1, 1, 1
0, 26, 15, 16, 1206901314, 1287147515, 4, 3, 268476546, 1
0, 26, 15, 16, 1206901314, 1287147515, 4, 2, 184964351, 1
0, 26, 15, 16, 1206901314, 1287147515, 4, 1, 1, 1
0, 26, 15, 16, 1206901314, 1287147515, 4, 0, 1, 0
0, 26, 15, 16, 1206901314, 1287147515, 3, 3, 267895884, 1
0, 26, 15, 16, 1206901314, 1287147515, 3, 2, 184031802, 1
0, 26, 15, 16, 1206901314, 1287147515, 3, 1, 1, 1
0, 26, 15, 16, 1206901314, 1287147515, 3, 0, 1, 0
0, 26, 15, 16, 1206901314, 1287147515, 2, 3, 276733477, 1
0, 26, 15, 16, 1206901314, 1287147515, 2, 2, 190340123, 1
0, 26, 15, 16, 1206901314, 1287147515, 2, 1, 1, 1
0, 26, 15, 16, 1206901314, 1287147515, 2, 0, 1, 0
0, 26, 15, 16, 1206901314, 1287147515, 1, 3, 299552690, 1
0, 26, 15, 16, 1206901314, 1287147515, 1, 2, 212109734, 1
0, 26, 15, 16, 1206901314, 1287147515, 1, 1, 1, 1
0, 26, 15, 16, 1206901314, 1287147515, 1, 0, 1, 0
0, 26, 15, 16, 1206901314, 1287147515, 0, 3, 368798853, 1
0, 26, 15, 16, 1206901314, 1287147515, 0, 2, 282575545, 1
0, 26, 15, 16, 1206901314, 1287147515, 0, 1, 1, 1
0, 27, 15, 16, 1287147516, 1316425608, 4, 3, 111105079, 1
0, 27, 15, 16, 1287147516, 1316425608, 4, 2, 85090758, 1
0, 27, 15, 16, 1287147516, 1316425608, 4, 1, 1, 1
0, 27, 15, 16, 1287147516, 1316425608, 4, 0, 1, 0
0, 27, 15, 16, 1287147516, 1316425608, 3, 3, 105657890, 1
0, 27, 15, 16, 1287147516, 1316425608, 3, 2, 85438151, 1
0, 27, 15, 16, 1287147516, 1316425608, 3, 1, 1, 1
0, 27, 15, 16, 1287147516, 1316425608, 3, 0, 1, 0
0, 27, 15, 16, 1287147516, 1316425608, 2, 3, 121342056, 1
0, 27, 15, 16, 1287147516, 1316425608, 2, 2, 86214240, 1
0, 27, 15, 16, 1287147516, 1316425608, 2, 1, 1, 1
0, 27, 15, 16, 1287147516, 1316425608, 2, 0, 1, 0
0, 27, 15, 16, 1287147516, 1316425608, 1, 3, 121114809, 1
0, 27, 15, 16, 1287147516, 1316425608, 1, 2, 89160156, 1
0, 27, 15, 16, 1287147516, 1316425608, 1, 1, 1, 1
0, 27, 15, 16, 1287147516, 1316425608, 1, 0, 1, 0
0, 27, 15, 16, 1287147516, 1316425608, 0, 3, 126057167, 1
0, 27, 15, 16, 1287147516, 1316425608, 0, 2, 107711431, 1
0, 27, 15, 16, 1287147516, 1316425608, 0, 1, 1, 1
0, 28, 15, 16, 1316425609, 1338091949, 4, 3, 20425135, 0
0, 28, 15, 16, 1316425609, 1338091949, 4, 2, 24219783, 0
0, 28, 15, 16, 1316425609, 1338091949, 4, 1, 22861314, 0
0, 28, 15, 16, 1316425609, 1338091949, 4, 0, 17512553, 0
0, 28, 15, 16, 1316425609, 1338091949, 3, 3, 14427810, 0
0, 28, 15, 16, 1316425609, 1338091949, 3, 2, 17221671, 0
0, 28, 15, 16, 1316425609, 1338091949, 3, 1, 14695685, 1
0, 28, 15, 16, 1316425609, 1338091949, 3, 0, 10070002, 0
0, 28, 15, 16, 1316425609, 1338091949, 2, 3, 15462840, 0
0, 28, 15, 16, 1316425609, 1338091949, 2, 2, 17889060, 0
0, 28, 15, 16, 1316425609, 1338091949, 2, 1, 17840977, 1
0, 28, 15, 16, 1316425609, 1338091949, 2, 0, 12874345, 0
0, 28, 15, 16, 1316425609, 1338091949, 1, 3, 11453579, 1
0, 28, 15, 16, 1316425609, 1338091949, 1, 2, 10639258, 1
0, 28, 15, 16, 1316425609, 1338091949, 1, 1, 12371300, 1
0, 28, 15, 16, 1316425609, 1338091949, 1, 0, 1922939, 0
0, 28, 15, 16, 1316425609, 1338091949, 0, 3, 5581403, 1
0, 28, 15, 16, 1316425609, 1338091949, 0, 2, 8372105, 1
0, 28, 15, 16, 1316425609, 1338091949, 0, 1, 16744209, 1
0, 29, 15, 16, 1338091950, 1382011955, 4, 3, 13676287, 1
0, 29, 15, 16, 1338091950, 1382011955, 4, 2, 13696199, 1
0, 29, 15, 16, 1338091950, 1382011955, 4, 1, 3078092, 0
0, 29, 15, 16, 1338091950, 1382011955, 4, 0, 4778180, 0
0, 29, 15, 16, 1338091950, 1382011955, 3, 3, 12825923, 1
0, 29, 15, 16, 1338091950, 1382011955, 3, 2, 13220975, 1
0, 29, 15, 16, 1338091950, 1382011955, 3, 1, 1975467, 0
0, 29, 15, 16, 1338091950, 1382011955, 3, 0, 4609421, 0
0, 29, 15, 16, 1338091950, 1382011955, 2, 3, 15122694, 1
0, 29, 15, 16, 1338091950, 1382011955, 2, 2, 15490474, 1
0, 29, 15, 16, 1338091950, 1382011955, 2, 1, 2765653, 0
0, 29, 15, 16, 1338091950, 1382011955, 2, 0, 6914132, 0
0, 29, 15, 16, 1338091950, 1382011955, 1, 3, 19680635, 1
0, 29, 15, 16, 1338091950, 1382011955, 1, 2, 19067721, 1
0, 29, 15, 16, 1338091950, 1382011955, 1, 1, 1746053, 0
0, 29, 15, 16, 1338091950, 1382011955, 1, 0, 5238157, 0
0, 29, 15, 16, 1338091950, 1382011955, 0, 3, 33292945, 1
0, 29, 15, 16, 1338091950, 1382011955, 0, 2, 31411720, 1
0, 29, 15, 16, 1338091950, 1382011955, 0, 1, 1, 1
0, 30, 15, 16, 1382011956, 1546466179, 4, 3, 55228050, 1
0, 30, 15, 16, 1382011956, 1546466179, 4, 2, 57128273, 0
0, 30, 15, 16, 1382011956, 1546466179, 4, 1, 50288580, 0
0, 30, 15, 16, 1382011956, 1546466179, 4, 0, 54032874, 0
0, 30, 15, 16, 1382011956, 1546466179, 3, 3, 32621762, 1
0, 30, 15, 16, 1382011956, 1546466179, 3, 2, 27080362, 1
0, 30, 15, 16, 1382011956, 1546466179, 3, 1, 1421433, 1
0, 30, 15, 16, 1382011956, 1546466179, 3, 0, 1, 0
0, 30, 15, 16, 1382011956, 1546466179, 2, 3, 22862617, 1
0, 30, 15, 16, 1382011956, 1546466179, 2, 2, 14443861, 1
0, 30, 15, 16, 1382011956, 1546466179, 2, 1, 1881882, 1
0, 30, 15, 16, 1382011956, 1546466179, 2, 0, 1, 0
0, 30, 15, 16, 1382011956, 1546466179, 1, 3, 34033526, 1
0, 30, 15, 16, 1382011956, 1546466179, 1, 2, 21228296, 1
0, 30, 15, 16, 1382011956, 1546466179, 1, 1, 1, 1
0, 30, 15, 16, 1382011956, 1546466179, 1, 0, 1, 0
0, 30, 15, 16, 1382011956, 1546466179, 0, 3, 79411560, 1
0, 30, 15, 16, 1382011956, 1546466179, 0, 2, 53070738, 1
0, 30, 15, 16, 1382011956, 1546466179, 0, 1, 1, 1
0, 31, 15, 16, 1546466180, 1602105060, 4, 3, 6526677, 0
0, 31, 15, 16, 1546466180, 1602105060, 4, 2, 6248748, 0
0, 31, 15, 16, 1546466180, 1602105060, 4, 1, 6941999, 0
0, 31, 15, 16, 1546466180, 1602105060, 4, 0, 12693913, 0
0, 31, 15, 16, 1546466180, 1602105060, 3, 3, 4596686, 0
0, 31, 15, 16, 1546466180, 1602105060, 3, 2, 5033410, 0
0, 31, 15, 16, 1546466180, 1602105060, 3, 1, 5646321, 1
0, 31, 15, 16, 1546466180, 1602105060, 3, 0, 9273971, 0
0, 31, 15, 16, 1546466180, 1602105060, 2, 3, 6236917, 0
0, 31, 15, 16, 1546466180, 1602105060, 2, 2, 6877913, 0
0, 31, 15, 16, 1546466180, 1602105060, 2, 1, 7836009, 0
0, 31, 15, 16, 1546466180, 1602105060, 2, 0, 13738856, 0
0, 31, 15, 16, 1546466180, 1602105060, 1, 3, 4731259, 1
0, 31, 15, 16, 1546466180, 1602105060, 1, 2, 3907206, 1
0, 31, 15, 16, 1546466180, 1602105060, 1, 1, 3900778, 1
0, 31, 15, 16, 1546466180, 1602105060, 1, 0, 1, 0
0, 31, 15, 16, 1546466180, 1602105060, 0, 3, 3900778, 1
0, 31, 15, 16, 1546466180, 1602105060, 0, 2, 5851167, 1
0, 31, 15, 16, 1546466180, 1602105060, 0, 1, 11702334, 1
0, 32, 15, 16, 1602105061, 1683812166, 4, 3, 254607031, 1
0, 32, 15, 16, 1602105061, 1683812166, 4, 2, 228264987, 1
0, 32, 15, 16, 1602105061, 1683812166, 4, 1, 168935015, 1
0, 32, 15, 16, 1602105061, 1683812166, 4, 0, 188882526, 0
0, 32, 15, 16, 1602105061, 1683812166, 3, 3, 252954596, 1
0, 32, 15, 16, 1602105061, 1683812166, 3, 2, 228173107, 1
0, 32, 15, 16, 1602105061, 1683812166, 3, 1, 163235726, 1
0, 32, 15, 16, 1602105061, 1683812166, 3, 0, 188882526, 0
0, 32, 15, 16, 1602105061, 1683812166, 2, 3, 256402781, 1
0, 32, 15, 16, 1602105061, 1683812166, 2, 2, 231596661, 1
0, 32, 15, 16, 1602105061, 1683812166, 2, 1, 152977006, 1
0, 32, 15, 16, 1602105061, 1683812166, 2, 0, 188882526, 0
0, 32, 15, 16, 1602105061, 1683812166, 1, 3, 263833980, 1
0, 32, 15, 16, 1602105061, 1683812166, 1, 2, 219269198, 1
0, 32, 15, 16, 1602105061, 1683812166, 1, 1, 129039993, 1
0, 32, 15, 16, 1602105061, 1683812166, 1, 0, 188882526, 0
0, 32, 15, 16, 1602105061, 1683812166, 0, 3, 297091973, 1
0, 32, 15, 16, 1602105061, 1683812166, 0, 2, 259723147, 1
0, 32, 15, 16, 1602105061, 1683812166, 0, 1, 188882526, 1
0, 33, 15, 16, 1683812167, 1736996440, 4, 3, 406023771, 0
0, 33, 15, 16, 1683812167, 1736996440, 4, 2, 392183397, 0
0, 33, 15, 16, 1683812167, 1736996440, 4, 1, 366657194, 0
0, 33, 15, 16, 1683812167, 1736996440, 4, 0, 427621454, 0
0, 33, 15, 16, 1683812167, 1736996440, 3, 3, 397500512, 1
0, 33, 15, 16, 1683812167, 1736996440, 3, 2, 384938627, 1
0, 33, 15, 16, 1683812167, 1736996440, 3, 1, 355714991, 1
0, 33, 15, 16, 1683812167, 1736996440, 3, 0, 409250270, 0
0, 33, 15, 16, 1683812167, 1736996440, 2, 3, 383752732, 1
0, 33, 15, 16, 1683812167, 1736996440, 2, 2, 361143918, 1
0, 33, 15, 16, 1683812167, 1736996440, 2, 1, 322001109, 1
0, 33, 15, 16, 1683812167, 1736996440, 2, 0, 411599676, 0
0, 33, 15, 16, 1683812167, 1736996440, 1, 3, 361478269, 1
0, 33, 15, 16, 1683812167, 1736996440, 1, 2, 334758795, 1
0, 33, 15, 16, 1683812167, 1736996440, 1, 1, 268840046, 1
0, 33, 15, 16, 1683812167, 1736996440, 1, 0, 380329994, 0
0, 33, 15, 16, 1683812167, 1736996440, 0, 3, 418020657, 1
0, 33, 15, 16, 1683812167, 1736996440, 0, 2, 412892508, 1
0, 33, 15, 16, 1683812167, 1736996440, 0, 1, 426190145, 1
0, 34, 15, 16, 1736996441, 1788385700, 4, 3, 503190597, 1
0, 34, 15, 16, 1736996441, 1788385700, 4, 2, 484231727, 1
0, 34, 15, 16, 1736996441, 1788385700, 4, 1, 495761536, 1
0, 34, 15, 16, 1736996441, 1788385700, 4, 0, 542096734, 0
0, 34, 15, 16, 1736996441, 1788385700, 3, 3, 520511805, 1
0, 34, 15, 16, 1736996441, 1788385700, 3, 2, 506496728, 1
0, 34, 15, 16, 1736996441, 1788385700, 3, 1, 480890816, 1
0, 34, 15, 16, 1736996441, 1788385700, 3, 0, 533843398, 0
0, 34, 15, 16, 1736996441, 1788385700, 2, 3, 509424735, 1
0, 34, 15, 16, 1736996441, 1788385700, 2, 2, 489718048, 1
0, 34, 15, 16, 1736996441, 1788385700, 2, 1, 449779809, 1
0, 34, 15, 16, 1736996441, 1788385700, 2, 0, 527105111, 0
0, 34, 15, 16, 1736996441, 1788385700, 1, 3, 485253748, 1
0, 34, 15, 16, 1736996441, 1788385700, 1, 2, 454567581, 1
0, 34, 15, 16, 1736996441, 1788385700, 1, 1, 385159797, 1
0, 34, 15, 16, 1736996441, 1788385700, 1, 0, 484890891, 0
0, 34, 15, 16, 1736996441, 1788385700, 0, 3, 557943371, 1
0, 34, 15, 16, 1736996441, 1788385700, 0, 2, 555883727, 1
0, 34, 15, 16, 1736996441, 1788385700, 0, 1, 551420329, 1
0, 35, 15, 16, 1788385701, 1803805530, 4, 3, 239444546, 0
0, 35, 15, 16, 1788385701, 1803805530, 4, 2, 243363798, 0
0, 35, 15, 16, 1788385701, 1803805530, 4, 1, 251422170, 0
0, 35, 15, 16, 1788385701, 1803805530, 4, 0, 250084445, 0
0, 35, 15, 16, 1788385701, 1803805530, 3, 3, 227659805, 0
0, 35, 15, 16, 1788385701, 1803805530, 3, 2, 232161232, 0
0, 35, 15, 16, 1788385701, 1803805530, 3, 1, 234864226, 0
0, 35, 15, 16, 1788385701, 1803805530, 3, 0, 230320934, 0
0, 35, 15, 16, 1788385701, 1803805530, 2, 3, 233348663, 0
0, 35, 15, 16, 1788385701, 1803805530, 2, 2, 236764780, 0
0, 35, 15, 16, 1788385701, 1803805530, 2, 1, 240815575, 0
0, 35, 15, 16, 1788385701, 1803805530, 2, 0, 234228539, 0
0, 35, 15, 16, 1788385701, 1803805530, 1, 3, 230628923, 0
0, 35, 15, 16, 1788385701, 1803805530, 1, 2, 233430392, 0
0, 35, 15, 16, 1788385701, 1803805530, 1, 1, 231749230, 0
0, 35, 15, 16, 1788385701, 1803805530, 1, 0, 225319948, 0
0, 35, 15, 16, 1788385701, 1803805530, 0, 3, 212597147, 1
0, 35, 15, 16, 1788385701, 1803805530, 0, 2, 214354131, 1
0, 35, 15, 16, 1788385701, 1803805530, 0, 1, 220662936, 1
0, 36, 15, 16, 1803805531, 1880321966, 4, 3, 419240006, 1
0, 36, 15, 16, 1803805531, 1880321966, 4, 2, 395926969, 1
0, 36, 15, 16, 1803805531, 1880321966, 4, 1, 414398091, 1
0, 36, 15, 16, 1803805531, 1880321966, 4, 0, 431448069, 0
0, 36, 15, 16, 1803805531, 1880321966, 3, 3, 437925215, 1
0, 36, 15, 16, 1803805531, 1880321966, 3, 2, 419115874, 1
0, 36, 15, 16, 1803805531, 1880321966, 3, 1, 399554266, 1
0, 36, 15, 16, 1803805531, 1880321966, 3, 0, 446361425, 0
0, 36, 15, 16, 1803805531, 1880321966, 2, 3, 435977992, 1
0, 36, 15, 16, 1803805531, 1880321966, 2, 2, 412383536, 1
0, 36, 15, 16, 1803805531, 1880321966, 2, 1, 384072958, 1
0, 36, 15, 16, 1803805531, 1880321966, 2, 0, 471229391, 0
0, 36, 15, 16, 1803805531, 1880321966, 1, 3, 410739675, 1
0, 36, 15, 16, 1803805531, 1880321966, 1, 2, 373851089, 1
0, 36, 15, 16, 1803805531, 1880321966, 1, 1, 321956219, 1
0, 36, 15, 16, 1803805531, 1880321966, 1, 0, 451096035, 0
0, 36, 15, 16, 1803805531, 1880321966, 0, 3, 490036130, 1
0, 36, 15, 16, 1803805531, 1880321966, 0, 2, 486323533, 1
0, 36, 15, 16, 1803805531, 1880321966, 0, 1, 514772621, 1
0, 37, 15, 16, 1880321967, 1909941733, 4, 3, 71814, 1
0, 37, 15, 16, 1880321967, 1909941733, 4, 2, 97462, 1
0, 37, 15, 16, 1880321967, 1909941733, 4, 1, 1, 1
0, 37, 15, 16, 1880321967, 1909941733, 4, 0, 1, 0
0, 37, 15, 16, 1880321967, 1909941733, 3, 3, 90965, 1
0, 37, 15, 16, 1880321967, 1909941733, 3, 2, 124042, 1
0, 37, 15, 16, 1880321967, 1909941733, 3, 1, 1, 1
0, 37, 15, 16, 1880321967, 1909941733, 3, 0, 1, 0
0, 37, 15, 16, 1880321967, 1909941733, 2, 3, 124042, 1
0, 37, 15, 16, 1880321967, 1909941733, 2, 2, 170558, 1
0, 37, 15, 16, 1880321967, 1909941733, 2, 1, 1, 1
0, 37, 15, 16, 1880321967, 1909941733, 2, 0, 1, 0
0, 37, 15, 16, 1880321967, 1909941733, 1, 3, 1, 1
0, 37, 15, 16, 1880321967, 1909941733, 1, 2, 1, 1
0, 37, 15, 16, 1880321967, 1909941733, 1, 1, 1, 1
0, 37, 15, 16, 1880321967, 1909941733, 1, 0, 1, 0
0, 37, 15, 16, 1880321967, 1909941733, 0, 3, 1, 1
0, 37, 15, 16, 1880321967, 1909941733, 0, 2, 1, 1
0, 37, 15, 16, 1880321967, 1909941733, 0, 1, 1, 1
0, 38, 15, 16, 1909941734, 1929549972, 4, 3, 161349213, 1
0, 38, 15, 16, 1909941734, 1929549972, 4, 2, 173876624, 1
0, 38, 15, 16, 1909941734, 1929549972, 4, 1, 198934237, 1
0, 38, 15, 16, 1909941734, 1929549972, 4, 0, 109557429, 0
0, 38, 15, 16, 1909941734, 1929549972, 3, 3, 165299125, 1
0, 38, 15, 16, 1909941734, 1929549972, 3, 2, 171468025, 1
0, 38, 15, 16, 1909941734, 1929549972, 3, 1, 177469095, 1
0, 38, 15, 16, 1909941734, 1929549972, 3, 0, 98462028, 0
0, 38, 15, 16, 1909941734, 1929549972, 2, 3, 175081553, 1
0, 38, 15, 16, 1909941734, 1929549972, 2, 2, 193826012, 1
0, 38, 15, 16, 1909941734, 1929549972, 2, 1, 211862262, 1
0, 38, 15, 16, 1909941734, 1929549972, 2, 0, 135334573, 0
0, 38, 15, 16, 1909941734, 1929549972, 1, 3, 173959122, 1
0, 38, 15, 16, 1909941734, 1929549972, 1, 2, 176089715, 1
0, 38, 15, 16, 1909941734, 1929549972, 1, 1, 175659499, 1
0, 38, 15, 16, 1909941734, 1929549972, 1, 0, 141632931, 0
0, 38, 15, 16, 1909941734, 1929549972, 0, 3, 254851448, 1
0, 38, 15, 16, 1909941734, 1929549972, 0, 2, 299677821, 1
0, 38, 15, 16, 1909941734, 1929549972, 0, 1, 385345566, 1
0, 39, 15, 16, 1929549973, 1965031405, 4, 3, 535854401, 0
0, 39, 15, 16, 1929549973, 1965031405, 4, 2, 537868400, 0
0, 39, 15, 16, 1929549973, 1965031405, 4, 1, 551423192, 0
0, 39, 15, 16, 1929549973, 1965031405, 4, 0, 609375202, 0
0, 39, 15, 16, 1929549973, 1965031405, 3, 3, 550675615, 0
0, 39, 15, 16, 1929549973, 1965031405, 3, 2, 562087516, 0
0, 39, 15, 16, 1929549973, 1965031405, 3, 1, 539850921, 0
0, 39, 15, 16, 1929549973, 1965031405, 3, 0, 609256994, 0
0, 39, 15, 16, 1929549973, 1965031405, 2, 3, 534807881, 0
0, 39, 15, 16, 1929549973, 1965031405, 2, 2, 544534461, 0
0, 39, 15, 16, 1929549973, 1965031405, 2, 1, 512990013, 0
0, 39, 15, 16, 1929549973, 1965031405, 2, 0, 608311092, 0
0, 39, 15, 16, 1929549973, 1965031405, 1, 3, 510928204, 0
0, 39, 15, 16, 1929549973, 1965031405, 1, 2, 516267344, 0
0, 39, 15, 16, 1929549973, 1965031405, 1, 1, 466931762, 0
0, 39, 15, 16, 1929549973, 1965031405, 1, 0, 634995137, 0
0, 39, 15, 16, 1929549973, 1965031405, 0, 3, 519827149, 1
0, 39, 15, 16, 1929549973, 1965031405, 0, 2, 569961814, 1
0, 39, 15, 16, 1929549973, 1965031405, 0, 1, 556686789, 1
0, 40, 15, 16, 1965031406, 2141439896, 4, 3, 356942469, 0
0, 40, 15, 16, 1965031406, 2141439896, 4, 2, 364677594, 0
0, 40, 15, 16, 1965031406, 2141439896, 4, 1, 394248351, 0
0, 40, 15, 16, 1965031406, 2141439896, 4, 0, 430842028, 0
0, 40, 15, 16, 1965031406, 2141439896, 3, 3, 393607214, 0
0, 40, 15, 16, 1965031406, 2141439896, 3, 2, 384335238, 0
0, 40, 15, 16, 1965031406, 2141439896, 3, 1, 383480039, 0
0, 40, 15, 16, 1965031406, 2141439896, 3, 0, 429307112, 0
0, 40, 15, 16, 1965031406, 2141439896, 2, 3, 377163413, 1
0, 40, 15, 16, 1965031406, 2141439896, 2, 2, 363180287, 0
0, 40, 15, 16, 1965031406, 2141439896, 2, 1, 354135952, 0
0, 40, 15, 16, 1965031406, 2141439896, 2, 0, 398864774, 0
0, 40, 15, 16, 1965031406, 2141439896, 1, 3, 374164150, 1
0, 40, 15, 16, 1965031406, 2141439896, 1, 2, 356551114, 1
0, 40, 15, 16, 1965031406, 2141439896, 1, 1, 331519591, 1
0, 40, 15, 16, 1965031406, 2141439896, 1, 0, 392379072, 0
0, 40, 15, 16, 1965031406, 2141439896, 0, 3, 408087711, 1
0, 40, 15, 16, 1965031406, 2141439896, 0, 2, 398587488, 1
0, 40, 15, 16, 1965031406, 2141439896, 0, 1, 394252208, 1
0, 41, 15, 16, 2141439897, 2196025834, 4, 3, 4849266, 0
0, 41, 15, 16, 2141439897, 2196025834, 4, 2, 4495651, 0
0, 41, 15, 16, 2141439897, 2196025834, 4, 1, 6957959, 0
0, 41, 15, 16, 2141439897, 2196025834, 4, 0, 6799862, 0
0, 41, 15, 16, 2141439897, 2196025834, 3, 3, 2983722, 1
0, 41, 15, 16, 2141439897, 2196025834, 3, 2, 1414444, 1
0, 41, 15, 16, 2141439897, 2196025834, 3, 1, 2177343, 1
0, 41, 15, 16, 2141439897, 2196025834, 3, 0, 1, 0
0, 41, 15, 16, 2141439897, 2196025834, 2, 3, 1808984, 1
0, 41, 15, 16, 2141439897, 2196025834, 2, 2, 1, 1
0, 41, 15, 16, 2141439897, 2196025834, 2, 1, 1, 1
0, 41, 15, 16, 2141439897, 2196025834, 2, 0, 1, 0
0, 41, 15, 16, 2141439897, 2196025834, 1, 3, 2842690, 1
0, 41, 15, 16, 2141439897, 2196025834, 1, 2, 1, 1
0, 41, 15, 16, 2141439897, 2196025834, 1, 1, 1, 1
0, 41, 15, 16, 2141439897, 2196025834, 1, 0, 1, 0
0, 41, 15, 16, 2141439897, 2196025834, 0, 3, 6280277, 1
0, 41, 15, 16, 2141439897, 2196025834, 0, 2, 1, 1
0, 41, 15, 16, 2141439897, 2196025834, 0, 1, 1, 1
