0, 1, 17, 14, 1, 99970872, 2, 5, 10606199, 1
0, 1, 17, 14, 1, 99970872, 2, 4, 9212395, 1
0, 1, 17, 14, 1, 99970872, 2, 3, 10152019, 1
0, 1, 17, 14, 1, 99970872, 2, 2, 13018618, 1
0, 1, 17, 14, 1, 99970872, 2, 1, 13092943, 1
0, 1, 17, 14, 1, 99970872, 2, 0, 13260309, 0
0, 1, 17, 14, 1, 99970872, 1, 5, 14662197, 0
0, 1, 17, 14, 1, 99970872, 1, 4, 12340625, 0
0, 1, 17, 14, 1, 99970872, 1, 3, 13394901, 0
0, 1, 17, 14, 1, 99970872, 1, 2, 17479287, 1
0, 1, 17, 14, 1, 99970872, 1, 1, 20299602, 1
0, 1, 17, 14, 1, 99970872, 1, 0, 22750351, 0
0, 1, 17, 14, 1, 99970872, 0, 5, 17508188, 1
0, 1, 17, 14, 1, 99970872, 0, 4, 19149165, 1
0, 1, 17, 14, 1, 99970872, 0, 3, 21170437, 1
0, 1, 17, 14, 1, 99970872, 0, 2, 30904866, 1
0, 1, 17, 14, 1, 99970872, 0, 1, 38086455, 1
0, 2, 17, 14, 99970873, 127977620, 2, 5, 1312256, 1
0, 2, 17, 14, 99970873, 127977620, 2, 4, 1593453, 1
0, 2, 17, 14, 99970873, 127977620, 2, 3, 2028031, 1
0, 2, 17, 14, 99970873, 127977620, 2, 2, 2788543, 1
0, 2, 17, 14, 99970873, 127977620, 2, 1, 1, 1
0, 2, 17, 14, 99970873, 127977620, 2, 0, 1, 0
0, 2, 17, 14, 99970873, 127977620, 1, 5, 1, 1
0, 2, 17, 14, 99970873, 127977620, 1, 4, 1, 1
0, 2, 17, 14, 99970873, 127977620, 1, 3, 1, 1
0, 2, 17, 14, 99970873, 127977620, 1, 2, 1, 1
0, 2, 17, 14, 99970873, 127977620, 1, 1, 1, 1
0, 2, 17, 14, 99970873, 127977620, 1, 0, 1, 0
0, 2, 17, 14, 99970873, 127977620, 0, 5, 1, 1
0, 2, 17, 14, 99970873, 127977620, 0, 4, 1, 1
0, 2, 17, 14, 99970873, 127977620, 0, 3, 1, 1
0, 2, 17, 14, 99970873, 127977620, 0, 2, 1, 1
0, 2, 17, 14, 99970873, 127977620, 0, 1, 1, 1
0, 3, 17, 14, 127977621, 142399938, 2, 5, 45684811, 0
0, 3, 17, 14, 127977621, 142399938, 2, 4, 55474414, 0
0, 3, 17, 14, 127977621, 142399938, 2, 3, 70603799, 1
0, 3, 17, 14, 127977621, 142399938, 2, 2, 63879959, 0
0, 3, 17, 14, 127977621, 142399938, 2, 1, 60567257, 0
0, 3, 17, 14, 127977621, 142399938, 2, 0, 73053993, 0
0, 3, 17, 14, 127977621, 142399938, 1, 5, 47458863, 0
0, 3, 17, 14, 127977621, 142399938, 1, 4, 58005277, 0
0, 3, 17, 14, 127977621, 142399938, 1, 3, 74578214, 1
0, 3, 17, 14, 127977621, 142399938, 1, 2, 69976783, 0
0, 3, 17, 14, 127977621, 142399938, 1, 1, 76651691, 0
0, 3, 17, 14, 127977621, 142399938, 1, 0, 73226773, 0
0, 3, 17, 14, 127977621, 142399938, 0, 5, 45256619, 1
0, 3, 17, 14, 127977621, 142399938, 0, 4, 56570773, 1
0, 3, 17, 14, 127977621, 142399938, 0, 3, 75427697, 1
0, 3, 17, 14, 127977621, 142399938, 0, 2, 65877907, 1
0, 3, 17, 14, 127977621, 142399938, 0, 1, 65742841, 1
0, 4, 17, 14, 142399939, 175913581, 2, 5, 119613161, 0
0, 4, 17, 14, 142399939, 175913581, 2, 4, 145244552, 0
0, 4, 17, 14, 142399939, 175913581, 2, 3, 184856702, 0
0, 4, 17, 14, 142399939, 175913581, 2, 2, 179247671, 0
0, 4, 17, 14, 142399939, 175913581, 2, 1, 195851460, 0
0, 4, 17, 14, 142399939, 175913581, 2, 0, 195959782, 0
0, 4, 17, 14, 142399939, 175913581, 1, 5, 116917839, 0
0, 4, 17, 14, 142399939, 175913581, 1, 4, 142899581, 0
0, 4, 17, 14, 142399939, 175913581, 1, 3, 183728032, 0
0, 4, 17, 14, 142399939, 175913581, 1, 2, 177745363, 0
0, 4, 17, 14, 142399939, 175913581, 1, 1, 190768723, 1
0, 4, 17, 14, 142399939, 175913581, 1, 0, 186967722, 0
0, 4, 17, 14, 142399939, 175913581, 0, 5, 108734354, 1
0, 4, 17, 14, 142399939, 175913581, 0, 4, 135917942, 1
0, 4, 17, 14, 142399939, 175913581, 0, 3, 181223923, 1
0, 4, 17, 14, 142399939, 175913581, 0, 2, 179270948, 1
0, 4, 17, 14, 142399939, 175913581, 0, 1, 189129412, 1
0, 5, 17, 14, 175913582, 206597259, 2, 5, 17712913, 0
0, 5, 17, 14, 175913582, 206597259, 2, 4, 18246652, 0
0, 5, 17, 14, 175913582, 206597259, 2, 3, 16586529, 0
0, 5, 17, 14, 175913582, 206597259, 2, 2, 17647769, 1
0, 5, 17, 14, 175913582, 206597259, 2, 1, 17924954, 1
0, 5, 17, 14, 175913582, 206597259, 2, 0, 14238885, 0
0, 5, 17, 14, 175913582, 206597259, 1, 5, 9993109, 1
0, 5, 17, 14, 175913582, 206597259, 1, 4, 10389269, 1
0, 5, 17, 14, 175913582, 206597259, 1, 3, 9896816, 1
0, 5, 17, 14, 175913582, 206597259, 1, 2, 10310880, 1
0, 5, 17, 14, 175913582, 206597259, 1, 1, 7597648, 1
0, 5, 17, 14, 175913582, 206597259, 1, 0, 1, 0
0, 5, 17, 14, 175913582, 206597259, 0, 5, 11941244, 1
0, 5, 17, 14, 175913582, 206597259, 0, 4, 10821360, 1
0, 5, 17, 14, 175913582, 206597259, 0, 3, 9537173, 1
0, 5, 17, 14, 175913582, 206597259, 0, 2, 14305759, 1
0, 5, 17, 14, 175913582, 206597259, 0, 1, 22792942, 1
0, 6, 17, 14, 206597260, 278099627, 2, 5, 3271856, 0
0, 6, 17, 14, 206597260, 278099627, 2, 4, 3972968, 0
0, 6, 17, 14, 206597260, 278099627, 2, 3, 5056504, 0
0, 6, 17, 14, 206597260, 278099627, 2, 2, 5687231, 0
0, 6, 17, 14, 206597260, 278099627, 2, 1, 3138819, 0
0, 6, 17, 14, 206597260, 278099627, 2, 0, 3908075, 0
0, 6, 17, 14, 206597260, 278099627, 1, 5, 1426736, 0
0, 6, 17, 14, 206597260, 278099627, 1, 4, 1743788, 0
0, 6, 17, 14, 206597260, 278099627, 1, 3, 2242013, 0
0, 6, 17, 14, 206597260, 278099627, 1, 2, 3138819, 0
0, 6, 17, 14, 206597260, 278099627, 1, 1, 5231364, 0
0, 6, 17, 14, 206597260, 278099627, 1, 0, 7816149, 0
0, 6, 17, 14, 206597260, 278099627, 0, 5, 1, 1
0, 6, 17, 14, 206597260, 278099627, 0, 4, 1, 1
0, 6, 17, 14, 206597260, 278099627, 0, 3, 1, 1
0, 6, 17, 14, 206597260, 278099627, 0, 2, 1, 1
0, 6, 17, 14, 206597260, 278099627, 0, 1, 1, 1
0, 7, 17, 14, 278099628, 314743187, 2, 5, 13662440, 0
0, 7, 17, 14, 278099628, 314743187, 2, 4, 13408881, 0
0, 7, 17, 14, 278099628, 314743187, 2, 3, 16136108, 0
0, 7, 17, 14, 278099628, 314743187, 2, 2, 19380932, 1
0, 7, 17, 14, 278099628, 314743187, 2, 1, 16004849, 0
0, 7, 17, 14, 278099628, 314743187, 2, 0, 13206276, 0
0, 7, 17, 14, 278099628, 314743187, 1, 5, 9221433, 0
0, 7, 17, 14, 278099628, 314743187, 1, 4, 11270641, 0
0, 7, 17, 14, 278099628, 314743187, 1, 3, 14490823, 0
0, 7, 17, 14, 278099628, 314743187, 1, 2, 20287153, 0
0, 7, 17, 14, 278099628, 314743187, 1, 1, 8804184, 0
0, 7, 17, 14, 278099628, 314743187, 1, 0, 26412551, 0
0, 7, 17, 14, 278099628, 314743187, 0, 5, 6719257, 1
0, 7, 17, 14, 278099628, 314743187, 0, 4, 8399071, 1
0, 7, 17, 14, 278099628, 314743187, 0, 3, 11198761, 1
0, 7, 17, 14, 278099628, 314743187, 0, 2, 16798142, 1
0, 7, 17, 14, 278099628, 314743187, 0, 1, 1, 1
0, 8, 17, 14, 314743188, 405912466, 2, 5, 1, 1
0, 8, 17, 14, 314743188, 405912466, 2, 4, 1, 1
0, 8, 17, 14, 314743188, 405912466, 2, 3, 1, 1
0, 8, 17, 14, 314743188, 405912466, 2, 2, 1, 1
0, 8, 17, 14, 314743188, 405912466, 2, 1, 1, 1
0, 8, 17, 14, 314743188, 405912466, 2, 0, 1, 0
0, 8, 17, 14, 314743188, 405912466, 1, 5, 1, 1
0, 8, 17, 14, 314743188, 405912466, 1, 4, 1, 1
0, 8, 17, 14, 314743188, 405912466, 1, 3, 1, 1
0, 8, 17, 14, 314743188, 405912466, 1, 2, 1, 1
0, 8, 17, 14, 314743188, 405912466, 1, 1, 1, 1
0, 8, 17, 14, 314743188, 405912466, 1, 0, 1, 0
0, 8, 17, 14, 314743188, 405912466, 0, 5, 1, 1
0, 8, 17, 14, 314743188, 405912466, 0, 4, 1, 1
0, 8, 17, 14, 314743188, 405912466, 0, 3, 1, 1
0, 8, 17, 14, 314743188, 405912466, 0, 2, 1, 1
0, 8, 17, 14, 314743188, 405912466, 0, 1, 1, 1
0, 9, 17, 14, 405912467, 424142599, 2, 5, 5692996, 0
0, 9, 17, 14, 405912467, 424142599, 2, 4, 6912924, 0
0, 9, 17, 14, 405912467, 424142599, 2, 3, 8798267, 0
0, 9, 17, 14, 405912467, 424142599, 2, 2, 12097617, 0
0, 9, 17, 14, 405912467, 424142599, 2, 1, 13081983, 0
0, 9, 17, 14, 405912467, 424142599, 2, 0, 22274952, 0
0, 9, 17, 14, 405912467, 424142599, 1, 5, 944296, 0
0, 9, 17, 14, 405912467, 424142599, 1, 4, 1154140, 0
0, 9, 17, 14, 405912467, 424142599, 1, 3, 1483894, 1
0, 9, 17, 14, 405912467, 424142599, 1, 2, 2077451, 1
0, 9, 17, 14, 405912467, 424142599, 1, 1, 3462419, 1
0, 9, 17, 14, 405912467, 424142599, 1, 0, 2578428, 0
0, 9, 17, 14, 405912467, 424142599, 0, 5, 1561766, 1
0, 9, 17, 14, 405912467, 424142599, 0, 4, 1952207, 1
0, 9, 17, 14, 405912467, 424142599, 0, 3, 2602943, 1
0, 9, 17, 14, 405912467, 424142599, 0, 2, 3904414, 1
0, 9, 17, 14, 405912467, 424142599, 0, 1, 7808828, 1
0, 10, 17, 14, 424142600, 453440109, 2, 5, 21726344, 0
0, 10, 17, 14, 424142600, 453440109, 2, 4, 26381989, 0
0, 10, 17, 14, 424142600, 453440109, 2, 3, 33577077, 0
0, 10, 17, 14, 424142600, 453440109, 2, 2, 46168481, 1
0, 10, 17, 14, 424142600, 453440109, 2, 1, 35382335, 1
0, 10, 17, 14, 424142600, 453440109, 2, 0, 56640714, 0
0, 10, 17, 14, 424142600, 453440109, 1, 5, 12094059, 1
0, 10, 17, 14, 424142600, 453440109, 1, 4, 14781627, 1
0, 10, 17, 14, 424142600, 453440109, 1, 3, 19004949, 1
0, 10, 17, 14, 424142600, 453440109, 1, 2, 26606928, 1
0, 10, 17, 14, 424142600, 453440109, 1, 1, 22385788, 1
0, 10, 17, 14, 424142600, 453440109, 1, 0, 8061204, 0
0, 10, 17, 14, 424142600, 453440109, 0, 5, 24994688, 1
0, 10, 17, 14, 424142600, 453440109, 0, 4, 31243359, 1
0, 10, 17, 14, 424142600, 453440109, 0, 3, 41657812, 1
0, 10, 17, 14, 424142600, 453440109, 0, 2, 62486718, 1
0, 10, 17, 14, 424142600, 453440109, 0, 1, 59096161, 1
0, 11, 17, 14, 453440110, 520023129, 2, 5, 367464, 1
0, 11, 17, 14, 453440110, 520023129, 2, 4, 446206, 1
0, 11, 17, 14, 453440110, 520023129, 2, 3, 567898, 1
0, 11, 17, 14, 453440110, 520023129, 2, 2, 780860, 1
0, 11, 17, 14, 453440110, 520023129, 2, 1, 1, 1
0, 11, 17, 14, 453440110, 520023129, 2, 0, 1, 0
0, 11, 17, 14, 453440110, 520023129, 1, 5, 1, 1
0, 11, 17, 14, 453440110, 520023129, 1, 4, 1, 1
0, 11, 17, 14, 453440110, 520023129, 1, 3, 1, 1
0, 11, 17, 14, 453440110, 520023129, 1, 2, 1, 1
0, 11, 17, 14, 453440110, 520023129, 1, 1, 1, 1
0, 11, 17, 14, 453440110, 520023129, 1, 0, 1, 0
0, 11, 17, 14, 453440110, 520023129, 0, 5, 1, 1
0, 11, 17, 14, 453440110, 520023129, 0, 4, 1, 1
0, 11, 17, 14, 453440110, 520023129, 0, 3, 1, 1
0, 11, 17, 14, 453440110, 520023129, 0, 2, 1, 1
0, 11, 17, 14, 453440110, 520023129, 0, 1, 1, 1
0, 12, 17, 14, 520023130, 561526567, 2, 5, 2549073, 0
0, 12, 17, 14, 520023130, 561526567, 2, 4, 3095303, 0
0, 12, 17, 14, 520023130, 561526567, 2, 3, 3939476, 0
0, 12, 17, 14, 520023130, 561526567, 2, 2, 5416780, 0
0, 12, 17, 14, 520023130, 561526567, 2, 1, 7284846, 0
0, 12, 17, 14, 520023130, 561526567, 2, 0, 4068235, 0
0, 12, 17, 14, 520023130, 561526567, 1, 5, 811505, 1
0, 12, 17, 14, 520023130, 561526567, 1, 4, 991840, 1
0, 12, 17, 14, 520023130, 561526567, 1, 3, 1275222, 1
0, 12, 17, 14, 520023130, 561526567, 1, 2, 1785311, 1
0, 12, 17, 14, 520023130, 561526567, 1, 1, 2975518, 1
0, 12, 17, 14, 520023130, 561526567, 1, 0, 1, 0
0, 12, 17, 14, 520023130, 561526567, 0, 5, 1, 1
0, 12, 17, 14, 520023130, 561526567, 0, 4, 1, 1
0, 12, 17, 14, 520023130, 561526567, 0, 3, 1, 1
0, 12, 17, 14, 520023130, 561526567, 0, 2, 1, 1
0, 12, 17, 14, 520023130, 561526567, 0, 1, 1, 1
0, 13, 17, 14, 561526568, 668096068, 2, 5, 22974063, 1
0, 13, 17, 14, 561526568, 668096068, 2, 4, 23704720, 1
0, 13, 17, 14, 561526568, 668096068, 2, 3, 23210567, 1
0, 13, 17, 14, 561526568, 668096068, 2, 2, 27412644, 1
0, 13, 17, 14, 561526568, 668096068, 2, 1, 27589562, 0
0, 13, 17, 14, 561526568, 668096068, 2, 0, 20505746, 0
0, 13, 17, 14, 561526568, 668096068, 1, 5, 13675844, 1
0, 13, 17, 14, 561526568, 668096068, 1, 4, 14926779, 1
0, 13, 17, 14, 561526568, 668096068, 1, 3, 16950722, 1
0, 13, 17, 14, 561526568, 668096068, 1, 2, 20474182, 1
0, 13, 17, 14, 561526568, 668096068, 1, 1, 7005858, 1
0, 13, 17, 14, 561526568, 668096068, 1, 0, 1, 0
0, 13, 17, 14, 561526568, 668096068, 0, 5, 24158606, 1
0, 13, 17, 14, 561526568, 668096068, 0, 4, 26174939, 1
0, 13, 17, 14, 561526568, 668096068, 0, 3, 29671267, 1
0, 13, 17, 14, 561526568, 668096068, 0, 2, 44506900, 1
0, 13, 17, 14, 561526568, 668096068, 0, 1, 7660461, 1
0, 14, 17, 14, 668096069, 715732390, 2, 5, 26962083, 0
0, 14, 17, 14, 668096069, 715732390, 2, 4, 29689133, 1
0, 14, 17, 14, 668096069, 715732390, 2, 3, 34669093, 1
0, 14, 17, 14, 668096069, 715732390, 2, 2, 34540202, 0
0, 14, 17, 14, 668096069, 715732390, 2, 1, 30441973, 0
0, 14, 17, 14, 668096069, 715732390, 2, 0, 35355232, 0
0, 14, 17, 14, 668096069, 715732390, 1, 5, 22847410, 0
0, 14, 17, 14, 668096069, 715732390, 1, 4, 27924612, 0
0, 14, 17, 14, 668096069, 715732390, 1, 3, 31004811, 0
0, 14, 17, 14, 668096069, 715732390, 1, 2, 31156361, 0
0, 14, 17, 14, 668096069, 715732390, 1, 1, 30334016, 0
0, 14, 17, 14, 668096069, 715732390, 1, 0, 39899483, 0
0, 14, 17, 14, 668096069, 715732390, 0, 5, 29168676, 1
0, 14, 17, 14, 668096069, 715732390, 0, 4, 36460845, 1
0, 14, 17, 14, 668096069, 715732390, 0, 3, 37185182, 1
0, 14, 17, 14, 668096069, 715732390, 0, 2, 25151836, 1
0, 14, 17, 14, 668096069, 715732390, 0, 1, 1, 1
0, 15, 17, 14, 715732391, 735568286, 2, 5, 26520045, 0
0, 15, 17, 14, 715732391, 735568286, 2, 4, 29906379, 0
0, 15, 17, 14, 715732391, 735568286, 2, 3, 25173893, 0
0, 15, 17, 14, 715732391, 735568286, 2, 2, 26789871, 0
0, 15, 17, 14, 715732391, 735568286, 2, 1, 35301277, 0
0, 15, 17, 14, 715732391, 735568286, 2, 0, 44172894, 0
0, 15, 17, 14, 715732391, 735568286, 1, 5, 15976034, 0
0, 15, 17, 14, 715732391, 735568286, 1, 4, 19042861, 1
0, 15, 17, 14, 715732391, 735568286, 1, 3, 13607733, 0
0, 15, 17, 14, 715732391, 735568286, 1, 2, 12440795, 0
0, 15, 17, 14, 715732391, 735568286, 1, 1, 20109431, 0
0, 15, 17, 14, 715732391, 735568286, 1, 0, 30682228, 0
0, 15, 17, 14, 715732391, 735568286, 0, 5, 25612596, 1
0, 15, 17, 14, 715732391, 735568286, 0, 4, 32015745, 1
0, 15, 17, 14, 715732391, 735568286, 0, 3, 19407369, 1
0, 15, 17, 14, 715732391, 735568286, 0, 2, 15760873, 1
0, 15, 17, 14, 715732391, 735568286, 0, 1, 29646066, 1
0, 16, 17, 14, 735568287, 775727976, 2, 5, 4004986, 0
0, 16, 17, 14, 735568287, 775727976, 2, 4, 4863197, 0
0, 16, 17, 14, 735568287, 775727976, 2, 3, 4749322, 0
0, 16, 17, 14, 735568287, 775727976, 2, 2, 6530317, 0
0, 16, 17, 14, 735568287, 775727976, 2, 1, 8857157, 0
0, 16, 17, 14, 735568287, 775727976, 2, 0, 14368041, 0
0, 16, 17, 14, 735568287, 775727976, 1, 5, 2163543, 1
0, 16, 17, 14, 735568287, 775727976, 1, 4, 2644330, 1
0, 16, 17, 14, 735568287, 775727976, 1, 3, 1136679, 1
0, 16, 17, 14, 735568287, 775727976, 1, 2, 1591350, 1
0, 16, 17, 14, 735568287, 775727976, 1, 1, 1, 1
0, 16, 17, 14, 735568287, 775727976, 1, 0, 1, 0
0, 16, 17, 14, 735568287, 775727976, 0, 5, 3168444, 1
0, 16, 17, 14, 735568287, 775727976, 0, 4, 3960555, 1
0, 16, 17, 14, 735568287, 775727976, 0, 3, 1, 1
0, 16, 17, 14, 735568287, 775727976, 0, 2, 1, 1
0, 16, 17, 14, 735568287, 775727976, 0, 1, 1, 1
0, 17, 17, 14, 775727977, 854407684, 2, 5, 22413700, 0
0, 17, 17, 14, 775727977, 854407684, 2, 4, 25266797, 0
0, 17, 17, 14, 775727977, 854407684, 2, 3, 29049071, 0
0, 17, 17, 14, 775727977, 854407684, 2, 2, 35282364, 0
0, 17, 17, 14, 775727977, 854407684, 2, 1, 37578819, 0
0, 17, 17, 14, 775727977, 854407684, 2, 0, 18850982, 0
0, 17, 17, 14, 775727977, 854407684, 1, 5, 6963546, 1
0, 17, 17, 14, 775727977, 854407684, 1, 4, 8511000, 1
0, 17, 17, 14, 775727977, 854407684, 1, 3, 9957339, 1
0, 17, 17, 14, 775727977, 854407684, 1, 2, 13940274, 1
0, 17, 17, 14, 775727977, 854407684, 1, 1, 15949326, 1
0, 17, 17, 14, 775727977, 854407684, 1, 0, 1, 0
0, 17, 17, 14, 775727977, 854407684, 0, 5, 5750205, 1
0, 17, 17, 14, 775727977, 854407684, 0, 4, 7187756, 1
0, 17, 17, 14, 775727977, 854407684, 0, 3, 7284465, 1
0, 17, 17, 14, 775727977, 854407684, 0, 2, 10926698, 1
0, 17, 17, 14, 775727977, 854407684, 0, 1, 1, 1
0, 18, 17, 14, 854407685, 922198632, 2, 5, 32979334, 0
0, 18, 17, 14, 854407685, 922198632, 2, 4, 32928814, 0
0, 18, 17, 14, 854407685, 922198632, 2, 3, 33326055, 0
0, 18, 17, 14, 854407685, 922198632, 2, 2, 32432522, 0
0, 18, 17, 14, 854407685, 922198632, 2, 1, 28832538, 0
0, 18, 17, 14, 854407685, 922198632, 2, 0, 31716472, 0
0, 18, 17, 14, 854407685, 922198632, 1, 5, 25894440, 0
0, 18, 17, 14, 854407685, 922198632, 1, 4, 28419776, 1
0, 18, 17, 14, 854407685, 922198632, 1, 3, 27468548, 1
0, 18, 17, 14, 854407685, 922198632, 1, 2, 29073431, 0
0, 18, 17, 14, 854407685, 922198632, 1, 1, 30438053, 0
0, 18, 17, 14, 854407685, 922198632, 1, 0, 27272395, 0
0, 18, 17, 14, 854407685, 922198632, 0, 5, 25034485, 1
0, 18, 17, 14, 854407685, 922198632, 0, 4, 31293107, 1
0, 18, 17, 14, 854407685, 922198632, 0, 3, 28077910, 1
0, 18, 17, 14, 854407685, 922198632, 0, 2, 18660525, 1
0, 18, 17, 14, 854407685, 922198632, 0, 1, 22095736, 1
0, 19, 17, 14, 922198633, 947795192, 2, 5, 102432875, 1
0, 19, 17, 14, 922198633, 947795192, 2, 4, 100468797, 1
0, 19, 17, 14, 922198633, 947795192, 2, 3, 92287546, 0
0, 19, 17, 14, 922198633, 947795192, 2, 2, 94882598, 0
0, 19, 17, 14, 922198633, 947795192, 2, 1, 105183452, 0
0, 19, 17, 14, 922198633, 947795192, 2, 0, 91250948, 0
0, 19, 17, 14, 922198633, 947795192, 1, 5, 88818274, 1
0, 19, 17, 14, 922198633, 947795192, 1, 4, 93883587, 1
0, 19, 17, 14, 922198633, 947795192, 1, 3, 91321576, 1
0, 19, 17, 14, 922198633, 947795192, 1, 2, 94137569, 1
0, 19, 17, 14, 922198633, 947795192, 1, 1, 86807733, 1
0, 19, 17, 14, 922198633, 947795192, 1, 0, 30915609, 0
0, 19, 17, 14, 922198633, 947795192, 0, 5, 94567892, 1
0, 19, 17, 14, 922198633, 947795192, 0, 4, 102368454, 1
0, 19, 17, 14, 922198633, 947795192, 0, 3, 87062104, 1
0, 19, 17, 14, 922198633, 947795192, 0, 2, 88543658, 1
0, 19, 17, 14, 922198633, 947795192, 0, 1, 67456655, 1
0, 20, 17, 14, 947795193, 1034196109, 2, 5, 138682936, 1
0, 20, 17, 14, 947795193, 1034196109, 2, 4, 101914112, 1
0, 20, 17, 14, 947795193, 1034196109, 2, 3, 1, 1
0, 20, 17, 14, 947795193, 1034196109, 2, 2, 1, 1
0, 20, 17, 14, 947795193, 1034196109, 2, 1, 1, 1
0, 20, 17, 14, 947795193, 1034196109, 2, 0, 1, 0
0, 20, 17, 14, 947795193, 1034196109, 1, 5, 125365851, 1
0, 20, 17, 14, 947795193, 1034196109, 1, 4, 102001607, 1
0, 20, 17, 14, 947795193, 1034196109, 1, 3, 1, 1
0, 20, 17, 14, 947795193, 1034196109, 1, 2, 1, 1
0, 20, 17, 14, 947795193, 1034196109, 1, 1, 1, 1
0, 20, 17, 14, 947795193, 1034196109, 1, 0, 1, 0
0, 20, 17, 14, 947795193, 1034196109, 0, 5, 90482459, 1
0, 20, 17, 14, 947795193, 1034196109, 0, 4, 113103074, 1
0, 20, 17, 14, 947795193, 1034196109, 0, 3, 1, 1
0, 20, 17, 14, 947795193, 1034196109, 0, 2, 1, 1
0, 20, 17, 14, 947795193, 1034196109, 0, 1, 1, 1
0, 21, 17, 14, 1034196110, 1072091176, 2, 5, 95566964, 1
0, 21, 17, 14, 1034196110, 1072091176, 2, 4, 68004638, 1
0, 21, 17, 14, 1034196110, 1072091176, 2, 3, 1, 1
0, 21, 17, 14, 1034196110, 1072091176, 2, 2, 1, 1
0, 21, 17, 14, 1034196110, 1072091176, 2, 1, 1, 1
0, 21, 17, 14, 1034196110, 1072091176, 2, 0, 1, 0
0, 21, 17, 14, 1034196110, 1072091176, 1, 5, 78887494, 1
0, 21, 17, 14, 1034196110, 1072091176, 1, 4, 63951394, 1
0, 21, 17, 14, 1034196110, 1072091176, 1, 3, 1, 1
0, 21, 17, 14, 1034196110, 1072091176, 1, 2, 1, 1
0, 21, 17, 14, 1034196110, 1072091176, 1, 1, 1, 1
0, 21, 17, 14, 1034196110, 1072091176, 1, 0, 1, 0
0, 21, 17, 14, 1034196110, 1072091176, 0, 5, 46324710, 1
0, 21, 17, 14, 1034196110, 1072091176, 0, 4, 57905887, 1
0, 21, 17, 14, 1034196110, 1072091176, 0, 3, 1, 1
0, 21, 17, 14, 1034196110, 1072091176, 0, 2, 1, 1
0, 21, 17, 14, 1034196110, 1072091176, 0, 1, 1, 1
0, 22, 17, 14, 1072091177, 1102587888, 2, 5, 158216879, 1
0, 22, 17, 14, 1072091177, 1102587888, 2, 4, 111733802, 1
0, 22, 17, 14, 1072091177, 1102587888, 2, 3, 1, 1
0, 22, 17, 14, 1072091177, 1102587888, 2, 2, 1, 1
0, 22, 17, 14, 1072091177, 1102587888, 2, 1, 1, 1
0, 22, 17, 14, 1072091177, 1102587888, 2, 0, 1, 0
0, 22, 17, 14, 1072091177, 1102587888, 1, 5, 146933174, 1
0, 22, 17, 14, 1072091177, 1102587888, 1, 4, 114218461, 1
0, 22, 17, 14, 1072091177, 1102587888, 1, 3, 1, 1
0, 22, 17, 14, 1072091177, 1102587888, 1, 2, 1, 1
0, 22, 17, 14, 1072091177, 1102587888, 1, 1, 1, 1
0, 22, 17, 14, 1072091177, 1102587888, 1, 0, 1, 0
0, 22, 17, 14, 1072091177, 1102587888, 0, 5, 118899504, 1
0, 22, 17, 14, 1072091177, 1102587888, 0, 4, 131462167, 1
0, 22, 17, 14, 1072091177, 1102587888, 0, 3, 1, 1
0, 22, 17, 14, 1072091177, 1102587888, 0, 2, 1, 1
0, 22, 17, 14, 1072091177, 1102587888, 0, 1, 1, 1
0, 23, 17, 14, 1102587889, 1136360260, 2, 5, 110816792, 1
0, 23, 17, 14, 1102587889, 1136360260, 2, 4, 61718649, 1
0, 23, 17, 14, 1102587889, 1136360260, 2, 3, 1, 1
0, 23, 17, 14, 1102587889, 1136360260, 2, 2, 1, 1
0, 23, 17, 14, 1102587889, 1136360260, 2, 1, 1, 1
0, 23, 17, 14, 1102587889, 1136360260, 2, 0, 1, 0
0, 23, 17, 14, 1102587889, 1136360260, 1, 5, 122042992, 1
0, 23, 17, 14, 1102587889, 1136360260, 1, 4, 76941955, 1
0, 23, 17, 14, 1102587889, 1136360260, 1, 3, 1, 1
0, 23, 17, 14, 1102587889, 1136360260, 1, 2, 1, 1
0, 23, 17, 14, 1102587889, 1136360260, 1, 1, 1, 1
0, 23, 17, 14, 1102587889, 1136360260, 1, 0, 1, 0
0, 23, 17, 14, 1102587889, 1136360260, 0, 5, 135781955, 1
0, 23, 17, 14, 1102587889, 1136360260, 0, 4, 90416931, 1
0, 23, 17, 14, 1102587889, 1136360260, 0, 3, 1, 1
0, 23, 17, 14, 1102587889, 1136360260, 0, 2, 1, 1
0, 23, 17, 14, 1102587889, 1136360260, 0, 1, 1, 1
0, 24, 17, 14, 1136360261, 1166619345, 2, 5, 186362381, 1
0, 24, 17, 14, 1136360261, 1166619345, 2, 4, 113299428, 1
0, 24, 17, 14, 1136360261, 1166619345, 2, 3, 1, 1
0, 24, 17, 14, 1136360261, 1166619345, 2, 2, 1, 1
0, 24, 17, 14, 1136360261, 1166619345, 2, 1, 1, 1
0, 24, 17, 14, 1136360261, 1166619345, 2, 0, 1, 0
0, 24, 17, 14, 1136360261, 1166619345, 1, 5, 191691353, 1
0, 24, 17, 14, 1136360261, 1166619345, 1, 4, 117296320, 1
0, 24, 17, 14, 1136360261, 1166619345, 1, 3, 1, 1
0, 24, 17, 14, 1136360261, 1166619345, 1, 2, 1, 1
0, 24, 17, 14, 1136360261, 1166619345, 1, 1, 1, 1
0, 24, 17, 14, 1136360261, 1166619345, 1, 0, 1, 0
0, 24, 17, 14, 1136360261, 1166619345, 0, 5, 211933354, 1
0, 24, 17, 14, 1136360261, 1166619345, 0, 4, 133153016, 1
0, 24, 17, 14, 1136360261, 1166619345, 0, 3, 1, 1
0, 24, 17, 14, 1136360261, 1166619345, 0, 2, 1, 1
0, 24, 17, 14, 1136360261, 1166619345, 0, 1, 1, 1
0, 25, 17, 14, 1166619346, 1207321344, 2, 5, 92186712, 1
0, 25, 17, 14, 1166619346, 1207321344, 2, 4, 56785825, 1
0, 25, 17, 14, 1166619346, 1207321344, 2, 3, 1, 1
0, 25, 17, 14, 1166619346, 1207321344, 2, 2, 1, 1
0, 25, 17, 14, 1166619346, 1207321344, 2, 1, 1, 1
0, 25, 17, 14, 1166619346, 1207321344, 2, 0, 1, 0
0, 25, 17, 14, 1166619346, 1207321344, 1, 5, 109729561, 1
0, 25, 17, 14, 1166619346, 1207321344, 1, 4, 68242197, 1
0, 25, 17, 14, 1166619346, 1207321344, 1, 3, 1, 1
0, 25, 17, 14, 1166619346, 1207321344, 1, 2, 1, 1
0, 25, 17, 14, 1166619346, 1207321344, 1, 1, 1, 1
0, 25, 17, 14, 1166619346, 1207321344, 1, 0, 1, 0
0, 25, 17, 14, 1166619346, 1207321344, 0, 5, 127891639, 1
0, 25, 17, 14, 1166619346, 1207321344, 0, 4, 84417477, 1
0, 25, 17, 14, 1166619346, 1207321344, 0, 3, 1, 1
0, 25, 17, 14, 1166619346, 1207321344, 0, 2, 1, 1
0, 25, 17, 14, 1166619346, 1207321344, 0, 1, 1, 1
0, 26, 17, 14, 1207321345, 1287812295, 2, 5, 176716797, 1
0, 26, 17, 14, 1207321345, 1287812295, 2, 4, 109210874, 1
0, 26, 17, 14, 1207321345, 1287812295, 2, 3, 1, 1
0, 26, 17, 14, 1207321345, 1287812295, 2, 2, 1, 1
0, 26, 17, 14, 1207321345, 1287812295, 2, 1, 1, 1
0, 26, 17, 14, 1207321345, 1287812295, 2, 0, 1, 0
0, 26, 17, 14, 1207321345, 1287812295, 1, 5, 174688130, 1
0, 26, 17, 14, 1207321345, 1287812295, 1, 4, 107089017, 1
0, 26, 17, 14, 1207321345, 1287812295, 1, 3, 1, 1
0, 26, 17, 14, 1207321345, 1287812295, 1, 2, 1, 1
0, 26, 17, 14, 1207321345, 1287812295, 1, 1, 1, 1
0, 26, 17, 14, 1207321345, 1287812295, 1, 0, 1, 0
0, 26, 17, 14, 1207321345, 1287812295, 0, 5, 189439883, 1
0, 26, 17, 14, 1207321345, 1287812295, 0, 4, 115543079, 1
0, 26, 17, 14, 1207321345, 1287812295, 0, 3, 1, 1
0, 26, 17, 14, 1207321345, 1287812295, 0, 2, 1, 1
0, 26, 17, 14, 1207321345, 1287812295, 0, 1, 1, 1
0, 27, 17, 14, 1287812296, 1314396558, 2, 5, 74305461, 1
0, 27, 17, 14, 1287812296, 1314396558, 2, 4, 53247845, 1
0, 27, 17, 14, 1287812296, 1314396558, 2, 3, 1, 1
0, 27, 17, 14, 1287812296, 1314396558, 2, 2, 1, 1
0, 27, 17, 14, 1287812296, 1314396558, 2, 1, 1, 1
0, 27, 17, 14, 1287812296, 1314396558, 2, 0, 1, 0
0, 27, 17, 14, 1287812296, 1314396558, 1, 5, 67005881, 1
0, 27, 17, 14, 1287812296, 1314396558, 1, 4, 54890987, 1
0, 27, 17, 14, 1287812296, 1314396558, 1, 3, 1, 1
0, 27, 17, 14, 1287812296, 1314396558, 1, 2, 1, 1
0, 27, 17, 14, 1287812296, 1314396558, 1, 1, 1, 1
0, 27, 17, 14, 1287812296, 1314396558, 1, 0, 1, 0
0, 27, 17, 14, 1287812296, 1314396558, 0, 5, 97391791, 1
0, 27, 17, 14, 1287812296, 1314396558, 0, 4, 60978286, 1
0, 27, 17, 14, 1287812296, 1314396558, 0, 3, 1, 1
0, 27, 17, 14, 1287812296, 1314396558, 0, 2, 1, 1
0, 27, 17, 14, 1287812296, 1314396558, 0, 1, 1, 1
0, 28, 17, 14, 1314396559, 1336172111, 2, 5, 7941022, 0
0, 28, 17, 14, 1314396559, 1336172111, 2, 4, 9642669, 0
0, 28, 17, 14, 1314396559, 1336172111, 2, 3, 9566122, 0
0, 28, 17, 14, 1314396559, 1336172111, 2, 2, 8917885, 0
0, 28, 17, 14, 1314396559, 1336172111, 2, 1, 12132089, 0
0, 28, 17, 14, 1314396559, 1336172111, 2, 0, 18707902, 0
0, 28, 17, 14, 1314396559, 1336172111, 1, 5, 1480654, 1
0, 28, 17, 14, 1314396559, 1336172111, 1, 4, 1809688, 1
0, 28, 17, 14, 1314396559, 1336172111, 1, 3, 588019, 1
0, 28, 17, 14, 1314396559, 1336172111, 1, 2, 823227, 1
0, 28, 17, 14, 1314396559, 1336172111, 1, 1, 1372045, 1
0, 28, 17, 14, 1314396559, 1336172111, 1, 0, 1, 0
0, 28, 17, 14, 1314396559, 1336172111, 0, 5, 2556753, 1
0, 28, 17, 14, 1314396559, 1336172111, 0, 4, 3195942, 1
0, 28, 17, 14, 1314396559, 1336172111, 0, 3, 1372045, 1
0, 28, 17, 14, 1314396559, 1336172111, 0, 2, 2058067, 1
0, 28, 17, 14, 1314396559, 1336172111, 0, 1, 4116133, 1
0, 29, 17, 14, 1336172112, 1381003072, 2, 5, 8467827, 0
0, 29, 17, 14, 1336172112, 1381003072, 2, 4, 8498982, 1
0, 29, 17, 14, 1336172112, 1381003072, 2, 3, 4191499, 0
0, 29, 17, 14, 1336172112, 1381003072, 2, 2, 4733891, 1
0, 29, 17, 14, 1336172112, 1381003072, 2, 1, 4941214, 1
0, 29, 17, 14, 1336172112, 1381003072, 2, 0, 8235356, 0
0, 29, 17, 14, 1336172112, 1381003072, 1, 5, 6334192, 0
0, 29, 17, 14, 1336172112, 1381003072, 1, 4, 7277620, 1
0, 29, 17, 14, 1336172112, 1381003072, 1, 3, 3529438, 0
0, 29, 17, 14, 1336172112, 1381003072, 1, 2, 4941214, 1
0, 29, 17, 14, 1336172112, 1381003072, 1, 1, 5490237, 1
0, 29, 17, 14, 1336172112, 1381003072, 1, 0, 8235356, 0
0, 29, 17, 14, 1336172112, 1381003072, 0, 5, 7222208, 1
0, 29, 17, 14, 1336172112, 1381003072, 0, 4, 9027760, 1
0, 29, 17, 14, 1336172112, 1381003072, 0, 3, 5490237, 1
0, 29, 17, 14, 1336172112, 1381003072, 0, 2, 8235356, 1
0, 29, 17, 14, 1336172112, 1381003072, 0, 1, 8235356, 1
0, 30, 17, 14, 1381003073, 1546325070, 2, 5, 473896940, 0
0, 30, 17, 14, 1381003073, 1546325070, 2, 4, 477741287, 0
0, 30, 17, 14, 1381003073, 1546325070, 2, 3, 475038553, 0
0, 30, 17, 14, 1381003073, 1546325070, 2, 2, 467316541, 0
0, 30, 17, 14, 1381003073, 1546325070, 2, 1, 463795922, 0
0, 30, 17, 14, 1381003073, 1546325070, 2, 0, 502988304, 0
0, 30, 17, 14, 1381003073, 1546325070, 1, 5, 428153259, 1
0, 30, 17, 14, 1381003073, 1546325070, 1, 4, 424079916, 1
0, 30, 17, 14, 1381003073, 1546325070, 1, 3, 404262661, 1
0, 30, 17, 14, 1381003073, 1546325070, 1, 2, 397254249, 1
0, 30, 17, 14, 1381003073, 1546325070, 1, 1, 399886232, 1
0, 30, 17, 14, 1381003073, 1546325070, 1, 0, 384690232, 0
0, 30, 17, 14, 1381003073, 1546325070, 0, 5, 405357311, 1
0, 30, 17, 14, 1381003073, 1546325070, 0, 4, 401533296, 1
0, 30, 17, 14, 1381003073, 1546325070, 0, 3, 405951239, 1
0, 30, 17, 14, 1381003073, 1546325070, 0, 2, 395817817, 1
0, 30, 17, 14, 1381003073, 1546325070, 0, 1, 395682171, 1
0, 31, 17, 14, 1546325071, 1599766890, 2, 5, 399411582, 0
0, 31, 17, 14, 1546325071, 1599766890, 2, 4, 398672219, 0
0, 31, 17, 14, 1546325071, 1599766890, 2, 3, 397411332, 0
0, 31, 17, 14, 1546325071, 1599766890, 2, 2, 407393660, 1
0, 31, 17, 14, 1546325071, 1599766890, 2, 1, 398221812, 1
0, 31, 17, 14, 1546325071, 1599766890, 2, 0, 406932296, 0
0, 31, 17, 14, 1546325071, 1599766890, 1, 5, 396716912, 0
0, 31, 17, 14, 1546325071, 1599766890, 1, 4, 398221850, 0
0, 31, 17, 14, 1546325071, 1599766890, 1, 3, 398432331, 0
0, 31, 17, 14, 1546325071, 1599766890, 1, 2, 412442535, 1
0, 31, 17, 14, 1546325071, 1599766890, 1, 1, 407627017, 0
0, 31, 17, 14, 1546325071, 1599766890, 1, 0, 408975600, 0
0, 31, 17, 14, 1546325071, 1599766890, 0, 5, 400927529, 1
0, 31, 17, 14, 1546325071, 1599766890, 0, 4, 400403806, 1
0, 31, 17, 14, 1546325071, 1599766890, 0, 3, 395950269, 1
0, 31, 17, 14, 1546325071, 1599766890, 0, 2, 421001408, 1
0, 31, 17, 14, 1546325071, 1599766890, 0, 1, 408770249, 1
0, 32, 17, 14, 1599766891, 1626410525, 2, 5, 330643194, 1
0, 32, 17, 14, 1599766891, 1626410525, 2, 4, 322273243, 1
0, 32, 17, 14, 1599766891, 1626410525, 2, 3, 306481563, 1
0, 32, 17, 14, 1599766891, 1626410525, 2, 2, 303285610, 1
0, 32, 17, 14, 1599766891, 1626410525, 2, 1, 297421896, 1
0, 32, 17, 14, 1599766891, 1626410525, 2, 0, 261474854, 0
0, 32, 17, 14, 1599766891, 1626410525, 1, 5, 342218238, 1
0, 32, 17, 14, 1599766891, 1626410525, 1, 4, 342810342, 1
0, 32, 17, 14, 1599766891, 1626410525, 1, 3, 332199682, 1
0, 32, 17, 14, 1599766891, 1626410525, 1, 2, 328372064, 1
0, 32, 17, 14, 1599766891, 1626410525, 1, 1, 321386590, 1
0, 32, 17, 14, 1599766891, 1626410525, 1, 0, 261474854, 0
0, 32, 17, 14, 1599766891, 1626410525, 0, 5, 332370934, 1
0, 32, 17, 14, 1599766891, 1626410525, 0, 4, 343024227, 1
0, 32, 17, 14, 1599766891, 1626410525, 0, 3, 321386590, 1
0, 32, 17, 14, 1599766891, 1626410525, 0, 2, 351342459, 1
0, 32, 17, 14, 1599766891, 1626410525, 0, 1, 441210064, 1
0, 33, 17, 14, 1626410526, 1683799811, 2, 5, 336701627, 1
0, 33, 17, 14, 1626410526, 1683799811, 2, 4, 322637268, 1
0, 33, 17, 14, 1626410526, 1683799811, 2, 3, 294107190, 1
0, 33, 17, 14, 1626410526, 1683799811, 2, 2, 294107190, 1
0, 33, 17, 14, 1626410526, 1683799811, 2, 1, 294107190, 1
0, 33, 17, 14, 1626410526, 1683799811, 2, 0, 294107190, 0
0, 33, 17, 14, 1626410526, 1683799811, 1, 5, 333781814, 1
0, 33, 17, 14, 1626410526, 1683799811, 1, 4, 325247526, 1
0, 33, 17, 14, 1626410526, 1683799811, 1, 3, 294107190, 1
0, 33, 17, 14, 1626410526, 1683799811, 1, 2, 294107190, 1
0, 33, 17, 14, 1626410526, 1683799811, 1, 1, 294107190, 1
0, 33, 17, 14, 1626410526, 1683799811, 1, 0, 294107190, 0
0, 33, 17, 14, 1626410526, 1683799811, 0, 5, 337719715, 1
0, 33, 17, 14, 1626410526, 1683799811, 0, 4, 341552120, 1
0, 33, 17, 14, 1626410526, 1683799811, 0, 3, 294107190, 1
0, 33, 17, 14, 1626410526, 1683799811, 0, 2, 294107190, 1
0, 33, 17, 14, 1626410526, 1683799811, 0, 1, 294107190, 1
0, 34, 17, 14, 1683799812, 1736603803, 2, 5, 481733922, 1
0, 34, 17, 14, 1683799812, 1736603803, 2, 4, 472298884, 1
0, 34, 17, 14, 1683799812, 1736603803, 2, 3, 461713026, 1
0, 34, 17, 14, 1683799812, 1736603803, 2, 2, 463205299, 1
0, 34, 17, 14, 1683799812, 1736603803, 2, 1, 433104892, 1
0, 34, 17, 14, 1683799812, 1736603803, 2, 0, 397162170, 0
0, 34, 17, 14, 1683799812, 1736603803, 1, 5, 487568990, 1
0, 34, 17, 14, 1683799812, 1736603803, 1, 4, 483517251, 1
0, 34, 17, 14, 1683799812, 1736603803, 1, 3, 476376343, 1
0, 34, 17, 14, 1683799812, 1736603803, 1, 2, 471719136, 1
0, 34, 17, 14, 1683799812, 1736603803, 1, 1, 457066707, 1
0, 34, 17, 14, 1683799812, 1736603803, 1, 0, 397162170, 0
0, 34, 17, 14, 1683799812, 1736603803, 0, 5, 494316379, 1
0, 34, 17, 14, 1683799812, 1736603803, 0, 4, 481504931, 1
0, 34, 17, 14, 1683799812, 1736603803, 0, 3, 481386797, 1
0, 34, 17, 14, 1683799812, 1736603803, 0, 2, 506778487, 1
0, 34, 17, 14, 1683799812, 1736603803, 0, 1, 500700246, 1
0, 35, 17, 14, 1736603804, 1787861572, 2, 5, 282353084, 0
0, 35, 17, 14, 1736603804, 1787861572, 2, 4, 274151105, 0
0, 35, 17, 14, 1736603804, 1787861572, 2, 3, 292176995, 0
0, 35, 17, 14, 1736603804, 1787861572, 2, 2, 285827556, 1
0, 35, 17, 14, 1736603804, 1787861572, 2, 1, 259735258, 0
0, 35, 17, 14, 1736603804, 1787861572, 2, 0, 329370919, 0
0, 35, 17, 14, 1736603804, 1787861572, 1, 5, 320596195, 0
0, 35, 17, 14, 1736603804, 1787861572, 1, 4, 319776073, 0
0, 35, 17, 14, 1736603804, 1787861572, 1, 3, 321973734, 0
0, 35, 17, 14, 1736603804, 1787861572, 1, 2, 324680075, 0
0, 35, 17, 14, 1736603804, 1787861572, 1, 1, 323487443, 0
0, 35, 17, 14, 1736603804, 1787861572, 1, 0, 330527879, 0
0, 35, 17, 14, 1736603804, 1787861572, 0, 5, 320489523, 1
0, 35, 17, 14, 1736603804, 1787861572, 0, 4, 318077217, 1
0, 35, 17, 14, 1736603804, 1787861572, 0, 3, 317557559, 1
0, 35, 17, 14, 1736603804, 1787861572, 0, 2, 330211489, 1
0, 35, 17, 14, 1736603804, 1787861572, 0, 1, 322954276, 1
0, 36, 17, 14, 1787861573, 1805458361, 2, 5, 14499891, 0
0, 36, 17, 14, 1787861573, 1805458361, 2, 4, 15771411, 0
0, 36, 17, 14, 1787861573, 1805458361, 2, 3, 20072705, 0
0, 36, 17, 14, 1787861573, 1805458361, 2, 2, 19599285, 0
0, 36, 17, 14, 1787861573, 1805458361, 2, 1, 20590116, 0
0, 36, 17, 14, 1787861573, 1805458361, 2, 0, 31781713, 0
0, 36, 17, 14, 1787861573, 1805458361, 1, 5, 5388060, 0
0, 36, 17, 14, 1787861573, 1805458361, 1, 4, 6585407, 0
0, 36, 17, 14, 1787861573, 1805458361, 1, 3, 8466951, 0
0, 36, 17, 14, 1787861573, 1805458361, 1, 2, 9821376, 0
0, 36, 17, 14, 1787861573, 1805458361, 1, 1, 16368960, 0
0, 36, 17, 14, 1787861573, 1805458361, 1, 0, 9719728, 0
0, 36, 17, 14, 1787861573, 1805458361, 0, 5, 2032356, 1
0, 36, 17, 14, 1787861573, 1805458361, 0, 4, 2540445, 1
0, 36, 17, 14, 1787861573, 1805458361, 0, 3, 3387259, 1
0, 36, 17, 14, 1787861573, 1805458361, 0, 2, 1, 1
0, 36, 17, 14, 1787861573, 1805458361, 0, 1, 1, 1
0, 37, 17, 14, 1805458362, 1879238741, 2, 5, 391065798, 0
0, 37, 17, 14, 1805458362, 1879238741, 2, 4, 379340819, 0
0, 37, 17, 14, 1805458362, 1879238741, 2, 3, 404876269, 0
0, 37, 17, 14, 1805458362, 1879238741, 2, 2, 380491776, 0
0, 37, 17, 14, 1805458362, 1879238741, 2, 1, 369710227, 0
0, 37, 17, 14, 1805458362, 1879238741, 2, 0, 470646813, 0
0, 37, 17, 14, 1805458362, 1879238741, 1, 5, 436493596, 1
0, 37, 17, 14, 1805458362, 1879238741, 1, 4, 433513742, 1
0, 37, 17, 14, 1805458362, 1879238741, 1, 3, 434927308, 1
0, 37, 17, 14, 1805458362, 1879238741, 1, 2, 430868728, 1
0, 37, 17, 14, 1805458362, 1879238741, 1, 1, 439743616, 0
0, 37, 17, 14, 1805458362, 1879238741, 1, 0, 411973337, 0
0, 37, 17, 14, 1805458362, 1879238741, 0, 5, 442806497, 1
0, 37, 17, 14, 1805458362, 1879238741, 0, 4, 437425716, 1
0, 37, 17, 14, 1805458362, 1879238741, 0, 3, 433607959, 1
0, 37, 17, 14, 1805458362, 1879238741, 0, 2, 432064107, 1
0, 37, 17, 14, 1805458362, 1879238741, 0, 1, 399203190, 1
0, 38, 17, 14, 1879238742, 1918902631, 2, 5, 523441250, 0
0, 38, 17, 14, 1879238742, 1918902631, 2, 4, 516043460, 0
0, 38, 17, 14, 1879238742, 1918902631, 2, 3, 532881098, 0
0, 38, 17, 14, 1879238742, 1918902631, 2, 2, 506220827, 0
0, 38, 17, 14, 1879238742, 1918902631, 2, 1, 498453156, 0
0, 38, 17, 14, 1879238742, 1918902631, 2, 0, 644676083, 0
0, 38, 17, 14, 1879238742, 1918902631, 1, 5, 593810034, 0
0, 38, 17, 14, 1879238742, 1918902631, 1, 4, 608403516, 0
0, 38, 17, 14, 1879238742, 1918902631, 1, 3, 606677148, 0
0, 38, 17, 14, 1879238742, 1918902631, 1, 2, 610062094, 0
0, 38, 17, 14, 1879238742, 1918902631, 1, 1, 615289438, 0
0, 38, 17, 14, 1879238742, 1918902631, 1, 0, 642954702, 0
0, 38, 17, 14, 1879238742, 1918902631, 0, 5, 618155522, 1
0, 38, 17, 14, 1879238742, 1918902631, 0, 4, 615690886, 1
0, 38, 17, 14, 1879238742, 1918902631, 0, 3, 610964140, 1
0, 38, 17, 14, 1879238742, 1918902631, 0, 2, 609690382, 1
0, 38, 17, 14, 1879238742, 1918902631, 0, 1, 613028671, 1
0, 39, 17, 14, 1918902632, 1930127443, 2, 5, 304456777, 1
0, 39, 17, 14, 1918902632, 1930127443, 2, 4, 299743376, 1
0, 39, 17, 14, 1918902632, 1930127443, 2, 3, 289338920, 1
0, 39, 17, 14, 1918902632, 1930127443, 2, 2, 284319404, 1
0, 39, 17, 14, 1918902632, 1930127443, 2, 1, 258539508, 1
0, 39, 17, 14, 1918902632, 1930127443, 2, 0, 208322565, 0
0, 39, 17, 14, 1918902632, 1930127443, 1, 5, 332879510, 1
0, 39, 17, 14, 1918902632, 1930127443, 1, 4, 327640076, 1
0, 39, 17, 14, 1918902632, 1930127443, 1, 3, 314503650, 1
0, 39, 17, 14, 1918902632, 1930127443, 1, 2, 299048920, 1
0, 39, 17, 14, 1918902632, 1930127443, 1, 1, 294883614, 1
0, 39, 17, 14, 1918902632, 1930127443, 1, 0, 249277468, 0
0, 39, 17, 14, 1918902632, 1930127443, 0, 5, 330662191, 1
0, 39, 17, 14, 1918902632, 1930127443, 0, 4, 346716736, 1
0, 39, 17, 14, 1918902632, 1930127443, 0, 3, 340206645, 1
0, 39, 17, 14, 1918902632, 1930127443, 0, 2, 350507350, 1
0, 39, 17, 14, 1918902632, 1930127443, 0, 1, 343558183, 1
0, 40, 17, 14, 1930127444, 1966882915, 2, 5, 97638507, 1
0, 40, 17, 14, 1930127444, 1966882915, 2, 4, 101609526, 1
0, 40, 17, 14, 1930127444, 1966882915, 2, 3, 104072540, 1
0, 40, 17, 14, 1930127444, 1966882915, 2, 2, 100485529, 1
0, 40, 17, 14, 1930127444, 1966882915, 2, 1, 83994523, 1
0, 40, 17, 14, 1930127444, 1966882915, 2, 0, 70328414, 0
0, 40, 17, 14, 1930127444, 1966882915, 1, 5, 120062901, 0
0, 40, 17, 14, 1930127444, 1966882915, 1, 4, 131601162, 0
0, 40, 17, 14, 1930127444, 1966882915, 1, 3, 129525005, 0
0, 40, 17, 14, 1930127444, 1966882915, 1, 2, 133403817, 0
0, 40, 17, 14, 1930127444, 1966882915, 1, 1, 139990871, 0
0, 40, 17, 14, 1930127444, 1966882915, 1, 0, 140656828, 0
0, 40, 17, 14, 1930127444, 1966882915, 0, 5, 109663538, 1
0, 40, 17, 14, 1930127444, 1966882915, 0, 4, 122433021, 1
0, 40, 17, 14, 1930127444, 1966882915, 0, 3, 117270859, 1
0, 40, 17, 14, 1930127444, 1966882915, 0, 2, 121074765, 1
0, 40, 17, 14, 1930127444, 1966882915, 0, 1, 133387168, 1
0, 41, 17, 14, 1966882916, 2196025834, 2, 5, 21180067, 1
0, 41, 17, 14, 1966882916, 2196025834, 2, 4, 21227712, 1
0, 41, 17, 14, 1966882916, 2196025834, 2, 3, 25200012, 1
0, 41, 17, 14, 1966882916, 2196025834, 2, 2, 25304655, 1
0, 41, 17, 14, 1966882916, 2196025834, 2, 1, 7435824, 1
0, 41, 17, 14, 1966882916, 2196025834, 2, 0, 1, 0
0, 41, 17, 14, 1966882916, 2196025834, 1, 5, 24849108, 1
0, 41, 17, 14, 1966882916, 2196025834, 1, 4, 23385225, 1
0, 41, 17, 14, 1966882916, 2196025834, 1, 3, 27211313, 1
0, 41, 17, 14, 1966882916, 2196025834, 1, 2, 31113487, 1
0, 41, 17, 14, 1966882916, 2196025834, 1, 1, 12393040, 1
0, 41, 17, 14, 1966882916, 2196025834, 1, 0, 1, 0
0, 41, 17, 14, 1966882916, 2196025834, 0, 5, 7031659, 1
0, 41, 17, 14, 1966882916, 2196025834, 0, 4, 4193376, 1
0, 41, 17, 14, 1966882916, 2196025834, 0, 3, 5591168, 1
0, 41, 17, 14, 1966882916, 2196025834, 0, 2, 8386752, 1
0, 41, 17, 14, 1966882916, 2196025834, 0, 1, 1, 1
