3, 1, 14, 1, 1, 133608787, 5, 18, 1133472536, 1
3, 1, 14, 1, 1, 133608787, 5, 17, 1123145187, 1
3, 1, 14, 1, 1, 133608787, 5, 16, 1111711659, 1
3, 1, 14, 1, 1, 133608787, 5, 15, 1096625985, 1
3, 1, 14, 1, 1, 133608787, 5, 14, 1077035023, 1
3, 1, 14, 1, 1, 133608787, 5, 13, 1057678215, 1
3, 1, 14, 1, 1, 133608787, 5, 12, 1030051261, 1
3, 1, 14, 1, 1, 133608787, 5, 11, 998230859, 1
3, 1, 14, 1, 1, 133608787, 5, 10, 965698521, 1
3, 1, 14, 1, 1, 133608787, 5, 9, 931612535, 1
3, 1, 14, 1, 1, 133608787, 5, 8, 892647104, 1
3, 1, 14, 1, 1, 133608787, 5, 7, 828602256, 1
3, 1, 14, 1, 1, 133608787, 5, 6, 759666936, 1
3, 1, 14, 1, 1, 133608787, 5, 5, 639341341, 1
3, 1, 14, 1, 1, 133608787, 5, 4, 487252613, 1
3, 1, 14, 1, 1, 133608787, 5, 3, 282773480, 1
3, 1, 14, 1, 1, 133608787, 5, 2, 53499717, 0
3, 1, 14, 1, 1, 133608787, 5, 1, 69028970, 0
3, 1, 14, 1, 1, 133608787, 5, 0, 91793124, 0
3, 1, 14, 1, 1, 133608787, 4, 18, 1130746869, 1
3, 1, 14, 1, 1, 133608787, 4, 17, 1122405861, 1
3, 1, 14, 1, 1, 133608787, 4, 16, 1112274950, 1
3, 1, 14, 1, 1, 133608787, 4, 15, 1095044766, 1
3, 1, 14, 1, 1, 133608787, 4, 14, 1076410020, 1
3, 1, 14, 1, 1, 133608787, 4, 13, 1058854589, 1
3, 1, 14, 1, 1, 133608787, 4, 12, 1033563509, 1
3, 1, 14, 1, 1, 133608787, 4, 11, 998563499, 1
3, 1, 14, 1, 1, 133608787, 4, 10, 964324135, 1
3, 1, 14, 1, 1, 133608787, 4, 9, 929532351, 1
3, 1, 14, 1, 1, 133608787, 4, 8, 889978867, 1
3, 1, 14, 1, 1, 133608787, 4, 7, 823624451, 1
3, 1, 14, 1, 1, 133608787, 4, 6, 757513690, 1
3, 1, 14, 1, 1, 133608787, 4, 5, 624769160, 1
3, 1, 14, 1, 1, 133608787, 4, 4, 473981943, 1
3, 1, 14, 1, 1, 133608787, 4, 3, 268702768, 1
3, 1, 14, 1, 1, 133608787, 4, 2, 32180684, 0
3, 1, 14, 1, 1, 133608787, 4, 1, 50058842, 0
3, 1, 14, 1, 1, 133608787, 4, 0, 75088262, 0
3, 1, 14, 1, 1, 133608787, 3, 18, 1120369392, 1
3, 1, 14, 1, 1, 133608787, 3, 17, 1114890821, 1
3, 1, 14, 1, 1, 133608787, 3, 16, 1105707953, 1
3, 1, 14, 1, 1, 133608787, 3, 15, 1090098084, 1
3, 1, 14, 1, 1, 133608787, 3, 14, 1072497759, 1
3, 1, 14, 1, 1, 133608787, 3, 13, 1061334298, 1
3, 1, 14, 1, 1, 133608787, 3, 12, 1034207588, 1
3, 1, 14, 1, 1, 133608787, 3, 11, 996580481, 1
3, 1, 14, 1, 1, 133608787, 3, 10, 965274746, 1
3, 1, 14, 1, 1, 133608787, 3, 9, 934099518, 1
3, 1, 14, 1, 1, 133608787, 3, 8, 890910932, 1
3, 1, 14, 1, 1, 133608787, 3, 7, 825564154, 1
3, 1, 14, 1, 1, 133608787, 3, 6, 760429303, 1
3, 1, 14, 1, 1, 133608787, 3, 5, 629936654, 1
3, 1, 14, 1, 1, 133608787, 3, 4, 468308789, 1
3, 1, 14, 1, 1, 133608787, 3, 3, 257701846, 1
3, 1, 14, 1, 1, 133608787, 3, 2, 13652412, 0
3, 1, 14, 1, 1, 133608787, 3, 1, 21453790, 0
3, 1, 14, 1, 1, 133608787, 3, 0, 50058842, 0
3, 1, 14, 1, 1, 133608787, 2, 18, 1141204500, 1
3, 1, 14, 1, 1, 133608787, 2, 17, 1132973259, 1
3, 1, 14, 1, 1, 133608787, 2, 16, 1122168464, 1
3, 1, 14, 1, 1, 133608787, 2, 15, 1109315235, 1
3, 1, 14, 1, 1, 133608787, 2, 14, 1094477106, 1
3, 1, 14, 1, 1, 133608787, 2, 13, 1082776015, 1
3, 1, 14, 1, 1, 133608787, 2, 12, 1051481762, 1
3, 1, 14, 1, 1, 133608787, 2, 11, 1017672079, 1
3, 1, 14, 1, 1, 133608787, 2, 10, 983074660, 1
3, 1, 14, 1, 1, 133608787, 2, 9, 948789271, 1
3, 1, 14, 1, 1, 133608787, 2, 8, 907971816, 1
3, 1, 14, 1, 1, 133608787, 2, 7, 842770971, 1
3, 1, 14, 1, 1, 133608787, 2, 6, 773091320, 1
3, 1, 14, 1, 1, 133608787, 2, 5, 631658454, 1
3, 1, 14, 1, 1, 133608787, 2, 4, 471688315, 1
3, 1, 14, 1, 1, 133608787, 2, 3, 252352666, 1
3, 1, 14, 1, 1, 133608787, 2, 2, 1, 1
3, 1, 14, 1, 1, 133608787, 2, 1, 1, 1
3, 1, 14, 1, 1, 133608787, 2, 0, 1, 0
3, 1, 14, 1, 1, 133608787, 1, 18, 1178048404, 1
3, 1, 14, 1, 1, 133608787, 1, 17, 1169730219, 1
3, 1, 14, 1, 1, 133608787, 1, 16, 1155371826, 1
3, 1, 14, 1, 1, 133608787, 1, 15, 1147774436, 1
3, 1, 14, 1, 1, 133608787, 1, 14, 1132579691, 1
3, 1, 14, 1, 1, 133608787, 1, 13, 1114384102, 1
3, 1, 14, 1, 1, 133608787, 1, 12, 1082484228, 1
3, 1, 14, 1, 1, 133608787, 1, 11, 1053852943, 1
3, 1, 14, 1, 1, 133608787, 1, 10, 1023558707, 1
3, 1, 14, 1, 1, 133608787, 1, 9, 997044130, 1
3, 1, 14, 1, 1, 133608787, 1, 8, 955204084, 1
3, 1, 14, 1, 1, 133608787, 1, 7, 882224599, 1
3, 1, 14, 1, 1, 133608787, 1, 6, 808867398, 1
3, 1, 14, 1, 1, 133608787, 1, 5, 657248269, 1
3, 1, 14, 1, 1, 133608787, 1, 4, 470459961, 1
3, 1, 14, 1, 1, 133608787, 1, 3, 262343925, 1
3, 1, 14, 1, 1, 133608787, 1, 2, 1, 1
3, 1, 14, 1, 1, 133608787, 1, 1, 1, 1
3, 1, 14, 1, 1, 133608787, 1, 0, 1, 0
3, 1, 14, 1, 1, 133608787, 0, 18, 1215872406, 1
3, 1, 14, 1, 1, 133608787, 0, 17, 1205668699, 1
3, 1, 14, 1, 1, 133608787, 0, 16, 1198338076, 1
3, 1, 14, 1, 1, 133608787, 0, 15, 1188802312, 1
3, 1, 14, 1, 1, 133608787, 0, 14, 1161934872, 1
3, 1, 14, 1, 1, 133608787, 0, 13, 1155299764, 1
3, 1, 14, 1, 1, 133608787, 0, 12, 1129481689, 1
3, 1, 14, 1, 1, 133608787, 0, 11, 1095724377, 1
3, 1, 14, 1, 1, 133608787, 0, 10, 1061131065, 1
3, 1, 14, 1, 1, 133608787, 0, 9, 1048371472, 1
3, 1, 14, 1, 1, 133608787, 0, 8, 996115432, 1
3, 1, 14, 1, 1, 133608787, 0, 7, 927946683, 1
3, 1, 14, 1, 1, 133608787, 0, 6, 877470267, 1
3, 1, 14, 1, 1, 133608787, 0, 5, 724069968, 1
3, 1, 14, 1, 1, 133608787, 0, 4, 549114673, 1
3, 1, 14, 1, 1, 133608787, 0, 3, 313157282, 1
3, 1, 14, 1, 1, 133608787, 0, 2, 1, 1
3, 1, 14, 1, 1, 133608787, 0, 1, 1, 1
3, 2, 14, 1, 133608788, 150499213, 5, 18, 3687546021, 1
3, 2, 14, 1, 133608788, 150499213, 5, 17, 3609928546, 1
3, 2, 14, 1, 133608788, 150499213, 5, 16, 3527103796, 1
3, 2, 14, 1, 133608788, 150499213, 5, 15, 3436271093, 1
3, 2, 14, 1, 133608788, 150499213, 5, 14, 3330297695, 1
3, 2, 14, 1, 133608788, 150499213, 5, 13, 3209986746, 1
3, 2, 14, 1, 133608788, 150499213, 5, 12, 3068081033, 1
3, 2, 14, 1, 133608788, 150499213, 5, 11, 2913949122, 1
3, 2, 14, 1, 133608788, 150499213, 5, 10, 2724602600, 1
3, 2, 14, 1, 133608788, 150499213, 5, 9, 2499193872, 1
3, 2, 14, 1, 133608788, 150499213, 5, 8, 2216920434, 1
3, 2, 14, 1, 133608788, 150499213, 5, 7, 1857784668, 1
3, 2, 14, 1, 133608788, 150499213, 5, 6, 1402548144, 1
3, 2, 14, 1, 133608788, 150499213, 5, 5, 968103168, 1
3, 2, 14, 1, 133608788, 150499213, 5, 4, 600987789, 1
3, 2, 14, 1, 133608788, 150499213, 5, 3, 298605286, 1
3, 2, 14, 1, 133608788, 150499213, 5, 2, 54239952, 0
3, 2, 14, 1, 133608788, 150499213, 5, 1, 65557013, 0
3, 2, 14, 1, 133608788, 150499213, 5, 0, 84591908, 0
3, 2, 14, 1, 133608788, 150499213, 4, 18, 3682471965, 1
3, 2, 14, 1, 133608788, 150499213, 4, 17, 3605851244, 1
3, 2, 14, 1, 133608788, 150499213, 4, 16, 3524422567, 1
3, 2, 14, 1, 133608788, 150499213, 4, 15, 3434704338, 1
3, 2, 14, 1, 133608788, 150499213, 4, 14, 3328887166, 1
3, 2, 14, 1, 133608788, 150499213, 4, 13, 3209115503, 1
3, 2, 14, 1, 133608788, 150499213, 4, 12, 3066472117, 1
3, 2, 14, 1, 133608788, 150499213, 4, 11, 2910534327, 1
3, 2, 14, 1, 133608788, 150499213, 4, 10, 2717582748, 1
3, 2, 14, 1, 133608788, 150499213, 4, 9, 2488202031, 1
3, 2, 14, 1, 133608788, 150499213, 4, 8, 2199668314, 1
3, 2, 14, 1, 133608788, 150499213, 4, 7, 1839192813, 1
3, 2, 14, 1, 133608788, 150499213, 4, 6, 1381814991, 1
3, 2, 14, 1, 133608788, 150499213, 4, 5, 942656055, 1
3, 2, 14, 1, 133608788, 150499213, 4, 4, 567689781, 1
3, 2, 14, 1, 133608788, 150499213, 4, 3, 283344727, 1
3, 2, 14, 1, 133608788, 150499213, 4, 2, 35651404, 0
3, 2, 14, 1, 133608788, 150499213, 4, 1, 55457739, 0
3, 2, 14, 1, 133608788, 150499213, 4, 0, 74541901, 0
3, 2, 14, 1, 133608788, 150499213, 3, 18, 3713180807, 1
3, 2, 14, 1, 133608788, 150499213, 3, 17, 3639332405, 1
3, 2, 14, 1, 133608788, 150499213, 3, 16, 3560975817, 1
3, 2, 14, 1, 133608788, 150499213, 3, 15, 3469283150, 1
3, 2, 14, 1, 133608788, 150499213, 3, 14, 3361813861, 1
3, 2, 14, 1, 133608788, 150499213, 3, 13, 3240445618, 1
3, 2, 14, 1, 133608788, 150499213, 3, 12, 3094822087, 1
3, 2, 14, 1, 133608788, 150499213, 3, 11, 2934992900, 1
3, 2, 14, 1, 133608788, 150499213, 3, 10, 2739343515, 1
3, 2, 14, 1, 133608788, 150499213, 3, 9, 2507265744, 1
3, 2, 14, 1, 133608788, 150499213, 3, 8, 2210301117, 1
3, 2, 14, 1, 133608788, 150499213, 3, 7, 1845148470, 1
3, 2, 14, 1, 133608788, 150499213, 3, 6, 1385264985, 1
3, 2, 14, 1, 133608788, 150499213, 3, 5, 944941275, 1
3, 2, 14, 1, 133608788, 150499213, 3, 4, 566509087, 1
3, 2, 14, 1, 133608788, 150499213, 3, 3, 278057914, 1
3, 2, 14, 1, 133608788, 150499213, 3, 2, 18268368, 0
3, 2, 14, 1, 133608788, 150499213, 3, 1, 28707435, 0
3, 2, 14, 1, 133608788, 150499213, 3, 0, 66984015, 0
3, 2, 14, 1, 133608788, 150499213, 2, 18, 3728732856, 1
3, 2, 14, 1, 133608788, 150499213, 2, 17, 3656572185, 1
3, 2, 14, 1, 133608788, 150499213, 2, 16, 3576439350, 1
3, 2, 14, 1, 133608788, 150499213, 2, 15, 3484494701, 1
3, 2, 14, 1, 133608788, 150499213, 2, 14, 3377312185, 1
3, 2, 14, 1, 133608788, 150499213, 2, 13, 3256680591, 1
3, 2, 14, 1, 133608788, 150499213, 2, 12, 3111680670, 1
3, 2, 14, 1, 133608788, 150499213, 2, 11, 2950303866, 1
3, 2, 14, 1, 133608788, 150499213, 2, 10, 2755453197, 1
3, 2, 14, 1, 133608788, 150499213, 2, 9, 2524572338, 1
3, 2, 14, 1, 133608788, 150499213, 2, 8, 2225269413, 1
3, 2, 14, 1, 133608788, 150499213, 2, 7, 1858093579, 1
3, 2, 14, 1, 133608788, 150499213, 2, 6, 1394403316, 1
3, 2, 14, 1, 133608788, 150499213, 2, 5, 952690585, 1
3, 2, 14, 1, 133608788, 150499213, 2, 4, 569161245, 1
3, 2, 14, 1, 133608788, 150499213, 2, 3, 274877680, 1
3, 2, 14, 1, 133608788, 150499213, 2, 2, 1, 1
3, 2, 14, 1, 133608788, 150499213, 2, 1, 1, 1
3, 2, 14, 1, 133608788, 150499213, 2, 0, 1, 0
3, 2, 14, 1, 133608788, 150499213, 1, 18, 3762165760, 1
3, 2, 14, 1, 133608788, 150499213, 1, 17, 3691028680, 1
3, 2, 14, 1, 133608788, 150499213, 1, 16, 3612593507, 1
3, 2, 14, 1, 133608788, 150499213, 1, 15, 3518025759, 1
3, 2, 14, 1, 133608788, 150499213, 1, 14, 3411810747, 1
3, 2, 14, 1, 133608788, 150499213, 1, 13, 3293352703, 1
3, 2, 14, 1, 133608788, 150499213, 1, 12, 3152444995, 1
3, 2, 14, 1, 133608788, 150499213, 1, 11, 2993210394, 1
3, 2, 14, 1, 133608788, 150499213, 1, 10, 2804778699, 1
3, 2, 14, 1, 133608788, 150499213, 1, 9, 2572872658, 1
3, 2, 14, 1, 133608788, 150499213, 1, 8, 2270629969, 1
3, 2, 14, 1, 133608788, 150499213, 1, 7, 1895222194, 1
3, 2, 14, 1, 133608788, 150499213, 1, 6, 1425354533, 1
3, 2, 14, 1, 133608788, 150499213, 1, 5, 983041947, 1
3, 2, 14, 1, 133608788, 150499213, 1, 4, 592052563, 1
3, 2, 14, 1, 133608788, 150499213, 1, 3, 290295872, 1
3, 2, 14, 1, 133608788, 150499213, 1, 2, 1, 1
3, 2, 14, 1, 133608788, 150499213, 1, 1, 1, 1
3, 2, 14, 1, 133608788, 150499213, 1, 0, 1, 0
3, 2, 14, 1, 133608788, 150499213, 0, 18, 3859962000, 1
3, 2, 14, 1, 133608788, 150499213, 0, 17, 3786757636, 1
3, 2, 14, 1, 133608788, 150499213, 0, 16, 3713160481, 1
3, 2, 14, 1, 133608788, 150499213, 0, 15, 3621894610, 1
3, 2, 14, 1, 133608788, 150499213, 0, 14, 3527082736, 1
3, 2, 14, 1, 133608788, 150499213, 0, 13, 3405169037, 1
3, 2, 14, 1, 133608788, 150499213, 0, 12, 3268265951, 1
3, 2, 14, 1, 133608788, 150499213, 0, 11, 3124288701, 1
3, 2, 14, 1, 133608788, 150499213, 0, 10, 2923684029, 1
3, 2, 14, 1, 133608788, 150499213, 0, 9, 2700083074, 1
3, 2, 14, 1, 133608788, 150499213, 0, 8, 2396789690, 1
3, 2, 14, 1, 133608788, 150499213, 0, 7, 2009917511, 1
3, 2, 14, 1, 133608788, 150499213, 0, 6, 1520010097, 1
3, 2, 14, 1, 133608788, 150499213, 0, 5, 1076018388, 1
3, 2, 14, 1, 133608788, 150499213, 0, 4, 659399442, 1
3, 2, 14, 1, 133608788, 150499213, 0, 3, 329798928, 1
3, 2, 14, 1, 133608788, 150499213, 0, 2, 1, 1
3, 2, 14, 1, 133608788, 150499213, 0, 1, 1, 1
3, 3, 14, 1, 150499214, 206073707, 5, 18, 4193426147, 1
3, 3, 14, 1, 150499214, 206073707, 5, 17, 4107756377, 1
3, 3, 14, 1, 150499214, 206073707, 5, 16, 4011434311, 1
3, 3, 14, 1, 150499214, 206073707, 5, 15, 3901449913, 1
3, 3, 14, 1, 150499214, 206073707, 5, 14, 3788532030, 1
3, 3, 14, 1, 150499214, 206073707, 5, 13, 3655521153, 1
3, 3, 14, 1, 150499214, 206073707, 5, 12, 3490429574, 1
3, 3, 14, 1, 150499214, 206073707, 5, 11, 3340012327, 1
3, 3, 14, 1, 150499214, 206073707, 5, 10, 3152815630, 1
3, 3, 14, 1, 150499214, 206073707, 5, 9, 2926830594, 1
3, 3, 14, 1, 150499214, 206073707, 5, 8, 2653486792, 1
3, 3, 14, 1, 150499214, 206073707, 5, 7, 2298019337, 1
3, 3, 14, 1, 150499214, 206073707, 5, 6, 1863533754, 1
3, 3, 14, 1, 150499214, 206073707, 5, 5, 1279770861, 1
3, 3, 14, 1, 150499214, 206073707, 5, 4, 661588078, 1
3, 3, 14, 1, 150499214, 206073707, 5, 3, 330027553, 1
3, 3, 14, 1, 150499214, 206073707, 5, 2, 51347905, 0
3, 3, 14, 1, 150499214, 206073707, 5, 1, 67351129, 0
3, 3, 14, 1, 150499214, 206073707, 5, 0, 90049077, 0
3, 3, 14, 1, 150499214, 206073707, 4, 18, 4226972748, 1
3, 3, 14, 1, 150499214, 206073707, 4, 17, 4143706012, 1
3, 3, 14, 1, 150499214, 206073707, 4, 16, 4049451941, 1
3, 3, 14, 1, 150499214, 206073707, 4, 15, 3942120554, 1
3, 3, 14, 1, 150499214, 206073707, 4, 14, 3835572412, 1
3, 3, 14, 1, 150499214, 206073707, 4, 13, 3695331798, 1
3, 3, 14, 1, 150499214, 206073707, 4, 12, 3532056008, 1
3, 3, 14, 1, 150499214, 206073707, 4, 11, 3374672018, 1
3, 3, 14, 1, 150499214, 206073707, 4, 10, 3177297338, 1
3, 3, 14, 1, 150499214, 206073707, 4, 9, 2938781874, 1
3, 3, 14, 1, 150499214, 206073707, 4, 8, 2650644846, 1
3, 3, 14, 1, 150499214, 206073707, 4, 7, 2297152334, 1
3, 3, 14, 1, 150499214, 206073707, 4, 6, 1877864437, 1
3, 3, 14, 1, 150499214, 206073707, 4, 5, 1307336816, 1
3, 3, 14, 1, 150499214, 206073707, 4, 4, 634918164, 1
3, 3, 14, 1, 150499214, 206073707, 4, 3, 318997462, 1
3, 3, 14, 1, 150499214, 206073707, 4, 2, 30190644, 0
3, 3, 14, 1, 150499214, 206073707, 4, 1, 46963223, 0
3, 3, 14, 1, 150499214, 206073707, 4, 0, 72654258, 0
3, 3, 14, 1, 150499214, 206073707, 3, 18, 4291863873, 1
3, 3, 14, 1, 150499214, 206073707, 3, 17, 4211490311, 1
3, 3, 14, 1, 150499214, 206073707, 3, 16, 4120854538, 1
3, 3, 14, 1, 150499214, 206073707, 3, 15, 4018657130, 1
3, 3, 14, 1, 150499214, 206073707, 3, 14, 3904654102, 1
3, 3, 14, 1, 150499214, 206073707, 3, 13, 3769452067, 1
3, 3, 14, 1, 150499214, 206073707, 3, 12, 3613305213, 1
3, 3, 14, 1, 150499214, 206073707, 3, 11, 3446997806, 1
3, 3, 14, 1, 150499214, 206073707, 3, 10, 3236129547, 1
3, 3, 14, 1, 150499214, 206073707, 3, 9, 2982914837, 1
3, 3, 14, 1, 150499214, 206073707, 3, 8, 2677588360, 1
3, 3, 14, 1, 150499214, 206073707, 3, 7, 2307942338, 1
3, 3, 14, 1, 150499214, 206073707, 3, 6, 1918491758, 1
3, 3, 14, 1, 150499214, 206073707, 3, 5, 1337854786, 1
3, 3, 14, 1, 150499214, 206073707, 3, 4, 625890853, 1
3, 3, 14, 1, 150499214, 206073707, 3, 3, 304292189, 1
3, 3, 14, 1, 150499214, 206073707, 3, 2, 12004725, 0
3, 3, 14, 1, 150499214, 206073707, 3, 1, 18864568, 0
3, 3, 14, 1, 150499214, 206073707, 3, 0, 44017325, 0
3, 3, 14, 1, 150499214, 206073707, 2, 18, 4286505165, 1
3, 3, 14, 1, 150499214, 206073707, 2, 17, 4206784308, 1
3, 3, 14, 1, 150499214, 206073707, 2, 16, 4106295334, 1
3, 3, 14, 1, 150499214, 206073707, 2, 15, 4001415805, 1
3, 3, 14, 1, 150499214, 206073707, 2, 14, 3885640788, 1
3, 3, 14, 1, 150499214, 206073707, 2, 13, 3747448255, 1
3, 3, 14, 1, 150499214, 206073707, 2, 12, 3590125616, 1
3, 3, 14, 1, 150499214, 206073707, 2, 11, 3424376105, 1
3, 3, 14, 1, 150499214, 206073707, 2, 10, 3202553291, 1
3, 3, 14, 1, 150499214, 206073707, 2, 9, 2945396047, 1
3, 3, 14, 1, 150499214, 206073707, 2, 8, 2641890337, 1
3, 3, 14, 1, 150499214, 206073707, 2, 7, 2262626893, 1
3, 3, 14, 1, 150499214, 206073707, 2, 6, 1861510864, 1
3, 3, 14, 1, 150499214, 206073707, 2, 5, 1295585489, 1
3, 3, 14, 1, 150499214, 206073707, 2, 4, 632459773, 1
3, 3, 14, 1, 150499214, 206073707, 2, 3, 304808573, 1
3, 3, 14, 1, 150499214, 206073707, 2, 2, 1, 1
3, 3, 14, 1, 150499214, 206073707, 2, 1, 1, 1
3, 3, 14, 1, 150499214, 206073707, 2, 0, 1, 0
3, 3, 14, 1, 150499214, 206073707, 1, 18, 4341408380, 1
3, 3, 14, 1, 150499214, 206073707, 1, 17, 4266485674, 1
3, 3, 14, 1, 150499214, 206073707, 1, 16, 4165949026, 1
3, 3, 14, 1, 150499214, 206073707, 1, 15, 4064016572, 1
3, 3, 14, 1, 150499214, 206073707, 1, 14, 3949997535, 1
3, 3, 14, 1, 150499214, 206073707, 1, 13, 3819498387, 1
3, 3, 14, 1, 150499214, 206073707, 1, 12, 3665034760, 1
3, 3, 14, 1, 150499214, 206073707, 1, 11, 3516544252, 1
3, 3, 14, 1, 150499214, 206073707, 1, 10, 3296275217, 1
3, 3, 14, 1, 150499214, 206073707, 1, 9, 3044751058, 1
3, 3, 14, 1, 150499214, 206073707, 1, 8, 2719482652, 1
3, 3, 14, 1, 150499214, 206073707, 1, 7, 2306985121, 1
3, 3, 14, 1, 150499214, 206073707, 1, 6, 1902408409, 1
3, 3, 14, 1, 150499214, 206073707, 1, 5, 1380589154, 1
3, 3, 14, 1, 150499214, 206073707, 1, 4, 660999933, 1
3, 3, 14, 1, 150499214, 206073707, 1, 3, 324779679, 1
3, 3, 14, 1, 150499214, 206073707, 1, 2, 1, 1
3, 3, 14, 1, 150499214, 206073707, 1, 1, 1, 1
3, 3, 14, 1, 150499214, 206073707, 1, 0, 1, 0
3, 3, 14, 1, 150499214, 206073707, 0, 18, 4332684331, 1
3, 3, 14, 1, 150499214, 206073707, 0, 17, 4266664174, 1
3, 3, 14, 1, 150499214, 206073707, 0, 16, 4164275527, 1
3, 3, 14, 1, 150499214, 206073707, 0, 15, 4054425428, 1
3, 3, 14, 1, 150499214, 206073707, 0, 14, 3930551773, 1
3, 3, 14, 1, 150499214, 206073707, 0, 13, 3792604134, 1
3, 3, 14, 1, 150499214, 206073707, 0, 12, 3633048337, 1
3, 3, 14, 1, 150499214, 206073707, 0, 11, 3503899417, 1
3, 3, 14, 1, 150499214, 206073707, 0, 10, 3268087522, 1
3, 3, 14, 1, 150499214, 206073707, 0, 9, 3010465964, 1
3, 3, 14, 1, 150499214, 206073707, 0, 8, 2664332818, 1
3, 3, 14, 1, 150499214, 206073707, 0, 7, 2204185949, 1
3, 3, 14, 1, 150499214, 206073707, 0, 6, 1748761316, 1
3, 3, 14, 1, 150499214, 206073707, 0, 5, 1347674709, 1
3, 3, 14, 1, 150499214, 206073707, 0, 4, 763873174, 1
3, 3, 14, 1, 150499214, 206073707, 0, 3, 401983974, 1
3, 3, 14, 1, 150499214, 206073707, 0, 2, 1, 1
3, 3, 14, 1, 150499214, 206073707, 0, 1, 1, 1
3, 4, 14, 1, 206073708, 222758619, 5, 18, 3902077018, 1
3, 4, 14, 1, 206073708, 222758619, 5, 17, 3805790829, 1
3, 4, 14, 1, 206073708, 222758619, 5, 16, 3706349331, 1
3, 4, 14, 1, 206073708, 222758619, 5, 15, 3582780110, 1
3, 4, 14, 1, 206073708, 222758619, 5, 14, 3462910102, 1
3, 4, 14, 1, 206073708, 222758619, 5, 13, 3335451135, 1
3, 4, 14, 1, 206073708, 222758619, 5, 12, 3168205878, 1
3, 4, 14, 1, 206073708, 222758619, 5, 11, 2996994599, 1
3, 4, 14, 1, 206073708, 222758619, 5, 10, 2787552234, 1
3, 4, 14, 1, 206073708, 222758619, 5, 9, 2533481970, 1
3, 4, 14, 1, 206073708, 222758619, 5, 8, 2227157908, 1
3, 4, 14, 1, 206073708, 222758619, 5, 7, 1845346119, 1
3, 4, 14, 1, 206073708, 222758619, 5, 6, 1391982386, 1
3, 4, 14, 1, 206073708, 222758619, 5, 5, 979256187, 1
3, 4, 14, 1, 206073708, 222758619, 5, 4, 600127626, 1
3, 4, 14, 1, 206073708, 222758619, 5, 3, 281195582, 1
3, 4, 14, 1, 206073708, 222758619, 5, 2, 36173396, 0
3, 4, 14, 1, 206073708, 222758619, 5, 1, 47679477, 0
3, 4, 14, 1, 206073708, 222758619, 5, 0, 58207960, 0
3, 4, 14, 1, 206073708, 222758619, 4, 18, 3915623761, 1
3, 4, 14, 1, 206073708, 222758619, 4, 17, 3820597137, 1
3, 4, 14, 1, 206073708, 222758619, 4, 16, 3723714058, 1
3, 4, 14, 1, 206073708, 222758619, 4, 15, 3601309750, 1
3, 4, 14, 1, 206073708, 222758619, 4, 14, 3487831914, 1
3, 4, 14, 1, 206073708, 222758619, 4, 13, 3355907455, 1
3, 4, 14, 1, 206073708, 222758619, 4, 12, 3191935449, 1
3, 4, 14, 1, 206073708, 222758619, 4, 11, 3013058681, 1
3, 4, 14, 1, 206073708, 222758619, 4, 10, 2791647859, 1
3, 4, 14, 1, 206073708, 222758619, 4, 9, 2524190916, 1
3, 4, 14, 1, 206073708, 222758619, 4, 8, 2200534802, 1
3, 4, 14, 1, 206073708, 222758619, 4, 7, 1820560659, 1
3, 4, 14, 1, 206073708, 222758619, 4, 6, 1377303292, 1
3, 4, 14, 1, 206073708, 222758619, 4, 5, 960690642, 1
3, 4, 14, 1, 206073708, 222758619, 4, 4, 575788933, 1
3, 4, 14, 1, 206073708, 222758619, 4, 3, 273633948, 1
3, 4, 14, 1, 206073708, 222758619, 4, 2, 23136281, 0
3, 4, 14, 1, 206073708, 222758619, 4, 1, 35989770, 0
3, 4, 14, 1, 206073708, 222758619, 4, 0, 58358611, 0
3, 4, 14, 1, 206073708, 222758619, 3, 18, 3991715692, 1
3, 4, 14, 1, 206073708, 222758619, 3, 17, 3900180148, 1
3, 4, 14, 1, 206073708, 222758619, 3, 16, 3810252495, 1
3, 4, 14, 1, 206073708, 222758619, 3, 15, 3693666159, 1
3, 4, 14, 1, 206073708, 222758619, 3, 14, 3576091432, 1
3, 4, 14, 1, 206073708, 222758619, 3, 13, 3438905133, 1
3, 4, 14, 1, 206073708, 222758619, 3, 12, 3265850427, 1
3, 4, 14, 1, 206073708, 222758619, 3, 11, 3078655208, 1
3, 4, 14, 1, 206073708, 222758619, 3, 10, 2843013033, 1
3, 4, 14, 1, 206073708, 222758619, 3, 9, 2559942576, 1
3, 4, 14, 1, 206073708, 222758619, 3, 8, 2217936183, 1
3, 4, 14, 1, 206073708, 222758619, 3, 7, 1824971933, 1
3, 4, 14, 1, 206073708, 222758619, 3, 6, 1379084700, 1
3, 4, 14, 1, 206073708, 222758619, 3, 5, 960697025, 1
3, 4, 14, 1, 206073708, 222758619, 3, 4, 572847816, 1
3, 4, 14, 1, 206073708, 222758619, 3, 3, 265879801, 1
3, 4, 14, 1, 206073708, 222758619, 3, 2, 8224863, 0
3, 4, 14, 1, 206073708, 222758619, 3, 1, 12924784, 0
3, 4, 14, 1, 206073708, 222758619, 3, 0, 30157829, 0
3, 4, 14, 1, 206073708, 222758619, 2, 18, 3997793709, 1
3, 4, 14, 1, 206073708, 222758619, 2, 17, 3907505580, 1
3, 4, 14, 1, 206073708, 222758619, 2, 16, 3812873117, 1
3, 4, 14, 1, 206073708, 222758619, 2, 15, 3694240738, 1
3, 4, 14, 1, 206073708, 222758619, 2, 14, 3579958573, 1
3, 4, 14, 1, 206073708, 222758619, 2, 13, 3446303760, 1
3, 4, 14, 1, 206073708, 222758619, 2, 12, 3274624038, 1
3, 4, 14, 1, 206073708, 222758619, 2, 11, 3090576362, 1
3, 4, 14, 1, 206073708, 222758619, 2, 10, 2847024477, 1
3, 4, 14, 1, 206073708, 222758619, 2, 9, 2563642494, 1
3, 4, 14, 1, 206073708, 222758619, 2, 8, 2227860180, 1
3, 4, 14, 1, 206073708, 222758619, 2, 7, 1838667613, 1
3, 4, 14, 1, 206073708, 222758619, 2, 6, 1389261142, 1
3, 4, 14, 1, 206073708, 222758619, 2, 5, 969117382, 1
3, 4, 14, 1, 206073708, 222758619, 2, 4, 578017399, 1
3, 4, 14, 1, 206073708, 222758619, 2, 3, 265482724, 1
3, 4, 14, 1, 206073708, 222758619, 2, 2, 1, 1
3, 4, 14, 1, 206073708, 222758619, 2, 1, 1, 1
3, 4, 14, 1, 206073708, 222758619, 2, 0, 1, 0
3, 4, 14, 1, 206073708, 222758619, 1, 18, 4038832898, 1
3, 4, 14, 1, 206073708, 222758619, 1, 17, 3952450050, 1
3, 4, 14, 1, 206073708, 222758619, 1, 16, 3865869992, 1
3, 4, 14, 1, 206073708, 222758619, 1, 15, 3751159730, 1
3, 4, 14, 1, 206073708, 222758619, 1, 14, 3622600427, 1
3, 4, 14, 1, 206073708, 222758619, 1, 13, 3504926314, 1
3, 4, 14, 1, 206073708, 222758619, 1, 12, 3335530574, 1
3, 4, 14, 1, 206073708, 222758619, 1, 11, 3167259093, 1
3, 4, 14, 1, 206073708, 222758619, 1, 10, 2923441280, 1
3, 4, 14, 1, 206073708, 222758619, 1, 9, 2643410706, 1
3, 4, 14, 1, 206073708, 222758619, 1, 8, 2282928493, 1
3, 4, 14, 1, 206073708, 222758619, 1, 7, 1873003584, 1
3, 4, 14, 1, 206073708, 222758619, 1, 6, 1417356327, 1
3, 4, 14, 1, 206073708, 222758619, 1, 5, 994948446, 1
3, 4, 14, 1, 206073708, 222758619, 1, 4, 598983572, 1
3, 4, 14, 1, 206073708, 222758619, 1, 3, 277556629, 1
3, 4, 14, 1, 206073708, 222758619, 1, 2, 1, 1
3, 4, 14, 1, 206073708, 222758619, 1, 1, 1, 1
3, 4, 14, 1, 206073708, 222758619, 1, 0, 1, 0
3, 4, 14, 1, 206073708, 222758619, 0, 18, 4147271270, 1
3, 4, 14, 1, 206073708, 222758619, 0, 17, 4076345815, 1
3, 4, 14, 1, 206073708, 222758619, 0, 16, 3968832523, 1
3, 4, 14, 1, 206073708, 222758619, 0, 15, 3852754423, 1
3, 4, 14, 1, 206073708, 222758619, 0, 14, 3721763053, 1
3, 4, 14, 1, 206073708, 222758619, 0, 13, 3636912220, 1
3, 4, 14, 1, 206073708, 222758619, 0, 12, 3472884012, 1
3, 4, 14, 1, 206073708, 222758619, 0, 11, 3338449516, 1
3, 4, 14, 1, 206073708, 222758619, 0, 10, 3096294931, 1
3, 4, 14, 1, 206073708, 222758619, 0, 9, 2830921195, 1
3, 4, 14, 1, 206073708, 222758619, 0, 8, 2475097827, 1
3, 4, 14, 1, 206073708, 222758619, 0, 7, 2002492102, 1
3, 4, 14, 1, 206073708, 222758619, 0, 6, 1530455659, 1
3, 4, 14, 1, 206073708, 222758619, 0, 5, 1106112519, 1
3, 4, 14, 1, 206073708, 222758619, 0, 4, 675347859, 1
3, 4, 14, 1, 206073708, 222758619, 0, 3, 325804521, 1
3, 4, 14, 1, 206073708, 222758619, 0, 2, 1, 1
3, 4, 14, 1, 206073708, 222758619, 0, 1, 1, 1
3, 5, 14, 1, 222758620, 274688358, 5, 18, 4108291252, 1
3, 5, 14, 1, 222758620, 274688358, 5, 17, 4016634301, 1
3, 5, 14, 1, 222758620, 274688358, 5, 16, 3920636641, 1
3, 5, 14, 1, 222758620, 274688358, 5, 15, 3801909728, 1
3, 5, 14, 1, 222758620, 274688358, 5, 14, 3684457082, 1
3, 5, 14, 1, 222758620, 274688358, 5, 13, 3558480282, 1
3, 5, 14, 1, 222758620, 274688358, 5, 12, 3397003661, 1
3, 5, 14, 1, 222758620, 274688358, 5, 11, 3229552837, 1
3, 5, 14, 1, 222758620, 274688358, 5, 10, 3028864724, 1
3, 5, 14, 1, 222758620, 274688358, 5, 9, 2789774772, 1
3, 5, 14, 1, 222758620, 274688358, 5, 8, 2496873989, 1
3, 5, 14, 1, 222758620, 274688358, 5, 7, 2133674922, 1
3, 5, 14, 1, 222758620, 274688358, 5, 6, 1707622823, 1
3, 5, 14, 1, 222758620, 274688358, 5, 5, 1320453642, 1
3, 5, 14, 1, 222758620, 274688358, 5, 4, 759193717, 1
3, 5, 14, 1, 222758620, 274688358, 5, 3, 353348389, 1
3, 5, 14, 1, 222758620, 274688358, 5, 2, 52254118, 0
3, 5, 14, 1, 222758620, 274688358, 5, 1, 67361663, 0
3, 5, 14, 1, 222758620, 274688358, 5, 0, 89258973, 0
3, 5, 14, 1, 222758620, 274688358, 4, 18, 4107989034, 1
3, 5, 14, 1, 222758620, 274688358, 4, 17, 4017261253, 1
3, 5, 14, 1, 222758620, 274688358, 4, 16, 3922284047, 1
3, 5, 14, 1, 222758620, 274688358, 4, 15, 3803196350, 1
3, 5, 14, 1, 222758620, 274688358, 4, 14, 3689769955, 1
3, 5, 14, 1, 222758620, 274688358, 4, 13, 3555541828, 1
3, 5, 14, 1, 222758620, 274688358, 4, 12, 3394666510, 1
3, 5, 14, 1, 222758620, 274688358, 4, 11, 3218951903, 1
3, 5, 14, 1, 222758620, 274688358, 4, 10, 3003043843, 1
3, 5, 14, 1, 222758620, 274688358, 4, 9, 2747565461, 1
3, 5, 14, 1, 222758620, 274688358, 4, 8, 2438610307, 1
3, 5, 14, 1, 222758620, 274688358, 4, 7, 2072505012, 1
3, 5, 14, 1, 222758620, 274688358, 4, 6, 1652473860, 1
3, 5, 14, 1, 222758620, 274688358, 4, 5, 1255838436, 1
3, 5, 14, 1, 222758620, 274688358, 4, 4, 753757961, 1
3, 5, 14, 1, 222758620, 274688358, 4, 3, 339241478, 1
3, 5, 14, 1, 222758620, 274688358, 4, 2, 31573224, 0
3, 5, 14, 1, 222758620, 274688358, 4, 1, 49113904, 0
3, 5, 14, 1, 222758620, 274688358, 4, 0, 73670855, 0
3, 5, 14, 1, 222758620, 274688358, 3, 18, 4171548731, 1
3, 5, 14, 1, 222758620, 274688358, 3, 17, 4083456027, 1
3, 5, 14, 1, 222758620, 274688358, 3, 16, 3997393688, 1
3, 5, 14, 1, 222758620, 274688358, 3, 15, 3882580894, 1
3, 5, 14, 1, 222758620, 274688358, 3, 14, 3767322790, 1
3, 5, 14, 1, 222758620, 274688358, 3, 13, 3629826134, 1
3, 5, 14, 1, 222758620, 274688358, 3, 12, 3463641004, 1
3, 5, 14, 1, 222758620, 274688358, 3, 11, 3281611338, 1
3, 5, 14, 1, 222758620, 274688358, 3, 10, 3056104051, 1
3, 5, 14, 1, 222758620, 274688358, 3, 9, 2785247434, 1
3, 5, 14, 1, 222758620, 274688358, 3, 8, 2458246613, 1
3, 5, 14, 1, 222758620, 274688358, 3, 7, 2078371246, 1
3, 5, 14, 1, 222758620, 274688358, 3, 6, 1656097823, 1
3, 5, 14, 1, 222758620, 274688358, 3, 5, 1255342553, 1
3, 5, 14, 1, 222758620, 274688358, 3, 4, 764369608, 1
3, 5, 14, 1, 222758620, 274688358, 3, 3, 327718312, 1
3, 5, 14, 1, 222758620, 274688358, 3, 2, 13394701, 0
3, 5, 14, 1, 222758620, 274688358, 3, 1, 21048816, 0
3, 5, 14, 1, 222758620, 274688358, 3, 0, 49113904, 0
3, 5, 14, 1, 222758620, 274688358, 2, 18, 4199009452, 1
3, 5, 14, 1, 222758620, 274688358, 2, 17, 4114789794, 1
3, 5, 14, 1, 222758620, 274688358, 2, 16, 4024991957, 1
3, 5, 14, 1, 222758620, 274688358, 2, 15, 3913898689, 1
3, 5, 14, 1, 222758620, 274688358, 2, 14, 3802662019, 1
3, 5, 14, 1, 222758620, 274688358, 2, 13, 3668522362, 1
3, 5, 14, 1, 222758620, 274688358, 2, 12, 3506964679, 1
3, 5, 14, 1, 222758620, 274688358, 2, 11, 3334774251, 1
3, 5, 14, 1, 222758620, 274688358, 2, 10, 3105302848, 1
3, 5, 14, 1, 222758620, 274688358, 2, 9, 2838914548, 1
3, 5, 14, 1, 222758620, 274688358, 2, 8, 2524047539, 1
3, 5, 14, 1, 222758620, 274688358, 2, 7, 2153423745, 1
3, 5, 14, 1, 222758620, 274688358, 2, 6, 1737129780, 1
3, 5, 14, 1, 222758620, 274688358, 2, 5, 1348982045, 1
3, 5, 14, 1, 222758620, 274688358, 2, 4, 814375306, 1
3, 5, 14, 1, 222758620, 274688358, 2, 3, 321209362, 1
3, 5, 14, 1, 222758620, 274688358, 2, 2, 1, 1
3, 5, 14, 1, 222758620, 274688358, 2, 1, 1, 1
3, 5, 14, 1, 222758620, 274688358, 2, 0, 1, 0
3, 5, 14, 1, 222758620, 274688358, 1, 18, 4298391861, 1
3, 5, 14, 1, 222758620, 274688358, 1, 17, 4221469177, 1
3, 5, 14, 1, 222758620, 274688358, 1, 16, 4142523149, 1
3, 5, 14, 1, 222758620, 274688358, 1, 15, 4039596568, 1
3, 5, 14, 1, 222758620, 274688358, 1, 14, 3916068565, 1
3, 5, 14, 1, 222758620, 274688358, 1, 13, 3798133467, 1
3, 5, 14, 1, 222758620, 274688358, 1, 12, 3644673812, 1
3, 5, 14, 1, 222758620, 274688358, 1, 11, 3495109909, 1
3, 5, 14, 1, 222758620, 274688358, 1, 10, 3273563023, 1
3, 5, 14, 1, 222758620, 274688358, 1, 9, 3020491991, 1
3, 5, 14, 1, 222758620, 274688358, 1, 8, 2693312743, 1
3, 5, 14, 1, 222758620, 274688358, 1, 7, 2313607453, 1
3, 5, 14, 1, 222758620, 274688358, 1, 6, 1911282931, 1
3, 5, 14, 1, 222758620, 274688358, 1, 5, 1551694451, 1
3, 5, 14, 1, 222758620, 274688358, 1, 4, 925788045, 1
3, 5, 14, 1, 222758620, 274688358, 1, 3, 351496929, 1
3, 5, 14, 1, 222758620, 274688358, 1, 2, 1, 1
3, 5, 14, 1, 222758620, 274688358, 1, 1, 1, 1
3, 5, 14, 1, 222758620, 274688358, 1, 0, 1, 0
3, 5, 14, 1, 222758620, 274688358, 0, 18, 4498527110, 1
3, 5, 14, 1, 222758620, 274688358, 0, 17, 4442733994, 1
3, 5, 14, 1, 222758620, 274688358, 0, 16, 4346113137, 1
3, 5, 14, 1, 222758620, 274688358, 0, 15, 4248920006, 1
3, 5, 14, 1, 222758620, 274688358, 0, 14, 4139511457, 1
3, 5, 14, 1, 222758620, 274688358, 0, 13, 4048335364, 1
3, 5, 14, 1, 222758620, 274688358, 0, 12, 3910758578, 1
3, 5, 14, 1, 222758620, 274688358, 0, 11, 3807584853, 1
3, 5, 14, 1, 222758620, 274688358, 0, 10, 3602943192, 1
3, 5, 14, 1, 222758620, 274688358, 0, 9, 3383418586, 1
3, 5, 14, 1, 222758620, 274688358, 0, 8, 3084906631, 1
3, 5, 14, 1, 222758620, 274688358, 0, 7, 2685987008, 1
3, 5, 14, 1, 222758620, 274688358, 0, 6, 2312198702, 1
3, 5, 14, 1, 222758620, 274688358, 0, 5, 2025402952, 1
3, 5, 14, 1, 222758620, 274688358, 0, 4, 1052220972, 1
3, 5, 14, 1, 222758620, 274688358, 0, 3, 411709996, 1
3, 5, 14, 1, 222758620, 274688358, 0, 2, 1, 1
3, 5, 14, 1, 222758620, 274688358, 0, 1, 1, 1
3, 6, 14, 1, 274688359, 292158043, 5, 18, 4007992990, 1
3, 6, 14, 1, 274688359, 292158043, 5, 17, 3911929000, 1
3, 6, 14, 1, 274688359, 292158043, 5, 16, 3808143974, 1
3, 6, 14, 1, 274688359, 292158043, 5, 15, 3680555735, 1
3, 6, 14, 1, 274688359, 292158043, 5, 14, 3555099755, 1
3, 6, 14, 1, 274688359, 292158043, 5, 13, 3421340935, 1
3, 6, 14, 1, 274688359, 292158043, 5, 12, 3250869512, 1
3, 6, 14, 1, 274688359, 292158043, 5, 11, 3072903638, 1
3, 6, 14, 1, 274688359, 292158043, 5, 10, 2860063420, 1
3, 6, 14, 1, 274688359, 292158043, 5, 9, 2602884112, 1
3, 6, 14, 1, 274688359, 292158043, 5, 8, 2291283185, 1
3, 6, 14, 1, 274688359, 292158043, 5, 7, 1904609469, 1
3, 6, 14, 1, 274688359, 292158043, 5, 6, 1429668933, 1
3, 6, 14, 1, 274688359, 292158043, 5, 5, 998571551, 1
3, 6, 14, 1, 274688359, 292158043, 5, 4, 628165173, 1
3, 6, 14, 1, 274688359, 292158043, 5, 3, 317788355, 1
3, 6, 14, 1, 274688359, 292158043, 5, 2, 58965980, 0
3, 6, 14, 1, 274688359, 292158043, 5, 1, 73065796, 0
3, 6, 14, 1, 274688359, 292158043, 5, 0, 97758360, 0
3, 6, 14, 1, 274688359, 292158043, 4, 18, 4020644386, 1
3, 6, 14, 1, 274688359, 292158043, 4, 17, 3926229044, 1
3, 6, 14, 1, 274688359, 292158043, 4, 16, 3823690420, 1
3, 6, 14, 1, 274688359, 292158043, 4, 15, 3695975580, 1
3, 6, 14, 1, 274688359, 292158043, 4, 14, 3576771164, 1
3, 6, 14, 1, 274688359, 292158043, 4, 13, 3435927622, 1
3, 6, 14, 1, 274688359, 292158043, 4, 12, 3267403230, 1
3, 6, 14, 1, 274688359, 292158043, 4, 11, 3082743095, 1
3, 6, 14, 1, 274688359, 292158043, 4, 10, 2856599077, 1
3, 6, 14, 1, 274688359, 292158043, 4, 9, 2588392255, 1
3, 6, 14, 1, 274688359, 292158043, 4, 8, 2263815834, 1
3, 6, 14, 1, 274688359, 292158043, 4, 7, 1878083819, 1
3, 6, 14, 1, 274688359, 292158043, 4, 6, 1410292512, 1
3, 6, 14, 1, 274688359, 292158043, 4, 5, 975644107, 1
3, 6, 14, 1, 274688359, 292158043, 4, 4, 598215603, 1
3, 6, 14, 1, 274688359, 292158043, 4, 3, 303643260, 1
3, 6, 14, 1, 274688359, 292158043, 4, 2, 36687848, 0
3, 6, 14, 1, 274688359, 292158043, 4, 1, 57069985, 0
3, 6, 14, 1, 274688359, 292158043, 4, 0, 78732989, 0
3, 6, 14, 1, 274688359, 292158043, 3, 18, 4086089959, 1
3, 6, 14, 1, 274688359, 292158043, 3, 17, 3994405552, 1
3, 6, 14, 1, 274688359, 292158043, 3, 16, 3900016257, 1
3, 6, 14, 1, 274688359, 292158043, 3, 15, 3778020659, 1
3, 6, 14, 1, 274688359, 292158043, 3, 14, 3657145323, 1
3, 6, 14, 1, 274688359, 292158043, 3, 13, 3513214383, 1
3, 6, 14, 1, 274688359, 292158043, 3, 12, 3339585669, 1
3, 6, 14, 1, 274688359, 292158043, 3, 11, 3148845426, 1
3, 6, 14, 1, 274688359, 292158043, 3, 10, 2913466803, 1
3, 6, 14, 1, 274688359, 292158043, 3, 9, 2630206987, 1
3, 6, 14, 1, 274688359, 292158043, 3, 8, 2287967950, 1
3, 6, 14, 1, 274688359, 292158043, 3, 7, 1888921923, 1
3, 6, 14, 1, 274688359, 292158043, 3, 6, 1413639514, 1
3, 6, 14, 1, 274688359, 292158043, 3, 5, 974492547, 1
3, 6, 14, 1, 274688359, 292158043, 3, 4, 593343873, 1
3, 6, 14, 1, 274688359, 292158043, 3, 3, 293544772, 1
3, 6, 14, 1, 274688359, 292158043, 3, 2, 18063447, 0
3, 6, 14, 1, 274688359, 292158043, 3, 1, 28385416, 0
3, 6, 14, 1, 274688359, 292158043, 3, 0, 66232636, 0
3, 6, 14, 1, 274688359, 292158043, 2, 18, 4092738707, 1
3, 6, 14, 1, 274688359, 292158043, 2, 17, 4003732369, 1
3, 6, 14, 1, 274688359, 292158043, 2, 16, 3902802881, 1
3, 6, 14, 1, 274688359, 292158043, 2, 15, 3782107907, 1
3, 6, 14, 1, 274688359, 292158043, 2, 14, 3663365460, 1
3, 6, 14, 1, 274688359, 292158043, 2, 13, 3520621620, 1
3, 6, 14, 1, 274688359, 292158043, 2, 12, 3349101199, 1
3, 6, 14, 1, 274688359, 292158043, 2, 11, 3165240135, 1
3, 6, 14, 1, 274688359, 292158043, 2, 10, 2922527726, 1
3, 6, 14, 1, 274688359, 292158043, 2, 9, 2639477110, 1
3, 6, 14, 1, 274688359, 292158043, 2, 8, 2304102633, 1
3, 6, 14, 1, 274688359, 292158043, 2, 7, 1907621597, 1
3, 6, 14, 1, 274688359, 292158043, 2, 6, 1419699739, 1
3, 6, 14, 1, 274688359, 292158043, 2, 5, 979365419, 1
3, 6, 14, 1, 274688359, 292158043, 2, 4, 593294769, 1
3, 6, 14, 1, 274688359, 292158043, 2, 3, 286668659, 1
3, 6, 14, 1, 274688359, 292158043, 2, 2, 1, 1
3, 6, 14, 1, 274688359, 292158043, 2, 1, 1, 1
3, 6, 14, 1, 274688359, 292158043, 2, 0, 1, 0
3, 6, 14, 1, 274688359, 292158043, 1, 18, 4153883105, 1
3, 6, 14, 1, 274688359, 292158043, 1, 17, 4069943124, 1
3, 6, 14, 1, 274688359, 292158043, 1, 16, 3974385932, 1
3, 6, 14, 1, 274688359, 292158043, 1, 15, 3857178918, 1
3, 6, 14, 1, 274688359, 292158043, 1, 14, 3722567356, 1
3, 6, 14, 1, 274688359, 292158043, 1, 13, 3591906692, 1
3, 6, 14, 1, 274688359, 292158043, 1, 12, 3423685379, 1
3, 6, 14, 1, 274688359, 292158043, 1, 11, 3256792573, 1
3, 6, 14, 1, 274688359, 292158043, 1, 10, 3015557566, 1
3, 6, 14, 1, 274688359, 292158043, 1, 9, 2737612913, 1
3, 6, 14, 1, 274688359, 292158043, 1, 8, 2379707426, 1
3, 6, 14, 1, 274688359, 292158043, 1, 7, 1961082235, 1
3, 6, 14, 1, 274688359, 292158043, 1, 6, 1449380182, 1
3, 6, 14, 1, 274688359, 292158043, 1, 5, 1009755940, 1
3, 6, 14, 1, 274688359, 292158043, 1, 4, 615268649, 1
3, 6, 14, 1, 274688359, 292158043, 1, 3, 300319548, 1
3, 6, 14, 1, 274688359, 292158043, 1, 2, 1, 1
3, 6, 14, 1, 274688359, 292158043, 1, 1, 1, 1
3, 6, 14, 1, 274688359, 292158043, 1, 0, 1, 0
3, 6, 14, 1, 274688359, 292158043, 0, 18, 4278682889, 1
3, 6, 14, 1, 274688359, 292158043, 0, 17, 4211234586, 1
3, 6, 14, 1, 274688359, 292158043, 0, 16, 4101501645, 1
3, 6, 14, 1, 274688359, 292158043, 0, 15, 3979459410, 1
3, 6, 14, 1, 274688359, 292158043, 0, 14, 3852354107, 1
3, 6, 14, 1, 274688359, 292158043, 0, 13, 3740758684, 1
3, 6, 14, 1, 274688359, 292158043, 0, 12, 3579359346, 1
3, 6, 14, 1, 274688359, 292158043, 0, 11, 3448031696, 1
3, 6, 14, 1, 274688359, 292158043, 0, 10, 3209605325, 1
3, 6, 14, 1, 274688359, 292158043, 0, 9, 2948788296, 1
3, 6, 14, 1, 274688359, 292158043, 0, 8, 2598660811, 1
3, 6, 14, 1, 274688359, 292158043, 0, 7, 2133378364, 1
3, 6, 14, 1, 274688359, 292158043, 0, 6, 1544394696, 1
3, 6, 14, 1, 274688359, 292158043, 0, 5, 1108379357, 1
3, 6, 14, 1, 274688359, 292158043, 0, 4, 692177230, 1
3, 6, 14, 1, 274688359, 292158043, 0, 3, 350372806, 1
3, 6, 14, 1, 274688359, 292158043, 0, 2, 1, 1
3, 6, 14, 1, 274688359, 292158043, 0, 1, 1, 1
3, 7, 14, 1, 292158044, 345354931, 5, 18, 4447423096, 1
3, 7, 14, 1, 292158044, 345354931, 5, 17, 4361394961, 1
3, 7, 14, 1, 292158044, 345354931, 5, 16, 4263028350, 1
3, 7, 14, 1, 292158044, 345354931, 5, 15, 4154166924, 1
3, 7, 14, 1, 292158044, 345354931, 5, 14, 4040490244, 1
3, 7, 14, 1, 292158044, 345354931, 5, 13, 3914039598, 1
3, 7, 14, 1, 292158044, 345354931, 5, 12, 3749432016, 1
3, 7, 14, 1, 292158044, 345354931, 5, 11, 3570910768, 1
3, 7, 14, 1, 292158044, 345354931, 5, 10, 3349618919, 1
3, 7, 14, 1, 292158044, 345354931, 5, 9, 3106767344, 1
3, 7, 14, 1, 292158044, 345354931, 5, 8, 2821864243, 1
3, 7, 14, 1, 292158044, 345354931, 5, 7, 2442451543, 1
3, 7, 14, 1, 292158044, 345354931, 5, 6, 1926174308, 1
3, 7, 14, 1, 292158044, 345354931, 5, 5, 1323372137, 1
3, 7, 14, 1, 292158044, 345354931, 5, 4, 877516946, 1
3, 7, 14, 1, 292158044, 345354931, 5, 3, 353544829, 1
3, 7, 14, 1, 292158044, 345354931, 5, 2, 53739006, 0
3, 7, 14, 1, 292158044, 345354931, 5, 1, 69485150, 0
3, 7, 14, 1, 292158044, 345354931, 5, 0, 94771823, 0
3, 7, 14, 1, 292158044, 345354931, 4, 18, 4448527940, 1
3, 7, 14, 1, 292158044, 345354931, 4, 17, 4363064771, 1
3, 7, 14, 1, 292158044, 345354931, 4, 16, 4263703977, 1
3, 7, 14, 1, 292158044, 345354931, 4, 15, 4155093692, 1
3, 7, 14, 1, 292158044, 345354931, 4, 14, 4043014927, 1
3, 7, 14, 1, 292158044, 345354931, 4, 13, 3902902854, 1
3, 7, 14, 1, 292158044, 345354931, 4, 12, 3736510489, 1
3, 7, 14, 1, 292158044, 345354931, 4, 11, 3543215998, 1
3, 7, 14, 1, 292158044, 345354931, 4, 10, 3319535643, 1
3, 7, 14, 1, 292158044, 345354931, 4, 9, 3077826326, 1
3, 7, 14, 1, 292158044, 345354931, 4, 8, 2776311246, 1
3, 7, 14, 1, 292158044, 345354931, 4, 7, 2384160153, 1
3, 7, 14, 1, 292158044, 345354931, 4, 6, 1858444134, 1
3, 7, 14, 1, 292158044, 345354931, 4, 5, 1256288813, 1
3, 7, 14, 1, 292158044, 345354931, 4, 4, 891165513, 1
3, 7, 14, 1, 292158044, 345354931, 4, 3, 340033473, 1
3, 7, 14, 1, 292158044, 345354931, 4, 2, 32162948, 0
3, 7, 14, 1, 292158044, 345354931, 4, 1, 47680742, 0
3, 7, 14, 1, 292158044, 345354931, 4, 0, 69975058, 0
3, 7, 14, 1, 292158044, 345354931, 3, 18, 4467221993, 1
3, 7, 14, 1, 292158044, 345354931, 3, 17, 4382546813, 1
3, 7, 14, 1, 292158044, 345354931, 3, 16, 4284639682, 1
3, 7, 14, 1, 292158044, 345354931, 3, 15, 4176496508, 1
3, 7, 14, 1, 292158044, 345354931, 3, 14, 4053089445, 1
3, 7, 14, 1, 292158044, 345354931, 3, 13, 3914656630, 1
3, 7, 14, 1, 292158044, 345354931, 3, 12, 3748874053, 1
3, 7, 14, 1, 292158044, 345354931, 3, 11, 3555750867, 1
3, 7, 14, 1, 292158044, 345354931, 3, 10, 3335013059, 1
3, 7, 14, 1, 292158044, 345354931, 3, 9, 3069571113, 1
3, 7, 14, 1, 292158044, 345354931, 3, 8, 2773012204, 1
3, 7, 14, 1, 292158044, 345354931, 3, 7, 2383211911, 1
3, 7, 14, 1, 292158044, 345354931, 3, 6, 1856302677, 1
3, 7, 14, 1, 292158044, 345354931, 3, 5, 1274633788, 1
3, 7, 14, 1, 292158044, 345354931, 3, 4, 943052494, 1
3, 7, 14, 1, 292158044, 345354931, 3, 3, 332246653, 1
3, 7, 14, 1, 292158044, 345354931, 3, 2, 16450758, 0
3, 7, 14, 1, 292158044, 345354931, 3, 1, 22829107, 0
3, 7, 14, 1, 292158044, 345354931, 3, 0, 46216383, 0
3, 7, 14, 1, 292158044, 345354931, 2, 18, 4500837446, 1
3, 7, 14, 1, 292158044, 345354931, 2, 17, 4419120774, 1
3, 7, 14, 1, 292158044, 345354931, 2, 16, 4322398576, 1
3, 7, 14, 1, 292158044, 345354931, 2, 15, 4214852818, 1
3, 7, 14, 1, 292158044, 345354931, 2, 14, 4093529542, 1
3, 7, 14, 1, 292158044, 345354931, 2, 13, 3956672860, 1
3, 7, 14, 1, 292158044, 345354931, 2, 12, 3793753169, 1
3, 7, 14, 1, 292158044, 345354931, 2, 11, 3602330529, 1
3, 7, 14, 1, 292158044, 345354931, 2, 10, 3385301198, 1
3, 7, 14, 1, 292158044, 345354931, 2, 9, 3122850450, 1
3, 7, 14, 1, 292158044, 345354931, 2, 8, 2840363239, 1
3, 7, 14, 1, 292158044, 345354931, 2, 7, 2462943498, 1
3, 7, 14, 1, 292158044, 345354931, 2, 6, 1945260642, 1
3, 7, 14, 1, 292158044, 345354931, 2, 5, 1302164138, 1
3, 7, 14, 1, 292158044, 345354931, 2, 4, 979903849, 1
3, 7, 14, 1, 292158044, 345354931, 2, 3, 330676125, 1
3, 7, 14, 1, 292158044, 345354931, 2, 2, 5288649, 1
3, 7, 14, 1, 292158044, 345354931, 2, 1, 6346379, 1
3, 7, 14, 1, 292158044, 345354931, 2, 0, 5288649, 0
3, 7, 14, 1, 292158044, 345354931, 1, 18, 4566194037, 1
3, 7, 14, 1, 292158044, 345354931, 1, 17, 4490692991, 1
3, 7, 14, 1, 292158044, 345354931, 1, 16, 4395586902, 1
3, 7, 14, 1, 292158044, 345354931, 1, 15, 4290602780, 1
3, 7, 14, 1, 292158044, 345354931, 1, 14, 4173190235, 1
3, 7, 14, 1, 292158044, 345354931, 1, 13, 4037749615, 1
3, 7, 14, 1, 292158044, 345354931, 1, 12, 3878901574, 1
3, 7, 14, 1, 292158044, 345354931, 1, 11, 3691423488, 1
3, 7, 14, 1, 292158044, 345354931, 1, 10, 3483705297, 1
3, 7, 14, 1, 292158044, 345354931, 1, 9, 3230518962, 1
3, 7, 14, 1, 292158044, 345354931, 1, 8, 2927659241, 1
3, 7, 14, 1, 292158044, 345354931, 1, 7, 2569517043, 1
3, 7, 14, 1, 292158044, 345354931, 1, 6, 2064590997, 1
3, 7, 14, 1, 292158044, 345354931, 1, 5, 1467107154, 1
3, 7, 14, 1, 292158044, 345354931, 1, 4, 1168694125, 1
3, 7, 14, 1, 292158044, 345354931, 1, 3, 345606688, 1
3, 7, 14, 1, 292158044, 345354931, 1, 2, 6346379, 0
3, 7, 14, 1, 292158044, 345354931, 1, 1, 7051532, 1
3, 7, 14, 1, 292158044, 345354931, 1, 0, 10577298, 0
3, 7, 14, 1, 292158044, 345354931, 0, 18, 4713149329, 1
3, 7, 14, 1, 292158044, 345354931, 0, 17, 4651464117, 1
3, 7, 14, 1, 292158044, 345354931, 0, 16, 4567681958, 1
3, 7, 14, 1, 292158044, 345354931, 0, 15, 4475050607, 1
3, 7, 14, 1, 292158044, 345354931, 0, 14, 4364003921, 1
3, 7, 14, 1, 292158044, 345354931, 0, 13, 4236790951, 1
3, 7, 14, 1, 292158044, 345354931, 0, 12, 4084766772, 1
3, 7, 14, 1, 292158044, 345354931, 0, 11, 3910514851, 1
3, 7, 14, 1, 292158044, 345354931, 0, 10, 3704297629, 1
3, 7, 14, 1, 292158044, 345354931, 0, 9, 3449460813, 1
3, 7, 14, 1, 292158044, 345354931, 0, 8, 3158790263, 1
3, 7, 14, 1, 292158044, 345354931, 0, 7, 2750148925, 1
3, 7, 14, 1, 292158044, 345354931, 0, 6, 2259790844, 1
3, 7, 14, 1, 292158044, 345354931, 0, 5, 1515865105, 1
3, 7, 14, 1, 292158044, 345354931, 0, 4, 1195280156, 1
3, 7, 14, 1, 292158044, 345354931, 0, 3, 406063520, 1
3, 7, 14, 1, 292158044, 345354931, 0, 2, 5288649, 1
3, 7, 14, 1, 292158044, 345354931, 0, 1, 10577298, 1
3, 8, 14, 1, 345354932, 362076642, 5, 18, 4117671711, 1
3, 8, 14, 1, 345354932, 362076642, 5, 17, 4019461912, 1
3, 8, 14, 1, 345354932, 362076642, 5, 16, 3906062383, 1
3, 8, 14, 1, 345354932, 362076642, 5, 15, 3780041852, 1
3, 8, 14, 1, 345354932, 362076642, 5, 14, 3661814653, 1
3, 8, 14, 1, 345354932, 362076642, 5, 13, 3526534168, 1
3, 8, 14, 1, 345354932, 362076642, 5, 12, 3355661946, 1
3, 8, 14, 1, 345354932, 362076642, 5, 11, 3168938793, 1
3, 8, 14, 1, 345354932, 362076642, 5, 10, 2934098215, 1
3, 8, 14, 1, 345354932, 362076642, 5, 9, 2647266520, 1
3, 8, 14, 1, 345354932, 362076642, 5, 8, 2295805537, 1
3, 8, 14, 1, 345354932, 362076642, 5, 7, 1845723537, 1
3, 8, 14, 1, 345354932, 362076642, 5, 6, 1378287830, 1
3, 8, 14, 1, 345354932, 362076642, 5, 5, 948067647, 1
3, 8, 14, 1, 345354932, 362076642, 5, 4, 585430646, 1
3, 8, 14, 1, 345354932, 362076642, 5, 3, 271117861, 1
3, 8, 14, 1, 345354932, 362076642, 5, 2, 15143343, 0
3, 8, 14, 1, 345354932, 362076642, 5, 1, 19204234, 0
3, 8, 14, 1, 345354932, 362076642, 5, 0, 26875241, 0
3, 8, 14, 1, 345354932, 362076642, 4, 18, 4124859313, 1
3, 8, 14, 1, 345354932, 362076642, 4, 17, 4026683960, 1
3, 8, 14, 1, 345354932, 362076642, 4, 16, 3912489568, 1
3, 8, 14, 1, 345354932, 362076642, 4, 15, 3786894688, 1
3, 8, 14, 1, 345354932, 362076642, 4, 14, 3673483052, 1
3, 8, 14, 1, 345354932, 362076642, 4, 13, 3532119858, 1
3, 8, 14, 1, 345354932, 362076642, 4, 12, 3362912560, 1
3, 8, 14, 1, 345354932, 362076642, 4, 11, 3166480845, 1
3, 8, 14, 1, 345354932, 362076642, 4, 10, 2934468952, 1
3, 8, 14, 1, 345354932, 362076642, 4, 9, 2649403961, 1
3, 8, 14, 1, 345354932, 362076642, 4, 8, 2279478282, 1
3, 8, 14, 1, 345354932, 362076642, 4, 7, 1816899974, 1
3, 8, 14, 1, 345354932, 362076642, 4, 6, 1369100954, 1
3, 8, 14, 1, 345354932, 362076642, 4, 5, 936845569, 1
3, 8, 14, 1, 345354932, 362076642, 4, 4, 569352322, 1
3, 8, 14, 1, 345354932, 362076642, 4, 3, 268476491, 1
3, 8, 14, 1, 345354932, 362076642, 4, 2, 8790045, 0
3, 8, 14, 1, 345354932, 362076642, 4, 1, 13673403, 0
3, 8, 14, 1, 345354932, 362076642, 4, 0, 19217591, 0
3, 8, 14, 1, 345354932, 362076642, 3, 18, 4203006530, 1
3, 8, 14, 1, 345354932, 362076642, 3, 17, 4108932831, 1
3, 8, 14, 1, 345354932, 362076642, 3, 16, 3999742628, 1
3, 8, 14, 1, 345354932, 362076642, 3, 15, 3877983137, 1
3, 8, 14, 1, 345354932, 362076642, 3, 14, 3758506755, 1
3, 8, 14, 1, 345354932, 362076642, 3, 13, 3607205788, 1
3, 8, 14, 1, 345354932, 362076642, 3, 12, 3424947988, 1
3, 8, 14, 1, 345354932, 362076642, 3, 11, 3212545285, 1
3, 8, 14, 1, 345354932, 362076642, 3, 10, 2961625510, 1
3, 8, 14, 1, 345354932, 362076642, 3, 9, 2658888440, 1
3, 8, 14, 1, 345354932, 362076642, 3, 8, 2287813046, 1
3, 8, 14, 1, 345354932, 362076642, 3, 7, 1823797108, 1
3, 8, 14, 1, 345354932, 362076642, 3, 6, 1373702857, 1
3, 8, 14, 1, 345354932, 362076642, 3, 5, 941547332, 1
3, 8, 14, 1, 345354932, 362076642, 3, 4, 571175580, 1
3, 8, 14, 1, 345354932, 362076642, 3, 3, 268260113, 1
3, 8, 14, 1, 345354932, 362076642, 3, 2, 4199115, 0
3, 8, 14, 1, 345354932, 362076642, 3, 1, 6598609, 0
3, 8, 14, 1, 345354932, 362076642, 3, 0, 15396753, 0
3, 8, 14, 1, 345354932, 362076642, 2, 18, 4218818845, 1
3, 8, 14, 1, 345354932, 362076642, 2, 17, 4126651596, 1
3, 8, 14, 1, 345354932, 362076642, 2, 16, 4017203214, 1
3, 8, 14, 1, 345354932, 362076642, 2, 15, 3895586084, 1
3, 8, 14, 1, 345354932, 362076642, 2, 14, 3780859628, 1
3, 8, 14, 1, 345354932, 362076642, 2, 13, 3630226870, 1
3, 8, 14, 1, 345354932, 362076642, 2, 12, 3449223950, 1
3, 8, 14, 1, 345354932, 362076642, 2, 11, 3236618098, 1
3, 8, 14, 1, 345354932, 362076642, 2, 10, 2984603414, 1
3, 8, 14, 1, 345354932, 362076642, 2, 9, 2678689054, 1
3, 8, 14, 1, 345354932, 362076642, 2, 8, 2304077911, 1
3, 8, 14, 1, 345354932, 362076642, 2, 7, 1836826167, 1
3, 8, 14, 1, 345354932, 362076642, 2, 6, 1383060097, 1
3, 8, 14, 1, 345354932, 362076642, 2, 5, 951372698, 1
3, 8, 14, 1, 345354932, 362076642, 2, 4, 576492601, 1
3, 8, 14, 1, 345354932, 362076642, 2, 3, 270675470, 1
3, 8, 14, 1, 345354932, 362076642, 2, 2, 1, 1
3, 8, 14, 1, 345354932, 362076642, 2, 1, 1, 1
3, 8, 14, 1, 345354932, 362076642, 2, 0, 1, 0
3, 8, 14, 1, 345354932, 362076642, 1, 18, 4273718576, 1
3, 8, 14, 1, 345354932, 362076642, 1, 17, 4187069888, 1
3, 8, 14, 1, 345354932, 362076642, 1, 16, 4077917146, 1
3, 8, 14, 1, 345354932, 362076642, 1, 15, 3956780714, 1
3, 8, 14, 1, 345354932, 362076642, 1, 14, 3827155411, 1
3, 8, 14, 1, 345354932, 362076642, 1, 13, 3676297357, 1
3, 8, 14, 1, 345354932, 362076642, 1, 12, 3496324475, 1
3, 8, 14, 1, 345354932, 362076642, 1, 11, 3284047663, 1
3, 8, 14, 1, 345354932, 362076642, 1, 10, 3031827690, 1
3, 8, 14, 1, 345354932, 362076642, 1, 9, 2722878284, 1
3, 8, 14, 1, 345354932, 362076642, 1, 8, 2346826169, 1
3, 8, 14, 1, 345354932, 362076642, 1, 7, 1874261439, 1
3, 8, 14, 1, 345354932, 362076642, 1, 6, 1414619614, 1
3, 8, 14, 1, 345354932, 362076642, 1, 5, 986246488, 1
3, 8, 14, 1, 345354932, 362076642, 1, 4, 605231673, 1
3, 8, 14, 1, 345354932, 362076642, 1, 3, 282449842, 1
3, 8, 14, 1, 345354932, 362076642, 1, 2, 1, 1
3, 8, 14, 1, 345354932, 362076642, 1, 1, 1, 1
3, 8, 14, 1, 345354932, 362076642, 1, 0, 1, 0
3, 8, 14, 1, 345354932, 362076642, 0, 18, 4368361686, 1
3, 8, 14, 1, 345354932, 362076642, 0, 17, 4292123775, 1
3, 8, 14, 1, 345354932, 362076642, 0, 16, 4188777524, 1
3, 8, 14, 1, 345354932, 362076642, 0, 15, 4073367622, 1
3, 8, 14, 1, 345354932, 362076642, 0, 14, 3940585848, 1
3, 8, 14, 1, 345354932, 362076642, 0, 13, 3788293929, 1
3, 8, 14, 1, 345354932, 362076642, 0, 12, 3607010977, 1
3, 8, 14, 1, 345354932, 362076642, 0, 11, 3398180506, 1
3, 8, 14, 1, 345354932, 362076642, 0, 10, 3150469025, 1
3, 8, 14, 1, 345354932, 362076642, 0, 9, 2844917003, 1
3, 8, 14, 1, 345354932, 362076642, 0, 8, 2463573721, 1
3, 8, 14, 1, 345354932, 362076642, 0, 7, 1984688141, 1
3, 8, 14, 1, 345354932, 362076642, 0, 6, 1505147281, 1
3, 8, 14, 1, 345354932, 362076642, 0, 5, 1087212501, 1
3, 8, 14, 1, 345354932, 362076642, 0, 4, 683812338, 1
3, 8, 14, 1, 345354932, 362076642, 0, 3, 333427091, 1
3, 8, 14, 1, 345354932, 362076642, 0, 2, 1, 1
3, 8, 14, 1, 345354932, 362076642, 0, 1, 1, 1
3, 9, 14, 1, 362076643, 411313213, 5, 18, 4059370668, 1
3, 9, 14, 1, 362076643, 411313213, 5, 17, 3966731158, 1
3, 9, 14, 1, 362076643, 411313213, 5, 16, 3859960271, 1
3, 9, 14, 1, 362076643, 411313213, 5, 15, 3731913762, 1
3, 9, 14, 1, 362076643, 411313213, 5, 14, 3604997669, 1
3, 9, 14, 1, 362076643, 411313213, 5, 13, 3468818160, 1
3, 9, 14, 1, 362076643, 411313213, 5, 12, 3293654406, 1
3, 9, 14, 1, 362076643, 411313213, 5, 11, 3113026675, 1
3, 9, 14, 1, 362076643, 411313213, 5, 10, 2889896945, 1
3, 9, 14, 1, 362076643, 411313213, 5, 9, 2620829831, 1
3, 9, 14, 1, 362076643, 411313213, 5, 8, 2313785632, 1
3, 9, 14, 1, 362076643, 411313213, 5, 7, 1929428649, 1
3, 9, 14, 1, 362076643, 411313213, 5, 6, 1473554617, 1
3, 9, 14, 1, 362076643, 411313213, 5, 5, 1043560440, 1
3, 9, 14, 1, 362076643, 411313213, 5, 4, 681242964, 1
3, 9, 14, 1, 362076643, 411313213, 5, 3, 372261546, 1
3, 9, 14, 1, 362076643, 411313213, 5, 2, 71532546, 0
3, 9, 14, 1, 362076643, 411313213, 5, 1, 88689945, 0
3, 9, 14, 1, 362076643, 411313213, 5, 0, 115650767, 0
3, 9, 14, 1, 362076643, 411313213, 4, 18, 4076209464, 1
3, 9, 14, 1, 362076643, 411313213, 4, 17, 3986983845, 1
3, 9, 14, 1, 362076643, 411313213, 4, 16, 3881892790, 1
3, 9, 14, 1, 362076643, 411313213, 4, 15, 3753427307, 1
3, 9, 14, 1, 362076643, 411313213, 4, 14, 3631987637, 1
3, 9, 14, 1, 362076643, 411313213, 4, 13, 3491586531, 1
3, 9, 14, 1, 362076643, 411313213, 4, 12, 3320928138, 1
3, 9, 14, 1, 362076643, 411313213, 4, 11, 3131663879, 1
3, 9, 14, 1, 362076643, 411313213, 4, 10, 2896330367, 1
3, 9, 14, 1, 362076643, 411313213, 4, 9, 2612301262, 1
3, 9, 14, 1, 362076643, 411313213, 4, 8, 2291356903, 1
3, 9, 14, 1, 362076643, 411313213, 4, 7, 1906672061, 1
3, 9, 14, 1, 362076643, 411313213, 4, 6, 1458258876, 1
3, 9, 14, 1, 362076643, 411313213, 4, 5, 1025177543, 1
3, 9, 14, 1, 362076643, 411313213, 4, 4, 656514205, 1
3, 9, 14, 1, 362076643, 411313213, 4, 3, 359717602, 1
3, 9, 14, 1, 362076643, 411313213, 4, 2, 51527976, 0
3, 9, 14, 1, 362076643, 411313213, 4, 1, 70866604, 0
3, 9, 14, 1, 362076643, 411313213, 4, 0, 99333888, 0
3, 9, 14, 1, 362076643, 411313213, 3, 18, 4147935371, 1
3, 9, 14, 1, 362076643, 411313213, 3, 17, 4066356198, 1
3, 9, 14, 1, 362076643, 411313213, 3, 16, 3968771091, 1
3, 9, 14, 1, 362076643, 411313213, 3, 15, 3845810911, 1
3, 9, 14, 1, 362076643, 411313213, 3, 14, 3718512866, 1
3, 9, 14, 1, 362076643, 411313213, 3, 13, 3570990698, 1
3, 9, 14, 1, 362076643, 411313213, 3, 12, 3389887499, 1
3, 9, 14, 1, 362076643, 411313213, 3, 11, 3189963700, 1
3, 9, 14, 1, 362076643, 411313213, 3, 10, 2939005309, 1
3, 9, 14, 1, 362076643, 411313213, 3, 9, 2635728557, 1
3, 9, 14, 1, 362076643, 411313213, 3, 8, 2297874829, 1
3, 9, 14, 1, 362076643, 411313213, 3, 7, 1909474739, 1
3, 9, 14, 1, 362076643, 411313213, 3, 6, 1458155186, 1
3, 9, 14, 1, 362076643, 411313213, 3, 5, 1024348168, 1
3, 9, 14, 1, 362076643, 411313213, 3, 4, 651629557, 1
3, 9, 14, 1, 362076643, 411313213, 3, 3, 352544773, 1
3, 9, 14, 1, 362076643, 411313213, 3, 2, 37058939, 0
3, 9, 14, 1, 362076643, 411313213, 3, 1, 46293729, 0
3, 9, 14, 1, 362076643, 411313213, 3, 0, 80154629, 0
3, 9, 14, 1, 362076643, 411313213, 2, 18, 4141935831, 1
3, 9, 14, 1, 362076643, 411313213, 2, 17, 4065149732, 1
3, 9, 14, 1, 362076643, 411313213, 2, 16, 3970260778, 1
3, 9, 14, 1, 362076643, 411313213, 2, 15, 3847304139, 1
3, 9, 14, 1, 362076643, 411313213, 2, 14, 3723857534, 1
3, 9, 14, 1, 362076643, 411313213, 2, 13, 3581182308, 1
3, 9, 14, 1, 362076643, 411313213, 2, 12, 3398511216, 1
3, 9, 14, 1, 362076643, 411313213, 2, 11, 3205634815, 1
3, 9, 14, 1, 362076643, 411313213, 2, 10, 2956326342, 1
3, 9, 14, 1, 362076643, 411313213, 2, 9, 2652701711, 1
3, 9, 14, 1, 362076643, 411313213, 2, 8, 2325779850, 1
3, 9, 14, 1, 362076643, 411313213, 2, 7, 1922258299, 1
3, 9, 14, 1, 362076643, 411313213, 2, 6, 1467214786, 1
3, 9, 14, 1, 362076643, 411313213, 2, 5, 1033799082, 1
3, 9, 14, 1, 362076643, 411313213, 2, 4, 656449978, 1
3, 9, 14, 1, 362076643, 411313213, 2, 3, 346817110, 1
3, 9, 14, 1, 362076643, 411313213, 2, 2, 20898055, 0
3, 9, 14, 1, 362076643, 411313213, 2, 1, 33436887, 0
3, 9, 14, 1, 362076643, 411313213, 2, 0, 41796109, 0
3, 9, 14, 1, 362076643, 411313213, 1, 18, 4198656659, 1
3, 9, 14, 1, 362076643, 411313213, 1, 17, 4107740616, 1
3, 9, 14, 1, 362076643, 411313213, 1, 16, 4021381967, 1
3, 9, 14, 1, 362076643, 411313213, 1, 15, 3902140647, 1
3, 9, 14, 1, 362076643, 411313213, 1, 14, 3763750777, 1
3, 9, 14, 1, 362076643, 411313213, 1, 13, 3629439573, 1
3, 9, 14, 1, 362076643, 411313213, 1, 12, 3449624974, 1
3, 9, 14, 1, 362076643, 411313213, 1, 11, 3266653229, 1
3, 9, 14, 1, 362076643, 411313213, 1, 10, 3023738264, 1
3, 9, 14, 1, 362076643, 411313213, 1, 9, 2719950587, 1
3, 9, 14, 1, 362076643, 411313213, 1, 8, 2375701018, 1
3, 9, 14, 1, 362076643, 411313213, 1, 7, 1959135767, 1
3, 9, 14, 1, 362076643, 411313213, 1, 6, 1498097928, 1
3, 9, 14, 1, 362076643, 411313213, 1, 5, 1067821147, 1
3, 9, 14, 1, 362076643, 411313213, 1, 4, 684056609, 1
3, 9, 14, 1, 362076643, 411313213, 1, 3, 356953784, 1
3, 9, 14, 1, 362076643, 411313213, 1, 2, 16718444, 0
3, 9, 14, 1, 362076643, 411313213, 1, 1, 27864073, 0
3, 9, 14, 1, 362076643, 411313213, 1, 0, 83592218, 0
3, 9, 14, 1, 362076643, 411313213, 0, 18, 4346095674, 1
3, 9, 14, 1, 362076643, 411313213, 0, 17, 4261987938, 1
3, 9, 14, 1, 362076643, 411313213, 0, 16, 4155942235, 1
3, 9, 14, 1, 362076643, 411313213, 0, 15, 4035918921, 1
3, 9, 14, 1, 362076643, 411313213, 0, 14, 3896823388, 1
3, 9, 14, 1, 362076643, 411313213, 0, 13, 3792513021, 1
3, 9, 14, 1, 362076643, 411313213, 0, 12, 3614580012, 1
3, 9, 14, 1, 362076643, 411313213, 0, 11, 3464260059, 1
3, 9, 14, 1, 362076643, 411313213, 0, 10, 3223021246, 1
3, 9, 14, 1, 362076643, 411313213, 0, 9, 2924499030, 1
3, 9, 14, 1, 362076643, 411313213, 0, 8, 2551346259, 1
3, 9, 14, 1, 362076643, 411313213, 0, 7, 2071578412, 1
3, 9, 14, 1, 362076643, 411313213, 0, 6, 1590861194, 1
3, 9, 14, 1, 362076643, 411313213, 0, 5, 1171279514, 1
3, 9, 14, 1, 362076643, 411313213, 0, 4, 765409000, 1
3, 9, 14, 1, 362076643, 411313213, 0, 3, 410906501, 1
3, 9, 14, 1, 362076643, 411313213, 0, 2, 1, 1
3, 9, 14, 1, 362076643, 411313213, 0, 1, 1, 1
3, 10, 14, 1, 411313214, 431889963, 5, 18, 4093391581, 1
3, 10, 14, 1, 411313214, 431889963, 5, 17, 3999482596, 1
3, 10, 14, 1, 411313214, 431889963, 5, 16, 3891750077, 1
3, 10, 14, 1, 411313214, 431889963, 5, 15, 3756330993, 1
3, 10, 14, 1, 411313214, 431889963, 5, 14, 3626101144, 1
3, 10, 14, 1, 411313214, 431889963, 5, 13, 3486943302, 1
3, 10, 14, 1, 411313214, 431889963, 5, 12, 3302754392, 1
3, 10, 14, 1, 411313214, 431889963, 5, 11, 3122395442, 1
3, 10, 14, 1, 411313214, 431889963, 5, 10, 2893864054, 1
3, 10, 14, 1, 411313214, 431889963, 5, 9, 2617649804, 1
3, 10, 14, 1, 411313214, 431889963, 5, 8, 2304664253, 1
3, 10, 14, 1, 411313214, 431889963, 5, 7, 1911653395, 1
3, 10, 14, 1, 411313214, 431889963, 5, 6, 1445354937, 1
3, 10, 14, 1, 411313214, 431889963, 5, 5, 1007677147, 1
3, 10, 14, 1, 411313214, 431889963, 5, 4, 637238878, 1
3, 10, 14, 1, 411313214, 431889963, 5, 3, 322408478, 1
3, 10, 14, 1, 411313214, 431889963, 5, 2, 57003104, 0
3, 10, 14, 1, 411313214, 431889963, 5, 1, 66297278, 0
3, 10, 14, 1, 411313214, 431889963, 5, 0, 85665085, 0
3, 10, 14, 1, 411313214, 431889963, 4, 18, 4113321473, 1
3, 10, 14, 1, 411313214, 431889963, 4, 17, 4023826525, 1
3, 10, 14, 1, 411313214, 431889963, 4, 16, 3918800175, 1
3, 10, 14, 1, 411313214, 431889963, 4, 15, 3783925908, 1
3, 10, 14, 1, 411313214, 431889963, 4, 14, 3657074720, 1
3, 10, 14, 1, 411313214, 431889963, 4, 13, 3513288389, 1
3, 10, 14, 1, 411313214, 431889963, 4, 12, 3333978684, 1
3, 10, 14, 1, 411313214, 431889963, 4, 11, 3145275501, 1
3, 10, 14, 1, 411313214, 431889963, 4, 10, 2904688773, 1
3, 10, 14, 1, 411313214, 431889963, 4, 9, 2612489782, 1
3, 10, 14, 1, 411313214, 431889963, 4, 8, 2284920384, 1
3, 10, 14, 1, 411313214, 431889963, 4, 7, 1890470947, 1
3, 10, 14, 1, 411313214, 431889963, 4, 6, 1430340459, 1
3, 10, 14, 1, 411313214, 431889963, 4, 5, 989122807, 1
3, 10, 14, 1, 411313214, 431889963, 4, 4, 612246563, 1
3, 10, 14, 1, 411313214, 431889963, 4, 3, 310793483, 1
3, 10, 14, 1, 411313214, 431889963, 4, 2, 38623382, 0
3, 10, 14, 1, 411313214, 431889963, 4, 1, 60080816, 0
3, 10, 14, 1, 411313214, 431889963, 4, 0, 75236157, 0
3, 10, 14, 1, 411313214, 431889963, 3, 18, 4188517345, 1
3, 10, 14, 1, 411313214, 431889963, 3, 17, 4103478724, 1
3, 10, 14, 1, 411313214, 431889963, 3, 16, 4006427003, 1
3, 10, 14, 1, 411313214, 431889963, 3, 15, 3876627779, 1
3, 10, 14, 1, 411313214, 431889963, 3, 14, 3746583916, 1
3, 10, 14, 1, 411313214, 431889963, 3, 13, 3594636939, 1
3, 10, 14, 1, 411313214, 431889963, 3, 12, 3407652686, 1
3, 10, 14, 1, 411313214, 431889963, 3, 11, 3208628435, 1
3, 10, 14, 1, 411313214, 431889963, 3, 10, 2951304795, 1
3, 10, 14, 1, 411313214, 431889963, 3, 9, 2638039550, 1
3, 10, 14, 1, 411313214, 431889963, 3, 8, 2293682630, 1
3, 10, 14, 1, 411313214, 431889963, 3, 7, 1893603887, 1
3, 10, 14, 1, 411313214, 431889963, 3, 6, 1430529164, 1
3, 10, 14, 1, 411313214, 431889963, 3, 5, 987874405, 1
3, 10, 14, 1, 411313214, 431889963, 3, 4, 606768220, 1
3, 10, 14, 1, 411313214, 431889963, 3, 3, 301475878, 1
3, 10, 14, 1, 411313214, 431889963, 3, 2, 21798429, 0
3, 10, 14, 1, 411313214, 431889963, 3, 1, 34254674, 0
3, 10, 14, 1, 411313214, 431889963, 3, 0, 79927571, 0
3, 10, 14, 1, 411313214, 431889963, 2, 18, 4188603092, 1
3, 10, 14, 1, 411313214, 431889963, 2, 17, 4106648220, 1
3, 10, 14, 1, 411313214, 431889963, 2, 16, 4012061456, 1
3, 10, 14, 1, 411313214, 431889963, 2, 15, 3881823418, 1
3, 10, 14, 1, 411313214, 431889963, 2, 14, 3755381988, 1
3, 10, 14, 1, 411313214, 431889963, 2, 13, 3606983244, 1
3, 10, 14, 1, 411313214, 431889963, 2, 12, 3417570482, 1
3, 10, 14, 1, 411313214, 431889963, 2, 11, 3222717379, 1
3, 10, 14, 1, 411313214, 431889963, 2, 10, 2965265595, 1
3, 10, 14, 1, 411313214, 431889963, 2, 9, 2651972281, 1
3, 10, 14, 1, 411313214, 431889963, 2, 8, 2320633593, 1
3, 10, 14, 1, 411313214, 431889963, 2, 7, 1901575477, 1
3, 10, 14, 1, 411313214, 431889963, 2, 6, 1433908059, 1
3, 10, 14, 1, 411313214, 431889963, 2, 5, 989342536, 1
3, 10, 14, 1, 411313214, 431889963, 2, 4, 601745484, 1
3, 10, 14, 1, 411313214, 431889963, 2, 3, 290942006, 1
3, 10, 14, 1, 411313214, 431889963, 2, 2, 1, 1
3, 10, 14, 1, 411313214, 431889963, 2, 1, 1, 1
3, 10, 14, 1, 411313214, 431889963, 2, 0, 1, 0
3, 10, 14, 1, 411313214, 431889963, 1, 18, 4253183608, 1
3, 10, 14, 1, 411313214, 431889963, 1, 17, 4153652546, 1
3, 10, 14, 1, 411313214, 431889963, 1, 16, 4066863748, 1
3, 10, 14, 1, 411313214, 431889963, 1, 15, 3937905549, 1
3, 10, 14, 1, 411313214, 431889963, 1, 14, 3798282037, 1
3, 10, 14, 1, 411313214, 431889963, 1, 13, 3659877011, 1
3, 10, 14, 1, 411313214, 431889963, 1, 12, 3474324908, 1
3, 10, 14, 1, 411313214, 431889963, 1, 11, 3291278715, 1
3, 10, 14, 1, 411313214, 431889963, 1, 10, 3039055017, 1
3, 10, 14, 1, 411313214, 431889963, 1, 9, 2723721164, 1
3, 10, 14, 1, 411313214, 431889963, 1, 8, 2372409556, 1
3, 10, 14, 1, 411313214, 431889963, 1, 7, 1932836443, 1
3, 10, 14, 1, 411313214, 431889963, 1, 6, 1457986932, 1
3, 10, 14, 1, 411313214, 431889963, 1, 5, 1019805022, 1
3, 10, 14, 1, 411313214, 431889963, 1, 4, 624621964, 1
3, 10, 14, 1, 411313214, 431889963, 1, 3, 302624096, 1
3, 10, 14, 1, 411313214, 431889963, 1, 2, 1, 1
3, 10, 14, 1, 411313214, 431889963, 1, 1, 1, 1
3, 10, 14, 1, 411313214, 431889963, 1, 0, 1, 0
3, 10, 14, 1, 411313214, 431889963, 0, 18, 4394877861, 1
3, 10, 14, 1, 411313214, 431889963, 0, 17, 4296386653, 1
3, 10, 14, 1, 411313214, 431889963, 0, 16, 4185848357, 1
3, 10, 14, 1, 411313214, 431889963, 0, 15, 4061876971, 1
3, 10, 14, 1, 411313214, 431889963, 0, 14, 3917211428, 1
3, 10, 14, 1, 411313214, 431889963, 0, 13, 3808393299, 1
3, 10, 14, 1, 411313214, 431889963, 0, 12, 3630131985, 1
3, 10, 14, 1, 411313214, 431889963, 0, 11, 3480919737, 1
3, 10, 14, 1, 411313214, 431889963, 0, 10, 3241010172, 1
3, 10, 14, 1, 411313214, 431889963, 0, 9, 2933781861, 1
3, 10, 14, 1, 411313214, 431889963, 0, 8, 2546260866, 1
3, 10, 14, 1, 411313214, 431889963, 0, 7, 2044637564, 1
3, 10, 14, 1, 411313214, 431889963, 0, 6, 1548850781, 1
3, 10, 14, 1, 411313214, 431889963, 0, 5, 1120193576, 1
3, 10, 14, 1, 411313214, 431889963, 0, 4, 700709775, 1
3, 10, 14, 1, 411313214, 431889963, 0, 3, 360664464, 1
3, 10, 14, 1, 411313214, 431889963, 0, 2, 1, 1
3, 10, 14, 1, 411313214, 431889963, 0, 1, 1, 1
3, 11, 14, 1, 431889964, 1531114372, 5, 18, 3723399609, 1
3, 11, 14, 1, 431889964, 1531114372, 5, 17, 3655984196, 1
3, 11, 14, 1, 431889964, 1531114372, 5, 16, 3584031464, 1
3, 11, 14, 1, 431889964, 1531114372, 5, 15, 3502986165, 1
3, 11, 14, 1, 431889964, 1531114372, 5, 14, 3405356033, 1
3, 11, 14, 1, 431889964, 1531114372, 5, 13, 3286416338, 1
3, 11, 14, 1, 431889964, 1531114372, 5, 12, 3144000400, 1
3, 11, 14, 1, 431889964, 1531114372, 5, 11, 2967338585, 1
3, 11, 14, 1, 431889964, 1531114372, 5, 10, 2753665653, 1
3, 11, 14, 1, 431889964, 1531114372, 5, 9, 2527375703, 1
3, 11, 14, 1, 431889964, 1531114372, 5, 8, 2249324742, 1
3, 11, 14, 1, 431889964, 1531114372, 5, 7, 1893937977, 1
3, 11, 14, 1, 431889964, 1531114372, 5, 6, 1446384502, 1
3, 11, 14, 1, 431889964, 1531114372, 5, 5, 1008591808, 1
3, 11, 14, 1, 431889964, 1531114372, 5, 4, 623519294, 1
3, 11, 14, 1, 431889964, 1531114372, 5, 3, 320980113, 1
3, 11, 14, 1, 431889964, 1531114372, 5, 2, 66356882, 0
3, 11, 14, 1, 431889964, 1531114372, 5, 1, 78399096, 0
3, 11, 14, 1, 431889964, 1531114372, 5, 0, 95209541, 0
3, 11, 14, 1, 431889964, 1531114372, 4, 18, 3713309720, 1
3, 11, 14, 1, 431889964, 1531114372, 4, 17, 3644275052, 1
3, 11, 14, 1, 431889964, 1531114372, 4, 16, 3569445035, 1
3, 11, 14, 1, 431889964, 1531114372, 4, 15, 3485138294, 1
3, 11, 14, 1, 431889964, 1531114372, 4, 14, 3384623506, 1
3, 11, 14, 1, 431889964, 1531114372, 4, 13, 3260887267, 1
3, 11, 14, 1, 431889964, 1531114372, 4, 12, 3111873580, 1
3, 11, 14, 1, 431889964, 1531114372, 4, 11, 2939673429, 1
3, 11, 14, 1, 431889964, 1531114372, 4, 10, 2733057464, 1
3, 11, 14, 1, 431889964, 1531114372, 4, 9, 2510391540, 1
3, 11, 14, 1, 431889964, 1531114372, 4, 8, 2226273910, 1
3, 11, 14, 1, 431889964, 1531114372, 4, 7, 1875884481, 1
3, 11, 14, 1, 431889964, 1531114372, 4, 6, 1433583812, 1
3, 11, 14, 1, 431889964, 1531114372, 4, 5, 991519089, 1
3, 11, 14, 1, 431889964, 1531114372, 4, 4, 600215643, 1
3, 11, 14, 1, 431889964, 1531114372, 4, 3, 310640355, 1
3, 11, 14, 1, 431889964, 1531114372, 4, 2, 50010091, 0
3, 11, 14, 1, 431889964, 1531114372, 4, 1, 67099700, 0
3, 11, 14, 1, 431889964, 1531114372, 4, 0, 84555092, 0
3, 11, 14, 1, 431889964, 1531114372, 3, 18, 3671835685, 1
3, 11, 14, 1, 431889964, 1531114372, 3, 17, 3598876835, 1
3, 11, 14, 1, 431889964, 1531114372, 3, 16, 3519913547, 1
3, 11, 14, 1, 431889964, 1531114372, 3, 15, 3428933085, 1
3, 11, 14, 1, 431889964, 1531114372, 3, 14, 3324271035, 1
3, 11, 14, 1, 431889964, 1531114372, 3, 13, 3207956332, 1
3, 11, 14, 1, 431889964, 1531114372, 3, 12, 3068682398, 1
3, 11, 14, 1, 431889964, 1531114372, 3, 11, 2907574717, 1
3, 11, 14, 1, 431889964, 1531114372, 3, 10, 2714446878, 1
3, 11, 14, 1, 431889964, 1531114372, 3, 9, 2487534723, 1
3, 11, 14, 1, 431889964, 1531114372, 3, 8, 2220286291, 1
3, 11, 14, 1, 431889964, 1531114372, 3, 7, 1881162325, 1
3, 11, 14, 1, 431889964, 1531114372, 3, 6, 1435835055, 1
3, 11, 14, 1, 431889964, 1531114372, 3, 5, 991000248, 1
3, 11, 14, 1, 431889964, 1531114372, 3, 4, 595468589, 1
3, 11, 14, 1, 431889964, 1531114372, 3, 3, 300766416, 1
3, 11, 14, 1, 431889964, 1531114372, 3, 2, 32901900, 0
3, 11, 14, 1, 431889964, 1531114372, 3, 1, 44828417, 0
3, 11, 14, 1, 431889964, 1531114372, 3, 0, 72518316, 0
3, 11, 14, 1, 431889964, 1531114372, 2, 18, 3678912659, 1
3, 11, 14, 1, 431889964, 1531114372, 2, 17, 3605705373, 1
3, 11, 14, 1, 431889964, 1531114372, 2, 16, 3527340682, 1
3, 11, 14, 1, 431889964, 1531114372, 2, 15, 3436304421, 1
3, 11, 14, 1, 431889964, 1531114372, 2, 14, 3332050322, 1
3, 11, 14, 1, 431889964, 1531114372, 2, 13, 3216256545, 1
3, 11, 14, 1, 431889964, 1531114372, 2, 12, 3077011106, 1
3, 11, 14, 1, 431889964, 1531114372, 2, 11, 2915152241, 1
3, 11, 14, 1, 431889964, 1531114372, 2, 10, 2721569754, 1
3, 11, 14, 1, 431889964, 1531114372, 2, 9, 2493544108, 1
3, 11, 14, 1, 431889964, 1531114372, 2, 8, 2227945424, 1
3, 11, 14, 1, 431889964, 1531114372, 2, 7, 1889140384, 1
3, 11, 14, 1, 431889964, 1531114372, 2, 6, 1442718596, 1
3, 11, 14, 1, 431889964, 1531114372, 2, 5, 997213133, 1
3, 11, 14, 1, 431889964, 1531114372, 2, 4, 595949742, 1
3, 11, 14, 1, 431889964, 1531114372, 2, 3, 294681015, 1
3, 11, 14, 1, 431889964, 1531114372, 2, 2, 18045744, 1
3, 11, 14, 1, 431889964, 1531114372, 2, 1, 19248794, 1
3, 11, 14, 1, 431889964, 1531114372, 2, 0, 24060992, 0
3, 11, 14, 1, 431889964, 1531114372, 1, 18, 3706708673, 1
3, 11, 14, 1, 431889964, 1531114372, 1, 17, 3634366408, 1
3, 11, 14, 1, 431889964, 1531114372, 1, 16, 3554588797, 1
3, 11, 14, 1, 431889964, 1531114372, 1, 15, 3466666013, 1
3, 11, 14, 1, 431889964, 1531114372, 1, 14, 3362801716, 1
3, 11, 14, 1, 431889964, 1531114372, 1, 13, 3249194479, 1
3, 11, 14, 1, 431889964, 1531114372, 1, 12, 3109554064, 1
3, 11, 14, 1, 431889964, 1531114372, 1, 11, 2949454680, 1
3, 11, 14, 1, 431889964, 1531114372, 1, 10, 2756764810, 1
3, 11, 14, 1, 431889964, 1531114372, 1, 9, 2528012839, 1
3, 11, 14, 1, 431889964, 1531114372, 1, 8, 2258590821, 1
3, 11, 14, 1, 431889964, 1531114372, 1, 7, 1922488512, 1
3, 11, 14, 1, 431889964, 1531114372, 1, 6, 1470048486, 1
3, 11, 14, 1, 431889964, 1531114372, 1, 5, 1025606708, 1
3, 11, 14, 1, 431889964, 1531114372, 1, 4, 615791392, 1
3, 11, 14, 1, 431889964, 1531114372, 1, 3, 305845579, 1
3, 11, 14, 1, 431889964, 1531114372, 1, 2, 19248794, 1
3, 11, 14, 1, 431889964, 1531114372, 1, 1, 16040662, 1
3, 11, 14, 1, 431889964, 1531114372, 1, 0, 1, 0
3, 11, 14, 1, 431889964, 1531114372, 0, 18, 3808202968, 1
3, 11, 14, 1, 431889964, 1531114372, 0, 17, 3738409045, 1
3, 11, 14, 1, 431889964, 1531114372, 0, 16, 3662641049, 1
3, 11, 14, 1, 431889964, 1531114372, 0, 15, 3573837141, 1
3, 11, 14, 1, 431889964, 1531114372, 0, 14, 3475490010, 1
3, 11, 14, 1, 431889964, 1531114372, 0, 13, 3362012551, 1
3, 11, 14, 1, 431889964, 1531114372, 0, 12, 3225955291, 1
3, 11, 14, 1, 431889964, 1531114372, 0, 11, 3069160592, 1
3, 11, 14, 1, 431889964, 1531114372, 0, 10, 2881006954, 1
3, 11, 14, 1, 431889964, 1531114372, 0, 9, 2653351223, 1
3, 11, 14, 1, 431889964, 1531114372, 0, 8, 2391270363, 1
3, 11, 14, 1, 431889964, 1531114372, 0, 7, 2045920677, 1
3, 11, 14, 1, 431889964, 1531114372, 0, 6, 1575380865, 1
3, 11, 14, 1, 431889964, 1531114372, 0, 5, 1134189896, 1
3, 11, 14, 1, 431889964, 1531114372, 0, 4, 700293463, 1
3, 11, 14, 1, 431889964, 1531114372, 0, 3, 366857371, 1
3, 11, 14, 1, 431889964, 1531114372, 0, 2, 24060992, 1
3, 11, 14, 1, 431889964, 1531114372, 0, 1, 48121984, 1
3, 12, 14, 1, 1531114373, 1586057851, 5, 18, 3880778654, 1
3, 12, 14, 1, 1531114373, 1586057851, 5, 17, 3807353866, 1
3, 12, 14, 1, 1531114373, 1586057851, 5, 16, 3719995477, 1
3, 12, 14, 1, 1531114373, 1586057851, 5, 15, 3635049790, 1
3, 12, 14, 1, 1531114373, 1586057851, 5, 14, 3525845333, 1
3, 12, 14, 1, 1531114373, 1586057851, 5, 13, 3412894888, 1
3, 12, 14, 1, 1531114373, 1586057851, 5, 12, 3255121956, 1
3, 12, 14, 1, 1531114373, 1586057851, 5, 11, 3083013771, 1
3, 12, 14, 1, 1531114373, 1586057851, 5, 10, 2872521285, 1
3, 12, 14, 1, 1531114373, 1586057851, 5, 9, 2629136232, 1
3, 12, 14, 1, 1531114373, 1586057851, 5, 8, 2305304911, 1
3, 12, 14, 1, 1531114373, 1586057851, 5, 7, 1895443803, 1
3, 12, 14, 1, 1531114373, 1586057851, 5, 6, 1450914741, 1
3, 12, 14, 1, 1531114373, 1586057851, 5, 5, 1024157449, 1
3, 12, 14, 1, 1531114373, 1586057851, 5, 4, 639681864, 1
3, 12, 14, 1, 1531114373, 1586057851, 5, 3, 330081887, 1
3, 12, 14, 1, 1531114373, 1586057851, 5, 2, 58271162, 0
3, 12, 14, 1, 1531114373, 1586057851, 5, 1, 72497358, 0
3, 12, 14, 1, 1531114373, 1586057851, 5, 0, 96622769, 0
3, 12, 14, 1, 1531114373, 1586057851, 4, 18, 3898631876, 1
3, 12, 14, 1, 1531114373, 1586057851, 4, 17, 3822472116, 1
3, 12, 14, 1, 1531114373, 1586057851, 4, 16, 3730981477, 1
3, 12, 14, 1, 1531114373, 1586057851, 4, 15, 3644080722, 1
3, 12, 14, 1, 1531114373, 1586057851, 4, 14, 3530035511, 1
3, 12, 14, 1, 1531114373, 1586057851, 4, 13, 3412642555, 1
3, 12, 14, 1, 1531114373, 1586057851, 4, 12, 3245565584, 1
3, 12, 14, 1, 1531114373, 1586057851, 4, 11, 3081338856, 1
3, 12, 14, 1, 1531114373, 1586057851, 4, 10, 2877638810, 1
3, 12, 14, 1, 1531114373, 1586057851, 4, 9, 2633291587, 1
3, 12, 14, 1, 1531114373, 1586057851, 4, 8, 2292674695, 1
3, 12, 14, 1, 1531114373, 1586057851, 4, 7, 1880553500, 1
3, 12, 14, 1, 1531114373, 1586057851, 4, 6, 1433223125, 1
3, 12, 14, 1, 1531114373, 1586057851, 4, 5, 1001286289, 1
3, 12, 14, 1, 1531114373, 1586057851, 4, 4, 609375909, 1
3, 12, 14, 1, 1531114373, 1586057851, 4, 3, 316239857, 1
3, 12, 14, 1, 1531114373, 1586057851, 4, 2, 36249708, 0
3, 12, 14, 1, 1531114373, 1586057851, 4, 1, 56388435, 0
3, 12, 14, 1, 1531114373, 1586057851, 4, 0, 78589273, 0
3, 12, 14, 1, 1531114373, 1586057851, 3, 18, 3906177255, 1
3, 12, 14, 1, 1531114373, 1586057851, 3, 17, 3827947367, 1
3, 12, 14, 1, 1531114373, 1586057851, 3, 16, 3727525259, 1
3, 12, 14, 1, 1531114373, 1586057851, 3, 15, 3636410658, 1
3, 12, 14, 1, 1531114373, 1586057851, 3, 14, 3527020480, 1
3, 12, 14, 1, 1531114373, 1586057851, 3, 13, 3405057921, 1
3, 12, 14, 1, 1531114373, 1586057851, 3, 12, 3243422792, 1
3, 12, 14, 1, 1531114373, 1586057851, 3, 11, 3070287991, 1
3, 12, 14, 1, 1531114373, 1586057851, 3, 10, 2876876549, 1
3, 12, 14, 1, 1531114373, 1586057851, 3, 9, 2641030382, 1
3, 12, 14, 1, 1531114373, 1586057851, 3, 8, 2301476502, 1
3, 12, 14, 1, 1531114373, 1586057851, 3, 7, 1883618542, 1
3, 12, 14, 1, 1531114373, 1586057851, 3, 6, 1435539188, 1
3, 12, 14, 1, 1531114373, 1586057851, 3, 5, 1000738435, 1
3, 12, 14, 1, 1531114373, 1586057851, 3, 4, 604587345, 1
3, 12, 14, 1, 1531114373, 1586057851, 3, 3, 306265861, 1
3, 12, 14, 1, 1531114373, 1586057851, 3, 2, 17558075, 0
3, 12, 14, 1, 1531114373, 1586057851, 3, 1, 27591260, 0
3, 12, 14, 1, 1531114373, 1586057851, 3, 0, 64379607, 0
3, 12, 14, 1, 1531114373, 1586057851, 2, 18, 3893146957, 1
3, 12, 14, 1, 1531114373, 1586057851, 2, 17, 3817338705, 1
3, 12, 14, 1, 1531114373, 1586057851, 2, 16, 3718420574, 1
3, 12, 14, 1, 1531114373, 1586057851, 2, 15, 3633031079, 1
3, 12, 14, 1, 1531114373, 1586057851, 2, 14, 3528057963, 1
3, 12, 14, 1, 1531114373, 1586057851, 2, 13, 3412201965, 1
3, 12, 14, 1, 1531114373, 1586057851, 2, 12, 3259679719, 1
3, 12, 14, 1, 1531114373, 1586057851, 2, 11, 3092530153, 1
3, 12, 14, 1, 1531114373, 1586057851, 2, 10, 2897327248, 1
3, 12, 14, 1, 1531114373, 1586057851, 2, 9, 2670847028, 1
3, 12, 14, 1, 1531114373, 1586057851, 2, 8, 2325063656, 1
3, 12, 14, 1, 1531114373, 1586057851, 2, 7, 1901641341, 1
3, 12, 14, 1, 1531114373, 1586057851, 2, 6, 1445537410, 1
3, 12, 14, 1, 1531114373, 1586057851, 2, 5, 1006934346, 1
3, 12, 14, 1, 1531114373, 1586057851, 2, 4, 605036825, 1
3, 12, 14, 1, 1531114373, 1586057851, 2, 3, 300057893, 1
3, 12, 14, 1, 1531114373, 1586057851, 2, 2, 1, 1
3, 12, 14, 1, 1531114373, 1586057851, 2, 1, 1, 1
3, 12, 14, 1, 1531114373, 1586057851, 2, 0, 1, 0
3, 12, 14, 1, 1531114373, 1586057851, 1, 18, 3918668331, 1
3, 12, 14, 1, 1531114373, 1586057851, 1, 17, 3839063161, 1
3, 12, 14, 1, 1531114373, 1586057851, 1, 16, 3729917732, 1
3, 12, 14, 1, 1531114373, 1586057851, 1, 15, 3658079679, 1
3, 12, 14, 1, 1531114373, 1586057851, 1, 14, 3550217941, 1
3, 12, 14, 1, 1531114373, 1586057851, 1, 13, 3448289013, 1
3, 12, 14, 1, 1531114373, 1586057851, 1, 12, 3302124199, 1
3, 12, 14, 1, 1531114373, 1586057851, 1, 11, 3130330067, 1
3, 12, 14, 1, 1531114373, 1586057851, 1, 10, 2950250524, 1
3, 12, 14, 1, 1531114373, 1586057851, 1, 9, 2718602695, 1
3, 12, 14, 1, 1531114373, 1586057851, 1, 8, 2358596530, 1
3, 12, 14, 1, 1531114373, 1586057851, 1, 7, 1948129728, 1
3, 12, 14, 1, 1531114373, 1586057851, 1, 6, 1481159778, 1
3, 12, 14, 1, 1531114373, 1586057851, 1, 5, 1037447508, 1
3, 12, 14, 1, 1531114373, 1586057851, 1, 4, 627445596, 1
3, 12, 14, 1, 1531114373, 1586057851, 1, 3, 314346364, 1
3, 12, 14, 1, 1531114373, 1586057851, 1, 2, 1, 1
3, 12, 14, 1, 1531114373, 1586057851, 1, 1, 1, 1
3, 12, 14, 1, 1531114373, 1586057851, 1, 0, 1, 0
3, 12, 14, 1, 1531114373, 1586057851, 0, 18, 4056936638, 1
3, 12, 14, 1, 1531114373, 1586057851, 0, 17, 3973123918, 1
3, 12, 14, 1, 1531114373, 1586057851, 0, 16, 3859058376, 1
3, 12, 14, 1, 1531114373, 1586057851, 0, 15, 3800591046, 1
3, 12, 14, 1, 1531114373, 1586057851, 0, 14, 3680508058, 1
3, 12, 14, 1, 1531114373, 1586057851, 0, 13, 3573334790, 1
3, 12, 14, 1, 1531114373, 1586057851, 0, 12, 3414299950, 1
3, 12, 14, 1, 1531114373, 1586057851, 0, 11, 3263439896, 1
3, 12, 14, 1, 1531114373, 1586057851, 0, 10, 3092926886, 1
3, 12, 14, 1, 1531114373, 1586057851, 0, 9, 2831518921, 1
3, 12, 14, 1, 1531114373, 1586057851, 0, 8, 2470758650, 1
3, 12, 14, 1, 1531114373, 1586057851, 0, 7, 2083841616, 1
3, 12, 14, 1, 1531114373, 1586057851, 0, 6, 1599901007, 1
3, 12, 14, 1, 1531114373, 1586057851, 0, 5, 1141192259, 1
3, 12, 14, 1, 1531114373, 1586057851, 0, 4, 705876296, 1
3, 12, 14, 1, 1531114373, 1586057851, 0, 3, 366737425, 1
3, 12, 14, 1, 1531114373, 1586057851, 0, 2, 1, 1
3, 12, 14, 1, 1531114373, 1586057851, 0, 1, 1, 1
3, 13, 14, 1, 1586057852, 1640893314, 5, 18, 4014978506, 1
3, 13, 14, 1, 1586057852, 1640893314, 5, 17, 3949352013, 1
3, 13, 14, 1, 1586057852, 1640893314, 5, 16, 3870718450, 1
3, 13, 14, 1, 1586057852, 1640893314, 5, 15, 3795599671, 1
3, 13, 14, 1, 1586057852, 1640893314, 5, 14, 3697547099, 1
3, 13, 14, 1, 1586057852, 1640893314, 5, 13, 3597360859, 1
3, 13, 14, 1, 1586057852, 1640893314, 5, 12, 3454341360, 1
3, 13, 14, 1, 1586057852, 1640893314, 5, 11, 3299480144, 1
3, 13, 14, 1, 1586057852, 1640893314, 5, 10, 3109418685, 1
3, 13, 14, 1, 1586057852, 1640893314, 5, 9, 2890620121, 1
3, 13, 14, 1, 1586057852, 1640893314, 5, 8, 2596942041, 1
3, 13, 14, 1, 1586057852, 1640893314, 5, 7, 2224932874, 1
3, 13, 14, 1, 1586057852, 1640893314, 5, 6, 1829334370, 1
3, 13, 14, 1, 1586057852, 1640893314, 5, 5, 1468283828, 1
3, 13, 14, 1, 1586057852, 1640893314, 5, 4, 858355247, 1
3, 13, 14, 1, 1586057852, 1640893314, 5, 3, 314363875, 1
3, 13, 14, 1, 1586057852, 1640893314, 5, 2, 38724350, 0
3, 13, 14, 1, 1586057852, 1640893314, 5, 1, 50857141, 0
3, 13, 14, 1, 1586057852, 1640893314, 5, 0, 72331556, 0
3, 13, 14, 1, 1586057852, 1640893314, 4, 18, 4021014183, 1
3, 13, 14, 1, 1586057852, 1640893314, 4, 17, 3952003413, 1
3, 13, 14, 1, 1586057852, 1640893314, 4, 16, 3868512837, 1
3, 13, 14, 1, 1586057852, 1640893314, 4, 15, 3790624810, 1
3, 13, 14, 1, 1586057852, 1640893314, 4, 14, 3686810262, 1
3, 13, 14, 1, 1586057852, 1640893314, 4, 13, 3581130676, 1
3, 13, 14, 1, 1586057852, 1640893314, 4, 12, 3427597288, 1
3, 13, 14, 1, 1586057852, 1640893314, 4, 11, 3279209666, 1
3, 13, 14, 1, 1586057852, 1640893314, 4, 10, 3094281892, 1
3, 13, 14, 1, 1586057852, 1640893314, 4, 9, 2872538018, 1
3, 13, 14, 1, 1586057852, 1640893314, 4, 8, 2559661601, 1
3, 13, 14, 1, 1586057852, 1640893314, 4, 7, 2182393823, 1
3, 13, 14, 1, 1586057852, 1640893314, 4, 6, 1780167869, 1
3, 13, 14, 1, 1586057852, 1640893314, 4, 5, 1408888703, 1
3, 13, 14, 1, 1586057852, 1640893314, 4, 4, 831567168, 1
3, 13, 14, 1, 1586057852, 1640893314, 4, 3, 303861517, 1
3, 13, 14, 1, 1586057852, 1640893314, 4, 2, 21189726, 0
3, 13, 14, 1, 1586057852, 1640893314, 4, 1, 32961796, 0
3, 13, 14, 1, 1586057852, 1640893314, 4, 0, 49442693, 0
3, 13, 14, 1, 1586057852, 1640893314, 3, 18, 4055303784, 1
3, 13, 14, 1, 1586057852, 1640893314, 3, 17, 3985749742, 1
3, 13, 14, 1, 1586057852, 1640893314, 3, 16, 3895039402, 1
3, 13, 14, 1, 1586057852, 1640893314, 3, 15, 3814869810, 1
3, 13, 14, 1, 1586057852, 1640893314, 3, 14, 3717908709, 1
3, 13, 14, 1, 1586057852, 1640893314, 3, 13, 3610183093, 1
3, 13, 14, 1, 1586057852, 1640893314, 3, 12, 3465018154, 1
3, 13, 14, 1, 1586057852, 1640893314, 3, 11, 3311156978, 1
3, 13, 14, 1, 1586057852, 1640893314, 3, 10, 3140604954, 1
3, 13, 14, 1, 1586057852, 1640893314, 3, 9, 2932307315, 1
3, 13, 14, 1, 1586057852, 1640893314, 3, 8, 2626598769, 1
3, 13, 14, 1, 1586057852, 1640893314, 3, 7, 2251320423, 1
3, 13, 14, 1, 1586057852, 1640893314, 3, 6, 1858436865, 1
3, 13, 14, 1, 1586057852, 1640893314, 3, 5, 1498030445, 1
3, 13, 14, 1, 1586057852, 1640893314, 3, 4, 864848750, 1
3, 13, 14, 1, 1586057852, 1640893314, 3, 3, 298683701, 1
3, 13, 14, 1, 1586057852, 1640893314, 3, 2, 8989581, 0
3, 13, 14, 1, 1586057852, 1640893314, 3, 1, 14126484, 0
3, 13, 14, 1, 1586057852, 1640893314, 3, 0, 32961796, 0
3, 13, 14, 1, 1586057852, 1640893314, 2, 18, 4026194912, 1
3, 13, 14, 1, 1586057852, 1640893314, 2, 17, 3958193323, 1
3, 13, 14, 1, 1586057852, 1640893314, 2, 16, 3868018653, 1
3, 13, 14, 1, 1586057852, 1640893314, 2, 15, 3792488806, 1
3, 13, 14, 1, 1586057852, 1640893314, 2, 14, 3698719836, 1
3, 13, 14, 1, 1586057852, 1640893314, 2, 13, 3595707615, 1
3, 13, 14, 1, 1586057852, 1640893314, 2, 12, 3458057110, 1
3, 13, 14, 1, 1586057852, 1640893314, 2, 11, 3308328727, 1
3, 13, 14, 1, 1586057852, 1640893314, 2, 10, 3133813477, 1
3, 13, 14, 1, 1586057852, 1640893314, 2, 9, 2932301115, 1
3, 13, 14, 1, 1586057852, 1640893314, 2, 8, 2617247415, 1
3, 13, 14, 1, 1586057852, 1640893314, 2, 7, 2232571210, 1
3, 13, 14, 1, 1586057852, 1640893314, 2, 6, 1826837220, 1
3, 13, 14, 1, 1586057852, 1640893314, 2, 5, 1456381725, 1
3, 13, 14, 1, 1586057852, 1640893314, 2, 4, 883708931, 1
3, 13, 14, 1, 1586057852, 1640893314, 2, 3, 298729781, 1
3, 13, 14, 1, 1586057852, 1640893314, 2, 2, 1, 1
3, 13, 14, 1, 1586057852, 1640893314, 2, 1, 1, 1
3, 13, 14, 1, 1586057852, 1640893314, 2, 0, 1, 0
3, 13, 14, 1, 1586057852, 1640893314, 1, 18, 4057192599, 1
3, 13, 14, 1, 1586057852, 1640893314, 1, 17, 3985781372, 1
3, 13, 14, 1, 1586057852, 1640893314, 1, 16, 3885823092, 1
3, 13, 14, 1, 1586057852, 1640893314, 1, 15, 3824357626, 1
3, 13, 14, 1, 1586057852, 1640893314, 1, 14, 3728299176, 1
3, 13, 14, 1, 1586057852, 1640893314, 1, 13, 3639922173, 1
3, 13, 14, 1, 1586057852, 1640893314, 1, 12, 3509477591, 1
3, 13, 14, 1, 1586057852, 1640893314, 1, 11, 3356137645, 1
3, 13, 14, 1, 1586057852, 1640893314, 1, 10, 3198027371, 1
3, 13, 14, 1, 1586057852, 1640893314, 1, 9, 2992973919, 1
3, 13, 14, 1, 1586057852, 1640893314, 1, 8, 2665819632, 1
3, 13, 14, 1, 1586057852, 1640893314, 1, 7, 2296965210, 1
3, 13, 14, 1, 1586057852, 1640893314, 1, 6, 1884411448, 1
3, 13, 14, 1, 1586057852, 1640893314, 1, 5, 1514903071, 1
3, 13, 14, 1, 1586057852, 1640893314, 1, 4, 1036307091, 1
3, 13, 14, 1, 1586057852, 1640893314, 1, 3, 312955009, 1
3, 13, 14, 1, 1586057852, 1640893314, 1, 2, 1, 1
3, 13, 14, 1, 1586057852, 1640893314, 1, 1, 1, 1
3, 13, 14, 1, 1586057852, 1640893314, 1, 0, 1, 0
3, 13, 14, 1, 1586057852, 1640893314, 0, 18, 4142342926, 1
3, 13, 14, 1, 1586057852, 1640893314, 0, 17, 4063840561, 1
3, 13, 14, 1, 1586057852, 1640893314, 0, 16, 3955749169, 1
3, 13, 14, 1, 1586057852, 1640893314, 0, 15, 3904052541, 1
3, 13, 14, 1, 1586057852, 1640893314, 0, 14, 3791707499, 1
3, 13, 14, 1, 1586057852, 1640893314, 0, 13, 3693462629, 1
3, 13, 14, 1, 1586057852, 1640893314, 0, 12, 3544844254, 1
3, 13, 14, 1, 1586057852, 1640893314, 0, 11, 3406294568, 1
3, 13, 14, 1, 1586057852, 1640893314, 0, 10, 3250554000, 1
3, 13, 14, 1, 1586057852, 1640893314, 0, 9, 3007201241, 1
3, 13, 14, 1, 1586057852, 1640893314, 0, 8, 2669009978, 1
3, 13, 14, 1, 1586057852, 1640893314, 0, 7, 2311110239, 1
3, 13, 14, 1, 1586057852, 1640893314, 0, 6, 1865859357, 1
3, 13, 14, 1, 1586057852, 1640893314, 0, 5, 1461316228, 1
3, 13, 14, 1, 1586057852, 1640893314, 0, 4, 1107248692, 1
3, 13, 14, 1, 1586057852, 1640893314, 0, 3, 365114177, 1
3, 13, 14, 1, 1586057852, 1640893314, 0, 2, 1, 1
3, 13, 14, 1, 1586057852, 1640893314, 0, 1, 1, 1
3, 14, 14, 1, 1640893315, 1689123361, 5, 18, 3961096338, 1
3, 14, 14, 1, 1640893315, 1689123361, 5, 17, 3899033051, 1
3, 14, 14, 1, 1640893315, 1689123361, 5, 16, 3824386045, 1
3, 14, 14, 1, 1640893315, 1689123361, 5, 15, 3753757388, 1
3, 14, 14, 1, 1640893315, 1689123361, 5, 14, 3660800347, 1
3, 14, 14, 1, 1640893315, 1689123361, 5, 13, 3566446343, 1
3, 14, 14, 1, 1640893315, 1689123361, 5, 12, 3430167998, 1
3, 14, 14, 1, 1640893315, 1689123361, 5, 11, 3283187288, 1
3, 14, 14, 1, 1640893315, 1689123361, 5, 10, 3102461195, 1
3, 14, 14, 1, 1640893315, 1689123361, 5, 9, 2894896718, 1
3, 14, 14, 1, 1640893315, 1689123361, 5, 8, 2614996291, 1
3, 14, 14, 1, 1640893315, 1689123361, 5, 7, 2260282475, 1
3, 14, 14, 1, 1640893315, 1689123361, 5, 6, 1887041377, 1
3, 14, 14, 1, 1640893315, 1689123361, 5, 5, 1556013637, 1
3, 14, 14, 1, 1640893315, 1689123361, 5, 4, 910748680, 1
3, 14, 14, 1, 1640893315, 1689123361, 5, 3, 411058030, 1
3, 14, 14, 1, 1640893315, 1689123361, 5, 2, 77372915, 0
3, 14, 14, 1, 1640893315, 1689123361, 5, 1, 92652348, 0
3, 14, 14, 1, 1640893315, 1689123361, 5, 0, 106563683, 0
3, 14, 14, 1, 1640893315, 1689123361, 4, 18, 3967146840, 1
3, 14, 14, 1, 1640893315, 1689123361, 4, 17, 3901706782, 1
3, 14, 14, 1, 1640893315, 1689123361, 4, 16, 3822212001, 1
3, 14, 14, 1, 1640893315, 1689123361, 4, 15, 3748825567, 1
3, 14, 14, 1, 1640893315, 1689123361, 4, 14, 3650120936, 1
3, 14, 14, 1, 1640893315, 1689123361, 4, 13, 3550291833, 1
3, 14, 14, 1, 1640893315, 1689123361, 4, 12, 3403523067, 1
3, 14, 14, 1, 1640893315, 1689123361, 4, 11, 3263046613, 1
3, 14, 14, 1, 1640893315, 1689123361, 4, 10, 3087495039, 1
3, 14, 14, 1, 1640893315, 1689123361, 4, 9, 2877040875, 1
3, 14, 14, 1, 1640893315, 1689123361, 4, 8, 2578020010, 1
3, 14, 14, 1, 1640893315, 1689123361, 4, 7, 2218160489, 1
3, 14, 14, 1, 1640893315, 1689123361, 4, 6, 1838462869, 1
3, 14, 14, 1, 1640893315, 1689123361, 4, 5, 1497480428, 1
3, 14, 14, 1, 1640893315, 1689123361, 4, 4, 869092179, 1
3, 14, 14, 1, 1640893315, 1689123361, 4, 3, 382163110, 1
3, 14, 14, 1, 1640893315, 1689123361, 4, 2, 55894367, 0
3, 14, 14, 1, 1640893315, 1689123361, 4, 1, 86946793, 0
3, 14, 14, 1, 1640893315, 1689123361, 4, 0, 121589352, 0
3, 14, 14, 1, 1640893315, 1689123361, 3, 18, 3987436912, 1
3, 14, 14, 1, 1640893315, 1689123361, 3, 17, 3920674934, 1
3, 14, 14, 1, 1640893315, 1689123361, 3, 16, 3833090038, 1
3, 14, 14, 1, 1640893315, 1689123361, 3, 15, 3756442773, 1
3, 14, 14, 1, 1640893315, 1689123361, 3, 14, 3663481601, 1
3, 14, 14, 1, 1640893315, 1689123361, 3, 13, 3560337724, 1
3, 14, 14, 1, 1640893315, 1689123361, 3, 12, 3420473226, 1
3, 14, 14, 1, 1640893315, 1689123361, 3, 11, 3272814696, 1
3, 14, 14, 1, 1640893315, 1689123361, 3, 10, 3109619296, 1
3, 14, 14, 1, 1640893315, 1689123361, 3, 9, 2910187333, 1
3, 14, 14, 1, 1640893315, 1689123361, 3, 8, 2615370904, 1
3, 14, 14, 1, 1640893315, 1689123361, 3, 7, 2253795544, 1
3, 14, 14, 1, 1640893315, 1689123361, 3, 6, 1878675116, 1
3, 14, 14, 1, 1640893315, 1689123361, 3, 5, 1542210306, 1
3, 14, 14, 1, 1640893315, 1689123361, 3, 4, 902852492, 1
3, 14, 14, 1, 1640893315, 1689123361, 3, 3, 378135375, 1
3, 14, 14, 1, 1640893315, 1689123361, 3, 2, 26923975, 0
3, 14, 14, 1, 1640893315, 1689123361, 3, 1, 42309104, 0
3, 14, 14, 1, 1640893315, 1689123361, 3, 0, 98721242, 0
3, 14, 14, 1, 1640893315, 1689123361, 2, 18, 3955554737, 1
3, 14, 14, 1, 1640893315, 1689123361, 2, 17, 3890201402, 1
3, 14, 14, 1, 1640893315, 1689123361, 2, 16, 3802992777, 1
3, 14, 14, 1, 1640893315, 1689123361, 2, 15, 3730807619, 1
3, 14, 14, 1, 1640893315, 1689123361, 2, 14, 3640839432, 1
3, 14, 14, 1, 1640893315, 1689123361, 2, 13, 3542184206, 1
3, 14, 14, 1, 1640893315, 1689123361, 2, 12, 3409578643, 1
3, 14, 14, 1, 1640893315, 1689123361, 2, 11, 3265760049, 1
3, 14, 14, 1, 1640893315, 1689123361, 2, 10, 3098262673, 1
3, 14, 14, 1, 1640893315, 1689123361, 2, 9, 2905220160, 1
3, 14, 14, 1, 1640893315, 1689123361, 2, 8, 2600590889, 1
3, 14, 14, 1, 1640893315, 1689123361, 2, 7, 2229058529, 1
3, 14, 14, 1, 1640893315, 1689123361, 2, 6, 1840411537, 1
3, 14, 14, 1, 1640893315, 1689123361, 2, 5, 1493073745, 1
3, 14, 14, 1, 1640893315, 1689123361, 2, 4, 898871262, 1
3, 14, 14, 1, 1640893315, 1689123361, 2, 3, 350052567, 1
3, 14, 14, 1, 1640893315, 1689123361, 2, 2, 1, 1
3, 14, 14, 1, 1640893315, 1689123361, 2, 1, 1, 1
3, 14, 14, 1, 1640893315, 1689123361, 2, 0, 1, 0
3, 14, 14, 1, 1640893315, 1689123361, 1, 18, 3993649049, 1
3, 14, 14, 1, 1640893315, 1689123361, 1, 17, 3925316820, 1
3, 14, 14, 1, 1640893315, 1689123361, 1, 16, 3828810749, 1
3, 14, 14, 1, 1640893315, 1689123361, 1, 15, 3771242939, 1
3, 14, 14, 1, 1640893315, 1689123361, 1, 14, 3679619752, 1
3, 14, 14, 1, 1640893315, 1689123361, 1, 13, 3596335088, 1
3, 14, 14, 1, 1640893315, 1689123361, 1, 12, 3471797619, 1
3, 14, 14, 1, 1640893315, 1689123361, 1, 11, 3325392111, 1
3, 14, 14, 1, 1640893315, 1689123361, 1, 10, 3175537120, 1
3, 14, 14, 1, 1640893315, 1689123361, 1, 9, 2980476906, 1
3, 14, 14, 1, 1640893315, 1689123361, 1, 8, 2665667206, 1
3, 14, 14, 1, 1640893315, 1689123361, 1, 7, 2312449260, 1
3, 14, 14, 1, 1640893315, 1689123361, 1, 6, 1920343199, 1
3, 14, 14, 1, 1640893315, 1689123361, 1, 5, 1578718050, 1
3, 14, 14, 1, 1640893315, 1689123361, 1, 4, 1055534542, 1
3, 14, 14, 1, 1640893315, 1689123361, 1, 3, 371226304, 1
3, 14, 14, 1, 1640893315, 1689123361, 1, 2, 1, 1
3, 14, 14, 1, 1640893315, 1689123361, 1, 1, 1, 1
3, 14, 14, 1, 1640893315, 1689123361, 1, 0, 1, 0
3, 14, 14, 1, 1640893315, 1689123361, 0, 18, 4111657908, 1
3, 14, 14, 1, 1640893315, 1689123361, 0, 17, 4038257954, 1
3, 14, 14, 1, 1640893315, 1689123361, 0, 16, 3935906773, 1
3, 14, 14, 1, 1640893315, 1689123361, 0, 15, 3890715719, 1
3, 14, 14, 1, 1640893315, 1689123361, 0, 14, 3785805619, 1
3, 14, 14, 1, 1640893315, 1689123361, 0, 13, 3696139528, 1
3, 14, 14, 1, 1640893315, 1689123361, 0, 12, 3557529728, 1
3, 14, 14, 1, 1640893315, 1689123361, 0, 11, 3430808358, 1
3, 14, 14, 1, 1640893315, 1689123361, 0, 10, 3289261769, 1
3, 14, 14, 1, 1640893315, 1689123361, 0, 9, 3063257208, 1
3, 14, 14, 1, 1640893315, 1689123361, 0, 8, 2746751191, 1
3, 14, 14, 1, 1640893315, 1689123361, 0, 7, 2416732483, 1
3, 14, 14, 1, 1640893315, 1689123361, 0, 6, 2008656310, 1
3, 14, 14, 1, 1640893315, 1689123361, 0, 5, 1656157771, 1
3, 14, 14, 1, 1640893315, 1689123361, 0, 4, 1189214691, 1
3, 14, 14, 1, 1640893315, 1689123361, 0, 3, 513544177, 1
3, 14, 14, 1, 1640893315, 1689123361, 0, 2, 1, 1
3, 14, 14, 1, 1640893315, 1689123361, 0, 1, 1, 1
3, 15, 14, 1, 1689123362, 1712586613, 5, 18, 3356100815, 1
3, 15, 14, 1, 1689123362, 1712586613, 5, 17, 3293102566, 1
3, 15, 14, 1, 1689123362, 1712586613, 5, 16, 3213409081, 1
3, 15, 14, 1, 1689123362, 1712586613, 5, 15, 3136993004, 1
3, 15, 14, 1, 1689123362, 1712586613, 5, 14, 3040122150, 1
3, 15, 14, 1, 1689123362, 1712586613, 5, 13, 2933487035, 1
3, 15, 14, 1, 1689123362, 1712586613, 5, 12, 2803939897, 1
3, 15, 14, 1, 1689123362, 1712586613, 5, 11, 2650674914, 1
3, 15, 14, 1, 1689123362, 1712586613, 5, 10, 2470032263, 1
3, 15, 14, 1, 1689123362, 1712586613, 5, 9, 2252809525, 1
3, 15, 14, 1, 1689123362, 1712586613, 5, 8, 1997519149, 1
3, 15, 14, 1, 1689123362, 1712586613, 5, 7, 1668512364, 1
3, 15, 14, 1, 1689123362, 1712586613, 5, 6, 1270944095, 1
3, 15, 14, 1, 1689123362, 1712586613, 5, 5, 902152114, 1
3, 15, 14, 1, 1689123362, 1712586613, 5, 4, 562235017, 1
3, 15, 14, 1, 1689123362, 1712586613, 5, 3, 285350249, 1
3, 15, 14, 1, 1689123362, 1712586613, 5, 2, 58714854, 0
3, 15, 14, 1, 1689123362, 1712586613, 5, 1, 74899762, 0
3, 15, 14, 1, 1689123362, 1712586613, 5, 0, 95077418, 0
3, 15, 14, 1, 1689123362, 1712586613, 4, 18, 3363246608, 1
3, 15, 14, 1, 1689123362, 1712586613, 4, 17, 3294883560, 1
3, 15, 14, 1, 1689123362, 1712586613, 4, 16, 3215268773, 1
3, 15, 14, 1, 1689123362, 1712586613, 4, 15, 3140561878, 1
3, 15, 14, 1, 1689123362, 1712586613, 4, 14, 3040845035, 1
3, 15, 14, 1, 1689123362, 1712586613, 4, 13, 2934718175, 1
3, 15, 14, 1, 1689123362, 1712586613, 4, 12, 2805399731, 1
3, 15, 14, 1, 1689123362, 1712586613, 4, 11, 2651854011, 1
3, 15, 14, 1, 1689123362, 1712586613, 4, 10, 2470912046, 1
3, 15, 14, 1, 1689123362, 1712586613, 4, 9, 2252211586, 1
3, 15, 14, 1, 1689123362, 1712586613, 4, 8, 1985814000, 1
3, 15, 14, 1, 1689123362, 1712586613, 4, 7, 1653786648, 1
3, 15, 14, 1, 1689123362, 1712586613, 4, 6, 1254372113, 1
3, 15, 14, 1, 1689123362, 1712586613, 4, 5, 880587041, 1
3, 15, 14, 1, 1689123362, 1712586613, 4, 4, 533816685, 1
3, 15, 14, 1, 1689123362, 1712586613, 4, 3, 271588673, 1
3, 15, 14, 1, 1689123362, 1712586613, 4, 2, 37340388, 0
3, 15, 14, 1, 1689123362, 1712586613, 4, 1, 58085048, 0
3, 15, 14, 1, 1689123362, 1712586613, 4, 0, 87127572, 0
3, 15, 14, 1, 1689123362, 1712586613, 3, 18, 3374584419, 1
3, 15, 14, 1, 1689123362, 1712586613, 3, 17, 3307233460, 1
3, 15, 14, 1, 1689123362, 1712586613, 3, 16, 3227145778, 1
3, 15, 14, 1, 1689123362, 1712586613, 3, 15, 3156633577, 1
3, 15, 14, 1, 1689123362, 1712586613, 3, 14, 3056938333, 1
3, 15, 14, 1, 1689123362, 1712586613, 3, 13, 2943075676, 1
3, 15, 14, 1, 1689123362, 1712586613, 3, 12, 2814381641, 1
3, 15, 14, 1, 1689123362, 1712586613, 3, 11, 2660080886, 1
3, 15, 14, 1, 1689123362, 1712586613, 3, 10, 2479205642, 1
3, 15, 14, 1, 1689123362, 1712586613, 3, 9, 2262185840, 1
3, 15, 14, 1, 1689123362, 1712586613, 3, 8, 1996208182, 1
3, 15, 14, 1, 1689123362, 1712586613, 3, 7, 1661988065, 1
3, 15, 14, 1, 1689123362, 1712586613, 3, 6, 1254649391, 1
3, 15, 14, 1, 1689123362, 1712586613, 3, 5, 877637485, 1
3, 15, 14, 1, 1689123362, 1712586613, 3, 4, 526595956, 1
3, 15, 14, 1, 1689123362, 1712586613, 3, 3, 258946042, 1
3, 15, 14, 1, 1689123362, 1712586613, 3, 2, 15841377, 0
3, 15, 14, 1, 1689123362, 1712586613, 3, 1, 24893592, 0
3, 15, 14, 1, 1689123362, 1712586613, 3, 0, 58085048, 0
3, 15, 14, 1, 1689123362, 1712586613, 2, 18, 3375980050, 1
3, 15, 14, 1, 1689123362, 1712586613, 2, 17, 3309011106, 1
3, 15, 14, 1, 1689123362, 1712586613, 2, 16, 3229100022, 1
3, 15, 14, 1, 1689123362, 1712586613, 2, 15, 3164660000, 1
3, 15, 14, 1, 1689123362, 1712586613, 2, 14, 3064937495, 1
3, 15, 14, 1, 1689123362, 1712586613, 2, 13, 2952309263, 1
3, 15, 14, 1, 1689123362, 1712586613, 2, 12, 2826255517, 1
3, 15, 14, 1, 1689123362, 1712586613, 2, 11, 2671106666, 1
3, 15, 14, 1, 1689123362, 1712586613, 2, 10, 2488176189, 1
3, 15, 14, 1, 1689123362, 1712586613, 2, 9, 2268728163, 1
3, 15, 14, 1, 1689123362, 1712586613, 2, 8, 2003317964, 1
3, 15, 14, 1, 1689123362, 1712586613, 2, 7, 1664899315, 1
3, 15, 14, 1, 1689123362, 1712586613, 2, 6, 1263833521, 1
3, 15, 14, 1, 1689123362, 1712586613, 2, 5, 882856192, 1
3, 15, 14, 1, 1689123362, 1712586613, 2, 4, 526664358, 1
3, 15, 14, 1, 1689123362, 1712586613, 2, 3, 252950146, 1
3, 15, 14, 1, 1689123362, 1712586613, 2, 2, 1, 1
3, 15, 14, 1, 1689123362, 1712586613, 2, 1, 1, 1
3, 15, 14, 1, 1689123362, 1712586613, 2, 0, 1, 0
3, 15, 14, 1, 1689123362, 1712586613, 1, 18, 3407590780, 1
3, 15, 14, 1, 1689123362, 1712586613, 1, 17, 3340195058, 1
3, 15, 14, 1, 1689123362, 1712586613, 1, 16, 3262385564, 1
3, 15, 14, 1, 1689123362, 1712586613, 1, 15, 3210810807, 1
3, 15, 14, 1, 1689123362, 1712586613, 1, 14, 3112545278, 1
3, 15, 14, 1, 1689123362, 1712586613, 1, 13, 3002591084, 1
3, 15, 14, 1, 1689123362, 1712586613, 1, 12, 2881242686, 1
3, 15, 14, 1, 1689123362, 1712586613, 1, 11, 2729676454, 1
3, 15, 14, 1, 1689123362, 1712586613, 1, 10, 2550773059, 1
3, 15, 14, 1, 1689123362, 1712586613, 1, 9, 2333358323, 1
3, 15, 14, 1, 1689123362, 1712586613, 1, 8, 2070234762, 1
3, 15, 14, 1, 1689123362, 1712586613, 1, 7, 1733785942, 1
3, 15, 14, 1, 1689123362, 1712586613, 1, 6, 1296312493, 1
3, 15, 14, 1, 1689123362, 1712586613, 1, 5, 909609410, 1
3, 15, 14, 1, 1689123362, 1712586613, 1, 4, 546170445, 1
3, 15, 14, 1, 1689123362, 1712586613, 1, 3, 264995391, 1
3, 15, 14, 1, 1689123362, 1712586613, 1, 2, 1, 1
3, 15, 14, 1, 1689123362, 1712586613, 1, 1, 1, 1
3, 15, 14, 1, 1689123362, 1712586613, 1, 0, 1, 0
3, 15, 14, 1, 1689123362, 1712586613, 0, 18, 3482091187, 1
3, 15, 14, 1, 1689123362, 1712586613, 0, 17, 3415345629, 1
3, 15, 14, 1, 1689123362, 1712586613, 0, 16, 3341326079, 1
3, 15, 14, 1, 1689123362, 1712586613, 0, 15, 3330220738, 1
3, 15, 14, 1, 1689123362, 1712586613, 0, 14, 3237275055, 1
3, 15, 14, 1, 1689123362, 1712586613, 0, 13, 3131635986, 1
3, 15, 14, 1, 1689123362, 1712586613, 0, 12, 3006584857, 1
3, 15, 14, 1, 1689123362, 1712586613, 0, 11, 2861539681, 1
3, 15, 14, 1, 1689123362, 1712586613, 0, 10, 2682141331, 1
3, 15, 14, 1, 1689123362, 1712586613, 0, 9, 2474371085, 1
3, 15, 14, 1, 1689123362, 1712586613, 0, 8, 2204401606, 1
3, 15, 14, 1, 1689123362, 1712586613, 0, 7, 1859285145, 1
3, 15, 14, 1, 1689123362, 1712586613, 0, 6, 1404575734, 1
3, 15, 14, 1, 1689123362, 1712586613, 0, 5, 1000570351, 1
3, 15, 14, 1, 1689123362, 1712586613, 0, 4, 614441751, 1
3, 15, 14, 1, 1689123362, 1712586613, 0, 3, 309161290, 1
3, 15, 14, 1, 1689123362, 1712586613, 0, 2, 1, 1
3, 15, 14, 1, 1689123362, 1712586613, 0, 1, 1, 1
3, 16, 14, 1, 1712586614, 1753043203, 5, 18, 2746327904, 1
3, 16, 14, 1, 1712586614, 1753043203, 5, 17, 2704616196, 1
3, 16, 14, 1, 1712586614, 1753043203, 5, 16, 2648738347, 1
3, 16, 14, 1, 1712586614, 1753043203, 5, 15, 2599146196, 1
3, 16, 14, 1, 1712586614, 1753043203, 5, 14, 2532715978, 1
3, 16, 14, 1, 1712586614, 1753043203, 5, 13, 2460922555, 1
3, 16, 14, 1, 1712586614, 1753043203, 5, 12, 2371646982, 1
3, 16, 14, 1, 1712586614, 1753043203, 5, 11, 2265460026, 1
3, 16, 14, 1, 1712586614, 1753043203, 5, 10, 2140586731, 1
3, 16, 14, 1, 1712586614, 1753043203, 5, 9, 1990476268, 1
3, 16, 14, 1, 1712586614, 1753043203, 5, 8, 1817493399, 1
3, 16, 14, 1, 1712586614, 1753043203, 5, 7, 1591808804, 1
3, 16, 14, 1, 1712586614, 1753043203, 5, 6, 1327803366, 1
3, 16, 14, 1, 1712586614, 1753043203, 5, 5, 1138367186, 1
3, 16, 14, 1, 1712586614, 1753043203, 5, 4, 934563764, 1
3, 16, 14, 1, 1712586614, 1753043203, 5, 3, 647557502, 1
3, 16, 14, 1, 1712586614, 1753043203, 5, 2, 92320378, 0
3, 16, 14, 1, 1712586614, 1753043203, 5, 1, 91338174, 1
3, 16, 14, 1, 1712586614, 1753043203, 5, 0, 87998682, 0
3, 16, 14, 1, 1712586614, 1753043203, 4, 18, 2766134376, 1
3, 16, 14, 1, 1712586614, 1753043203, 4, 17, 2719809006, 1
3, 16, 14, 1, 1712586614, 1753043203, 4, 16, 2664855430, 1
3, 16, 14, 1, 1712586614, 1753043203, 4, 15, 2617931418, 1
3, 16, 14, 1, 1712586614, 1753043203, 4, 14, 2549751903, 1
3, 16, 14, 1, 1712586614, 1753043203, 4, 13, 2479732997, 1
3, 16, 14, 1, 1712586614, 1753043203, 4, 12, 2392164375, 1
3, 16, 14, 1, 1712586614, 1753043203, 4, 11, 2287444719, 1
3, 16, 14, 1, 1712586614, 1753043203, 4, 10, 2164370681, 1
3, 16, 14, 1, 1712586614, 1753043203, 4, 9, 2015347929, 1
3, 16, 14, 1, 1712586614, 1753043203, 4, 8, 1834463894, 1
3, 16, 14, 1, 1712586614, 1753043203, 4, 7, 1609876644, 1
3, 16, 14, 1, 1712586614, 1753043203, 4, 6, 1349502242, 1
3, 16, 14, 1, 1712586614, 1753043203, 4, 5, 1162702176, 1
3, 16, 14, 1, 1712586614, 1753043203, 4, 4, 938898441, 1
3, 16, 14, 1, 1712586614, 1753043203, 4, 3, 657368615, 1
3, 16, 14, 1, 1712586614, 1753043203, 4, 2, 97662735, 0
3, 16, 14, 1, 1712586614, 1753043203, 4, 1, 111635546, 1
3, 16, 14, 1, 1712586614, 1753043203, 4, 0, 109998353, 0
3, 16, 14, 1, 1712586614, 1753043203, 3, 18, 2806310595, 1
3, 16, 14, 1, 1712586614, 1753043203, 3, 17, 2762684092, 1
3, 16, 14, 1, 1712586614, 1753043203, 3, 16, 2709153636, 1
3, 16, 14, 1, 1712586614, 1753043203, 3, 15, 2668571007, 1
3, 16, 14, 1, 1712586614, 1753043203, 3, 14, 2602863583, 1
3, 16, 14, 1, 1712586614, 1753043203, 3, 13, 2527932428, 1
3, 16, 14, 1, 1712586614, 1753043203, 3, 12, 2444276797, 1
3, 16, 14, 1, 1712586614, 1753043203, 3, 11, 2342680558, 1
3, 16, 14, 1, 1712586614, 1753043203, 3, 10, 2224315321, 1
3, 16, 14, 1, 1712586614, 1753043203, 3, 9, 2082628091, 1
3, 16, 14, 1, 1712586614, 1753043203, 3, 8, 1909201879, 1
3, 16, 14, 1, 1712586614, 1753043203, 3, 7, 1691417453, 1
3, 16, 14, 1, 1712586614, 1753043203, 3, 6, 1435013934, 1
3, 16, 14, 1, 1712586614, 1753043203, 3, 5, 1261436366, 1
3, 16, 14, 1, 1712586614, 1753043203, 3, 4, 1020207250, 1
3, 16, 14, 1, 1712586614, 1753043203, 3, 3, 658751939, 1
3, 16, 14, 1, 1712586614, 1753043203, 3, 2, 84298626, 0
3, 16, 14, 1, 1712586614, 1753043203, 3, 1, 114650255, 0
3, 16, 14, 1, 1712586614, 1753043203, 3, 0, 146664470, 0
3, 16, 14, 1, 1712586614, 1753043203, 2, 18, 2823824242, 1
3, 16, 14, 1, 1712586614, 1753043203, 2, 17, 2781604001, 1
3, 16, 14, 1, 1712586614, 1753043203, 2, 16, 2729411465, 1
3, 16, 14, 1, 1712586614, 1753043203, 2, 15, 2696228529, 1
3, 16, 14, 1, 1712586614, 1753043203, 2, 14, 2632025439, 1
3, 16, 14, 1, 1712586614, 1753043203, 2, 13, 2560114587, 1
3, 16, 14, 1, 1712586614, 1753043203, 2, 12, 2481207280, 1
3, 16, 14, 1, 1712586614, 1753043203, 2, 11, 2381287114, 1
3, 16, 14, 1, 1712586614, 1753043203, 2, 10, 2263940702, 1
3, 16, 14, 1, 1712586614, 1753043203, 2, 9, 2123645857, 1
3, 16, 14, 1, 1712586614, 1753043203, 2, 8, 1955654957, 1
3, 16, 14, 1, 1712586614, 1753043203, 2, 7, 1740069339, 1
3, 16, 14, 1, 1712586614, 1753043203, 2, 6, 1498686483, 1
3, 16, 14, 1, 1712586614, 1753043203, 2, 5, 1333750778, 1
3, 16, 14, 1, 1712586614, 1753043203, 2, 4, 1042883314, 1
3, 16, 14, 1, 1712586614, 1753043203, 2, 3, 660338172, 1
3, 16, 14, 1, 1712586614, 1753043203, 2, 2, 60911434, 0
3, 16, 14, 1, 1712586614, 1753043203, 2, 1, 72511675, 1
3, 16, 14, 1, 1712586614, 1753043203, 2, 0, 118912640, 0
3, 16, 14, 1, 1712586614, 1753043203, 1, 18, 2844773090, 1
3, 16, 14, 1, 1712586614, 1753043203, 1, 17, 2801752523, 1
3, 16, 14, 1, 1712586614, 1753043203, 1, 16, 2751272748, 1
3, 16, 14, 1, 1712586614, 1753043203, 1, 15, 2730554127, 1
3, 16, 14, 1, 1712586614, 1753043203, 1, 14, 2667400750, 1
3, 16, 14, 1, 1712586614, 1753043203, 1, 13, 2597760510, 1
3, 16, 14, 1, 1712586614, 1753043203, 1, 12, 2523176299, 1
3, 16, 14, 1, 1712586614, 1753043203, 1, 11, 2426507155, 1
3, 16, 14, 1, 1712586614, 1753043203, 1, 10, 2312957436, 1
3, 16, 14, 1, 1712586614, 1753043203, 1, 9, 2174655046, 1
3, 16, 14, 1, 1712586614, 1753043203, 1, 8, 2009258500, 1
3, 16, 14, 1, 1712586614, 1753043203, 1, 7, 1796597232, 1
3, 16, 14, 1, 1712586614, 1753043203, 1, 6, 1520999813, 1
3, 16, 14, 1, 1712586614, 1753043203, 1, 5, 1355036771, 1
3, 16, 14, 1, 1712586614, 1753043203, 1, 4, 1070356744, 1
3, 16, 14, 1, 1712586614, 1753043203, 1, 3, 675428577, 1
3, 16, 14, 1, 1712586614, 1753043203, 1, 2, 49893238, 1
3, 16, 14, 1, 1712586614, 1753043203, 1, 1, 41577699, 1
3, 16, 14, 1, 1712586614, 1753043203, 1, 0, 1, 0
3, 16, 14, 1, 1712586614, 1753043203, 0, 18, 2920958540, 1
3, 16, 14, 1, 1712586614, 1753043203, 0, 17, 2879404174, 1
3, 16, 14, 1, 1712586614, 1753043203, 0, 16, 2833724714, 1
3, 16, 14, 1, 1712586614, 1753043203, 0, 15, 2854738141, 1
3, 16, 14, 1, 1712586614, 1753043203, 0, 14, 2798499624, 1
3, 16, 14, 1, 1712586614, 1753043203, 0, 13, 2735214975, 1
3, 16, 14, 1, 1712586614, 1753043203, 0, 12, 2659577338, 1
3, 16, 14, 1, 1712586614, 1753043203, 0, 11, 2572929924, 1
3, 16, 14, 1, 1712586614, 1753043203, 0, 10, 2463608889, 1
3, 16, 14, 1, 1712586614, 1753043203, 0, 9, 2341488694, 1
3, 16, 14, 1, 1712586614, 1753043203, 0, 8, 2178581780, 1
3, 16, 14, 1, 1712586614, 1753043203, 0, 7, 1971117186, 1
3, 16, 14, 1, 1712586614, 1753043203, 0, 6, 1699943600, 1
3, 16, 14, 1, 1712586614, 1753043203, 0, 5, 1552888370, 1
3, 16, 14, 1, 1712586614, 1753043203, 0, 4, 1232956617, 1
3, 16, 14, 1, 1712586614, 1753043203, 0, 3, 773824400, 1
3, 16, 14, 1, 1712586614, 1753043203, 0, 2, 62366548, 1
3, 16, 14, 1, 1712586614, 1753043203, 0, 1, 124733095, 1
