1,1.0,99874564.0,2055540948.8288126
2,99874565.0,139167953.0,3388033541.4280972
3,139167954.0,175354246.0,3136689377.988124
4,175354247.0,205248565.0,3281767020.7953095
5,205248566.0,278239265.0,3128759378.459428
6,278239266.0,303153386.0,3403097808.368816
7,303153387.0,420242325.0,3177537089.4363375
8,420242326.0,451138331.0,3898196148.1206846
9,451138332.0,520468816.0,3707267907.131834
10,520468817.0,563882725.0,3898669161.832013
11,563882726.0,674621820.0,3774195387.7394156
12,674621821.0,702974825.0,4007273525.6156616
13,702974826.0,736715599.0,3678667243.8136945
14,736715600.0,774919373.0,3865149514.0437307
15,774919374.0,855798354.0,3524705248.7474504
16,855798355.0,922623366.0,3834048996.513723
17,922623367.0,937419042.0,4026434799.077533
18,937419043.0,968787429.0,3250255760.8782654
19,968787430.0,1018672670.0,3134766682.5675907
20,1018672671.0,1106458353.0,3177271859.66773
21,1106458354.0,1138212539.0,3642544697.2461057
22,1138212540.0,1165506647.0,3283603078.0554347
23,1165506648.0,1205876150.0,3633306409.6913977
24,1205876151.0,1257424186.0,3176061760.8771873
25,1257424187.0,1280340599.0,3340168195.4176755
26,1280340600.0,1352280810.0,3670030204.720896
27,1352280811.0,1365627042.0,3972344970.399744
28,1365627043.0,1420768090.0,3724324714.5346212
29,1420768091.0,1440202615.0,3661614128.5977445
30,1440202616.0,1481189573.0,3797733361.548402
31,1481189574.0,1546164673.0,3676325351.0406284
32,1546164674.0,1600602016.0,3556368850.282247
33,1600602017.0,1683538310.0,3687084309.0528755
34,1683538311.0,1732355730.0,3799449535.5449996
35,1732355731.0,1751020724.0,3599735173.3832335
36,1751020725.0,1787820677.0,3410655368.711448
37,1787820678.0,1811430220.0,3603399991.091374
38,1811430221.0,1927788536.0,3960820874.2167
39,1927788537.0,1965749320.0,3495806414.99581
40,1965749321.0,2152259873.0,3722293278.09877
41,2152259874.0,2196025834.0,3415474040.322228
