3, 1, 14, 2, 1, 133928553, 5, 17, 1192742345, 1
3, 1, 14, 2, 1, 133928553, 5, 16, 1185322470, 1
3, 1, 14, 2, 1, 133928553, 5, 15, 1177093810, 1
3, 1, 14, 2, 1, 133928553, 5, 14, 1165398909, 1
3, 1, 14, 2, 1, 133928553, 5, 13, 1149363271, 1
3, 1, 14, 2, 1, 133928553, 5, 12, 1134134107, 1
3, 1, 14, 2, 1, 133928553, 5, 11, 1110633542, 1
3, 1, 14, 2, 1, 133928553, 5, 10, 1083314237, 1
3, 1, 14, 2, 1, 133928553, 5, 9, 1056126071, 1
3, 1, 14, 2, 1, 133928553, 5, 8, 1028418376, 1
3, 1, 14, 2, 1, 133928553, 5, 7, 996836827, 1
3, 1, 14, 2, 1, 133928553, 5, 6, 938666839, 1
3, 1, 14, 2, 1, 133928553, 5, 5, 876782250, 1
3, 1, 14, 2, 1, 133928553, 5, 4, 755792459, 1
3, 1, 14, 2, 1, 133928553, 5, 3, 594406963, 1
3, 1, 14, 2, 1, 133928553, 5, 2, 355577908, 1
3, 1, 14, 2, 1, 133928553, 5, 1, 40957234, 0
3, 1, 14, 2, 1, 133928553, 5, 0, 60070610, 0
3, 1, 14, 2, 1, 133928553, 4, 17, 1190897220, 1
3, 1, 14, 2, 1, 133928553, 4, 16, 1185640102, 1
3, 1, 14, 2, 1, 133928553, 4, 15, 1178870162, 1
3, 1, 14, 2, 1, 133928553, 4, 14, 1164975452, 1
3, 1, 14, 2, 1, 133928553, 4, 13, 1150057803, 1
3, 1, 14, 2, 1, 133928553, 4, 12, 1136884588, 1
3, 1, 14, 2, 1, 133928553, 4, 11, 1116062907, 1
3, 1, 14, 2, 1, 133928553, 4, 10, 1085460989, 1
3, 1, 14, 2, 1, 133928553, 4, 9, 1056594903, 1
3, 1, 14, 2, 1, 133928553, 4, 8, 1028334822, 1
3, 1, 14, 2, 1, 133928553, 4, 7, 996377361, 1
3, 1, 14, 2, 1, 133928553, 4, 6, 935911780, 1
3, 1, 14, 2, 1, 133928553, 4, 5, 877762497, 1
3, 1, 14, 2, 1, 133928553, 4, 4, 742414691, 1
3, 1, 14, 2, 1, 133928553, 4, 3, 582905978, 1
3, 1, 14, 2, 1, 133928553, 4, 2, 343214253, 1
3, 1, 14, 2, 1, 133928553, 4, 1, 16686281, 0
3, 1, 14, 2, 1, 133928553, 4, 0, 37544131, 0
3, 1, 14, 2, 1, 133928553, 3, 17, 1181373632, 1
3, 1, 14, 2, 1, 133928553, 3, 16, 1179210026, 1
3, 1, 14, 2, 1, 133928553, 3, 15, 1173527878, 1
3, 1, 14, 2, 1, 133928553, 3, 14, 1161457674, 1
3, 1, 14, 2, 1, 133928553, 3, 13, 1147767114, 1
3, 1, 14, 2, 1, 133928553, 3, 12, 1141631566, 1
3, 1, 14, 2, 1, 133928553, 3, 11, 1119030010, 1
3, 1, 14, 2, 1, 133928553, 3, 10, 1085793164, 1
3, 1, 14, 2, 1, 133928553, 3, 9, 1060426604, 1
3, 1, 14, 2, 1, 133928553, 3, 8, 1036562991, 1
3, 1, 14, 2, 1, 133928553, 3, 7, 1001022777, 1
3, 1, 14, 2, 1, 133928553, 3, 6, 942307861, 1
3, 1, 14, 2, 1, 133928553, 3, 5, 886148464, 1
3, 1, 14, 2, 1, 133928553, 3, 4, 754650869, 1
3, 1, 14, 2, 1, 133928553, 3, 3, 583179364, 1
3, 1, 14, 2, 1, 133928553, 3, 2, 337759197, 1
3, 1, 14, 2, 1, 133928553, 3, 1, 1, 1
3, 1, 14, 2, 1, 133928553, 3, 0, 1, 0
3, 1, 14, 2, 1, 133928553, 2, 17, 1205800981, 1
3, 1, 14, 2, 1, 133928553, 2, 16, 1200951654, 1
3, 1, 14, 2, 1, 133928553, 2, 15, 1193796239, 1
3, 1, 14, 2, 1, 133928553, 2, 14, 1184950364, 1
3, 1, 14, 2, 1, 133928553, 2, 13, 1174560797, 1
3, 1, 14, 2, 1, 133928553, 2, 12, 1168258332, 1
3, 1, 14, 2, 1, 133928553, 2, 11, 1141608771, 1
3, 1, 14, 2, 1, 133928553, 2, 10, 1113078837, 1
3, 1, 14, 2, 1, 133928553, 2, 9, 1084772039, 1
3, 1, 14, 2, 1, 133928553, 2, 8, 1058264956, 1
3, 1, 14, 2, 1, 133928553, 2, 7, 1026402922, 1
3, 1, 14, 2, 1, 133928553, 2, 6, 969186617, 1
3, 1, 14, 2, 1, 133928553, 2, 5, 909519200, 1
3, 1, 14, 2, 1, 133928553, 2, 4, 767013837, 1
3, 1, 14, 2, 1, 133928553, 2, 3, 600330582, 1
3, 1, 14, 2, 1, 133928553, 2, 2, 346984915, 1
3, 1, 14, 2, 1, 133928553, 2, 1, 1, 1
3, 1, 14, 2, 1, 133928553, 2, 0, 1, 0
3, 1, 14, 2, 1, 133928553, 1, 17, 1245365456, 1
3, 1, 14, 2, 1, 133928553, 1, 16, 1240622959, 1
3, 1, 14, 2, 1, 133928553, 1, 15, 1229911943, 1
3, 1, 14, 2, 1, 133928553, 1, 14, 1226931293, 1
3, 1, 14, 2, 1, 133928553, 1, 13, 1216474482, 1
3, 1, 14, 2, 1, 133928553, 1, 12, 1203534830, 1
3, 1, 14, 2, 1, 133928553, 1, 11, 1176613291, 1
3, 1, 14, 2, 1, 133928553, 1, 10, 1154219890, 1
3, 1, 14, 2, 1, 133928553, 1, 9, 1131301729, 1
3, 1, 14, 2, 1, 133928553, 1, 8, 1114343439, 1
3, 1, 14, 2, 1, 133928553, 1, 7, 1082564629, 1
3, 1, 14, 2, 1, 133928553, 1, 6, 1017951460, 1
3, 1, 14, 2, 1, 133928553, 1, 5, 955934197, 1
3, 1, 14, 2, 1, 133928553, 1, 4, 803303440, 1
3, 1, 14, 2, 1, 133928553, 1, 3, 604877092, 1
3, 1, 14, 2, 1, 133928553, 1, 2, 367281495, 1
3, 1, 14, 2, 1, 133928553, 1, 1, 1, 1
3, 1, 14, 2, 1, 133928553, 1, 0, 1, 0
3, 1, 14, 2, 1, 133928553, 0, 17, 1287394312, 1
3, 1, 14, 2, 1, 133928553, 0, 16, 1281022993, 1
3, 1, 14, 2, 1, 133928553, 0, 15, 1278227281, 1
3, 1, 14, 2, 1, 133928553, 0, 14, 1273716763, 1
3, 1, 14, 2, 1, 133928553, 0, 13, 1251314478, 1
3, 1, 14, 2, 1, 133928553, 0, 12, 1251574745, 1
3, 1, 14, 2, 1, 133928553, 0, 11, 1232161842, 1
3, 1, 14, 2, 1, 133928553, 0, 10, 1205296815, 1
3, 1, 14, 2, 1, 133928553, 0, 9, 1179034516, 1
3, 1, 14, 2, 1, 133928553, 0, 8, 1179417906, 1
3, 1, 14, 2, 1, 133928553, 0, 7, 1138417637, 1
3, 1, 14, 2, 1, 133928553, 0, 6, 1082604464, 1
3, 1, 14, 2, 1, 133928553, 0, 5, 1052964320, 1
3, 1, 14, 2, 1, 133928553, 0, 4, 905087460, 1
3, 1, 14, 2, 1, 133928553, 0, 3, 732152898, 1
3, 1, 14, 2, 1, 133928553, 0, 2, 469735923, 1
3, 1, 14, 2, 1, 133928553, 0, 1, 1, 1
3, 2, 14, 2, 133928554, 154737790, 5, 17, 3890371410, 1
3, 2, 14, 2, 133928554, 154737790, 5, 16, 3820192029, 1
3, 2, 14, 2, 133928554, 154737790, 5, 15, 3745416040, 1
3, 2, 14, 2, 133928554, 154737790, 5, 14, 3663177463, 1
3, 2, 14, 2, 133928554, 154737790, 5, 13, 3565946209, 1
3, 2, 14, 2, 133928554, 154737790, 5, 12, 3454622602, 1
3, 2, 14, 2, 133928554, 154737790, 5, 11, 3321398310, 1
3, 2, 14, 2, 133928554, 154737790, 5, 10, 3176421971, 1
3, 2, 14, 2, 133928554, 154737790, 5, 9, 2994512025, 1
3, 2, 14, 2, 133928554, 154737790, 5, 8, 2774141111, 1
3, 2, 14, 2, 133928554, 154737790, 5, 7, 2490932414, 1
3, 2, 14, 2, 133928554, 154737790, 5, 6, 2119339508, 1
3, 2, 14, 2, 133928554, 154737790, 5, 5, 1630900410, 1
3, 2, 14, 2, 133928554, 154737790, 5, 4, 1153815564, 1
3, 2, 14, 2, 133928554, 154737790, 5, 3, 739377667, 1
3, 2, 14, 2, 133928554, 154737790, 5, 2, 379115414, 1
3, 2, 14, 2, 133928554, 154737790, 5, 1, 45374513, 0
3, 2, 14, 2, 133928554, 154737790, 5, 0, 59633521, 0
3, 2, 14, 2, 133928554, 154737790, 4, 17, 3886002215, 1
3, 2, 14, 2, 133928554, 154737790, 4, 16, 3816935632, 1
3, 2, 14, 2, 133928554, 154737790, 4, 15, 3743713013, 1
3, 2, 14, 2, 133928554, 154737790, 4, 14, 3662749664, 1
3, 2, 14, 2, 133928554, 154737790, 4, 13, 3565789605, 1
3, 2, 14, 2, 133928554, 154737790, 4, 12, 3455168783, 1
3, 2, 14, 2, 133928554, 154737790, 4, 11, 3321288947, 1
3, 2, 14, 2, 133928554, 154737790, 4, 10, 3174506624, 1
3, 2, 14, 2, 133928554, 154737790, 4, 9, 2988802057, 1
3, 2, 14, 2, 133928554, 154737790, 4, 8, 2764175726, 1
3, 2, 14, 2, 133928554, 154737790, 4, 7, 2474031749, 1
3, 2, 14, 2, 133928554, 154737790, 4, 6, 2100892709, 1
3, 2, 14, 2, 133928554, 154737790, 4, 5, 1609777314, 1
3, 2, 14, 2, 133928554, 154737790, 4, 4, 1126619083, 1
3, 2, 14, 2, 133928554, 154737790, 4, 3, 701388797, 1
3, 2, 14, 2, 133928554, 154737790, 4, 2, 363241587, 1
3, 2, 14, 2, 133928554, 154737790, 4, 1, 22328005, 0
3, 2, 14, 2, 133928554, 154737790, 4, 0, 50238011, 0
3, 2, 14, 2, 133928554, 154737790, 3, 17, 3919543781, 1
3, 2, 14, 2, 133928554, 154737790, 3, 16, 3853606698, 1
3, 2, 14, 2, 133928554, 154737790, 3, 15, 3783879805, 1
3, 2, 14, 2, 133928554, 154737790, 3, 14, 3701082821, 1
3, 2, 14, 2, 133928554, 154737790, 3, 13, 3602655741, 1
3, 2, 14, 2, 133928554, 154737790, 3, 12, 3490657979, 1
3, 2, 14, 2, 133928554, 154737790, 3, 11, 3353935626, 1
3, 2, 14, 2, 133928554, 154737790, 3, 10, 3203342192, 1
3, 2, 14, 2, 133928554, 154737790, 3, 9, 3015149208, 1
3, 2, 14, 2, 133928554, 154737790, 3, 8, 2788068913, 1
3, 2, 14, 2, 133928554, 154737790, 3, 7, 2489018937, 1
3, 2, 14, 2, 133928554, 154737790, 3, 6, 2111061131, 1
3, 2, 14, 2, 133928554, 154737790, 3, 5, 1617443589, 1
3, 2, 14, 2, 133928554, 154737790, 3, 4, 1133299857, 1
3, 2, 14, 2, 133928554, 154737790, 3, 3, 704181374, 1
3, 2, 14, 2, 133928554, 154737790, 3, 2, 360901516, 1
3, 2, 14, 2, 133928554, 154737790, 3, 1, 1, 1
3, 2, 14, 2, 133928554, 154737790, 3, 0, 1, 0
3, 2, 14, 2, 133928554, 154737790, 2, 17, 3939793206, 1
3, 2, 14, 2, 133928554, 154737790, 2, 16, 3875966516, 1
3, 2, 14, 2, 133928554, 154737790, 2, 15, 3804722713, 1
3, 2, 14, 2, 133928554, 154737790, 2, 14, 3722073885, 1
3, 2, 14, 2, 133928554, 154737790, 2, 13, 3624432589, 1
3, 2, 14, 2, 133928554, 154737790, 2, 12, 3513786953, 1
3, 2, 14, 2, 133928554, 154737790, 2, 11, 3378396156, 1
3, 2, 14, 2, 133928554, 154737790, 2, 10, 3226894853, 1
3, 2, 14, 2, 133928554, 154737790, 2, 9, 3040500079, 1
3, 2, 14, 2, 133928554, 154737790, 2, 8, 2815869146, 1
3, 2, 14, 2, 133928554, 154737790, 2, 7, 2515521945, 1
3, 2, 14, 2, 133928554, 154737790, 2, 6, 2136807616, 1
3, 2, 14, 2, 133928554, 154737790, 2, 5, 1640474490, 1
3, 2, 14, 2, 133928554, 154737790, 2, 4, 1156838568, 1
3, 2, 14, 2, 133928554, 154737790, 2, 3, 724387040, 1
3, 2, 14, 2, 133928554, 154737790, 2, 2, 377956810, 1
3, 2, 14, 2, 133928554, 154737790, 2, 1, 1, 1
3, 2, 14, 2, 133928554, 154737790, 2, 0, 1, 0
3, 2, 14, 2, 133928554, 154737790, 1, 17, 3977146660, 1
3, 2, 14, 2, 133928554, 154737790, 1, 16, 3914727388, 1
3, 2, 14, 2, 133928554, 154737790, 1, 15, 3845664056, 1
3, 2, 14, 2, 133928554, 154737790, 1, 14, 3760648225, 1
3, 2, 14, 2, 133928554, 154737790, 1, 13, 3664537469, 1
3, 2, 14, 2, 133928554, 154737790, 1, 12, 3556820919, 1
3, 2, 14, 2, 133928554, 154737790, 1, 11, 3426570647, 1
3, 2, 14, 2, 133928554, 154737790, 1, 10, 3278278051, 1
3, 2, 14, 2, 133928554, 154737790, 1, 9, 3100018562, 1
3, 2, 14, 2, 133928554, 154737790, 1, 8, 2875563559, 1
3, 2, 14, 2, 133928554, 154737790, 1, 7, 2573380631, 1
3, 2, 14, 2, 133928554, 154737790, 1, 6, 2186794840, 1
3, 2, 14, 2, 133928554, 154737790, 1, 5, 1684509902, 1
3, 2, 14, 2, 133928554, 154737790, 1, 4, 1201495712, 1
3, 2, 14, 2, 133928554, 154737790, 1, 3, 761210439, 1
3, 2, 14, 2, 133928554, 154737790, 1, 2, 406414220, 1
3, 2, 14, 2, 133928554, 154737790, 1, 1, 1, 1
3, 2, 14, 2, 133928554, 154737790, 1, 0, 1, 0
3, 2, 14, 2, 133928554, 154737790, 0, 17, 4087018588, 1
3, 2, 14, 2, 133928554, 154737790, 0, 16, 4023429988, 1
3, 2, 14, 2, 133928554, 154737790, 0, 15, 3960704513, 1
3, 2, 14, 2, 133928554, 154737790, 0, 14, 3880601368, 1
3, 2, 14, 2, 133928554, 154737790, 0, 13, 3798396792, 1
3, 2, 14, 2, 133928554, 154737790, 0, 12, 3688933124, 1
3, 2, 14, 2, 133928554, 154737790, 0, 11, 3565381038, 1
3, 2, 14, 2, 133928554, 154737790, 0, 10, 3436717571, 1
3, 2, 14, 2, 133928554, 154737790, 0, 9, 3248537810, 1
3, 2, 14, 2, 133928554, 154737790, 0, 8, 3037593458, 1
3, 2, 14, 2, 133928554, 154737790, 0, 7, 2739188217, 1
3, 2, 14, 2, 133928554, 154737790, 0, 6, 2344903763, 1
3, 2, 14, 2, 133928554, 154737790, 0, 5, 1824012116, 1
3, 2, 14, 2, 133928554, 154737790, 0, 4, 1345022985, 1
3, 2, 14, 2, 133928554, 154737790, 0, 3, 879199256, 1
3, 2, 14, 2, 133928554, 154737790, 0, 2, 494698392, 1
3, 2, 14, 2, 133928554, 154737790, 0, 1, 1, 1
3, 3, 14, 2, 154737791, 204624810, 5, 17, 4385852352, 1
3, 3, 14, 2, 154737791, 204624810, 5, 16, 4306524548, 1
3, 3, 14, 2, 154737791, 204624810, 5, 15, 4216672762, 1
3, 3, 14, 2, 154737791, 204624810, 5, 14, 4113109986, 1
3, 3, 14, 2, 154737791, 204624810, 5, 13, 4007330093, 1
3, 3, 14, 2, 154737791, 204624810, 5, 12, 3881003931, 1
3, 3, 14, 2, 154737791, 204624810, 5, 11, 3736377153, 1
3, 3, 14, 2, 154737791, 204624810, 5, 10, 3594778091, 1
3, 3, 14, 2, 154737791, 204624810, 5, 9, 3414452824, 1
3, 3, 14, 2, 154737791, 204624810, 5, 8, 3192503882, 1
3, 3, 14, 2, 154737791, 204624810, 5, 7, 2918180865, 1
3, 3, 14, 2, 154737791, 204624810, 5, 6, 2549429500, 1
3, 3, 14, 2, 154737791, 204624810, 5, 5, 2083559559, 1
3, 3, 14, 2, 154737791, 204624810, 5, 4, 1424540718, 1
3, 3, 14, 2, 154737791, 204624810, 5, 3, 803599050, 1
3, 3, 14, 2, 154737791, 204624810, 5, 2, 405138683, 1
3, 3, 14, 2, 154737791, 204624810, 5, 1, 38424455, 0
3, 3, 14, 2, 154737791, 204624810, 5, 0, 58123407, 0
3, 3, 14, 2, 154737791, 204624810, 4, 17, 4414877682, 1
3, 3, 14, 2, 154737791, 204624810, 4, 16, 4337839410, 1
3, 3, 14, 2, 154737791, 204624810, 4, 15, 4249906815, 1
3, 3, 14, 2, 154737791, 204624810, 4, 14, 4148867556, 1
3, 3, 14, 2, 154737791, 204624810, 4, 13, 4049580201, 1
3, 3, 14, 2, 154737791, 204624810, 4, 12, 3915102647, 1
3, 3, 14, 2, 154737791, 204624810, 4, 11, 3775100229, 1
3, 3, 14, 2, 154737791, 204624810, 4, 10, 3625647742, 1
3, 3, 14, 2, 154737791, 204624810, 4, 9, 3433742556, 1
3, 3, 14, 2, 154737791, 204624810, 4, 8, 3197264564, 1
3, 3, 14, 2, 154737791, 204624810, 4, 7, 2905325698, 1
3, 3, 14, 2, 154737791, 204624810, 4, 6, 2537302060, 1
3, 3, 14, 2, 154737791, 204624810, 4, 5, 2087128272, 1
3, 3, 14, 2, 154737791, 204624810, 4, 4, 1441337362, 1
3, 3, 14, 2, 154737791, 204624810, 4, 3, 773388851, 1
3, 3, 14, 2, 154737791, 204624810, 4, 2, 394093145, 1
3, 3, 14, 2, 154737791, 204624810, 4, 1, 14672442, 0
3, 3, 14, 2, 154737791, 204624810, 4, 0, 33012994, 0
3, 3, 14, 2, 154737791, 204624810, 3, 17, 4490904224, 1
3, 3, 14, 2, 154737791, 204624810, 3, 16, 4417615247, 1
3, 3, 14, 2, 154737791, 204624810, 3, 15, 4334312119, 1
3, 3, 14, 2, 154737791, 204624810, 3, 14, 4239657774, 1
3, 3, 14, 2, 154737791, 204624810, 3, 13, 4133436390, 1
3, 3, 14, 2, 154737791, 204624810, 3, 12, 4005573983, 1
3, 3, 14, 2, 154737791, 204624810, 3, 11, 3856233517, 1
3, 3, 14, 2, 154737791, 204624810, 3, 10, 3697053635, 1
3, 3, 14, 2, 154737791, 204624810, 3, 9, 3490204615, 1
3, 3, 14, 2, 154737791, 204624810, 3, 8, 3237088231, 1
3, 3, 14, 2, 154737791, 204624810, 3, 7, 2925161356, 1
3, 3, 14, 2, 154737791, 204624810, 3, 6, 2537430441, 1
3, 3, 14, 2, 154737791, 204624810, 3, 5, 2120160301, 1
3, 3, 14, 2, 154737791, 204624810, 3, 4, 1459740501, 1
3, 3, 14, 2, 154737791, 204624810, 3, 3, 775557258, 1
3, 3, 14, 2, 154737791, 204624810, 3, 2, 391437772, 1
3, 3, 14, 2, 154737791, 204624810, 3, 1, 1, 1
3, 3, 14, 2, 154737791, 204624810, 3, 0, 1, 0
3, 3, 14, 2, 154737791, 204624810, 2, 17, 4526750451, 1
3, 3, 14, 2, 154737791, 204624810, 2, 16, 4456661059, 1
3, 3, 14, 2, 154737791, 204624810, 2, 15, 4365707475, 1
3, 3, 14, 2, 154737791, 204624810, 2, 14, 4271364260, 1
3, 3, 14, 2, 154737791, 204624810, 2, 13, 4166870227, 1
3, 3, 14, 2, 154737791, 204624810, 2, 12, 4039970082, 1
3, 3, 14, 2, 154737791, 204624810, 2, 11, 3894235944, 1
3, 3, 14, 2, 154737791, 204624810, 2, 10, 3741457760, 1
3, 3, 14, 2, 154737791, 204624810, 2, 9, 3529489308, 1
3, 3, 14, 2, 154737791, 204624810, 2, 8, 3280383462, 1
3, 3, 14, 2, 154737791, 204624810, 2, 7, 2980984061, 1
3, 3, 14, 2, 154737791, 204624810, 2, 6, 2595695159, 1
3, 3, 14, 2, 154737791, 204624810, 2, 5, 2182570701, 1
3, 3, 14, 2, 154737791, 204624810, 2, 4, 1564174139, 1
3, 3, 14, 2, 154737791, 204624810, 2, 3, 793447405, 1
3, 3, 14, 2, 154737791, 204624810, 2, 2, 403297368, 1
3, 3, 14, 2, 154737791, 204624810, 2, 1, 1, 1
3, 3, 14, 2, 154737791, 204624810, 2, 0, 1, 0
3, 3, 14, 2, 154737791, 204624810, 1, 17, 4585874134, 1
3, 3, 14, 2, 154737791, 204624810, 1, 16, 4521226765, 1
3, 3, 14, 2, 154737791, 204624810, 1, 15, 4430638790, 1
3, 3, 14, 2, 154737791, 204624810, 1, 14, 4339930979, 1
3, 3, 14, 2, 154737791, 204624810, 1, 13, 4237904191, 1
3, 3, 14, 2, 154737791, 204624810, 1, 12, 4119997643, 1
3, 3, 14, 2, 154737791, 204624810, 1, 11, 3978232767, 1
3, 3, 14, 2, 154737791, 204624810, 1, 10, 3845428687, 1
3, 3, 14, 2, 154737791, 204624810, 1, 9, 3636592852, 1
3, 3, 14, 2, 154737791, 204624810, 1, 8, 3395514985, 1
3, 3, 14, 2, 154737791, 204624810, 1, 7, 3073645981, 1
3, 3, 14, 2, 154737791, 204624810, 1, 6, 2652173958, 1
3, 3, 14, 2, 154737791, 204624810, 1, 5, 2236799450, 1
3, 3, 14, 2, 154737791, 204624810, 1, 4, 1673329481, 1
3, 3, 14, 2, 154737791, 204624810, 1, 3, 831783433, 1
3, 3, 14, 2, 154737791, 204624810, 1, 2, 429388477, 1
3, 3, 14, 2, 154737791, 204624810, 1, 1, 1, 1
3, 3, 14, 2, 154737791, 204624810, 1, 0, 1, 0
3, 3, 14, 2, 154737791, 204624810, 0, 17, 4580106035, 1
3, 3, 14, 2, 154737791, 204624810, 0, 16, 4525423475, 1
3, 3, 14, 2, 154737791, 204624810, 0, 15, 4433459538, 1
3, 3, 14, 2, 154737791, 204624810, 0, 14, 4334990433, 1
3, 3, 14, 2, 154737791, 204624810, 0, 13, 4223169958, 1
3, 3, 14, 2, 154737791, 204624810, 0, 12, 4098111532, 1
3, 3, 14, 2, 154737791, 204624810, 0, 11, 3951824062, 1
3, 3, 14, 2, 154737791, 204624810, 0, 10, 3841637822, 1
3, 3, 14, 2, 154737791, 204624810, 0, 9, 3617151095, 1
3, 3, 14, 2, 154737791, 204624810, 0, 8, 3370959789, 1
3, 3, 14, 2, 154737791, 204624810, 0, 7, 3026878168, 1
3, 3, 14, 2, 154737791, 204624810, 0, 6, 2550464380, 1
3, 3, 14, 2, 154737791, 204624810, 0, 5, 2073210506, 1
3, 3, 14, 2, 154737791, 204624810, 0, 4, 1652964544, 1
3, 3, 14, 2, 154737791, 204624810, 0, 3, 976325777, 1
3, 3, 14, 2, 154737791, 204624810, 0, 2, 539718278, 1
3, 3, 14, 2, 154737791, 204624810, 0, 1, 1, 1
3, 4, 14, 2, 204624811, 221995325, 5, 17, 4118165077, 1
3, 4, 14, 2, 204624811, 221995325, 5, 16, 4028995831, 1
3, 4, 14, 2, 204624811, 221995325, 5, 15, 3937370975, 1
3, 4, 14, 2, 204624811, 221995325, 5, 14, 3821045738, 1
3, 4, 14, 2, 204624811, 221995325, 5, 13, 3709734449, 1
3, 4, 14, 2, 204624811, 221995325, 5, 12, 3591576681, 1
3, 4, 14, 2, 204624811, 221995325, 5, 11, 3431842434, 1
3, 4, 14, 2, 204624811, 221995325, 5, 10, 3269162719, 1
3, 4, 14, 2, 204624811, 221995325, 5, 9, 3066099244, 1
3, 4, 14, 2, 204624811, 221995325, 5, 8, 2814799932, 1
3, 4, 14, 2, 204624811, 221995325, 5, 7, 2505283602, 1
3, 4, 14, 2, 204624811, 221995325, 5, 6, 2108298238, 1
3, 4, 14, 2, 204624811, 221995325, 5, 5, 1622292515, 1
3, 4, 14, 2, 204624811, 221995325, 5, 4, 1171825060, 1
3, 4, 14, 2, 204624811, 221995325, 5, 3, 744028754, 1
3, 4, 14, 2, 204624811, 221995325, 5, 2, 363321093, 1
3, 4, 14, 2, 204624811, 221995325, 5, 1, 29446176, 0
3, 4, 14, 2, 204624811, 221995325, 5, 0, 46686889, 0
3, 4, 14, 2, 204624811, 221995325, 4, 17, 4132979765, 1
3, 4, 14, 2, 204624811, 221995325, 4, 16, 4045234652, 1
3, 4, 14, 2, 204624811, 221995325, 4, 15, 3956437297, 1
3, 4, 14, 2, 204624811, 221995325, 4, 14, 3841486971, 1
3, 4, 14, 2, 204624811, 221995325, 4, 13, 3737190250, 1
3, 4, 14, 2, 204624811, 221995325, 4, 12, 3614440312, 1
3, 4, 14, 2, 204624811, 221995325, 4, 11, 3458481937, 1
3, 4, 14, 2, 204624811, 221995325, 4, 10, 3287722736, 1
3, 4, 14, 2, 204624811, 221995325, 4, 9, 3071745917, 1
3, 4, 14, 2, 204624811, 221995325, 4, 8, 2805725465, 1
3, 4, 14, 2, 204624811, 221995325, 4, 7, 2476669150, 1
3, 4, 14, 2, 204624811, 221995325, 4, 6, 2081424449, 1
3, 4, 14, 2, 204624811, 221995325, 4, 5, 1606719913, 1
3, 4, 14, 2, 204624811, 221995325, 4, 4, 1151108091, 1
3, 4, 14, 2, 204624811, 221995325, 4, 3, 715026313, 1
3, 4, 14, 2, 204624811, 221995325, 4, 2, 354686469, 1
3, 4, 14, 2, 204624811, 221995325, 4, 1, 10052610, 0
3, 4, 14, 2, 204624811, 221995325, 4, 0, 22618372, 0
3, 4, 14, 2, 204624811, 221995325, 3, 17, 4215326809, 1
3, 4, 14, 2, 204624811, 221995325, 3, 16, 4131676373, 1
3, 4, 14, 2, 204624811, 221995325, 3, 15, 4050737201, 1
3, 4, 14, 2, 204624811, 221995325, 3, 14, 3942550755, 1
3, 4, 14, 2, 204624811, 221995325, 3, 13, 3834525836, 1
3, 4, 14, 2, 204624811, 221995325, 3, 12, 3706849193, 1
3, 4, 14, 2, 204624811, 221995325, 3, 11, 3541870176, 1
3, 4, 14, 2, 204624811, 221995325, 3, 10, 3362937704, 1
3, 4, 14, 2, 204624811, 221995325, 3, 9, 3132284280, 1
3, 4, 14, 2, 204624811, 221995325, 3, 8, 2849922486, 1
3, 4, 14, 2, 204624811, 221995325, 3, 7, 2501202997, 1
3, 4, 14, 2, 204624811, 221995325, 3, 6, 2091987276, 1
3, 4, 14, 2, 204624811, 221995325, 3, 5, 1614991888, 1
3, 4, 14, 2, 204624811, 221995325, 3, 4, 1158187268, 1
3, 4, 14, 2, 204624811, 221995325, 3, 3, 719575668, 1
3, 4, 14, 2, 204624811, 221995325, 3, 2, 354338502, 1
3, 4, 14, 2, 204624811, 221995325, 3, 1, 1, 1
3, 4, 14, 2, 204624811, 221995325, 3, 0, 1, 0
3, 4, 14, 2, 204624811, 221995325, 2, 17, 4224083919, 1
3, 4, 14, 2, 204624811, 221995325, 2, 16, 4141955915, 1
3, 4, 14, 2, 204624811, 221995325, 2, 15, 4056247997, 1
3, 4, 14, 2, 204624811, 221995325, 2, 14, 3946120788, 1
3, 4, 14, 2, 204624811, 221995325, 2, 13, 3841906761, 1
3, 4, 14, 2, 204624811, 221995325, 2, 12, 3718380373, 1
3, 4, 14, 2, 204624811, 221995325, 2, 11, 3555306098, 1
3, 4, 14, 2, 204624811, 221995325, 2, 10, 3380317896, 1
3, 4, 14, 2, 204624811, 221995325, 2, 9, 3141544250, 1
3, 4, 14, 2, 204624811, 221995325, 2, 8, 2859447397, 1
3, 4, 14, 2, 204624811, 221995325, 2, 7, 2518450638, 1
3, 4, 14, 2, 204624811, 221995325, 2, 6, 2114467755, 1
3, 4, 14, 2, 204624811, 221995325, 2, 5, 1634424872, 1
3, 4, 14, 2, 204624811, 221995325, 2, 4, 1176785393, 1
3, 4, 14, 2, 204624811, 221995325, 2, 3, 735658508, 1
3, 4, 14, 2, 204624811, 221995325, 2, 2, 365038745, 1
3, 4, 14, 2, 204624811, 221995325, 2, 1, 1, 1
3, 4, 14, 2, 204624811, 221995325, 2, 0, 1, 0
3, 4, 14, 2, 204624811, 221995325, 1, 17, 4269623349, 1
3, 4, 14, 2, 204624811, 221995325, 1, 16, 4191992477, 1
3, 4, 14, 2, 204624811, 221995325, 1, 15, 4115280959, 1
3, 4, 14, 2, 204624811, 221995325, 1, 14, 4009860401, 1
3, 4, 14, 2, 204624811, 221995325, 1, 13, 3890941200, 1
3, 4, 14, 2, 204624811, 221995325, 1, 12, 3785320420, 1
3, 4, 14, 2, 204624811, 221995325, 1, 11, 3625576711, 1
3, 4, 14, 2, 204624811, 221995325, 1, 10, 3468902816, 1
3, 4, 14, 2, 204624811, 221995325, 1, 9, 3231171941, 1
3, 4, 14, 2, 204624811, 221995325, 1, 8, 2954400201, 1
3, 4, 14, 2, 204624811, 221995325, 1, 7, 2587318959, 1
3, 4, 14, 2, 204624811, 221995325, 1, 6, 2161157982, 1
3, 4, 14, 2, 204624811, 221995325, 1, 5, 1675057477, 1
3, 4, 14, 2, 204624811, 221995325, 1, 4, 1216048101, 1
3, 4, 14, 2, 204624811, 221995325, 1, 3, 770121735, 1
3, 4, 14, 2, 204624811, 221995325, 1, 2, 388579280, 1
3, 4, 14, 2, 204624811, 221995325, 1, 1, 1, 1
3, 4, 14, 2, 204624811, 221995325, 1, 0, 1, 0
3, 4, 14, 2, 204624811, 221995325, 0, 17, 4391228404, 1
3, 4, 14, 2, 204624811, 221995325, 0, 16, 4331117429, 1
3, 4, 14, 2, 204624811, 221995325, 0, 15, 4233421358, 1
3, 4, 14, 2, 204624811, 221995325, 0, 14, 4127951167, 1
3, 4, 14, 2, 204624811, 221995325, 0, 13, 4008052518, 1
3, 4, 14, 2, 204624811, 221995325, 0, 12, 3939988238, 1
3, 4, 14, 2, 204624811, 221995325, 0, 11, 3788600741, 1
3, 4, 14, 2, 204624811, 221995325, 0, 10, 3672294468, 1
3, 4, 14, 2, 204624811, 221995325, 0, 9, 3440327701, 1
3, 4, 14, 2, 204624811, 221995325, 0, 8, 3184786344, 1
3, 4, 14, 2, 204624811, 221995325, 0, 7, 2828683231, 1
3, 4, 14, 2, 204624811, 221995325, 0, 6, 2336240785, 1
3, 4, 14, 2, 204624811, 221995325, 0, 5, 1836546791, 1
3, 4, 14, 2, 204624811, 221995325, 0, 4, 1382640649, 1
3, 4, 14, 2, 204624811, 221995325, 0, 3, 900463812, 1
3, 4, 14, 2, 204624811, 221995325, 0, 2, 488706781, 1
3, 4, 14, 2, 204624811, 221995325, 0, 1, 1, 1
3, 5, 14, 2, 221995326, 274790918, 5, 17, 4332214499, 1
3, 5, 14, 2, 221995326, 274790918, 5, 16, 4248414953, 1
3, 5, 14, 2, 221995326, 274790918, 5, 15, 4160993060, 1
3, 5, 14, 2, 221995326, 274790918, 5, 14, 4050465889, 1
3, 5, 14, 2, 221995326, 274790918, 5, 13, 3942490606, 1
3, 5, 14, 2, 221995326, 274790918, 5, 12, 3832076286, 1
3, 5, 14, 2, 221995326, 274790918, 5, 11, 3680074543, 1
3, 5, 14, 2, 221995326, 274790918, 5, 10, 3523296340, 1
3, 5, 14, 2, 221995326, 274790918, 5, 9, 3332071487, 1
3, 5, 14, 2, 221995326, 274790918, 5, 8, 3100240042, 1
3, 5, 14, 2, 221995326, 274790918, 5, 7, 2809581533, 1
3, 5, 14, 2, 221995326, 274790918, 5, 6, 2438993463, 1
3, 5, 14, 2, 221995326, 274790918, 5, 5, 1992244183, 1
3, 5, 14, 2, 221995326, 274790918, 5, 4, 1583858211, 1
3, 5, 14, 2, 221995326, 274790918, 5, 3, 944896888, 1
3, 5, 14, 2, 221995326, 274790918, 5, 2, 461354329, 1
3, 5, 14, 2, 221995326, 274790918, 5, 1, 40184103, 0
3, 5, 14, 2, 221995326, 274790918, 5, 0, 58936684, 0
3, 5, 14, 2, 221995326, 274790918, 4, 17, 4332726074, 1
3, 5, 14, 2, 221995326, 274790918, 4, 16, 4249975035, 1
3, 5, 14, 2, 221995326, 274790918, 4, 15, 4163715334, 1
3, 5, 14, 2, 221995326, 274790918, 4, 14, 4052894095, 1
3, 5, 14, 2, 221995326, 274790918, 4, 13, 3949342435, 1
3, 5, 14, 2, 221995326, 274790918, 4, 12, 3831250129, 1
3, 5, 14, 2, 221995326, 274790918, 4, 11, 3680106419, 1
3, 5, 14, 2, 221995326, 274790918, 4, 10, 3514551562, 1
3, 5, 14, 2, 221995326, 274790918, 4, 9, 3306775298, 1
3, 5, 14, 2, 221995326, 274790918, 4, 8, 3056780220, 1
3, 5, 14, 2, 221995326, 274790918, 4, 7, 2747858349, 1
3, 5, 14, 2, 221995326, 274790918, 4, 6, 2373391693, 1
3, 5, 14, 2, 221995326, 274790918, 4, 5, 1932818391, 1
3, 5, 14, 2, 221995326, 274790918, 4, 4, 1511955698, 1
3, 5, 14, 2, 221995326, 274790918, 4, 3, 945148061, 1
3, 5, 14, 2, 221995326, 274790918, 4, 2, 450943584, 1
3, 5, 14, 2, 221995326, 274790918, 4, 1, 16371302, 0
3, 5, 14, 2, 221995326, 274790918, 4, 0, 36835428, 0
3, 5, 14, 2, 221995326, 274790918, 3, 17, 4401058422, 1
3, 5, 14, 2, 221995326, 274790918, 3, 16, 4321408523, 1
3, 5, 14, 2, 221995326, 274790918, 3, 15, 4244990004, 1
3, 5, 14, 2, 221995326, 274790918, 3, 14, 4139179482, 1
3, 5, 14, 2, 221995326, 274790918, 3, 13, 4034200686, 1
3, 5, 14, 2, 221995326, 274790918, 3, 12, 3914811788, 1
3, 5, 14, 2, 221995326, 274790918, 3, 11, 3758737341, 1
3, 5, 14, 2, 221995326, 274790918, 3, 10, 3587225505, 1
3, 5, 14, 2, 221995326, 274790918, 3, 9, 3369934308, 1
3, 5, 14, 2, 221995326, 274790918, 3, 8, 3103988963, 1
3, 5, 14, 2, 221995326, 274790918, 3, 7, 2775922428, 1
3, 5, 14, 2, 221995326, 274790918, 3, 6, 2386832312, 1
3, 5, 14, 2, 221995326, 274790918, 3, 5, 1944765436, 1
3, 5, 14, 2, 221995326, 274790918, 3, 4, 1520412764, 1
3, 5, 14, 2, 221995326, 274790918, 3, 3, 969199090, 1
3, 5, 14, 2, 221995326, 274790918, 3, 2, 448248953, 1
3, 5, 14, 2, 221995326, 274790918, 3, 1, 1, 1
3, 5, 14, 2, 221995326, 274790918, 3, 0, 1, 0
3, 5, 14, 2, 221995326, 274790918, 2, 17, 4432091776, 1
3, 5, 14, 2, 221995326, 274790918, 2, 16, 4356803878, 1
3, 5, 14, 2, 221995326, 274790918, 2, 15, 4276721971, 1
3, 5, 14, 2, 221995326, 274790918, 2, 14, 4175217572, 1
3, 5, 14, 2, 221995326, 274790918, 2, 13, 4074962528, 1
3, 5, 14, 2, 221995326, 274790918, 2, 12, 3962413746, 1
3, 5, 14, 2, 221995326, 274790918, 2, 11, 3812198952, 1
3, 5, 14, 2, 221995326, 274790918, 2, 10, 3652481384, 1
3, 5, 14, 2, 221995326, 274790918, 2, 9, 3432137815, 1
3, 5, 14, 2, 221995326, 274790918, 2, 8, 3172724132, 1
3, 5, 14, 2, 221995326, 274790918, 2, 7, 2860327892, 1
3, 5, 14, 2, 221995326, 274790918, 2, 6, 2484552582, 1
3, 5, 14, 2, 221995326, 274790918, 2, 5, 2053229477, 1
3, 5, 14, 2, 221995326, 274790918, 2, 4, 1649642877, 1
3, 5, 14, 2, 221995326, 274790918, 2, 3, 1051232709, 1
3, 5, 14, 2, 221995326, 274790918, 2, 2, 461951062, 1
3, 5, 14, 2, 221995326, 274790918, 2, 1, 1, 1
3, 5, 14, 2, 221995326, 274790918, 2, 0, 1, 0
3, 5, 14, 2, 221995326, 274790918, 1, 17, 4532415090, 1
3, 5, 14, 2, 221995326, 274790918, 1, 16, 4465013652, 1
3, 5, 14, 2, 221995326, 274790918, 1, 15, 4396686878, 1
3, 5, 14, 2, 221995326, 274790918, 1, 14, 4304190446, 1
3, 5, 14, 2, 221995326, 274790918, 1, 13, 4191111767, 1
3, 5, 14, 2, 221995326, 274790918, 1, 12, 4101984145, 1
3, 5, 14, 2, 221995326, 274790918, 1, 11, 3961601970, 1
3, 5, 14, 2, 221995326, 274790918, 1, 10, 3827977520, 1
3, 5, 14, 2, 221995326, 274790918, 1, 9, 3618148604, 1
3, 5, 14, 2, 221995326, 274790918, 1, 8, 3375843990, 1
3, 5, 14, 2, 221995326, 274790918, 1, 7, 3052421108, 1
3, 5, 14, 2, 221995326, 274790918, 1, 6, 2669547061, 1
3, 5, 14, 2, 221995326, 274790918, 1, 5, 2258788918, 1
3, 5, 14, 2, 221995326, 274790918, 1, 4, 1896515441, 1
3, 5, 14, 2, 221995326, 274790918, 1, 3, 1190298915, 1
3, 5, 14, 2, 221995326, 274790918, 1, 2, 492095701, 1
3, 5, 14, 2, 221995326, 274790918, 1, 1, 1, 1
3, 5, 14, 2, 221995326, 274790918, 1, 0, 1, 0
3, 5, 14, 2, 221995326, 274790918, 0, 17, 4739265723, 1
3, 5, 14, 2, 221995326, 274790918, 0, 16, 4695031700, 1
3, 5, 14, 2, 221995326, 274790918, 0, 15, 4608789301, 1
3, 5, 14, 2, 221995326, 274790918, 0, 14, 4523416386, 1
3, 5, 14, 2, 221995326, 274790918, 0, 13, 4426706900, 1
3, 5, 14, 2, 221995326, 274790918, 0, 12, 4385696644, 1
3, 5, 14, 2, 221995326, 274790918, 0, 11, 4266282085, 1
3, 5, 14, 2, 221995326, 274790918, 0, 10, 4188343338, 1
3, 5, 14, 2, 221995326, 274790918, 0, 9, 4003270213, 1
3, 5, 14, 2, 221995326, 274790918, 0, 8, 3806345910, 1
3, 5, 14, 2, 221995326, 274790918, 0, 7, 3525607578, 1
3, 5, 14, 2, 221995326, 274790918, 0, 6, 3133651509, 1
3, 5, 14, 2, 221995326, 274790918, 0, 5, 2774638442, 1
3, 5, 14, 2, 221995326, 274790918, 0, 4, 2531753690, 1
3, 5, 14, 2, 221995326, 274790918, 0, 3, 1402961296, 1
3, 5, 14, 2, 221995326, 274790918, 0, 2, 617564994, 1
3, 5, 14, 2, 221995326, 274790918, 0, 1, 1, 1
3, 6, 14, 2, 274790919, 292095981, 5, 17, 4228172113, 1
3, 6, 14, 2, 274790919, 292095981, 5, 16, 4139481299, 1
3, 6, 14, 2, 274790919, 292095981, 5, 15, 4043513154, 1
3, 6, 14, 2, 274790919, 292095981, 5, 14, 3923191045, 1
3, 6, 14, 2, 274790919, 292095981, 5, 13, 3806205860, 1
3, 6, 14, 2, 274790919, 292095981, 5, 12, 3681590984, 1
3, 6, 14, 2, 274790919, 292095981, 5, 11, 3518706487, 1
3, 6, 14, 2, 274790919, 292095981, 5, 10, 3349036407, 1
3, 6, 14, 2, 274790919, 292095981, 5, 9, 3142632720, 1
3, 6, 14, 2, 274790919, 292095981, 5, 8, 2888327751, 1
3, 6, 14, 2, 274790919, 292095981, 5, 7, 2573387596, 1
3, 6, 14, 2, 274790919, 292095981, 5, 6, 2171411055, 1
3, 6, 14, 2, 274790919, 292095981, 5, 5, 1660789555, 1
3, 6, 14, 2, 274790919, 292095981, 5, 4, 1188317672, 1
3, 6, 14, 2, 274790919, 292095981, 5, 3, 770782532, 1
3, 6, 14, 2, 274790919, 292095981, 5, 2, 401196492, 1
3, 6, 14, 2, 274790919, 292095981, 5, 1, 46693624, 0
3, 6, 14, 2, 274790919, 292095981, 5, 0, 62986391, 0
3, 6, 14, 2, 274790919, 292095981, 4, 17, 4242984723, 1
3, 6, 14, 2, 274790919, 292095981, 4, 16, 4156183964, 1
3, 6, 14, 2, 274790919, 292095981, 4, 15, 4061709662, 1
3, 6, 14, 2, 274790919, 292095981, 4, 14, 3941447823, 1
3, 6, 14, 2, 274790919, 292095981, 4, 13, 3831393249, 1
3, 6, 14, 2, 274790919, 292095981, 4, 12, 3699438656, 1
3, 6, 14, 2, 274790919, 292095981, 4, 11, 3538963979, 1
3, 6, 14, 2, 274790919, 292095981, 4, 10, 3362350198, 1
3, 6, 14, 2, 274790919, 292095981, 4, 9, 3141661596, 1
3, 6, 14, 2, 274790919, 292095981, 4, 8, 2875370194, 1
3, 6, 14, 2, 274790919, 292095981, 4, 7, 2545973455, 1
3, 6, 14, 2, 274790919, 292095981, 4, 6, 2145009911, 1
3, 6, 14, 2, 274790919, 292095981, 4, 5, 1642586671, 1
3, 6, 14, 2, 274790919, 292095981, 4, 4, 1165781131, 1
3, 6, 14, 2, 274790919, 292095981, 4, 3, 739065395, 1
3, 6, 14, 2, 274790919, 292095981, 4, 2, 389592142, 1
3, 6, 14, 2, 274790919, 292095981, 4, 1, 22077546, 0
3, 6, 14, 2, 274790919, 292095981, 4, 0, 49674477, 0
3, 6, 14, 2, 274790919, 292095981, 3, 17, 4313493648, 1
3, 6, 14, 2, 274790919, 292095981, 3, 16, 4229911885, 1
3, 6, 14, 2, 274790919, 292095981, 3, 15, 4144482402, 1
3, 6, 14, 2, 274790919, 292095981, 3, 14, 4030789892, 1
3, 6, 14, 2, 274790919, 292095981, 3, 13, 3919506839, 1
3, 6, 14, 2, 274790919, 292095981, 3, 12, 3784864572, 1
3, 6, 14, 2, 274790919, 292095981, 3, 11, 3619578110, 1
3, 6, 14, 2, 274790919, 292095981, 3, 10, 3437140398, 1
3, 6, 14, 2, 274790919, 292095981, 3, 9, 3207189093, 1
3, 6, 14, 2, 274790919, 292095981, 3, 8, 2925124988, 1
3, 6, 14, 2, 274790919, 292095981, 3, 7, 2576780011, 1
3, 6, 14, 2, 274790919, 292095981, 3, 6, 2161403027, 1
3, 6, 14, 2, 274790919, 292095981, 3, 5, 1650850825, 1
3, 6, 14, 2, 274790919, 292095981, 3, 4, 1169191088, 1
3, 6, 14, 2, 274790919, 292095981, 3, 3, 738322379, 1
3, 6, 14, 2, 274790919, 292095981, 3, 2, 382224879, 1
3, 6, 14, 2, 274790919, 292095981, 3, 1, 1, 1
3, 6, 14, 2, 274790919, 292095981, 3, 0, 1, 0
3, 6, 14, 2, 274790919, 292095981, 2, 17, 4324403162, 1
3, 6, 14, 2, 274790919, 292095981, 2, 16, 4243956311, 1
3, 6, 14, 2, 274790919, 292095981, 2, 15, 4151917959, 1
3, 6, 14, 2, 274790919, 292095981, 2, 14, 4039978901, 1
3, 6, 14, 2, 274790919, 292095981, 2, 13, 3931416592, 1
3, 6, 14, 2, 274790919, 292095981, 2, 12, 3798565432, 1
3, 6, 14, 2, 274790919, 292095981, 2, 11, 3636167017, 1
3, 6, 14, 2, 274790919, 292095981, 2, 10, 3461981397, 1
3, 6, 14, 2, 274790919, 292095981, 2, 9, 3224858180, 1
3, 6, 14, 2, 274790919, 292095981, 2, 8, 2944032161, 1
3, 6, 14, 2, 274790919, 292095981, 2, 7, 2604637759, 1
3, 6, 14, 2, 274790919, 292095981, 2, 6, 2193764837, 1
3, 6, 14, 2, 274790919, 292095981, 2, 5, 1670234987, 1
3, 6, 14, 2, 274790919, 292095981, 2, 4, 1189229437, 1
3, 6, 14, 2, 274790919, 292095981, 2, 3, 755102433, 1
3, 6, 14, 2, 274790919, 292095981, 2, 2, 394169406, 1
3, 6, 14, 2, 274790919, 292095981, 2, 1, 1, 1
3, 6, 14, 2, 274790919, 292095981, 2, 0, 1, 0
3, 6, 14, 2, 274790919, 292095981, 1, 17, 4391247854, 1
3, 6, 14, 2, 274790919, 292095981, 1, 16, 4316606344, 1
3, 6, 14, 2, 274790919, 292095981, 1, 15, 4230797927, 1
3, 6, 14, 2, 274790919, 292095981, 1, 14, 4123191257, 1
3, 6, 14, 2, 274790919, 292095981, 1, 13, 3998313086, 1
3, 6, 14, 2, 274790919, 292095981, 1, 12, 3879259227, 1
3, 6, 14, 2, 274790919, 292095981, 1, 11, 3721397151, 1
3, 6, 14, 2, 274790919, 292095981, 1, 10, 3566963294, 1
3, 6, 14, 2, 274790919, 292095981, 1, 9, 3332984678, 1
3, 6, 14, 2, 274790919, 292095981, 1, 8, 3059685021, 1
3, 6, 14, 2, 274790919, 292095981, 1, 7, 2697001750, 1
3, 6, 14, 2, 274790919, 292095981, 1, 6, 2262787194, 1
3, 6, 14, 2, 274790919, 292095981, 1, 5, 1712903851, 1
3, 6, 14, 2, 274790919, 292095981, 1, 4, 1234146149, 1
3, 6, 14, 2, 274790919, 292095981, 1, 3, 791059692, 1
3, 6, 14, 2, 274790919, 292095981, 1, 2, 420447367, 1
3, 6, 14, 2, 274790919, 292095981, 1, 1, 1, 1
3, 6, 14, 2, 274790919, 292095981, 1, 0, 1, 0
3, 6, 14, 2, 274790919, 292095981, 0, 17, 4530370118, 1
3, 6, 14, 2, 274790919, 292095981, 0, 16, 4474436748, 1
3, 6, 14, 2, 274790919, 292095981, 0, 15, 4374935088, 1
3, 6, 14, 2, 274790919, 292095981, 0, 14, 4263706510, 1
3, 6, 14, 2, 274790919, 292095981, 0, 13, 4148689039, 1
3, 6, 14, 2, 274790919, 292095981, 0, 12, 4052488575, 1
3, 6, 14, 2, 274790919, 292095981, 0, 11, 3904755650, 1
3, 6, 14, 2, 274790919, 292095981, 0, 10, 3792834865, 1
3, 6, 14, 2, 274790919, 292095981, 0, 9, 3566228139, 1
3, 6, 14, 2, 274790919, 292095981, 0, 8, 3317386833, 1
3, 6, 14, 2, 274790919, 292095981, 0, 7, 2969898069, 1
3, 6, 14, 2, 274790919, 292095981, 0, 6, 2488941425, 1
3, 6, 14, 2, 274790919, 292095981, 0, 5, 1853273636, 1
3, 6, 14, 2, 274790919, 292095981, 0, 4, 1385474196, 1
3, 6, 14, 2, 274790919, 292095981, 0, 3, 922902974, 1
3, 6, 14, 2, 274790919, 292095981, 0, 2, 525559208, 1
3, 6, 14, 2, 274790919, 292095981, 0, 1, 1, 1
3, 7, 14, 2, 292095982, 336640891, 5, 17, 4485709336, 1
3, 7, 14, 2, 292095982, 336640891, 5, 16, 4401027511, 1
3, 7, 14, 2, 292095982, 336640891, 5, 15, 4316545580, 1
3, 7, 14, 2, 292095982, 336640891, 5, 14, 4204666161, 1
3, 7, 14, 2, 292095982, 336640891, 5, 13, 4104023852, 1
3, 7, 14, 2, 292095982, 336640891, 5, 12, 3982451420, 1
3, 7, 14, 2, 292095982, 336640891, 5, 11, 3836754196, 1
3, 7, 14, 2, 292095982, 336640891, 5, 10, 3671311858, 1
3, 7, 14, 2, 292095982, 336640891, 5, 9, 3466632912, 1
3, 7, 14, 2, 292095982, 336640891, 5, 8, 3210733002, 1
3, 7, 14, 2, 292095982, 336640891, 5, 7, 2904081797, 1
3, 7, 14, 2, 292095982, 336640891, 5, 6, 2506059077, 1
3, 7, 14, 2, 292095982, 336640891, 5, 5, 2018795550, 1
3, 7, 14, 2, 292095982, 336640891, 5, 4, 1376945187, 1
3, 7, 14, 2, 292095982, 336640891, 5, 3, 997949614, 1
3, 7, 14, 2, 292095982, 336640891, 5, 2, 442362769, 1
3, 7, 14, 2, 292095982, 336640891, 5, 1, 33242081, 0
3, 7, 14, 2, 292095982, 336640891, 5, 0, 49633668, 0
3, 7, 14, 2, 292095982, 336640891, 4, 17, 4528579236, 1
3, 7, 14, 2, 292095982, 336640891, 4, 16, 4445374868, 1
3, 7, 14, 2, 292095982, 336640891, 4, 15, 4365958609, 1
3, 7, 14, 2, 292095982, 336640891, 4, 14, 4257633570, 1
3, 7, 14, 2, 292095982, 336640891, 4, 13, 4165883004, 1
3, 7, 14, 2, 292095982, 336640891, 4, 12, 4036026046, 1
3, 7, 14, 2, 292095982, 336640891, 4, 11, 3894407479, 1
3, 7, 14, 2, 292095982, 336640891, 4, 10, 3723515928, 1
3, 7, 14, 2, 292095982, 336640891, 4, 9, 3502590089, 1
3, 7, 14, 2, 292095982, 336640891, 4, 8, 3255417412, 1
3, 7, 14, 2, 292095982, 336640891, 4, 7, 2939370704, 1
3, 7, 14, 2, 292095982, 336640891, 4, 6, 2543223275, 1
3, 7, 14, 2, 292095982, 336640891, 4, 5, 2068908568, 1
3, 7, 14, 2, 292095982, 336640891, 4, 4, 1387354584, 1
3, 7, 14, 2, 292095982, 336640891, 4, 3, 1006794215, 1
3, 7, 14, 2, 292095982, 336640891, 4, 2, 433925913, 1
3, 7, 14, 2, 292095982, 336640891, 4, 1, 13054951, 0
3, 7, 14, 2, 292095982, 336640891, 4, 0, 29373639, 0
3, 7, 14, 2, 292095982, 336640891, 3, 17, 4537190062, 1
3, 7, 14, 2, 292095982, 336640891, 3, 16, 4454714775, 1
3, 7, 14, 2, 292095982, 336640891, 3, 15, 4379718343, 1
3, 7, 14, 2, 292095982, 336640891, 3, 14, 4271406545, 1
3, 7, 14, 2, 292095982, 336640891, 3, 13, 4172104476, 1
3, 7, 14, 2, 292095982, 336640891, 3, 12, 4046501052, 1
3, 7, 14, 2, 292095982, 336640891, 3, 11, 3891652019, 1
3, 7, 14, 2, 292095982, 336640891, 3, 10, 3725849485, 1
3, 7, 14, 2, 292095982, 336640891, 3, 9, 3508669098, 1
3, 7, 14, 2, 292095982, 336640891, 3, 8, 3233946168, 1
3, 7, 14, 2, 292095982, 336640891, 3, 7, 2921696091, 1
3, 7, 14, 2, 292095982, 336640891, 3, 6, 2533175050, 1
3, 7, 14, 2, 292095982, 336640891, 3, 5, 2084767594, 1
3, 7, 14, 2, 292095982, 336640891, 3, 4, 1430966773, 1
3, 7, 14, 2, 292095982, 336640891, 3, 3, 1055473209, 1
3, 7, 14, 2, 292095982, 336640891, 3, 2, 432766569, 1
3, 7, 14, 2, 292095982, 336640891, 3, 1, 1, 1
3, 7, 14, 2, 292095982, 336640891, 3, 0, 1, 0
3, 7, 14, 2, 292095982, 336640891, 2, 17, 4561062845, 1
3, 7, 14, 2, 292095982, 336640891, 2, 16, 4478691334, 1
3, 7, 14, 2, 292095982, 336640891, 2, 15, 4396795864, 1
3, 7, 14, 2, 292095982, 336640891, 2, 14, 4287711162, 1
3, 7, 14, 2, 292095982, 336640891, 2, 13, 4190225049, 1
3, 7, 14, 2, 292095982, 336640891, 2, 12, 4069181768, 1
3, 7, 14, 2, 292095982, 336640891, 2, 11, 3920199779, 1
3, 7, 14, 2, 292095982, 336640891, 2, 10, 3765360375, 1
3, 7, 14, 2, 292095982, 336640891, 2, 9, 3554148988, 1
3, 7, 14, 2, 292095982, 336640891, 2, 8, 3282118356, 1
3, 7, 14, 2, 292095982, 336640891, 2, 7, 2984938709, 1
3, 7, 14, 2, 292095982, 336640891, 2, 6, 2622013736, 1
3, 7, 14, 2, 292095982, 336640891, 2, 5, 2171509032, 1
3, 7, 14, 2, 292095982, 336640891, 2, 4, 1441354497, 1
3, 7, 14, 2, 292095982, 336640891, 2, 3, 1072050762, 1
3, 7, 14, 2, 292095982, 336640891, 2, 2, 445424537, 1
3, 7, 14, 2, 292095982, 336640891, 2, 1, 1, 1
3, 7, 14, 2, 292095982, 336640891, 2, 0, 1, 0
3, 7, 14, 2, 292095982, 336640891, 1, 17, 4634291298, 1
3, 7, 14, 2, 292095982, 336640891, 1, 16, 4558982586, 1
3, 7, 14, 2, 292095982, 336640891, 1, 15, 4487879751, 1
3, 7, 14, 2, 292095982, 336640891, 1, 14, 4382749837, 1
3, 7, 14, 2, 292095982, 336640891, 1, 13, 4266926635, 1
3, 7, 14, 2, 292095982, 336640891, 1, 12, 4156582297, 1
3, 7, 14, 2, 292095982, 336640891, 1, 11, 4021579641, 1
3, 7, 14, 2, 292095982, 336640891, 1, 10, 3894359381, 1
3, 7, 14, 2, 292095982, 336640891, 1, 9, 3687251189, 1
3, 7, 14, 2, 292095982, 336640891, 1, 8, 3429469190, 1
3, 7, 14, 2, 292095982, 336640891, 1, 7, 3114165177, 1
3, 7, 14, 2, 292095982, 336640891, 1, 6, 2731244677, 1
3, 7, 14, 2, 292095982, 336640891, 1, 5, 2263910014, 1
3, 7, 14, 2, 292095982, 336640891, 1, 4, 1580295610, 1
3, 7, 14, 2, 292095982, 336640891, 1, 3, 1231983359, 1
3, 7, 14, 2, 292095982, 336640891, 1, 2, 473272066, 1
3, 7, 14, 2, 292095982, 336640891, 1, 1, 1, 1
3, 7, 14, 2, 292095982, 336640891, 1, 0, 1, 0
3, 7, 14, 2, 292095982, 336640891, 0, 17, 4755048220, 1
3, 7, 14, 2, 292095982, 336640891, 0, 16, 4692787445, 1
3, 7, 14, 2, 292095982, 336640891, 0, 15, 4606879849, 1
3, 7, 14, 2, 292095982, 336640891, 0, 14, 4511187344, 1
3, 7, 14, 2, 292095982, 336640891, 0, 13, 4395191994, 1
3, 7, 14, 2, 292095982, 336640891, 0, 12, 4318330131, 1
3, 7, 14, 2, 292095982, 336640891, 0, 11, 4193451918, 1
3, 7, 14, 2, 292095982, 336640891, 0, 10, 4108956785, 1
3, 7, 14, 2, 292095982, 336640891, 0, 9, 3903050898, 1
3, 7, 14, 2, 292095982, 336640891, 0, 8, 3642525801, 1
3, 7, 14, 2, 292095982, 336640891, 0, 7, 3339422642, 1
3, 7, 14, 2, 292095982, 336640891, 0, 6, 2894542693, 1
3, 7, 14, 2, 292095982, 336640891, 0, 5, 2337107210, 1
3, 7, 14, 2, 292095982, 336640891, 0, 4, 1429173452, 1
3, 7, 14, 2, 292095982, 336640891, 0, 3, 976355402, 1
3, 7, 14, 2, 292095982, 336640891, 0, 2, 598517982, 1
3, 7, 14, 2, 292095982, 336640891, 0, 1, 1, 1
3, 8, 14, 2, 336640892, 351494973, 5, 17, 4438242808, 1
3, 8, 14, 2, 336640892, 351494973, 5, 16, 4347456943, 1
3, 8, 14, 2, 336640892, 351494973, 5, 15, 4241459756, 1
3, 8, 14, 2, 336640892, 351494973, 5, 14, 4122988782, 1
3, 8, 14, 2, 336640892, 351494973, 5, 13, 4012536008, 1
3, 8, 14, 2, 336640892, 351494973, 5, 12, 3886454156, 1
3, 8, 14, 2, 336640892, 351494973, 5, 11, 3723327512, 1
3, 8, 14, 2, 336640892, 351494973, 5, 10, 3544316729, 1
3, 8, 14, 2, 336640892, 351494973, 5, 9, 3313863840, 1
3, 8, 14, 2, 336640892, 351494973, 5, 8, 3026527487, 1
3, 8, 14, 2, 336640892, 351494973, 5, 7, 2666182449, 1
3, 8, 14, 2, 336640892, 351494973, 5, 6, 2190183839, 1
3, 8, 14, 2, 336640892, 351494973, 5, 5, 1684970906, 1
3, 8, 14, 2, 336640892, 351494973, 5, 4, 1209041304, 1
3, 8, 14, 2, 336640892, 351494973, 5, 3, 794476888, 1
3, 8, 14, 2, 336640892, 351494973, 5, 2, 408637648, 1
3, 8, 14, 2, 336640892, 351494973, 5, 1, 34928687, 0
3, 8, 14, 2, 336640892, 351494973, 5, 0, 51228741, 0
3, 8, 14, 2, 336640892, 351494973, 4, 17, 4445526035, 1
3, 8, 14, 2, 336640892, 351494973, 4, 16, 4354797087, 1
3, 8, 14, 2, 336640892, 351494973, 4, 15, 4247977821, 1
3, 8, 14, 2, 336640892, 351494973, 4, 14, 4129984403, 1
3, 8, 14, 2, 336640892, 351494973, 4, 13, 4024438578, 1
3, 8, 14, 2, 336640892, 351494973, 4, 12, 3891841055, 1
3, 8, 14, 2, 336640892, 351494973, 4, 11, 3730525465, 1
3, 8, 14, 2, 336640892, 351494973, 4, 10, 3540926106, 1
3, 8, 14, 2, 336640892, 351494973, 4, 9, 3313510297, 1
3, 8, 14, 2, 336640892, 351494973, 4, 8, 3028057193, 1
3, 8, 14, 2, 336640892, 351494973, 4, 7, 2646764309, 1
3, 8, 14, 2, 336640892, 351494973, 4, 6, 2155850114, 1
3, 8, 14, 2, 336640892, 351494973, 4, 5, 1672492366, 1
3, 8, 14, 2, 336640892, 351494973, 4, 4, 1193100372, 1
3, 8, 14, 2, 336640892, 351494973, 4, 3, 770704444, 1
3, 8, 14, 2, 336640892, 351494973, 4, 2, 399501664, 1
3, 8, 14, 2, 336640892, 351494973, 4, 1, 14230206, 0
3, 8, 14, 2, 336640892, 351494973, 4, 0, 32017963, 0
3, 8, 14, 2, 336640892, 351494973, 3, 17, 4528606506, 1
3, 8, 14, 2, 336640892, 351494973, 3, 16, 4442540839, 1
3, 8, 14, 2, 336640892, 351494973, 3, 15, 4341415783, 1
3, 8, 14, 2, 336640892, 351494973, 3, 14, 4227962863, 1
3, 8, 14, 2, 336640892, 351494973, 3, 13, 4116009311, 1
3, 8, 14, 2, 336640892, 351494973, 3, 12, 3973242450, 1
3, 8, 14, 2, 336640892, 351494973, 3, 11, 3798336745, 1
3, 8, 14, 2, 336640892, 351494973, 3, 10, 3591849791, 1
3, 8, 14, 2, 336640892, 351494973, 3, 9, 3344108784, 1
3, 8, 14, 2, 336640892, 351494973, 3, 8, 3039355080, 1
3, 8, 14, 2, 336640892, 351494973, 3, 7, 2656924783, 1
3, 8, 14, 2, 336640892, 351494973, 3, 6, 2164420557, 1
3, 8, 14, 2, 336640892, 351494973, 3, 5, 1678350210, 1
3, 8, 14, 2, 336640892, 351494973, 3, 4, 1198847334, 1
3, 8, 14, 2, 336640892, 351494973, 3, 3, 772351982, 1
3, 8, 14, 2, 336640892, 351494973, 3, 2, 397025312, 1
3, 8, 14, 2, 336640892, 351494973, 3, 1, 1, 1
3, 8, 14, 2, 336640892, 351494973, 3, 0, 1, 0
3, 8, 14, 2, 336640892, 351494973, 2, 17, 4548063204, 1
3, 8, 14, 2, 336640892, 351494973, 2, 16, 4464277077, 1
3, 8, 14, 2, 336640892, 351494973, 2, 15, 4363176697, 1
3, 8, 14, 2, 336640892, 351494973, 2, 14, 4250216244, 1
3, 8, 14, 2, 336640892, 351494973, 2, 13, 4143022598, 1
3, 8, 14, 2, 336640892, 351494973, 2, 12, 4001400772, 1
3, 8, 14, 2, 336640892, 351494973, 2, 11, 3828350357, 1
3, 8, 14, 2, 336640892, 351494973, 2, 10, 3622225331, 1
3, 8, 14, 2, 336640892, 351494973, 2, 9, 3373955558, 1
3, 8, 14, 2, 336640892, 351494973, 2, 8, 3066431125, 1
3, 8, 14, 2, 336640892, 351494973, 2, 7, 2680829440, 1
3, 8, 14, 2, 336640892, 351494973, 2, 6, 2185393902, 1
3, 8, 14, 2, 336640892, 351494973, 2, 5, 1695876641, 1
3, 8, 14, 2, 336640892, 351494973, 2, 4, 1217847256, 1
3, 8, 14, 2, 336640892, 351494973, 2, 3, 786840626, 1
3, 8, 14, 2, 336640892, 351494973, 2, 2, 408700676, 1
3, 8, 14, 2, 336640892, 351494973, 2, 1, 1, 1
3, 8, 14, 2, 336640892, 351494973, 2, 0, 1, 0
3, 8, 14, 2, 336640892, 351494973, 1, 17, 4610366110, 1
3, 8, 14, 2, 336640892, 351494973, 1, 16, 4532966338, 1
3, 8, 14, 2, 336640892, 351494973, 1, 15, 4432804045, 1
3, 8, 14, 2, 336640892, 351494973, 1, 14, 4321071662, 1
3, 8, 14, 2, 336640892, 351494973, 1, 13, 4197218846, 1
3, 8, 14, 2, 336640892, 351494973, 1, 12, 4056105883, 1
3, 8, 14, 2, 336640892, 351494973, 1, 11, 3885041165, 1
3, 8, 14, 2, 336640892, 351494973, 1, 10, 3680292747, 1
3, 8, 14, 2, 336640892, 351494973, 1, 9, 3432981550, 1
3, 8, 14, 2, 336640892, 351494973, 1, 8, 3123421874, 1
3, 8, 14, 2, 336640892, 351494973, 1, 7, 2737649723, 1
3, 8, 14, 2, 336640892, 351494973, 1, 6, 2237526082, 1
3, 8, 14, 2, 336640892, 351494973, 1, 5, 1742653542, 1
3, 8, 14, 2, 336640892, 351494973, 1, 4, 1270340205, 1
3, 8, 14, 2, 336640892, 351494973, 1, 3, 833807435, 1
3, 8, 14, 2, 336640892, 351494973, 1, 2, 434386478, 1
3, 8, 14, 2, 336640892, 351494973, 1, 1, 1, 1
3, 8, 14, 2, 336640892, 351494973, 1, 0, 1, 0
3, 8, 14, 2, 336640892, 351494973, 0, 17, 4716986959, 1
3, 8, 14, 2, 336640892, 351494973, 0, 16, 4651686274, 1
3, 8, 14, 2, 336640892, 351494973, 0, 15, 4558928323, 1
3, 8, 14, 2, 336640892, 351494973, 0, 14, 4454757646, 1
3, 8, 14, 2, 336640892, 351494973, 0, 13, 4333607910, 1
3, 8, 14, 2, 336640892, 351494973, 0, 12, 4193260858, 1
3, 8, 14, 2, 336640892, 351494973, 0, 11, 4023459018, 1
3, 8, 14, 2, 336640892, 351494973, 0, 10, 3825651129, 1
3, 8, 14, 2, 336640892, 351494973, 0, 9, 3587091580, 1
3, 8, 14, 2, 336640892, 351494973, 0, 8, 3285749406, 1
3, 8, 14, 2, 336640892, 351494973, 0, 7, 2898991464, 1
3, 8, 14, 2, 336640892, 351494973, 0, 6, 2396629287, 1
3, 8, 14, 2, 336640892, 351494973, 0, 5, 1884090134, 1
3, 8, 14, 2, 336640892, 351494973, 0, 4, 1432059437, 1
3, 8, 14, 2, 336640892, 351494973, 0, 3, 976677615, 1
3, 8, 14, 2, 336640892, 351494973, 0, 2, 548836510, 1
3, 8, 14, 2, 336640892, 351494973, 0, 1, 1, 1
3, 9, 14, 2, 351494974, 932367832, 5, 17, 4109553900, 1
3, 9, 14, 2, 351494974, 932367832, 5, 16, 4037985788, 1
3, 9, 14, 2, 351494974, 932367832, 5, 15, 3951304570, 1
3, 9, 14, 2, 351494974, 932367832, 5, 14, 3852891287, 1
3, 9, 14, 2, 351494974, 932367832, 5, 13, 3741664183, 1
3, 9, 14, 2, 351494974, 932367832, 5, 12, 3638786850, 1
3, 9, 14, 2, 351494974, 932367832, 5, 11, 3506827205, 1
3, 9, 14, 2, 351494974, 932367832, 5, 10, 3361418710, 1
3, 9, 14, 2, 351494974, 932367832, 5, 9, 3142642930, 1
3, 9, 14, 2, 351494974, 932367832, 5, 8, 2927666845, 1
3, 9, 14, 2, 351494974, 932367832, 5, 7, 2608297643, 1
3, 9, 14, 2, 351494974, 932367832, 5, 6, 2252131185, 1
3, 9, 14, 2, 351494974, 932367832, 5, 5, 1774055130, 1
3, 9, 14, 2, 351494974, 932367832, 5, 4, 1199290700, 1
3, 9, 14, 2, 351494974, 932367832, 5, 3, 760398257, 1
3, 9, 14, 2, 351494974, 932367832, 5, 2, 399390763, 1
3, 9, 14, 2, 351494974, 932367832, 5, 1, 48651579, 0
3, 9, 14, 2, 351494974, 932367832, 5, 0, 65583279, 0
3, 9, 14, 2, 351494974, 932367832, 4, 17, 4048814863, 1
3, 9, 14, 2, 351494974, 932367832, 4, 16, 3981301931, 1
3, 9, 14, 2, 351494974, 932367832, 4, 15, 3892443452, 1
3, 9, 14, 2, 351494974, 932367832, 4, 14, 3791523298, 1
3, 9, 14, 2, 351494974, 932367832, 4, 13, 3683658845, 1
3, 9, 14, 2, 351494974, 932367832, 4, 12, 3577136299, 1
3, 9, 14, 2, 351494974, 932367832, 4, 11, 3433448377, 1
3, 9, 14, 2, 351494974, 932367832, 4, 10, 3277924115, 1
3, 9, 14, 2, 351494974, 932367832, 4, 9, 3061060546, 1
3, 9, 14, 2, 351494974, 932367832, 4, 8, 2858946570, 1
3, 9, 14, 2, 351494974, 932367832, 4, 7, 2543945543, 1
3, 9, 14, 2, 351494974, 932367832, 4, 6, 2188177532, 1
3, 9, 14, 2, 351494974, 932367832, 4, 5, 1713053056, 1
3, 9, 14, 2, 351494974, 932367832, 4, 4, 1182108246, 1
3, 9, 14, 2, 351494974, 932367832, 4, 3, 734215956, 1
3, 9, 14, 2, 351494974, 932367832, 4, 2, 389078176, 1
3, 9, 14, 2, 351494974, 932367832, 4, 1, 27229888, 0
3, 9, 14, 2, 351494974, 932367832, 4, 0, 51812744, 0
3, 9, 14, 2, 351494974, 932367832, 3, 17, 4017536597, 1
3, 9, 14, 2, 351494974, 932367832, 3, 16, 3942813803, 1
3, 9, 14, 2, 351494974, 932367832, 3, 15, 3860471671, 1
3, 9, 14, 2, 351494974, 932367832, 3, 14, 3766021741, 1
3, 9, 14, 2, 351494974, 932367832, 3, 13, 3670159820, 1
3, 9, 14, 2, 351494974, 932367832, 3, 12, 3560706772, 1
3, 9, 14, 2, 351494974, 932367832, 3, 11, 3408633382, 1
3, 9, 14, 2, 351494974, 932367832, 3, 10, 3245748380, 1
3, 9, 14, 2, 351494974, 932367832, 3, 9, 3039814046, 1
3, 9, 14, 2, 351494974, 932367832, 3, 8, 2836611243, 1
3, 9, 14, 2, 351494974, 932367832, 3, 7, 2504147870, 1
3, 9, 14, 2, 351494974, 932367832, 3, 6, 2157389422, 1
3, 9, 14, 2, 351494974, 932367832, 3, 5, 1670783907, 1
3, 9, 14, 2, 351494974, 932367832, 3, 4, 1185086696, 1
3, 9, 14, 2, 351494974, 932367832, 3, 3, 732653354, 1
3, 9, 14, 2, 351494974, 932367832, 3, 2, 380672124, 1
3, 9, 14, 2, 351494974, 932367832, 3, 1, 5402574, 0
3, 9, 14, 2, 351494974, 932367832, 3, 0, 12606004, 0
3, 9, 14, 2, 351494974, 932367832, 2, 17, 4045035884, 1
3, 9, 14, 2, 351494974, 932367832, 2, 16, 3973157948, 1
3, 9, 14, 2, 351494974, 932367832, 2, 15, 3886613044, 1
3, 9, 14, 2, 351494974, 932367832, 2, 14, 3795544310, 1
3, 9, 14, 2, 351494974, 932367832, 2, 13, 3698003755, 1
3, 9, 14, 2, 351494974, 932367832, 2, 12, 3597446799, 1
3, 9, 14, 2, 351494974, 932367832, 2, 11, 3447436315, 1
3, 9, 14, 2, 351494974, 932367832, 2, 10, 3292789110, 1
3, 9, 14, 2, 351494974, 932367832, 2, 9, 3080225662, 1
3, 9, 14, 2, 351494974, 932367832, 2, 8, 2882699648, 1
3, 9, 14, 2, 351494974, 932367832, 2, 7, 2523799105, 1
3, 9, 14, 2, 351494974, 932367832, 2, 6, 2177233350, 1
3, 9, 14, 2, 351494974, 932367832, 2, 5, 1690347755, 1
3, 9, 14, 2, 351494974, 932367832, 2, 4, 1202294966, 1
3, 9, 14, 2, 351494974, 932367832, 2, 3, 745357312, 1
3, 9, 14, 2, 351494974, 932367832, 2, 2, 387140652, 1
3, 9, 14, 2, 351494974, 932367832, 2, 1, 1, 1
3, 9, 14, 2, 351494974, 932367832, 2, 0, 1, 0
3, 9, 14, 2, 351494974, 932367832, 1, 17, 4068418645, 1
3, 9, 14, 2, 351494974, 932367832, 1, 16, 3990894375, 1
3, 9, 14, 2, 351494974, 932367832, 1, 15, 3905161262, 1
3, 9, 14, 2, 351494974, 932367832, 1, 14, 3818644993, 1
3, 9, 14, 2, 351494974, 932367832, 1, 13, 3720090323, 1
3, 9, 14, 2, 351494974, 932367832, 1, 12, 3619959533, 1
3, 9, 14, 2, 351494974, 932367832, 1, 11, 3469732613, 1
3, 9, 14, 2, 351494974, 932367832, 1, 10, 3326685699, 1
3, 9, 14, 2, 351494974, 932367832, 1, 9, 3113961131, 1
3, 9, 14, 2, 351494974, 932367832, 1, 8, 2914053307, 1
3, 9, 14, 2, 351494974, 932367832, 1, 7, 2576172102, 1
3, 9, 14, 2, 351494974, 932367832, 1, 6, 2232017406, 1
3, 9, 14, 2, 351494974, 932367832, 1, 5, 1736862183, 1
3, 9, 14, 2, 351494974, 932367832, 1, 4, 1245478003, 1
3, 9, 14, 2, 351494974, 932367832, 1, 3, 777982652, 1
3, 9, 14, 2, 351494974, 932367832, 1, 2, 408935018, 1
3, 9, 14, 2, 351494974, 932367832, 1, 1, 1, 1
3, 9, 14, 2, 351494974, 932367832, 1, 0, 1, 0
3, 9, 14, 2, 351494974, 932367832, 0, 17, 4240271170, 1
3, 9, 14, 2, 351494974, 932367832, 0, 16, 4171065050, 1
3, 9, 14, 2, 351494974, 932367832, 0, 15, 4092631446, 1
3, 9, 14, 2, 351494974, 932367832, 0, 14, 4002993042, 1
3, 9, 14, 2, 351494974, 932367832, 0, 13, 3899564114, 1
3, 9, 14, 2, 351494974, 932367832, 0, 12, 3810217356, 1
3, 9, 14, 2, 351494974, 932367832, 0, 11, 3670458106, 1
3, 9, 14, 2, 351494974, 932367832, 0, 10, 3540331396, 1
3, 9, 14, 2, 351494974, 932367832, 0, 9, 3339527207, 1
3, 9, 14, 2, 351494974, 932367832, 0, 8, 3163218344, 1
3, 9, 14, 2, 351494974, 932367832, 0, 7, 2755111316, 1
3, 9, 14, 2, 351494974, 932367832, 0, 6, 2401570344, 1
3, 9, 14, 2, 351494974, 932367832, 0, 5, 1902281832, 1
3, 9, 14, 2, 351494974, 932367832, 0, 4, 1405706874, 1
3, 9, 14, 2, 351494974, 932367832, 0, 3, 917683956, 1
3, 9, 14, 2, 351494974, 932367832, 0, 2, 526225065, 1
3, 9, 14, 2, 351494974, 932367832, 0, 1, 1, 1
3, 10, 14, 2, 932367833, 958214048, 5, 17, 3891928021, 1
3, 10, 14, 2, 932367833, 958214048, 5, 16, 3833415075, 1
3, 10, 14, 2, 932367833, 958214048, 5, 15, 3771202765, 1
3, 10, 14, 2, 932367833, 958214048, 5, 14, 3700598222, 1
3, 10, 14, 2, 932367833, 958214048, 5, 13, 3613719450, 1
3, 10, 14, 2, 932367833, 958214048, 5, 12, 3505546164, 1
3, 10, 14, 2, 932367833, 958214048, 5, 11, 3373732404, 1
3, 10, 14, 2, 932367833, 958214048, 5, 10, 3206468933, 1
3, 10, 14, 2, 932367833, 958214048, 5, 9, 3000342030, 1
3, 10, 14, 2, 932367833, 958214048, 5, 8, 2762897617, 1
3, 10, 14, 2, 932367833, 958214048, 5, 7, 2481800267, 1
3, 10, 14, 2, 932367833, 958214048, 5, 6, 2115559936, 1
3, 10, 14, 2, 932367833, 958214048, 5, 5, 1637631666, 1
3, 10, 14, 2, 932367833, 958214048, 5, 4, 1158914768, 1
3, 10, 14, 2, 932367833, 958214048, 5, 3, 725319381, 1
3, 10, 14, 2, 932367833, 958214048, 5, 2, 369135298, 1
3, 10, 14, 2, 932367833, 958214048, 5, 1, 28481429, 0
3, 10, 14, 2, 932367833, 958214048, 5, 0, 38521593, 0
3, 10, 14, 2, 932367833, 958214048, 4, 17, 3884926933, 1
3, 10, 14, 2, 932367833, 958214048, 4, 16, 3824899870, 1
3, 10, 14, 2, 932367833, 958214048, 4, 15, 3759850867, 1
3, 10, 14, 2, 932367833, 958214048, 4, 14, 3686006579, 1
3, 10, 14, 2, 932367833, 958214048, 4, 13, 3596296045, 1
3, 10, 14, 2, 932367833, 958214048, 4, 12, 3483238048, 1
3, 10, 14, 2, 932367833, 958214048, 4, 11, 3344570319, 1
3, 10, 14, 2, 932367833, 958214048, 4, 10, 3182485149, 1
3, 10, 14, 2, 932367833, 958214048, 4, 9, 2984536629, 1
3, 10, 14, 2, 932367833, 958214048, 4, 8, 2747821065, 1
3, 10, 14, 2, 932367833, 958214048, 4, 7, 2459339545, 1
3, 10, 14, 2, 932367833, 958214048, 4, 6, 2098865030, 1
3, 10, 14, 2, 932367833, 958214048, 4, 5, 1627154894, 1
3, 10, 14, 2, 932367833, 958214048, 4, 4, 1143475913, 1
3, 10, 14, 2, 932367833, 958214048, 4, 3, 702014202, 1
3, 10, 14, 2, 932367833, 958214048, 4, 2, 362784799, 1
3, 10, 14, 2, 932367833, 958214048, 4, 1, 13409751, 0
3, 10, 14, 2, 932367833, 958214048, 4, 0, 30171939, 0
3, 10, 14, 2, 932367833, 958214048, 3, 17, 3843831529, 1
3, 10, 14, 2, 932367833, 958214048, 3, 16, 3779695496, 1
3, 10, 14, 2, 932367833, 958214048, 3, 15, 3710294150, 1
3, 10, 14, 2, 932367833, 958214048, 3, 14, 3629357441, 1
3, 10, 14, 2, 932367833, 958214048, 3, 13, 3535205028, 1
3, 10, 14, 2, 932367833, 958214048, 3, 12, 3430134600, 1
3, 10, 14, 2, 932367833, 958214048, 3, 11, 3302064882, 1
3, 10, 14, 2, 932367833, 958214048, 3, 10, 3152214876, 1
3, 10, 14, 2, 932367833, 958214048, 3, 9, 2969369860, 1
3, 10, 14, 2, 932367833, 958214048, 3, 8, 2722487642, 1
3, 10, 14, 2, 932367833, 958214048, 3, 7, 2457361751, 1
3, 10, 14, 2, 932367833, 958214048, 3, 6, 2110340999, 1
3, 10, 14, 2, 932367833, 958214048, 3, 5, 1635900097, 1
3, 10, 14, 2, 932367833, 958214048, 3, 4, 1149796963, 1
3, 10, 14, 2, 932367833, 958214048, 3, 3, 704134709, 1
3, 10, 14, 2, 932367833, 958214048, 3, 2, 359508592, 1
3, 10, 14, 2, 932367833, 958214048, 3, 1, 1, 1
3, 10, 14, 2, 932367833, 958214048, 3, 0, 1, 0
3, 10, 14, 2, 932367833, 958214048, 2, 17, 3859263194, 1
3, 10, 14, 2, 932367833, 958214048, 2, 16, 3795409216, 1
3, 10, 14, 2, 932367833, 958214048, 2, 15, 3727262675, 1
3, 10, 14, 2, 932367833, 958214048, 2, 14, 3646973979, 1
3, 10, 14, 2, 932367833, 958214048, 2, 13, 3554073100, 1
3, 10, 14, 2, 932367833, 958214048, 2, 12, 3450514129, 1
3, 10, 14, 2, 932367833, 958214048, 2, 11, 3323590749, 1
3, 10, 14, 2, 932367833, 958214048, 2, 10, 3174244320, 1
3, 10, 14, 2, 932367833, 958214048, 2, 9, 2992481295, 1
3, 10, 14, 2, 932367833, 958214048, 2, 8, 2736337068, 1
3, 10, 14, 2, 932367833, 958214048, 2, 7, 2474121796, 1
3, 10, 14, 2, 932367833, 958214048, 2, 6, 2128734237, 1
3, 10, 14, 2, 932367833, 958214048, 2, 5, 1654415497, 1
3, 10, 14, 2, 932367833, 958214048, 2, 4, 1169253602, 1
3, 10, 14, 2, 932367833, 958214048, 2, 3, 718769016, 1
3, 10, 14, 2, 932367833, 958214048, 2, 2, 368861199, 1
3, 10, 14, 2, 932367833, 958214048, 2, 1, 1, 1
3, 10, 14, 2, 932367833, 958214048, 2, 0, 1, 0
3, 10, 14, 2, 932367833, 958214048, 1, 17, 3899945904, 1
3, 10, 14, 2, 932367833, 958214048, 1, 16, 3837884861, 1
3, 10, 14, 2, 932367833, 958214048, 1, 15, 3769235383, 1
3, 10, 14, 2, 932367833, 958214048, 1, 14, 3693413911, 1
3, 10, 14, 2, 932367833, 958214048, 1, 13, 3602262859, 1
3, 10, 14, 2, 932367833, 958214048, 1, 12, 3502623550, 1
3, 10, 14, 2, 932367833, 958214048, 1, 11, 3377116515, 1
3, 10, 14, 2, 932367833, 958214048, 1, 10, 3231894110, 1
3, 10, 14, 2, 932367833, 958214048, 1, 9, 3053782636, 1
3, 10, 14, 2, 932367833, 958214048, 1, 8, 2779621591, 1
3, 10, 14, 2, 932367833, 958214048, 1, 7, 2514323832, 1
3, 10, 14, 2, 932367833, 958214048, 1, 6, 2173356279, 1
3, 10, 14, 2, 932367833, 958214048, 1, 5, 1693129516, 1
3, 10, 14, 2, 932367833, 958214048, 1, 4, 1210328729, 1
3, 10, 14, 2, 932367833, 958214048, 1, 3, 750128247, 1
3, 10, 14, 2, 932367833, 958214048, 1, 2, 389436934, 1
3, 10, 14, 2, 932367833, 958214048, 1, 1, 1, 1
3, 10, 14, 2, 932367833, 958214048, 1, 0, 1, 0
3, 10, 14, 2, 932367833, 958214048, 0, 17, 4042681441, 1
3, 10, 14, 2, 932367833, 958214048, 0, 16, 3986226877, 1
3, 10, 14, 2, 932367833, 958214048, 0, 15, 3925178551, 1
3, 10, 14, 2, 932367833, 958214048, 0, 14, 3852265987, 1
3, 10, 14, 2, 932367833, 958214048, 0, 13, 3771520926, 1
3, 10, 14, 2, 932367833, 958214048, 0, 12, 3677318356, 1
3, 10, 14, 2, 932367833, 958214048, 0, 11, 3561987802, 1
3, 10, 14, 2, 932367833, 958214048, 0, 10, 3427991405, 1
3, 10, 14, 2, 932367833, 958214048, 0, 9, 3264218031, 1
3, 10, 14, 2, 932367833, 958214048, 0, 8, 2936352820, 1
3, 10, 14, 2, 932367833, 958214048, 0, 7, 2684224238, 1
3, 10, 14, 2, 932367833, 958214048, 0, 6, 2338266118, 1
3, 10, 14, 2, 932367833, 958214048, 0, 5, 1841836474, 1
3, 10, 14, 2, 932367833, 958214048, 0, 4, 1369147967, 1
3, 10, 14, 2, 932367833, 958214048, 0, 3, 885187150, 1
3, 10, 14, 2, 932367833, 958214048, 0, 2, 501852461, 1
3, 10, 14, 2, 932367833, 958214048, 0, 1, 1, 1
3, 11, 14, 2, 958214049, 996914631, 5, 17, 3881416297, 1
3, 11, 14, 2, 958214049, 996914631, 5, 16, 3822241869, 1
3, 11, 14, 2, 958214049, 996914631, 5, 15, 3759284522, 1
3, 11, 14, 2, 958214049, 996914631, 5, 14, 3687834486, 1
3, 11, 14, 2, 958214049, 996914631, 5, 13, 3599987982, 1
3, 11, 14, 2, 958214049, 996914631, 5, 12, 3490696149, 1
3, 11, 14, 2, 958214049, 996914631, 5, 11, 3357574792, 1
3, 11, 14, 2, 958214049, 996914631, 5, 10, 3188762321, 1
3, 11, 14, 2, 958214049, 996914631, 5, 9, 2980771366, 1
3, 11, 14, 2, 958214049, 996914631, 5, 8, 2760021539, 1
3, 11, 14, 2, 958214049, 996914631, 5, 7, 2482317411, 1
3, 11, 14, 2, 958214049, 996914631, 5, 6, 2116061556, 1
3, 11, 14, 2, 958214049, 996914631, 5, 5, 1638112440, 1
3, 11, 14, 2, 958214049, 996914631, 5, 4, 1159366068, 1
3, 11, 14, 2, 958214049, 996914631, 5, 3, 725725832, 1
3, 11, 14, 2, 958214049, 996914631, 5, 2, 369465241, 1
3, 11, 14, 2, 958214049, 996914631, 5, 1, 28651400, 0
3, 11, 14, 2, 958214049, 996914631, 5, 0, 38770883, 0
3, 11, 14, 2, 958214049, 996914631, 4, 17, 3872163198, 1
3, 11, 14, 2, 958214049, 996914631, 4, 16, 3811339292, 1
3, 11, 14, 2, 958214049, 996914631, 4, 15, 3745392580, 1
3, 11, 14, 2, 958214049, 996914631, 4, 14, 3670529270, 1
3, 11, 14, 2, 958214049, 996914631, 4, 13, 3579652031, 1
3, 11, 14, 2, 958214049, 996914631, 4, 12, 3465245032, 1
3, 11, 14, 2, 958214049, 996914631, 4, 11, 3324999655, 1
3, 11, 14, 2, 958214049, 996914631, 4, 10, 3161044681, 1
3, 11, 14, 2, 958214049, 996914631, 4, 9, 2960844763, 1
3, 11, 14, 2, 958214049, 996914631, 4, 8, 2744229221, 1
3, 11, 14, 2, 958214049, 996914631, 4, 7, 2459834929, 1
3, 11, 14, 2, 958214049, 996914631, 4, 6, 2099341614, 1
3, 11, 14, 2, 958214049, 996914631, 4, 5, 1627606195, 1
3, 11, 14, 2, 958214049, 996914631, 4, 4, 1143891397, 1
3, 11, 14, 2, 958214049, 996914631, 4, 3, 702375016, 1
3, 11, 14, 2, 958214049, 996914631, 4, 2, 363051896, 1
3, 11, 14, 2, 958214049, 996914631, 4, 1, 13478998, 0
3, 11, 14, 2, 958214049, 996914631, 4, 0, 30327745, 0
3, 11, 14, 2, 958214049, 996914631, 3, 17, 3830224627, 1
3, 11, 14, 2, 958214049, 996914631, 3, 16, 3765239035, 1
3, 11, 14, 2, 958214049, 996914631, 3, 15, 3694880248, 1
3, 11, 14, 2, 958214049, 996914631, 3, 14, 3612856276, 1
3, 11, 14, 2, 958214049, 996914631, 3, 13, 3517458454, 1
3, 11, 14, 2, 958214049, 996914631, 3, 12, 3410947257, 1
3, 11, 14, 2, 958214049, 996914631, 3, 11, 3281191533, 1
3, 11, 14, 2, 958214049, 996914631, 3, 10, 3129341846, 1
3, 11, 14, 2, 958214049, 996914631, 3, 9, 2944086958, 1
3, 11, 14, 2, 958214049, 996914631, 3, 8, 2722986222, 1
3, 11, 14, 2, 958214049, 996914631, 3, 7, 2457844248, 1
3, 11, 14, 2, 958214049, 996914631, 3, 6, 2110802648, 1
3, 11, 14, 2, 958214049, 996914631, 3, 5, 1636333645, 1
3, 11, 14, 2, 958214049, 996914631, 3, 4, 1150190579, 1
3, 11, 14, 2, 958214049, 996914631, 3, 3, 704467095, 1
3, 11, 14, 2, 958214049, 996914631, 3, 2, 359735219, 1
3, 11, 14, 2, 958214049, 996914631, 3, 1, 1, 1
3, 11, 14, 2, 958214049, 996914631, 3, 0, 1, 0
3, 11, 14, 2, 958214049, 996914631, 2, 17, 3840846938, 1
3, 11, 14, 2, 958214049, 996914631, 2, 16, 3775850591, 1
3, 11, 14, 2, 958214049, 996914631, 2, 15, 3706415847, 1
3, 11, 14, 2, 958214049, 996914631, 2, 14, 3624663283, 1
3, 11, 14, 2, 958214049, 996914631, 2, 13, 3530084312, 1
3, 11, 14, 2, 958214049, 996914631, 2, 12, 3424582288, 1
3, 11, 14, 2, 958214049, 996914631, 2, 11, 3295382759, 1
3, 11, 14, 2, 958214049, 996914631, 2, 10, 3143333403, 1
3, 11, 14, 2, 958214049, 996914631, 2, 9, 2958308226, 1
3, 11, 14, 2, 958214049, 996914631, 2, 8, 2736840443, 1
3, 11, 14, 2, 958214049, 996914631, 2, 7, 2474609538, 1
3, 11, 14, 2, 958214049, 996914631, 2, 6, 2129201656, 1
3, 11, 14, 2, 958214049, 996914631, 2, 5, 1654855421, 1
3, 11, 14, 2, 958214049, 996914631, 2, 4, 1169654247, 1
3, 11, 14, 2, 958214049, 996914631, 2, 3, 719108957, 1
3, 11, 14, 2, 958214049, 996914631, 2, 2, 369094908, 1
3, 11, 14, 2, 958214049, 996914631, 2, 1, 1, 1
3, 11, 14, 2, 958214049, 996914631, 2, 0, 1, 0
3, 11, 14, 2, 958214049, 996914631, 1, 17, 3871773527, 1
3, 11, 14, 2, 958214049, 996914631, 1, 16, 3807967296, 1
3, 11, 14, 2, 958214049, 996914631, 1, 15, 3737347445, 1
3, 11, 14, 2, 958214049, 996914631, 1, 14, 3659283823, 1
3, 11, 14, 2, 958214049, 996914631, 1, 13, 3565558452, 1
3, 11, 14, 2, 958214049, 996914631, 1, 12, 3462932933, 1
3, 11, 14, 2, 958214049, 996914631, 1, 11, 3333920346, 1
3, 11, 14, 2, 958214049, 996914631, 1, 10, 3184524665, 1
3, 11, 14, 2, 958214049, 996914631, 1, 9, 3001361331, 1
3, 11, 14, 2, 958214049, 996914631, 1, 8, 2780134835, 1
3, 11, 14, 2, 958214049, 996914631, 1, 7, 2514822412, 1
3, 11, 14, 2, 958214049, 996914631, 1, 6, 2173835683, 1
3, 11, 14, 2, 958214049, 996914631, 1, 5, 1693582771, 1
3, 11, 14, 2, 958214049, 996914631, 1, 4, 1210744213, 1
3, 11, 14, 2, 958214049, 996914631, 1, 3, 750484376, 1
3, 11, 14, 2, 958214049, 996914631, 1, 2, 389686224, 1
3, 11, 14, 2, 958214049, 996914631, 1, 1, 1, 1
3, 11, 14, 2, 958214049, 996914631, 1, 0, 1, 0
3, 11, 14, 2, 958214049, 996914631, 0, 17, 3984092923, 1
3, 11, 14, 2, 958214049, 996914631, 0, 16, 3923937626, 1
3, 11, 14, 2, 958214049, 996914631, 0, 15, 3858695135, 1
3, 11, 14, 2, 958214049, 996914631, 0, 14, 3780989238, 1
3, 11, 14, 2, 958214049, 996914631, 0, 13, 3694713411, 1
3, 11, 14, 2, 958214049, 996914631, 0, 12, 3594058279, 1
3, 11, 14, 2, 958214049, 996914631, 0, 11, 3471101970, 1
3, 11, 14, 2, 958214049, 996914631, 0, 10, 3327954668, 1
3, 11, 14, 2, 958214049, 996914631, 0, 9, 3152996854, 1
3, 11, 14, 2, 958214049, 996914631, 0, 8, 2936898142, 1
3, 11, 14, 2, 958214049, 996914631, 0, 7, 2684758431, 1
3, 11, 14, 2, 958214049, 996914631, 0, 6, 2338785472, 1
3, 11, 14, 2, 958214049, 996914631, 0, 5, 1842335054, 1
3, 11, 14, 2, 958214049, 996914631, 0, 4, 1369615386, 1
3, 11, 14, 2, 958214049, 996914631, 0, 3, 885602634, 1
3, 11, 14, 2, 958214049, 996914631, 0, 2, 502164073, 1
3, 11, 14, 2, 958214049, 996914631, 0, 1, 1, 1
3, 12, 14, 2, 996914632, 1547938136, 5, 17, 4093348021, 1
3, 12, 14, 2, 996914632, 1547938136, 5, 16, 4029232202, 1
3, 12, 14, 2, 996914632, 1547938136, 5, 15, 3959465338, 1
3, 12, 14, 2, 996914632, 1547938136, 5, 14, 3880415358, 1
3, 12, 14, 2, 996914632, 1547938136, 5, 13, 3778555786, 1
3, 12, 14, 2, 996914632, 1547938136, 5, 12, 3673802989, 1
3, 12, 14, 2, 996914632, 1547938136, 5, 11, 3521825407, 1
3, 12, 14, 2, 996914632, 1547938136, 5, 10, 3352851104, 1
3, 12, 14, 2, 996914632, 1547938136, 5, 9, 3146259405, 1
3, 12, 14, 2, 996914632, 1547938136, 5, 8, 2904360863, 1
3, 12, 14, 2, 996914632, 1547938136, 5, 7, 2569912919, 1
3, 12, 14, 2, 996914632, 1547938136, 5, 6, 2139108348, 1
3, 12, 14, 2, 996914632, 1547938136, 5, 5, 1653566635, 1
3, 12, 14, 2, 996914632, 1547938136, 5, 4, 1174715197, 1
3, 12, 14, 2, 996914632, 1547938136, 5, 3, 739526156, 1
3, 12, 14, 2, 996914632, 1547938136, 5, 2, 381383320, 1
3, 12, 14, 2, 996914632, 1547938136, 5, 1, 36633873, 0
3, 12, 14, 2, 996914632, 1547938136, 5, 0, 46424225, 0
3, 12, 14, 2, 996914632, 1547938136, 4, 17, 4108184699, 1
3, 12, 14, 2, 996914632, 1547938136, 4, 16, 4041630422, 1
3, 12, 14, 2, 996914632, 1547938136, 4, 15, 3969595103, 1
3, 12, 14, 2, 996914632, 1547938136, 4, 14, 3887973999, 1
3, 12, 14, 2, 996914632, 1547938136, 4, 13, 3780833948, 1
3, 12, 14, 2, 996914632, 1547938136, 4, 12, 3671163540, 1
3, 12, 14, 2, 996914632, 1547938136, 4, 11, 3508907514, 1
3, 12, 14, 2, 996914632, 1547938136, 4, 10, 3347759743, 1
3, 12, 14, 2, 996914632, 1547938136, 4, 9, 3148595173, 1
3, 12, 14, 2, 996914632, 1547938136, 4, 8, 2905708615, 1
3, 12, 14, 2, 996914632, 1547938136, 4, 7, 2551917785, 1
3, 12, 14, 2, 996914632, 1547938136, 4, 6, 2112232624, 1
3, 12, 14, 2, 996914632, 1547938136, 4, 5, 1642299184, 1
3, 12, 14, 2, 996914632, 1547938136, 4, 4, 1158452145, 1
3, 12, 14, 2, 996914632, 1547938136, 4, 3, 715052598, 1
3, 12, 14, 2, 996914632, 1547938136, 4, 2, 373423843, 1
3, 12, 14, 2, 996914632, 1547938136, 4, 1, 18983497, 0
3, 12, 14, 2, 996914632, 1547938136, 4, 0, 35111084, 0
3, 12, 14, 2, 996914632, 1547938136, 3, 17, 4117535637, 1
3, 12, 14, 2, 996914632, 1547938136, 3, 16, 4045190623, 1
3, 12, 14, 2, 996914632, 1547938136, 3, 15, 3966998250, 1
3, 12, 14, 2, 996914632, 1547938136, 3, 14, 3880292468, 1
3, 12, 14, 2, 996914632, 1547938136, 3, 13, 3778170272, 1
3, 12, 14, 2, 996914632, 1547938136, 3, 12, 3663629703, 1
3, 12, 14, 2, 996914632, 1547938136, 3, 11, 3507303493, 1
3, 12, 14, 2, 996914632, 1547938136, 3, 10, 3339395579, 1
3, 12, 14, 2, 996914632, 1547938136, 3, 9, 3152291205, 1
3, 12, 14, 2, 996914632, 1547938136, 3, 8, 2919989449, 1
3, 12, 14, 2, 996914632, 1547938136, 3, 7, 2568157933, 1
3, 12, 14, 2, 996914632, 1547938136, 3, 6, 2122783915, 1
3, 12, 14, 2, 996914632, 1547938136, 3, 5, 1650700163, 1
3, 12, 14, 2, 996914632, 1547938136, 3, 4, 1164555028, 1
3, 12, 14, 2, 996914632, 1547938136, 3, 3, 716698694, 1
3, 12, 14, 2, 996914632, 1547938136, 3, 2, 369457088, 1
3, 12, 14, 2, 996914632, 1547938136, 3, 1, 4343877, 1
3, 12, 14, 2, 996914632, 1547938136, 3, 0, 1, 0
3, 12, 14, 2, 996914632, 1547938136, 2, 17, 4114470971, 1
3, 12, 14, 2, 996914632, 1547938136, 2, 16, 4045320254, 1
3, 12, 14, 2, 996914632, 1547938136, 2, 15, 3959166790, 1
3, 12, 14, 2, 996914632, 1547938136, 2, 14, 3877579880, 1
3, 12, 14, 2, 996914632, 1547938136, 2, 13, 3780291068, 1
3, 12, 14, 2, 996914632, 1547938136, 2, 12, 3672473511, 1
3, 12, 14, 2, 996914632, 1547938136, 2, 11, 3526224901, 1
3, 12, 14, 2, 996914632, 1547938136, 2, 10, 3365153969, 1
3, 12, 14, 2, 996914632, 1547938136, 2, 9, 3177192810, 1
3, 12, 14, 2, 996914632, 1547938136, 2, 8, 2956885410, 1
3, 12, 14, 2, 996914632, 1547938136, 2, 7, 2598801796, 1
3, 12, 14, 2, 996914632, 1547938136, 2, 6, 2147743326, 1
3, 12, 14, 2, 996914632, 1547938136, 2, 5, 1673292676, 1
3, 12, 14, 2, 996914632, 1547938136, 2, 4, 1185048851, 1
3, 12, 14, 2, 996914632, 1547938136, 2, 3, 732309618, 1
3, 12, 14, 2, 996914632, 1547938136, 2, 2, 380070809, 1
3, 12, 14, 2, 996914632, 1547938136, 2, 1, 6081428, 1
3, 12, 14, 2, 996914632, 1547938136, 2, 0, 1, 0
3, 12, 14, 2, 996914632, 1547938136, 1, 17, 4140226605, 1
3, 12, 14, 2, 996914632, 1547938136, 1, 16, 4067130298, 1
3, 12, 14, 2, 996914632, 1547938136, 1, 15, 3973634850, 1
3, 12, 14, 2, 996914632, 1547938136, 1, 14, 3904540195, 1
3, 12, 14, 2, 996914632, 1547938136, 1, 13, 3804385265, 1
3, 12, 14, 2, 996914632, 1547938136, 1, 12, 3711870861, 1
3, 12, 14, 2, 996914632, 1547938136, 1, 11, 3572911278, 1
3, 12, 14, 2, 996914632, 1547938136, 1, 10, 3407253917, 1
3, 12, 14, 2, 996914632, 1547938136, 1, 9, 3238016131, 1
3, 12, 14, 2, 996914632, 1547938136, 1, 8, 3008904880, 1
3, 12, 14, 2, 996914632, 1547938136, 1, 7, 2634997269, 1
3, 12, 14, 2, 996914632, 1547938136, 1, 6, 2198588479, 1
3, 12, 14, 2, 996914632, 1547938136, 1, 5, 1719357283, 1
3, 12, 14, 2, 996914632, 1547938136, 1, 4, 1226878354, 1
3, 12, 14, 2, 996914632, 1547938136, 1, 3, 765761598, 1
3, 12, 14, 2, 996914632, 1547938136, 1, 2, 403420994, 1
3, 12, 14, 2, 996914632, 1547938136, 1, 1, 10135713, 1
3, 12, 14, 2, 996914632, 1547938136, 1, 0, 1, 0
3, 12, 14, 2, 996914632, 1547938136, 0, 17, 4286716100, 1
3, 12, 14, 2, 996914632, 1547938136, 0, 16, 4209866497, 1
3, 12, 14, 2, 996914632, 1547938136, 0, 15, 4122770281, 1
3, 12, 14, 2, 996914632, 1547938136, 0, 14, 4062560227, 1
3, 12, 14, 2, 996914632, 1547938136, 0, 13, 3950733342, 1
3, 12, 14, 2, 996914632, 1547938136, 0, 12, 3854268003, 1
3, 12, 14, 2, 996914632, 1547938136, 0, 11, 3703173300, 1
3, 12, 14, 2, 996914632, 1547938136, 0, 10, 3562658890, 1
3, 12, 14, 2, 996914632, 1547938136, 0, 9, 3411653394, 1
3, 12, 14, 2, 996914632, 1547938136, 0, 8, 3153090639, 1
3, 12, 14, 2, 996914632, 1547938136, 0, 7, 2781795309, 1
3, 12, 14, 2, 996914632, 1547938136, 0, 6, 2376472067, 1
3, 12, 14, 2, 996914632, 1547938136, 0, 5, 1883732297, 1
3, 12, 14, 2, 996914632, 1547938136, 0, 4, 1391567187, 1
3, 12, 14, 2, 996914632, 1547938136, 0, 3, 908493916, 1
3, 12, 14, 2, 996914632, 1547938136, 0, 2, 526934320, 1
3, 12, 14, 2, 996914632, 1547938136, 0, 1, 30407139, 1
3, 13, 14, 2, 1547938137, 1640893314, 5, 17, 4189071308, 1
3, 13, 14, 2, 1547938137, 1640893314, 5, 16, 4129599067, 1
3, 13, 14, 2, 1547938137, 1640893314, 5, 15, 4057075635, 1
3, 13, 14, 2, 1547938137, 1640893314, 5, 14, 3989127777, 1
3, 13, 14, 2, 1547938137, 1640893314, 5, 13, 3897625021, 1
3, 13, 14, 2, 1547938137, 1640893314, 5, 12, 3804843089, 1
3, 13, 14, 2, 1547938137, 1640893314, 5, 11, 3666859616, 1
3, 13, 14, 2, 1547938137, 1640893314, 5, 10, 3516871075, 1
3, 13, 14, 2, 1547938137, 1640893314, 5, 9, 3329093655, 1
3, 13, 14, 2, 1547938137, 1640893314, 5, 8, 3109843015, 1
3, 13, 14, 2, 1547938137, 1640893314, 5, 7, 2806038350, 1
3, 13, 14, 2, 1547938137, 1640893314, 5, 6, 2409475631, 1
3, 13, 14, 2, 1547938137, 1640893314, 5, 5, 1976861329, 1
3, 13, 14, 2, 1547938137, 1640893314, 5, 4, 1570625961, 1
3, 13, 14, 2, 1547938137, 1640893314, 5, 3, 827013157, 1
3, 13, 14, 2, 1547938137, 1640893314, 5, 2, 407192853, 1
3, 13, 14, 2, 1547938137, 1640893314, 5, 1, 29182261, 0
3, 13, 14, 2, 1547938137, 1640893314, 5, 0, 42476000, 0
3, 13, 14, 2, 1547938137, 1640893314, 4, 17, 4186400265, 1
3, 13, 14, 2, 1547938137, 1640893314, 4, 16, 4122836256, 1
3, 13, 14, 2, 1547938137, 1640893314, 4, 15, 4044565459, 1
3, 13, 14, 2, 1547938137, 1640893314, 4, 14, 3972981138, 1
3, 13, 14, 2, 1547938137, 1640893314, 4, 13, 3874505145, 1
3, 13, 14, 2, 1547938137, 1640893314, 4, 12, 3774852555, 1
3, 13, 14, 2, 1547938137, 1640893314, 4, 11, 3624312281, 1
3, 13, 14, 2, 1547938137, 1640893314, 4, 10, 3479948514, 1
3, 13, 14, 2, 1547938137, 1640893314, 4, 9, 3296137202, 1
3, 13, 14, 2, 1547938137, 1640893314, 4, 8, 3071579885, 1
3, 13, 14, 2, 1547938137, 1640893314, 4, 7, 2743484969, 1
3, 13, 14, 2, 1547938137, 1640893314, 4, 6, 2337053344, 1
3, 13, 14, 2, 1547938137, 1640893314, 4, 5, 1891303912, 1
3, 13, 14, 2, 1547938137, 1640893314, 4, 4, 1464813732, 1
3, 13, 14, 2, 1547938137, 1640893314, 4, 3, 749001080, 1
3, 13, 14, 2, 1547938137, 1640893314, 4, 2, 401039713, 1
3, 13, 14, 2, 1547938137, 1640893314, 4, 1, 12610513, 0
3, 13, 14, 2, 1547938137, 1640893314, 4, 0, 27156218, 0
3, 13, 14, 2, 1547938137, 1640893314, 3, 17, 4215382018, 1
3, 13, 14, 2, 1547938137, 1640893314, 3, 16, 4150941675, 1
3, 13, 14, 2, 1547938137, 1640893314, 3, 15, 4064651135, 1
3, 13, 14, 2, 1547938137, 1640893314, 3, 14, 3990215265, 1
3, 13, 14, 2, 1547938137, 1640893314, 3, 13, 3898600681, 1
3, 13, 14, 2, 1547938137, 1640893314, 3, 12, 3796215976, 1
3, 13, 14, 2, 1547938137, 1640893314, 3, 11, 3654114714, 1
3, 13, 14, 2, 1547938137, 1640893314, 3, 10, 3503078249, 1
3, 13, 14, 2, 1547938137, 1640893314, 3, 9, 3334218481, 1
3, 13, 14, 2, 1547938137, 1640893314, 3, 8, 3123686116, 1
3, 13, 14, 2, 1547938137, 1640893314, 3, 7, 2802596991, 1
3, 13, 14, 2, 1547938137, 1640893314, 3, 6, 2397074221, 1
3, 13, 14, 2, 1547938137, 1640893314, 3, 5, 1960364663, 1
3, 13, 14, 2, 1547938137, 1640893314, 3, 4, 1544516482, 1
3, 13, 14, 2, 1547938137, 1640893314, 3, 3, 753584014, 1
3, 13, 14, 2, 1547938137, 1640893314, 3, 2, 400962598, 1
3, 13, 14, 2, 1547938137, 1640893314, 3, 1, 1391355, 0
3, 13, 14, 2, 1547938137, 1640893314, 3, 0, 1623248, 0
3, 13, 14, 2, 1547938137, 1640893314, 2, 17, 4184524042, 1
3, 13, 14, 2, 1547938137, 1640893314, 2, 16, 4121649921, 1
3, 13, 14, 2, 1547938137, 1640893314, 2, 15, 4035841986, 1
3, 13, 14, 2, 1547938137, 1640893314, 2, 14, 3966272849, 1
3, 13, 14, 2, 1547938137, 1640893314, 2, 13, 3878002318, 1
3, 13, 14, 2, 1547938137, 1640893314, 2, 12, 3780626980, 1
3, 13, 14, 2, 1547938137, 1640893314, 2, 11, 3646610685, 1
3, 13, 14, 2, 1547938137, 1640893314, 2, 10, 3500065625, 1
3, 13, 14, 2, 1547938137, 1640893314, 2, 9, 3326828159, 1
3, 13, 14, 2, 1547938137, 1640893314, 2, 8, 3123773402, 1
3, 13, 14, 2, 1547938137, 1640893314, 2, 7, 2791965204, 1
3, 13, 14, 2, 1547938137, 1640893314, 2, 6, 2375064775, 1
3, 13, 14, 2, 1547938137, 1640893314, 2, 5, 1922017226, 1
3, 13, 14, 2, 1547938137, 1640893314, 2, 4, 1491530609, 1
3, 13, 14, 2, 1547938137, 1640893314, 2, 3, 770932275, 1
3, 13, 14, 2, 1547938137, 1640893314, 2, 2, 413797038, 1
3, 13, 14, 2, 1547938137, 1640893314, 2, 1, 1947897, 0
3, 13, 14, 2, 1547938137, 1640893314, 2, 0, 2434871, 0
3, 13, 14, 2, 1547938137, 1640893314, 1, 17, 4187931292, 1
3, 13, 14, 2, 1547938137, 1640893314, 1, 16, 4119820533, 1
3, 13, 14, 2, 1547938137, 1640893314, 1, 15, 4021746843, 1
3, 13, 14, 2, 1547938137, 1640893314, 1, 14, 3965080587, 1
3, 13, 14, 2, 1547938137, 1640893314, 1, 13, 3871969898, 1
3, 13, 14, 2, 1547938137, 1640893314, 1, 12, 3787626813, 1
3, 13, 14, 2, 1547938137, 1640893314, 1, 11, 3658259649, 1
3, 13, 14, 2, 1547938137, 1640893314, 1, 10, 3504021834, 1
3, 13, 14, 2, 1547938137, 1640893314, 1, 9, 3344322525, 1
3, 13, 14, 2, 1547938137, 1640893314, 1, 8, 3131783422, 1
3, 13, 14, 2, 1547938137, 1640893314, 1, 7, 2778867198, 1
3, 13, 14, 2, 1547938137, 1640893314, 1, 6, 2369908683, 1
3, 13, 14, 2, 1547938137, 1640893314, 1, 5, 1894722189, 1
3, 13, 14, 2, 1547938137, 1640893314, 1, 4, 1444309950, 1
3, 13, 14, 2, 1547938137, 1640893314, 1, 3, 807411444, 1
3, 13, 14, 2, 1547938137, 1640893314, 1, 2, 441058858, 1
3, 13, 14, 2, 1547938137, 1640893314, 1, 1, 1623248, 0
3, 13, 14, 2, 1547938137, 1640893314, 1, 0, 4869742, 0
3, 13, 14, 2, 1547938137, 1640893314, 0, 17, 4295579969, 1
3, 13, 14, 2, 1547938137, 1640893314, 0, 16, 4221444163, 1
3, 13, 14, 2, 1547938137, 1640893314, 0, 15, 4116328935, 1
3, 13, 14, 2, 1547938137, 1640893314, 0, 14, 4072061835, 1
3, 13, 14, 2, 1547938137, 1640893314, 0, 13, 3963624063, 1
3, 13, 14, 2, 1547938137, 1640893314, 0, 12, 3871112689, 1
3, 13, 14, 2, 1547938137, 1640893314, 0, 11, 3724690854, 1
3, 13, 14, 2, 1547938137, 1640893314, 0, 10, 3589783885, 1
3, 13, 14, 2, 1547938137, 1640893314, 0, 9, 3436585429, 1
3, 13, 14, 2, 1547938137, 1640893314, 0, 8, 3185458786, 1
3, 13, 14, 2, 1547938137, 1640893314, 0, 7, 2823724172, 1
3, 13, 14, 2, 1547938137, 1640893314, 0, 6, 2431148552, 1
3, 13, 14, 2, 1547938137, 1640893314, 0, 5, 1919881208, 1
3, 13, 14, 2, 1547938137, 1640893314, 0, 4, 1426490323, 1
3, 13, 14, 2, 1547938137, 1640893314, 0, 3, 941168394, 1
3, 13, 14, 2, 1547938137, 1640893314, 0, 2, 550106137, 1
3, 13, 14, 2, 1547938137, 1640893314, 0, 1, 1, 1
3, 14, 14, 2, 1640893315, 1689955449, 5, 17, 4178234279, 1
3, 14, 14, 2, 1640893315, 1689955449, 5, 16, 4125383347, 1
3, 14, 14, 2, 1640893315, 1689955449, 5, 15, 4060317601, 1
3, 14, 14, 2, 1640893315, 1689955449, 5, 14, 4000832960, 1
3, 14, 14, 2, 1640893315, 1689955449, 5, 13, 3919017018, 1
3, 14, 14, 2, 1640893315, 1689955449, 5, 12, 3837431533, 1
3, 14, 14, 2, 1640893315, 1689955449, 5, 11, 3712536865, 1
3, 14, 14, 2, 1640893315, 1689955449, 5, 10, 3578053523, 1
3, 14, 14, 2, 1640893315, 1689955449, 5, 9, 3408934903, 1
3, 14, 14, 2, 1640893315, 1689955449, 5, 8, 3212567697, 1
3, 14, 14, 2, 1640893315, 1689955449, 5, 7, 2937489043, 1
3, 14, 14, 2, 1640893315, 1689955449, 5, 6, 2578059949, 1
3, 14, 14, 2, 1640893315, 1689955449, 5, 5, 2195310802, 1
3, 14, 14, 2, 1640893315, 1689955449, 5, 4, 1859574444, 1
3, 14, 14, 2, 1640893315, 1689955449, 5, 3, 1125169274, 1
3, 14, 14, 2, 1640893315, 1689955449, 5, 2, 524795075, 1
3, 14, 14, 2, 1640893315, 1689955449, 5, 1, 71138285, 0
3, 14, 14, 2, 1640893315, 1689955449, 5, 0, 97271482, 0
3, 14, 14, 2, 1640893315, 1689955449, 4, 17, 4184555568, 1
3, 14, 14, 2, 1640893315, 1689955449, 4, 16, 4128161264, 1
3, 14, 14, 2, 1640893315, 1689955449, 4, 15, 4057967730, 1
3, 14, 14, 2, 1640893315, 1689955449, 4, 14, 3995552194, 1
3, 14, 14, 2, 1640893315, 1689955449, 4, 13, 3907573795, 1
3, 14, 14, 2, 1640893315, 1689955449, 4, 12, 3820059048, 1
3, 14, 14, 2, 1640893315, 1689955449, 4, 11, 3683713880, 1
3, 14, 14, 2, 1640893315, 1689955449, 4, 10, 3556173940, 1
3, 14, 14, 2, 1640893315, 1689955449, 4, 9, 3392619892, 1
3, 14, 14, 2, 1640893315, 1689955449, 4, 8, 3192923760, 1
3, 14, 14, 2, 1640893315, 1689955449, 4, 7, 2896064693, 1
3, 14, 14, 2, 1640893315, 1689955449, 4, 6, 2530055931, 1
3, 14, 14, 2, 1640893315, 1689955449, 4, 5, 2138668281, 1
3, 14, 14, 2, 1640893315, 1689955449, 4, 4, 1789190625, 1
3, 14, 14, 2, 1640893315, 1689955449, 4, 3, 1072202888, 1
3, 14, 14, 2, 1640893315, 1689955449, 4, 2, 483910120, 1
3, 14, 14, 2, 1640893315, 1689955449, 4, 1, 32907081, 0
3, 14, 14, 2, 1640893315, 1689955449, 4, 0, 74040931, 0
3, 14, 14, 2, 1640893315, 1689955449, 3, 17, 4207909925, 1
3, 14, 14, 2, 1640893315, 1689955449, 3, 16, 4150324725, 1
3, 14, 14, 2, 1640893315, 1689955449, 3, 15, 4071759823, 1
3, 14, 14, 2, 1640893315, 1689955449, 3, 14, 4006097135, 1
3, 14, 14, 2, 1640893315, 1689955449, 3, 13, 3924531832, 1
3, 14, 14, 2, 1640893315, 1689955449, 3, 12, 3833772766, 1
3, 14, 14, 2, 1640893315, 1689955449, 3, 11, 3705275975, 1
3, 14, 14, 2, 1640893315, 1689955449, 3, 10, 3570375046, 1
3, 14, 14, 2, 1640893315, 1689955449, 3, 9, 3420960667, 1
3, 14, 14, 2, 1640893315, 1689955449, 3, 8, 3234318351, 1
3, 14, 14, 2, 1640893315, 1689955449, 3, 7, 2943284449, 1
3, 14, 14, 2, 1640893315, 1689955449, 3, 6, 2576722153, 1
3, 14, 14, 2, 1640893315, 1689955449, 3, 5, 2192524540, 1
3, 14, 14, 2, 1640893315, 1689955449, 3, 4, 1851298595, 1
3, 14, 14, 2, 1640893315, 1689955449, 3, 3, 1123868908, 1
3, 14, 14, 2, 1640893315, 1689955449, 3, 2, 488715172, 1
3, 14, 14, 2, 1640893315, 1689955449, 3, 1, 1, 1
3, 14, 14, 2, 1640893315, 1689955449, 3, 0, 1, 0
3, 14, 14, 2, 1640893315, 1689955449, 2, 17, 4179454061, 1
3, 14, 14, 2, 1640893315, 1689955449, 2, 16, 4123613486, 1
3, 14, 14, 2, 1640893315, 1689955449, 2, 15, 4045736997, 1
3, 14, 14, 2, 1640893315, 1689955449, 2, 14, 3985180866, 1
3, 14, 14, 2, 1640893315, 1689955449, 2, 13, 3907242317, 1
3, 14, 14, 2, 1640893315, 1689955449, 2, 12, 3821830328, 1
3, 14, 14, 2, 1640893315, 1689955449, 2, 11, 3701828241, 1
3, 14, 14, 2, 1640893315, 1689955449, 2, 10, 3571925053, 1
3, 14, 14, 2, 1640893315, 1689955449, 2, 9, 3418772605, 1
3, 14, 14, 2, 1640893315, 1689955449, 2, 8, 3240437871, 1
3, 14, 14, 2, 1640893315, 1689955449, 2, 7, 2939798396, 1
3, 14, 14, 2, 1640893315, 1689955449, 2, 6, 2563417308, 1
3, 14, 14, 2, 1640893315, 1689955449, 2, 5, 2165190043, 1
3, 14, 14, 2, 1640893315, 1689955449, 2, 4, 1813018119, 1
3, 14, 14, 2, 1640893315, 1689955449, 2, 3, 1144017970, 1
3, 14, 14, 2, 1640893315, 1689955449, 2, 2, 481322280, 1
3, 14, 14, 2, 1640893315, 1689955449, 2, 1, 1, 1
3, 14, 14, 2, 1640893315, 1689955449, 2, 0, 1, 0
3, 14, 14, 2, 1640893315, 1689955449, 1, 17, 4221857567, 1
3, 14, 14, 2, 1640893315, 1689955449, 1, 16, 4163214809, 1
3, 14, 14, 2, 1640893315, 1689955449, 1, 15, 4075830797, 1
3, 14, 14, 2, 1640893315, 1689955449, 1, 14, 4031328658, 1
3, 14, 14, 2, 1640893315, 1689955449, 1, 13, 3952184178, 1
3, 14, 14, 2, 1640893315, 1689955449, 1, 12, 3884041895, 1
3, 14, 14, 2, 1640893315, 1689955449, 1, 11, 3773693064, 1
3, 14, 14, 2, 1640893315, 1689955449, 1, 10, 3642096122, 1
3, 14, 14, 2, 1640893315, 1689955449, 1, 9, 3509804185, 1
3, 14, 14, 2, 1640893315, 1689955449, 1, 8, 3331121247, 1
3, 14, 14, 2, 1640893315, 1689955449, 1, 7, 3021089500, 1
3, 14, 14, 2, 1640893315, 1689955449, 1, 6, 2668210685, 1
3, 14, 14, 2, 1640893315, 1689955449, 1, 5, 2269496508, 1
3, 14, 14, 2, 1640893315, 1689955449, 1, 4, 1929544283, 1
3, 14, 14, 2, 1640893315, 1689955449, 1, 3, 1357115839, 1
3, 14, 14, 2, 1640893315, 1689955449, 1, 2, 519716825, 1
3, 14, 14, 2, 1640893315, 1689955449, 1, 1, 1, 1
3, 14, 14, 2, 1640893315, 1689955449, 1, 0, 1, 0
3, 14, 14, 2, 1640893315, 1689955449, 0, 17, 4353520138, 1
3, 14, 14, 2, 1640893315, 1689955449, 0, 16, 4290649076, 1
3, 14, 14, 2, 1640893315, 1689955449, 0, 15, 4198300558, 1
3, 14, 14, 2, 1640893315, 1689955449, 0, 14, 4168623985, 1
3, 14, 14, 2, 1640893315, 1689955449, 0, 13, 4077021435, 1
3, 14, 14, 2, 1640893315, 1689955449, 0, 12, 4004151155, 1
3, 14, 14, 2, 1640893315, 1689955449, 0, 11, 3880941522, 1
3, 14, 14, 2, 1640893315, 1689955449, 0, 10, 3773889194, 1
3, 14, 14, 2, 1640893315, 1689955449, 0, 9, 3654735299, 1
3, 14, 14, 2, 1640893315, 1689955449, 0, 8, 3446164359, 1
3, 14, 14, 2, 1640893315, 1689955449, 0, 7, 3139144218, 1
3, 14, 14, 2, 1640893315, 1689955449, 0, 6, 2819521230, 1
3, 14, 14, 2, 1640893315, 1689955449, 0, 5, 2410387571, 1
3, 14, 14, 2, 1640893315, 1689955449, 0, 4, 2070197214, 1
3, 14, 14, 2, 1640893315, 1689955449, 0, 3, 1585619588, 1
3, 14, 14, 2, 1640893315, 1689955449, 0, 2, 770316265, 1
3, 14, 14, 2, 1640893315, 1689955449, 0, 1, 1, 1
3, 15, 14, 2, 1689955450, 1711532842, 5, 17, 3539850514, 1
3, 15, 14, 2, 1689955450, 1711532842, 5, 16, 3484025619, 1
3, 15, 14, 2, 1689955450, 1711532842, 5, 15, 3411357159, 1
3, 15, 14, 2, 1689955450, 1711532842, 5, 14, 3343134250, 1
3, 15, 14, 2, 1689955450, 1711532842, 5, 13, 3254162461, 1
3, 15, 14, 2, 1689955450, 1711532842, 5, 12, 3155896582, 1
3, 15, 14, 2, 1689955450, 1711532842, 5, 11, 3034196972, 1
3, 15, 14, 2, 1689955450, 1711532842, 5, 10, 2888038951, 1
3, 15, 14, 2, 1689955450, 1711532842, 5, 9, 2713164577, 1
3, 15, 14, 2, 1689955450, 1711532842, 5, 8, 2498874998, 1
3, 15, 14, 2, 1689955450, 1711532842, 5, 7, 2242406974, 1
3, 15, 14, 2, 1689955450, 1711532842, 5, 6, 1901090098, 1
3, 15, 14, 2, 1689955450, 1711532842, 5, 5, 1475237738, 1
3, 15, 14, 2, 1689955450, 1711532842, 5, 4, 1072411618, 1
3, 15, 14, 2, 1689955450, 1711532842, 5, 3, 688236018, 1
3, 15, 14, 2, 1689955450, 1711532842, 5, 2, 358098156, 1
3, 15, 14, 2, 1689955450, 1711532842, 5, 1, 47524130, 0
3, 15, 14, 2, 1689955450, 1711532842, 5, 0, 69702058, 0
3, 15, 14, 2, 1689955450, 1711532842, 4, 17, 3548277201, 1
3, 15, 14, 2, 1689955450, 1711532842, 4, 16, 3486858650, 1
3, 15, 14, 2, 1689955450, 1711532842, 4, 15, 3414355274, 1
3, 15, 14, 2, 1689955450, 1711532842, 4, 14, 3348052406, 1
3, 15, 14, 2, 1689955450, 1711532842, 4, 13, 3256145250, 1
3, 15, 14, 2, 1689955450, 1711532842, 4, 12, 3158547559, 1
3, 15, 14, 2, 1689955450, 1711532842, 4, 11, 3037238516, 1
3, 15, 14, 2, 1689955450, 1711532842, 4, 10, 2890942155, 1
3, 15, 14, 2, 1689955450, 1711532842, 4, 9, 2715933474, 1
3, 15, 14, 2, 1689955450, 1711532842, 4, 8, 2500224033, 1
3, 15, 14, 2, 1689955450, 1711532842, 4, 7, 2231469377, 1
3, 15, 14, 2, 1689955450, 1711532842, 4, 6, 1886740264, 1
3, 15, 14, 2, 1689955450, 1711532842, 4, 5, 1458625571, 1
3, 15, 14, 2, 1689955450, 1711532842, 4, 4, 1049521413, 1
3, 15, 14, 2, 1689955450, 1711532842, 4, 3, 655952114, 1
3, 15, 14, 2, 1689955450, 1711532842, 4, 2, 343691035, 1
3, 15, 14, 2, 1689955450, 1711532842, 4, 1, 19361683, 0
3, 15, 14, 2, 1689955450, 1711532842, 4, 0, 43563786, 0
3, 15, 14, 2, 1689955450, 1711532842, 3, 17, 3562247553, 1
3, 15, 14, 2, 1689955450, 1711532842, 3, 16, 3502079411, 1
3, 15, 14, 2, 1689955450, 1711532842, 3, 15, 3429277968, 1
3, 15, 14, 2, 1689955450, 1711532842, 3, 14, 3367689156, 1
3, 15, 14, 2, 1689955450, 1711532842, 3, 13, 3276092846, 1
3, 15, 14, 2, 1689955450, 1711532842, 3, 12, 3170488374, 1
3, 15, 14, 2, 1689955450, 1711532842, 3, 11, 3050195926, 1
3, 15, 14, 2, 1689955450, 1711532842, 3, 10, 2903477826, 1
3, 15, 14, 2, 1689955450, 1711532842, 3, 9, 2729015063, 1
3, 15, 14, 2, 1689955450, 1711532842, 3, 8, 2515742646, 1
3, 15, 14, 2, 1689955450, 1711532842, 3, 7, 2248162297, 1
3, 15, 14, 2, 1689955450, 1711532842, 3, 6, 1901754625, 1
3, 15, 14, 2, 1689955450, 1711532842, 3, 5, 1465272975, 1
3, 15, 14, 2, 1689955450, 1711532842, 3, 4, 1053231948, 1
3, 15, 14, 2, 1689955450, 1711532842, 3, 3, 655404534, 1
3, 15, 14, 2, 1689955450, 1711532842, 3, 2, 337266862, 1
3, 15, 14, 2, 1689955450, 1711532842, 3, 1, 1, 1
3, 15, 14, 2, 1689955450, 1711532842, 3, 0, 1, 0
3, 15, 14, 2, 1689955450, 1711532842, 2, 17, 3567073261, 1
3, 15, 14, 2, 1689955450, 1711532842, 2, 16, 3507551772, 1
3, 15, 14, 2, 1689955450, 1711532842, 2, 15, 3435212790, 1
3, 15, 14, 2, 1689955450, 1711532842, 2, 14, 3380432273, 1
3, 15, 14, 2, 1689955450, 1711532842, 2, 13, 3289201214, 1
3, 15, 14, 2, 1689955450, 1711532842, 2, 12, 3185386310, 1
3, 15, 14, 2, 1689955450, 1711532842, 2, 11, 3068505990, 1
3, 15, 14, 2, 1689955450, 1711532842, 2, 10, 2921522916, 1
3, 15, 14, 2, 1689955450, 1711532842, 2, 9, 2745573726, 1
3, 15, 14, 2, 1689955450, 1711532842, 2, 8, 2530504490, 1
3, 15, 14, 2, 1689955450, 1711532842, 2, 7, 2264620307, 1
3, 15, 14, 2, 1689955450, 1711532842, 2, 6, 1914634213, 1
3, 15, 14, 2, 1689955450, 1711532842, 2, 5, 1486862966, 1
3, 15, 14, 2, 1689955450, 1711532842, 2, 4, 1072039661, 1
3, 15, 14, 2, 1689955450, 1711532842, 2, 3, 670300092, 1
3, 15, 14, 2, 1689955450, 1711532842, 2, 2, 347806451, 1
3, 15, 14, 2, 1689955450, 1711532842, 2, 1, 1, 1
3, 15, 14, 2, 1689955450, 1711532842, 2, 0, 1, 0
3, 15, 14, 2, 1689955450, 1711532842, 1, 17, 3602310253, 1
3, 15, 14, 2, 1689955450, 1711532842, 1, 16, 3542631122, 1
3, 15, 14, 2, 1689955450, 1711532842, 1, 15, 3472862052, 1
3, 15, 14, 2, 1689955450, 1711532842, 1, 14, 3432246036, 1
3, 15, 14, 2, 1689955450, 1711532842, 1, 13, 3343104187, 1
3, 15, 14, 2, 1689955450, 1711532842, 1, 12, 3242798371, 1
3, 15, 14, 2, 1689955450, 1711532842, 1, 11, 3131785528, 1
3, 15, 14, 2, 1689955450, 1711532842, 1, 10, 2989645640, 1
3, 15, 14, 2, 1689955450, 1711532842, 1, 9, 2819275486, 1
3, 15, 14, 2, 1689955450, 1711532842, 1, 8, 2607871067, 1
3, 15, 14, 2, 1689955450, 1711532842, 1, 7, 2346266064, 1
3, 15, 14, 2, 1689955450, 1711532842, 1, 6, 2000522240, 1
3, 15, 14, 2, 1689955450, 1711532842, 1, 5, 1532005674, 1
3, 15, 14, 2, 1689955450, 1711532842, 1, 4, 1111744834, 1
3, 15, 14, 2, 1689955450, 1711532842, 1, 3, 702219144, 1
3, 15, 14, 2, 1689955450, 1711532842, 1, 2, 370993548, 1
3, 15, 14, 2, 1689955450, 1711532842, 1, 1, 1, 1
3, 15, 14, 2, 1689955450, 1711532842, 1, 0, 1, 0
3, 15, 14, 2, 1689955450, 1711532842, 0, 17, 3686920081, 1
3, 15, 14, 2, 1689955450, 1711532842, 0, 16, 3628804731, 1
3, 15, 14, 2, 1689955450, 1711532842, 0, 15, 3564081151, 1
3, 15, 14, 2, 1689955450, 1711532842, 0, 14, 3568093647, 1
3, 15, 14, 2, 1689955450, 1711532842, 0, 13, 3486296213, 1
3, 15, 14, 2, 1689955450, 1711532842, 0, 12, 3392605651, 1
3, 15, 14, 2, 1689955450, 1711532842, 0, 11, 3279910753, 1
3, 15, 14, 2, 1689955450, 1711532842, 0, 10, 3147693649, 1
3, 15, 14, 2, 1689955450, 1711532842, 0, 9, 2980157035, 1
3, 15, 14, 2, 1689955450, 1711532842, 0, 8, 2783667471, 1
3, 15, 14, 2, 1689955450, 1711532842, 0, 7, 2519316122, 1
3, 15, 14, 2, 1689955450, 1711532842, 0, 6, 2169166002, 1
3, 15, 14, 2, 1689955450, 1711532842, 0, 5, 1685490881, 1
3, 15, 14, 2, 1689955450, 1711532842, 0, 4, 1250712938, 1
3, 15, 14, 2, 1689955450, 1711532842, 0, 3, 819255668, 1
3, 15, 14, 2, 1689955450, 1711532842, 0, 2, 463741935, 1
3, 15, 14, 2, 1689955450, 1711532842, 0, 1, 1, 1
3, 16, 14, 2, 1711532843, 1753043203, 5, 17, 2738536069, 1
3, 16, 14, 2, 1711532843, 1753043203, 5, 16, 2701293444, 1
3, 16, 14, 2, 1711532843, 1753043203, 5, 15, 2649554489, 1
3, 16, 14, 2, 1711532843, 1753043203, 5, 14, 2605083041, 1
3, 16, 14, 2, 1711532843, 1753043203, 5, 13, 2543296658, 1
3, 16, 14, 2, 1711532843, 1753043203, 5, 12, 2476452872, 1
3, 16, 14, 2, 1711532843, 1753043203, 5, 11, 2391486131, 1
3, 16, 14, 2, 1711532843, 1753043203, 5, 10, 2288842433, 1
3, 16, 14, 2, 1711532843, 1753043203, 5, 9, 2166332751, 1
3, 16, 14, 2, 1711532843, 1753043203, 5, 8, 2016264022, 1
3, 16, 14, 2, 1711532843, 1753043203, 5, 7, 1840413662, 1
3, 16, 14, 2, 1711532843, 1753043203, 5, 6, 1603309861, 1
3, 16, 14, 2, 1711532843, 1753043203, 5, 5, 1317400774, 1
3, 16, 14, 2, 1711532843, 1753043203, 5, 4, 1112425489, 1
3, 16, 14, 2, 1711532843, 1753043203, 5, 3, 881227626, 1
3, 16, 14, 2, 1711532843, 1753043203, 5, 2, 518123962, 0
3, 16, 14, 2, 1711532843, 1753043203, 5, 1, 34641313, 0
3, 16, 14, 2, 1711532843, 1753043203, 5, 0, 38105444, 0
3, 16, 14, 2, 1711532843, 1753043203, 4, 17, 2774183346, 1
3, 16, 14, 2, 1711532843, 1753043203, 4, 16, 2733004208, 1
3, 16, 14, 2, 1711532843, 1753043203, 4, 15, 2683302197, 1
3, 16, 14, 2, 1711532843, 1753043203, 4, 14, 2642881959, 1
3, 16, 14, 2, 1711532843, 1753043203, 4, 13, 2580608539, 1
3, 16, 14, 2, 1711532843, 1753043203, 4, 12, 2517274855, 1
3, 16, 14, 2, 1711532843, 1753043203, 4, 11, 2436037278, 1
3, 16, 14, 2, 1711532843, 1753043203, 4, 10, 2337233023, 1
3, 16, 14, 2, 1711532843, 1753043203, 4, 9, 2219408716, 1
3, 16, 14, 2, 1711532843, 1753043203, 4, 8, 2073880098, 1
3, 16, 14, 2, 1711532843, 1753043203, 4, 7, 1893301348, 1
3, 16, 14, 2, 1711532843, 1753043203, 4, 6, 1662682231, 1
3, 16, 14, 2, 1711532843, 1753043203, 4, 5, 1388025808, 1
3, 16, 14, 2, 1711532843, 1753043203, 4, 4, 1196320866, 1
3, 16, 14, 2, 1711532843, 1753043203, 4, 3, 955292933, 1
3, 16, 14, 2, 1711532843, 1753043203, 4, 2, 623619452, 0
3, 16, 14, 2, 1711532843, 1753043203, 4, 1, 33735490, 0
3, 16, 14, 2, 1711532843, 1753043203, 4, 0, 47631805, 0
3, 16, 14, 2, 1711532843, 1753043203, 3, 17, 2811326435, 1
3, 16, 14, 2, 1711532843, 1753043203, 3, 16, 2772841569, 1
3, 16, 14, 2, 1711532843, 1753043203, 3, 15, 2724476835, 1
3, 16, 14, 2, 1711532843, 1753043203, 3, 14, 2690638183, 1
3, 16, 14, 2, 1711532843, 1753043203, 3, 13, 2630828420, 1
3, 16, 14, 2, 1711532843, 1753043203, 3, 12, 2561996621, 1
3, 16, 14, 2, 1711532843, 1753043203, 3, 11, 2484736024, 1
3, 16, 14, 2, 1711532843, 1753043203, 3, 10, 2389055700, 1
3, 16, 14, 2, 1711532843, 1753043203, 3, 9, 2276100001, 1
3, 16, 14, 2, 1711532843, 1753043203, 3, 8, 2138393405, 1
3, 16, 14, 2, 1711532843, 1753043203, 3, 7, 1965879735, 1
3, 16, 14, 2, 1711532843, 1753043203, 3, 6, 1742706646, 1
3, 16, 14, 2, 1711532843, 1753043203, 3, 5, 1472323782, 1
3, 16, 14, 2, 1711532843, 1753043203, 3, 4, 1296317872, 1
3, 16, 14, 2, 1711532843, 1753043203, 3, 3, 1033324885, 1
3, 16, 14, 2, 1711532843, 1753043203, 3, 2, 590558818, 0
3, 16, 14, 2, 1711532843, 1753043203, 3, 1, 16156027, 0
3, 16, 14, 2, 1711532843, 1753043203, 3, 0, 37697395, 0
3, 16, 14, 2, 1711532843, 1753043203, 2, 17, 2822408877, 1
3, 16, 14, 2, 1711532843, 1753043203, 2, 16, 2785054486, 1
3, 16, 14, 2, 1711532843, 1753043203, 2, 15, 2737712442, 1
3, 16, 14, 2, 1711532843, 1753043203, 2, 14, 2711337538, 1
3, 16, 14, 2, 1711532843, 1753043203, 2, 13, 2652669010, 1
3, 16, 14, 2, 1711532843, 1753043203, 2, 12, 2586558090, 1
3, 16, 14, 2, 1711532843, 1753043203, 2, 11, 2513845295, 1
3, 16, 14, 2, 1711532843, 1753043203, 2, 10, 2419311155, 1
3, 16, 14, 2, 1711532843, 1753043203, 2, 9, 2306662403, 1
3, 16, 14, 2, 1711532843, 1753043203, 2, 8, 2169501399, 1
3, 16, 14, 2, 1711532843, 1753043203, 2, 7, 2001849334, 1
3, 16, 14, 2, 1711532843, 1753043203, 2, 6, 1779564994, 1
3, 16, 14, 2, 1711532843, 1753043203, 2, 5, 1524566709, 1
3, 16, 14, 2, 1711532843, 1753043203, 2, 4, 1356561921, 1
3, 16, 14, 2, 1711532843, 1753043203, 2, 3, 1026606304, 1
3, 16, 14, 2, 1711532843, 1753043203, 2, 2, 541277766, 1
3, 16, 14, 2, 1711532843, 1753043203, 2, 1, 1, 1
3, 16, 14, 2, 1711532843, 1753043203, 2, 0, 1, 0
3, 16, 14, 2, 1711532843, 1753043203, 1, 17, 2826962059, 1
3, 16, 14, 2, 1711532843, 1753043203, 1, 16, 2787814311, 1
3, 16, 14, 2, 1711532843, 1753043203, 1, 15, 2741225833, 1
3, 16, 14, 2, 1711532843, 1753043203, 1, 14, 2726987733, 1
3, 16, 14, 2, 1711532843, 1753043203, 1, 13, 2668131640, 1
3, 16, 14, 2, 1711532843, 1753043203, 1, 12, 2602957299, 1
3, 16, 14, 2, 1711532843, 1753043203, 1, 11, 2533185755, 1
3, 16, 14, 2, 1711532843, 1753043203, 1, 10, 2440142650, 1
3, 16, 14, 2, 1711532843, 1753043203, 1, 9, 2329205444, 1
3, 16, 14, 2, 1711532843, 1753043203, 1, 8, 2191218197, 1
3, 16, 14, 2, 1711532843, 1753043203, 1, 7, 2022608278, 1
3, 16, 14, 2, 1711532843, 1753043203, 1, 6, 1798473410, 1
3, 16, 14, 2, 1711532843, 1753043203, 1, 5, 1495787238, 1
3, 16, 14, 2, 1711532843, 1753043203, 1, 4, 1315059190, 1
3, 16, 14, 2, 1711532843, 1753043203, 1, 3, 973257874, 1
3, 16, 14, 2, 1711532843, 1753043203, 1, 2, 431412131, 1
3, 16, 14, 2, 1711532843, 1753043203, 1, 1, 1, 1
3, 16, 14, 2, 1711532843, 1753043203, 1, 0, 1, 0
3, 16, 14, 2, 1711532843, 1753043203, 0, 17, 2846163770, 1
3, 16, 14, 2, 1711532843, 1753043203, 0, 16, 2805133401, 1
3, 16, 14, 2, 1711532843, 1753043203, 0, 15, 2759772799, 1
3, 16, 14, 2, 1711532843, 1753043203, 0, 14, 2785914413, 1
3, 16, 14, 2, 1711532843, 1753043203, 0, 13, 2729650576, 1
3, 16, 14, 2, 1711532843, 1753043203, 0, 12, 2665749211, 1
3, 16, 14, 2, 1711532843, 1753043203, 0, 11, 2588259727, 1
3, 16, 14, 2, 1711532843, 1753043203, 0, 10, 2498289121, 1
3, 16, 14, 2, 1711532843, 1753043203, 0, 9, 2382387114, 1
3, 16, 14, 2, 1711532843, 1753043203, 0, 8, 2250440810, 1
3, 16, 14, 2, 1711532843, 1753043203, 0, 7, 2069073652, 1
3, 16, 14, 2, 1711532843, 1753043203, 0, 6, 1829569121, 1
3, 16, 14, 2, 1711532843, 1753043203, 0, 5, 1500797823, 1
3, 16, 14, 2, 1711532843, 1753043203, 0, 4, 1298375616, 1
3, 16, 14, 2, 1711532843, 1753043203, 0, 3, 828540057, 1
3, 16, 14, 2, 1711532843, 1753043203, 0, 2, 1, 1
3, 16, 14, 2, 1711532843, 1753043203, 0, 1, 1, 1
