1,1.0,99950431.0,2044297866.2017531
2,99950432.0,138570563.0,3386101976.55434
3,138570564.0,170973712.0,3139498326.2284193
4,170973713.0,205581632.0,3296523724.5474477
5,205581633.0,280162603.0,3137450716.026069
6,280162604.0,302664329.0,3343042230.808089
7,302664330.0,422315211.0,3177537089.4363375
8,422315212.0,454046692.0,3797825920.923181
9,454046693.0,520048386.0,3686588036.5561833
10,520048387.0,564795615.0,3941853663.9547286
11,564795616.0,613133841.0,3808229644.8286376
12,613133842.0,676994780.0,3925063861.3111463
13,676994781.0,709818699.0,4064423761.4593887
14,709818700.0,734610198.0,3695144940.4232626
15,734610199.0,775933291.0,3886515666.631055
16,775933292.0,854162843.0,3621293896.08055
17,854162844.0,921534528.0,3857343232.1491075
18,921534529.0,945165798.0,4005961945.510082
19,945165799.0,1032003518.0,3134766682.5675907
20,1032003519.0,1071594289.0,3471496979.3101645
21,1071594290.0,1104775380.0,3177271859.66773
22,1104775381.0,1138752627.0,3642544697.2461057
23,1138752628.0,1207400379.0,3283603078.0554347
24,1207400380.0,1287823583.0,3176061760.8771873
25,1287823584.0,1315347495.0,3670030204.720896
26,1315347496.0,1335960211.0,3695360242.8731403
27,1335960212.0,1381370958.0,3892838071.0392118
28,1381370959.0,1487067824.0,3651828850.2673264
29,1487067825.0,1521587740.0,3698169428.3998284
30,1521587741.0,1544806245.0,3807884387.336271
31,1544806246.0,1601216331.0,3598044534.021278
32,1601216332.0,1729529727.0,3687084309.0528755
33,1729529728.0,1750504291.0,3649890165.370973
34,1750504292.0,1788499072.0,3360304122.0197988
35,1788499073.0,1806833216.0,3695954178.238915
36,1806833217.0,1880452076.0,3969850970.5019627
37,1880452077.0,1908204349.0,4148228083.469007
38,1908204350.0,1928937819.0,3895572749.521066
39,1928937820.0,1967844211.0,3597591502.8781714
40,1967844212.0,2140601690.0,3826294885.352187
41,2140601691.0,2196025834.0,3655722189.8015084
