2, 1, 11, 15, 1, 99500946, 8, 4, 63820973, 1
2, 1, 11, 15, 1, 99500946, 8, 3, 63991120, 1
2, 1, 11, 15, 1, 99500946, 8, 2, 72899178, 1
2, 1, 11, 15, 1, 99500946, 8, 1, 62719214, 1
2, 1, 11, 15, 1, 99500946, 8, 0, 61931842, 0
2, 1, 11, 15, 1, 99500946, 7, 4, 59282544, 1
2, 1, 11, 15, 1, 99500946, 7, 3, 63063619, 1
2, 1, 11, 15, 1, 99500946, 7, 2, 82407767, 1
2, 1, 11, 15, 1, 99500946, 7, 1, 71081776, 1
2, 1, 11, 15, 1, 99500946, 7, 0, 70779247, 0
2, 1, 11, 15, 1, 99500946, 6, 4, 61804974, 1
2, 1, 11, 15, 1, 99500946, 6, 3, 72406377, 1
2, 1, 11, 15, 1, 99500946, 6, 2, 94768932, 1
2, 1, 11, 15, 1, 99500946, 6, 1, 82017433, 1
2, 1, 11, 15, 1, 99500946, 6, 0, 82575789, 0
2, 1, 11, 15, 1, 99500946, 5, 4, 65013628, 1
2, 1, 11, 15, 1, 99500946, 5, 3, 75608621, 1
2, 1, 11, 15, 1, 99500946, 5, 2, 98788514, 1
2, 1, 11, 15, 1, 99500946, 5, 1, 92281728, 1
2, 1, 11, 15, 1, 99500946, 5, 0, 88865422, 0
2, 1, 11, 15, 1, 99500946, 4, 4, 52456667, 1
2, 1, 11, 15, 1, 99500946, 4, 3, 66261053, 1
2, 1, 11, 15, 1, 99500946, 4, 2, 85669033, 1
2, 1, 11, 15, 1, 99500946, 4, 1, 65540137, 1
2, 1, 11, 15, 1, 99500946, 4, 0, 45738465, 0
2, 1, 11, 15, 1, 99500946, 3, 4, 51818319, 1
2, 1, 11, 15, 1, 99500946, 3, 3, 65636537, 1
2, 1, 11, 15, 1, 99500946, 3, 2, 84086774, 1
2, 1, 11, 15, 1, 99500946, 3, 1, 58129626, 1
2, 1, 11, 15, 1, 99500946, 3, 0, 1, 0
2, 1, 11, 15, 1, 99500946, 2, 4, 65040448, 1
2, 1, 11, 15, 1, 99500946, 2, 3, 82778752, 1
2, 1, 11, 15, 1, 99500946, 2, 2, 106371591, 1
2, 1, 11, 15, 1, 99500946, 2, 1, 81381476, 1
2, 1, 11, 15, 1, 99500946, 2, 0, 1, 0
2, 1, 11, 15, 1, 99500946, 1, 4, 77674592, 1
2, 1, 11, 15, 1, 99500946, 1, 3, 99867332, 1
2, 1, 11, 15, 1, 99500946, 1, 2, 139814264, 1
2, 1, 11, 15, 1, 99500946, 1, 1, 135635792, 1
2, 1, 11, 15, 1, 99500946, 1, 0, 1, 0
2, 1, 11, 15, 1, 99500946, 0, 4, 122269280, 1
2, 1, 11, 15, 1, 99500946, 0, 3, 163025706, 1
2, 1, 11, 15, 1, 99500946, 0, 2, 244538559, 1
2, 1, 11, 15, 1, 99500946, 0, 1, 335637718, 1
2, 2, 11, 15, 99500947, 158793718, 8, 4, 247944841, 1
2, 2, 11, 15, 99500947, 158793718, 8, 3, 249289050, 1
2, 2, 11, 15, 99500947, 158793718, 8, 2, 234445146, 1
2, 2, 11, 15, 99500947, 158793718, 8, 1, 180114490, 1
2, 2, 11, 15, 99500947, 158793718, 8, 0, 127353058, 0
2, 2, 11, 15, 99500947, 158793718, 7, 4, 250431439, 1
2, 2, 11, 15, 99500947, 158793718, 7, 3, 264454626, 1
2, 2, 11, 15, 99500947, 158793718, 7, 2, 242110888, 1
2, 2, 11, 15, 99500947, 158793718, 7, 1, 180376467, 1
2, 2, 11, 15, 99500947, 158793718, 7, 0, 137248429, 0
2, 2, 11, 15, 99500947, 158793718, 6, 4, 258236676, 1
2, 2, 11, 15, 99500947, 158793718, 6, 3, 276425614, 1
2, 2, 11, 15, 99500947, 158793718, 6, 2, 249929354, 1
2, 2, 11, 15, 99500947, 158793718, 6, 1, 178290103, 1
2, 2, 11, 15, 99500947, 158793718, 6, 0, 95477222, 0
2, 2, 11, 15, 99500947, 158793718, 5, 4, 258376645, 1
2, 2, 11, 15, 99500947, 158793718, 5, 3, 268537709, 1
2, 2, 11, 15, 99500947, 158793718, 5, 2, 253576904, 1
2, 2, 11, 15, 99500947, 158793718, 5, 1, 165838544, 1
2, 2, 11, 15, 99500947, 158793718, 5, 0, 96794354, 0
2, 2, 11, 15, 99500947, 158793718, 4, 4, 274707486, 1
2, 2, 11, 15, 99500947, 158793718, 4, 3, 277706540, 1
2, 2, 11, 15, 99500947, 158793718, 4, 2, 280837269, 1
2, 2, 11, 15, 99500947, 158793718, 4, 1, 174944228, 1
2, 2, 11, 15, 99500947, 158793718, 4, 0, 68961628, 0
2, 2, 11, 15, 99500947, 158793718, 3, 4, 299459842, 1
2, 2, 11, 15, 99500947, 158793718, 3, 3, 291545440, 1
2, 2, 11, 15, 99500947, 158793718, 3, 2, 275316283, 1
2, 2, 11, 15, 99500947, 158793718, 3, 1, 148981506, 1
2, 2, 11, 15, 99500947, 158793718, 3, 0, 43030757, 0
2, 2, 11, 15, 99500947, 158793718, 2, 4, 278926116, 1
2, 2, 11, 15, 99500947, 158793718, 2, 3, 277914684, 1
2, 2, 11, 15, 99500947, 158793718, 2, 2, 281045852, 1
2, 2, 11, 15, 99500947, 158793718, 2, 1, 110495190, 1
2, 2, 11, 15, 99500947, 158793718, 2, 0, 64546135, 0
2, 2, 11, 15, 99500947, 158793718, 1, 4, 306961807, 1
2, 2, 11, 15, 99500947, 158793718, 1, 3, 273536024, 1
2, 2, 11, 15, 99500947, 158793718, 1, 2, 316146250, 1
2, 2, 11, 15, 99500947, 158793718, 1, 1, 184158650, 1
2, 2, 11, 15, 99500947, 158793718, 1, 0, 129092270, 0
2, 2, 11, 15, 99500947, 158793718, 0, 4, 384077867, 1
2, 2, 11, 15, 99500947, 158793718, 0, 3, 404230961, 1
2, 2, 11, 15, 99500947, 158793718, 0, 2, 496660239, 1
2, 2, 11, 15, 99500947, 158793718, 0, 1, 393894358, 1
2, 3, 11, 15, 158793719, 181144760, 8, 4, 252861604, 0
2, 3, 11, 15, 158793719, 181144760, 8, 3, 252013164, 1
2, 3, 11, 15, 158793719, 181144760, 8, 2, 223228831, 1
2, 3, 11, 15, 158793719, 181144760, 8, 1, 204747700, 0
2, 3, 11, 15, 158793719, 181144760, 8, 0, 117212621, 0
2, 3, 11, 15, 158793719, 181144760, 7, 4, 246089612, 1
2, 3, 11, 15, 158793719, 181144760, 7, 3, 246709522, 1
2, 3, 11, 15, 158793719, 181144760, 7, 2, 216539415, 1
2, 3, 11, 15, 158793719, 181144760, 7, 1, 177144523, 0
2, 3, 11, 15, 158793719, 181144760, 7, 0, 85488337, 0
2, 3, 11, 15, 158793719, 181144760, 6, 4, 255352488, 1
2, 3, 11, 15, 158793719, 181144760, 6, 3, 249351293, 1
2, 3, 11, 15, 158793719, 181144760, 6, 2, 203244814, 1
2, 3, 11, 15, 158793719, 181144760, 6, 1, 163211621, 0
2, 3, 11, 15, 158793719, 181144760, 6, 0, 78386010, 0
2, 3, 11, 15, 158793719, 181144760, 5, 4, 244052743, 1
2, 3, 11, 15, 158793719, 181144760, 5, 3, 239094903, 1
2, 3, 11, 15, 158793719, 181144760, 5, 2, 192237511, 1
2, 3, 11, 15, 158793719, 181144760, 5, 1, 154285634, 0
2, 3, 11, 15, 158793719, 181144760, 5, 0, 94063212, 0
2, 3, 11, 15, 158793719, 181144760, 4, 4, 247398855, 0
2, 3, 11, 15, 158793719, 181144760, 4, 3, 249037217, 1
2, 3, 11, 15, 158793719, 181144760, 4, 2, 205947097, 1
2, 3, 11, 15, 158793719, 181144760, 4, 1, 145818184, 0
2, 3, 11, 15, 158793719, 181144760, 4, 0, 117579014, 0
2, 3, 11, 15, 158793719, 181144760, 3, 4, 250565352, 0
2, 3, 11, 15, 158793719, 181144760, 3, 3, 253975973, 0
2, 3, 11, 15, 158793719, 181144760, 3, 2, 225079432, 1
2, 3, 11, 15, 158793719, 181144760, 3, 1, 181242885, 0
2, 3, 11, 15, 158793719, 181144760, 3, 0, 156772019, 0
2, 3, 11, 15, 158793719, 181144760, 2, 4, 245743338, 0
2, 3, 11, 15, 158793719, 181144760, 2, 3, 270087759, 0
2, 3, 11, 15, 158793719, 181144760, 2, 2, 262964301, 0
2, 3, 11, 15, 158793719, 181144760, 2, 1, 179308169, 0
2, 3, 11, 15, 158793719, 181144760, 2, 0, 235158028, 0
2, 3, 11, 15, 158793719, 181144760, 1, 4, 181986144, 0
2, 3, 11, 15, 158793719, 181144760, 1, 3, 233982185, 0
2, 3, 11, 15, 158793719, 181144760, 1, 2, 254973092, 0
2, 3, 11, 15, 158793719, 181144760, 1, 1, 158518033, 0
2, 3, 11, 15, 158793719, 181144760, 1, 0, 470316056, 0
2, 3, 11, 15, 158793719, 181144760, 0, 4, 110346483, 1
2, 3, 11, 15, 158793719, 181144760, 0, 3, 147128644, 1
2, 3, 11, 15, 158793719, 181144760, 0, 2, 220692965, 1
2, 3, 11, 15, 158793719, 181144760, 0, 1, 5238043, 1
2, 4, 11, 15, 181144761, 207694029, 8, 4, 86303590, 0
2, 4, 11, 15, 181144761, 207694029, 8, 3, 77840530, 0
2, 4, 11, 15, 181144761, 207694029, 8, 2, 52085267, 0
2, 4, 11, 15, 181144761, 207694029, 8, 1, 62934337, 0
2, 4, 11, 15, 181144761, 207694029, 8, 0, 75155858, 0
2, 4, 11, 15, 181144761, 207694029, 7, 4, 79483540, 0
2, 4, 11, 15, 181144761, 207694029, 7, 3, 72014003, 0
2, 4, 11, 15, 181144761, 207694029, 7, 2, 45528100, 0
2, 4, 11, 15, 181144761, 207694029, 7, 1, 50854207, 0
2, 4, 11, 15, 181144761, 207694029, 7, 0, 67445280, 0
2, 4, 11, 15, 181144761, 207694029, 6, 4, 85435106, 0
2, 4, 11, 15, 181144761, 207694029, 6, 3, 75458135, 0
2, 4, 11, 15, 181144761, 207694029, 6, 2, 43397723, 0
2, 4, 11, 15, 181144761, 207694029, 6, 1, 51713661, 0
2, 4, 11, 15, 181144761, 207694029, 6, 0, 78686160, 0
2, 4, 11, 15, 181144761, 207694029, 5, 4, 66774187, 0
2, 4, 11, 15, 181144761, 207694029, 5, 3, 58396549, 0
2, 4, 11, 15, 181144761, 207694029, 5, 2, 19926726, 0
2, 4, 11, 15, 181144761, 207694029, 5, 1, 30795848, 0
2, 4, 11, 15, 181144761, 207694029, 5, 0, 67750866, 0
2, 4, 11, 15, 181144761, 207694029, 4, 4, 70192879, 0
2, 4, 11, 15, 181144761, 207694029, 4, 3, 70690559, 0
2, 4, 11, 15, 181144761, 207694029, 4, 2, 24196738, 0
2, 4, 11, 15, 181144761, 207694029, 4, 1, 37639370, 0
2, 4, 11, 15, 181144761, 207694029, 4, 0, 84688582, 0
2, 4, 11, 15, 181144761, 207694029, 3, 4, 71613450, 0
2, 4, 11, 15, 181144761, 207694029, 3, 3, 74528666, 0
2, 4, 11, 15, 181144761, 207694029, 3, 2, 30795848, 0
2, 4, 11, 15, 181144761, 207694029, 3, 1, 48393476, 0
2, 4, 11, 15, 181144761, 207694029, 3, 0, 112918110, 0
2, 4, 11, 15, 181144761, 207694029, 2, 4, 71797901, 0
2, 4, 11, 15, 181144761, 207694029, 2, 3, 69313186, 0
2, 4, 11, 15, 181144761, 207694029, 2, 2, 22418600, 0
2, 4, 11, 15, 181144761, 207694029, 2, 1, 35869759, 0
2, 4, 11, 15, 181144761, 207694029, 2, 0, 89674397, 0
2, 4, 11, 15, 181144761, 207694029, 1, 4, 46106109, 1
2, 4, 11, 15, 181144761, 207694029, 1, 3, 44572983, 1
2, 4, 11, 15, 181144761, 207694029, 1, 2, 1, 1
2, 4, 11, 15, 181144761, 207694029, 1, 1, 1, 1
2, 4, 11, 15, 181144761, 207694029, 1, 0, 1, 0
2, 4, 11, 15, 181144761, 207694029, 0, 4, 1, 1
2, 4, 11, 15, 181144761, 207694029, 0, 3, 1, 1
2, 4, 11, 15, 181144761, 207694029, 0, 2, 1, 1
2, 4, 11, 15, 181144761, 207694029, 0, 1, 1, 1
2, 5, 11, 15, 207694030, 228788460, 8, 4, 7945342, 1
2, 5, 11, 15, 207694030, 228788460, 8, 3, 7813103, 0
2, 5, 11, 15, 207694030, 228788460, 8, 2, 2843903, 0
2, 5, 11, 15, 207694030, 228788460, 8, 1, 4349498, 0
2, 5, 11, 15, 207694030, 228788460, 8, 0, 8640632, 0
2, 5, 11, 15, 207694030, 228788460, 7, 4, 7710894, 1
2, 5, 11, 15, 207694030, 228788460, 7, 3, 7244788, 0
2, 5, 11, 15, 207694030, 228788460, 7, 2, 2388351, 0
2, 5, 11, 15, 207694030, 228788460, 7, 1, 3662138, 0
2, 5, 11, 15, 207694030, 228788460, 7, 0, 7159380, 0
2, 5, 11, 15, 207694030, 228788460, 6, 4, 7916878, 1
2, 5, 11, 15, 207694030, 228788460, 6, 3, 7149534, 0
2, 5, 11, 15, 207694030, 228788460, 6, 2, 2746604, 0
2, 5, 11, 15, 207694030, 228788460, 6, 1, 4225544, 0
2, 5, 11, 15, 207694030, 228788460, 6, 0, 8352610, 0
2, 5, 11, 15, 207694030, 228788460, 5, 4, 7810234, 1
2, 5, 11, 15, 207694030, 228788460, 5, 3, 6537407, 0
2, 5, 11, 15, 207694030, 228788460, 5, 2, 1804292, 0
2, 5, 11, 15, 207694030, 228788460, 5, 1, 2788451, 0
2, 5, 11, 15, 207694030, 228788460, 5, 0, 6134591, 0
2, 5, 11, 15, 207694030, 228788460, 4, 4, 9437366, 1
2, 5, 11, 15, 207694030, 228788460, 4, 3, 7913703, 0
2, 5, 11, 15, 207694030, 228788460, 4, 2, 2190926, 0
2, 5, 11, 15, 207694030, 228788460, 4, 1, 3408106, 0
2, 5, 11, 15, 207694030, 228788460, 4, 0, 7668238, 0
2, 5, 11, 15, 207694030, 228788460, 3, 4, 11072363, 1
2, 5, 11, 15, 207694030, 228788460, 3, 3, 8949232, 0
2, 5, 11, 15, 207694030, 228788460, 3, 2, 2788451, 0
2, 5, 11, 15, 207694030, 228788460, 3, 1, 4381851, 0
2, 5, 11, 15, 207694030, 228788460, 3, 0, 10224318, 0
2, 5, 11, 15, 207694030, 228788460, 2, 4, 13285525, 1
2, 5, 11, 15, 207694030, 228788460, 2, 3, 9987357, 0
2, 5, 11, 15, 207694030, 228788460, 2, 2, 3834119, 0
2, 5, 11, 15, 207694030, 228788460, 2, 1, 6134591, 0
2, 5, 11, 15, 207694030, 228788460, 2, 0, 15336476, 0
2, 5, 11, 15, 207694030, 228788460, 1, 4, 9950375, 1
2, 5, 11, 15, 207694030, 228788460, 1, 3, 4034758, 1
2, 5, 11, 15, 207694030, 228788460, 1, 2, 1, 1
2, 5, 11, 15, 207694030, 228788460, 1, 1, 1, 1
2, 5, 11, 15, 207694030, 228788460, 1, 0, 1, 0
2, 5, 11, 15, 207694030, 228788460, 0, 4, 17121408, 1
2, 5, 11, 15, 207694030, 228788460, 0, 3, 2391855, 1
2, 5, 11, 15, 207694030, 228788460, 0, 2, 1, 1
2, 5, 11, 15, 207694030, 228788460, 0, 1, 1, 1
2, 6, 11, 15, 228788461, 266352964, 8, 4, 373205199, 0
2, 6, 11, 15, 228788461, 266352964, 8, 3, 356546548, 0
2, 6, 11, 15, 228788461, 266352964, 8, 2, 310297076, 0
2, 6, 11, 15, 228788461, 266352964, 8, 1, 339017970, 0
2, 6, 11, 15, 228788461, 266352964, 8, 0, 353559239, 0
2, 6, 11, 15, 228788461, 266352964, 7, 4, 376434230, 0
2, 6, 11, 15, 228788461, 266352964, 7, 3, 363402154, 0
2, 6, 11, 15, 228788461, 266352964, 7, 2, 322654136, 0
2, 6, 11, 15, 228788461, 266352964, 7, 1, 345297765, 0
2, 6, 11, 15, 228788461, 266352964, 7, 0, 403926139, 0
2, 6, 11, 15, 228788461, 266352964, 6, 4, 370607587, 0
2, 6, 11, 15, 228788461, 266352964, 6, 3, 340192212, 0
2, 6, 11, 15, 228788461, 266352964, 6, 2, 295971866, 0
2, 6, 11, 15, 228788461, 266352964, 6, 1, 322730824, 0
2, 6, 11, 15, 228788461, 266352964, 6, 0, 389053059, 0
2, 6, 11, 15, 228788461, 266352964, 5, 4, 341329399, 0
2, 6, 11, 15, 228788461, 266352964, 5, 3, 305212240, 0
2, 6, 11, 15, 228788461, 266352964, 5, 2, 245194327, 0
2, 6, 11, 15, 228788461, 266352964, 5, 1, 274672347, 0
2, 6, 11, 15, 228788461, 266352964, 5, 0, 348237685, 0
2, 6, 11, 15, 228788461, 266352964, 4, 4, 316200396, 0
2, 6, 11, 15, 228788461, 266352964, 4, 3, 277760869, 0
2, 6, 11, 15, 228788461, 266352964, 4, 2, 212858177, 0
2, 6, 11, 15, 228788461, 266352964, 4, 1, 203678525, 0
2, 6, 11, 15, 228788461, 266352964, 4, 0, 294909342, 0
2, 6, 11, 15, 228788461, 266352964, 3, 4, 346732081, 0
2, 6, 11, 15, 228788461, 266352964, 3, 3, 320692675, 0
2, 6, 11, 15, 228788461, 266352964, 3, 2, 270910407, 0
2, 6, 11, 15, 228788461, 266352964, 3, 1, 261872390, 0
2, 6, 11, 15, 228788461, 266352964, 3, 0, 393212456, 0
2, 6, 11, 15, 228788461, 266352964, 2, 4, 349188267, 0
2, 6, 11, 15, 228788461, 266352964, 2, 3, 332569090, 0
2, 6, 11, 15, 228788461, 266352964, 2, 2, 300799302, 0
2, 6, 11, 15, 228788461, 266352964, 2, 1, 251897335, 0
2, 6, 11, 15, 228788461, 266352964, 2, 0, 303008657, 0
2, 6, 11, 15, 228788461, 266352964, 1, 4, 211156561, 1
2, 6, 11, 15, 228788461, 266352964, 1, 3, 172120234, 1
2, 6, 11, 15, 228788461, 266352964, 1, 2, 106315574, 1
2, 6, 11, 15, 228788461, 266352964, 1, 1, 1, 1
2, 6, 11, 15, 228788461, 266352964, 1, 0, 1, 0
2, 6, 11, 15, 228788461, 266352964, 0, 4, 74477500, 1
2, 6, 11, 15, 228788461, 266352964, 0, 3, 46765852, 1
2, 6, 11, 15, 228788461, 266352964, 0, 2, 1, 1
2, 6, 11, 15, 228788461, 266352964, 0, 1, 1, 1
2, 7, 11, 15, 266352965, 302665242, 8, 4, 282385951, 0
2, 7, 11, 15, 266352965, 302665242, 8, 3, 250831744, 0
2, 7, 11, 15, 266352965, 302665242, 8, 2, 172577236, 0
2, 7, 11, 15, 266352965, 302665242, 8, 1, 201090087, 0
2, 7, 11, 15, 266352965, 302665242, 8, 0, 238915083, 0
2, 7, 11, 15, 266352965, 302665242, 7, 4, 278567243, 0
2, 7, 11, 15, 266352965, 302665242, 7, 3, 249587460, 0
2, 7, 11, 15, 266352965, 302665242, 7, 2, 171353499, 0
2, 7, 11, 15, 266352965, 302665242, 7, 1, 192246692, 0
2, 7, 11, 15, 266352965, 302665242, 7, 0, 266242781, 0
2, 7, 11, 15, 266352965, 302665242, 6, 4, 259493917, 0
2, 7, 11, 15, 266352965, 302665242, 6, 3, 210958592, 0
2, 7, 11, 15, 266352965, 302665242, 6, 2, 119628824, 0
2, 7, 11, 15, 266352965, 302665242, 6, 1, 144170393, 0
2, 7, 11, 15, 266352965, 302665242, 6, 0, 226441584, 0
2, 7, 11, 15, 266352965, 302665242, 5, 4, 219669552, 0
2, 7, 11, 15, 266352965, 302665242, 5, 3, 163135129, 0
2, 7, 11, 15, 266352965, 302665242, 5, 2, 56021274, 0
2, 7, 11, 15, 266352965, 302665242, 5, 1, 86578332, 0
2, 7, 11, 15, 266352965, 302665242, 5, 0, 190472331, 0
2, 7, 11, 15, 266352965, 302665242, 4, 4, 222802299, 0
2, 7, 11, 15, 266352965, 302665242, 4, 3, 170978768, 0
2, 7, 11, 15, 266352965, 302665242, 4, 2, 68025833, 0
2, 7, 11, 15, 266352965, 302665242, 4, 1, 105817962, 0
2, 7, 11, 15, 266352965, 302665242, 4, 0, 238090413, 0
2, 7, 11, 15, 266352965, 302665242, 3, 4, 228146532, 0
2, 7, 11, 15, 266352965, 302665242, 3, 3, 183141351, 0
2, 7, 11, 15, 266352965, 302665242, 3, 2, 86578332, 0
2, 7, 11, 15, 266352965, 302665242, 3, 1, 136051665, 0
2, 7, 11, 15, 266352965, 302665242, 3, 0, 317453884, 0
2, 7, 11, 15, 266352965, 302665242, 2, 4, 213101506, 0
2, 7, 11, 15, 266352965, 302665242, 2, 3, 171352774, 0
2, 7, 11, 15, 266352965, 302665242, 2, 2, 76948451, 0
2, 7, 11, 15, 266352965, 302665242, 2, 1, 123117521, 0
2, 7, 11, 15, 266352965, 302665242, 2, 0, 307793803, 0
2, 7, 11, 15, 266352965, 302665242, 1, 4, 149126362, 1
2, 7, 11, 15, 266352965, 302665242, 1, 3, 106739599, 1
2, 7, 11, 15, 266352965, 302665242, 1, 2, 1, 1
2, 7, 11, 15, 266352965, 302665242, 1, 1, 1, 1
2, 7, 11, 15, 266352965, 302665242, 1, 0, 1, 0
2, 7, 11, 15, 266352965, 302665242, 0, 4, 72943254, 1
2, 7, 11, 15, 266352965, 302665242, 0, 3, 71597268, 1
2, 7, 11, 15, 266352965, 302665242, 0, 2, 1, 1
2, 7, 11, 15, 266352965, 302665242, 0, 1, 1, 1
2, 8, 11, 15, 302665243, 362224929, 8, 4, 228114038, 0
2, 8, 11, 15, 302665243, 362224929, 8, 3, 203430664, 0
2, 8, 11, 15, 302665243, 362224929, 8, 2, 136885580, 0
2, 8, 11, 15, 302665243, 362224929, 8, 1, 155459829, 0
2, 8, 11, 15, 302665243, 362224929, 8, 0, 192226455, 0
2, 8, 11, 15, 302665243, 362224929, 7, 4, 224786216, 0
2, 8, 11, 15, 302665243, 362224929, 7, 3, 202087227, 0
2, 8, 11, 15, 302665243, 362224929, 7, 2, 137304889, 0
2, 8, 11, 15, 302665243, 362224929, 7, 1, 149453632, 0
2, 8, 11, 15, 302665243, 362224929, 7, 0, 219687377, 0
2, 8, 11, 15, 302665243, 362224929, 6, 4, 212881450, 0
2, 8, 11, 15, 302665243, 362224929, 6, 3, 175407812, 0
2, 8, 11, 15, 302665243, 362224929, 6, 2, 102681469, 0
2, 8, 11, 15, 302665243, 362224929, 6, 1, 122638127, 0
2, 8, 11, 15, 302665243, 362224929, 6, 0, 219973462, 0
2, 8, 11, 15, 302665243, 362224929, 5, 4, 178066427, 0
2, 8, 11, 15, 302665243, 362224929, 5, 3, 134423690, 0
2, 8, 11, 15, 302665243, 362224929, 5, 2, 50833191, 0
2, 8, 11, 15, 302665243, 362224929, 5, 1, 78560386, 0
2, 8, 11, 15, 302665243, 362224929, 5, 0, 172832849, 0
2, 8, 11, 15, 302665243, 362224929, 4, 4, 178590466, 0
2, 8, 11, 15, 302665243, 362224929, 4, 3, 139729816, 0
2, 8, 11, 15, 302665243, 362224929, 4, 2, 61726018, 0
2, 8, 11, 15, 302665243, 362224929, 4, 1, 96018250, 0
2, 8, 11, 15, 302665243, 362224929, 4, 0, 216041062, 0
2, 8, 11, 15, 302665243, 362224929, 3, 4, 182636130, 0
2, 8, 11, 15, 302665243, 362224929, 3, 3, 148176391, 0
2, 8, 11, 15, 302665243, 362224929, 3, 2, 78560386, 0
2, 8, 11, 15, 302665243, 362224929, 3, 1, 123452035, 0
2, 8, 11, 15, 302665243, 362224929, 3, 0, 288054749, 0
2, 8, 11, 15, 302665243, 362224929, 2, 4, 153724055, 0
2, 8, 11, 15, 302665243, 362224929, 2, 3, 120483634, 0
2, 8, 11, 15, 302665243, 362224929, 2, 2, 52376263, 0
2, 8, 11, 15, 302665243, 362224929, 2, 1, 83802021, 0
2, 8, 11, 15, 302665243, 362224929, 2, 0, 209505051, 0
2, 8, 11, 15, 302665243, 362224929, 1, 4, 125828734, 1
2, 8, 11, 15, 302665243, 362224929, 1, 3, 101107755, 1
2, 8, 11, 15, 302665243, 362224929, 1, 2, 1, 1
2, 8, 11, 15, 302665243, 362224929, 1, 1, 1, 1
2, 8, 11, 15, 302665243, 362224929, 1, 0, 1, 0
2, 8, 11, 15, 302665243, 362224929, 0, 4, 66131030, 1
2, 8, 11, 15, 302665243, 362224929, 0, 3, 88174707, 1
2, 8, 11, 15, 302665243, 362224929, 0, 2, 1, 1
2, 8, 11, 15, 302665243, 362224929, 0, 1, 1, 1
2, 9, 11, 15, 362224930, 391737240, 8, 4, 301179332, 0
2, 9, 11, 15, 362224930, 391737240, 8, 3, 278839606, 0
2, 9, 11, 15, 362224930, 391737240, 8, 2, 177553468, 0
2, 9, 11, 15, 362224930, 391737240, 8, 1, 176640570, 0
2, 9, 11, 15, 362224930, 391737240, 8, 0, 246577668, 0
2, 9, 11, 15, 362224930, 391737240, 7, 4, 279086320, 0
2, 9, 11, 15, 362224930, 391737240, 7, 3, 257840547, 0
2, 9, 11, 15, 362224930, 391737240, 7, 2, 153906204, 0
2, 9, 11, 15, 362224930, 391737240, 7, 1, 146159461, 0
2, 9, 11, 15, 362224930, 391737240, 7, 0, 263211694, 0
2, 9, 11, 15, 362224930, 391737240, 6, 4, 261056927, 0
2, 9, 11, 15, 362224930, 391737240, 6, 3, 232228613, 0
2, 9, 11, 15, 362224930, 391737240, 6, 2, 124029594, 0
2, 9, 11, 15, 362224930, 391737240, 6, 1, 138920934, 0
2, 9, 11, 15, 362224930, 391737240, 6, 0, 299517083, 0
2, 9, 11, 15, 362224930, 391737240, 5, 4, 229140222, 0
2, 9, 11, 15, 362224930, 391737240, 5, 3, 191798530, 0
2, 9, 11, 15, 362224930, 391737240, 5, 2, 66878255, 0
2, 9, 11, 15, 362224930, 391737240, 5, 1, 103357303, 0
2, 9, 11, 15, 362224930, 391737240, 5, 0, 227386066, 0
2, 9, 11, 15, 362224930, 391737240, 4, 4, 239689252, 0
2, 9, 11, 15, 362224930, 391737240, 4, 3, 198663560, 0
2, 9, 11, 15, 362224930, 391737240, 4, 2, 81209310, 0
2, 9, 11, 15, 362224930, 391737240, 4, 1, 126325593, 0
2, 9, 11, 15, 362224930, 391737240, 4, 0, 284232583, 0
2, 9, 11, 15, 362224930, 391737240, 3, 4, 236791179, 0
2, 9, 11, 15, 362224930, 391737240, 3, 3, 212287181, 0
2, 9, 11, 15, 362224930, 391737240, 3, 2, 103357303, 0
2, 9, 11, 15, 362224930, 391737240, 3, 1, 162418619, 0
2, 9, 11, 15, 362224930, 391737240, 3, 0, 378976777, 0
2, 9, 11, 15, 362224930, 391737240, 2, 4, 188416981, 0
2, 9, 11, 15, 362224930, 391737240, 2, 3, 168943211, 0
2, 9, 11, 15, 362224930, 391737240, 2, 2, 62299413, 0
2, 9, 11, 15, 362224930, 391737240, 2, 1, 99679060, 0
2, 9, 11, 15, 362224930, 391737240, 2, 0, 249197650, 0
2, 9, 11, 15, 362224930, 391737240, 1, 4, 107700364, 1
2, 9, 11, 15, 362224930, 391737240, 1, 3, 111389932, 1
2, 9, 11, 15, 362224930, 391737240, 1, 2, 1, 1
2, 9, 11, 15, 362224930, 391737240, 1, 1, 1, 1
2, 9, 11, 15, 362224930, 391737240, 1, 0, 1, 0
2, 9, 11, 15, 362224930, 391737240, 0, 4, 146374215, 1
2, 9, 11, 15, 362224930, 391737240, 0, 3, 163569995, 1
2, 9, 11, 15, 362224930, 391737240, 0, 2, 1, 1
2, 9, 11, 15, 362224930, 391737240, 0, 1, 1, 1
2, 10, 11, 15, 391737241, 401754936, 8, 4, 35812973, 0
2, 10, 11, 15, 391737241, 401754936, 8, 3, 31524695, 0
2, 10, 11, 15, 391737241, 401754936, 8, 2, 33432164, 0
2, 10, 11, 15, 391737241, 401754936, 8, 1, 38814318, 0
2, 10, 11, 15, 391737241, 401754936, 8, 0, 44470738, 0
2, 10, 11, 15, 391737241, 401754936, 7, 4, 35572343, 0
2, 10, 11, 15, 391737241, 401754936, 7, 3, 32271190, 0
2, 10, 11, 15, 391737241, 401754936, 7, 2, 35472049, 0
2, 10, 11, 15, 391737241, 401754936, 7, 1, 40430952, 0
2, 10, 11, 15, 391737241, 401754936, 7, 0, 48533421, 0
2, 10, 11, 15, 391737241, 401754936, 6, 4, 37324516, 0
2, 10, 11, 15, 391737241, 401754936, 6, 3, 32814979, 0
2, 10, 11, 15, 391737241, 401754936, 6, 2, 35636593, 0
2, 10, 11, 15, 391737241, 401754936, 6, 1, 38718386, 0
2, 10, 11, 15, 391737241, 401754936, 6, 0, 39434781, 0
2, 10, 11, 15, 391737241, 401754936, 5, 4, 37385178, 0
2, 10, 11, 15, 391737241, 401754936, 5, 3, 36536217, 0
2, 10, 11, 15, 391737241, 401754936, 5, 2, 39238848, 0
2, 10, 11, 15, 391737241, 401754936, 5, 1, 41606143, 0
2, 10, 11, 15, 391737241, 401754936, 5, 0, 41824321, 0
2, 10, 11, 15, 391737241, 401754936, 4, 4, 36972364, 0
2, 10, 11, 15, 391737241, 401754936, 4, 3, 36644873, 0
2, 10, 11, 15, 391737241, 401754936, 4, 2, 37355715, 0
2, 10, 11, 15, 391737241, 401754936, 4, 1, 46175671, 0
2, 10, 11, 15, 391737241, 401754936, 4, 0, 50636393, 0
2, 10, 11, 15, 391737241, 401754936, 3, 4, 44686105, 0
2, 10, 11, 15, 391737241, 401754936, 3, 3, 43863457, 0
2, 10, 11, 15, 391737241, 401754936, 3, 2, 44061753, 0
2, 10, 11, 15, 391737241, 401754936, 3, 1, 53897187, 0
2, 10, 11, 15, 391737241, 401754936, 3, 0, 54748281, 0
2, 10, 11, 15, 391737241, 401754936, 2, 4, 40984223, 0
2, 10, 11, 15, 391737241, 401754936, 2, 3, 46974947, 0
2, 10, 11, 15, 391737241, 401754936, 2, 2, 42931481, 0
2, 10, 11, 15, 391737241, 401754936, 2, 1, 47210576, 0
2, 10, 11, 15, 391737241, 401754936, 2, 0, 58447666, 0
2, 10, 11, 15, 391737241, 401754936, 1, 4, 22043747, 0
2, 10, 11, 15, 391737241, 401754936, 1, 3, 20191287, 0
2, 10, 11, 15, 391737241, 401754936, 1, 2, 19501282, 0
2, 10, 11, 15, 391737241, 401754936, 1, 1, 30700436, 0
2, 10, 11, 15, 391737241, 401754936, 1, 0, 68657500, 0
2, 10, 11, 15, 391737241, 401754936, 0, 4, 25364235, 1
2, 10, 11, 15, 391737241, 401754936, 0, 3, 14800744, 1
2, 10, 11, 15, 391737241, 401754936, 0, 2, 14424454, 1
2, 10, 11, 15, 391737241, 401754936, 0, 1, 23443807, 1
2, 11, 11, 15, 401754937, 412139006, 8, 4, 29925230, 1
2, 11, 11, 15, 401754937, 412139006, 8, 3, 28894064, 1
2, 11, 11, 15, 401754937, 412139006, 8, 2, 26246235, 1
2, 11, 11, 15, 401754937, 412139006, 8, 1, 18608326, 1
2, 11, 11, 15, 401754937, 412139006, 8, 0, 1762152, 0
2, 11, 11, 15, 401754937, 412139006, 7, 4, 29635732, 1
2, 11, 11, 15, 401754937, 412139006, 7, 3, 29023967, 1
2, 11, 11, 15, 401754937, 412139006, 7, 2, 27783298, 1
2, 11, 11, 15, 401754937, 412139006, 7, 1, 18197019, 1
2, 11, 11, 15, 401754937, 412139006, 7, 0, 2013888, 0
2, 11, 11, 15, 401754937, 412139006, 6, 4, 27873245, 1
2, 11, 11, 15, 401754937, 412139006, 6, 3, 27741035, 1
2, 11, 11, 15, 401754937, 412139006, 6, 2, 27099026, 1
2, 11, 11, 15, 401754937, 412139006, 6, 1, 16405517, 1
2, 11, 11, 15, 401754937, 412139006, 6, 0, 1, 0
2, 11, 11, 15, 401754937, 412139006, 5, 4, 25208723, 1
2, 11, 11, 15, 401754937, 412139006, 5, 3, 25505856, 1
2, 11, 11, 15, 401754937, 412139006, 5, 2, 24898723, 1
2, 11, 11, 15, 401754937, 412139006, 5, 1, 13229678, 1
2, 11, 11, 15, 401754937, 412139006, 5, 0, 1, 0
2, 11, 11, 15, 401754937, 412139006, 4, 4, 24579185, 1
2, 11, 11, 15, 401754937, 412139006, 4, 3, 26529589, 1
2, 11, 11, 15, 401754937, 412139006, 4, 2, 26242061, 1
2, 11, 11, 15, 401754937, 412139006, 4, 1, 15665709, 1
2, 11, 11, 15, 401754937, 412139006, 4, 0, 1, 0
2, 11, 11, 15, 401754937, 412139006, 3, 4, 27689078, 1
2, 11, 11, 15, 401754937, 412139006, 3, 3, 32326279, 1
2, 11, 11, 15, 401754937, 412139006, 3, 2, 31656441, 1
2, 11, 11, 15, 401754937, 412139006, 3, 1, 20141626, 1
2, 11, 11, 15, 401754937, 412139006, 3, 0, 1, 0
2, 11, 11, 15, 401754937, 412139006, 2, 4, 25050671, 1
2, 11, 11, 15, 401754937, 412139006, 2, 3, 31882672, 1
2, 11, 11, 15, 401754937, 412139006, 2, 2, 30251569, 1
2, 11, 11, 15, 401754937, 412139006, 2, 1, 20978841, 1
2, 11, 11, 15, 401754937, 412139006, 2, 0, 1, 0
2, 11, 11, 15, 401754937, 412139006, 1, 4, 17130472, 1
2, 11, 11, 15, 401754937, 412139006, 1, 3, 22024893, 1
2, 11, 11, 15, 401754937, 412139006, 1, 2, 19862350, 1
2, 11, 11, 15, 401754937, 412139006, 1, 1, 13586532, 1
2, 11, 11, 15, 401754937, 412139006, 1, 0, 1, 0
2, 11, 11, 15, 401754937, 412139006, 0, 4, 28732366, 1
2, 11, 11, 15, 401754937, 412139006, 0, 3, 38309821, 1
2, 11, 11, 15, 401754937, 412139006, 0, 2, 45141435, 1
2, 11, 11, 15, 401754937, 412139006, 0, 1, 31730716, 1
2, 12, 11, 15, 412139007, 447875178, 8, 4, 41080335, 1
2, 12, 11, 15, 412139007, 447875178, 8, 3, 40365033, 1
2, 12, 11, 15, 412139007, 447875178, 8, 2, 37333267, 1
2, 12, 11, 15, 412139007, 447875178, 8, 1, 29533471, 1
2, 12, 11, 15, 412139007, 447875178, 8, 0, 11543522, 0
2, 12, 11, 15, 412139007, 447875178, 7, 4, 39180207, 1
2, 12, 11, 15, 412139007, 447875178, 7, 3, 38768106, 1
2, 12, 11, 15, 412139007, 447875178, 7, 2, 36005328, 1
2, 12, 11, 15, 412139007, 447875178, 7, 1, 28232353, 1
2, 12, 11, 15, 412139007, 447875178, 7, 0, 13192597, 0
2, 12, 11, 15, 412139007, 447875178, 6, 4, 37792825, 1
2, 12, 11, 15, 412139007, 447875178, 6, 3, 37410236, 1
2, 12, 11, 15, 412139007, 447875178, 6, 2, 33508110, 1
2, 12, 11, 15, 412139007, 447875178, 6, 1, 27293942, 1
2, 12, 11, 15, 412139007, 447875178, 6, 0, 9131201, 0
2, 12, 11, 15, 412139007, 447875178, 5, 4, 39273525, 1
2, 12, 11, 15, 412139007, 447875178, 5, 3, 40293704, 1
2, 12, 11, 15, 412139007, 447875178, 5, 2, 34520061, 1
2, 12, 11, 15, 412139007, 447875178, 5, 1, 32256477, 1
2, 12, 11, 15, 412139007, 447875178, 5, 0, 10957441, 0
2, 12, 11, 15, 412139007, 447875178, 4, 4, 38990150, 1
2, 12, 11, 15, 412139007, 447875178, 4, 3, 39553859, 1
2, 12, 11, 15, 412139007, 447875178, 4, 2, 34381178, 1
2, 12, 11, 15, 412139007, 447875178, 4, 1, 32650320, 1
2, 12, 11, 15, 412139007, 447875178, 4, 0, 13696802, 0
2, 12, 11, 15, 412139007, 447875178, 3, 4, 38103189, 1
2, 12, 11, 15, 412139007, 447875178, 3, 3, 36630765, 1
2, 12, 11, 15, 412139007, 447875178, 3, 2, 29505573, 1
2, 12, 11, 15, 412139007, 447875178, 3, 1, 31522313, 1
2, 12, 11, 15, 412139007, 447875178, 3, 0, 18262402, 0
2, 12, 11, 15, 412139007, 447875178, 2, 4, 36003756, 1
2, 12, 11, 15, 412139007, 447875178, 2, 3, 35893762, 1
2, 12, 11, 15, 412139007, 447875178, 2, 2, 32789774, 1
2, 12, 11, 15, 412139007, 447875178, 2, 1, 44131238, 1
2, 12, 11, 15, 412139007, 447875178, 2, 0, 27393603, 0
2, 12, 11, 15, 412139007, 447875178, 1, 4, 37383781, 1
2, 12, 11, 15, 412139007, 447875178, 1, 3, 35573597, 1
2, 12, 11, 15, 412139007, 447875178, 1, 2, 32666230, 1
2, 12, 11, 15, 412139007, 447875178, 1, 1, 40556382, 1
2, 12, 11, 15, 412139007, 447875178, 1, 0, 1, 0
2, 12, 11, 15, 412139007, 447875178, 0, 4, 48180928, 1
2, 12, 11, 15, 412139007, 447875178, 0, 3, 36185788, 1
2, 12, 11, 15, 412139007, 447875178, 0, 2, 52039404, 1
2, 12, 11, 15, 412139007, 447875178, 0, 1, 96141208, 1
2, 13, 11, 15, 447875179, 456470011, 8, 4, 9244044, 0
2, 13, 11, 15, 447875179, 456470011, 8, 3, 8308718, 0
2, 13, 11, 15, 447875179, 456470011, 8, 2, 8206611, 0
2, 13, 11, 15, 447875179, 456470011, 8, 1, 8075034, 0
2, 13, 11, 15, 447875179, 456470011, 8, 0, 7075187, 0
2, 13, 11, 15, 447875179, 456470011, 7, 4, 9037234, 0
2, 13, 11, 15, 447875179, 456470011, 7, 3, 8252509, 0
2, 13, 11, 15, 447875179, 456470011, 7, 2, 8297483, 0
2, 13, 11, 15, 447875179, 456470011, 7, 1, 9083885, 0
2, 13, 11, 15, 447875179, 456470011, 7, 0, 8085928, 0
2, 13, 11, 15, 447875179, 456470011, 6, 4, 8549874, 0
2, 13, 11, 15, 447875179, 456470011, 6, 3, 8215567, 0
2, 13, 11, 15, 447875179, 456470011, 6, 2, 8432036, 0
2, 13, 11, 15, 447875179, 456470011, 6, 1, 10481405, 0
2, 13, 11, 15, 447875179, 456470011, 6, 0, 9433583, 0
2, 13, 11, 15, 447875179, 456470011, 5, 4, 8156123, 0
2, 13, 11, 15, 447875179, 456470011, 5, 3, 8465422, 0
2, 13, 11, 15, 447875179, 456470011, 5, 2, 8325007, 0
2, 13, 11, 15, 447875179, 456470011, 5, 1, 9922061, 0
2, 13, 11, 15, 447875179, 456470011, 5, 0, 11320300, 0
2, 13, 11, 15, 447875179, 456470011, 4, 4, 6199111, 0
2, 13, 11, 15, 447875179, 456470011, 4, 3, 7181632, 0
2, 13, 11, 15, 447875179, 456470011, 4, 2, 6779012, 0
2, 13, 11, 15, 447875179, 456470011, 4, 1, 9013768, 0
2, 13, 11, 15, 447875179, 456470011, 4, 0, 8735797, 0
2, 13, 11, 15, 447875179, 456470011, 3, 4, 5370920, 0
2, 13, 11, 15, 447875179, 456470011, 3, 3, 6253021, 0
2, 13, 11, 15, 447875179, 456470011, 3, 2, 7564084, 0
2, 13, 11, 15, 447875179, 456470011, 3, 1, 9917523, 0
2, 13, 11, 15, 447875179, 456470011, 3, 0, 10453361, 0
2, 13, 11, 15, 447875179, 456470011, 2, 4, 5347651, 0
2, 13, 11, 15, 447875179, 456470011, 2, 3, 6055905, 0
2, 13, 11, 15, 447875179, 456470011, 2, 2, 8326869, 0
2, 13, 11, 15, 447875179, 456470011, 2, 1, 10566539, 0
2, 13, 11, 15, 447875179, 456470011, 2, 0, 15680041, 0
2, 13, 11, 15, 447875179, 456470011, 1, 4, 83541, 1
2, 13, 11, 15, 447875179, 456470011, 1, 3, 107410, 1
2, 13, 11, 15, 447875179, 456470011, 1, 2, 150373, 1
2, 13, 11, 15, 447875179, 456470011, 1, 1, 250622, 1
2, 13, 11, 15, 447875179, 456470011, 1, 0, 1, 0
2, 13, 11, 15, 447875179, 456470011, 0, 4, 187966, 1
2, 13, 11, 15, 447875179, 456470011, 0, 3, 250622, 1
2, 13, 11, 15, 447875179, 456470011, 0, 2, 375932, 1
2, 13, 11, 15, 447875179, 456470011, 0, 1, 751864, 1
2, 14, 11, 15, 456470012, 463063509, 8, 4, 12870591, 0
2, 14, 11, 15, 456470012, 463063509, 8, 3, 13832327, 0
2, 14, 11, 15, 456470012, 463063509, 8, 2, 16074547, 0
2, 14, 11, 15, 456470012, 463063509, 8, 1, 16540604, 0
2, 14, 11, 15, 456470012, 463063509, 8, 0, 24121119, 0
2, 14, 11, 15, 456470012, 463063509, 7, 4, 13243341, 0
2, 14, 11, 15, 456470012, 463063509, 7, 3, 14211317, 0
2, 14, 11, 15, 456470012, 463063509, 7, 2, 16741689, 0
2, 14, 11, 15, 456470012, 463063509, 7, 1, 16554059, 0
2, 14, 11, 15, 456470012, 463063509, 7, 0, 26103890, 0
2, 14, 11, 15, 456470012, 463063509, 6, 4, 12476622, 0
2, 14, 11, 15, 456470012, 463063509, 6, 3, 13387487, 0
2, 14, 11, 15, 456470012, 463063509, 6, 2, 16099419, 0
2, 14, 11, 15, 456470012, 463063509, 6, 1, 15297260, 0
2, 14, 11, 15, 456470012, 463063509, 6, 0, 24288032, 0
2, 14, 11, 15, 456470012, 463063509, 5, 4, 12199328, 0
2, 14, 11, 15, 456470012, 463063509, 5, 3, 13300138, 0
2, 14, 11, 15, 456470012, 463063509, 5, 2, 16215112, 0
2, 14, 11, 15, 456470012, 463063509, 5, 1, 14642039, 0
2, 14, 11, 15, 456470012, 463063509, 5, 0, 21585249, 0
2, 14, 11, 15, 456470012, 463063509, 4, 4, 9469198, 0
2, 14, 11, 15, 456470012, 463063509, 4, 3, 10107308, 0
2, 14, 11, 15, 456470012, 463063509, 4, 2, 12942318, 0
2, 14, 11, 15, 456470012, 463063509, 4, 1, 9110837, 0
2, 14, 11, 15, 456470012, 463063509, 4, 0, 12467094, 0
2, 14, 11, 15, 456470012, 463063509, 3, 4, 9088102, 0
2, 14, 11, 15, 456470012, 463063509, 3, 3, 10546940, 0
2, 14, 11, 15, 456470012, 463063509, 3, 2, 13396156, 0
2, 14, 11, 15, 456470012, 463063509, 3, 1, 9410251, 0
2, 14, 11, 15, 456470012, 463063509, 3, 0, 16622791, 0
2, 14, 11, 15, 456470012, 463063509, 2, 4, 4542760, 0
2, 14, 11, 15, 456470012, 463063509, 2, 3, 5206815, 0
2, 14, 11, 15, 456470012, 463063509, 2, 2, 5803572, 0
2, 14, 11, 15, 456470012, 463063509, 2, 1, 6055674, 0
2, 14, 11, 15, 456470012, 463063509, 2, 0, 15139184, 0
2, 14, 11, 15, 456470012, 463063509, 1, 4, 2301746, 0
2, 14, 11, 15, 456470012, 463063509, 1, 3, 2959387, 0
2, 14, 11, 15, 456470012, 463063509, 1, 2, 3669547, 0
2, 14, 11, 15, 456470012, 463063509, 1, 1, 6115912, 0
2, 14, 11, 15, 456470012, 463063509, 1, 0, 18347734, 0
2, 14, 11, 15, 456470012, 463063509, 0, 4, 1, 1
2, 14, 11, 15, 456470012, 463063509, 0, 3, 1, 1
2, 14, 11, 15, 456470012, 463063509, 0, 2, 1, 1
2, 14, 11, 15, 456470012, 463063509, 0, 1, 1, 1
2, 15, 11, 15, 463063510, 488710686, 8, 4, 73620432, 0
2, 15, 11, 15, 463063510, 488710686, 8, 3, 75952818, 0
2, 15, 11, 15, 463063510, 488710686, 8, 2, 80305882, 0
2, 15, 11, 15, 463063510, 488710686, 8, 1, 71158600, 0
2, 15, 11, 15, 463063510, 488710686, 8, 0, 77553643, 0
2, 15, 11, 15, 463063510, 488710686, 7, 4, 72384057, 0
2, 15, 11, 15, 463063510, 488710686, 7, 3, 72323479, 0
2, 15, 11, 15, 463063510, 488710686, 7, 2, 79800521, 0
2, 15, 11, 15, 463063510, 488710686, 7, 1, 73351138, 0
2, 15, 11, 15, 463063510, 488710686, 7, 0, 84434047, 0
2, 15, 11, 15, 463063510, 488710686, 6, 4, 62553706, 0
2, 15, 11, 15, 463063510, 488710686, 6, 3, 61984128, 0
2, 15, 11, 15, 463063510, 488710686, 6, 2, 68766378, 0
2, 15, 11, 15, 463063510, 488710686, 6, 1, 60520150, 0
2, 15, 11, 15, 463063510, 488710686, 6, 0, 71392252, 0
2, 15, 11, 15, 463063510, 488710686, 5, 4, 63600829, 0
2, 15, 11, 15, 463063510, 488710686, 5, 3, 61523936, 0
2, 15, 11, 15, 463063510, 488710686, 5, 2, 65694508, 0
2, 15, 11, 15, 463063510, 488710686, 5, 1, 62043201, 0
2, 15, 11, 15, 463063510, 488710686, 5, 0, 64813356, 0
2, 15, 11, 15, 463063510, 488710686, 4, 4, 53056396, 0
2, 15, 11, 15, 463063510, 488710686, 4, 3, 51847239, 0
2, 15, 11, 15, 463063510, 488710686, 4, 2, 58924604, 0
2, 15, 11, 15, 463063510, 488710686, 4, 1, 56495314, 0
2, 15, 11, 15, 463063510, 488710686, 4, 0, 45883955, 0
2, 15, 11, 15, 463063510, 488710686, 3, 4, 50177582, 0
2, 15, 11, 15, 463063510, 488710686, 3, 3, 50986257, 0
2, 15, 11, 15, 463063510, 488710686, 3, 2, 54967342, 0
2, 15, 11, 15, 463063510, 488710686, 3, 1, 58603647, 0
2, 15, 11, 15, 463063510, 488710686, 3, 0, 61178607, 0
2, 15, 11, 15, 463063510, 488710686, 2, 4, 31128555, 0
2, 15, 11, 15, 463063510, 488710686, 2, 3, 30819747, 0
2, 15, 11, 15, 463063510, 488710686, 2, 2, 36536477, 0
2, 15, 11, 15, 463063510, 488710686, 2, 1, 40714690, 0
2, 15, 11, 15, 463063510, 488710686, 2, 0, 37150071, 0
2, 15, 11, 15, 463063510, 488710686, 1, 4, 12816866, 1
2, 15, 11, 15, 463063510, 488710686, 1, 3, 16478828, 1
2, 15, 11, 15, 463063510, 488710686, 1, 2, 13725279, 1
2, 15, 11, 15, 463063510, 488710686, 1, 1, 17956214, 1
2, 15, 11, 15, 463063510, 488710686, 1, 0, 1, 0
2, 15, 11, 15, 463063510, 488710686, 0, 4, 4734455, 1
2, 15, 11, 15, 463063510, 488710686, 0, 3, 6312607, 1
2, 15, 11, 15, 463063510, 488710686, 0, 2, 9468910, 1
2, 15, 11, 15, 463063510, 488710686, 0, 1, 4180068, 1
2, 16, 11, 15, 488710687, 497611808, 8, 4, 91884791, 0
2, 16, 11, 15, 488710687, 497611808, 8, 3, 93737089, 0
2, 16, 11, 15, 488710687, 497611808, 8, 2, 96297534, 0
2, 16, 11, 15, 488710687, 497611808, 8, 1, 110156979, 0
2, 16, 11, 15, 488710687, 497611808, 8, 0, 109991260, 0
2, 16, 11, 15, 488710687, 497611808, 7, 4, 90877903, 0
2, 16, 11, 15, 488710687, 497611808, 7, 3, 95473273, 0
2, 16, 11, 15, 488710687, 497611808, 7, 2, 97072668, 0
2, 16, 11, 15, 488710687, 497611808, 7, 1, 108963742, 0
2, 16, 11, 15, 488710687, 497611808, 7, 0, 98049168, 0
2, 16, 11, 15, 488710687, 497611808, 6, 4, 88371555, 0
2, 16, 11, 15, 488710687, 497611808, 6, 3, 90648840, 0
2, 16, 11, 15, 488710687, 497611808, 6, 2, 94790861, 0
2, 16, 11, 15, 488710687, 497611808, 6, 1, 102523908, 0
2, 16, 11, 15, 488710687, 497611808, 6, 0, 92611387, 0
2, 16, 11, 15, 488710687, 497611808, 5, 4, 83429379, 0
2, 16, 11, 15, 488710687, 497611808, 5, 3, 82211577, 0
2, 16, 11, 15, 488710687, 497611808, 5, 2, 81018533, 0
2, 16, 11, 15, 488710687, 497611808, 5, 1, 90780520, 0
2, 16, 11, 15, 488710687, 497611808, 5, 0, 75724448, 0
2, 16, 11, 15, 488710687, 497611808, 4, 4, 67824734, 0
2, 16, 11, 15, 488710687, 497611808, 4, 3, 67027507, 0
2, 16, 11, 15, 488710687, 497611808, 4, 2, 66425775, 0
2, 16, 11, 15, 488710687, 497611808, 4, 1, 78473817, 0
2, 16, 11, 15, 488710687, 497611808, 4, 0, 59354541, 0
2, 16, 11, 15, 488710687, 497611808, 3, 4, 74028345, 0
2, 16, 11, 15, 488710687, 497611808, 3, 3, 70184928, 0
2, 16, 11, 15, 488710687, 497611808, 3, 2, 64473830, 0
2, 16, 11, 15, 488710687, 497611808, 3, 1, 78455926, 0
2, 16, 11, 15, 488710687, 497611808, 3, 0, 79139387, 0
2, 16, 11, 15, 488710687, 497611808, 2, 4, 63177776, 0
2, 16, 11, 15, 488710687, 497611808, 2, 3, 61495294, 0
2, 16, 11, 15, 488710687, 497611808, 2, 2, 58163982, 0
2, 16, 11, 15, 488710687, 497611808, 2, 1, 61326784, 0
2, 16, 11, 15, 488710687, 497611808, 2, 0, 63121786, 0
2, 16, 11, 15, 488710687, 497611808, 1, 4, 50195528, 0
2, 16, 11, 15, 488710687, 497611808, 1, 3, 55484060, 0
2, 16, 11, 15, 488710687, 497611808, 1, 2, 58161632, 0
2, 16, 11, 15, 488710687, 497611808, 1, 1, 60988883, 0
2, 16, 11, 15, 488710687, 497611808, 1, 0, 126243571, 0
2, 16, 11, 15, 488710687, 497611808, 0, 4, 24548663, 1
2, 16, 11, 15, 488710687, 497611808, 0, 3, 11607775, 1
2, 16, 11, 15, 488710687, 497611808, 0, 2, 17411662, 1
2, 16, 11, 15, 488710687, 497611808, 0, 1, 34823324, 1
2, 17, 11, 15, 497611809, 529925174, 8, 4, 680349298, 1
2, 17, 11, 15, 497611809, 529925174, 8, 3, 666735454, 1
2, 17, 11, 15, 497611809, 529925174, 8, 2, 613797889, 0
2, 17, 11, 15, 497611809, 529925174, 8, 1, 543728542, 1
2, 17, 11, 15, 497611809, 529925174, 8, 0, 498487594, 0
2, 17, 11, 15, 497611809, 529925174, 7, 4, 714432950, 1
2, 17, 11, 15, 497611809, 529925174, 7, 3, 720064843, 1
2, 17, 11, 15, 497611809, 529925174, 7, 2, 649783234, 0
2, 17, 11, 15, 497611809, 529925174, 7, 1, 548643632, 1
2, 17, 11, 15, 497611809, 529925174, 7, 0, 424881431, 0
2, 17, 11, 15, 497611809, 529925174, 6, 4, 720536191, 1
2, 17, 11, 15, 497611809, 529925174, 6, 3, 702124281, 1
2, 17, 11, 15, 497611809, 529925174, 6, 2, 632128825, 0
2, 17, 11, 15, 497611809, 529925174, 6, 1, 540004186, 1
2, 17, 11, 15, 497611809, 529925174, 6, 0, 409106914, 0
2, 17, 11, 15, 497611809, 529925174, 5, 4, 692241433, 1
2, 17, 11, 15, 497611809, 529925174, 5, 3, 674247398, 1
2, 17, 11, 15, 497611809, 529925174, 5, 2, 589461539, 1
2, 17, 11, 15, 497611809, 529925174, 5, 1, 486661343, 1
2, 17, 11, 15, 497611809, 529925174, 5, 0, 342124321, 0
2, 17, 11, 15, 497611809, 529925174, 4, 4, 647218906, 1
2, 17, 11, 15, 497611809, 529925174, 4, 3, 633517526, 1
2, 17, 11, 15, 497611809, 529925174, 4, 2, 546497426, 1
2, 17, 11, 15, 497611809, 529925174, 4, 1, 455384587, 1
2, 17, 11, 15, 497611809, 529925174, 4, 0, 322264891, 0
2, 17, 11, 15, 497611809, 529925174, 3, 4, 602089231, 1
2, 17, 11, 15, 497611809, 529925174, 3, 3, 603125622, 1
2, 17, 11, 15, 497611809, 529925174, 3, 2, 500857608, 1
2, 17, 11, 15, 497611809, 529925174, 3, 1, 393820527, 1
2, 17, 11, 15, 497611809, 529925174, 3, 0, 256437666, 0
2, 17, 11, 15, 497611809, 529925174, 2, 4, 559782310, 1
2, 17, 11, 15, 497611809, 529925174, 2, 3, 494921935, 1
2, 17, 11, 15, 497611809, 529925174, 2, 2, 354763722, 1
2, 17, 11, 15, 497611809, 529925174, 2, 1, 242796111, 1
2, 17, 11, 15, 497611809, 529925174, 2, 0, 1, 0
2, 17, 11, 15, 497611809, 529925174, 1, 4, 489627721, 1
2, 17, 11, 15, 497611809, 529925174, 1, 3, 422700125, 1
2, 17, 11, 15, 497611809, 529925174, 1, 2, 278404294, 1
2, 17, 11, 15, 497611809, 529925174, 1, 1, 249182843, 1
2, 17, 11, 15, 497611809, 529925174, 1, 0, 1, 0
2, 17, 11, 15, 497611809, 529925174, 0, 4, 555940966, 1
2, 17, 11, 15, 497611809, 529925174, 0, 3, 507070321, 1
2, 17, 11, 15, 497611809, 529925174, 0, 2, 373774265, 1
2, 17, 11, 15, 497611809, 529925174, 0, 1, 747548529, 1
2, 18, 11, 15, 529925175, 560243456, 8, 4, 414714911, 1
2, 18, 11, 15, 529925175, 560243456, 8, 3, 421923168, 1
2, 18, 11, 15, 529925175, 560243456, 8, 2, 438035818, 0
2, 18, 11, 15, 529925175, 560243456, 8, 1, 536159139, 0
2, 18, 11, 15, 529925175, 560243456, 8, 0, 650503291, 0
2, 18, 11, 15, 529925175, 560243456, 7, 4, 449239659, 1
2, 18, 11, 15, 529925175, 560243456, 7, 3, 452909726, 1
2, 18, 11, 15, 529925175, 560243456, 7, 2, 463557474, 0
2, 18, 11, 15, 529925175, 560243456, 7, 1, 559173068, 0
2, 18, 11, 15, 529925175, 560243456, 7, 0, 639559568, 0
2, 18, 11, 15, 529925175, 560243456, 6, 4, 499901278, 1
2, 18, 11, 15, 529925175, 560243456, 6, 3, 500611047, 1
2, 18, 11, 15, 529925175, 560243456, 6, 2, 506905933, 0
2, 18, 11, 15, 529925175, 560243456, 6, 1, 604914828, 0
2, 18, 11, 15, 529925175, 560243456, 6, 0, 658868953, 0
2, 18, 11, 15, 529925175, 560243456, 5, 4, 563968141, 1
2, 18, 11, 15, 529925175, 560243456, 5, 3, 559779604, 1
2, 18, 11, 15, 529925175, 560243456, 5, 2, 558620663, 0
2, 18, 11, 15, 529925175, 560243456, 5, 1, 656575035, 0
2, 18, 11, 15, 529925175, 560243456, 5, 0, 662329269, 0
2, 18, 11, 15, 529925175, 560243456, 4, 4, 621858664, 0
2, 18, 11, 15, 529925175, 560243456, 4, 3, 602340144, 0
2, 18, 11, 15, 529925175, 560243456, 4, 2, 576148795, 0
2, 18, 11, 15, 529925175, 560243456, 4, 1, 643539693, 0
2, 18, 11, 15, 529925175, 560243456, 4, 0, 689734457, 0
2, 18, 11, 15, 529925175, 560243456, 3, 4, 664216495, 0
2, 18, 11, 15, 529925175, 560243456, 3, 3, 609331214, 0
2, 18, 11, 15, 529925175, 560243456, 3, 2, 612034707, 0
2, 18, 11, 15, 529925175, 560243456, 3, 1, 636879412, 0
2, 18, 11, 15, 529925175, 560243456, 3, 0, 780214149, 0
2, 18, 11, 15, 529925175, 560243456, 2, 4, 742792779, 0
2, 18, 11, 15, 529925175, 560243456, 2, 3, 716282969, 0
2, 18, 11, 15, 529925175, 560243456, 2, 2, 683940780, 0
2, 18, 11, 15, 529925175, 560243456, 2, 1, 639460069, 0
2, 18, 11, 15, 529925175, 560243456, 2, 0, 973828644, 0
2, 18, 11, 15, 529925175, 560243456, 1, 4, 668479302, 0
2, 18, 11, 15, 529925175, 560243456, 1, 3, 638901547, 0
2, 18, 11, 15, 529925175, 560243456, 1, 2, 593301021, 0
2, 18, 11, 15, 529925175, 560243456, 1, 1, 493837019, 0
2, 18, 11, 15, 529925175, 560243456, 1, 0, 950963564, 0
2, 18, 11, 15, 529925175, 560243456, 0, 4, 675235513, 1
2, 18, 11, 15, 529925175, 560243456, 0, 3, 679946881, 1
2, 18, 11, 15, 529925175, 560243456, 0, 2, 639536027, 1
2, 18, 11, 15, 529925175, 560243456, 0, 1, 530547492, 1
2, 19, 11, 15, 560243457, 617154493, 8, 4, 67673235, 0
2, 19, 11, 15, 560243457, 617154493, 8, 3, 66857404, 0
2, 19, 11, 15, 560243457, 617154493, 8, 2, 66992023, 0
2, 19, 11, 15, 560243457, 617154493, 8, 1, 63968018, 0
2, 19, 11, 15, 560243457, 617154493, 8, 0, 84468064, 0
2, 19, 11, 15, 560243457, 617154493, 7, 4, 55624484, 0
2, 19, 11, 15, 560243457, 617154493, 7, 3, 57282310, 0
2, 19, 11, 15, 560243457, 617154493, 7, 2, 61398378, 0
2, 19, 11, 15, 560243457, 617154493, 7, 1, 61290646, 0
2, 19, 11, 15, 560243457, 617154493, 7, 0, 72521129, 0
2, 19, 11, 15, 560243457, 617154493, 6, 4, 33068074, 0
2, 19, 11, 15, 560243457, 617154493, 6, 3, 34017375, 0
2, 19, 11, 15, 560243457, 617154493, 6, 2, 38335823, 0
2, 19, 11, 15, 560243457, 617154493, 6, 1, 35688971, 0
2, 19, 11, 15, 560243457, 617154493, 6, 0, 43945511, 0
2, 19, 11, 15, 560243457, 617154493, 5, 4, 27118988, 0
2, 19, 11, 15, 560243457, 617154493, 5, 3, 25243708, 0
2, 19, 11, 15, 560243457, 617154493, 5, 2, 25226625, 0
2, 19, 11, 15, 560243457, 617154493, 5, 1, 20747711, 0
2, 19, 11, 15, 560243457, 617154493, 5, 0, 35081193, 0
2, 19, 11, 15, 560243457, 617154493, 4, 4, 18274300, 0
2, 19, 11, 15, 560243457, 617154493, 4, 3, 17244526, 0
2, 19, 11, 15, 560243457, 617154493, 4, 2, 18035431, 0
2, 19, 11, 15, 560243457, 617154493, 4, 1, 13277787, 0
2, 19, 11, 15, 560243457, 617154493, 4, 0, 16670308, 0
2, 19, 11, 15, 560243457, 617154493, 3, 4, 18051372, 0
2, 19, 11, 15, 560243457, 617154493, 3, 3, 20410647, 0
2, 19, 11, 15, 560243457, 617154493, 3, 2, 21000886, 0
2, 19, 11, 15, 560243457, 617154493, 3, 1, 14001971, 0
2, 19, 11, 15, 560243457, 617154493, 3, 0, 22227077, 0
2, 19, 11, 15, 560243457, 617154493, 2, 4, 11307306, 0
2, 19, 11, 15, 560243457, 617154493, 2, 3, 14391117, 0
2, 19, 11, 15, 560243457, 617154493, 2, 2, 14367565, 0
2, 19, 11, 15, 560243457, 617154493, 2, 1, 8663036, 0
2, 19, 11, 15, 560243457, 617154493, 2, 0, 11901722, 0
2, 19, 11, 15, 560243457, 617154493, 1, 4, 9084295, 0
2, 19, 11, 15, 560243457, 617154493, 1, 3, 11679808, 0
2, 19, 11, 15, 560243457, 617154493, 1, 2, 12709190, 0
2, 19, 11, 15, 560243457, 617154493, 1, 1, 7934482, 0
2, 19, 11, 15, 560243457, 617154493, 1, 0, 23803444, 0
2, 19, 11, 15, 560243457, 617154493, 0, 4, 1, 1
2, 19, 11, 15, 560243457, 617154493, 0, 3, 1, 1
2, 19, 11, 15, 560243457, 617154493, 0, 2, 1, 1
2, 19, 11, 15, 560243457, 617154493, 0, 1, 1, 1
2, 20, 11, 15, 617154494, 660546232, 8, 4, 49582966, 0
2, 20, 11, 15, 617154494, 660546232, 8, 3, 58972946, 0
2, 20, 11, 15, 617154494, 660546232, 8, 2, 59290362, 0
2, 20, 11, 15, 617154494, 660546232, 8, 1, 58571671, 0
2, 20, 11, 15, 617154494, 660546232, 8, 0, 85751219, 0
2, 20, 11, 15, 617154494, 660546232, 7, 4, 37138656, 0
2, 20, 11, 15, 617154494, 660546232, 7, 3, 44775559, 0
2, 20, 11, 15, 617154494, 660546232, 7, 2, 49452927, 0
2, 20, 11, 15, 617154494, 660546232, 7, 1, 52691381, 0
2, 20, 11, 15, 617154494, 660546232, 7, 0, 68666008, 0
2, 20, 11, 15, 617154494, 660546232, 6, 4, 14049660, 0
2, 20, 11, 15, 617154494, 660546232, 6, 3, 15456414, 0
2, 20, 11, 15, 617154494, 660546232, 6, 2, 20789276, 0
2, 20, 11, 15, 617154494, 660546232, 6, 1, 22771781, 0
2, 20, 11, 15, 617154494, 660546232, 6, 0, 39167305, 0
2, 20, 11, 15, 617154494, 660546232, 5, 4, 10336569, 0
2, 20, 11, 15, 617154494, 660546232, 5, 3, 12687174, 0
2, 20, 11, 15, 617154494, 660546232, 5, 2, 17074549, 0
2, 20, 11, 15, 617154494, 660546232, 5, 1, 15501360, 0
2, 20, 11, 15, 617154494, 660546232, 5, 0, 21897128, 0
2, 20, 11, 15, 617154494, 660546232, 4, 4, 7618288, 0
2, 20, 11, 15, 617154494, 660546232, 4, 3, 9204390, 0
2, 20, 11, 15, 617154494, 660546232, 4, 2, 12381840, 0
2, 20, 11, 15, 617154494, 660546232, 4, 1, 17608481, 0
2, 20, 11, 15, 617154494, 660546232, 4, 0, 24361752, 0
2, 20, 11, 15, 617154494, 660546232, 3, 4, 8737533, 0
2, 20, 11, 15, 617154494, 660546232, 3, 3, 11067542, 0
2, 20, 11, 15, 617154494, 660546232, 3, 2, 14952315, 0
2, 20, 11, 15, 617154494, 660546232, 3, 1, 21372292, 0
2, 20, 11, 15, 617154494, 660546232, 3, 0, 32482335, 0
2, 20, 11, 15, 617154494, 660546232, 2, 4, 5554127, 0
2, 20, 11, 15, 617154494, 660546232, 2, 3, 7068889, 0
2, 20, 11, 15, 617154494, 660546232, 2, 2, 9719722, 0
2, 20, 11, 15, 617154494, 660546232, 2, 1, 12577670, 0
2, 20, 11, 15, 617154494, 660546232, 2, 0, 24176076, 0
2, 20, 11, 15, 617154494, 660546232, 1, 4, 4893405, 0
2, 20, 11, 15, 617154494, 660546232, 1, 3, 6291520, 0
2, 20, 11, 15, 617154494, 660546232, 1, 2, 8808128, 0
2, 20, 11, 15, 617154494, 660546232, 1, 1, 14680213, 0
2, 20, 11, 15, 617154494, 660546232, 1, 0, 29504441, 0
2, 20, 11, 15, 617154494, 660546232, 0, 4, 1, 1
2, 20, 11, 15, 617154494, 660546232, 0, 3, 1, 1
2, 20, 11, 15, 617154494, 660546232, 0, 2, 1, 1
2, 20, 11, 15, 617154494, 660546232, 0, 1, 1, 1
2, 21, 11, 15, 660546233, 845337480, 8, 4, 51897812, 0
2, 21, 11, 15, 660546233, 845337480, 8, 3, 55251143, 0
2, 21, 11, 15, 660546233, 845337480, 8, 2, 57626897, 0
2, 21, 11, 15, 660546233, 845337480, 8, 1, 55852902, 0
2, 21, 11, 15, 660546233, 845337480, 8, 0, 76140253, 0
2, 21, 11, 15, 660546233, 845337480, 7, 4, 41046673, 0
2, 21, 11, 15, 660546233, 845337480, 7, 3, 44085589, 0
2, 21, 11, 15, 660546233, 845337480, 7, 2, 51357172, 0
2, 21, 11, 15, 660546233, 845337480, 7, 1, 51628211, 0
2, 21, 11, 15, 660546233, 845337480, 7, 0, 62006550, 0
2, 21, 11, 15, 660546233, 845337480, 6, 4, 27079251, 0
2, 21, 11, 15, 660546233, 845337480, 6, 3, 25426946, 0
2, 21, 11, 15, 660546233, 845337480, 6, 2, 31333762, 0
2, 21, 11, 15, 660546233, 845337480, 6, 1, 33749288, 0
2, 21, 11, 15, 660546233, 845337480, 6, 0, 53194678, 0
2, 21, 11, 15, 660546233, 845337480, 5, 4, 21766245, 0
2, 21, 11, 15, 660546233, 845337480, 5, 3, 22077328, 0
2, 21, 11, 15, 660546233, 845337480, 5, 2, 26348602, 0
2, 21, 11, 15, 660546233, 845337480, 5, 1, 25048408, 0
2, 21, 11, 15, 660546233, 845337480, 5, 0, 31191964, 0
2, 21, 11, 15, 660546233, 845337480, 4, 4, 19917336, 0
2, 21, 11, 15, 660546233, 845337480, 4, 3, 20798893, 0
2, 21, 11, 15, 660546233, 845337480, 4, 2, 23951904, 0
2, 21, 11, 15, 660546233, 845337480, 4, 1, 30614721, 0
2, 21, 11, 15, 660546233, 845337480, 4, 0, 38989954, 0
2, 21, 11, 15, 660546233, 845337480, 3, 4, 15228092, 0
2, 21, 11, 15, 660546233, 845337480, 3, 3, 18184454, 0
2, 21, 11, 15, 660546233, 845337480, 3, 2, 19355863, 0
2, 21, 11, 15, 660546233, 845337480, 3, 1, 21874334, 0
2, 21, 11, 15, 660546233, 845337480, 3, 0, 33577533, 0
2, 21, 11, 15, 660546233, 845337480, 2, 4, 10571649, 0
2, 21, 11, 15, 660546233, 845337480, 2, 3, 11948740, 0
2, 21, 11, 15, 660546233, 845337480, 2, 2, 16429518, 0
2, 21, 11, 15, 660546233, 845337480, 2, 1, 18946616, 0
2, 21, 11, 15, 660546233, 845337480, 2, 0, 21172673, 0
2, 21, 11, 15, 660546233, 845337480, 1, 4, 5738686, 0
2, 21, 11, 15, 660546233, 845337480, 1, 3, 7378311, 0
2, 21, 11, 15, 660546233, 845337480, 1, 2, 10329635, 1
2, 21, 11, 15, 660546233, 845337480, 1, 1, 4981704, 0
2, 21, 11, 15, 660546233, 845337480, 1, 0, 14945110, 0
2, 21, 11, 15, 660546233, 845337480, 0, 4, 9175766, 1
2, 21, 11, 15, 660546233, 845337480, 0, 3, 12234354, 1
2, 21, 11, 15, 660546233, 845337480, 0, 2, 18351531, 1
2, 21, 11, 15, 660546233, 845337480, 0, 1, 1, 1
2, 22, 11, 15, 845337481, 1073625901, 8, 4, 126409277, 0
2, 22, 11, 15, 845337481, 1073625901, 8, 3, 122840860, 0
2, 22, 11, 15, 845337481, 1073625901, 8, 2, 147885738, 1
2, 22, 11, 15, 845337481, 1073625901, 8, 1, 122681067, 1
2, 22, 11, 15, 845337481, 1073625901, 8, 0, 132289475, 0
2, 22, 11, 15, 845337481, 1073625901, 7, 4, 111053223, 0
2, 22, 11, 15, 845337481, 1073625901, 7, 3, 107606407, 0
2, 22, 11, 15, 845337481, 1073625901, 7, 2, 138241310, 1
2, 22, 11, 15, 845337481, 1073625901, 7, 1, 112764634, 1
2, 22, 11, 15, 845337481, 1073625901, 7, 0, 132061938, 0
2, 22, 11, 15, 845337481, 1073625901, 6, 4, 103269209, 0
2, 22, 11, 15, 845337481, 1073625901, 6, 3, 103517116, 0
2, 22, 11, 15, 845337481, 1073625901, 6, 2, 136960117, 1
2, 22, 11, 15, 845337481, 1073625901, 6, 1, 114692622, 1
2, 22, 11, 15, 845337481, 1073625901, 6, 0, 133905648, 0
2, 22, 11, 15, 845337481, 1073625901, 5, 4, 99024701, 1
2, 22, 11, 15, 845337481, 1073625901, 5, 3, 93718494, 0
2, 22, 11, 15, 845337481, 1073625901, 5, 2, 123515622, 1
2, 22, 11, 15, 845337481, 1073625901, 5, 1, 96377629, 1
2, 22, 11, 15, 845337481, 1073625901, 5, 0, 111532954, 0
2, 22, 11, 15, 845337481, 1073625901, 4, 4, 93917540, 1
2, 22, 11, 15, 845337481, 1073625901, 4, 3, 91998576, 1
2, 22, 11, 15, 845337481, 1073625901, 4, 2, 120872367, 1
2, 22, 11, 15, 845337481, 1073625901, 4, 1, 94276183, 1
2, 22, 11, 15, 845337481, 1073625901, 4, 0, 86499127, 0
2, 22, 11, 15, 845337481, 1073625901, 3, 4, 79711403, 1
2, 22, 11, 15, 845337481, 1073625901, 3, 3, 81163444, 1
2, 22, 11, 15, 845337481, 1073625901, 3, 2, 105608351, 1
2, 22, 11, 15, 845337481, 1073625901, 3, 1, 70433354, 1
2, 22, 11, 15, 845337481, 1073625901, 3, 0, 55090116, 0
2, 22, 11, 15, 845337481, 1073625901, 2, 4, 83496719, 1
2, 22, 11, 15, 845337481, 1073625901, 2, 3, 88518234, 1
2, 22, 11, 15, 845337481, 1073625901, 2, 2, 121712571, 1
2, 22, 11, 15, 845337481, 1073625901, 2, 1, 98606696, 1
2, 22, 11, 15, 845337481, 1073625901, 2, 0, 82635174, 0
2, 22, 11, 15, 845337481, 1073625901, 1, 4, 72402805, 1
2, 22, 11, 15, 845337481, 1073625901, 1, 3, 69364553, 1
2, 22, 11, 15, 845337481, 1073625901, 1, 2, 97110374, 1
2, 22, 11, 15, 845337481, 1073625901, 1, 1, 56797598, 1
2, 22, 11, 15, 845337481, 1073625901, 1, 0, 1, 0
2, 22, 11, 15, 845337481, 1073625901, 0, 4, 115984412, 1
2, 22, 11, 15, 845337481, 1073625901, 0, 3, 104731812, 1
2, 22, 11, 15, 845337481, 1073625901, 0, 2, 157097718, 1
2, 22, 11, 15, 845337481, 1073625901, 0, 1, 170392792, 1
2, 23, 11, 15, 1073625902, 1133687627, 8, 4, 39778112, 0
2, 23, 11, 15, 1073625902, 1133687627, 8, 3, 40151728, 0
2, 23, 11, 15, 1073625902, 1133687627, 8, 2, 42828901, 0
2, 23, 11, 15, 1073625902, 1133687627, 8, 1, 37585954, 0
2, 23, 11, 15, 1073625902, 1133687627, 8, 0, 32723651, 0
2, 23, 11, 15, 1073625902, 1133687627, 7, 4, 29445838, 1
2, 23, 11, 15, 1073625902, 1133687627, 7, 3, 30216150, 0
2, 23, 11, 15, 1073625902, 1133687627, 7, 2, 34107351, 1
2, 23, 11, 15, 1073625902, 1133687627, 7, 1, 26850956, 0
2, 23, 11, 15, 1073625902, 1133687627, 7, 0, 17656532, 0
2, 23, 11, 15, 1073625902, 1133687627, 6, 4, 20615053, 1
2, 23, 11, 15, 1073625902, 1133687627, 6, 3, 21738198, 0
2, 23, 11, 15, 1073625902, 1133687627, 6, 2, 26117982, 1
2, 23, 11, 15, 1073625902, 1133687627, 6, 1, 21074616, 0
2, 23, 11, 15, 1073625902, 1133687627, 6, 0, 20599287, 0
2, 23, 11, 15, 1073625902, 1133687627, 5, 4, 16468272, 1
2, 23, 11, 15, 1073625902, 1133687627, 5, 3, 15808672, 0
2, 23, 11, 15, 1073625902, 1133687627, 5, 2, 20383739, 1
2, 23, 11, 15, 1073625902, 1133687627, 5, 1, 14642685, 0
2, 23, 11, 15, 1073625902, 1133687627, 5, 0, 17399214, 0
2, 23, 11, 15, 1073625902, 1133687627, 4, 4, 10815339, 1
2, 23, 11, 15, 1073625902, 1133687627, 4, 3, 11398841, 1
2, 23, 11, 15, 1073625902, 1133687627, 4, 2, 15469856, 1
2, 23, 11, 15, 1073625902, 1133687627, 4, 1, 10697596, 1
2, 23, 11, 15, 1073625902, 1133687627, 4, 0, 5551225, 0
2, 23, 11, 15, 1073625902, 1133687627, 3, 4, 11069201, 1
2, 23, 11, 15, 1073625902, 1133687627, 3, 3, 11154977, 1
2, 23, 11, 15, 1073625902, 1133687627, 3, 2, 15211332, 1
2, 23, 11, 15, 1073625902, 1133687627, 3, 1, 6717862, 1
2, 23, 11, 15, 1073625902, 1133687627, 3, 0, 7401634, 0
2, 23, 11, 15, 1073625902, 1133687627, 2, 4, 10536466, 1
2, 23, 11, 15, 1073625902, 1133687627, 2, 3, 9501851, 1
2, 23, 11, 15, 1073625902, 1133687627, 2, 2, 13065045, 1
2, 23, 11, 15, 1073625902, 1133687627, 2, 1, 2703735, 1
2, 23, 11, 15, 1073625902, 1133687627, 2, 0, 1, 0
2, 23, 11, 15, 1073625902, 1133687627, 1, 4, 13294917, 1
2, 23, 11, 15, 1073625902, 1133687627, 1, 3, 10952013, 1
2, 23, 11, 15, 1073625902, 1133687627, 1, 2, 15332819, 1
2, 23, 11, 15, 1073625902, 1133687627, 1, 1, 4506224, 1
2, 23, 11, 15, 1073625902, 1133687627, 1, 0, 1, 0
2, 23, 11, 15, 1073625902, 1133687627, 0, 4, 23389856, 1
2, 23, 11, 15, 1073625902, 1133687627, 0, 3, 16856421, 1
2, 23, 11, 15, 1073625902, 1133687627, 0, 2, 25284632, 1
2, 23, 11, 15, 1073625902, 1133687627, 0, 1, 13518672, 1
2, 24, 11, 15, 1133687628, 1250498281, 8, 4, 54233687, 1
2, 24, 11, 15, 1133687628, 1250498281, 8, 3, 58987148, 1
2, 24, 11, 15, 1133687628, 1250498281, 8, 2, 60897052, 1
2, 24, 11, 15, 1133687628, 1250498281, 8, 1, 53531417, 0
2, 24, 11, 15, 1133687628, 1250498281, 8, 0, 47979724, 0
2, 24, 11, 15, 1133687628, 1250498281, 7, 4, 42570411, 1
2, 24, 11, 15, 1133687628, 1250498281, 7, 3, 48277123, 1
2, 24, 11, 15, 1133687628, 1250498281, 7, 2, 51292559, 1
2, 24, 11, 15, 1133687628, 1250498281, 7, 1, 41610831, 1
2, 24, 11, 15, 1133687628, 1250498281, 7, 0, 31543846, 0
2, 24, 11, 15, 1133687628, 1250498281, 6, 4, 35684280, 1
2, 24, 11, 15, 1133687628, 1250498281, 6, 3, 38874456, 1
2, 24, 11, 15, 1133687628, 1250498281, 6, 2, 42262280, 1
2, 24, 11, 15, 1133687628, 1250498281, 6, 1, 34448591, 1
2, 24, 11, 15, 1133687628, 1250498281, 6, 0, 33017978, 0
2, 24, 11, 15, 1133687628, 1250498281, 5, 4, 30709796, 1
2, 24, 11, 15, 1133687628, 1250498281, 5, 3, 31605604, 1
2, 24, 11, 15, 1133687628, 1250498281, 5, 2, 34993964, 1
2, 24, 11, 15, 1133687628, 1250498281, 5, 1, 25932404, 1
2, 24, 11, 15, 1133687628, 1250498281, 5, 0, 27334167, 0
2, 24, 11, 15, 1133687628, 1250498281, 4, 4, 23884284, 1
2, 24, 11, 15, 1133687628, 1250498281, 4, 3, 26599751, 1
2, 24, 11, 15, 1133687628, 1250498281, 4, 2, 29662645, 1
2, 24, 11, 15, 1133687628, 1250498281, 4, 1, 21736433, 1
2, 24, 11, 15, 1133687628, 1250498281, 4, 0, 11760571, 0
2, 24, 11, 15, 1133687628, 1250498281, 3, 4, 26270111, 1
2, 24, 11, 15, 1133687628, 1250498281, 3, 3, 28753638, 1
2, 24, 11, 15, 1133687628, 1250498281, 3, 2, 31016938, 1
2, 24, 11, 15, 1133687628, 1250498281, 3, 1, 17362454, 1
2, 24, 11, 15, 1133687628, 1250498281, 3, 0, 15680761, 0
2, 24, 11, 15, 1133687628, 1250498281, 2, 4, 25843977, 1
2, 24, 11, 15, 1133687628, 1250498281, 2, 3, 26726194, 1
2, 24, 11, 15, 1133687628, 1250498281, 2, 2, 25483736, 1
2, 24, 11, 15, 1133687628, 1250498281, 2, 1, 7671211, 1
2, 24, 11, 15, 1133687628, 1250498281, 2, 0, 1, 0
2, 24, 11, 15, 1133687628, 1250498281, 1, 4, 34346891, 1
2, 24, 11, 15, 1133687628, 1250498281, 1, 3, 34470640, 1
2, 24, 11, 15, 1133687628, 1250498281, 1, 2, 30235248, 1
2, 24, 11, 15, 1133687628, 1250498281, 1, 1, 12785352, 1
2, 24, 11, 15, 1133687628, 1250498281, 1, 0, 1, 0
2, 24, 11, 15, 1133687628, 1250498281, 0, 4, 53282672, 1
2, 24, 11, 15, 1133687628, 1250498281, 0, 3, 48434382, 1
2, 24, 11, 15, 1133687628, 1250498281, 0, 2, 50122014, 1
2, 24, 11, 15, 1133687628, 1250498281, 0, 1, 38356054, 1
2, 25, 11, 15, 1250498282, 1267351745, 8, 4, 144704725, 1
2, 25, 11, 15, 1250498282, 1267351745, 8, 3, 148234725, 1
2, 25, 11, 15, 1250498282, 1267351745, 8, 2, 141453199, 1
2, 25, 11, 15, 1250498282, 1267351745, 8, 1, 135198372, 0
2, 25, 11, 15, 1250498282, 1267351745, 8, 0, 152260224, 0
2, 25, 11, 15, 1250498282, 1267351745, 7, 4, 163143006, 1
2, 25, 11, 15, 1250498282, 1267351745, 7, 3, 167218862, 1
2, 25, 11, 15, 1250498282, 1267351745, 7, 2, 159710979, 1
2, 25, 11, 15, 1250498282, 1267351745, 7, 1, 152929444, 0
2, 25, 11, 15, 1250498282, 1267351745, 7, 0, 173378734, 0
2, 25, 11, 15, 1250498282, 1267351745, 6, 4, 187134624, 1
2, 25, 11, 15, 1250498282, 1267351745, 6, 3, 191992027, 1
2, 25, 11, 15, 1250498282, 1267351745, 6, 2, 183667626, 1
2, 25, 11, 15, 1250498282, 1267351745, 6, 1, 176457051, 0
2, 25, 11, 15, 1250498282, 1267351745, 6, 0, 202275190, 0
2, 25, 11, 15, 1250498282, 1267351745, 5, 4, 219399215, 1
2, 25, 11, 15, 1250498282, 1267351745, 5, 3, 225381944, 1
2, 25, 11, 15, 1250498282, 1267351745, 5, 2, 216079560, 1
2, 25, 11, 15, 1250498282, 1267351745, 5, 1, 208540151, 0
2, 25, 11, 15, 1250498282, 1267351745, 5, 0, 242730228, 0
2, 25, 11, 15, 1250498282, 1267351745, 4, 4, 248273103, 1
2, 25, 11, 15, 1250498282, 1267351745, 4, 3, 251566419, 1
2, 25, 11, 15, 1250498282, 1267351745, 4, 2, 233523555, 1
2, 25, 11, 15, 1250498282, 1267351745, 4, 1, 209990991, 0
2, 25, 11, 15, 1250498282, 1267351745, 4, 0, 202407099, 0
2, 25, 11, 15, 1250498282, 1267351745, 3, 4, 278486706, 1
2, 25, 11, 15, 1250498282, 1267351745, 3, 3, 274163660, 1
2, 25, 11, 15, 1250498282, 1267351745, 3, 2, 248445617, 1
2, 25, 11, 15, 1250498282, 1267351745, 3, 1, 193355849, 0
2, 25, 11, 15, 1250498282, 1267351745, 3, 0, 160571857, 0
2, 25, 11, 15, 1250498282, 1267351745, 2, 4, 304318236, 1
2, 25, 11, 15, 1250498282, 1267351745, 2, 3, 282484775, 1
2, 25, 11, 15, 1250498282, 1267351745, 2, 2, 224677267, 1
2, 25, 11, 15, 1250498282, 1267351745, 2, 1, 97030761, 1
2, 25, 11, 15, 1250498282, 1267351745, 2, 0, 1, 0
2, 25, 11, 15, 1250498282, 1267351745, 1, 4, 335992938, 1
2, 25, 11, 15, 1250498282, 1267351745, 1, 3, 297505920, 1
2, 25, 11, 15, 1250498282, 1267351745, 1, 2, 224615326, 1
2, 25, 11, 15, 1250498282, 1267351745, 1, 1, 46969957, 1
2, 25, 11, 15, 1250498282, 1267351745, 1, 0, 1, 0
2, 25, 11, 15, 1250498282, 1267351745, 0, 4, 369698624, 1
2, 25, 11, 15, 1250498282, 1267351745, 0, 3, 325431223, 1
2, 25, 11, 15, 1250498282, 1267351745, 0, 2, 248280631, 1
2, 25, 11, 15, 1250498282, 1267351745, 0, 1, 1, 1
2, 26, 11, 15, 1267351746, 1279393525, 8, 4, 499848582, 0
2, 26, 11, 15, 1267351746, 1279393525, 8, 3, 458615008, 0
2, 26, 11, 15, 1267351746, 1279393525, 8, 2, 427266472, 0
2, 26, 11, 15, 1267351746, 1279393525, 8, 1, 425921057, 0
2, 26, 11, 15, 1267351746, 1279393525, 8, 0, 288109353, 0
2, 26, 11, 15, 1267351746, 1279393525, 7, 4, 488631133, 0
2, 26, 11, 15, 1267351746, 1279393525, 7, 3, 461176085, 0
2, 26, 11, 15, 1267351746, 1279393525, 7, 2, 420455300, 0
2, 26, 11, 15, 1267351746, 1279393525, 7, 1, 416254654, 0
2, 26, 11, 15, 1267351746, 1279393525, 7, 0, 229111744, 0
2, 26, 11, 15, 1267351746, 1279393525, 6, 4, 469439401, 0
2, 26, 11, 15, 1267351746, 1279393525, 6, 3, 450494883, 0
2, 26, 11, 15, 1267351746, 1279393525, 6, 2, 395059429, 0
2, 26, 11, 15, 1267351746, 1279393525, 6, 1, 365808448, 0
2, 26, 11, 15, 1267351746, 1279393525, 6, 0, 100426312, 0
2, 26, 11, 15, 1267351746, 1279393525, 5, 4, 463080380, 1
2, 26, 11, 15, 1267351746, 1279393525, 5, 3, 438296138, 1
2, 26, 11, 15, 1267351746, 1279393525, 5, 2, 375980946, 1
2, 26, 11, 15, 1267351746, 1279393525, 5, 1, 355251125, 1
2, 26, 11, 15, 1267351746, 1279393525, 5, 0, 1, 0
2, 26, 11, 15, 1267351746, 1279393525, 4, 4, 426415278, 1
2, 26, 11, 15, 1267351746, 1279393525, 4, 3, 415087957, 1
2, 26, 11, 15, 1267351746, 1279393525, 4, 2, 356852607, 1
2, 26, 11, 15, 1267351746, 1279393525, 4, 1, 349420089, 1
2, 26, 11, 15, 1267351746, 1279393525, 4, 0, 1, 0
2, 26, 11, 15, 1267351746, 1279393525, 3, 4, 353324763, 1
2, 26, 11, 15, 1267351746, 1279393525, 3, 3, 315207174, 1
2, 26, 11, 15, 1267351746, 1279393525, 3, 2, 258054297, 1
2, 26, 11, 15, 1267351746, 1279393525, 3, 1, 282225188, 1
2, 26, 11, 15, 1267351746, 1279393525, 3, 0, 1, 0
2, 26, 11, 15, 1267351746, 1279393525, 2, 4, 204275301, 1
2, 26, 11, 15, 1267351746, 1279393525, 2, 3, 170546878, 1
2, 26, 11, 15, 1267351746, 1279393525, 2, 2, 97659984, 1
2, 26, 11, 15, 1267351746, 1279393525, 2, 1, 156255974, 1
2, 26, 11, 15, 1267351746, 1279393525, 2, 0, 1, 0
2, 26, 11, 15, 1267351746, 1279393525, 1, 4, 86808874, 1
2, 26, 11, 15, 1267351746, 1279393525, 1, 3, 111611410, 1
2, 26, 11, 15, 1267351746, 1279393525, 1, 2, 156255974, 1
2, 26, 11, 15, 1267351746, 1279393525, 1, 1, 260426622, 1
2, 26, 11, 15, 1267351746, 1279393525, 1, 0, 1, 0
2, 26, 11, 15, 1267351746, 1279393525, 0, 4, 1, 1
2, 26, 11, 15, 1267351746, 1279393525, 0, 3, 1, 1
2, 26, 11, 15, 1267351746, 1279393525, 0, 2, 1, 1
2, 26, 11, 15, 1267351746, 1279393525, 0, 1, 1, 1
2, 27, 11, 15, 1279393526, 1289389504, 8, 4, 9869429, 0
2, 27, 11, 15, 1279393526, 1289389504, 8, 3, 11405261, 0
2, 27, 11, 15, 1279393526, 1289389504, 8, 2, 13046007, 0
2, 27, 11, 15, 1279393526, 1289389504, 8, 1, 16153789, 0
2, 27, 11, 15, 1279393526, 1289389504, 8, 0, 20263247, 0
2, 27, 11, 15, 1279393526, 1289389504, 7, 4, 7212077, 0
2, 27, 11, 15, 1279393526, 1289389504, 7, 3, 8693317, 0
2, 27, 11, 15, 1279393526, 1289389504, 7, 2, 10121627, 0
2, 27, 11, 15, 1279393526, 1289389504, 7, 1, 12767216, 0
2, 27, 11, 15, 1279393526, 1289389504, 7, 0, 14613195, 0
2, 27, 11, 15, 1279393526, 1289389504, 6, 4, 3605958, 0
2, 27, 11, 15, 1279393526, 1289389504, 6, 3, 4104607, 0
2, 27, 11, 15, 1279393526, 1289389504, 6, 2, 4871079, 0
2, 27, 11, 15, 1279393526, 1289389504, 6, 1, 6109612, 0
2, 27, 11, 15, 1279393526, 1289389504, 6, 0, 8085941, 0
2, 27, 11, 15, 1279393526, 1289389504, 5, 4, 2914572, 0
2, 27, 11, 15, 1279393526, 1289389504, 5, 3, 3162801, 0
2, 27, 11, 15, 1279393526, 1289389504, 5, 2, 3908903, 0
2, 27, 11, 15, 1279393526, 1289389504, 5, 1, 5120607, 0
2, 27, 11, 15, 1279393526, 1289389504, 5, 0, 5083475, 0
2, 27, 11, 15, 1279393526, 1289389504, 4, 4, 2053348, 0
2, 27, 11, 15, 1279393526, 1289389504, 4, 3, 2507554, 0
2, 27, 11, 15, 1279393526, 1289389504, 4, 2, 3163399, 0
2, 27, 11, 15, 1279393526, 1289389504, 4, 1, 3795879, 0
2, 27, 11, 15, 1279393526, 1289389504, 4, 0, 1191959, 0
2, 27, 11, 15, 1279393526, 1289389504, 3, 4, 2593702, 0
2, 27, 11, 15, 1279393526, 1289389504, 3, 3, 3176234, 0
2, 27, 11, 15, 1279393526, 1289389504, 3, 2, 4026144, 0
2, 27, 11, 15, 1279393526, 1289389504, 3, 1, 4880416, 0
2, 27, 11, 15, 1279393526, 1289389504, 3, 0, 1589279, 0
2, 27, 11, 15, 1279393526, 1289389504, 2, 4, 1944655, 0
2, 27, 11, 15, 1279393526, 1289389504, 2, 3, 2475015, 0
2, 27, 11, 15, 1279393526, 1289389504, 2, 2, 2983654, 0
2, 27, 11, 15, 1279393526, 1289389504, 2, 1, 2748912, 0
2, 27, 11, 15, 1279393526, 1289389504, 2, 0, 2383918, 0
2, 27, 11, 15, 1279393526, 1289389504, 1, 4, 1385496, 0
2, 27, 11, 15, 1279393526, 1289389504, 1, 3, 1781352, 0
2, 27, 11, 15, 1279393526, 1289389504, 1, 2, 2493892, 0
2, 27, 11, 15, 1279393526, 1289389504, 1, 1, 4156487, 0
2, 27, 11, 15, 1279393526, 1289389504, 1, 0, 3492738, 0
2, 27, 11, 15, 1279393526, 1289389504, 0, 4, 1, 1
2, 27, 11, 15, 1279393526, 1289389504, 0, 3, 1, 1
2, 27, 11, 15, 1279393526, 1289389504, 0, 2, 1, 1
2, 27, 11, 15, 1279393526, 1289389504, 0, 1, 1, 1
2, 28, 11, 15, 1289389505, 1304379044, 8, 4, 10995327, 0
2, 28, 11, 15, 1289389505, 1304379044, 8, 3, 11649257, 0
2, 28, 11, 15, 1289389505, 1304379044, 8, 2, 11930719, 0
2, 28, 11, 15, 1289389505, 1304379044, 8, 1, 12533375, 0
2, 28, 11, 15, 1289389505, 1304379044, 8, 0, 13623472, 0
2, 28, 11, 15, 1289389505, 1304379044, 7, 4, 7649994, 0
2, 28, 11, 15, 1289389505, 1304379044, 7, 3, 8444362, 0
2, 28, 11, 15, 1289389505, 1304379044, 7, 2, 8858511, 0
2, 28, 11, 15, 1289389505, 1304379044, 7, 1, 8938381, 0
2, 28, 11, 15, 1289389505, 1304379044, 7, 0, 9927422, 0
2, 28, 11, 15, 1289389505, 1304379044, 6, 4, 4128425, 0
2, 28, 11, 15, 1289389505, 1304379044, 6, 3, 3844145, 0
2, 28, 11, 15, 1289389505, 1304379044, 6, 2, 4262913, 0
2, 28, 11, 15, 1289389505, 1304379044, 6, 1, 4237236, 0
2, 28, 11, 15, 1289389505, 1304379044, 6, 0, 4999354, 0
2, 28, 11, 15, 1289389505, 1304379044, 5, 4, 2371434, 0
2, 28, 11, 15, 1289389505, 1304379044, 5, 3, 2175690, 0
2, 28, 11, 15, 1289389505, 1304379044, 5, 2, 2527058, 0
2, 28, 11, 15, 1289389505, 1304379044, 5, 1, 2662758, 0
2, 28, 11, 15, 1289389505, 1304379044, 5, 0, 2472429, 0
2, 28, 11, 15, 1289389505, 1304379044, 4, 4, 1161453, 1
2, 28, 11, 15, 1289389505, 1304379044, 4, 3, 937947, 0
2, 28, 11, 15, 1289389505, 1304379044, 4, 2, 1270304, 0
2, 28, 11, 15, 1289389505, 1304379044, 4, 1, 1286206, 0
2, 28, 11, 15, 1289389505, 1304379044, 4, 0, 897040, 0
2, 28, 11, 15, 1289389505, 1304379044, 3, 4, 981943, 1
2, 28, 11, 15, 1289389505, 1304379044, 3, 3, 887873, 1
2, 28, 11, 15, 1289389505, 1304379044, 3, 2, 1207396, 1
2, 28, 11, 15, 1289389505, 1304379044, 3, 1, 1010422, 1
2, 28, 11, 15, 1289389505, 1304379044, 3, 0, 1, 0
2, 28, 11, 15, 1289389505, 1304379044, 2, 4, 827427, 1
2, 28, 11, 15, 1289389505, 1304379044, 2, 3, 567740, 1
2, 28, 11, 15, 1289389505, 1304379044, 2, 2, 776051, 1
2, 28, 11, 15, 1289389505, 1304379044, 2, 1, 1, 1
2, 28, 11, 15, 1289389505, 1304379044, 2, 0, 1, 0
2, 28, 11, 15, 1289389505, 1304379044, 1, 4, 721890, 1
2, 28, 11, 15, 1289389505, 1304379044, 1, 3, 165455, 1
2, 28, 11, 15, 1289389505, 1304379044, 1, 2, 231637, 1
2, 28, 11, 15, 1289389505, 1304379044, 1, 1, 1, 1
2, 28, 11, 15, 1289389505, 1304379044, 1, 0, 1, 0
2, 28, 11, 15, 1289389505, 1304379044, 0, 4, 959171, 1
2, 28, 11, 15, 1289389505, 1304379044, 0, 3, 386062, 1
2, 28, 11, 15, 1289389505, 1304379044, 0, 2, 579093, 1
2, 28, 11, 15, 1289389505, 1304379044, 0, 1, 1, 1
2, 29, 11, 15, 1304379045, 1324319926, 8, 4, 14620523, 0
2, 29, 11, 15, 1304379045, 1324319926, 8, 3, 14344839, 0
2, 29, 11, 15, 1304379045, 1324319926, 8, 2, 14529940, 0
2, 29, 11, 15, 1304379045, 1324319926, 8, 1, 17953457, 0
2, 29, 11, 15, 1304379045, 1324319926, 8, 0, 11944498, 0
2, 29, 11, 15, 1304379045, 1324319926, 7, 4, 9981487, 0
2, 29, 11, 15, 1304379045, 1324319926, 7, 3, 9106250, 0
2, 29, 11, 15, 1304379045, 1324319926, 7, 2, 8358792, 0
2, 29, 11, 15, 1304379045, 1324319926, 7, 1, 9459827, 0
2, 29, 11, 15, 1304379045, 1324319926, 7, 0, 8500549, 0
2, 29, 11, 15, 1304379045, 1324319926, 6, 4, 5364863, 0
2, 29, 11, 15, 1304379045, 1324319926, 6, 3, 5114265, 0
2, 29, 11, 15, 1304379045, 1324319926, 6, 2, 4204790, 0
2, 29, 11, 15, 1304379045, 1324319926, 6, 1, 5368702, 0
2, 29, 11, 15, 1304379045, 1324319926, 6, 0, 3908616, 0
2, 29, 11, 15, 1304379045, 1324319926, 5, 4, 2029787, 0
2, 29, 11, 15, 1304379045, 1324319926, 5, 3, 2057828, 0
2, 29, 11, 15, 1304379045, 1324319926, 5, 2, 1728990, 0
2, 29, 11, 15, 1304379045, 1324319926, 5, 1, 1941221, 0
2, 29, 11, 15, 1304379045, 1324319926, 5, 0, 2212829, 0
2, 29, 11, 15, 1304379045, 1324319926, 4, 4, 1315348, 0
2, 29, 11, 15, 1304379045, 1324319926, 4, 3, 1553699, 0
2, 29, 11, 15, 1304379045, 1324319926, 4, 2, 1382778, 0
2, 29, 11, 15, 1304379045, 1324319926, 4, 1, 1503812, 0
2, 29, 11, 15, 1304379045, 1324319926, 4, 0, 1734774, 0
2, 29, 11, 15, 1304379045, 1324319926, 3, 4, 705853, 0
2, 29, 11, 15, 1304379045, 1324319926, 3, 3, 757543, 0
2, 29, 11, 15, 1304379045, 1324319926, 3, 2, 728888, 0
2, 29, 11, 15, 1304379045, 1324319926, 3, 1, 791995, 0
2, 29, 11, 15, 1304379045, 1324319926, 3, 0, 535145, 0
2, 29, 11, 15, 1304379045, 1324319926, 2, 4, 765326, 0
2, 29, 11, 15, 1304379045, 1324319926, 2, 3, 957332, 0
2, 29, 11, 15, 1304379045, 1324319926, 2, 2, 898160, 0
2, 29, 11, 15, 1304379045, 1324319926, 2, 1, 942295, 0
2, 29, 11, 15, 1304379045, 1324319926, 2, 0, 386472, 0
2, 29, 11, 15, 1304379045, 1324319926, 1, 4, 395620, 1
2, 29, 11, 15, 1304379045, 1324319926, 1, 3, 482382, 1
2, 29, 11, 15, 1304379045, 1324319926, 1, 2, 541607, 1
2, 29, 11, 15, 1304379045, 1324319926, 1, 1, 902677, 1
2, 29, 11, 15, 1304379045, 1324319926, 1, 0, 1, 0
2, 29, 11, 15, 1304379045, 1324319926, 0, 4, 213136, 1
2, 29, 11, 15, 1304379045, 1324319926, 0, 3, 222880, 1
2, 29, 11, 15, 1304379045, 1324319926, 0, 2, 1, 1
2, 29, 11, 15, 1304379045, 1324319926, 0, 1, 1, 1
2, 30, 11, 15, 1324319927, 1347223133, 8, 4, 431352960, 0
2, 30, 11, 15, 1324319927, 1347223133, 8, 3, 436811107, 0
2, 30, 11, 15, 1324319927, 1347223133, 8, 2, 434851583, 0
2, 30, 11, 15, 1324319927, 1347223133, 8, 1, 552381923, 1
2, 30, 11, 15, 1324319927, 1347223133, 8, 0, 383648507, 0
2, 30, 11, 15, 1324319927, 1347223133, 7, 4, 418200889, 0
2, 30, 11, 15, 1324319927, 1347223133, 7, 3, 407054619, 0
2, 30, 11, 15, 1324319927, 1347223133, 7, 2, 375497634, 0
2, 30, 11, 15, 1324319927, 1347223133, 7, 1, 448053141, 1
2, 30, 11, 15, 1324319927, 1347223133, 7, 0, 288595986, 0
2, 30, 11, 15, 1324319927, 1347223133, 6, 4, 454130308, 0
2, 30, 11, 15, 1324319927, 1347223133, 6, 3, 435158852, 0
2, 30, 11, 15, 1324319927, 1347223133, 6, 2, 388352070, 0
2, 30, 11, 15, 1324319927, 1347223133, 6, 1, 450107149, 1
2, 30, 11, 15, 1324319927, 1347223133, 6, 0, 336695317, 0
2, 30, 11, 15, 1324319927, 1347223133, 5, 4, 414864047, 0
2, 30, 11, 15, 1324319927, 1347223133, 5, 3, 393806055, 0
2, 30, 11, 15, 1324319927, 1347223133, 5, 2, 342137409, 0
2, 30, 11, 15, 1324319927, 1347223133, 5, 1, 411910238, 1
2, 30, 11, 15, 1324319927, 1347223133, 5, 0, 319978473, 0
2, 30, 11, 15, 1324319927, 1347223133, 4, 4, 409714085, 0
2, 30, 11, 15, 1324319927, 1347223133, 4, 3, 385249567, 0
2, 30, 11, 15, 1324319927, 1347223133, 4, 2, 338925104, 0
2, 30, 11, 15, 1324319927, 1347223133, 4, 1, 405524133, 1
2, 30, 11, 15, 1324319927, 1347223133, 4, 0, 267132774, 0
2, 30, 11, 15, 1324319927, 1347223133, 3, 4, 418761294, 0
2, 30, 11, 15, 1324319927, 1347223133, 3, 3, 404130756, 0
2, 30, 11, 15, 1324319927, 1347223133, 3, 2, 372925090, 0
2, 30, 11, 15, 1324319927, 1347223133, 3, 1, 429563104, 1
2, 30, 11, 15, 1324319927, 1347223133, 3, 0, 356177032, 0
2, 30, 11, 15, 1324319927, 1347223133, 2, 4, 357891169, 0
2, 30, 11, 15, 1324319927, 1347223133, 2, 3, 351374774, 0
2, 30, 11, 15, 1324319927, 1347223133, 2, 2, 329582414, 1
2, 30, 11, 15, 1324319927, 1347223133, 2, 1, 373163462, 1
2, 30, 11, 15, 1324319927, 1347223133, 2, 0, 220543626, 0
2, 30, 11, 15, 1324319927, 1347223133, 1, 4, 278856308, 0
2, 30, 11, 15, 1324319927, 1347223133, 1, 3, 292406859, 0
2, 30, 11, 15, 1324319927, 1347223133, 1, 2, 302821588, 1
2, 30, 11, 15, 1324319927, 1347223133, 1, 1, 383664644, 1
2, 30, 11, 15, 1324319927, 1347223133, 1, 0, 216447246, 0
2, 30, 11, 15, 1324319927, 1347223133, 0, 4, 130314558, 1
2, 30, 11, 15, 1324319927, 1347223133, 0, 3, 173752744, 1
2, 30, 11, 15, 1324319927, 1347223133, 0, 2, 260629116, 1
2, 30, 11, 15, 1324319927, 1347223133, 0, 1, 521258232, 1
2, 31, 11, 15, 1347223134, 1388576347, 8, 4, 335750715, 1
2, 31, 11, 15, 1347223134, 1388576347, 8, 3, 358347546, 1
2, 31, 11, 15, 1347223134, 1388576347, 8, 2, 353762867, 0
2, 31, 11, 15, 1347223134, 1388576347, 8, 1, 338050557, 0
2, 31, 11, 15, 1347223134, 1388576347, 8, 0, 301878708, 0
2, 31, 11, 15, 1347223134, 1388576347, 7, 4, 378795678, 1
2, 31, 11, 15, 1347223134, 1388576347, 7, 3, 404585939, 1
2, 31, 11, 15, 1347223134, 1388576347, 7, 2, 399905850, 0
2, 31, 11, 15, 1347223134, 1388576347, 7, 1, 383123965, 0
2, 31, 11, 15, 1347223134, 1388576347, 7, 0, 345004238, 0
2, 31, 11, 15, 1347223134, 1388576347, 6, 4, 418195886, 1
2, 31, 11, 15, 1347223134, 1388576347, 6, 3, 443992325, 1
2, 31, 11, 15, 1347223134, 1388576347, 6, 2, 432173161, 0
2, 31, 11, 15, 1347223134, 1388576347, 6, 1, 399422164, 0
2, 31, 11, 15, 1347223134, 1388576347, 6, 0, 310109721, 0
2, 31, 11, 15, 1347223134, 1388576347, 5, 4, 386788032, 1
2, 31, 11, 15, 1347223134, 1388576347, 5, 3, 423513191, 1
2, 31, 11, 15, 1347223134, 1388576347, 5, 2, 420213579, 0
2, 31, 11, 15, 1347223134, 1388576347, 5, 1, 398695422, 0
2, 31, 11, 15, 1347223134, 1388576347, 5, 0, 363538842, 0
2, 31, 11, 15, 1347223134, 1388576347, 4, 4, 447415768, 1
2, 31, 11, 15, 1347223134, 1388576347, 4, 3, 487469942, 1
2, 31, 11, 15, 1347223134, 1388576347, 4, 2, 476054025, 0
2, 31, 11, 15, 1347223134, 1388576347, 4, 1, 434086128, 0
2, 31, 11, 15, 1347223134, 1388576347, 4, 0, 334704930, 0
2, 31, 11, 15, 1347223134, 1388576347, 3, 4, 413988466, 1
2, 31, 11, 15, 1347223134, 1388576347, 3, 3, 435919449, 1
2, 31, 11, 15, 1347223134, 1388576347, 3, 2, 396123316, 1
2, 31, 11, 15, 1347223134, 1388576347, 3, 1, 302846303, 0
2, 31, 11, 15, 1347223134, 1388576347, 3, 0, 169598788, 0
2, 31, 11, 15, 1347223134, 1388576347, 2, 4, 449395793, 1
2, 31, 11, 15, 1347223134, 1388576347, 2, 3, 498604786, 1
2, 31, 11, 15, 1347223134, 1388576347, 2, 2, 462026863, 1
2, 31, 11, 15, 1347223134, 1388576347, 2, 1, 291756509, 1
2, 31, 11, 15, 1347223134, 1388576347, 2, 0, 25933743, 0
2, 31, 11, 15, 1347223134, 1388576347, 1, 4, 441660231, 1
2, 31, 11, 15, 1347223134, 1388576347, 1, 3, 482991347, 1
2, 31, 11, 15, 1347223134, 1388576347, 1, 2, 409662619, 1
2, 31, 11, 15, 1347223134, 1388576347, 1, 1, 338947633, 1
2, 31, 11, 15, 1347223134, 1388576347, 1, 0, 1, 0
2, 31, 11, 15, 1347223134, 1388576347, 0, 4, 428011374, 1
2, 31, 11, 15, 1347223134, 1388576347, 0, 3, 419618392, 1
2, 31, 11, 15, 1347223134, 1388576347, 0, 2, 296271005, 1
2, 31, 11, 15, 1347223134, 1388576347, 0, 1, 147647334, 1
2, 32, 11, 15, 1388576348, 1499601906, 8, 4, 82669376, 0
2, 32, 11, 15, 1388576348, 1499601906, 8, 3, 82427791, 0
2, 32, 11, 15, 1388576348, 1499601906, 8, 2, 90012830, 0
2, 32, 11, 15, 1388576348, 1499601906, 8, 1, 115824500, 0
2, 32, 11, 15, 1388576348, 1499601906, 8, 0, 123696425, 0
2, 32, 11, 15, 1388576348, 1499601906, 7, 4, 71829214, 0
2, 32, 11, 15, 1388576348, 1499601906, 7, 3, 76044177, 0
2, 32, 11, 15, 1388576348, 1499601906, 7, 2, 78814365, 0
2, 32, 11, 15, 1388576348, 1499601906, 7, 1, 96094219, 0
2, 32, 11, 15, 1388576348, 1499601906, 7, 0, 107074455, 0
2, 32, 11, 15, 1388576348, 1499601906, 6, 4, 54939738, 0
2, 32, 11, 15, 1388576348, 1499601906, 6, 3, 52740045, 0
2, 32, 11, 15, 1388576348, 1499601906, 6, 2, 59366806, 0
2, 32, 11, 15, 1388576348, 1499601906, 6, 1, 67972937, 0
2, 32, 11, 15, 1388576348, 1499601906, 6, 0, 78395155, 0
2, 32, 11, 15, 1388576348, 1499601906, 5, 4, 38020529, 0
2, 32, 11, 15, 1388576348, 1499601906, 5, 3, 38372823, 0
2, 32, 11, 15, 1388576348, 1499601906, 5, 2, 43302565, 0
2, 32, 11, 15, 1388576348, 1499601906, 5, 1, 54280876, 0
2, 32, 11, 15, 1388576348, 1499601906, 5, 0, 59397232, 0
2, 32, 11, 15, 1388576348, 1499601906, 4, 4, 20489699, 0
2, 32, 11, 15, 1388576348, 1499601906, 4, 3, 19136762, 0
2, 32, 11, 15, 1388576348, 1499601906, 4, 2, 24875302, 0
2, 32, 11, 15, 1388576348, 1499601906, 4, 1, 35339038, 0
2, 32, 11, 15, 1388576348, 1499601906, 4, 0, 45300844, 0
2, 32, 11, 15, 1388576348, 1499601906, 3, 4, 17732513, 0
2, 32, 11, 15, 1388576348, 1499601906, 3, 3, 21623075, 0
2, 32, 11, 15, 1388576348, 1499601906, 3, 2, 28091079, 0
2, 32, 11, 15, 1388576348, 1499601906, 3, 1, 39828427, 0
2, 32, 11, 15, 1388576348, 1499601906, 3, 0, 47317008, 0
2, 32, 11, 15, 1388576348, 1499601906, 2, 4, 13885601, 0
2, 32, 11, 15, 1388576348, 1499601906, 2, 3, 16529707, 0
2, 32, 11, 15, 1388576348, 1499601906, 2, 2, 22160747, 0
2, 32, 11, 15, 1388576348, 1499601906, 2, 1, 29416619, 0
2, 32, 11, 15, 1388576348, 1499601906, 2, 0, 41379120, 0
2, 32, 11, 15, 1388576348, 1499601906, 1, 4, 9197236, 0
2, 32, 11, 15, 1388576348, 1499601906, 1, 3, 10029071, 0
2, 32, 11, 15, 1388576348, 1499601906, 1, 2, 14040699, 0
2, 32, 11, 15, 1388576348, 1499601906, 1, 1, 13333539, 0
2, 32, 11, 15, 1388576348, 1499601906, 1, 0, 17579689, 0
2, 32, 11, 15, 1388576348, 1499601906, 0, 4, 6454632, 1
2, 32, 11, 15, 1388576348, 1499601906, 0, 3, 4415632, 1
2, 32, 11, 15, 1388576348, 1499601906, 0, 2, 6623448, 1
2, 32, 11, 15, 1388576348, 1499601906, 0, 1, 1, 1
2, 33, 11, 15, 1499601907, 1625149687, 8, 4, 40137982, 0
2, 33, 11, 15, 1499601907, 1625149687, 8, 3, 38437808, 0
2, 33, 11, 15, 1499601907, 1625149687, 8, 2, 47227247, 0
2, 33, 11, 15, 1499601907, 1625149687, 8, 1, 58126389, 0
2, 33, 11, 15, 1499601907, 1625149687, 8, 0, 35932718, 0
2, 33, 11, 15, 1499601907, 1625149687, 7, 4, 37200604, 0
2, 33, 11, 15, 1499601907, 1625149687, 7, 3, 43397525, 0
2, 33, 11, 15, 1499601907, 1625149687, 7, 2, 53387323, 0
2, 33, 11, 15, 1499601907, 1625149687, 7, 1, 65876574, 0
2, 33, 11, 15, 1499601907, 1625149687, 7, 0, 41065964, 0
2, 33, 11, 15, 1499601907, 1625149687, 6, 4, 27903965, 0
2, 33, 11, 15, 1499601907, 1625149687, 6, 3, 31230909, 0
2, 33, 11, 15, 1499601907, 1625149687, 6, 2, 36290985, 0
2, 33, 11, 15, 1499601907, 1625149687, 6, 1, 48585493, 0
2, 33, 11, 15, 1499601907, 1625149687, 6, 0, 47910291, 0
2, 33, 11, 15, 1499601907, 1625149687, 5, 4, 32714994, 0
2, 33, 11, 15, 1499601907, 1625149687, 5, 3, 36662372, 0
2, 33, 11, 15, 1499601907, 1625149687, 5, 2, 42695277, 0
2, 33, 11, 15, 1499601907, 1625149687, 5, 1, 57419219, 0
2, 33, 11, 15, 1499601907, 1625149687, 5, 0, 57492349, 0
2, 33, 11, 15, 1499601907, 1625149687, 4, 4, 27416281, 0
2, 33, 11, 15, 1499601907, 1625149687, 4, 3, 34602933, 0
2, 33, 11, 15, 1499601907, 1625149687, 4, 2, 38574349, 0
2, 33, 11, 15, 1499601907, 1625149687, 4, 1, 49536954, 0
2, 33, 11, 15, 1499601907, 1625149687, 4, 0, 71865436, 0
2, 33, 11, 15, 1499601907, 1625149687, 3, 4, 20223882, 0
2, 33, 11, 15, 1499601907, 1625149687, 3, 3, 25581250, 0
2, 33, 11, 15, 1499601907, 1625149687, 3, 2, 24209447, 0
2, 33, 11, 15, 1499601907, 1625149687, 3, 1, 24585088, 0
2, 33, 11, 15, 1499601907, 1625149687, 3, 0, 45332593, 0
2, 33, 11, 15, 1499601907, 1625149687, 2, 4, 18418185, 0
2, 33, 11, 15, 1499601907, 1625149687, 2, 3, 23392688, 0
2, 33, 11, 15, 1499601907, 1625149687, 2, 2, 17488092, 0
2, 33, 11, 15, 1499601907, 1625149687, 2, 1, 9139287, 0
2, 33, 11, 15, 1499601907, 1625149687, 2, 0, 22848216, 0
2, 33, 11, 15, 1499601907, 1625149687, 1, 4, 8488593, 1
2, 33, 11, 15, 1499601907, 1625149687, 1, 3, 10837476, 1
2, 33, 11, 15, 1499601907, 1625149687, 1, 2, 5210192, 1
2, 33, 11, 15, 1499601907, 1625149687, 1, 1, 1, 1
2, 33, 11, 15, 1499601907, 1625149687, 1, 0, 1, 0
2, 33, 11, 15, 1499601907, 1625149687, 0, 4, 1275461, 1
2, 33, 11, 15, 1499601907, 1625149687, 0, 3, 1522278, 1
2, 33, 11, 15, 1499601907, 1625149687, 0, 2, 2283417, 1
2, 33, 11, 15, 1499601907, 1625149687, 0, 1, 1, 1
2, 34, 11, 15, 1625149688, 1656564885, 8, 4, 13075845, 1
2, 34, 11, 15, 1625149688, 1656564885, 8, 3, 15944250, 1
2, 34, 11, 15, 1625149688, 1656564885, 8, 2, 20655594, 0
2, 34, 11, 15, 1625149688, 1656564885, 8, 1, 27834712, 0
2, 34, 11, 15, 1625149688, 1656564885, 8, 0, 2695119, 0
2, 34, 11, 15, 1625149688, 1656564885, 7, 4, 14752235, 1
2, 34, 11, 15, 1625149688, 1656564885, 7, 3, 18001572, 1
2, 34, 11, 15, 1625149688, 1656564885, 7, 2, 23349802, 0
2, 34, 11, 15, 1625149688, 1656564885, 7, 1, 31546007, 0
2, 34, 11, 15, 1625149688, 1656564885, 7, 0, 3080136, 0
2, 34, 11, 15, 1625149688, 1656564885, 6, 4, 16921681, 1
2, 34, 11, 15, 1625149688, 1656564885, 6, 3, 20668472, 1
2, 34, 11, 15, 1625149688, 1656564885, 6, 2, 26852272, 0
2, 34, 11, 15, 1625149688, 1656564885, 6, 1, 36399239, 0
2, 34, 11, 15, 1625149688, 1656564885, 6, 0, 3593492, 0
2, 34, 11, 15, 1625149688, 1656564885, 5, 4, 19839212, 1
2, 34, 11, 15, 1625149688, 1656564885, 5, 3, 24262989, 1
2, 34, 11, 15, 1625149688, 1656564885, 5, 2, 31590908, 0
2, 34, 11, 15, 1625149688, 1656564885, 5, 1, 43017282, 0
2, 34, 11, 15, 1625149688, 1656564885, 5, 0, 4312190, 0
2, 34, 11, 15, 1625149688, 1656564885, 4, 4, 16437897, 0
2, 34, 11, 15, 1625149688, 1656564885, 4, 3, 19853743, 1
2, 34, 11, 15, 1625149688, 1656564885, 4, 2, 25444129, 0
2, 34, 11, 15, 1625149688, 1656564885, 4, 1, 34257510, 0
2, 34, 11, 15, 1625149688, 1656564885, 4, 0, 5390238, 0
2, 34, 11, 15, 1625149688, 1656564885, 3, 4, 13046682, 0
2, 34, 11, 15, 1625149688, 1656564885, 3, 3, 15373237, 0
2, 34, 11, 15, 1625149688, 1656564885, 3, 2, 19054113, 0
2, 34, 11, 15, 1625149688, 1656564885, 3, 1, 23099289, 0
2, 34, 11, 15, 1625149688, 1656564885, 3, 0, 7186983, 0
2, 34, 11, 15, 1625149688, 1656564885, 2, 4, 10314995, 1
2, 34, 11, 15, 1625149688, 1656564885, 2, 3, 11556502, 1
2, 34, 11, 15, 1625149688, 1656564885, 2, 2, 13264777, 1
2, 34, 11, 15, 1625149688, 1656564885, 2, 1, 11643599, 1
2, 34, 11, 15, 1625149688, 1656564885, 2, 0, 1, 0
2, 34, 11, 15, 1625149688, 1656564885, 1, 4, 4558914, 1
2, 34, 11, 15, 1625149688, 1656564885, 1, 3, 3391687, 1
2, 34, 11, 15, 1625149688, 1656564885, 1, 2, 547702, 1
2, 34, 11, 15, 1625149688, 1656564885, 1, 1, 1, 1
2, 34, 11, 15, 1625149688, 1656564885, 1, 0, 1, 0
2, 34, 11, 15, 1625149688, 1656564885, 0, 4, 5250826, 1
2, 34, 11, 15, 1625149688, 1656564885, 0, 3, 7001101, 1
2, 34, 11, 15, 1625149688, 1656564885, 0, 2, 1, 1
2, 34, 11, 15, 1625149688, 1656564885, 0, 1, 1, 1
2, 35, 11, 15, 1656564886, 1743893005, 8, 4, 16072415, 0
2, 35, 11, 15, 1656564886, 1743893005, 8, 3, 20205322, 0
2, 35, 11, 15, 1656564886, 1743893005, 8, 2, 24999005, 0
2, 35, 11, 15, 1656564886, 1743893005, 8, 1, 34639928, 0
2, 35, 11, 15, 1656564886, 1743893005, 8, 0, 15364148, 0
2, 35, 11, 15, 1656564886, 1743893005, 7, 4, 18132981, 0
2, 35, 11, 15, 1656564886, 1743893005, 7, 3, 22812460, 0
2, 35, 11, 15, 1656564886, 1743893005, 7, 2, 28259745, 0
2, 35, 11, 15, 1656564886, 1743893005, 7, 1, 39258585, 0
2, 35, 11, 15, 1656564886, 1743893005, 7, 0, 17559026, 0
2, 35, 11, 15, 1656564886, 1743893005, 6, 4, 20799596, 0
2, 35, 11, 15, 1656564886, 1743893005, 6, 3, 26192083, 0
2, 35, 11, 15, 1656564886, 1743893005, 6, 2, 32498706, 0
2, 35, 11, 15, 1656564886, 1743893005, 6, 1, 45298368, 0
2, 35, 11, 15, 1656564886, 1743893005, 6, 0, 20485531, 0
2, 35, 11, 15, 1656564886, 1743893005, 5, 4, 24385733, 0
2, 35, 11, 15, 1656564886, 1743893005, 5, 3, 30747228, 0
2, 35, 11, 15, 1656564886, 1743893005, 5, 2, 38233772, 0
2, 35, 11, 15, 1656564886, 1743893005, 5, 1, 53534434, 0
2, 35, 11, 15, 1656564886, 1743893005, 5, 0, 24582637, 0
2, 35, 11, 15, 1656564886, 1743893005, 4, 4, 17402789, 0
2, 35, 11, 15, 1656564886, 1743893005, 4, 3, 21982471, 0
2, 35, 11, 15, 1656564886, 1743893005, 4, 2, 25746773, 0
2, 35, 11, 15, 1656564886, 1743893005, 4, 1, 33262163, 0
2, 35, 11, 15, 1656564886, 1743893005, 4, 0, 17023443, 0
2, 35, 11, 15, 1656564886, 1743893005, 3, 4, 14999561, 0
2, 35, 11, 15, 1656564886, 1743893005, 3, 3, 18999444, 0
2, 35, 11, 15, 1656564886, 1743893005, 3, 2, 20707231, 0
2, 35, 11, 15, 1656564886, 1743893005, 3, 1, 23812028, 0
2, 35, 11, 15, 1656564886, 1743893005, 3, 0, 22697923, 0
2, 35, 11, 15, 1656564886, 1743893005, 2, 4, 13314375, 0
2, 35, 11, 15, 1656564886, 1743893005, 2, 3, 16945567, 0
2, 35, 11, 15, 1656564886, 1743893005, 2, 2, 16148640, 0
2, 35, 11, 15, 1656564886, 1743893005, 2, 1, 13618754, 0
2, 35, 11, 15, 1656564886, 1743893005, 2, 0, 34046885, 0
2, 35, 11, 15, 1656564886, 1743893005, 1, 4, 1, 1
2, 35, 11, 15, 1656564886, 1743893005, 1, 3, 1, 1
2, 35, 11, 15, 1656564886, 1743893005, 1, 2, 1, 1
2, 35, 11, 15, 1656564886, 1743893005, 1, 1, 1, 1
2, 35, 11, 15, 1656564886, 1743893005, 1, 0, 1, 0
2, 35, 11, 15, 1656564886, 1743893005, 0, 4, 1, 1
2, 35, 11, 15, 1656564886, 1743893005, 0, 3, 1, 1
2, 35, 11, 15, 1656564886, 1743893005, 0, 2, 1, 1
2, 35, 11, 15, 1656564886, 1743893005, 0, 1, 1, 1
2, 36, 11, 15, 1743893006, 1782424289, 8, 4, 274328262, 1
2, 36, 11, 15, 1743893006, 1782424289, 8, 3, 309120352, 1
2, 36, 11, 15, 1743893006, 1782424289, 8, 2, 338267471, 1
2, 36, 11, 15, 1743893006, 1782424289, 8, 1, 367646171, 1
2, 36, 11, 15, 1743893006, 1782424289, 8, 0, 270327277, 0
2, 36, 11, 15, 1743893006, 1782424289, 7, 4, 309498552, 1
2, 36, 11, 15, 1743893006, 1782424289, 7, 3, 349006849, 1
2, 36, 11, 15, 1743893006, 1782424289, 7, 2, 382389316, 1
2, 36, 11, 15, 1743893006, 1782424289, 7, 1, 416665660, 1
2, 36, 11, 15, 1743893006, 1782424289, 7, 0, 308945459, 0
2, 36, 11, 15, 1743893006, 1782424289, 6, 4, 355013045, 1
2, 36, 11, 15, 1743893006, 1782424289, 6, 3, 400711567, 1
2, 36, 11, 15, 1743893006, 1782424289, 6, 2, 439747713, 1
2, 36, 11, 15, 1743893006, 1782424289, 6, 1, 480768069, 1
2, 36, 11, 15, 1743893006, 1782424289, 6, 0, 360436369, 0
2, 36, 11, 15, 1743893006, 1782424289, 5, 4, 416222191, 1
2, 36, 11, 15, 1743893006, 1782424289, 5, 3, 470400535, 1
2, 36, 11, 15, 1743893006, 1782424289, 5, 2, 517350250, 1
2, 36, 11, 15, 1743893006, 1782424289, 5, 1, 568180445, 1
2, 36, 11, 15, 1743893006, 1782424289, 5, 0, 432523643, 0
2, 36, 11, 15, 1743893006, 1782424289, 4, 4, 438740950, 1
2, 36, 11, 15, 1743893006, 1782424289, 4, 3, 488344819, 1
2, 36, 11, 15, 1743893006, 1782424289, 4, 2, 518163823, 1
2, 36, 11, 15, 1743893006, 1782424289, 4, 1, 523258240, 1
2, 36, 11, 15, 1743893006, 1782424289, 4, 0, 362552625, 0
2, 36, 11, 15, 1743893006, 1782424289, 3, 4, 440207269, 1
2, 36, 11, 15, 1743893006, 1782424289, 3, 3, 474180458, 1
2, 36, 11, 15, 1743893006, 1782424289, 3, 2, 462586257, 1
2, 36, 11, 15, 1743893006, 1782424289, 3, 1, 455183543, 1
2, 36, 11, 15, 1743893006, 1782424289, 3, 0, 239144903, 0
2, 36, 11, 15, 1743893006, 1782424289, 2, 4, 543411384, 1
2, 36, 11, 15, 1743893006, 1782424289, 2, 3, 577866196, 1
2, 36, 11, 15, 1743893006, 1782424289, 2, 2, 541533762, 1
2, 36, 11, 15, 1743893006, 1782424289, 2, 1, 486021215, 1
2, 36, 11, 15, 1743893006, 1782424289, 2, 0, 358717355, 0
2, 36, 11, 15, 1743893006, 1782424289, 1, 4, 560579493, 1
2, 36, 11, 15, 1743893006, 1782424289, 1, 3, 541997744, 1
2, 36, 11, 15, 1743893006, 1782424289, 1, 2, 494634749, 1
2, 36, 11, 15, 1743893006, 1782424289, 1, 1, 430034362, 1
2, 36, 11, 15, 1743893006, 1782424289, 1, 0, 1, 0
2, 36, 11, 15, 1743893006, 1782424289, 0, 4, 624723808, 1
2, 36, 11, 15, 1743893006, 1782424289, 0, 3, 623934113, 1
2, 36, 11, 15, 1743893006, 1782424289, 0, 2, 621239850, 1
2, 36, 11, 15, 1743893006, 1782424289, 0, 1, 633228311, 1
2, 37, 11, 15, 1782424290, 1844542210, 8, 4, 491517819, 1
2, 37, 11, 15, 1782424290, 1844542210, 8, 3, 516264161, 1
2, 37, 11, 15, 1782424290, 1844542210, 8, 2, 547339851, 1
2, 37, 11, 15, 1782424290, 1844542210, 8, 1, 579211453, 1
2, 37, 11, 15, 1782424290, 1844542210, 8, 0, 444163668, 0
2, 37, 11, 15, 1782424290, 1844542210, 7, 4, 535229421, 1
2, 37, 11, 15, 1782424290, 1844542210, 7, 3, 566102403, 1
2, 37, 11, 15, 1782424290, 1844542210, 7, 2, 599393730, 1
2, 37, 11, 15, 1782424290, 1844542210, 7, 1, 636671632, 1
2, 37, 11, 15, 1782424290, 1844542210, 7, 0, 486435604, 0
2, 37, 11, 15, 1782424290, 1844542210, 6, 4, 590760278, 1
2, 37, 11, 15, 1782424290, 1844542210, 6, 3, 626271726, 1
2, 37, 11, 15, 1782424290, 1844542210, 6, 2, 663280822, 1
2, 37, 11, 15, 1782424290, 1844542210, 6, 1, 703293484, 1
2, 37, 11, 15, 1782424290, 1844542210, 6, 0, 518495037, 0
2, 37, 11, 15, 1782424290, 1844542210, 5, 4, 656996934, 1
2, 37, 11, 15, 1782424290, 1844542210, 5, 3, 696724277, 1
2, 37, 11, 15, 1782424290, 1844542210, 5, 2, 745589248, 1
2, 37, 11, 15, 1782424290, 1844542210, 5, 1, 804208643, 1
2, 37, 11, 15, 1782424290, 1844542210, 5, 0, 592542023, 0
2, 37, 11, 15, 1782424290, 1844542210, 4, 4, 684743454, 1
2, 37, 11, 15, 1782424290, 1844542210, 4, 3, 721035220, 1
2, 37, 11, 15, 1782424290, 1844542210, 4, 2, 749877723, 1
2, 37, 11, 15, 1782424290, 1844542210, 4, 1, 754364721, 1
2, 37, 11, 15, 1782424290, 1844542210, 4, 0, 504950958, 0
2, 37, 11, 15, 1782424290, 1844542210, 3, 4, 674067867, 1
2, 37, 11, 15, 1782424290, 1844542210, 3, 3, 691146318, 1
2, 37, 11, 15, 1782424290, 1844542210, 3, 2, 678172066, 1
2, 37, 11, 15, 1782424290, 1844542210, 3, 1, 674285625, 1
2, 37, 11, 15, 1782424290, 1844542210, 3, 0, 333724921, 0
2, 37, 11, 15, 1782424290, 1844542210, 2, 4, 781287666, 1
2, 37, 11, 15, 1782424290, 1844542210, 2, 3, 799273784, 1
2, 37, 11, 15, 1782424290, 1844542210, 2, 2, 772348573, 1
2, 37, 11, 15, 1782424290, 1844542210, 2, 1, 744295673, 1
2, 37, 11, 15, 1782424290, 1844542210, 2, 0, 474959637, 0
2, 37, 11, 15, 1782424290, 1844542210, 1, 4, 758356041, 1
2, 37, 11, 15, 1782424290, 1844542210, 1, 3, 707015533, 1
2, 37, 11, 15, 1782424290, 1844542210, 1, 2, 665037312, 1
2, 37, 11, 15, 1782424290, 1844542210, 1, 1, 607347988, 1
2, 37, 11, 15, 1782424290, 1844542210, 1, 0, 1, 0
2, 37, 11, 15, 1782424290, 1844542210, 0, 4, 838642683, 1
2, 37, 11, 15, 1782424290, 1844542210, 0, 3, 815298264, 1
2, 37, 11, 15, 1782424290, 1844542210, 0, 2, 876437030, 1
2, 37, 11, 15, 1782424290, 1844542210, 0, 1, 903187522, 1
2, 38, 11, 15, 1844542211, 2005667424, 8, 4, 364373749, 1
2, 38, 11, 15, 1844542211, 2005667424, 8, 3, 410309353, 1
2, 38, 11, 15, 1844542211, 2005667424, 8, 2, 456619988, 1
2, 38, 11, 15, 1844542211, 2005667424, 8, 1, 456252831, 1
2, 38, 11, 15, 1844542211, 2005667424, 8, 0, 329216447, 0
2, 38, 11, 15, 1844542211, 2005667424, 7, 4, 401895322, 1
2, 38, 11, 15, 1844542211, 2005667424, 7, 3, 452825619, 1
2, 38, 11, 15, 1844542211, 2005667424, 7, 2, 502190297, 1
2, 38, 11, 15, 1844542211, 2005667424, 7, 1, 506050037, 1
2, 38, 11, 15, 1844542211, 2005667424, 7, 0, 369788498, 0
2, 38, 11, 15, 1844542211, 2005667424, 6, 4, 455197609, 1
2, 38, 11, 15, 1844542211, 2005667424, 6, 3, 514281756, 1
2, 38, 11, 15, 1844542211, 2005667424, 6, 2, 570737027, 1
2, 38, 11, 15, 1844542211, 2005667424, 6, 1, 576948182, 1
2, 38, 11, 15, 1844542211, 2005667424, 6, 0, 423884565, 0
2, 38, 11, 15, 1844542211, 2005667424, 5, 4, 518795953, 1
2, 38, 11, 15, 1844542211, 2005667424, 5, 3, 588977376, 1
2, 38, 11, 15, 1844542211, 2005667424, 5, 2, 654166169, 1
2, 38, 11, 15, 1844542211, 2005667424, 5, 1, 659238436, 1
2, 38, 11, 15, 1844542211, 2005667424, 5, 0, 477422423, 0
2, 38, 11, 15, 1844542211, 2005667424, 4, 4, 538547036, 1
2, 38, 11, 15, 1844542211, 2005667424, 4, 3, 607729545, 1
2, 38, 11, 15, 1844542211, 2005667424, 4, 2, 660110148, 1
2, 38, 11, 15, 1844542211, 2005667424, 4, 1, 606978061, 1
2, 38, 11, 15, 1844542211, 2005667424, 4, 0, 376195266, 0
2, 38, 11, 15, 1844542211, 2005667424, 3, 4, 553811717, 1
2, 38, 11, 15, 1844542211, 2005667424, 3, 3, 612624480, 1
2, 38, 11, 15, 1844542211, 2005667424, 3, 2, 629932729, 1
2, 38, 11, 15, 1844542211, 2005667424, 3, 1, 565927423, 1
2, 38, 11, 15, 1844542211, 2005667424, 3, 0, 284645215, 0
2, 38, 11, 15, 1844542211, 2005667424, 2, 4, 629411027, 1
2, 38, 11, 15, 1844542211, 2005667424, 2, 3, 683991914, 1
2, 38, 11, 15, 1844542211, 2005667424, 2, 2, 669539021, 1
2, 38, 11, 15, 1844542211, 2005667424, 2, 1, 617288068, 1
2, 38, 11, 15, 1844542211, 2005667424, 2, 0, 401633933, 0
2, 38, 11, 15, 1844542211, 2005667424, 1, 4, 622641613, 1
2, 38, 11, 15, 1844542211, 2005667424, 1, 3, 616561600, 1
2, 38, 11, 15, 1844542211, 2005667424, 1, 2, 594248372, 1
2, 38, 11, 15, 1844542211, 2005667424, 1, 1, 504042257, 1
2, 38, 11, 15, 1844542211, 2005667424, 1, 0, 1, 0
2, 38, 11, 15, 1844542211, 2005667424, 0, 4, 672641299, 1
2, 38, 11, 15, 1844542211, 2005667424, 0, 3, 682214513, 1
2, 38, 11, 15, 1844542211, 2005667424, 0, 2, 728335412, 1
2, 38, 11, 15, 1844542211, 2005667424, 0, 1, 710032302, 1
2, 39, 11, 15, 2005667425, 2051559290, 8, 4, 151481393, 0
2, 39, 11, 15, 2005667425, 2051559290, 8, 3, 131803615, 0
2, 39, 11, 15, 2005667425, 2051559290, 8, 2, 126916100, 0
2, 39, 11, 15, 2005667425, 2051559290, 8, 1, 128966049, 0
2, 39, 11, 15, 2005667425, 2051559290, 8, 0, 155308438, 0
2, 39, 11, 15, 2005667425, 2051559290, 7, 4, 84428750, 0
2, 39, 11, 15, 2005667425, 2051559290, 7, 3, 78318475, 0
2, 39, 11, 15, 2005667425, 2051559290, 7, 2, 94256853, 0
2, 39, 11, 15, 2005667425, 2051559290, 7, 1, 112543343, 0
2, 39, 11, 15, 2005667425, 2051559290, 7, 0, 177495357, 0
2, 39, 11, 15, 2005667425, 2051559290, 6, 4, 78844534, 0
2, 39, 11, 15, 2005667425, 2051559290, 6, 3, 67254282, 0
2, 39, 11, 15, 2005667425, 2051559290, 6, 2, 77795025, 0
2, 39, 11, 15, 2005667425, 2051559290, 6, 1, 84487685, 0
2, 39, 11, 15, 2005667425, 2051559290, 6, 0, 111070459, 0
2, 39, 11, 15, 2005667425, 2051559290, 5, 4, 26087562, 1
2, 39, 11, 15, 2005667425, 2051559290, 5, 3, 17612504, 1
2, 39, 11, 15, 2005667425, 2051559290, 5, 2, 19138755, 1
2, 39, 11, 15, 2005667425, 2051559290, 5, 1, 21917908, 0
2, 39, 11, 15, 2005667425, 2051559290, 5, 0, 21195416, 0
2, 39, 11, 15, 2005667425, 2051559290, 4, 4, 17125450, 1
2, 39, 11, 15, 2005667425, 2051559290, 4, 3, 14208825, 1
2, 39, 11, 15, 2005667425, 2051559290, 4, 2, 13588495, 1
2, 39, 11, 15, 2005667425, 2051559290, 4, 1, 11775231, 0
2, 39, 11, 15, 2005667425, 2051559290, 4, 0, 26494270, 0
2, 39, 11, 15, 2005667425, 2051559290, 3, 4, 21632147, 1
2, 39, 11, 15, 2005667425, 2051559290, 3, 3, 17997845, 1
2, 39, 11, 15, 2005667425, 2051559290, 3, 2, 17294448, 1
2, 39, 11, 15, 2005667425, 2051559290, 3, 1, 15139583, 0
2, 39, 11, 15, 2005667425, 2051559290, 3, 0, 35325693, 0
2, 39, 11, 15, 2005667425, 2051559290, 2, 4, 21788123, 1
2, 39, 11, 15, 2005667425, 2051559290, 2, 3, 14908236, 1
2, 39, 11, 15, 2005667425, 2051559290, 2, 2, 10532731, 1
2, 39, 11, 15, 2005667425, 2051559290, 2, 1, 1, 1
2, 39, 11, 15, 2005667425, 2051559290, 2, 0, 1, 0
2, 39, 11, 15, 2005667425, 2051559290, 1, 4, 33892635, 1
2, 39, 11, 15, 2005667425, 2051559290, 1, 3, 23427228, 1
2, 39, 11, 15, 2005667425, 2051559290, 1, 2, 16852369, 1
2, 39, 11, 15, 2005667425, 2051559290, 1, 1, 1, 1
2, 39, 11, 15, 2005667425, 2051559290, 1, 0, 1, 0
2, 39, 11, 15, 2005667425, 2051559290, 0, 4, 76258428, 1
2, 39, 11, 15, 2005667425, 2051559290, 0, 3, 54663532, 1
2, 39, 11, 15, 2005667425, 2051559290, 0, 2, 42130923, 1
2, 39, 11, 15, 2005667425, 2051559290, 0, 1, 1, 1
2, 40, 11, 15, 2051559291, 2077657107, 8, 4, 184007910, 0
2, 40, 11, 15, 2051559291, 2077657107, 8, 3, 191651185, 0
2, 40, 11, 15, 2051559291, 2077657107, 8, 2, 204271907, 0
2, 40, 11, 15, 2051559291, 2077657107, 8, 1, 216378004, 0
2, 40, 11, 15, 2051559291, 2077657107, 8, 0, 215917766, 0
2, 40, 11, 15, 2051559291, 2077657107, 7, 4, 180768679, 0
2, 40, 11, 15, 2051559291, 2077657107, 7, 3, 189377285, 0
2, 40, 11, 15, 2051559291, 2077657107, 7, 2, 203619471, 0
2, 40, 11, 15, 2051559291, 2077657107, 7, 1, 217325217, 0
2, 40, 11, 15, 2051559291, 2077657107, 7, 0, 216866889, 0
2, 40, 11, 15, 2051559291, 2077657107, 6, 4, 176576733, 0
2, 40, 11, 15, 2051559291, 2077657107, 6, 3, 186429637, 0
2, 40, 11, 15, 2051559291, 2077657107, 6, 2, 202771305, 0
2, 40, 11, 15, 2051559291, 2077657107, 6, 1, 218563879, 0
2, 40, 11, 15, 2051559291, 2077657107, 6, 0, 218132385, 0
2, 40, 11, 15, 2051559291, 2077657107, 5, 4, 170939289, 0
2, 40, 11, 15, 2051559291, 2077657107, 5, 3, 182456720, 0
2, 40, 11, 15, 2051559291, 2077657107, 5, 2, 201623787, 0
2, 40, 11, 15, 2051559291, 2077657107, 5, 1, 220252965, 0
2, 40, 11, 15, 2051559291, 2077657107, 5, 0, 219904080, 0
2, 40, 11, 15, 2051559291, 2077657107, 4, 4, 145531795, 0
2, 40, 11, 15, 2051559291, 2077657107, 4, 3, 154805377, 0
2, 40, 11, 15, 2051559291, 2077657107, 4, 2, 170119707, 0
2, 40, 11, 15, 2051559291, 2077657107, 4, 1, 162804472, 0
2, 40, 11, 15, 2051559291, 2077657107, 4, 0, 151469402, 0
2, 40, 11, 15, 2051559291, 2077657107, 3, 4, 104957608, 0
2, 40, 11, 15, 2051559291, 2077657107, 3, 3, 110133837, 0
2, 40, 11, 15, 2051559291, 2077657107, 3, 2, 117546060, 0
2, 40, 11, 15, 2051559291, 2077657107, 3, 1, 100684317, 0
2, 40, 11, 15, 2051559291, 2077657107, 3, 0, 69683140, 0
2, 40, 11, 15, 2051559291, 2077657107, 2, 4, 60365243, 0
2, 40, 11, 15, 2051559291, 2077657107, 2, 3, 63693776, 0
2, 40, 11, 15, 2051559291, 2077657107, 2, 2, 68863069, 0
2, 40, 11, 15, 2051559291, 2077657107, 2, 1, 77095411, 0
2, 40, 11, 15, 2051559291, 2077657107, 2, 0, 29388914, 0
2, 40, 11, 15, 2051559291, 2077657107, 1, 4, 40955665, 0
2, 40, 11, 15, 2051559291, 2077657107, 1, 3, 45692390, 0
2, 40, 11, 15, 2051559291, 2077657107, 1, 2, 54122933, 0
2, 40, 11, 15, 2051559291, 2077657107, 1, 1, 69030394, 0
2, 40, 11, 15, 2051559291, 2077657107, 1, 0, 14906333, 0
2, 40, 11, 15, 2051559291, 2077657107, 0, 4, 13402453, 1
2, 40, 11, 15, 2051559291, 2077657107, 0, 3, 3485031, 1
2, 40, 11, 15, 2051559291, 2077657107, 0, 2, 2647359, 1
2, 40, 11, 15, 2051559291, 2077657107, 0, 1, 5294718, 1
2, 41, 11, 15, 2077657108, 2096458027, 8, 4, 270954999, 0
2, 41, 11, 15, 2077657108, 2096458027, 8, 3, 268510971, 0
2, 41, 11, 15, 2077657108, 2096458027, 8, 2, 265364605, 0
2, 41, 11, 15, 2077657108, 2096458027, 8, 1, 260926803, 0
2, 41, 11, 15, 2077657108, 2096458027, 8, 0, 360938903, 0
2, 41, 11, 15, 2077657108, 2096458027, 7, 4, 305692820, 0
2, 41, 11, 15, 2077657108, 2096458027, 7, 3, 303157548, 0
2, 41, 11, 15, 2077657108, 2096458027, 7, 2, 299977380, 0
2, 41, 11, 15, 2077657108, 2096458027, 7, 1, 295717044, 0
2, 41, 11, 15, 2077657108, 2096458027, 7, 0, 412501603, 0
2, 41, 11, 15, 2077657108, 2096458027, 6, 4, 246758934, 0
2, 41, 11, 15, 2077657108, 2096458027, 6, 3, 250673427, 0
2, 41, 11, 15, 2077657108, 2096458027, 6, 2, 256294388, 0
2, 41, 11, 15, 2077657108, 2096458027, 6, 1, 268739516, 0
2, 41, 11, 15, 2077657108, 2096458027, 6, 0, 324228214, 0
2, 41, 11, 15, 2077657108, 2096458027, 5, 4, 171645298, 0
2, 41, 11, 15, 2077657108, 2096458027, 5, 3, 176743796, 0
2, 41, 11, 15, 2077657108, 2096458027, 5, 2, 185961588, 0
2, 41, 11, 15, 2077657108, 2096458027, 5, 1, 190586903, 0
2, 41, 11, 15, 2077657108, 2096458027, 5, 0, 249034115, 0
2, 41, 11, 15, 2077657108, 2096458027, 4, 4, 127788625, 0
2, 41, 11, 15, 2077657108, 2096458027, 4, 3, 132397460, 0
2, 41, 11, 15, 2077657108, 2096458027, 4, 2, 141211544, 0
2, 41, 11, 15, 2077657108, 2096458027, 4, 1, 140227731, 0
2, 41, 11, 15, 2077657108, 2096458027, 4, 0, 193268131, 0
2, 41, 11, 15, 2077657108, 2096458027, 3, 4, 85090149, 0
2, 41, 11, 15, 2077657108, 2096458027, 3, 3, 93150682, 0
2, 41, 11, 15, 2077657108, 2096458027, 3, 2, 102570914, 0
2, 41, 11, 15, 2077657108, 2096458027, 3, 1, 99722216, 0
2, 41, 11, 15, 2077657108, 2096458027, 3, 0, 156037620, 0
2, 41, 11, 15, 2077657108, 2096458027, 2, 4, 48080475, 0
2, 41, 11, 15, 2077657108, 2096458027, 2, 3, 54284205, 0
2, 41, 11, 15, 2077657108, 2096458027, 2, 2, 64787147, 0
2, 41, 11, 15, 2077657108, 2096458027, 2, 1, 51446709, 0
2, 41, 11, 15, 2077657108, 2096458027, 2, 0, 81803920, 0
2, 41, 11, 15, 2077657108, 2096458027, 1, 4, 22332884, 0
2, 41, 11, 15, 2077657108, 2096458027, 1, 3, 26624474, 0
2, 41, 11, 15, 2077657108, 2096458027, 1, 2, 37274264, 0
2, 41, 11, 15, 2077657108, 2096458027, 1, 1, 29470232, 0
2, 41, 11, 15, 2077657108, 2096458027, 1, 0, 57426791, 0
2, 41, 11, 15, 2077657108, 2096458027, 0, 4, 22809265, 1
2, 41, 11, 15, 2077657108, 2096458027, 0, 3, 30412353, 1
2, 41, 11, 15, 2077657108, 2096458027, 0, 2, 45618529, 1
2, 41, 11, 15, 2077657108, 2096458027, 0, 1, 1, 1
