0, 1, 7, 17, 1, 99915441, 12, 2, 6518891, 0
0, 1, 7, 17, 1, 99915441, 12, 1, 4689380, 0
0, 1, 7, 17, 1, 99915441, 12, 0, 3319824, 0
0, 1, 7, 17, 1, 99915441, 11, 2, 7077653, 0
0, 1, 7, 17, 1, 99915441, 11, 1, 5097152, 0
0, 1, 7, 17, 1, 99915441, 11, 0, 3621626, 0
0, 1, 7, 17, 1, 99915441, 10, 2, 6909159, 0
0, 1, 7, 17, 1, 99915441, 10, 1, 5582595, 0
0, 1, 7, 17, 1, 99915441, 10, 0, 3983788, 0
0, 1, 7, 17, 1, 99915441, 9, 2, 7608869, 0
0, 1, 7, 17, 1, 99915441, 9, 1, 6147297, 0
0, 1, 7, 17, 1, 99915441, 9, 0, 4426431, 0
0, 1, 7, 17, 1, 99915441, 8, 2, 7552329, 0
0, 1, 7, 17, 1, 99915441, 8, 1, 6195597, 0
0, 1, 7, 17, 1, 99915441, 8, 0, 4979735, 0
0, 1, 7, 17, 1, 99915441, 7, 2, 7823263, 0
0, 1, 7, 17, 1, 99915441, 7, 1, 6340803, 0
0, 1, 7, 17, 1, 99915441, 7, 0, 5691126, 0
0, 1, 7, 17, 1, 99915441, 6, 2, 6632213, 0
0, 1, 7, 17, 1, 99915441, 6, 1, 4601665, 0
0, 1, 7, 17, 1, 99915441, 6, 0, 6639647, 0
0, 1, 7, 17, 1, 99915441, 5, 2, 5951294, 0
0, 1, 7, 17, 1, 99915441, 5, 1, 4439326, 0
0, 1, 7, 17, 1, 99915441, 5, 0, 5769765, 0
0, 1, 7, 17, 1, 99915441, 4, 2, 4632342, 0
0, 1, 7, 17, 1, 99915441, 4, 1, 3975676, 0
0, 1, 7, 17, 1, 99915441, 4, 0, 4661500, 0
0, 1, 7, 17, 1, 99915441, 3, 2, 3941314, 0
0, 1, 7, 17, 1, 99915441, 3, 1, 3354842, 0
0, 1, 7, 17, 1, 99915441, 3, 0, 2846608, 0
0, 1, 7, 17, 1, 99915441, 2, 2, 4195965, 0
0, 1, 7, 17, 1, 99915441, 2, 1, 4696779, 0
0, 1, 7, 17, 1, 99915441, 2, 0, 4269912, 0
0, 1, 7, 17, 1, 99915441, 1, 2, 3059682, 0
0, 1, 7, 17, 1, 99915441, 1, 1, 5099470, 0
0, 1, 7, 17, 1, 99915441, 1, 0, 3005802, 0
0, 1, 7, 17, 1, 99915441, 0, 2, 1, 1
0, 1, 7, 17, 1, 99915441, 0, 1, 1, 1
0, 2, 7, 17, 99915442, 141956192, 12, 2, 19781419, 0
0, 2, 7, 17, 99915442, 141956192, 12, 1, 22722239, 1
0, 2, 7, 17, 99915442, 141956192, 12, 0, 33081563, 0
0, 2, 7, 17, 99915442, 141956192, 11, 2, 19629827, 0
0, 2, 7, 17, 99915442, 141956192, 11, 1, 21887218, 1
0, 2, 7, 17, 99915442, 141956192, 11, 0, 30211708, 0
0, 2, 7, 17, 99915442, 141956192, 10, 2, 19943632, 0
0, 2, 7, 17, 99915442, 141956192, 10, 1, 21645632, 1
0, 2, 7, 17, 99915442, 141956192, 10, 0, 28348106, 0
0, 2, 7, 17, 99915442, 141956192, 9, 2, 19739914, 0
0, 2, 7, 17, 99915442, 141956192, 9, 1, 20464188, 1
0, 2, 7, 17, 99915442, 141956192, 9, 0, 24193594, 0
0, 2, 7, 17, 99915442, 141956192, 8, 2, 20010306, 1
0, 2, 7, 17, 99915442, 141956192, 8, 1, 19801765, 1
0, 2, 7, 17, 99915442, 141956192, 8, 0, 20694099, 0
0, 2, 7, 17, 99915442, 141956192, 7, 2, 21854630, 1
0, 2, 7, 17, 99915442, 141956192, 7, 1, 21267903, 1
0, 2, 7, 17, 99915442, 141956192, 7, 0, 21134475, 0
0, 2, 7, 17, 99915442, 141956192, 6, 2, 25132824, 0
0, 2, 7, 17, 99915442, 141956192, 6, 1, 24539888, 1
0, 2, 7, 17, 99915442, 141956192, 6, 0, 24656888, 0
0, 2, 7, 17, 99915442, 141956192, 5, 2, 27289739, 0
0, 2, 7, 17, 99915442, 141956192, 5, 1, 25480693, 1
0, 2, 7, 17, 99915442, 141956192, 5, 0, 21842080, 0
0, 2, 7, 17, 99915442, 141956192, 4, 2, 28335327, 0
0, 2, 7, 17, 99915442, 141956192, 4, 1, 28576204, 1
0, 2, 7, 17, 99915442, 141956192, 4, 0, 21527154, 0
0, 2, 7, 17, 99915442, 141956192, 3, 2, 28079672, 0
0, 2, 7, 17, 99915442, 141956192, 3, 1, 30969435, 1
0, 2, 7, 17, 99915442, 141956192, 3, 0, 28702872, 0
0, 2, 7, 17, 99915442, 141956192, 2, 2, 24895839, 0
0, 2, 7, 17, 99915442, 141956192, 2, 1, 29269094, 1
0, 2, 7, 17, 99915442, 141956192, 2, 0, 25595071, 0
0, 2, 7, 17, 99915442, 141956192, 1, 2, 16091191, 0
0, 2, 7, 17, 99915442, 141956192, 1, 1, 23142666, 1
0, 2, 7, 17, 99915442, 141956192, 1, 0, 26797316, 0
0, 2, 7, 17, 99915442, 141956192, 0, 2, 21315341, 1
0, 2, 7, 17, 99915442, 141956192, 0, 1, 42630682, 1
0, 3, 7, 17, 141956193, 176502668, 12, 2, 21054078, 0
0, 3, 7, 17, 141956193, 176502668, 12, 1, 23796315, 0
0, 3, 7, 17, 141956193, 176502668, 12, 0, 40254723, 0
0, 3, 7, 17, 141956193, 176502668, 11, 2, 21191728, 0
0, 3, 7, 17, 141956193, 176502668, 11, 1, 23328843, 1
0, 3, 7, 17, 141956193, 176502668, 11, 0, 38610199, 0
0, 3, 7, 17, 141956193, 176502668, 10, 2, 21037481, 0
0, 3, 7, 17, 141956193, 176502668, 10, 1, 22288205, 1
0, 3, 7, 17, 141956193, 176502668, 10, 0, 35620110, 0
0, 3, 7, 17, 141956193, 176502668, 9, 2, 21786137, 0
0, 3, 7, 17, 141956193, 176502668, 9, 1, 22455310, 1
0, 3, 7, 17, 141956193, 176502668, 9, 0, 34977743, 0
0, 3, 7, 17, 141956193, 176502668, 8, 2, 22369529, 1
0, 3, 7, 17, 141956193, 176502668, 8, 1, 22144746, 1
0, 3, 7, 17, 141956193, 176502668, 8, 0, 33076184, 0
0, 3, 7, 17, 141956193, 176502668, 7, 2, 24163997, 0
0, 3, 7, 17, 141956193, 176502668, 7, 1, 23374990, 1
0, 3, 7, 17, 141956193, 176502668, 7, 0, 34110520, 0
0, 3, 7, 17, 141956193, 176502668, 6, 2, 27788596, 0
0, 3, 7, 17, 141956193, 176502668, 6, 1, 26971142, 0
0, 3, 7, 17, 141956193, 176502668, 6, 0, 39795607, 0
0, 3, 7, 17, 141956193, 176502668, 5, 2, 28902596, 0
0, 3, 7, 17, 141956193, 176502668, 5, 1, 26017914, 1
0, 3, 7, 17, 141956193, 176502668, 5, 0, 36808121, 0
0, 3, 7, 17, 141956193, 176502668, 4, 2, 24903402, 0
0, 3, 7, 17, 141956193, 176502668, 4, 1, 22351388, 1
0, 3, 7, 17, 141956193, 176502668, 4, 0, 35846847, 0
0, 3, 7, 17, 141956193, 176502668, 3, 2, 23308283, 0
0, 3, 7, 17, 141956193, 176502668, 3, 1, 20564301, 1
0, 3, 7, 17, 141956193, 176502668, 3, 0, 34813908, 0
0, 3, 7, 17, 141956193, 176502668, 2, 2, 24827240, 0
0, 3, 7, 17, 141956193, 176502668, 2, 1, 24934871, 0
0, 3, 7, 17, 141956193, 176502668, 2, 0, 42582987, 0
0, 3, 7, 17, 141956193, 176502668, 1, 2, 30365044, 0
0, 3, 7, 17, 141956193, 176502668, 1, 1, 29727256, 0
0, 3, 7, 17, 141956193, 176502668, 1, 0, 49673386, 0
0, 3, 7, 17, 141956193, 176502668, 0, 2, 33728723, 1
0, 3, 7, 17, 141956193, 176502668, 0, 1, 39508381, 1
0, 4, 7, 17, 176502669, 206270204, 12, 2, 8866492, 0
0, 4, 7, 17, 176502669, 206270204, 12, 1, 9326560, 0
0, 4, 7, 17, 176502669, 206270204, 12, 0, 7447264, 0
0, 4, 7, 17, 176502669, 206270204, 11, 2, 6329862, 0
0, 4, 7, 17, 176502669, 206270204, 11, 1, 6592728, 0
0, 4, 7, 17, 176502669, 206270204, 11, 0, 5565106, 0
0, 4, 7, 17, 176502669, 206270204, 10, 2, 5783149, 1
0, 4, 7, 17, 176502669, 206270204, 10, 1, 5483254, 0
0, 4, 7, 17, 176502669, 206270204, 10, 0, 3888820, 0
0, 4, 7, 17, 176502669, 206270204, 9, 2, 4991613, 1
0, 4, 7, 17, 176502669, 206270204, 9, 1, 5045777, 0
0, 4, 7, 17, 176502669, 206270204, 9, 0, 4320911, 0
0, 4, 7, 17, 176502669, 206270204, 8, 2, 4662461, 1
0, 4, 7, 17, 176502669, 206270204, 8, 1, 5036348, 0
0, 4, 7, 17, 176502669, 206270204, 8, 0, 4028920, 0
0, 4, 7, 17, 176502669, 206270204, 7, 2, 3349493, 1
0, 4, 7, 17, 176502669, 206270204, 7, 1, 3484720, 0
0, 4, 7, 17, 176502669, 206270204, 7, 0, 1162866, 0
0, 4, 7, 17, 176502669, 206270204, 6, 2, 3851917, 1
0, 4, 7, 17, 176502669, 206270204, 6, 1, 4020831, 0
0, 4, 7, 17, 176502669, 206270204, 6, 0, 1356677, 0
0, 4, 7, 17, 176502669, 206270204, 5, 2, 4531667, 1
0, 4, 7, 17, 176502669, 206270204, 5, 1, 4751891, 0
0, 4, 7, 17, 176502669, 206270204, 5, 0, 1628012, 0
0, 4, 7, 17, 176502669, 206270204, 4, 2, 3627459, 1
0, 4, 7, 17, 176502669, 206270204, 4, 1, 3163013, 0
0, 4, 7, 17, 176502669, 206270204, 4, 0, 2035015, 0
0, 4, 7, 17, 176502669, 206270204, 3, 2, 3812916, 1
0, 4, 7, 17, 176502669, 206270204, 3, 1, 3238422, 0
0, 4, 7, 17, 176502669, 206270204, 3, 0, 2713353, 0
0, 4, 7, 17, 176502669, 206270204, 2, 2, 3827285, 1
0, 4, 7, 17, 176502669, 206270204, 2, 1, 2269032, 0
0, 4, 7, 17, 176502669, 206270204, 2, 0, 4070029, 0
0, 4, 7, 17, 176502669, 206270204, 1, 2, 4495645, 1
0, 4, 7, 17, 176502669, 206270204, 1, 1, 1068368, 1
0, 4, 7, 17, 176502669, 206270204, 1, 0, 1, 0
0, 4, 7, 17, 176502669, 206270204, 0, 2, 5499193, 1
0, 4, 7, 17, 176502669, 206270204, 0, 1, 1, 1
0, 5, 7, 17, 206270205, 277856915, 12, 2, 23035930, 0
0, 5, 7, 17, 206270205, 277856915, 12, 1, 27595499, 1
0, 5, 7, 17, 206270205, 277856915, 12, 0, 40438716, 0
0, 5, 7, 17, 206270205, 277856915, 11, 2, 22943192, 0
0, 5, 7, 17, 206270205, 277856915, 11, 1, 26849298, 1
0, 5, 7, 17, 206270205, 277856915, 11, 0, 37537360, 0
0, 5, 7, 17, 206270205, 277856915, 10, 2, 23462401, 0
0, 5, 7, 17, 206270205, 277856915, 10, 1, 26919950, 1
0, 5, 7, 17, 206270205, 277856915, 10, 0, 36069608, 0
0, 5, 7, 17, 206270205, 277856915, 9, 2, 24107909, 0
0, 5, 7, 17, 206270205, 277856915, 9, 1, 27034288, 1
0, 5, 7, 17, 206270205, 277856915, 9, 0, 34336511, 0
0, 5, 7, 17, 206270205, 277856915, 8, 2, 24250178, 0
0, 5, 7, 17, 206270205, 277856915, 8, 1, 26178044, 1
0, 5, 7, 17, 206270205, 277856915, 8, 0, 30050484, 0
0, 5, 7, 17, 206270205, 277856915, 7, 2, 24357318, 1
0, 5, 7, 17, 206270205, 277856915, 7, 1, 24982696, 1
0, 5, 7, 17, 206270205, 277856915, 7, 0, 24302509, 0
0, 5, 7, 17, 206270205, 277856915, 6, 2, 28010916, 1
0, 5, 7, 17, 206270205, 277856915, 6, 1, 28826188, 1
0, 5, 7, 17, 206270205, 277856915, 6, 0, 28352927, 0
0, 5, 7, 17, 206270205, 277856915, 5, 2, 28767738, 1
0, 5, 7, 17, 206270205, 277856915, 5, 1, 27597607, 1
0, 5, 7, 17, 206270205, 277856915, 5, 0, 24442228, 0
0, 5, 7, 17, 206270205, 277856915, 4, 2, 30444036, 0
0, 5, 7, 17, 206270205, 277856915, 4, 1, 33678593, 1
0, 5, 7, 17, 206270205, 277856915, 4, 0, 30436201, 0
0, 5, 7, 17, 206270205, 277856915, 3, 2, 30852729, 1
0, 5, 7, 17, 206270205, 277856915, 3, 1, 31587955, 1
0, 5, 7, 17, 206270205, 277856915, 3, 0, 28307747, 0
0, 5, 7, 17, 206270205, 277856915, 2, 2, 26796001, 1
0, 5, 7, 17, 206270205, 277856915, 2, 1, 31630301, 1
0, 5, 7, 17, 206270205, 277856915, 2, 0, 24788871, 0
0, 5, 7, 17, 206270205, 277856915, 1, 2, 24910985, 0
0, 5, 7, 17, 206270205, 277856915, 1, 1, 30668476, 1
0, 5, 7, 17, 206270205, 277856915, 1, 0, 32748427, 0
0, 5, 7, 17, 206270205, 277856915, 0, 2, 29628501, 1
0, 5, 7, 17, 206270205, 277856915, 0, 1, 59257002, 1
0, 6, 7, 17, 277856916, 301445593, 12, 2, 1875988, 0
0, 6, 7, 17, 277856916, 301445593, 12, 1, 2531397, 0
0, 6, 7, 17, 277856916, 301445593, 12, 0, 5273744, 0
0, 6, 7, 17, 277856916, 301445593, 11, 2, 1167038, 0
0, 6, 7, 17, 277856916, 301445593, 11, 1, 1427988, 0
0, 6, 7, 17, 277856916, 301445593, 11, 0, 2985793, 0
0, 6, 7, 17, 277856916, 301445593, 10, 2, 1140594, 0
0, 6, 7, 17, 277856916, 301445593, 10, 1, 1356971, 0
0, 6, 7, 17, 277856916, 301445593, 10, 0, 2849639, 0
0, 6, 7, 17, 277856916, 301445593, 9, 2, 1258586, 0
0, 6, 7, 17, 277856916, 301445593, 9, 1, 1499810, 0
0, 6, 7, 17, 277856916, 301445593, 9, 0, 3166266, 0
0, 6, 7, 17, 277856916, 301445593, 8, 2, 1308539, 0
0, 6, 7, 17, 277856916, 301445593, 8, 1, 1530553, 0
0, 6, 7, 17, 277856916, 301445593, 8, 0, 3252424, 0
0, 6, 7, 17, 277856916, 301445593, 7, 2, 1479218, 0
0, 6, 7, 17, 277856916, 301445593, 7, 1, 1734626, 0
0, 6, 7, 17, 277856916, 301445593, 7, 0, 3717056, 0
0, 6, 7, 17, 277856916, 301445593, 6, 2, 587789, 0
0, 6, 7, 17, 277856916, 301445593, 6, 1, 288706, 0
0, 6, 7, 17, 277856916, 301445593, 6, 0, 625529, 0
0, 6, 7, 17, 277856916, 301445593, 5, 2, 691517, 0
0, 6, 7, 17, 277856916, 301445593, 5, 1, 341198, 0
0, 6, 7, 17, 277856916, 301445593, 5, 0, 750635, 0
0, 6, 7, 17, 277856916, 301445593, 4, 2, 571615, 1
0, 6, 7, 17, 277856916, 301445593, 4, 1, 1, 1
0, 6, 7, 17, 277856916, 301445593, 4, 0, 1, 0
0, 6, 7, 17, 277856916, 301445593, 3, 2, 40328, 1
0, 6, 7, 17, 277856916, 301445593, 3, 1, 1, 1
0, 6, 7, 17, 277856916, 301445593, 3, 0, 1, 0
0, 6, 7, 17, 277856916, 301445593, 2, 2, 55451, 1
0, 6, 7, 17, 277856916, 301445593, 2, 1, 1, 1
0, 6, 7, 17, 277856916, 301445593, 2, 0, 1, 0
0, 6, 7, 17, 277856916, 301445593, 1, 2, 88721, 1
0, 6, 7, 17, 277856916, 301445593, 1, 1, 1, 1
0, 6, 7, 17, 277856916, 301445593, 1, 0, 1, 0
0, 6, 7, 17, 277856916, 301445593, 0, 2, 221803, 1
0, 6, 7, 17, 277856916, 301445593, 0, 1, 1, 1
0, 7, 7, 17, 301445594, 421225241, 12, 2, 1261524, 1
0, 7, 7, 17, 301445594, 421225241, 12, 1, 943398, 1
0, 7, 7, 17, 301445594, 421225241, 12, 0, 1, 0
0, 7, 7, 17, 301445594, 421225241, 11, 2, 1369654, 1
0, 7, 7, 17, 301445594, 421225241, 11, 1, 1025433, 1
0, 7, 7, 17, 301445594, 421225241, 11, 0, 1, 0
0, 7, 7, 17, 301445594, 421225241, 10, 2, 1498059, 1
0, 7, 7, 17, 301445594, 421225241, 10, 1, 1123093, 1
0, 7, 7, 17, 301445594, 421225241, 10, 0, 1, 0
0, 7, 7, 17, 301445594, 421225241, 9, 2, 1653031, 1
0, 7, 7, 17, 301445594, 421225241, 9, 1, 1241313, 1
0, 7, 7, 17, 301445594, 421225241, 9, 0, 1, 0
0, 7, 7, 17, 301445594, 421225241, 8, 2, 1843765, 1
0, 7, 7, 17, 301445594, 421225241, 8, 1, 1387350, 1
0, 7, 7, 17, 301445594, 421225241, 8, 0, 1, 0
0, 7, 7, 17, 301445594, 421225241, 7, 2, 2084256, 1
0, 7, 7, 17, 301445594, 421225241, 7, 1, 1572330, 1
0, 7, 7, 17, 301445594, 421225241, 7, 0, 1, 0
0, 7, 7, 17, 301445594, 421225241, 6, 2, 2396895, 1
0, 7, 7, 17, 301445594, 421225241, 6, 1, 1814227, 1
0, 7, 7, 17, 301445594, 421225241, 6, 0, 1, 0
0, 7, 7, 17, 301445594, 421225241, 5, 2, 2819876, 1
0, 7, 7, 17, 301445594, 421225241, 5, 1, 2144086, 1
0, 7, 7, 17, 301445594, 421225241, 5, 0, 1, 0
0, 7, 7, 17, 301445594, 421225241, 4, 2, 3424135, 1
0, 7, 7, 17, 301445594, 421225241, 4, 1, 2620549, 1
0, 7, 7, 17, 301445594, 421225241, 4, 0, 1, 0
0, 7, 7, 17, 301445594, 421225241, 3, 2, 3002292, 1
0, 7, 7, 17, 301445594, 421225241, 3, 1, 3369278, 1
0, 7, 7, 17, 301445594, 421225241, 3, 0, 1, 0
0, 7, 7, 17, 301445594, 421225241, 2, 2, 2948118, 1
0, 7, 7, 17, 301445594, 421225241, 2, 1, 4716989, 1
0, 7, 7, 17, 301445594, 421225241, 2, 0, 1, 0
0, 7, 7, 17, 301445594, 421225241, 1, 2, 1, 1
0, 7, 7, 17, 301445594, 421225241, 1, 1, 1, 1
0, 7, 7, 17, 301445594, 421225241, 1, 0, 1, 0
0, 7, 7, 17, 301445594, 421225241, 0, 2, 1, 1
0, 7, 7, 17, 301445594, 421225241, 0, 1, 1, 1
0, 8, 7, 17, 421225242, 453296204, 12, 2, 56351548, 0
0, 8, 7, 17, 421225242, 453296204, 12, 1, 55201836, 0
0, 8, 7, 17, 421225242, 453296204, 12, 0, 89303587, 0
0, 8, 7, 17, 421225242, 453296204, 11, 2, 60204538, 0
0, 8, 7, 17, 421225242, 453296204, 11, 1, 58515039, 0
0, 8, 7, 17, 421225242, 453296204, 11, 0, 94313004, 0
0, 8, 7, 17, 421225242, 453296204, 10, 2, 64951020, 0
0, 8, 7, 17, 421225242, 453296204, 10, 1, 62719987, 0
0, 8, 7, 17, 421225242, 453296204, 10, 0, 100871686, 0
0, 8, 7, 17, 421225242, 453296204, 9, 2, 71670091, 0
0, 8, 7, 17, 421225242, 453296204, 9, 1, 69322091, 0
0, 8, 7, 17, 421225242, 453296204, 9, 0, 112079651, 0
0, 8, 7, 17, 421225242, 453296204, 8, 2, 76926071, 0
0, 8, 7, 17, 421225242, 453296204, 8, 1, 72868526, 0
0, 8, 7, 17, 421225242, 453296204, 8, 0, 116295259, 0
0, 8, 7, 17, 421225242, 453296204, 7, 2, 77397577, 0
0, 8, 7, 17, 421225242, 453296204, 7, 1, 67922091, 0
0, 8, 7, 17, 421225242, 453296204, 7, 0, 101489786, 0
0, 8, 7, 17, 421225242, 453296204, 6, 2, 85324431, 0
0, 8, 7, 17, 421225242, 453296204, 6, 1, 72705823, 0
0, 8, 7, 17, 421225242, 453296204, 6, 0, 106128807, 0
0, 8, 7, 17, 421225242, 453296204, 5, 2, 89833262, 0
0, 8, 7, 17, 421225242, 453296204, 5, 1, 69622959, 0
0, 8, 7, 17, 421225242, 453296204, 5, 0, 91489938, 0
0, 8, 7, 17, 421225242, 453296204, 4, 2, 74072452, 0
0, 8, 7, 17, 421225242, 453296204, 4, 1, 49395554, 0
0, 8, 7, 17, 421225242, 453296204, 4, 0, 79806416, 0
0, 8, 7, 17, 421225242, 453296204, 3, 2, 88097787, 0
0, 8, 7, 17, 421225242, 453296204, 3, 1, 53803045, 0
0, 8, 7, 17, 421225242, 453296204, 3, 0, 83762330, 0
0, 8, 7, 17, 421225242, 453296204, 2, 2, 81723476, 0
0, 8, 7, 17, 421225242, 453296204, 2, 1, 54341344, 0
0, 8, 7, 17, 421225242, 453296204, 2, 0, 73186198, 0
0, 8, 7, 17, 421225242, 453296204, 1, 2, 85698568, 0
0, 8, 7, 17, 421225242, 453296204, 1, 1, 56671032, 0
0, 8, 7, 17, 421225242, 453296204, 1, 0, 144442238, 0
0, 8, 7, 17, 421225242, 453296204, 0, 2, 70616527, 1
0, 8, 7, 17, 421225242, 453296204, 0, 1, 1, 1
0, 9, 7, 17, 453296205, 520768709, 12, 2, 19506189, 0
0, 9, 7, 17, 453296205, 520768709, 12, 1, 25004488, 0
0, 9, 7, 17, 453296205, 520768709, 12, 0, 40415830, 0
0, 9, 7, 17, 453296205, 520768709, 11, 2, 18710674, 0
0, 9, 7, 17, 453296205, 520768709, 11, 1, 23423939, 0
0, 9, 7, 17, 453296205, 520768709, 11, 0, 36238942, 0
0, 9, 7, 17, 453296205, 520768709, 10, 2, 19211663, 0
0, 9, 7, 17, 453296205, 520768709, 10, 1, 23745249, 0
0, 9, 7, 17, 453296205, 520768709, 10, 0, 35852798, 0
0, 9, 7, 17, 453296205, 520768709, 9, 2, 20665990, 0
0, 9, 7, 17, 453296205, 520768709, 9, 1, 25431090, 0
0, 9, 7, 17, 453296205, 520768709, 9, 0, 38118719, 0
0, 9, 7, 17, 453296205, 520768709, 8, 2, 20515422, 0
0, 9, 7, 17, 453296205, 520768709, 8, 1, 24545763, 0
0, 9, 7, 17, 453296205, 520768709, 8, 0, 34644467, 0
0, 9, 7, 17, 453296205, 520768709, 7, 2, 21471617, 0
0, 9, 7, 17, 453296205, 520768709, 7, 1, 25181614, 0
0, 9, 7, 17, 453296205, 520768709, 7, 0, 33943139, 0
0, 9, 7, 17, 453296205, 520768709, 6, 2, 24692360, 0
0, 9, 7, 17, 453296205, 520768709, 6, 1, 29055708, 0
0, 9, 7, 17, 453296205, 520768709, 6, 0, 39600328, 0
0, 9, 7, 17, 453296205, 520768709, 5, 2, 23295457, 0
0, 9, 7, 17, 453296205, 520768709, 5, 1, 30915396, 0
0, 9, 7, 17, 453296205, 520768709, 5, 0, 47520394, 0
0, 9, 7, 17, 453296205, 520768709, 4, 2, 24917477, 0
0, 9, 7, 17, 453296205, 520768709, 4, 1, 32543473, 0
0, 9, 7, 17, 453296205, 520768709, 4, 0, 47605967, 0
0, 9, 7, 17, 453296205, 520768709, 3, 2, 24342373, 0
0, 9, 7, 17, 453296205, 520768709, 3, 1, 30258956, 0
0, 9, 7, 17, 453296205, 520768709, 3, 0, 36448434, 0
0, 9, 7, 17, 453296205, 520768709, 2, 2, 28648439, 0
0, 9, 7, 17, 453296205, 520768709, 2, 1, 34646820, 0
0, 9, 7, 17, 453296205, 520768709, 2, 0, 35383356, 0
0, 9, 7, 17, 453296205, 520768709, 1, 2, 30875212, 0
0, 9, 7, 17, 453296205, 520768709, 1, 1, 32807547, 0
0, 9, 7, 17, 453296205, 520768709, 1, 0, 30732257, 0
0, 9, 7, 17, 453296205, 520768709, 0, 2, 8744349, 1
0, 9, 7, 17, 453296205, 520768709, 0, 1, 17488697, 1
0, 10, 7, 17, 520768710, 562539081, 12, 2, 2685965, 0
0, 10, 7, 17, 520768710, 562539081, 12, 1, 4082667, 0
0, 10, 7, 17, 520768710, 562539081, 12, 0, 7841339, 0
0, 10, 7, 17, 520768710, 562539081, 11, 2, 2011931, 0
0, 10, 7, 17, 520768710, 562539081, 11, 1, 3061634, 0
0, 10, 7, 17, 520768710, 562539081, 11, 0, 5676998, 0
0, 10, 7, 17, 520768710, 562539081, 10, 2, 2200550, 0
0, 10, 7, 17, 520768710, 562539081, 10, 1, 3353218, 0
0, 10, 7, 17, 520768710, 562539081, 10, 0, 6244698, 0
0, 10, 7, 17, 520768710, 562539081, 9, 2, 1981931, 0
0, 10, 7, 17, 520768710, 562539081, 9, 1, 3025052, 0
0, 10, 7, 17, 520768710, 562539081, 9, 0, 5500600, 0
0, 10, 7, 17, 520768710, 562539081, 8, 2, 1255338, 0
0, 10, 7, 17, 520768710, 562539081, 8, 1, 1919928, 0
0, 10, 7, 17, 520768710, 562539081, 8, 0, 3083523, 0
0, 10, 7, 17, 520768710, 562539081, 7, 2, 1419078, 0
0, 10, 7, 17, 520768710, 562539081, 7, 1, 2175919, 0
0, 10, 7, 17, 520768710, 562539081, 7, 0, 3524027, 0
0, 10, 7, 17, 520768710, 562539081, 6, 2, 993353, 0
0, 10, 7, 17, 520768710, 562539081, 6, 1, 1528235, 0
0, 10, 7, 17, 520768710, 562539081, 6, 0, 1982744, 0
0, 10, 7, 17, 520768710, 562539081, 5, 2, 1168651, 0
0, 10, 7, 17, 520768710, 562539081, 5, 1, 1806096, 0
0, 10, 7, 17, 520768710, 562539081, 5, 0, 2379292, 0
0, 10, 7, 17, 520768710, 562539081, 4, 2, 1179602, 0
0, 10, 7, 17, 520768710, 562539081, 4, 1, 1834936, 0
0, 10, 7, 17, 520768710, 562539081, 4, 0, 2135957, 0
0, 10, 7, 17, 520768710, 562539081, 3, 2, 1501311, 0
0, 10, 7, 17, 520768710, 562539081, 3, 1, 2359203, 0
0, 10, 7, 17, 520768710, 562539081, 3, 0, 2847943, 0
0, 10, 7, 17, 520768710, 562539081, 2, 2, 2064303, 0
0, 10, 7, 17, 520768710, 562539081, 2, 1, 3302884, 0
0, 10, 7, 17, 520768710, 562539081, 2, 0, 4271914, 0
0, 10, 7, 17, 520768710, 562539081, 1, 2, 1708766, 0
0, 10, 7, 17, 520768710, 562539081, 1, 1, 2847943, 0
0, 10, 7, 17, 520768710, 562539081, 1, 0, 8543828, 0
0, 10, 7, 17, 520768710, 562539081, 0, 2, 1, 1
0, 10, 7, 17, 520768710, 562539081, 0, 1, 1, 1
0, 11, 7, 17, 562539082, 675318824, 12, 2, 200830331, 0
0, 11, 7, 17, 562539082, 675318824, 12, 1, 208839397, 0
0, 11, 7, 17, 562539082, 675318824, 12, 0, 242258983, 0
0, 11, 7, 17, 562539082, 675318824, 11, 2, 185578680, 0
0, 11, 7, 17, 562539082, 675318824, 11, 1, 194129881, 0
0, 11, 7, 17, 562539082, 675318824, 11, 0, 231788676, 0
0, 11, 7, 17, 562539082, 675318824, 10, 2, 174139966, 0
0, 11, 7, 17, 562539082, 675318824, 10, 1, 182270961, 0
0, 11, 7, 17, 562539082, 675318824, 10, 0, 219568988, 0
0, 11, 7, 17, 562539082, 675318824, 9, 2, 157504437, 0
0, 11, 7, 17, 562539082, 675318824, 9, 1, 167191297, 0
0, 11, 7, 17, 562539082, 675318824, 9, 0, 210891299, 0
0, 11, 7, 17, 562539082, 675318824, 8, 2, 136495209, 0
0, 11, 7, 17, 562539082, 675318824, 8, 1, 150379217, 0
0, 11, 7, 17, 562539082, 675318824, 8, 0, 195939606, 0
0, 11, 7, 17, 562539082, 675318824, 7, 2, 123632620, 0
0, 11, 7, 17, 562539082, 675318824, 7, 1, 147249217, 0
0, 11, 7, 17, 562539082, 675318824, 7, 0, 223930979, 0
0, 11, 7, 17, 562539082, 675318824, 6, 2, 93355572, 0
0, 11, 7, 17, 562539082, 675318824, 6, 1, 120030341, 0
0, 11, 7, 17, 562539082, 675318824, 6, 0, 204474651, 0
0, 11, 7, 17, 562539082, 675318824, 5, 2, 109830085, 0
0, 11, 7, 17, 562539082, 675318824, 5, 1, 141854039, 0
0, 11, 7, 17, 562539082, 675318824, 5, 0, 245369582, 0
0, 11, 7, 17, 562539082, 675318824, 4, 2, 115239610, 0
0, 11, 7, 17, 562539082, 675318824, 4, 1, 145181948, 0
0, 11, 7, 17, 562539082, 675318824, 4, 0, 243272752, 0
0, 11, 7, 17, 562539082, 675318824, 3, 2, 116346471, 0
0, 11, 7, 17, 562539082, 675318824, 3, 1, 139013452, 0
0, 11, 7, 17, 562539082, 675318824, 3, 0, 213182549, 0
0, 11, 7, 17, 562539082, 675318824, 2, 2, 118974811, 0
0, 11, 7, 17, 562539082, 675318824, 2, 1, 129016295, 0
0, 11, 7, 17, 562539082, 675318824, 2, 0, 155767477, 0
0, 11, 7, 17, 562539082, 675318824, 1, 2, 1, 1
0, 11, 7, 17, 562539082, 675318824, 1, 1, 1, 1
0, 11, 7, 17, 562539082, 675318824, 1, 0, 1, 0
0, 11, 7, 17, 562539082, 675318824, 0, 2, 1, 1
0, 11, 7, 17, 562539082, 675318824, 0, 1, 1, 1
0, 12, 7, 17, 675318825, 701747338, 12, 2, 5613941, 0
0, 12, 7, 17, 675318825, 701747338, 12, 1, 5239953, 0
0, 12, 7, 17, 675318825, 701747338, 12, 0, 7932685, 0
0, 12, 7, 17, 675318825, 701747338, 11, 2, 4694895, 0
0, 12, 7, 17, 675318825, 701747338, 11, 1, 4606745, 0
0, 12, 7, 17, 675318825, 701747338, 11, 0, 6377138, 0
0, 12, 7, 17, 675318825, 701747338, 10, 2, 5135041, 0
0, 12, 7, 17, 675318825, 701747338, 10, 1, 5045482, 0
0, 12, 7, 17, 675318825, 701747338, 10, 0, 7014852, 0
0, 12, 7, 17, 675318825, 701747338, 9, 2, 3664389, 0
0, 12, 7, 17, 675318825, 701747338, 9, 1, 2521109, 1
0, 12, 7, 17, 675318825, 701747338, 9, 0, 3071053, 0
0, 12, 7, 17, 675318825, 701747338, 8, 2, 2835932, 0
0, 12, 7, 17, 675318825, 701747338, 8, 1, 2817710, 1
0, 12, 7, 17, 675318825, 701747338, 8, 0, 3454934, 0
0, 12, 7, 17, 675318825, 701747338, 7, 2, 3205836, 0
0, 12, 7, 17, 675318825, 701747338, 7, 1, 3193405, 1
0, 12, 7, 17, 675318825, 701747338, 7, 0, 3948496, 0
0, 12, 7, 17, 675318825, 701747338, 6, 2, 2304738, 1
0, 12, 7, 17, 675318825, 701747338, 6, 1, 1558585, 1
0, 12, 7, 17, 675318825, 701747338, 6, 0, 1, 0
0, 12, 7, 17, 675318825, 701747338, 5, 2, 2711456, 1
0, 12, 7, 17, 675318825, 701747338, 5, 1, 1841964, 1
0, 12, 7, 17, 675318825, 701747338, 5, 0, 1, 0
0, 12, 7, 17, 675318825, 701747338, 4, 2, 3292482, 1
0, 12, 7, 17, 675318825, 701747338, 4, 1, 2251289, 1
0, 12, 7, 17, 675318825, 701747338, 4, 0, 1, 0
0, 12, 7, 17, 675318825, 701747338, 3, 2, 3953036, 1
0, 12, 7, 17, 675318825, 701747338, 3, 1, 2894514, 1
0, 12, 7, 17, 675318825, 701747338, 3, 0, 1, 0
0, 12, 7, 17, 675318825, 701747338, 2, 2, 5258428, 1
0, 12, 7, 17, 675318825, 701747338, 2, 1, 3769126, 1
0, 12, 7, 17, 675318825, 701747338, 2, 0, 1, 0
0, 12, 7, 17, 675318825, 701747338, 1, 2, 8413485, 1
0, 12, 7, 17, 675318825, 701747338, 1, 1, 6281876, 1
0, 12, 7, 17, 675318825, 701747338, 1, 0, 1, 0
0, 12, 7, 17, 675318825, 701747338, 0, 2, 2699896, 1
0, 12, 7, 17, 675318825, 701747338, 0, 1, 5399792, 1
0, 13, 7, 17, 701747339, 737539840, 12, 2, 243567625, 0
0, 13, 7, 17, 701747339, 737539840, 12, 1, 260138028, 0
0, 13, 7, 17, 701747339, 737539840, 12, 0, 307707841, 0
0, 13, 7, 17, 701747339, 737539840, 11, 2, 229381338, 0
0, 13, 7, 17, 701747339, 737539840, 11, 1, 246613324, 0
0, 13, 7, 17, 701747339, 737539840, 11, 0, 299533868, 0
0, 13, 7, 17, 701747339, 737539840, 10, 2, 215847567, 0
0, 13, 7, 17, 701747339, 737539840, 10, 1, 234443344, 0
0, 13, 7, 17, 701747339, 737539840, 10, 0, 292044491, 0
0, 13, 7, 17, 701747339, 737539840, 9, 2, 200683150, 0
0, 13, 7, 17, 701747339, 737539840, 9, 1, 215295437, 0
0, 13, 7, 17, 701747339, 737539840, 9, 0, 280629634, 0
0, 13, 7, 17, 701747339, 737539840, 8, 2, 180634955, 0
0, 13, 7, 17, 701747339, 737539840, 8, 1, 194741597, 0
0, 13, 7, 17, 701747339, 737539840, 8, 0, 266673481, 0
0, 13, 7, 17, 701747339, 737539840, 7, 2, 172276154, 0
0, 13, 7, 17, 701747339, 737539840, 7, 1, 197137624, 0
0, 13, 7, 17, 701747339, 737539840, 7, 0, 304769693, 0
0, 13, 7, 17, 701747339, 737539840, 6, 2, 143359479, 0
0, 13, 7, 17, 701747339, 737539840, 6, 1, 172382384, 0
0, 13, 7, 17, 701747339, 737539840, 6, 0, 293899308, 0
0, 13, 7, 17, 701747339, 737539840, 5, 2, 147545033, 0
0, 13, 7, 17, 701747339, 737539840, 5, 1, 171095181, 0
0, 13, 7, 17, 701747339, 737539840, 5, 0, 280894369, 0
0, 13, 7, 17, 701747339, 737539840, 4, 2, 138569702, 0
0, 13, 7, 17, 701747339, 737539840, 4, 1, 168813207, 0
0, 13, 7, 17, 701747339, 737539840, 4, 0, 260435931, 0
0, 13, 7, 17, 701747339, 737539840, 3, 2, 133984251, 0
0, 13, 7, 17, 701747339, 737539840, 3, 1, 159039454, 0
0, 13, 7, 17, 701747339, 737539840, 3, 0, 231935807, 0
0, 13, 7, 17, 701747339, 737539840, 2, 2, 134297492, 0
0, 13, 7, 17, 701747339, 737539840, 2, 1, 142765869, 0
0, 13, 7, 17, 701747339, 737539840, 2, 0, 178233487, 0
0, 13, 7, 17, 701747339, 737539840, 1, 2, 1, 1
0, 13, 7, 17, 701747339, 737539840, 1, 1, 1, 1
0, 13, 7, 17, 701747339, 737539840, 1, 0, 1, 0
0, 13, 7, 17, 701747339, 737539840, 0, 2, 1, 1
0, 13, 7, 17, 701747339, 737539840, 0, 1, 1, 1
0, 14, 7, 17, 737539841, 775334308, 12, 2, 545733334, 0
0, 14, 7, 17, 737539841, 775334308, 12, 1, 578016815, 0
0, 14, 7, 17, 737539841, 775334308, 12, 0, 636168081, 0
0, 14, 7, 17, 737539841, 775334308, 11, 2, 530978836, 0
0, 14, 7, 17, 737539841, 775334308, 11, 1, 565916768, 0
0, 14, 7, 17, 737539841, 775334308, 11, 0, 628436513, 0
0, 14, 7, 17, 737539841, 775334308, 10, 2, 515278425, 0
0, 14, 7, 17, 737539841, 775334308, 10, 1, 554586871, 0
0, 14, 7, 17, 737539841, 775334308, 10, 0, 624151523, 0
0, 14, 7, 17, 737539841, 775334308, 9, 2, 510086781, 0
0, 14, 7, 17, 737539841, 775334308, 9, 1, 536444393, 0
0, 14, 7, 17, 737539841, 775334308, 9, 0, 615313945, 0
0, 14, 7, 17, 737539841, 775334308, 8, 2, 499048265, 0
0, 14, 7, 17, 737539841, 775334308, 8, 1, 534216268, 0
0, 14, 7, 17, 737539841, 775334308, 8, 0, 599467072, 0
0, 14, 7, 17, 737539841, 775334308, 7, 2, 492850336, 0
0, 14, 7, 17, 737539841, 775334308, 7, 1, 542610788, 0
0, 14, 7, 17, 737539841, 775334308, 7, 0, 652778708, 0
0, 14, 7, 17, 737539841, 775334308, 6, 2, 477089786, 0
0, 14, 7, 17, 737539841, 775334308, 6, 1, 529849155, 0
0, 14, 7, 17, 737539841, 775334308, 6, 0, 672648062, 0
0, 14, 7, 17, 737539841, 775334308, 5, 2, 478085878, 0
0, 14, 7, 17, 737539841, 775334308, 5, 1, 531432739, 0
0, 14, 7, 17, 737539841, 775334308, 5, 0, 673133282, 0
0, 14, 7, 17, 737539841, 775334308, 4, 2, 497050749, 0
0, 14, 7, 17, 737539841, 775334308, 4, 1, 544520850, 0
0, 14, 7, 17, 737539841, 775334308, 4, 0, 661067725, 0
0, 14, 7, 17, 737539841, 775334308, 3, 2, 458578469, 0
0, 14, 7, 17, 737539841, 775334308, 3, 1, 526008241, 0
0, 14, 7, 17, 737539841, 775334308, 3, 0, 703111610, 0
0, 14, 7, 17, 737539841, 775334308, 2, 2, 500479966, 0
0, 14, 7, 17, 737539841, 775334308, 2, 1, 551151738, 0
0, 14, 7, 17, 737539841, 775334308, 2, 0, 703356402, 0
0, 14, 7, 17, 737539841, 775334308, 1, 2, 417636586, 0
0, 14, 7, 17, 737539841, 775334308, 1, 1, 454741020, 0
0, 14, 7, 17, 737539841, 775334308, 1, 0, 710384262, 0
0, 14, 7, 17, 737539841, 775334308, 0, 2, 1, 1
0, 14, 7, 17, 737539841, 775334308, 0, 1, 1, 1
0, 15, 7, 17, 775334309, 853033745, 12, 2, 297574317, 0
0, 15, 7, 17, 775334309, 853033745, 12, 1, 309663933, 0
0, 15, 7, 17, 775334309, 853033745, 12, 0, 335146870, 0
0, 15, 7, 17, 775334309, 853033745, 11, 2, 280990911, 0
0, 15, 7, 17, 775334309, 853033745, 11, 1, 293746776, 0
0, 15, 7, 17, 775334309, 853033745, 11, 0, 320369057, 0
0, 15, 7, 17, 775334309, 853033745, 10, 2, 267232008, 0
0, 15, 7, 17, 775334309, 853033745, 10, 1, 281596426, 0
0, 15, 7, 17, 775334309, 853033745, 10, 0, 308387671, 0
0, 15, 7, 17, 775334309, 853033745, 9, 2, 265330076, 0
0, 15, 7, 17, 775334309, 853033745, 9, 1, 266140678, 0
0, 15, 7, 17, 775334309, 853033745, 9, 0, 299371580, 0
0, 15, 7, 17, 775334309, 853033745, 8, 2, 257941607, 0
0, 15, 7, 17, 775334309, 853033745, 8, 1, 268017773, 0
0, 15, 7, 17, 775334309, 853033745, 8, 0, 274246685, 0
0, 15, 7, 17, 775334309, 853033745, 7, 2, 249218365, 0
0, 15, 7, 17, 775334309, 853033745, 7, 1, 267620984, 0
0, 15, 7, 17, 775334309, 853033745, 7, 0, 300122788, 0
0, 15, 7, 17, 775334309, 853033745, 6, 2, 222928705, 0
0, 15, 7, 17, 775334309, 853033745, 6, 1, 243610072, 0
0, 15, 7, 17, 775334309, 853033745, 6, 0, 277461797, 0
0, 15, 7, 17, 775334309, 853033745, 5, 2, 231733092, 0
0, 15, 7, 17, 775334309, 853033745, 5, 1, 243935585, 0
0, 15, 7, 17, 775334309, 853033745, 5, 0, 243320662, 0
0, 15, 7, 17, 775334309, 853033745, 4, 2, 202416730, 0
0, 15, 7, 17, 775334309, 853033745, 4, 1, 225969497, 0
0, 15, 7, 17, 775334309, 853033745, 4, 0, 204449531, 0
0, 15, 7, 17, 775334309, 853033745, 3, 2, 155345305, 0
0, 15, 7, 17, 775334309, 853033745, 3, 1, 173496048, 0
0, 15, 7, 17, 775334309, 853033745, 3, 0, 134007087, 0
0, 15, 7, 17, 775334309, 853033745, 2, 2, 101955098, 1
0, 15, 7, 17, 775334309, 853033745, 2, 1, 78126159, 1
0, 15, 7, 17, 775334309, 853033745, 2, 0, 1, 0
0, 15, 7, 17, 775334309, 853033745, 1, 2, 1, 1
0, 15, 7, 17, 775334309, 853033745, 1, 1, 1, 1
0, 15, 7, 17, 775334309, 853033745, 1, 0, 1, 0
0, 15, 7, 17, 775334309, 853033745, 0, 2, 1, 1
0, 15, 7, 17, 775334309, 853033745, 0, 1, 1, 1
0, 16, 7, 17, 853033746, 916900722, 12, 2, 321686710, 0
0, 16, 7, 17, 853033746, 916900722, 12, 1, 338256401, 0
0, 16, 7, 17, 853033746, 916900722, 12, 0, 348976119, 0
0, 16, 7, 17, 853033746, 916900722, 11, 2, 306057304, 0
0, 16, 7, 17, 853033746, 916900722, 11, 1, 324566491, 0
0, 16, 7, 17, 853033746, 916900722, 11, 0, 334306864, 0
0, 16, 7, 17, 853033746, 916900722, 10, 2, 294966118, 0
0, 16, 7, 17, 853033746, 916900722, 10, 1, 317672594, 0
0, 16, 7, 17, 853033746, 916900722, 10, 0, 335615431, 0
0, 16, 7, 17, 853033746, 916900722, 9, 2, 291407451, 0
0, 16, 7, 17, 853033746, 916900722, 9, 1, 299106566, 0
0, 16, 7, 17, 853033746, 916900722, 9, 0, 317679717, 0
0, 16, 7, 17, 853033746, 916900722, 8, 2, 293691698, 0
0, 16, 7, 17, 853033746, 916900722, 8, 1, 314958010, 0
0, 16, 7, 17, 853033746, 916900722, 8, 0, 316297359, 0
0, 16, 7, 17, 853033746, 916900722, 7, 2, 290635988, 0
0, 16, 7, 17, 853033746, 916900722, 7, 1, 319420692, 0
0, 16, 7, 17, 853033746, 916900722, 7, 0, 351962472, 0
0, 16, 7, 17, 853033746, 916900722, 6, 2, 268504884, 0
0, 16, 7, 17, 853033746, 916900722, 6, 1, 298698219, 0
0, 16, 7, 17, 853033746, 916900722, 6, 0, 327004078, 0
0, 16, 7, 17, 853033746, 916900722, 5, 2, 277965922, 0
0, 16, 7, 17, 853033746, 916900722, 5, 1, 307251407, 0
0, 16, 7, 17, 853033746, 916900722, 5, 0, 299556252, 0
0, 16, 7, 17, 853033746, 916900722, 4, 2, 236489153, 0
0, 16, 7, 17, 853033746, 916900722, 4, 1, 269871326, 0
0, 16, 7, 17, 853033746, 916900722, 4, 0, 257178153, 0
0, 16, 7, 17, 853033746, 916900722, 3, 2, 178323618, 0
0, 16, 7, 17, 853033746, 916900722, 3, 1, 213353593, 0
0, 16, 7, 17, 853033746, 916900722, 3, 0, 185805895, 0
0, 16, 7, 17, 853033746, 916900722, 2, 2, 128651609, 0
0, 16, 7, 17, 853033746, 916900722, 2, 1, 112225647, 0
0, 16, 7, 17, 853033746, 916900722, 2, 0, 42628623, 0
0, 16, 7, 17, 853033746, 916900722, 1, 2, 1, 1
0, 16, 7, 17, 853033746, 916900722, 1, 1, 1, 1
0, 16, 7, 17, 853033746, 916900722, 1, 0, 1, 0
0, 16, 7, 17, 853033746, 916900722, 0, 2, 1, 1
0, 16, 7, 17, 853033746, 916900722, 0, 1, 1, 1
0, 17, 7, 17, 916900723, 939821328, 12, 2, 64102445, 0
0, 17, 7, 17, 916900723, 939821328, 12, 1, 58624038, 0
0, 17, 7, 17, 916900723, 939821328, 12, 0, 52660556, 0
0, 17, 7, 17, 916900723, 939821328, 11, 2, 57108694, 0
0, 17, 7, 17, 916900723, 939821328, 11, 1, 52969299, 0
0, 17, 7, 17, 916900723, 939821328, 11, 0, 50668459, 0
0, 17, 7, 17, 916900723, 939821328, 10, 2, 57098110, 0
0, 17, 7, 17, 916900723, 939821328, 10, 1, 52492704, 0
0, 17, 7, 17, 916900723, 939821328, 10, 0, 48585429, 0
0, 17, 7, 17, 916900723, 939821328, 9, 2, 54147713, 0
0, 17, 7, 17, 916900723, 939821328, 9, 1, 47152165, 0
0, 17, 7, 17, 916900723, 939821328, 9, 0, 46080080, 0
0, 17, 7, 17, 916900723, 939821328, 8, 2, 44420347, 0
0, 17, 7, 17, 916900723, 939821328, 8, 1, 36507195, 0
0, 17, 7, 17, 916900723, 939821328, 8, 0, 37287875, 0
0, 17, 7, 17, 916900723, 939821328, 7, 2, 35484845, 1
0, 17, 7, 17, 916900723, 939821328, 7, 1, 25886074, 1
0, 17, 7, 17, 916900723, 939821328, 7, 0, 25358325, 0
0, 17, 7, 17, 916900723, 939821328, 6, 2, 33144177, 1
0, 17, 7, 17, 916900723, 939821328, 6, 1, 25723503, 1
0, 17, 7, 17, 916900723, 939821328, 6, 0, 23787308, 0
0, 17, 7, 17, 916900723, 939821328, 5, 2, 22308909, 1
0, 17, 7, 17, 916900723, 939821328, 5, 1, 15661124, 1
0, 17, 7, 17, 916900723, 939821328, 5, 0, 20951263, 0
0, 17, 7, 17, 916900723, 939821328, 4, 2, 22377726, 1
0, 17, 7, 17, 916900723, 939821328, 4, 1, 13303602, 1
0, 17, 7, 17, 916900723, 939821328, 4, 0, 16409930, 0
0, 17, 7, 17, 916900723, 939821328, 3, 2, 26970502, 1
0, 17, 7, 17, 916900723, 939821328, 3, 1, 15187010, 1
0, 17, 7, 17, 916900723, 939821328, 3, 0, 21879906, 0
0, 17, 7, 17, 916900723, 939821328, 2, 2, 27079186, 1
0, 17, 7, 17, 916900723, 939821328, 2, 1, 13273717, 1
0, 17, 7, 17, 916900723, 939821328, 2, 0, 19561291, 0
0, 17, 7, 17, 916900723, 939821328, 1, 2, 30456965, 0
0, 17, 7, 17, 916900723, 939821328, 1, 1, 22122861, 0
0, 17, 7, 17, 916900723, 939821328, 1, 0, 39122581, 0
0, 17, 7, 17, 916900723, 939821328, 0, 2, 27688335, 1
0, 17, 7, 17, 916900723, 939821328, 0, 1, 27246003, 1
0, 18, 7, 17, 939821329, 974132648, 12, 2, 85781972, 1
0, 18, 7, 17, 939821329, 974132648, 12, 1, 65573245, 1
0, 18, 7, 17, 939821329, 974132648, 12, 0, 1, 0
0, 18, 7, 17, 939821329, 974132648, 11, 2, 76178051, 1
0, 18, 7, 17, 939821329, 974132648, 11, 1, 59580188, 1
0, 18, 7, 17, 939821329, 974132648, 11, 0, 1, 0
0, 18, 7, 17, 939821329, 974132648, 10, 2, 71509430, 1
0, 18, 7, 17, 939821329, 974132648, 10, 1, 54849309, 1
0, 18, 7, 17, 939821329, 974132648, 10, 0, 1, 0
0, 18, 7, 17, 939821329, 974132648, 9, 2, 71961030, 1
0, 18, 7, 17, 939821329, 974132648, 9, 1, 50021242, 1
0, 18, 7, 17, 939821329, 974132648, 9, 0, 1, 0
0, 18, 7, 17, 939821329, 974132648, 8, 2, 71848295, 1
0, 18, 7, 17, 939821329, 974132648, 8, 1, 55906094, 1
0, 18, 7, 17, 939821329, 974132648, 8, 0, 1, 0
0, 18, 7, 17, 939821329, 974132648, 7, 2, 62597785, 1
0, 18, 7, 17, 939821329, 974132648, 7, 1, 48653569, 1
0, 18, 7, 17, 939821329, 974132648, 7, 0, 1, 0
0, 18, 7, 17, 939821329, 974132648, 6, 2, 58575069, 1
0, 18, 7, 17, 939821329, 974132648, 6, 1, 51507961, 1
0, 18, 7, 17, 939821329, 974132648, 6, 0, 1, 0
0, 18, 7, 17, 939821329, 974132648, 5, 2, 68911845, 1
0, 18, 7, 17, 939821329, 974132648, 5, 1, 60873045, 1
0, 18, 7, 17, 939821329, 974132648, 5, 0, 1, 0
0, 18, 7, 17, 939821329, 974132648, 4, 2, 64135741, 1
0, 18, 7, 17, 939821329, 974132648, 4, 1, 59142174, 1
0, 18, 7, 17, 939821329, 974132648, 4, 0, 1, 0
0, 18, 7, 17, 939821329, 974132648, 3, 2, 47646354, 1
0, 18, 7, 17, 939821329, 974132648, 3, 1, 48430555, 1
0, 18, 7, 17, 939821329, 974132648, 3, 0, 1, 0
0, 18, 7, 17, 939821329, 974132648, 2, 2, 41949592, 1
0, 18, 7, 17, 939821329, 974132648, 2, 1, 30100146, 1
0, 18, 7, 17, 939821329, 974132648, 2, 0, 1, 0
0, 18, 7, 17, 939821329, 974132648, 1, 2, 1, 1
0, 18, 7, 17, 939821329, 974132648, 1, 1, 1, 1
0, 18, 7, 17, 939821329, 974132648, 1, 0, 1, 0
0, 18, 7, 17, 939821329, 974132648, 0, 2, 1, 1
0, 18, 7, 17, 939821329, 974132648, 0, 1, 1, 1
0, 19, 7, 17, 974132649, 1009051469, 12, 2, 92258903, 1
0, 19, 7, 17, 974132649, 1009051469, 12, 1, 74067697, 1
0, 19, 7, 17, 974132649, 1009051469, 12, 0, 1, 0
0, 19, 7, 17, 974132649, 1009051469, 11, 2, 86148001, 1
0, 19, 7, 17, 974132649, 1009051469, 11, 1, 68994477, 1
0, 19, 7, 17, 974132649, 1009051469, 11, 0, 1, 0
0, 19, 7, 17, 974132649, 1009051469, 10, 2, 80515475, 1
0, 19, 7, 17, 974132649, 1009051469, 10, 1, 65011163, 1
0, 19, 7, 17, 974132649, 1009051469, 10, 0, 1, 0
0, 19, 7, 17, 974132649, 1009051469, 9, 2, 81656777, 1
0, 19, 7, 17, 974132649, 1009051469, 9, 1, 60883461, 1
0, 19, 7, 17, 974132649, 1009051469, 9, 0, 1, 0
0, 19, 7, 17, 974132649, 1009051469, 8, 2, 81644209, 1
0, 19, 7, 17, 974132649, 1009051469, 8, 1, 68046221, 1
0, 19, 7, 17, 974132649, 1009051469, 8, 0, 1, 0
0, 19, 7, 17, 974132649, 1009051469, 7, 2, 73200143, 1
0, 19, 7, 17, 974132649, 1009051469, 7, 1, 62423160, 1
0, 19, 7, 17, 974132649, 1009051469, 7, 0, 1, 0
0, 19, 7, 17, 974132649, 1009051469, 6, 2, 64815748, 1
0, 19, 7, 17, 974132649, 1009051469, 6, 1, 61048469, 1
0, 19, 7, 17, 974132649, 1009051469, 6, 0, 1, 0
0, 19, 7, 17, 974132649, 1009051469, 5, 2, 76253821, 1
0, 19, 7, 17, 974132649, 1009051469, 5, 1, 72148190, 1
0, 19, 7, 17, 974132649, 1009051469, 5, 0, 1, 0
0, 19, 7, 17, 974132649, 1009051469, 4, 2, 68359253, 1
0, 19, 7, 17, 974132649, 1009051469, 4, 1, 68271975, 1
0, 19, 7, 17, 974132649, 1009051469, 4, 0, 1, 0
0, 19, 7, 17, 974132649, 1009051469, 3, 2, 55946207, 1
0, 19, 7, 17, 974132649, 1009051469, 3, 1, 56347132, 1
0, 19, 7, 17, 974132649, 1009051469, 3, 0, 1, 0
0, 19, 7, 17, 974132649, 1009051469, 2, 2, 53252995, 1
0, 19, 7, 17, 974132649, 1009051469, 2, 1, 41009121, 1
0, 19, 7, 17, 974132649, 1009051469, 2, 0, 1, 0
0, 19, 7, 17, 974132649, 1009051469, 1, 2, 1, 1
0, 19, 7, 17, 974132649, 1009051469, 1, 1, 1, 1
0, 19, 7, 17, 974132649, 1009051469, 1, 0, 1, 0
0, 19, 7, 17, 974132649, 1009051469, 0, 2, 1, 1
0, 19, 7, 17, 974132649, 1009051469, 0, 1, 1, 1
0, 20, 7, 17, 1009051470, 1104934432, 12, 2, 30319344, 1
0, 20, 7, 17, 1009051470, 1104934432, 12, 1, 25738744, 1
0, 20, 7, 17, 1009051470, 1104934432, 12, 0, 1, 0
0, 20, 7, 17, 1009051470, 1104934432, 11, 2, 22464549, 1
0, 20, 7, 17, 1009051470, 1104934432, 11, 1, 20107230, 1
0, 20, 7, 17, 1009051470, 1104934432, 11, 0, 1, 0
0, 20, 7, 17, 1009051470, 1104934432, 10, 2, 16910014, 1
0, 20, 7, 17, 1009051470, 1104934432, 10, 1, 14953683, 1
0, 20, 7, 17, 1009051470, 1104934432, 10, 0, 1, 0
0, 20, 7, 17, 1009051470, 1104934432, 9, 2, 17413688, 1
0, 20, 7, 17, 1009051470, 1104934432, 9, 1, 14626519, 1
0, 20, 7, 17, 1009051470, 1104934432, 9, 0, 1, 0
0, 20, 7, 17, 1009051470, 1104934432, 8, 2, 6235272, 1
0, 20, 7, 17, 1009051470, 1104934432, 8, 1, 5402309, 1
0, 20, 7, 17, 1009051470, 1104934432, 8, 0, 1, 0
0, 20, 7, 17, 1009051470, 1104934432, 7, 2, 5122183, 1
0, 20, 7, 17, 1009051470, 1104934432, 7, 1, 3401879, 1
0, 20, 7, 17, 1009051470, 1104934432, 7, 0, 1, 0
0, 20, 7, 17, 1009051470, 1104934432, 6, 2, 5890510, 1
0, 20, 7, 17, 1009051470, 1104934432, 6, 1, 3925245, 1
0, 20, 7, 17, 1009051470, 1104934432, 6, 0, 1, 0
0, 20, 7, 17, 1009051470, 1104934432, 5, 2, 6930012, 1
0, 20, 7, 17, 1009051470, 1104934432, 5, 1, 4638925, 1
0, 20, 7, 17, 1009051470, 1104934432, 5, 0, 1, 0
0, 20, 7, 17, 1009051470, 1104934432, 4, 2, 6269136, 1
0, 20, 7, 17, 1009051470, 1104934432, 4, 1, 3934564, 1
0, 20, 7, 17, 1009051470, 1104934432, 4, 0, 1, 0
0, 20, 7, 17, 1009051470, 1104934432, 3, 2, 3675378, 1
0, 20, 7, 17, 1009051470, 1104934432, 3, 1, 2038969, 1
0, 20, 7, 17, 1009051470, 1104934432, 3, 0, 1, 0
0, 20, 7, 17, 1009051470, 1104934432, 2, 2, 3269547, 1
0, 20, 7, 17, 1009051470, 1104934432, 2, 1, 1, 1
0, 20, 7, 17, 1009051470, 1104934432, 2, 0, 1, 0
0, 20, 7, 17, 1009051470, 1104934432, 1, 2, 5231275, 1
0, 20, 7, 17, 1009051470, 1104934432, 1, 1, 1, 1
0, 20, 7, 17, 1009051470, 1104934432, 1, 0, 1, 0
0, 20, 7, 17, 1009051470, 1104934432, 0, 2, 1, 1
0, 20, 7, 17, 1009051470, 1104934432, 0, 1, 1, 1
0, 21, 7, 17, 1104934433, 1142319600, 12, 2, 10750140, 1
0, 21, 7, 17, 1104934433, 1142319600, 12, 1, 8578743, 1
0, 21, 7, 17, 1104934433, 1142319600, 12, 0, 1, 0
0, 21, 7, 17, 1104934433, 1142319600, 11, 2, 10073086, 1
0, 21, 7, 17, 1104934433, 1142319600, 11, 1, 9324721, 1
0, 21, 7, 17, 1104934433, 1142319600, 11, 0, 1, 0
0, 21, 7, 17, 1104934433, 1142319600, 10, 2, 9898701, 1
0, 21, 7, 17, 1104934433, 1142319600, 10, 1, 9406689, 1
0, 21, 7, 17, 1104934433, 1142319600, 10, 0, 1, 0
0, 21, 7, 17, 1104934433, 1142319600, 9, 2, 9159041, 1
0, 21, 7, 17, 1104934433, 1142319600, 9, 1, 7881817, 1
0, 21, 7, 17, 1104934433, 1142319600, 9, 0, 1, 0
0, 21, 7, 17, 1104934433, 1142319600, 8, 2, 8695507, 1
0, 21, 7, 17, 1104934433, 1142319600, 8, 1, 6483853, 1
0, 21, 7, 17, 1104934433, 1142319600, 8, 0, 1, 0
0, 21, 7, 17, 1104934433, 1142319600, 7, 2, 7000109, 1
0, 21, 7, 17, 1104934433, 1142319600, 7, 1, 5499518, 1
0, 21, 7, 17, 1104934433, 1142319600, 7, 0, 1, 0
0, 21, 7, 17, 1104934433, 1142319600, 6, 2, 7455636, 1
0, 21, 7, 17, 1104934433, 1142319600, 6, 1, 5460823, 1
0, 21, 7, 17, 1104934433, 1142319600, 6, 0, 1, 0
0, 21, 7, 17, 1104934433, 1142319600, 5, 2, 3578111, 1
0, 21, 7, 17, 1104934433, 1142319600, 5, 1, 2751725, 1
0, 21, 7, 17, 1104934433, 1142319600, 5, 0, 1, 0
0, 21, 7, 17, 1104934433, 1142319600, 4, 2, 4344850, 1
0, 21, 7, 17, 1104934433, 1142319600, 4, 1, 3363219, 1
0, 21, 7, 17, 1104934433, 1142319600, 4, 0, 1, 0
0, 21, 7, 17, 1104934433, 1142319600, 3, 2, 5529808, 1
0, 21, 7, 17, 1104934433, 1142319600, 3, 1, 4324139, 1
0, 21, 7, 17, 1104934433, 1142319600, 3, 0, 1, 0
0, 21, 7, 17, 1104934433, 1142319600, 2, 2, 7603486, 1
0, 21, 7, 17, 1104934433, 1142319600, 2, 1, 6053795, 1
0, 21, 7, 17, 1104934433, 1142319600, 2, 0, 1, 0
0, 21, 7, 17, 1104934433, 1142319600, 1, 2, 8935776, 1
0, 21, 7, 17, 1104934433, 1142319600, 1, 1, 4706654, 1
0, 21, 7, 17, 1104934433, 1142319600, 1, 0, 1, 0
0, 21, 7, 17, 1104934433, 1142319600, 0, 2, 7059980, 1
0, 21, 7, 17, 1104934433, 1142319600, 0, 1, 14119960, 1
0, 22, 7, 17, 1142319601, 1166526799, 12, 2, 12522347, 1
0, 22, 7, 17, 1142319601, 1166526799, 12, 1, 8855619, 1
0, 22, 7, 17, 1142319601, 1166526799, 12, 0, 1, 0
0, 22, 7, 17, 1142319601, 1166526799, 11, 2, 11199442, 1
0, 22, 7, 17, 1142319601, 1166526799, 11, 1, 7769949, 1
0, 22, 7, 17, 1142319601, 1166526799, 11, 0, 1, 0
0, 22, 7, 17, 1142319601, 1166526799, 10, 2, 9960289, 1
0, 22, 7, 17, 1142319601, 1166526799, 10, 1, 6833212, 1
0, 22, 7, 17, 1142319601, 1166526799, 10, 0, 1, 0
0, 22, 7, 17, 1142319601, 1166526799, 9, 2, 8094805, 1
0, 22, 7, 17, 1142319601, 1166526799, 9, 1, 5196254, 1
0, 22, 7, 17, 1142319601, 1166526799, 9, 0, 1, 0
0, 22, 7, 17, 1142319601, 1166526799, 8, 2, 6670349, 1
0, 22, 7, 17, 1142319601, 1166526799, 8, 1, 3464892, 1
0, 22, 7, 17, 1142319601, 1166526799, 8, 0, 1, 0
0, 22, 7, 17, 1142319601, 1166526799, 7, 2, 4434059, 1
0, 22, 7, 17, 1142319601, 1166526799, 7, 1, 2091024, 1
0, 22, 7, 17, 1142319601, 1166526799, 7, 0, 1, 0
0, 22, 7, 17, 1142319601, 1166526799, 6, 2, 3078698, 1
0, 22, 7, 17, 1142319601, 1166526799, 6, 1, 2412720, 1
0, 22, 7, 17, 1142319601, 1166526799, 6, 0, 1, 0
0, 22, 7, 17, 1142319601, 1166526799, 5, 2, 2305585, 1
0, 22, 7, 17, 1142319601, 1166526799, 5, 1, 816941, 1
0, 22, 7, 17, 1142319601, 1166526799, 5, 0, 1, 0
0, 22, 7, 17, 1142319601, 1166526799, 4, 2, 2573746, 1
0, 22, 7, 17, 1142319601, 1166526799, 4, 1, 647094, 1
0, 22, 7, 17, 1142319601, 1166526799, 4, 0, 1, 0
0, 22, 7, 17, 1142319601, 1166526799, 3, 2, 3275677, 1
0, 22, 7, 17, 1142319601, 1166526799, 3, 1, 831978, 1
0, 22, 7, 17, 1142319601, 1166526799, 3, 0, 1, 0
0, 22, 7, 17, 1142319601, 1166526799, 2, 2, 4183427, 1
0, 22, 7, 17, 1142319601, 1166526799, 2, 1, 1164769, 1
0, 22, 7, 17, 1142319601, 1166526799, 2, 0, 1, 0
0, 22, 7, 17, 1142319601, 1166526799, 1, 2, 1, 1
0, 22, 7, 17, 1142319601, 1166526799, 1, 1, 1, 1
0, 22, 7, 17, 1142319601, 1166526799, 1, 0, 1, 0
0, 22, 7, 17, 1142319601, 1166526799, 0, 2, 1, 1
0, 22, 7, 17, 1142319601, 1166526799, 0, 1, 1, 1
0, 23, 7, 17, 1166526800, 1205376198, 12, 2, 333424619, 1
0, 23, 7, 17, 1166526800, 1205376198, 12, 1, 288088778, 1
0, 23, 7, 17, 1166526800, 1205376198, 12, 0, 149895967, 0
0, 23, 7, 17, 1166526800, 1205376198, 11, 2, 343952797, 1
0, 23, 7, 17, 1166526800, 1205376198, 11, 1, 299372971, 1
0, 23, 7, 17, 1166526800, 1205376198, 11, 0, 163522873, 0
0, 23, 7, 17, 1166526800, 1205376198, 10, 2, 345728839, 1
0, 23, 7, 17, 1166526800, 1205376198, 10, 1, 301782369, 1
0, 23, 7, 17, 1166526800, 1205376198, 10, 0, 166293225, 0
0, 23, 7, 17, 1166526800, 1205376198, 9, 2, 345393331, 1
0, 23, 7, 17, 1166526800, 1205376198, 9, 1, 301480060, 1
0, 23, 7, 17, 1166526800, 1205376198, 9, 0, 169679211, 0
0, 23, 7, 17, 1166526800, 1205376198, 8, 2, 350754614, 1
0, 23, 7, 17, 1166526800, 1205376198, 8, 1, 310500980, 1
0, 23, 7, 17, 1166526800, 1205376198, 8, 0, 173911693, 0
0, 23, 7, 17, 1166526800, 1205376198, 7, 2, 351377759, 1
0, 23, 7, 17, 1166526800, 1205376198, 7, 1, 312724200, 1
0, 23, 7, 17, 1166526800, 1205376198, 7, 0, 179353456, 0
0, 23, 7, 17, 1166526800, 1205376198, 6, 2, 354083411, 1
0, 23, 7, 17, 1166526800, 1205376198, 6, 1, 315592471, 1
0, 23, 7, 17, 1166526800, 1205376198, 6, 0, 186609140, 0
0, 23, 7, 17, 1166526800, 1205376198, 5, 2, 359152624, 1
0, 23, 7, 17, 1166526800, 1205376198, 5, 1, 325126801, 1
0, 23, 7, 17, 1166526800, 1205376198, 5, 0, 196767097, 0
0, 23, 7, 17, 1166526800, 1205376198, 4, 2, 364138391, 1
0, 23, 7, 17, 1166526800, 1205376198, 4, 1, 333097252, 1
0, 23, 7, 17, 1166526800, 1205376198, 4, 0, 212004033, 0
0, 23, 7, 17, 1166526800, 1205376198, 3, 2, 375201630, 1
0, 23, 7, 17, 1166526800, 1205376198, 3, 1, 351007563, 1
0, 23, 7, 17, 1166526800, 1205376198, 3, 0, 237398926, 0
0, 23, 7, 17, 1166526800, 1205376198, 2, 2, 391445401, 1
0, 23, 7, 17, 1166526800, 1205376198, 2, 1, 379246727, 1
0, 23, 7, 17, 1166526800, 1205376198, 2, 0, 288188713, 0
0, 23, 7, 17, 1166526800, 1205376198, 1, 2, 422949564, 0
0, 23, 7, 17, 1166526800, 1205376198, 1, 1, 439800366, 1
0, 23, 7, 17, 1166526800, 1205376198, 1, 0, 440558072, 0
0, 23, 7, 17, 1166526800, 1205376198, 0, 2, 430355056, 1
0, 23, 7, 17, 1166526800, 1205376198, 0, 1, 443497383, 1
0, 24, 7, 17, 1205376199, 1248949644, 12, 2, 344315880, 1
0, 24, 7, 17, 1205376199, 1248949644, 12, 1, 273428403, 1
0, 24, 7, 17, 1205376199, 1248949644, 12, 0, 42455651, 0
0, 24, 7, 17, 1205376199, 1248949644, 11, 2, 345793470, 1
0, 24, 7, 17, 1205376199, 1248949644, 11, 1, 274837003, 1
0, 24, 7, 17, 1205376199, 1248949644, 11, 0, 46315256, 0
0, 24, 7, 17, 1205376199, 1248949644, 10, 2, 350930799, 1
0, 24, 7, 17, 1205376199, 1248949644, 10, 1, 279538776, 1
0, 24, 7, 17, 1205376199, 1248949644, 10, 0, 50946782, 0
0, 24, 7, 17, 1205376199, 1248949644, 9, 2, 358067941, 1
0, 24, 7, 17, 1205376199, 1248949644, 9, 1, 287307054, 1
0, 24, 7, 17, 1205376199, 1248949644, 9, 0, 56607535, 0
0, 24, 7, 17, 1205376199, 1248949644, 8, 2, 365187775, 1
0, 24, 7, 17, 1205376199, 1248949644, 8, 1, 294948736, 1
0, 24, 7, 17, 1205376199, 1248949644, 8, 0, 63683477, 0
0, 24, 7, 17, 1205376199, 1248949644, 7, 2, 369124770, 1
0, 24, 7, 17, 1205376199, 1248949644, 7, 1, 299977966, 1
0, 24, 7, 17, 1205376199, 1248949644, 7, 0, 72781116, 0
0, 24, 7, 17, 1205376199, 1248949644, 6, 2, 373047582, 1
0, 24, 7, 17, 1205376199, 1248949644, 6, 1, 306554651, 1
0, 24, 7, 17, 1205376199, 1248949644, 6, 0, 84911302, 0
0, 24, 7, 17, 1205376199, 1248949644, 5, 2, 379919764, 1
0, 24, 7, 17, 1205376199, 1248949644, 5, 1, 316384714, 1
0, 24, 7, 17, 1205376199, 1248949644, 5, 0, 101893563, 0
0, 24, 7, 17, 1205376199, 1248949644, 4, 2, 387827786, 1
0, 24, 7, 17, 1205376199, 1248949644, 4, 1, 328058621, 1
0, 24, 7, 17, 1205376199, 1248949644, 4, 0, 127366953, 0
0, 24, 7, 17, 1205376199, 1248949644, 3, 2, 404532464, 1
0, 24, 7, 17, 1205376199, 1248949644, 3, 1, 354104110, 1
0, 24, 7, 17, 1205376199, 1248949644, 3, 0, 169822604, 0
0, 24, 7, 17, 1205376199, 1248949644, 2, 2, 435026049, 1
0, 24, 7, 17, 1205376199, 1248949644, 2, 1, 398405065, 1
0, 24, 7, 17, 1205376199, 1248949644, 2, 0, 254733906, 0
0, 24, 7, 17, 1205376199, 1248949644, 1, 2, 498431712, 0
0, 24, 7, 17, 1205376199, 1248949644, 1, 1, 496277912, 0
0, 24, 7, 17, 1205376199, 1248949644, 1, 0, 509467812, 0
0, 24, 7, 17, 1205376199, 1248949644, 0, 2, 505102220, 1
0, 24, 7, 17, 1205376199, 1248949644, 0, 1, 502641155, 1
0, 25, 7, 17, 1248949645, 1280465591, 12, 2, 347559365, 1
0, 25, 7, 17, 1248949645, 1280465591, 12, 1, 295419536, 1
0, 25, 7, 17, 1248949645, 1280465591, 12, 0, 127491252, 0
0, 25, 7, 17, 1248949645, 1280465591, 11, 2, 349040622, 1
0, 25, 7, 17, 1248949645, 1280465591, 11, 1, 299957595, 1
0, 25, 7, 17, 1248949645, 1280465591, 11, 0, 139081366, 0
0, 25, 7, 17, 1248949645, 1280465591, 10, 2, 352132532, 1
0, 25, 7, 17, 1248949645, 1280465591, 10, 1, 305261452, 1
0, 25, 7, 17, 1248949645, 1280465591, 10, 0, 152989503, 0
0, 25, 7, 17, 1248949645, 1280465591, 9, 2, 356801066, 1
0, 25, 7, 17, 1248949645, 1280465591, 9, 1, 313758569, 1
0, 25, 7, 17, 1248949645, 1280465591, 9, 0, 169988336, 0
0, 25, 7, 17, 1248949645, 1280465591, 8, 2, 355074466, 1
0, 25, 7, 17, 1248949645, 1280465591, 8, 1, 313417534, 1
0, 25, 7, 17, 1248949645, 1280465591, 8, 0, 172360404, 0
0, 25, 7, 17, 1248949645, 1280465591, 7, 2, 353900038, 1
0, 25, 7, 17, 1248949645, 1280465591, 7, 1, 313224439, 1
0, 25, 7, 17, 1248949645, 1280465591, 7, 0, 175410206, 0
0, 25, 7, 17, 1248949645, 1280465591, 6, 2, 354216256, 1
0, 25, 7, 17, 1248949645, 1280465591, 6, 1, 314864510, 1
0, 25, 7, 17, 1248949645, 1280465591, 6, 0, 179476608, 0
0, 25, 7, 17, 1248949645, 1280465591, 5, 2, 356076615, 1
0, 25, 7, 17, 1248949645, 1280465591, 5, 1, 317485230, 1
0, 25, 7, 17, 1248949645, 1280465591, 5, 0, 185169571, 0
0, 25, 7, 17, 1248949645, 1280465591, 4, 2, 361205960, 1
0, 25, 7, 17, 1248949645, 1280465591, 4, 1, 323766650, 1
0, 25, 7, 17, 1248949645, 1280465591, 4, 0, 193709016, 0
0, 25, 7, 17, 1248949645, 1280465591, 3, 2, 381939937, 1
0, 25, 7, 17, 1248949645, 1280465591, 3, 1, 348881075, 1
0, 25, 7, 17, 1248949645, 1280465591, 3, 0, 245190471, 0
0, 25, 7, 17, 1248949645, 1280465591, 2, 2, 396200300, 1
0, 25, 7, 17, 1248949645, 1280465591, 2, 1, 372892376, 1
0, 25, 7, 17, 1248949645, 1280465591, 2, 0, 292279811, 0
0, 25, 7, 17, 1248949645, 1280465591, 1, 2, 435005207, 1
0, 25, 7, 17, 1248949645, 1280465591, 1, 1, 429825284, 0
0, 25, 7, 17, 1248949645, 1280465591, 1, 0, 433547829, 0
0, 25, 7, 17, 1248949645, 1280465591, 0, 2, 435448786, 1
0, 25, 7, 17, 1248949645, 1280465591, 0, 1, 431295843, 1
0, 26, 7, 17, 1280465592, 1349180016, 12, 2, 481380528, 1
0, 26, 7, 17, 1280465592, 1349180016, 12, 1, 472500026, 1
0, 26, 7, 17, 1280465592, 1349180016, 12, 0, 388195920, 0
0, 26, 7, 17, 1280465592, 1349180016, 11, 2, 469202837, 1
0, 26, 7, 17, 1280465592, 1349180016, 11, 1, 462028355, 1
0, 26, 7, 17, 1280465592, 1349180016, 11, 0, 375798966, 0
0, 26, 7, 17, 1280465592, 1349180016, 10, 2, 467616110, 1
0, 26, 7, 17, 1280465592, 1349180016, 10, 1, 455089344, 1
0, 26, 7, 17, 1280465592, 1349180016, 10, 0, 372395352, 0
0, 26, 7, 17, 1280465592, 1349180016, 9, 2, 465519531, 1
0, 26, 7, 17, 1280465592, 1349180016, 9, 1, 447015415, 1
0, 26, 7, 17, 1280465592, 1349180016, 9, 0, 368235379, 0
0, 26, 7, 17, 1280465592, 1349180016, 8, 2, 453881881, 1
0, 26, 7, 17, 1280465592, 1349180016, 8, 1, 437837927, 1
0, 26, 7, 17, 1280465592, 1349180016, 8, 0, 363035414, 0
0, 26, 7, 17, 1280465592, 1349180016, 7, 2, 443184874, 1
0, 26, 7, 17, 1280465592, 1349180016, 7, 1, 427210113, 1
0, 26, 7, 17, 1280465592, 1349180016, 7, 0, 356349744, 0
0, 26, 7, 17, 1280465592, 1349180016, 6, 2, 435377855, 1
0, 26, 7, 17, 1280465592, 1349180016, 6, 1, 413551196, 1
0, 26, 7, 17, 1280465592, 1349180016, 6, 0, 347435517, 0
0, 26, 7, 17, 1280465592, 1349180016, 5, 2, 433963757, 1
0, 26, 7, 17, 1280465592, 1349180016, 5, 1, 409488024, 1
0, 26, 7, 17, 1280465592, 1349180016, 5, 0, 334955600, 0
0, 26, 7, 17, 1280465592, 1349180016, 4, 2, 413757094, 1
0, 26, 7, 17, 1280465592, 1349180016, 4, 1, 390004874, 1
0, 26, 7, 17, 1280465592, 1349180016, 4, 0, 316235724, 0
0, 26, 7, 17, 1280465592, 1349180016, 3, 2, 444881772, 1
0, 26, 7, 17, 1280465592, 1349180016, 3, 1, 436575409, 1
0, 26, 7, 17, 1280465592, 1349180016, 3, 0, 421647632, 0
0, 26, 7, 17, 1280465592, 1349180016, 2, 2, 444956242, 1
0, 26, 7, 17, 1280465592, 1349180016, 2, 1, 437433331, 1
0, 26, 7, 17, 1280465592, 1349180016, 2, 0, 427553896, 0
0, 26, 7, 17, 1280465592, 1349180016, 1, 2, 446797747, 0
0, 26, 7, 17, 1280465592, 1349180016, 1, 1, 441776018, 0
0, 26, 7, 17, 1280465592, 1349180016, 1, 0, 445272689, 0
0, 26, 7, 17, 1280465592, 1349180016, 0, 2, 435302251, 1
0, 26, 7, 17, 1280465592, 1349180016, 0, 1, 436075100, 1
0, 27, 7, 17, 1349180017, 1361806882, 12, 2, 10933697, 0
0, 27, 7, 17, 1349180017, 1361806882, 12, 1, 12719857, 0
0, 27, 7, 17, 1349180017, 1361806882, 12, 0, 15380243, 0
0, 27, 7, 17, 1349180017, 1361806882, 11, 2, 11870871, 0
0, 27, 7, 17, 1349180017, 1361806882, 11, 1, 13825931, 0
0, 27, 7, 17, 1349180017, 1361806882, 11, 0, 16778446, 0
0, 27, 7, 17, 1349180017, 1361806882, 10, 2, 12983765, 0
0, 27, 7, 17, 1349180017, 1361806882, 10, 1, 15142686, 0
0, 27, 7, 17, 1349180017, 1361806882, 10, 0, 18456291, 0
0, 27, 7, 17, 1349180017, 1361806882, 9, 2, 14326913, 0
0, 27, 7, 17, 1349180017, 1361806882, 9, 1, 16736653, 0
0, 27, 7, 17, 1349180017, 1361806882, 9, 0, 20506990, 0
0, 27, 7, 17, 1349180017, 1361806882, 8, 2, 15980018, 0
0, 27, 7, 17, 1349180017, 1361806882, 8, 1, 18705671, 0
0, 27, 7, 17, 1349180017, 1361806882, 8, 0, 23070364, 0
0, 27, 7, 17, 1349180017, 1361806882, 7, 2, 18064368, 0
0, 27, 7, 17, 1349180017, 1361806882, 7, 1, 21199761, 0
0, 27, 7, 17, 1349180017, 1361806882, 7, 0, 26366130, 0
0, 27, 7, 17, 1349180017, 1361806882, 6, 2, 17179289, 0
0, 27, 7, 17, 1349180017, 1361806882, 6, 1, 18930902, 0
0, 27, 7, 17, 1349180017, 1361806882, 6, 0, 18778037, 0
0, 27, 7, 17, 1349180017, 1361806882, 5, 2, 14626695, 0
0, 27, 7, 17, 1349180017, 1361806882, 5, 1, 18477727, 0
0, 27, 7, 17, 1349180017, 1361806882, 5, 0, 22533644, 0
0, 27, 7, 17, 1349180017, 1361806882, 4, 2, 14613077, 0
0, 27, 7, 17, 1349180017, 1361806882, 4, 1, 17687140, 0
0, 27, 7, 17, 1349180017, 1361806882, 4, 0, 17149369, 0
0, 27, 7, 17, 1349180017, 1361806882, 3, 2, 14604863, 0
0, 27, 7, 17, 1349180017, 1361806882, 3, 1, 18045430, 0
0, 27, 7, 17, 1349180017, 1361806882, 3, 0, 22865826, 0
0, 27, 7, 17, 1349180017, 1361806882, 2, 2, 9970299, 0
0, 27, 7, 17, 1349180017, 1361806882, 2, 1, 15952479, 0
0, 27, 7, 17, 1349180017, 1361806882, 2, 0, 24529655, 0
0, 27, 7, 17, 1349180017, 1361806882, 1, 2, 2977221, 0
0, 27, 7, 17, 1349180017, 1361806882, 1, 1, 4962035, 0
0, 27, 7, 17, 1349180017, 1361806882, 1, 0, 14886104, 0
0, 27, 7, 17, 1349180017, 1361806882, 0, 2, 1, 1
0, 27, 7, 17, 1349180017, 1361806882, 0, 1, 1, 1
0, 28, 7, 17, 1361806883, 1412902091, 12, 2, 424176405, 1
0, 28, 7, 17, 1361806883, 1412902091, 12, 1, 408028102, 1
0, 28, 7, 17, 1361806883, 1412902091, 12, 0, 381006791, 0
0, 28, 7, 17, 1361806883, 1412902091, 11, 2, 424580635, 1
0, 28, 7, 17, 1361806883, 1412902091, 11, 1, 407942896, 1
0, 28, 7, 17, 1361806883, 1412902091, 11, 0, 381418249, 0
0, 28, 7, 17, 1361806883, 1412902091, 10, 2, 423969637, 1
0, 28, 7, 17, 1361806883, 1412902091, 10, 1, 409611942, 1
0, 28, 7, 17, 1361806883, 1412902091, 10, 0, 381278957, 0
0, 28, 7, 17, 1361806883, 1412902091, 9, 2, 428810063, 1
0, 28, 7, 17, 1361806883, 1412902091, 9, 1, 413496288, 1
0, 28, 7, 17, 1361806883, 1412902091, 9, 0, 380123289, 0
0, 28, 7, 17, 1361806883, 1412902091, 8, 2, 437697627, 1
0, 28, 7, 17, 1361806883, 1412902091, 8, 1, 421008831, 1
0, 28, 7, 17, 1361806883, 1412902091, 8, 0, 387093943, 0
0, 28, 7, 17, 1361806883, 1412902091, 7, 2, 438569030, 1
0, 28, 7, 17, 1361806883, 1412902091, 7, 1, 424799047, 1
0, 28, 7, 17, 1361806883, 1412902091, 7, 0, 391847378, 0
0, 28, 7, 17, 1361806883, 1412902091, 6, 2, 432204786, 1
0, 28, 7, 17, 1361806883, 1412902091, 6, 1, 417112419, 1
0, 28, 7, 17, 1361806883, 1412902091, 6, 0, 373848695, 0
0, 28, 7, 17, 1361806883, 1412902091, 5, 2, 426538434, 1
0, 28, 7, 17, 1361806883, 1412902091, 5, 1, 409271068, 1
0, 28, 7, 17, 1361806883, 1412902091, 5, 0, 358717819, 0
0, 28, 7, 17, 1361806883, 1412902091, 4, 2, 418879510, 1
0, 28, 7, 17, 1361806883, 1412902091, 4, 1, 400822067, 1
0, 28, 7, 17, 1361806883, 1412902091, 4, 0, 332946905, 0
0, 28, 7, 17, 1361806883, 1412902091, 3, 2, 454036856, 1
0, 28, 7, 17, 1361806883, 1412902091, 3, 1, 457979161, 1
0, 28, 7, 17, 1361806883, 1412902091, 3, 0, 443929207, 0
0, 28, 7, 17, 1361806883, 1412902091, 2, 2, 460490248, 1
0, 28, 7, 17, 1361806883, 1412902091, 2, 1, 458367312, 1
0, 28, 7, 17, 1361806883, 1412902091, 2, 0, 438883291, 0
0, 28, 7, 17, 1361806883, 1412902091, 1, 2, 460469520, 1
0, 28, 7, 17, 1361806883, 1412902091, 1, 1, 462044499, 1
0, 28, 7, 17, 1361806883, 1412902091, 1, 0, 438075903, 0
0, 28, 7, 17, 1361806883, 1412902091, 0, 2, 470514030, 1
0, 28, 7, 17, 1361806883, 1412902091, 0, 1, 469427258, 1
0, 29, 7, 17, 1412902092, 1439659334, 12, 2, 472270516, 1
0, 29, 7, 17, 1412902092, 1439659334, 12, 1, 457857863, 1
0, 29, 7, 17, 1412902092, 1439659334, 12, 0, 448979466, 0
0, 29, 7, 17, 1412902092, 1439659334, 11, 2, 464129859, 1
0, 29, 7, 17, 1412902092, 1439659334, 11, 1, 449254857, 1
0, 29, 7, 17, 1412902092, 1439659334, 11, 0, 442135308, 0
0, 29, 7, 17, 1412902092, 1439659334, 10, 2, 458179542, 1
0, 29, 7, 17, 1412902092, 1439659334, 10, 1, 440783665, 1
0, 29, 7, 17, 1412902092, 1439659334, 10, 0, 433289276, 0
0, 29, 7, 17, 1412902092, 1439659334, 9, 2, 451270876, 1
0, 29, 7, 17, 1412902092, 1439659334, 9, 1, 432392987, 1
0, 29, 7, 17, 1412902092, 1439659334, 9, 0, 421492038, 0
0, 29, 7, 17, 1412902092, 1439659334, 8, 2, 445698020, 1
0, 29, 7, 17, 1412902092, 1439659334, 8, 1, 424742265, 1
0, 29, 7, 17, 1412902092, 1439659334, 8, 0, 415160729, 0
0, 29, 7, 17, 1412902092, 1439659334, 7, 2, 438411874, 1
0, 29, 7, 17, 1412902092, 1439659334, 7, 1, 414318863, 1
0, 29, 7, 17, 1412902092, 1439659334, 7, 0, 402811640, 0
0, 29, 7, 17, 1412902092, 1439659334, 6, 2, 433952088, 1
0, 29, 7, 17, 1412902092, 1439659334, 6, 1, 407818346, 1
0, 29, 7, 17, 1412902092, 1439659334, 6, 0, 401168698, 0
0, 29, 7, 17, 1412902092, 1439659334, 5, 2, 426411540, 1
0, 29, 7, 17, 1412902092, 1439659334, 5, 1, 395741571, 1
0, 29, 7, 17, 1412902092, 1439659334, 5, 0, 389580733, 0
0, 29, 7, 17, 1412902092, 1439659334, 4, 2, 433136271, 1
0, 29, 7, 17, 1412902092, 1439659334, 4, 1, 406142185, 1
0, 29, 7, 17, 1412902092, 1439659334, 4, 0, 363599519, 0
0, 29, 7, 17, 1412902092, 1439659334, 3, 2, 473453081, 0
0, 29, 7, 17, 1412902092, 1439659334, 3, 1, 468745102, 0
0, 29, 7, 17, 1412902092, 1439659334, 3, 0, 472003316, 0
0, 29, 7, 17, 1412902092, 1439659334, 2, 2, 471883615, 0
0, 29, 7, 17, 1412902092, 1439659334, 2, 1, 466173682, 0
0, 29, 7, 17, 1412902092, 1439659334, 2, 0, 467486877, 0
0, 29, 7, 17, 1412902092, 1439659334, 1, 2, 471193792, 0
0, 29, 7, 17, 1412902092, 1439659334, 1, 1, 466445597, 0
0, 29, 7, 17, 1412902092, 1439659334, 1, 0, 479050878, 0
0, 29, 7, 17, 1412902092, 1439659334, 0, 2, 465517990, 1
0, 29, 7, 17, 1412902092, 1439659334, 0, 1, 466283589, 1
0, 30, 7, 17, 1439659335, 1481508853, 12, 2, 228000218, 1
0, 30, 7, 17, 1439659335, 1481508853, 12, 1, 231043967, 1
0, 30, 7, 17, 1439659335, 1481508853, 12, 0, 238027384, 0
0, 30, 7, 17, 1439659335, 1481508853, 11, 2, 221442095, 1
0, 30, 7, 17, 1439659335, 1481508853, 11, 1, 222197632, 1
0, 30, 7, 17, 1439659335, 1481508853, 11, 0, 221811479, 0
0, 30, 7, 17, 1439659335, 1481508853, 10, 2, 216967992, 1
0, 30, 7, 17, 1439659335, 1481508853, 10, 1, 216592341, 1
0, 30, 7, 17, 1439659335, 1481508853, 10, 0, 224949901, 0
0, 30, 7, 17, 1439659335, 1481508853, 9, 2, 220296239, 1
0, 30, 7, 17, 1439659335, 1481508853, 9, 1, 220409772, 1
0, 30, 7, 17, 1439659335, 1481508853, 9, 0, 227800329, 0
0, 30, 7, 17, 1439659335, 1481508853, 8, 2, 227322659, 1
0, 30, 7, 17, 1439659335, 1481508853, 8, 1, 227839656, 1
0, 30, 7, 17, 1439659335, 1481508853, 8, 0, 239778601, 0
0, 30, 7, 17, 1439659335, 1481508853, 7, 2, 223084573, 1
0, 30, 7, 17, 1439659335, 1481508853, 7, 1, 227720670, 1
0, 30, 7, 17, 1439659335, 1481508853, 7, 0, 250970404, 0
0, 30, 7, 17, 1439659335, 1481508853, 6, 2, 219262813, 1
0, 30, 7, 17, 1439659335, 1481508853, 6, 1, 229847128, 1
0, 30, 7, 17, 1439659335, 1481508853, 6, 0, 251331612, 0
0, 30, 7, 17, 1439659335, 1481508853, 5, 2, 208607460, 1
0, 30, 7, 17, 1439659335, 1481508853, 5, 1, 225747242, 1
0, 30, 7, 17, 1439659335, 1481508853, 5, 0, 264086762, 0
0, 30, 7, 17, 1439659335, 1481508853, 4, 2, 219001143, 1
0, 30, 7, 17, 1439659335, 1481508853, 4, 1, 241321411, 1
0, 30, 7, 17, 1439659335, 1481508853, 4, 0, 252276712, 0
0, 30, 7, 17, 1439659335, 1481508853, 3, 2, 219912539, 0
0, 30, 7, 17, 1439659335, 1481508853, 3, 1, 251134042, 0
0, 30, 7, 17, 1439659335, 1481508853, 3, 0, 302983103, 0
0, 30, 7, 17, 1439659335, 1481508853, 2, 2, 209107075, 0
0, 30, 7, 17, 1439659335, 1481508853, 2, 1, 237229353, 0
0, 30, 7, 17, 1439659335, 1481508853, 2, 0, 316954287, 0
0, 30, 7, 17, 1439659335, 1481508853, 1, 2, 272305927, 0
0, 30, 7, 17, 1439659335, 1481508853, 1, 1, 291606601, 0
0, 30, 7, 17, 1439659335, 1481508853, 1, 0, 322581612, 0
0, 30, 7, 17, 1439659335, 1481508853, 0, 2, 293898634, 1
0, 30, 7, 17, 1439659335, 1481508853, 0, 1, 276110268, 1
0, 31, 7, 17, 1481508854, 1551170356, 12, 2, 471662080, 1
0, 31, 7, 17, 1481508854, 1551170356, 12, 1, 465595846, 0
0, 31, 7, 17, 1481508854, 1551170356, 12, 0, 472604580, 0
0, 31, 7, 17, 1481508854, 1551170356, 11, 2, 465835890, 1
0, 31, 7, 17, 1481508854, 1551170356, 11, 1, 460952477, 0
0, 31, 7, 17, 1481508854, 1551170356, 11, 0, 473645200, 0
0, 31, 7, 17, 1481508854, 1551170356, 10, 2, 461953654, 1
0, 31, 7, 17, 1481508854, 1551170356, 10, 1, 457891162, 1
0, 31, 7, 17, 1481508854, 1551170356, 10, 0, 467551538, 0
0, 31, 7, 17, 1481508854, 1551170356, 9, 2, 454085945, 1
0, 31, 7, 17, 1481508854, 1551170356, 9, 1, 449451356, 1
0, 31, 7, 17, 1481508854, 1551170356, 9, 0, 459831883, 0
0, 31, 7, 17, 1481508854, 1551170356, 8, 2, 448377960, 1
0, 31, 7, 17, 1481508854, 1551170356, 8, 1, 443338538, 1
0, 31, 7, 17, 1481508854, 1551170356, 8, 0, 457794781, 0
0, 31, 7, 17, 1481508854, 1551170356, 7, 2, 446498715, 1
0, 31, 7, 17, 1481508854, 1551170356, 7, 1, 439414742, 1
0, 31, 7, 17, 1481508854, 1551170356, 7, 0, 450966817, 0
0, 31, 7, 17, 1481508854, 1551170356, 6, 2, 432951041, 1
0, 31, 7, 17, 1481508854, 1551170356, 6, 1, 424149990, 1
0, 31, 7, 17, 1481508854, 1551170356, 6, 0, 433774207, 0
0, 31, 7, 17, 1481508854, 1551170356, 5, 2, 416588946, 1
0, 31, 7, 17, 1481508854, 1551170356, 5, 1, 405648289, 1
0, 31, 7, 17, 1481508854, 1551170356, 5, 0, 414186966, 0
0, 31, 7, 17, 1481508854, 1551170356, 4, 2, 413136249, 1
0, 31, 7, 17, 1481508854, 1551170356, 4, 1, 408573888, 1
0, 31, 7, 17, 1481508854, 1551170356, 4, 0, 398383045, 0
0, 31, 7, 17, 1481508854, 1551170356, 3, 2, 433682071, 0
0, 31, 7, 17, 1481508854, 1551170356, 3, 1, 452346159, 0
0, 31, 7, 17, 1481508854, 1551170356, 3, 0, 531177394, 0
0, 31, 7, 17, 1481508854, 1551170356, 2, 2, 398224879, 0
0, 31, 7, 17, 1481508854, 1551170356, 2, 1, 420052742, 0
0, 31, 7, 17, 1481508854, 1551170356, 2, 0, 533435572, 0
0, 31, 7, 17, 1481508854, 1551170356, 1, 2, 509705998, 0
0, 31, 7, 17, 1481508854, 1551170356, 1, 1, 504849136, 0
0, 31, 7, 17, 1481508854, 1551170356, 1, 0, 532707578, 0
0, 31, 7, 17, 1481508854, 1551170356, 0, 2, 490037710, 1
0, 31, 7, 17, 1481508854, 1551170356, 0, 1, 468162516, 1
0, 32, 7, 17, 1551170357, 1600614109, 12, 2, 26175494, 0
0, 32, 7, 17, 1551170357, 1600614109, 12, 1, 25919400, 0
0, 32, 7, 17, 1551170357, 1600614109, 12, 0, 19503507, 0
0, 32, 7, 17, 1551170357, 1600614109, 11, 2, 23009152, 0
0, 32, 7, 17, 1551170357, 1600614109, 11, 1, 23509756, 0
0, 32, 7, 17, 1551170357, 1600614109, 11, 0, 17735361, 0
0, 32, 7, 17, 1551170357, 1600614109, 10, 2, 22065864, 0
0, 32, 7, 17, 1551170357, 1600614109, 10, 1, 22465241, 0
0, 32, 7, 17, 1551170357, 1600614109, 10, 0, 16073193, 0
0, 32, 7, 17, 1551170357, 1600614109, 9, 2, 20087518, 0
0, 32, 7, 17, 1551170357, 1600614109, 9, 1, 21295487, 0
0, 32, 7, 17, 1551170357, 1600614109, 9, 0, 17859103, 0
0, 32, 7, 17, 1551170357, 1600614109, 8, 2, 17031887, 0
0, 32, 7, 17, 1551170357, 1600614109, 8, 1, 19860841, 0
0, 32, 7, 17, 1551170357, 1600614109, 8, 0, 20091491, 0
0, 32, 7, 17, 1551170357, 1600614109, 7, 2, 12227108, 0
0, 32, 7, 17, 1551170357, 1600614109, 7, 1, 14856448, 0
0, 32, 7, 17, 1551170357, 1600614109, 7, 0, 12840478, 0
0, 32, 7, 17, 1551170357, 1600614109, 6, 2, 9651851, 0
0, 32, 7, 17, 1551170357, 1600614109, 6, 1, 10358483, 0
0, 32, 7, 17, 1551170357, 1600614109, 6, 0, 12644052, 0
0, 32, 7, 17, 1551170357, 1600614109, 5, 2, 2788304, 0
0, 32, 7, 17, 1551170357, 1600614109, 5, 1, 2534889, 0
0, 32, 7, 17, 1551170357, 1600614109, 5, 0, 4619029, 0
0, 32, 7, 17, 1551170357, 1600614109, 4, 2, 815137, 0
0, 32, 7, 17, 1551170357, 1600614109, 4, 1, 1267991, 0
0, 32, 7, 17, 1551170357, 1600614109, 4, 0, 2852979, 0
0, 32, 7, 17, 1551170357, 1600614109, 3, 2, 1037447, 0
0, 32, 7, 17, 1551170357, 1600614109, 3, 1, 1630274, 0
0, 32, 7, 17, 1551170357, 1600614109, 3, 0, 3803972, 0
0, 32, 7, 17, 1551170357, 1600614109, 2, 2, 116265, 0
0, 32, 7, 17, 1551170357, 1600614109, 2, 1, 186024, 0
0, 32, 7, 17, 1551170357, 1600614109, 2, 0, 465060, 0
0, 32, 7, 17, 1551170357, 1600614109, 1, 2, 186024, 0
0, 32, 7, 17, 1551170357, 1600614109, 1, 1, 310040, 0
0, 32, 7, 17, 1551170357, 1600614109, 1, 0, 930120, 0
0, 32, 7, 17, 1551170357, 1600614109, 0, 2, 1, 1
0, 32, 7, 17, 1551170357, 1600614109, 0, 1, 1, 1
0, 33, 7, 17, 1600614110, 1626251094, 12, 2, 28583600, 0
0, 33, 7, 17, 1600614110, 1626251094, 12, 1, 23010537, 0
0, 33, 7, 17, 1600614110, 1626251094, 12, 0, 15416173, 0
0, 33, 7, 17, 1600614110, 1626251094, 11, 2, 27657297, 0
0, 33, 7, 17, 1600614110, 1626251094, 11, 1, 23515737, 0
0, 33, 7, 17, 1600614110, 1626251094, 11, 0, 16817643, 0
0, 33, 7, 17, 1600614110, 1626251094, 10, 2, 26354036, 0
0, 33, 7, 17, 1600614110, 1626251094, 10, 1, 21871621, 0
0, 33, 7, 17, 1600614110, 1626251094, 10, 0, 10916291, 0
0, 33, 7, 17, 1600614110, 1626251094, 9, 2, 26952532, 0
0, 33, 7, 17, 1600614110, 1626251094, 9, 1, 20926228, 0
0, 33, 7, 17, 1600614110, 1626251094, 9, 0, 12129212, 0
0, 33, 7, 17, 1600614110, 1626251094, 8, 2, 24203615, 0
0, 33, 7, 17, 1600614110, 1626251094, 8, 1, 19017157, 0
0, 33, 7, 17, 1600614110, 1626251094, 8, 0, 13645363, 0
0, 33, 7, 17, 1600614110, 1626251094, 7, 2, 20616470, 0
0, 33, 7, 17, 1600614110, 1626251094, 7, 1, 17757800, 0
0, 33, 7, 17, 1600614110, 1626251094, 7, 0, 15594701, 0
0, 33, 7, 17, 1600614110, 1626251094, 6, 2, 17755558, 0
0, 33, 7, 17, 1600614110, 1626251094, 6, 1, 14155805, 0
0, 33, 7, 17, 1600614110, 1626251094, 6, 0, 11130931, 0
0, 33, 7, 17, 1600614110, 1626251094, 5, 2, 15122097, 0
0, 33, 7, 17, 1600614110, 1626251094, 5, 1, 13129421, 0
0, 33, 7, 17, 1600614110, 1626251094, 5, 0, 11339507, 0
0, 33, 7, 17, 1600614110, 1626251094, 4, 2, 9680266, 0
0, 33, 7, 17, 1600614110, 1626251094, 4, 1, 7831911, 0
0, 33, 7, 17, 1600614110, 1626251094, 4, 0, 14174384, 0
0, 33, 7, 17, 1600614110, 1626251094, 3, 2, 9807604, 0
0, 33, 7, 17, 1600614110, 1626251094, 3, 1, 6121018, 0
0, 33, 7, 17, 1600614110, 1626251094, 3, 0, 9685819, 0
0, 33, 7, 17, 1600614110, 1626251094, 2, 2, 8175564, 0
0, 33, 7, 17, 1600614110, 1626251094, 2, 1, 7738054, 0
0, 33, 7, 17, 1600614110, 1626251094, 2, 0, 14528729, 0
0, 33, 7, 17, 1600614110, 1626251094, 1, 2, 6803847, 1
0, 33, 7, 17, 1600614110, 1626251094, 1, 1, 3210937, 1
0, 33, 7, 17, 1600614110, 1626251094, 1, 0, 1, 0
0, 33, 7, 17, 1600614110, 1626251094, 0, 2, 6863964, 1
0, 33, 7, 17, 1600614110, 1626251094, 0, 1, 9632810, 1
0, 34, 7, 17, 1626251095, 1682886586, 12, 2, 6318913, 1
0, 34, 7, 17, 1626251095, 1682886586, 12, 1, 6779091, 1
0, 34, 7, 17, 1626251095, 1682886586, 12, 0, 1, 0
0, 34, 7, 17, 1626251095, 1682886586, 11, 2, 6860534, 1
0, 34, 7, 17, 1626251095, 1682886586, 11, 1, 7368577, 1
0, 34, 7, 17, 1626251095, 1682886586, 11, 0, 1, 0
0, 34, 7, 17, 1626251095, 1682886586, 10, 2, 7503709, 1
0, 34, 7, 17, 1626251095, 1682886586, 10, 1, 8070346, 1
0, 34, 7, 17, 1626251095, 1682886586, 10, 0, 1, 0
0, 34, 7, 17, 1626251095, 1682886586, 9, 2, 7954627, 1
0, 34, 7, 17, 1626251095, 1682886586, 9, 1, 8423303, 1
0, 34, 7, 17, 1626251095, 1682886586, 9, 0, 1, 0
0, 34, 7, 17, 1626251095, 1682886586, 8, 2, 8146738, 1
0, 34, 7, 17, 1626251095, 1682886586, 8, 1, 8859310, 1
0, 34, 7, 17, 1626251095, 1682886586, 8, 0, 1, 0
0, 34, 7, 17, 1626251095, 1682886586, 7, 2, 9096231, 1
0, 34, 7, 17, 1626251095, 1682886586, 7, 1, 10040551, 1
0, 34, 7, 17, 1626251095, 1682886586, 7, 0, 1, 0
0, 34, 7, 17, 1626251095, 1682886586, 6, 2, 9988940, 1
0, 34, 7, 17, 1626251095, 1682886586, 6, 1, 11585251, 1
0, 34, 7, 17, 1626251095, 1682886586, 6, 0, 1, 0
0, 34, 7, 17, 1626251095, 1682886586, 5, 2, 10261999, 1
0, 34, 7, 17, 1626251095, 1682886586, 5, 1, 11389403, 1
0, 34, 7, 17, 1626251095, 1682886586, 5, 0, 1, 0
0, 34, 7, 17, 1626251095, 1682886586, 4, 2, 12460998, 1
0, 34, 7, 17, 1626251095, 1682886586, 4, 1, 13920381, 1
0, 34, 7, 17, 1626251095, 1682886586, 4, 0, 1, 0
0, 34, 7, 17, 1626251095, 1682886586, 3, 2, 10415993, 1
0, 34, 7, 17, 1626251095, 1682886586, 3, 1, 9343626, 1
0, 34, 7, 17, 1626251095, 1682886586, 3, 0, 1, 0
0, 34, 7, 17, 1626251095, 1682886586, 2, 2, 2502341, 1
0, 34, 7, 17, 1626251095, 1682886586, 2, 1, 4003746, 1
0, 34, 7, 17, 1626251095, 1682886586, 2, 0, 1, 0
0, 34, 7, 17, 1626251095, 1682886586, 1, 2, 4003746, 1
0, 34, 7, 17, 1626251095, 1682886586, 1, 1, 6672909, 1
0, 34, 7, 17, 1626251095, 1682886586, 1, 0, 1, 0
0, 34, 7, 17, 1626251095, 1682886586, 0, 2, 1, 1
0, 34, 7, 17, 1626251095, 1682886586, 0, 1, 1, 1
0, 35, 7, 17, 1682886587, 1732856602, 12, 2, 23034250, 0
0, 35, 7, 17, 1682886587, 1732856602, 12, 1, 19244299, 0
0, 35, 7, 17, 1682886587, 1732856602, 12, 0, 18009931, 0
0, 35, 7, 17, 1682886587, 1732856602, 11, 2, 20921957, 0
0, 35, 7, 17, 1682886587, 1732856602, 11, 1, 18881530, 0
0, 35, 7, 17, 1682886587, 1732856602, 11, 0, 19647197, 0
0, 35, 7, 17, 1682886587, 1732856602, 10, 2, 18457737, 0
0, 35, 7, 17, 1682886587, 1732856602, 10, 1, 13935917, 0
0, 35, 7, 17, 1682886587, 1732856602, 10, 0, 14017181, 0
0, 35, 7, 17, 1682886587, 1732856602, 9, 2, 17317310, 0
0, 35, 7, 17, 1682886587, 1732856602, 9, 1, 14751731, 0
0, 35, 7, 17, 1682886587, 1732856602, 9, 0, 15574646, 0
0, 35, 7, 17, 1682886587, 1732856602, 8, 2, 15586432, 0
0, 35, 7, 17, 1682886587, 1732856602, 8, 1, 12476735, 0
0, 35, 7, 17, 1682886587, 1732856602, 8, 0, 17521477, 0
0, 35, 7, 17, 1682886587, 1732856602, 7, 2, 15203783, 0
0, 35, 7, 17, 1682886587, 1732856602, 7, 1, 12354710, 0
0, 35, 7, 17, 1682886587, 1732856602, 7, 0, 16211750, 0
0, 35, 7, 17, 1682886587, 1732856602, 6, 2, 14597312, 0
0, 35, 7, 17, 1682886587, 1732856602, 6, 1, 12027404, 0
0, 35, 7, 17, 1682886587, 1732856602, 6, 0, 14086309, 0
0, 35, 7, 17, 1682886587, 1732856602, 5, 2, 13776738, 0
0, 35, 7, 17, 1682886587, 1732856602, 5, 1, 11862121, 0
0, 35, 7, 17, 1682886587, 1732856602, 5, 0, 16903570, 0
0, 35, 7, 17, 1682886587, 1732856602, 4, 2, 10231831, 0
0, 35, 7, 17, 1682886587, 1732856602, 4, 1, 10059017, 0
0, 35, 7, 17, 1682886587, 1732856602, 4, 0, 11141419, 0
0, 35, 7, 17, 1682886587, 1732856602, 3, 2, 7300945, 1
0, 35, 7, 17, 1682886587, 1732856602, 3, 1, 3942273, 1
0, 35, 7, 17, 1682886587, 1732856602, 3, 0, 1, 0
0, 35, 7, 17, 1682886587, 1732856602, 2, 2, 6563126, 1
0, 35, 7, 17, 1682886587, 1732856602, 2, 1, 651399, 1
0, 35, 7, 17, 1682886587, 1732856602, 2, 0, 1, 0
0, 35, 7, 17, 1682886587, 1732856602, 1, 2, 10501002, 1
0, 35, 7, 17, 1682886587, 1732856602, 1, 1, 1085665, 1
0, 35, 7, 17, 1682886587, 1732856602, 1, 0, 1, 0
0, 35, 7, 17, 1682886587, 1732856602, 0, 2, 8262958, 1
0, 35, 7, 17, 1682886587, 1732856602, 0, 1, 1, 1
0, 36, 7, 17, 1732856603, 1750612934, 12, 2, 11870508, 0
0, 36, 7, 17, 1732856603, 1750612934, 12, 1, 10136877, 0
0, 36, 7, 17, 1732856603, 1750612934, 12, 0, 11569434, 0
0, 36, 7, 17, 1732856603, 1750612934, 11, 2, 6006304, 0
0, 36, 7, 17, 1732856603, 1750612934, 11, 1, 5438202, 0
0, 36, 7, 17, 1732856603, 1750612934, 11, 0, 3199832, 0
0, 36, 7, 17, 1732856603, 1750612934, 10, 2, 5022843, 0
0, 36, 7, 17, 1732856603, 1750612934, 10, 1, 3599477, 0
0, 36, 7, 17, 1732856603, 1750612934, 10, 0, 1884106, 0
0, 36, 7, 17, 1732856603, 1750612934, 9, 2, 2848252, 0
0, 36, 7, 17, 1732856603, 1750612934, 9, 1, 3978369, 0
0, 36, 7, 17, 1732856603, 1750612934, 9, 0, 2093451, 0
0, 36, 7, 17, 1732856603, 1750612934, 8, 2, 2113635, 0
0, 36, 7, 17, 1732856603, 1750612934, 8, 1, 2820249, 0
0, 36, 7, 17, 1732856603, 1750612934, 8, 0, 2355132, 0
0, 36, 7, 17, 1732856603, 1750612934, 7, 2, 2389327, 0
0, 36, 7, 17, 1732856603, 1750612934, 7, 1, 3196282, 0
0, 36, 7, 17, 1732856603, 1750612934, 7, 0, 2691580, 0
0, 36, 7, 17, 1732856603, 1750612934, 6, 2, 2747726, 0
0, 36, 7, 17, 1732856603, 1750612934, 6, 1, 3688017, 0
0, 36, 7, 17, 1732856603, 1750612934, 6, 0, 3140176, 0
0, 36, 7, 17, 1732856603, 1750612934, 5, 2, 1981252, 0
0, 36, 7, 17, 1732856603, 1750612934, 5, 1, 2424636, 0
0, 36, 7, 17, 1732856603, 1750612934, 5, 0, 3768212, 0
0, 36, 7, 17, 1732856603, 1750612934, 4, 2, 481278, 0
0, 36, 7, 17, 1732856603, 1750612934, 4, 1, 748654, 0
0, 36, 7, 17, 1732856603, 1750612934, 4, 0, 1684471, 0
0, 36, 7, 17, 1732856603, 1750612934, 3, 2, 612535, 0
0, 36, 7, 17, 1732856603, 1750612934, 3, 1, 962555, 0
0, 36, 7, 17, 1732856603, 1750612934, 3, 0, 2245962, 0
0, 36, 7, 17, 1732856603, 1750612934, 2, 2, 842236, 0
0, 36, 7, 17, 1732856603, 1750612934, 2, 1, 1347577, 0
0, 36, 7, 17, 1732856603, 1750612934, 2, 0, 3368942, 0
0, 36, 7, 17, 1732856603, 1750612934, 1, 2, 1, 1
0, 36, 7, 17, 1732856603, 1750612934, 1, 1, 1, 1
0, 36, 7, 17, 1732856603, 1750612934, 1, 0, 1, 0
0, 36, 7, 17, 1732856603, 1750612934, 0, 2, 1, 1
0, 36, 7, 17, 1732856603, 1750612934, 0, 1, 1, 1
0, 37, 7, 17, 1750612935, 1794670825, 12, 2, 27802042, 0
0, 37, 7, 17, 1750612935, 1794670825, 12, 1, 26167966, 0
0, 37, 7, 17, 1750612935, 1794670825, 12, 0, 25824354, 0
0, 37, 7, 17, 1750612935, 1794670825, 11, 2, 28621940, 0
0, 37, 7, 17, 1750612935, 1794670825, 11, 1, 27610681, 0
0, 37, 7, 17, 1750612935, 1794670825, 11, 0, 26430798, 0
0, 37, 7, 17, 1750612935, 1794670825, 10, 2, 27309581, 0
0, 37, 7, 17, 1750612935, 1794670825, 10, 1, 26088658, 0
0, 37, 7, 17, 1750612935, 1794670825, 10, 0, 23032999, 0
0, 37, 7, 17, 1750612935, 1794670825, 9, 2, 26384612, 0
0, 37, 7, 17, 1750612935, 1794670825, 9, 1, 25867919, 0
0, 37, 7, 17, 1750612935, 1794670825, 9, 0, 23981951, 0
0, 37, 7, 17, 1750612935, 1794670825, 8, 2, 25595480, 0
0, 37, 7, 17, 1750612935, 1794670825, 8, 1, 26122762, 0
0, 37, 7, 17, 1750612935, 1794670825, 8, 0, 26979694, 0
0, 37, 7, 17, 1750612935, 1794670825, 7, 2, 22629393, 0
0, 37, 7, 17, 1750612935, 1794670825, 7, 1, 23435686, 0
0, 37, 7, 17, 1750612935, 1794670825, 7, 0, 24860732, 0
0, 37, 7, 17, 1750612935, 1794670825, 6, 2, 21747569, 0
0, 37, 7, 17, 1750612935, 1794670825, 6, 1, 24512472, 0
0, 37, 7, 17, 1750612935, 1794670825, 6, 0, 26052616, 0
0, 37, 7, 17, 1750612935, 1794670825, 5, 2, 19936258, 0
0, 37, 7, 17, 1750612935, 1794670825, 5, 1, 21698157, 0
0, 37, 7, 17, 1750612935, 1794670825, 5, 0, 21453937, 0
0, 37, 7, 17, 1750612935, 1794670825, 4, 2, 14369339, 0
0, 37, 7, 17, 1750612935, 1794670825, 4, 1, 13895223, 0
0, 37, 7, 17, 1750612935, 1794670825, 4, 0, 14541662, 0
0, 37, 7, 17, 1750612935, 1794670825, 3, 2, 12440682, 0
0, 37, 7, 17, 1750612935, 1794670825, 3, 1, 11596932, 0
0, 37, 7, 17, 1750612935, 1794670825, 3, 0, 17247951, 0
0, 37, 7, 17, 1750612935, 1794670825, 2, 2, 5296195, 0
0, 37, 7, 17, 1750612935, 1794670825, 2, 1, 8473911, 0
0, 37, 7, 17, 1750612935, 1794670825, 2, 0, 17998536, 0
0, 37, 7, 17, 1750612935, 1794670825, 1, 2, 2276606, 0
0, 37, 7, 17, 1750612935, 1794670825, 1, 1, 3794343, 1
0, 37, 7, 17, 1750612935, 1794670825, 1, 0, 5010546, 0
0, 37, 7, 17, 1750612935, 1794670825, 0, 2, 3186242, 1
0, 37, 7, 17, 1750612935, 1794670825, 0, 1, 6372483, 1
0, 38, 7, 17, 1794670826, 1820193497, 12, 2, 94048542, 0
0, 38, 7, 17, 1794670826, 1820193497, 12, 1, 85260077, 0
0, 38, 7, 17, 1794670826, 1820193497, 12, 0, 73435598, 0
0, 38, 7, 17, 1794670826, 1820193497, 11, 2, 96078352, 0
0, 38, 7, 17, 1794670826, 1820193497, 11, 1, 92021444, 0
0, 38, 7, 17, 1794670826, 1820193497, 11, 0, 78747134, 0
0, 38, 7, 17, 1794670826, 1820193497, 10, 2, 93247881, 0
0, 38, 7, 17, 1794670826, 1820193497, 10, 1, 82746814, 0
0, 38, 7, 17, 1794670826, 1820193497, 10, 0, 65421425, 0
0, 38, 7, 17, 1794670826, 1820193497, 9, 2, 81323131, 0
0, 38, 7, 17, 1794670826, 1820193497, 9, 1, 70263353, 0
0, 38, 7, 17, 1794670826, 1820193497, 9, 0, 50996246, 0
0, 38, 7, 17, 1794670826, 1820193497, 8, 2, 74621855, 0
0, 38, 7, 17, 1794670826, 1820193497, 8, 1, 68080984, 0
0, 38, 7, 17, 1794670826, 1820193497, 8, 0, 57370777, 0
0, 38, 7, 17, 1794670826, 1820193497, 7, 2, 66113181, 0
0, 38, 7, 17, 1794670826, 1820193497, 7, 1, 64492509, 0
0, 38, 7, 17, 1794670826, 1820193497, 7, 0, 65566602, 0
0, 38, 7, 17, 1794670826, 1820193497, 6, 2, 67660421, 0
0, 38, 7, 17, 1794670826, 1820193497, 6, 1, 74414434, 0
0, 38, 7, 17, 1794670826, 1820193497, 6, 0, 76494369, 0
0, 38, 7, 17, 1794670826, 1820193497, 5, 2, 49598842, 0
0, 38, 7, 17, 1794670826, 1820193497, 5, 1, 57427404, 0
0, 38, 7, 17, 1794670826, 1820193497, 5, 0, 59806463, 0
0, 38, 7, 17, 1794670826, 1820193497, 4, 2, 33735883, 0
0, 38, 7, 17, 1794670826, 1820193497, 4, 1, 38092145, 0
0, 38, 7, 17, 1794670826, 1820193497, 4, 0, 41110121, 0
0, 38, 7, 17, 1794670826, 1820193497, 3, 2, 34666818, 0
0, 38, 7, 17, 1794670826, 1820193497, 3, 1, 43022934, 0
0, 38, 7, 17, 1794670826, 1820193497, 3, 0, 50388043, 0
0, 38, 7, 17, 1794670826, 1820193497, 2, 2, 27056196, 1
0, 38, 7, 17, 1794670826, 1820193497, 2, 1, 27255023, 1
0, 38, 7, 17, 1794670826, 1820193497, 2, 0, 4376439, 0
0, 38, 7, 17, 1794670826, 1820193497, 1, 2, 17750401, 0
0, 38, 7, 17, 1794670826, 1820193497, 1, 1, 21603750, 1
0, 38, 7, 17, 1794670826, 1820193497, 1, 0, 8752878, 0
0, 38, 7, 17, 1794670826, 1820193497, 0, 2, 6453206, 1
0, 38, 7, 17, 1794670826, 1820193497, 0, 1, 12906412, 1
0, 39, 7, 17, 1820193498, 1926232295, 12, 2, 11428881, 0
0, 39, 7, 17, 1820193498, 1926232295, 12, 1, 6471058, 0
0, 39, 7, 17, 1820193498, 1926232295, 12, 0, 12827910, 0
0, 39, 7, 17, 1820193498, 1926232295, 11, 2, 4993004, 0
0, 39, 7, 17, 1820193498, 1926232295, 11, 1, 3679979, 0
0, 39, 7, 17, 1820193498, 1926232295, 11, 0, 6981633, 0
0, 39, 7, 17, 1820193498, 1926232295, 10, 2, 5116361, 0
0, 39, 7, 17, 1820193498, 1926232295, 10, 1, 3505139, 0
0, 39, 7, 17, 1820193498, 1926232295, 10, 0, 6576639, 0
0, 39, 7, 17, 1820193498, 1926232295, 9, 2, 4667431, 0
0, 39, 7, 17, 1820193498, 1926232295, 9, 1, 3534170, 0
0, 39, 7, 17, 1820193498, 1926232295, 9, 0, 7307376, 0
0, 39, 7, 17, 1820193498, 1926232295, 8, 2, 3682790, 0
0, 39, 7, 17, 1820193498, 1926232295, 8, 1, 3949954, 0
0, 39, 7, 17, 1820193498, 1926232295, 8, 0, 8220798, 0
0, 39, 7, 17, 1820193498, 1926232295, 7, 2, 923244, 0
0, 39, 7, 17, 1820193498, 1926232295, 7, 1, 1415640, 0
0, 39, 7, 17, 1820193498, 1926232295, 7, 0, 2835967, 0
0, 39, 7, 17, 1820193498, 1926232295, 6, 2, 755788, 0
0, 39, 7, 17, 1820193498, 1926232295, 6, 1, 1162750, 0
0, 39, 7, 17, 1820193498, 1926232295, 6, 0, 2288819, 0
0, 39, 7, 17, 1820193498, 1926232295, 5, 2, 889162, 0
0, 39, 7, 17, 1820193498, 1926232295, 5, 1, 1374159, 0
0, 39, 7, 17, 1820193498, 1926232295, 5, 0, 2746583, 0
0, 39, 7, 17, 1820193498, 1926232295, 4, 2, 1079696, 0
0, 39, 7, 17, 1820193498, 1926232295, 4, 1, 1679527, 0
0, 39, 7, 17, 1820193498, 1926232295, 4, 0, 3433228, 0
0, 39, 7, 17, 1820193498, 1926232295, 3, 2, 150645, 0
0, 39, 7, 17, 1820193498, 1926232295, 3, 1, 236727, 0
0, 39, 7, 17, 1820193498, 1926232295, 3, 0, 91419, 0
0, 39, 7, 17, 1820193498, 1926232295, 2, 2, 34282, 0
0, 39, 7, 17, 1820193498, 1926232295, 2, 1, 54851, 0
0, 39, 7, 17, 1820193498, 1926232295, 2, 0, 137128, 0
0, 39, 7, 17, 1820193498, 1926232295, 1, 2, 54851, 0
0, 39, 7, 17, 1820193498, 1926232295, 1, 1, 91419, 0
0, 39, 7, 17, 1820193498, 1926232295, 1, 0, 274255, 0
0, 39, 7, 17, 1820193498, 1926232295, 0, 2, 1, 1
0, 39, 7, 17, 1820193498, 1926232295, 0, 1, 1, 1
0, 40, 7, 17, 1926232296, 1962766048, 12, 2, 29864353, 0
0, 40, 7, 17, 1926232296, 1962766048, 12, 1, 36735551, 0
0, 40, 7, 17, 1926232296, 1962766048, 12, 0, 33072766, 0
0, 40, 7, 17, 1926232296, 1962766048, 11, 2, 29588956, 0
0, 40, 7, 17, 1926232296, 1962766048, 11, 1, 37767993, 0
0, 40, 7, 17, 1926232296, 1962766048, 11, 0, 31558931, 0
0, 40, 7, 17, 1926232296, 1962766048, 10, 2, 26334601, 0
0, 40, 7, 17, 1926232296, 1962766048, 10, 1, 33424792, 0
0, 40, 7, 17, 1926232296, 1962766048, 10, 0, 26868816, 0
0, 40, 7, 17, 1926232296, 1962766048, 9, 2, 23832328, 0
0, 40, 7, 17, 1926232296, 1962766048, 9, 1, 29337037, 0
0, 40, 7, 17, 1926232296, 1962766048, 9, 0, 23395325, 0
0, 40, 7, 17, 1926232296, 1962766048, 8, 2, 21808655, 0
0, 40, 7, 17, 1926232296, 1962766048, 8, 1, 28499801, 0
0, 40, 7, 17, 1926232296, 1962766048, 8, 0, 26319740, 0
0, 40, 7, 17, 1926232296, 1962766048, 7, 2, 20691148, 0
0, 40, 7, 17, 1926232296, 1962766048, 7, 1, 26224532, 0
0, 40, 7, 17, 1926232296, 1962766048, 7, 0, 25466947, 0
0, 40, 7, 17, 1926232296, 1962766048, 6, 2, 18356170, 0
0, 40, 7, 17, 1926232296, 1962766048, 6, 1, 23078896, 0
0, 40, 7, 17, 1926232296, 1962766048, 6, 0, 20335456, 0
0, 40, 7, 17, 1926232296, 1962766048, 5, 2, 14777633, 0
0, 40, 7, 17, 1926232296, 1962766048, 5, 1, 18603103, 0
0, 40, 7, 17, 1926232296, 1962766048, 5, 0, 12582936, 0
0, 40, 7, 17, 1926232296, 1962766048, 4, 2, 13793775, 0
0, 40, 7, 17, 1926232296, 1962766048, 4, 1, 18036712, 0
0, 40, 7, 17, 1926232296, 1962766048, 4, 0, 15728669, 0
0, 40, 7, 17, 1926232296, 1962766048, 3, 2, 15738146, 0
0, 40, 7, 17, 1926232296, 1962766048, 3, 1, 22034132, 0
0, 40, 7, 17, 1926232296, 1962766048, 3, 0, 18274398, 0
0, 40, 7, 17, 1926232296, 1962766048, 2, 2, 15639384, 0
0, 40, 7, 17, 1926232296, 1962766048, 2, 1, 21246879, 0
0, 40, 7, 17, 1926232296, 1962766048, 2, 0, 19503535, 0
0, 40, 7, 17, 1926232296, 1962766048, 1, 2, 10841416, 0
0, 40, 7, 17, 1926232296, 1962766048, 1, 1, 17549937, 0
0, 40, 7, 17, 1926232296, 1962766048, 1, 0, 20292344, 0
0, 40, 7, 17, 1926232296, 1962766048, 0, 2, 2704960, 1
0, 40, 7, 17, 1926232296, 1962766048, 0, 1, 3852654, 1
0, 41, 7, 17, 1962766049, 2196025834, 12, 2, 10724108, 0
0, 41, 7, 17, 1962766049, 2196025834, 12, 1, 8096865, 0
0, 41, 7, 17, 1962766049, 2196025834, 12, 0, 9296855, 0
0, 41, 7, 17, 1962766049, 2196025834, 11, 2, 10354175, 0
0, 41, 7, 17, 1962766049, 2196025834, 11, 1, 6839202, 0
0, 41, 7, 17, 1962766049, 2196025834, 11, 0, 6040207, 0
0, 41, 7, 17, 1962766049, 2196025834, 10, 2, 7725052, 0
0, 41, 7, 17, 1962766049, 2196025834, 10, 1, 4374493, 0
0, 41, 7, 17, 1962766049, 2196025834, 10, 0, 2626168, 0
0, 41, 7, 17, 1962766049, 2196025834, 9, 2, 7708552, 0
0, 41, 7, 17, 1962766049, 2196025834, 9, 1, 4834966, 0
0, 41, 7, 17, 1962766049, 2196025834, 9, 0, 2917965, 0
0, 41, 7, 17, 1962766049, 2196025834, 8, 2, 7522497, 0
0, 41, 7, 17, 1962766049, 2196025834, 8, 1, 5288145, 0
0, 41, 7, 17, 1962766049, 2196025834, 8, 0, 3282710, 0
0, 41, 7, 17, 1962766049, 2196025834, 7, 2, 5271574, 0
0, 41, 7, 17, 1962766049, 2196025834, 7, 1, 3955984, 0
0, 41, 7, 17, 1962766049, 2196025834, 7, 0, 2188229, 0
0, 41, 7, 17, 1962766049, 2196025834, 6, 2, 3787970, 0
0, 41, 7, 17, 1962766049, 2196025834, 6, 1, 4023728, 0
0, 41, 7, 17, 1962766049, 2196025834, 6, 0, 1381052, 0
0, 41, 7, 17, 1962766049, 2196025834, 5, 2, 2950827, 1
0, 41, 7, 17, 1962766049, 2196025834, 5, 1, 2428466, 1
0, 41, 7, 17, 1962766049, 2196025834, 5, 0, 1, 0
0, 41, 7, 17, 1962766049, 2196025834, 4, 2, 2035034, 1
0, 41, 7, 17, 1962766049, 2196025834, 4, 1, 559950, 1
0, 41, 7, 17, 1962766049, 2196025834, 4, 0, 1, 0
0, 41, 7, 17, 1962766049, 2196025834, 3, 2, 458141, 1
0, 41, 7, 17, 1962766049, 2196025834, 3, 1, 719935, 1
0, 41, 7, 17, 1962766049, 2196025834, 3, 0, 1, 0
0, 41, 7, 17, 1962766049, 2196025834, 2, 2, 1, 1
0, 41, 7, 17, 1962766049, 2196025834, 2, 1, 1, 1
0, 41, 7, 17, 1962766049, 2196025834, 2, 0, 1, 0
0, 41, 7, 17, 1962766049, 2196025834, 1, 2, 1, 1
0, 41, 7, 17, 1962766049, 2196025834, 1, 1, 1, 1
0, 41, 7, 17, 1962766049, 2196025834, 1, 0, 1, 0
0, 41, 7, 17, 1962766049, 2196025834, 0, 2, 1, 1
0, 41, 7, 17, 1962766049, 2196025834, 0, 1, 1, 1
