3, 1, 7, 12, 1, 86545871, 12, 7, 288072672, 1
3, 1, 7, 12, 1, 86545871, 12, 6, 288570799, 1
3, 1, 7, 12, 1, 86545871, 12, 5, 293181066, 1
3, 1, 7, 12, 1, 86545871, 12, 4, 293932795, 1
3, 1, 7, 12, 1, 86545871, 12, 3, 292071334, 1
3, 1, 7, 12, 1, 86545871, 12, 2, 291767828, 1
3, 1, 7, 12, 1, 86545871, 12, 1, 264784163, 1
3, 1, 7, 12, 1, 86545871, 12, 0, 198867480, 0
3, 1, 7, 12, 1, 86545871, 11, 7, 287743115, 1
3, 1, 7, 12, 1, 86545871, 11, 6, 289763071, 1
3, 1, 7, 12, 1, 86545871, 11, 5, 295628335, 1
3, 1, 7, 12, 1, 86545871, 11, 4, 293428696, 1
3, 1, 7, 12, 1, 86545871, 11, 3, 292988585, 1
3, 1, 7, 12, 1, 86545871, 11, 2, 295500806, 1
3, 1, 7, 12, 1, 86545871, 11, 1, 275672711, 1
3, 1, 7, 12, 1, 86545871, 11, 0, 201735536, 0
3, 1, 7, 12, 1, 86545871, 10, 7, 280450403, 1
3, 1, 7, 12, 1, 86545871, 10, 6, 283481932, 1
3, 1, 7, 12, 1, 86545871, 10, 5, 288879828, 1
3, 1, 7, 12, 1, 86545871, 10, 4, 287430571, 1
3, 1, 7, 12, 1, 86545871, 10, 3, 286973944, 1
3, 1, 7, 12, 1, 86545871, 10, 2, 297075394, 1
3, 1, 7, 12, 1, 86545871, 10, 1, 271120681, 1
3, 1, 7, 12, 1, 86545871, 10, 0, 180474139, 0
3, 1, 7, 12, 1, 86545871, 9, 7, 291169878, 1
3, 1, 7, 12, 1, 86545871, 9, 6, 291998003, 1
3, 1, 7, 12, 1, 86545871, 9, 5, 295273814, 1
3, 1, 7, 12, 1, 86545871, 9, 4, 296039555, 1
3, 1, 7, 12, 1, 86545871, 9, 3, 298657179, 1
3, 1, 7, 12, 1, 86545871, 9, 2, 305518730, 1
3, 1, 7, 12, 1, 86545871, 9, 1, 270712079, 1
3, 1, 7, 12, 1, 86545871, 9, 0, 191925740, 0
3, 1, 7, 12, 1, 86545871, 8, 7, 300248274, 1
3, 1, 7, 12, 1, 86545871, 8, 6, 299690001, 1
3, 1, 7, 12, 1, 86545871, 8, 5, 299717355, 1
3, 1, 7, 12, 1, 86545871, 8, 4, 302255052, 1
3, 1, 7, 12, 1, 86545871, 8, 3, 302589024, 1
3, 1, 7, 12, 1, 86545871, 8, 2, 300116502, 1
3, 1, 7, 12, 1, 86545871, 8, 1, 258990282, 1
3, 1, 7, 12, 1, 86545871, 8, 0, 175751001, 0
3, 1, 7, 12, 1, 86545871, 7, 7, 305688303, 1
3, 1, 7, 12, 1, 86545871, 7, 6, 303354336, 1
3, 1, 7, 12, 1, 86545871, 7, 5, 306045358, 1
3, 1, 7, 12, 1, 86545871, 7, 4, 305340958, 1
3, 1, 7, 12, 1, 86545871, 7, 3, 299226316, 1
3, 1, 7, 12, 1, 86545871, 7, 2, 300076211, 1
3, 1, 7, 12, 1, 86545871, 7, 1, 264518790, 1
3, 1, 7, 12, 1, 86545871, 7, 0, 171243686, 0
3, 1, 7, 12, 1, 86545871, 6, 7, 304424938, 1
3, 1, 7, 12, 1, 86545871, 6, 6, 301331401, 1
3, 1, 7, 12, 1, 86545871, 6, 5, 302233759, 1
3, 1, 7, 12, 1, 86545871, 6, 4, 298888207, 1
3, 1, 7, 12, 1, 86545871, 6, 3, 296294029, 1
3, 1, 7, 12, 1, 86545871, 6, 2, 288947099, 1
3, 1, 7, 12, 1, 86545871, 6, 1, 247320194, 1
3, 1, 7, 12, 1, 86545871, 6, 0, 141995573, 0
3, 1, 7, 12, 1, 86545871, 5, 7, 300244002, 1
3, 1, 7, 12, 1, 86545871, 5, 6, 297586105, 1
3, 1, 7, 12, 1, 86545871, 5, 5, 304368025, 1
3, 1, 7, 12, 1, 86545871, 5, 4, 297266547, 1
3, 1, 7, 12, 1, 86545871, 5, 3, 304394645, 1
3, 1, 7, 12, 1, 86545871, 5, 2, 301723629, 1
3, 1, 7, 12, 1, 86545871, 5, 1, 267219897, 1
3, 1, 7, 12, 1, 86545871, 5, 0, 156917531, 0
3, 1, 7, 12, 1, 86545871, 4, 7, 308938120, 1
3, 1, 7, 12, 1, 86545871, 4, 6, 308885786, 1
3, 1, 7, 12, 1, 86545871, 4, 5, 318032924, 1
3, 1, 7, 12, 1, 86545871, 4, 4, 308467913, 1
3, 1, 7, 12, 1, 86545871, 4, 3, 316313491, 1
3, 1, 7, 12, 1, 86545871, 4, 2, 330705077, 1
3, 1, 7, 12, 1, 86545871, 4, 1, 298658917, 1
3, 1, 7, 12, 1, 86545871, 4, 0, 157698726, 0
3, 1, 7, 12, 1, 86545871, 3, 7, 304819106, 1
3, 1, 7, 12, 1, 86545871, 3, 6, 305887882, 1
3, 1, 7, 12, 1, 86545871, 3, 5, 312022467, 1
3, 1, 7, 12, 1, 86545871, 3, 4, 294917539, 1
3, 1, 7, 12, 1, 86545871, 3, 3, 299215703, 1
3, 1, 7, 12, 1, 86545871, 3, 2, 315319043, 1
3, 1, 7, 12, 1, 86545871, 3, 1, 294905194, 1
3, 1, 7, 12, 1, 86545871, 3, 0, 210264967, 0
3, 1, 7, 12, 1, 86545871, 2, 7, 303568453, 1
3, 1, 7, 12, 1, 86545871, 2, 6, 300274542, 1
3, 1, 7, 12, 1, 86545871, 2, 5, 312979623, 1
3, 1, 7, 12, 1, 86545871, 2, 4, 302072097, 1
3, 1, 7, 12, 1, 86545871, 2, 3, 305872449, 1
3, 1, 7, 12, 1, 86545871, 2, 2, 340361574, 1
3, 1, 7, 12, 1, 86545871, 2, 1, 321291563, 1
3, 1, 7, 12, 1, 86545871, 2, 0, 217133508, 0
3, 1, 7, 12, 1, 86545871, 1, 7, 306121601, 1
3, 1, 7, 12, 1, 86545871, 1, 6, 300795025, 1
3, 1, 7, 12, 1, 86545871, 1, 5, 319064902, 1
3, 1, 7, 12, 1, 86545871, 1, 4, 305091927, 1
3, 1, 7, 12, 1, 86545871, 1, 3, 279195572, 1
3, 1, 7, 12, 1, 86545871, 1, 2, 322875878, 1
3, 1, 7, 12, 1, 86545871, 1, 1, 317696288, 1
3, 1, 7, 12, 1, 86545871, 1, 0, 265182187, 0
3, 1, 7, 12, 1, 86545871, 0, 7, 384855325, 1
3, 1, 7, 12, 1, 86545871, 0, 6, 376401873, 1
3, 1, 7, 12, 1, 86545871, 0, 5, 380986499, 1
3, 1, 7, 12, 1, 86545871, 0, 4, 375647721, 1
3, 1, 7, 12, 1, 86545871, 0, 3, 343433434, 1
3, 1, 7, 12, 1, 86545871, 0, 2, 468290351, 1
3, 1, 7, 12, 1, 86545871, 0, 1, 409401574, 1
3, 2, 7, 12, 86545872, 100132250, 12, 7, 19305469, 1
3, 2, 7, 12, 86545872, 100132250, 12, 6, 18227776, 1
3, 2, 7, 12, 86545872, 100132250, 12, 5, 20075144, 1
3, 2, 7, 12, 86545872, 100132250, 12, 4, 20506641, 1
3, 2, 7, 12, 86545872, 100132250, 12, 3, 20847341, 1
3, 2, 7, 12, 86545872, 100132250, 12, 2, 12747097, 1
3, 2, 7, 12, 86545872, 100132250, 12, 1, 9424900, 0
3, 2, 7, 12, 86545872, 100132250, 12, 0, 6862153, 0
3, 2, 7, 12, 86545872, 100132250, 11, 7, 19689458, 1
3, 2, 7, 12, 86545872, 100132250, 11, 6, 18343795, 1
3, 2, 7, 12, 86545872, 100132250, 11, 5, 20110159, 1
3, 2, 7, 12, 86545872, 100132250, 11, 4, 20245088, 1
3, 2, 7, 12, 86545872, 100132250, 11, 3, 20111694, 1
3, 2, 7, 12, 86545872, 100132250, 11, 2, 13105366, 1
3, 2, 7, 12, 86545872, 100132250, 11, 1, 9126984, 0
3, 2, 7, 12, 86545872, 100132250, 11, 0, 5149452, 0
3, 2, 7, 12, 86545872, 100132250, 10, 7, 19711096, 1
3, 2, 7, 12, 86545872, 100132250, 10, 6, 17985550, 1
3, 2, 7, 12, 86545872, 100132250, 10, 5, 19572124, 1
3, 2, 7, 12, 86545872, 100132250, 10, 4, 19631132, 1
3, 2, 7, 12, 86545872, 100132250, 10, 3, 18857455, 1
3, 2, 7, 12, 86545872, 100132250, 10, 2, 13212754, 1
3, 2, 7, 12, 86545872, 100132250, 10, 1, 8287664, 0
3, 2, 7, 12, 86545872, 100132250, 10, 0, 2076428, 0
3, 2, 7, 12, 86545872, 100132250, 9, 7, 20103415, 1
3, 2, 7, 12, 86545872, 100132250, 9, 6, 18602324, 1
3, 2, 7, 12, 86545872, 100132250, 9, 5, 20149943, 1
3, 2, 7, 12, 86545872, 100132250, 9, 4, 19933463, 1
3, 2, 7, 12, 86545872, 100132250, 9, 3, 20791553, 1
3, 2, 7, 12, 86545872, 100132250, 9, 2, 14579591, 1
3, 2, 7, 12, 86545872, 100132250, 9, 1, 9160050, 0
3, 2, 7, 12, 86545872, 100132250, 9, 0, 2307142, 0
3, 2, 7, 12, 86545872, 100132250, 8, 7, 17037740, 1
3, 2, 7, 12, 86545872, 100132250, 8, 6, 14597904, 1
3, 2, 7, 12, 86545872, 100132250, 8, 5, 15289742, 1
3, 2, 7, 12, 86545872, 100132250, 8, 4, 13596577, 1
3, 2, 7, 12, 86545872, 100132250, 8, 3, 16268171, 1
3, 2, 7, 12, 86545872, 100132250, 8, 2, 13485318, 1
3, 2, 7, 12, 86545872, 100132250, 8, 1, 10237703, 0
3, 2, 7, 12, 86545872, 100132250, 8, 0, 2595534, 0
3, 2, 7, 12, 86545872, 100132250, 7, 7, 17833257, 1
3, 2, 7, 12, 86545872, 100132250, 7, 6, 15128494, 1
3, 2, 7, 12, 86545872, 100132250, 7, 5, 15688371, 1
3, 2, 7, 12, 86545872, 100132250, 7, 4, 15339728, 1
3, 2, 7, 12, 86545872, 100132250, 7, 3, 18367289, 1
3, 2, 7, 12, 86545872, 100132250, 7, 2, 15244272, 1
3, 2, 7, 12, 86545872, 100132250, 7, 1, 11602729, 0
3, 2, 7, 12, 86545872, 100132250, 7, 0, 2966325, 0
3, 2, 7, 12, 86545872, 100132250, 6, 7, 17330055, 1
3, 2, 7, 12, 86545872, 100132250, 6, 6, 13785937, 1
3, 2, 7, 12, 86545872, 100132250, 6, 5, 13829543, 1
3, 2, 7, 12, 86545872, 100132250, 6, 4, 12585506, 1
3, 2, 7, 12, 86545872, 100132250, 6, 3, 14779400, 1
3, 2, 7, 12, 86545872, 100132250, 6, 2, 14392905, 1
3, 2, 7, 12, 86545872, 100132250, 6, 1, 8560060, 0
3, 2, 7, 12, 86545872, 100132250, 6, 0, 3460712, 0
3, 2, 7, 12, 86545872, 100132250, 5, 7, 16971040, 1
3, 2, 7, 12, 86545872, 100132250, 5, 6, 16139634, 1
3, 2, 7, 12, 86545872, 100132250, 5, 5, 16200322, 1
3, 2, 7, 12, 86545872, 100132250, 5, 4, 14755421, 1
3, 2, 7, 12, 86545872, 100132250, 5, 3, 17349730, 1
3, 2, 7, 12, 86545872, 100132250, 5, 2, 16932829, 1
3, 2, 7, 12, 86545872, 100132250, 5, 1, 10116434, 0
3, 2, 7, 12, 86545872, 100132250, 5, 0, 4152855, 0
3, 2, 7, 12, 86545872, 100132250, 4, 7, 15410189, 1
3, 2, 7, 12, 86545872, 100132250, 4, 6, 17676393, 1
3, 2, 7, 12, 86545872, 100132250, 4, 5, 17458057, 1
3, 2, 7, 12, 86545872, 100132250, 4, 4, 15299150, 1
3, 2, 7, 12, 86545872, 100132250, 4, 3, 17945107, 1
3, 2, 7, 12, 86545872, 100132250, 4, 2, 16412238, 1
3, 2, 7, 12, 86545872, 100132250, 4, 1, 12364530, 0
3, 2, 7, 12, 86545872, 100132250, 4, 0, 5191068, 0
3, 2, 7, 12, 86545872, 100132250, 3, 7, 14691332, 1
3, 2, 7, 12, 86545872, 100132250, 3, 6, 16867825, 1
3, 2, 7, 12, 86545872, 100132250, 3, 5, 15683373, 1
3, 2, 7, 12, 86545872, 100132250, 3, 4, 11663869, 1
3, 2, 7, 12, 86545872, 100132250, 3, 3, 13026064, 1
3, 2, 7, 12, 86545872, 100132250, 3, 2, 13674932, 1
3, 2, 7, 12, 86545872, 100132250, 3, 1, 4561958, 1
3, 2, 7, 12, 86545872, 100132250, 3, 0, 1, 0
3, 2, 7, 12, 86545872, 100132250, 2, 7, 16421504, 1
3, 2, 7, 12, 86545872, 100132250, 2, 6, 18884730, 1
3, 2, 7, 12, 86545872, 100132250, 2, 5, 16645934, 1
3, 2, 7, 12, 86545872, 100132250, 2, 4, 13548558, 1
3, 2, 7, 12, 86545872, 100132250, 2, 3, 14859751, 1
3, 2, 7, 12, 86545872, 100132250, 2, 2, 14811319, 1
3, 2, 7, 12, 86545872, 100132250, 2, 1, 1, 1
3, 2, 7, 12, 86545872, 100132250, 2, 0, 1, 0
3, 2, 7, 12, 86545872, 100132250, 1, 7, 25179640, 1
3, 2, 7, 12, 86545872, 100132250, 1, 6, 29053430, 1
3, 2, 7, 12, 86545872, 100132250, 1, 5, 25725535, 1
3, 2, 7, 12, 86545872, 100132250, 1, 4, 21075535, 1
3, 2, 7, 12, 86545872, 100132250, 1, 3, 23351037, 1
3, 2, 7, 12, 86545872, 100132250, 1, 2, 23698110, 1
3, 2, 7, 12, 86545872, 100132250, 1, 1, 1, 1
3, 2, 7, 12, 86545872, 100132250, 1, 0, 1, 0
3, 2, 7, 12, 86545872, 100132250, 0, 7, 34002025, 1
3, 2, 7, 12, 86545872, 100132250, 0, 6, 39669029, 1
3, 2, 7, 12, 86545872, 100132250, 0, 5, 47602835, 1
3, 2, 7, 12, 86545872, 100132250, 0, 4, 36178277, 1
3, 2, 7, 12, 86545872, 100132250, 0, 3, 39496850, 1
3, 2, 7, 12, 86545872, 100132250, 0, 2, 59245275, 1
3, 2, 7, 12, 86545872, 100132250, 0, 1, 1, 1
3, 3, 7, 12, 100132251, 162034322, 12, 7, 43917771, 1
3, 3, 7, 12, 100132251, 162034322, 12, 6, 40797074, 1
3, 3, 7, 12, 100132251, 162034322, 12, 5, 41169166, 1
3, 3, 7, 12, 100132251, 162034322, 12, 4, 43107011, 1
3, 3, 7, 12, 100132251, 162034322, 12, 3, 37315050, 1
3, 3, 7, 12, 100132251, 162034322, 12, 2, 36515390, 1
3, 3, 7, 12, 100132251, 162034322, 12, 1, 27935863, 1
3, 3, 7, 12, 100132251, 162034322, 12, 0, 38346685, 0
3, 3, 7, 12, 100132251, 162034322, 11, 7, 42688028, 1
3, 3, 7, 12, 100132251, 162034322, 11, 6, 40817629, 1
3, 3, 7, 12, 100132251, 162034322, 11, 5, 42638181, 1
3, 3, 7, 12, 100132251, 162034322, 11, 4, 45484117, 1
3, 3, 7, 12, 100132251, 162034322, 11, 3, 39544697, 1
3, 3, 7, 12, 100132251, 162034322, 11, 2, 39645280, 1
3, 3, 7, 12, 100132251, 162034322, 11, 1, 30365069, 1
3, 3, 7, 12, 100132251, 162034322, 11, 0, 41832747, 0
3, 3, 7, 12, 100132251, 162034322, 10, 7, 44673211, 1
3, 3, 7, 12, 100132251, 162034322, 10, 6, 43950878, 1
3, 3, 7, 12, 100132251, 162034322, 10, 5, 46574013, 1
3, 3, 7, 12, 100132251, 162034322, 10, 4, 49695609, 1
3, 3, 7, 12, 100132251, 162034322, 10, 3, 43223274, 1
3, 3, 7, 12, 100132251, 162034322, 10, 2, 43362025, 1
3, 3, 7, 12, 100132251, 162034322, 10, 1, 33256980, 1
3, 3, 7, 12, 100132251, 162034322, 10, 0, 46016022, 0
3, 3, 7, 12, 100132251, 162034322, 9, 7, 45636364, 1
3, 3, 7, 12, 100132251, 162034322, 9, 6, 45358959, 1
3, 3, 7, 12, 100132251, 162034322, 9, 5, 47742582, 1
3, 3, 7, 12, 100132251, 162034322, 9, 4, 50470700, 1
3, 3, 7, 12, 100132251, 162034322, 9, 3, 43127193, 1
3, 3, 7, 12, 100132251, 162034322, 9, 2, 42799103, 1
3, 3, 7, 12, 100132251, 162034322, 9, 1, 34004313, 1
3, 3, 7, 12, 100132251, 162034322, 9, 0, 45316177, 0
3, 3, 7, 12, 100132251, 162034322, 8, 7, 45622644, 1
3, 3, 7, 12, 100132251, 162034322, 8, 6, 44575856, 1
3, 3, 7, 12, 100132251, 162034322, 8, 5, 46240514, 1
3, 3, 7, 12, 100132251, 162034322, 8, 4, 47886347, 1
3, 3, 7, 12, 100132251, 162034322, 8, 3, 38705025, 1
3, 3, 7, 12, 100132251, 162034322, 8, 2, 36741730, 1
3, 3, 7, 12, 100132251, 162034322, 8, 1, 30375653, 1
3, 3, 7, 12, 100132251, 162034322, 8, 0, 34955816, 0
3, 3, 7, 12, 100132251, 162034322, 7, 7, 45693191, 1
3, 3, 7, 12, 100132251, 162034322, 7, 6, 43693936, 1
3, 3, 7, 12, 100132251, 162034322, 7, 5, 44472566, 1
3, 3, 7, 12, 100132251, 162034322, 7, 4, 46324455, 1
3, 3, 7, 12, 100132251, 162034322, 7, 3, 38932543, 1
3, 3, 7, 12, 100132251, 162034322, 7, 2, 35109476, 1
3, 3, 7, 12, 100132251, 162034322, 7, 1, 27704235, 1
3, 3, 7, 12, 100132251, 162034322, 7, 0, 39949504, 0
3, 3, 7, 12, 100132251, 162034322, 6, 7, 44982214, 1
3, 3, 7, 12, 100132251, 162034322, 6, 6, 43510537, 1
3, 3, 7, 12, 100132251, 162034322, 6, 5, 43306096, 1
3, 3, 7, 12, 100132251, 162034322, 6, 4, 45873356, 1
3, 3, 7, 12, 100132251, 162034322, 6, 3, 35553673, 1
3, 3, 7, 12, 100132251, 162034322, 6, 2, 32903578, 1
3, 3, 7, 12, 100132251, 162034322, 6, 1, 23051974, 1
3, 3, 7, 12, 100132251, 162034322, 6, 0, 27293110, 0
3, 3, 7, 12, 100132251, 162034322, 5, 7, 50078119, 1
3, 3, 7, 12, 100132251, 162034322, 5, 6, 49911099, 1
3, 3, 7, 12, 100132251, 162034322, 5, 5, 49525692, 1
3, 3, 7, 12, 100132251, 162034322, 5, 4, 52329082, 1
3, 3, 7, 12, 100132251, 162034322, 5, 3, 40790474, 1
3, 3, 7, 12, 100132251, 162034322, 5, 2, 37429606, 1
3, 3, 7, 12, 100132251, 162034322, 5, 1, 25264310, 1
3, 3, 7, 12, 100132251, 162034322, 5, 0, 28398081, 0
3, 3, 7, 12, 100132251, 162034322, 4, 7, 41440090, 1
3, 3, 7, 12, 100132251, 162034322, 4, 6, 41863040, 1
3, 3, 7, 12, 100132251, 162034322, 4, 5, 38318243, 1
3, 3, 7, 12, 100132251, 162034322, 4, 4, 41294435, 1
3, 3, 7, 12, 100132251, 162034322, 4, 3, 28881390, 1
3, 3, 7, 12, 100132251, 162034322, 4, 2, 32748521, 1
3, 3, 7, 12, 100132251, 162034322, 4, 1, 26644761, 1
3, 3, 7, 12, 100132251, 162034322, 4, 0, 35497601, 0
3, 3, 7, 12, 100132251, 162034322, 3, 7, 46166313, 1
3, 3, 7, 12, 100132251, 162034322, 3, 6, 45864280, 1
3, 3, 7, 12, 100132251, 162034322, 3, 5, 42593757, 1
3, 3, 7, 12, 100132251, 162034322, 3, 4, 46206158, 1
3, 3, 7, 12, 100132251, 162034322, 3, 3, 33387828, 1
3, 3, 7, 12, 100132251, 162034322, 3, 2, 37486298, 1
3, 3, 7, 12, 100132251, 162034322, 3, 1, 27667549, 1
3, 3, 7, 12, 100132251, 162034322, 3, 0, 31953467, 0
3, 3, 7, 12, 100132251, 162034322, 2, 7, 51093838, 1
3, 3, 7, 12, 100132251, 162034322, 2, 6, 49116907, 1
3, 3, 7, 12, 100132251, 162034322, 2, 5, 42568177, 1
3, 3, 7, 12, 100132251, 162034322, 2, 4, 44422828, 1
3, 3, 7, 12, 100132251, 162034322, 2, 3, 35819860, 1
3, 3, 7, 12, 100132251, 162034322, 2, 2, 45713294, 1
3, 3, 7, 12, 100132251, 162034322, 2, 1, 38734568, 1
3, 3, 7, 12, 100132251, 162034322, 2, 0, 47930201, 0
3, 3, 7, 12, 100132251, 162034322, 1, 7, 69699529, 1
3, 3, 7, 12, 100132251, 162034322, 1, 6, 65590215, 1
3, 3, 7, 12, 100132251, 162034322, 1, 5, 53999424, 1
3, 3, 7, 12, 100132251, 162034322, 1, 4, 54694916, 1
3, 3, 7, 12, 100132251, 162034322, 1, 3, 41777498, 1
3, 3, 7, 12, 100132251, 162034322, 1, 2, 58488498, 1
3, 3, 7, 12, 100132251, 162034322, 1, 1, 40136326, 1
3, 3, 7, 12, 100132251, 162034322, 1, 0, 22596540, 0
3, 3, 7, 12, 100132251, 162034322, 0, 7, 67878566, 1
3, 3, 7, 12, 100132251, 162034322, 0, 6, 64856043, 1
3, 3, 7, 12, 100132251, 162034322, 0, 5, 62012700, 1
3, 3, 7, 12, 100132251, 162034322, 0, 4, 77515875, 1
3, 3, 7, 12, 100132251, 162034322, 0, 3, 61339612, 1
3, 3, 7, 12, 100132251, 162034322, 0, 2, 92009418, 1
3, 3, 7, 12, 100132251, 162034322, 0, 1, 97812439, 1
3, 4, 7, 12, 162034323, 320072928, 12, 7, 6218237, 1
3, 4, 7, 12, 162034323, 320072928, 12, 6, 5590513, 0
3, 4, 7, 12, 162034323, 320072928, 12, 5, 5861179, 0
3, 4, 7, 12, 162034323, 320072928, 12, 4, 6260140, 0
3, 4, 7, 12, 162034323, 320072928, 12, 3, 5882747, 0
3, 4, 7, 12, 162034323, 320072928, 12, 2, 3206201, 0
3, 4, 7, 12, 162034323, 320072928, 12, 1, 3010478, 0
3, 4, 7, 12, 162034323, 320072928, 12, 0, 6123819, 0
3, 4, 7, 12, 162034323, 320072928, 11, 7, 6741878, 1
3, 4, 7, 12, 162034323, 320072928, 11, 6, 6062002, 0
3, 4, 7, 12, 162034323, 320072928, 11, 5, 6356490, 0
3, 4, 7, 12, 162034323, 320072928, 11, 4, 6790661, 0
3, 4, 7, 12, 162034323, 320072928, 11, 3, 6383406, 0
3, 4, 7, 12, 162034323, 320072928, 11, 2, 3481018, 0
3, 4, 7, 12, 162034323, 320072928, 11, 1, 3272259, 0
3, 4, 7, 12, 162034323, 320072928, 11, 0, 6680530, 0
3, 4, 7, 12, 162034323, 320072928, 10, 7, 7361821, 1
3, 4, 7, 12, 162034323, 320072928, 10, 6, 6620345, 0
3, 4, 7, 12, 162034323, 320072928, 10, 5, 6943243, 0
3, 4, 7, 12, 162034323, 320072928, 10, 4, 7419425, 0
3, 4, 7, 12, 162034323, 320072928, 10, 3, 6977211, 0
3, 4, 7, 12, 162034323, 320072928, 10, 2, 3807364, 0
3, 4, 7, 12, 162034323, 320072928, 10, 1, 3583903, 0
3, 4, 7, 12, 162034323, 320072928, 10, 0, 7348583, 0
3, 4, 7, 12, 162034323, 320072928, 9, 7, 8084839, 1
3, 4, 7, 12, 162034323, 320072928, 9, 6, 7266233, 0
3, 4, 7, 12, 162034323, 320072928, 9, 5, 7619232, 0
3, 4, 7, 12, 162034323, 320072928, 9, 4, 8140262, 0
3, 4, 7, 12, 162034323, 320072928, 9, 3, 7647281, 0
3, 4, 7, 12, 162034323, 320072928, 9, 2, 4139983, 0
3, 4, 7, 12, 162034323, 320072928, 9, 1, 3867676, 0
3, 4, 7, 12, 162034323, 320072928, 9, 0, 8165092, 0
3, 4, 7, 12, 162034323, 320072928, 8, 7, 8563355, 1
3, 4, 7, 12, 162034323, 320072928, 8, 6, 7591387, 0
3, 4, 7, 12, 162034323, 320072928, 8, 5, 7902464, 0
3, 4, 7, 12, 162034323, 320072928, 8, 4, 8367472, 0
3, 4, 7, 12, 162034323, 320072928, 8, 3, 7643997, 0
3, 4, 7, 12, 162034323, 320072928, 8, 2, 4617674, 0
3, 4, 7, 12, 162034323, 320072928, 8, 1, 4322696, 0
3, 4, 7, 12, 162034323, 320072928, 8, 0, 9185729, 0
3, 4, 7, 12, 162034323, 320072928, 7, 7, 9650765, 1
3, 4, 7, 12, 162034323, 320072928, 7, 6, 8557564, 0
3, 4, 7, 12, 162034323, 320072928, 7, 5, 8911290, 0
3, 4, 7, 12, 162034323, 320072928, 7, 4, 9440225, 0
3, 4, 7, 12, 162034323, 320072928, 7, 3, 8630319, 0
3, 4, 7, 12, 162034323, 320072928, 7, 2, 5219979, 0
3, 4, 7, 12, 162034323, 320072928, 7, 1, 4899056, 0
3, 4, 7, 12, 162034323, 320072928, 7, 0, 10497976, 0
3, 4, 7, 12, 162034323, 320072928, 6, 7, 10510123, 1
3, 4, 7, 12, 162034323, 320072928, 6, 6, 9181762, 0
3, 4, 7, 12, 162034323, 320072928, 6, 5, 10215381, 0
3, 4, 7, 12, 162034323, 320072928, 6, 4, 10828494, 0
3, 4, 7, 12, 162034323, 320072928, 6, 3, 9908885, 0
3, 4, 7, 12, 162034323, 320072928, 6, 2, 6002976, 0
3, 4, 7, 12, 162034323, 320072928, 6, 1, 5652756, 0
3, 4, 7, 12, 162034323, 320072928, 6, 0, 12247638, 0
3, 4, 7, 12, 162034323, 320072928, 5, 7, 11259547, 1
3, 4, 7, 12, 162034323, 320072928, 5, 6, 9557719, 0
3, 4, 7, 12, 162034323, 320072928, 5, 5, 11196185, 0
3, 4, 7, 12, 162034323, 320072928, 5, 4, 11765678, 0
3, 4, 7, 12, 162034323, 320072928, 5, 3, 10459816, 0
3, 4, 7, 12, 162034323, 320072928, 5, 2, 5476199, 0
3, 4, 7, 12, 162034323, 320072928, 5, 1, 4229245, 0
3, 4, 7, 12, 162034323, 320072928, 5, 0, 9304339, 0
3, 4, 7, 12, 162034323, 320072928, 4, 7, 13569197, 1
3, 4, 7, 12, 162034323, 320072928, 4, 6, 11525484, 0
3, 4, 7, 12, 162034323, 320072928, 4, 5, 13512637, 0
3, 4, 7, 12, 162034323, 320072928, 4, 4, 14216860, 0
3, 4, 7, 12, 162034323, 320072928, 4, 3, 12661882, 0
3, 4, 7, 12, 162034323, 320072928, 4, 2, 6649670, 0
3, 4, 7, 12, 162034323, 320072928, 4, 1, 5169078, 0
3, 4, 7, 12, 162034323, 320072928, 4, 0, 11630424, 0
3, 4, 7, 12, 162034323, 320072928, 3, 7, 13804993, 0
3, 4, 7, 12, 162034323, 320072928, 3, 6, 10763799, 0
3, 4, 7, 12, 162034323, 320072928, 3, 5, 12635764, 0
3, 4, 7, 12, 162034323, 320072928, 3, 4, 12629513, 0
3, 4, 7, 12, 162034323, 320072928, 3, 3, 12933472, 0
3, 4, 7, 12, 162034323, 320072928, 3, 2, 4229245, 0
3, 4, 7, 12, 162034323, 320072928, 3, 1, 6645957, 0
3, 4, 7, 12, 162034323, 320072928, 3, 0, 15507232, 0
3, 4, 7, 12, 162034323, 320072928, 2, 7, 12783518, 1
3, 4, 7, 12, 162034323, 320072928, 2, 6, 7834435, 1
3, 4, 7, 12, 162034323, 320072928, 2, 5, 9216982, 1
3, 4, 7, 12, 162034323, 320072928, 2, 4, 7573348, 1
3, 4, 7, 12, 162034323, 320072928, 2, 3, 5460745, 1
3, 4, 7, 12, 162034323, 320072928, 2, 2, 1, 1
3, 4, 7, 12, 162034323, 320072928, 2, 1, 1, 1
3, 4, 7, 12, 162034323, 320072928, 2, 0, 1, 0
3, 4, 7, 12, 162034323, 320072928, 1, 7, 10052195, 1
3, 4, 7, 12, 162034323, 320072928, 1, 6, 1034670, 1
3, 4, 7, 12, 162034323, 320072928, 1, 5, 1222792, 1
3, 4, 7, 12, 162034323, 320072928, 1, 4, 1, 1
3, 4, 7, 12, 162034323, 320072928, 1, 3, 1, 1
3, 4, 7, 12, 162034323, 320072928, 1, 2, 1, 1
3, 4, 7, 12, 162034323, 320072928, 1, 1, 1, 1
3, 4, 7, 12, 162034323, 320072928, 1, 0, 1, 0
3, 4, 7, 12, 162034323, 320072928, 0, 7, 14916189, 1
3, 4, 7, 12, 162034323, 320072928, 0, 6, 2241785, 1
3, 4, 7, 12, 162034323, 320072928, 0, 5, 2690142, 1
3, 4, 7, 12, 162034323, 320072928, 0, 4, 1, 1
3, 4, 7, 12, 162034323, 320072928, 0, 3, 1, 1
3, 4, 7, 12, 162034323, 320072928, 0, 2, 1, 1
3, 4, 7, 12, 162034323, 320072928, 0, 1, 1, 1
3, 5, 7, 12, 320072929, 337042750, 12, 7, 2517242, 1
3, 5, 7, 12, 320072929, 337042750, 12, 6, 2844255, 1
3, 5, 7, 12, 320072929, 337042750, 12, 5, 1539842, 1
3, 5, 7, 12, 320072929, 337042750, 12, 4, 1517799, 1
3, 5, 7, 12, 320072929, 337042750, 12, 3, 1688812, 1
3, 5, 7, 12, 320072929, 337042750, 12, 2, 2266563, 1
3, 5, 7, 12, 320072929, 337042750, 12, 1, 2538677, 0
3, 5, 7, 12, 320072929, 337042750, 12, 0, 2863459, 0
3, 5, 7, 12, 320072929, 337042750, 11, 7, 2729220, 1
3, 5, 7, 12, 320072929, 337042750, 11, 6, 3084132, 1
3, 5, 7, 12, 320072929, 337042750, 11, 5, 1669969, 1
3, 5, 7, 12, 320072929, 337042750, 11, 4, 1646426, 1
3, 5, 7, 12, 320072929, 337042750, 11, 3, 1832540, 1
3, 5, 7, 12, 320072929, 337042750, 11, 2, 2460840, 1
3, 5, 7, 12, 320072929, 337042750, 11, 1, 2759432, 0
3, 5, 7, 12, 320072929, 337042750, 11, 0, 3123773, 0
3, 5, 7, 12, 320072929, 337042750, 10, 7, 2778411, 1
3, 5, 7, 12, 320072929, 337042750, 10, 6, 3137221, 1
3, 5, 7, 12, 320072929, 337042750, 10, 5, 1624285, 1
3, 5, 7, 12, 320072929, 337042750, 10, 4, 1558331, 1
3, 5, 7, 12, 320072929, 337042750, 10, 3, 1700933, 1
3, 5, 7, 12, 320072929, 337042750, 10, 2, 2285628, 1
3, 5, 7, 12, 320072929, 337042750, 10, 1, 2403698, 0
3, 5, 7, 12, 320072929, 337042750, 10, 0, 2137223, 0
3, 5, 7, 12, 320072929, 337042750, 9, 7, 3059769, 1
3, 5, 7, 12, 320072929, 337042750, 9, 6, 3455489, 1
3, 5, 7, 12, 320072929, 337042750, 9, 5, 1789467, 1
3, 5, 7, 12, 320072929, 337042750, 9, 4, 1717344, 1
3, 5, 7, 12, 320072929, 337042750, 9, 3, 1875388, 1
3, 5, 7, 12, 320072929, 337042750, 9, 2, 2522073, 1
3, 5, 7, 12, 320072929, 337042750, 9, 1, 2656719, 0
3, 5, 7, 12, 320072929, 337042750, 9, 0, 2374692, 0
3, 5, 7, 12, 320072929, 337042750, 8, 7, 3404532, 1
3, 5, 7, 12, 320072929, 337042750, 8, 6, 3845625, 1
3, 5, 7, 12, 320072929, 337042750, 8, 5, 1992048, 1
3, 5, 7, 12, 320072929, 337042750, 8, 4, 1912497, 1
3, 5, 7, 12, 320072929, 337042750, 8, 3, 2089717, 1
3, 5, 7, 12, 320072929, 337042750, 8, 2, 2813081, 1
3, 5, 7, 12, 320072929, 337042750, 8, 1, 2969274, 0
3, 5, 7, 12, 320072929, 337042750, 8, 0, 2671528, 0
3, 5, 7, 12, 320072929, 337042750, 7, 7, 2200231, 1
3, 5, 7, 12, 320072929, 337042750, 7, 6, 2460392, 1
3, 5, 7, 12, 320072929, 337042750, 7, 5, 1346359, 1
3, 5, 7, 12, 320072929, 337042750, 7, 4, 1622535, 1
3, 5, 7, 12, 320072929, 337042750, 7, 3, 1686101, 1
3, 5, 7, 12, 320072929, 337042750, 7, 2, 2272571, 1
3, 5, 7, 12, 320072929, 337042750, 7, 1, 1973778, 0
3, 5, 7, 12, 320072929, 337042750, 7, 0, 237393, 0
3, 5, 7, 12, 320072929, 337042750, 6, 7, 2520265, 1
3, 5, 7, 12, 320072929, 337042750, 6, 6, 2819199, 1
3, 5, 7, 12, 320072929, 337042750, 6, 5, 1543387, 1
3, 5, 7, 12, 320072929, 337042750, 6, 4, 1861143, 1
3, 5, 7, 12, 320072929, 337042750, 6, 3, 1935894, 1
3, 5, 7, 12, 320072929, 337042750, 6, 2, 2613456, 1
3, 5, 7, 12, 320072929, 337042750, 6, 1, 2277436, 0
3, 5, 7, 12, 320072929, 337042750, 6, 0, 276958, 0
3, 5, 7, 12, 320072929, 337042750, 5, 7, 2675281, 1
3, 5, 7, 12, 320072929, 337042750, 5, 6, 2986469, 1
3, 5, 7, 12, 320072929, 337042750, 5, 5, 1440073, 1
3, 5, 7, 12, 320072929, 337042750, 5, 4, 1738018, 1
3, 5, 7, 12, 320072929, 337042750, 5, 3, 1712730, 1
3, 5, 7, 12, 320072929, 337042750, 5, 2, 2317223, 1
3, 5, 7, 12, 320072929, 337042750, 5, 1, 1520940, 0
3, 5, 7, 12, 320072929, 337042750, 5, 0, 332350, 0
3, 5, 7, 12, 320072929, 337042750, 4, 7, 2204136, 1
3, 5, 7, 12, 320072929, 337042750, 4, 6, 2431421, 1
3, 5, 7, 12, 320072929, 337042750, 4, 5, 1218412, 1
3, 5, 7, 12, 320072929, 337042750, 4, 4, 1472248, 1
3, 5, 7, 12, 320072929, 337042750, 4, 3, 1280221, 1
3, 5, 7, 12, 320072929, 337042750, 4, 2, 1737443, 1
3, 5, 7, 12, 320072929, 337042750, 4, 1, 184639, 0
3, 5, 7, 12, 320072929, 337042750, 4, 0, 415437, 0
3, 5, 7, 12, 320072929, 337042750, 3, 7, 1947836, 1
3, 5, 7, 12, 320072929, 337042750, 3, 6, 2114442, 1
3, 5, 7, 12, 320072929, 337042750, 3, 5, 1536258, 1
3, 5, 7, 12, 320072929, 337042750, 3, 4, 1859681, 1
3, 5, 7, 12, 320072929, 337042750, 3, 3, 1621614, 1
3, 5, 7, 12, 320072929, 337042750, 3, 2, 2211291, 1
3, 5, 7, 12, 320072929, 337042750, 3, 1, 237393, 0
3, 5, 7, 12, 320072929, 337042750, 3, 0, 553916, 0
3, 5, 7, 12, 320072929, 337042750, 2, 7, 2553094, 1
3, 5, 7, 12, 320072929, 337042750, 2, 6, 2771409, 1
3, 5, 7, 12, 320072929, 337042750, 2, 5, 1980717, 1
3, 5, 7, 12, 320072929, 337042750, 2, 4, 2405156, 1
3, 5, 7, 12, 320072929, 337042750, 2, 3, 2060223, 1
3, 5, 7, 12, 320072929, 337042750, 2, 2, 2832807, 1
3, 5, 7, 12, 320072929, 337042750, 2, 1, 1, 1
3, 5, 7, 12, 320072929, 337042750, 2, 0, 1, 0
3, 5, 7, 12, 320072929, 337042750, 1, 7, 3695212, 1
3, 5, 7, 12, 320072929, 337042750, 1, 6, 4263706, 1
3, 5, 7, 12, 320072929, 337042750, 1, 5, 3061108, 1
3, 5, 7, 12, 320072929, 337042750, 1, 4, 3741354, 1
3, 5, 7, 12, 320072929, 337042750, 1, 3, 3237493, 1
3, 5, 7, 12, 320072929, 337042750, 1, 2, 4532491, 1
3, 5, 7, 12, 320072929, 337042750, 1, 1, 1, 1
3, 5, 7, 12, 320072929, 337042750, 1, 0, 1, 0
3, 5, 7, 12, 320072929, 337042750, 0, 7, 7918310, 1
3, 5, 7, 12, 320072929, 337042750, 0, 6, 9238028, 1
3, 5, 7, 12, 320072929, 337042750, 0, 5, 6734437, 1
3, 5, 7, 12, 320072929, 337042750, 0, 4, 8418046, 1
3, 5, 7, 12, 320072929, 337042750, 0, 3, 7554151, 1
3, 5, 7, 12, 320072929, 337042750, 0, 2, 11331226, 1
3, 5, 7, 12, 320072929, 337042750, 0, 1, 1, 1
3, 6, 7, 12, 337042751, 446055865, 12, 7, 683646254, 1
3, 6, 7, 12, 337042751, 446055865, 12, 6, 679145614, 1
3, 6, 7, 12, 337042751, 446055865, 12, 5, 667326787, 1
3, 6, 7, 12, 337042751, 446055865, 12, 4, 631444005, 1
3, 6, 7, 12, 337042751, 446055865, 12, 3, 608112811, 1
3, 6, 7, 12, 337042751, 446055865, 12, 2, 608703148, 0
3, 6, 7, 12, 337042751, 446055865, 12, 1, 585759193, 0
3, 6, 7, 12, 337042751, 446055865, 12, 0, 615780955, 0
3, 6, 7, 12, 337042751, 446055865, 11, 7, 692690690, 1
3, 6, 7, 12, 337042751, 446055865, 11, 6, 692559892, 1
3, 6, 7, 12, 337042751, 446055865, 11, 5, 684337989, 1
3, 6, 7, 12, 337042751, 446055865, 11, 4, 650931933, 1
3, 6, 7, 12, 337042751, 446055865, 11, 3, 637499020, 1
3, 6, 7, 12, 337042751, 446055865, 11, 2, 633928035, 0
3, 6, 7, 12, 337042751, 446055865, 11, 1, 636694775, 0
3, 6, 7, 12, 337042751, 446055865, 11, 0, 671761041, 0
3, 6, 7, 12, 337042751, 446055865, 10, 7, 723027334, 1
3, 6, 7, 12, 337042751, 446055865, 10, 6, 730806426, 1
3, 6, 7, 12, 337042751, 446055865, 10, 5, 732746856, 1
3, 6, 7, 12, 337042751, 446055865, 10, 4, 711203409, 1
3, 6, 7, 12, 337042751, 446055865, 10, 3, 696801255, 0
3, 6, 7, 12, 337042751, 446055865, 10, 2, 693358788, 0
3, 6, 7, 12, 337042751, 446055865, 10, 1, 697332373, 0
3, 6, 7, 12, 337042751, 446055865, 10, 0, 738937145, 0
3, 6, 7, 12, 337042751, 446055865, 9, 7, 700621463, 1
3, 6, 7, 12, 337042751, 446055865, 9, 6, 708669393, 1
3, 6, 7, 12, 337042751, 446055865, 9, 5, 709694333, 1
3, 6, 7, 12, 337042751, 446055865, 9, 4, 685776033, 1
3, 6, 7, 12, 337042751, 446055865, 9, 3, 669321819, 0
3, 6, 7, 12, 337042751, 446055865, 9, 2, 666133869, 0
3, 6, 7, 12, 337042751, 446055865, 9, 1, 664860450, 0
3, 6, 7, 12, 337042751, 446055865, 9, 0, 712254578, 0
3, 6, 7, 12, 337042751, 446055865, 8, 7, 698753373, 1
3, 6, 7, 12, 337042751, 446055865, 8, 6, 696138420, 1
3, 6, 7, 12, 337042751, 446055865, 8, 5, 698711886, 1
3, 6, 7, 12, 337042751, 446055865, 8, 4, 675819991, 1
3, 6, 7, 12, 337042751, 446055865, 8, 3, 640439161, 1
3, 6, 7, 12, 337042751, 446055865, 8, 2, 635378649, 0
3, 6, 7, 12, 337042751, 446055865, 8, 1, 634582690, 0
3, 6, 7, 12, 337042751, 446055865, 8, 0, 678405772, 0
3, 6, 7, 12, 337042751, 446055865, 7, 7, 691696584, 1
3, 6, 7, 12, 337042751, 446055865, 7, 6, 690040276, 1
3, 6, 7, 12, 337042751, 446055865, 7, 5, 679845760, 1
3, 6, 7, 12, 337042751, 446055865, 7, 4, 652893423, 1
3, 6, 7, 12, 337042751, 446055865, 7, 3, 612879222, 1
3, 6, 7, 12, 337042751, 446055865, 7, 2, 609894182, 0
3, 6, 7, 12, 337042751, 446055865, 7, 1, 609663482, 0
3, 6, 7, 12, 337042751, 446055865, 7, 0, 663797633, 0
3, 6, 7, 12, 337042751, 446055865, 6, 7, 679910066, 1
3, 6, 7, 12, 337042751, 446055865, 6, 6, 678522945, 1
3, 6, 7, 12, 337042751, 446055865, 6, 5, 671979178, 1
3, 6, 7, 12, 337042751, 446055865, 6, 4, 648244741, 1
3, 6, 7, 12, 337042751, 446055865, 6, 3, 614177043, 1
3, 6, 7, 12, 337042751, 446055865, 6, 2, 594336941, 0
3, 6, 7, 12, 337042751, 446055865, 6, 1, 611894167, 0
3, 6, 7, 12, 337042751, 446055865, 6, 0, 624524177, 0
3, 6, 7, 12, 337042751, 446055865, 5, 7, 676848992, 1
3, 6, 7, 12, 337042751, 446055865, 5, 6, 677697211, 1
3, 6, 7, 12, 337042751, 446055865, 5, 5, 676640184, 1
3, 6, 7, 12, 337042751, 446055865, 5, 4, 657454424, 1
3, 6, 7, 12, 337042751, 446055865, 5, 3, 632389227, 1
3, 6, 7, 12, 337042751, 446055865, 5, 2, 594328605, 1
3, 6, 7, 12, 337042751, 446055865, 5, 1, 574050571, 0
3, 6, 7, 12, 337042751, 446055865, 5, 0, 561629036, 0
3, 6, 7, 12, 337042751, 446055865, 4, 7, 669695889, 1
3, 6, 7, 12, 337042751, 446055865, 4, 6, 656671667, 1
3, 6, 7, 12, 337042751, 446055865, 4, 5, 658334983, 1
3, 6, 7, 12, 337042751, 446055865, 4, 4, 634894186, 1
3, 6, 7, 12, 337042751, 446055865, 4, 3, 613217312, 1
3, 6, 7, 12, 337042751, 446055865, 4, 2, 582953072, 0
3, 6, 7, 12, 337042751, 446055865, 4, 1, 582113948, 0
3, 6, 7, 12, 337042751, 446055865, 4, 0, 656073420, 0
3, 6, 7, 12, 337042751, 446055865, 3, 7, 728797752, 1
3, 6, 7, 12, 337042751, 446055865, 3, 6, 725233641, 1
3, 6, 7, 12, 337042751, 446055865, 3, 5, 752584467, 1
3, 6, 7, 12, 337042751, 446055865, 3, 4, 714223776, 1
3, 6, 7, 12, 337042751, 446055865, 3, 3, 687824131, 0
3, 6, 7, 12, 337042751, 446055865, 3, 2, 651001617, 0
3, 6, 7, 12, 337042751, 446055865, 3, 1, 653163150, 0
3, 6, 7, 12, 337042751, 446055865, 3, 0, 763617313, 0
3, 6, 7, 12, 337042751, 446055865, 2, 7, 824094096, 0
3, 6, 7, 12, 337042751, 446055865, 2, 6, 843581972, 0
3, 6, 7, 12, 337042751, 446055865, 2, 5, 864157292, 0
3, 6, 7, 12, 337042751, 446055865, 2, 4, 850217360, 0
3, 6, 7, 12, 337042751, 446055865, 2, 3, 816690454, 0
3, 6, 7, 12, 337042751, 446055865, 2, 2, 770086570, 0
3, 6, 7, 12, 337042751, 446055865, 2, 1, 781051713, 0
3, 6, 7, 12, 337042751, 446055865, 2, 0, 978705098, 0
3, 6, 7, 12, 337042751, 446055865, 1, 7, 850586596, 0
3, 6, 7, 12, 337042751, 446055865, 1, 6, 844746879, 0
3, 6, 7, 12, 337042751, 446055865, 1, 5, 820050736, 0
3, 6, 7, 12, 337042751, 446055865, 1, 4, 793971600, 0
3, 6, 7, 12, 337042751, 446055865, 1, 3, 737548635, 0
3, 6, 7, 12, 337042751, 446055865, 1, 2, 659788153, 0
3, 6, 7, 12, 337042751, 446055865, 1, 1, 665597320, 0
3, 6, 7, 12, 337042751, 446055865, 1, 0, 978229058, 0
3, 6, 7, 12, 337042751, 446055865, 0, 7, 823365357, 1
3, 6, 7, 12, 337042751, 446055865, 0, 6, 831736270, 1
3, 6, 7, 12, 337042751, 446055865, 0, 5, 804550963, 1
3, 6, 7, 12, 337042751, 446055865, 0, 4, 768457820, 1
3, 6, 7, 12, 337042751, 446055865, 0, 3, 689797533, 1
3, 6, 7, 12, 337042751, 446055865, 0, 2, 574041525, 1
3, 6, 7, 12, 337042751, 446055865, 0, 1, 130141390, 1
3, 7, 7, 12, 446055866, 492481616, 12, 7, 53620598, 1
3, 7, 7, 12, 446055866, 492481616, 12, 6, 52268488, 1
3, 7, 7, 12, 446055866, 492481616, 12, 5, 51168592, 1
3, 7, 7, 12, 446055866, 492481616, 12, 4, 45743015, 1
3, 7, 7, 12, 446055866, 492481616, 12, 3, 45080864, 1
3, 7, 7, 12, 446055866, 492481616, 12, 2, 44123850, 1
3, 7, 7, 12, 446055866, 492481616, 12, 1, 36508515, 1
3, 7, 7, 12, 446055866, 492481616, 12, 0, 30955131, 0
3, 7, 7, 12, 446055866, 492481616, 11, 7, 53509049, 1
3, 7, 7, 12, 446055866, 492481616, 11, 6, 52823104, 1
3, 7, 7, 12, 446055866, 492481616, 11, 5, 52630427, 1
3, 7, 7, 12, 446055866, 492481616, 11, 4, 46560270, 1
3, 7, 7, 12, 446055866, 492481616, 11, 3, 45077171, 1
3, 7, 7, 12, 446055866, 492481616, 11, 2, 42748837, 1
3, 7, 7, 12, 446055866, 492481616, 11, 1, 36387873, 1
3, 7, 7, 12, 446055866, 492481616, 11, 0, 33769234, 0
3, 7, 7, 12, 446055866, 492481616, 10, 7, 56630576, 1
3, 7, 7, 12, 446055866, 492481616, 10, 6, 55629186, 1
3, 7, 7, 12, 446055866, 492481616, 10, 5, 56122909, 1
3, 7, 7, 12, 446055866, 492481616, 10, 4, 50871406, 1
3, 7, 7, 12, 446055866, 492481616, 10, 3, 49270396, 1
3, 7, 7, 12, 446055866, 492481616, 10, 2, 46756540, 1
3, 7, 7, 12, 446055866, 492481616, 10, 1, 39853385, 1
3, 7, 7, 12, 446055866, 492481616, 10, 0, 37146157, 0
3, 7, 7, 12, 446055866, 492481616, 9, 7, 54956777, 1
3, 7, 7, 12, 446055866, 492481616, 9, 6, 52790483, 1
3, 7, 7, 12, 446055866, 492481616, 9, 5, 52573403, 1
3, 7, 7, 12, 446055866, 492481616, 9, 4, 46721369, 1
3, 7, 7, 12, 446055866, 492481616, 9, 3, 42920166, 1
3, 7, 7, 12, 446055866, 492481616, 9, 2, 40345830, 1
3, 7, 7, 12, 446055866, 492481616, 9, 1, 33986447, 1
3, 7, 7, 12, 446055866, 492481616, 9, 0, 35509063, 0
3, 7, 7, 12, 446055866, 492481616, 8, 7, 55367260, 1
3, 7, 7, 12, 446055866, 492481616, 8, 6, 53686916, 1
3, 7, 7, 12, 446055866, 492481616, 8, 5, 52601439, 1
3, 7, 7, 12, 446055866, 492481616, 8, 4, 46456715, 1
3, 7, 7, 12, 446055866, 492481616, 8, 3, 40818139, 1
3, 7, 7, 12, 446055866, 492481616, 8, 2, 37866715, 1
3, 7, 7, 12, 446055866, 492481616, 8, 1, 33122853, 1
3, 7, 7, 12, 446055866, 492481616, 8, 0, 31183127, 0
3, 7, 7, 12, 446055866, 492481616, 7, 7, 52598355, 1
3, 7, 7, 12, 446055866, 492481616, 7, 6, 50784705, 1
3, 7, 7, 12, 446055866, 492481616, 7, 5, 50404494, 1
3, 7, 7, 12, 446055866, 492481616, 7, 4, 46525099, 1
3, 7, 7, 12, 446055866, 492481616, 7, 3, 41562184, 1
3, 7, 7, 12, 446055866, 492481616, 7, 2, 38640979, 1
3, 7, 7, 12, 446055866, 492481616, 7, 1, 34739092, 1
3, 7, 7, 12, 446055866, 492481616, 7, 0, 29637557, 0
3, 7, 7, 12, 446055866, 492481616, 6, 7, 52058065, 1
3, 7, 7, 12, 446055866, 492481616, 6, 6, 51138475, 1
3, 7, 7, 12, 446055866, 492481616, 6, 5, 52152708, 1
3, 7, 7, 12, 446055866, 492481616, 6, 4, 49173831, 1
3, 7, 7, 12, 446055866, 492481616, 6, 3, 47252447, 1
3, 7, 7, 12, 446055866, 492481616, 6, 2, 43806543, 1
3, 7, 7, 12, 446055866, 492481616, 6, 1, 39113441, 1
3, 7, 7, 12, 446055866, 492481616, 6, 0, 32475209, 0
3, 7, 7, 12, 446055866, 492481616, 5, 7, 50498079, 1
3, 7, 7, 12, 446055866, 492481616, 5, 6, 47923486, 1
3, 7, 7, 12, 446055866, 492481616, 5, 5, 48051679, 1
3, 7, 7, 12, 446055866, 492481616, 5, 4, 44803296, 1
3, 7, 7, 12, 446055866, 492481616, 5, 3, 40102013, 1
3, 7, 7, 12, 446055866, 492481616, 5, 2, 40099741, 1
3, 7, 7, 12, 446055866, 492481616, 5, 1, 36436492, 1
3, 7, 7, 12, 446055866, 492481616, 5, 0, 17435586, 0
3, 7, 7, 12, 446055866, 492481616, 4, 7, 49290471, 1
3, 7, 7, 12, 446055866, 492481616, 4, 6, 44522988, 1
3, 7, 7, 12, 446055866, 492481616, 4, 5, 42438877, 1
3, 7, 7, 12, 446055866, 492481616, 4, 4, 38666502, 1
3, 7, 7, 12, 446055866, 492481616, 4, 3, 33970236, 1
3, 7, 7, 12, 446055866, 492481616, 4, 2, 31114445, 1
3, 7, 7, 12, 446055866, 492481616, 4, 1, 28126616, 1
3, 7, 7, 12, 446055866, 492481616, 4, 0, 19820131, 0
3, 7, 7, 12, 446055866, 492481616, 3, 7, 56184258, 1
3, 7, 7, 12, 446055866, 492481616, 3, 6, 54045403, 1
3, 7, 7, 12, 446055866, 492481616, 3, 5, 53509888, 1
3, 7, 7, 12, 446055866, 492481616, 3, 4, 48841897, 1
3, 7, 7, 12, 446055866, 492481616, 3, 3, 43028966, 1
3, 7, 7, 12, 446055866, 492481616, 3, 2, 39600203, 1
3, 7, 7, 12, 446055866, 492481616, 3, 1, 36162792, 1
3, 7, 7, 12, 446055866, 492481616, 3, 0, 26426841, 0
3, 7, 7, 12, 446055866, 492481616, 2, 7, 63539585, 1
3, 7, 7, 12, 446055866, 492481616, 2, 6, 66360230, 1
3, 7, 7, 12, 446055866, 492481616, 2, 5, 69497735, 1
3, 7, 7, 12, 446055866, 492481616, 2, 4, 66285432, 1
3, 7, 7, 12, 446055866, 492481616, 2, 3, 58675863, 1
3, 7, 7, 12, 446055866, 492481616, 2, 2, 54450279, 1
3, 7, 7, 12, 446055866, 492481616, 2, 1, 50627908, 1
3, 7, 7, 12, 446055866, 492481616, 2, 0, 39640262, 0
3, 7, 7, 12, 446055866, 492481616, 1, 7, 64734505, 1
3, 7, 7, 12, 446055866, 492481616, 1, 6, 64370133, 1
3, 7, 7, 12, 446055866, 492481616, 1, 5, 62824420, 1
3, 7, 7, 12, 446055866, 492481616, 1, 4, 60329507, 1
3, 7, 7, 12, 446055866, 492481616, 1, 3, 47805930, 1
3, 7, 7, 12, 446055866, 492481616, 1, 2, 45195293, 1
3, 7, 7, 12, 446055866, 492481616, 1, 1, 27636756, 1
3, 7, 7, 12, 446055866, 492481616, 1, 0, 1, 0
3, 7, 7, 12, 446055866, 492481616, 0, 7, 67123210, 1
3, 7, 7, 12, 446055866, 492481616, 0, 6, 78310411, 1
3, 7, 7, 12, 446055866, 492481616, 0, 5, 82749317, 1
3, 7, 7, 12, 446055866, 492481616, 0, 4, 78620819, 1
3, 7, 7, 12, 446055866, 492481616, 0, 3, 70944503, 1
3, 7, 7, 12, 446055866, 492481616, 0, 2, 64974742, 1
3, 7, 7, 12, 446055866, 492481616, 0, 1, 82910266, 1
3, 8, 7, 12, 492481617, 800545030, 12, 7, 315412503, 1
3, 8, 7, 12, 492481617, 800545030, 12, 6, 332282526, 1
3, 8, 7, 12, 492481617, 800545030, 12, 5, 318192733, 1
3, 8, 7, 12, 492481617, 800545030, 12, 4, 288470521, 1
3, 8, 7, 12, 492481617, 800545030, 12, 3, 270102347, 1
3, 8, 7, 12, 492481617, 800545030, 12, 2, 291115832, 1
3, 8, 7, 12, 492481617, 800545030, 12, 1, 323400305, 0
3, 8, 7, 12, 492481617, 800545030, 12, 0, 413206157, 0
3, 8, 7, 12, 492481617, 800545030, 11, 7, 299332300, 1
3, 8, 7, 12, 492481617, 800545030, 11, 6, 322917655, 1
3, 8, 7, 12, 492481617, 800545030, 11, 5, 308605557, 1
3, 8, 7, 12, 492481617, 800545030, 11, 4, 277723451, 1
3, 8, 7, 12, 492481617, 800545030, 11, 3, 268613593, 1
3, 8, 7, 12, 492481617, 800545030, 11, 2, 286426816, 1
3, 8, 7, 12, 492481617, 800545030, 11, 1, 306414981, 0
3, 8, 7, 12, 492481617, 800545030, 11, 0, 356455531, 0
3, 8, 7, 12, 492481617, 800545030, 10, 7, 290617897, 1
3, 8, 7, 12, 492481617, 800545030, 10, 6, 311175710, 1
3, 8, 7, 12, 492481617, 800545030, 10, 5, 303120282, 1
3, 8, 7, 12, 492481617, 800545030, 10, 4, 279083310, 1
3, 8, 7, 12, 492481617, 800545030, 10, 3, 287221867, 1
3, 8, 7, 12, 492481617, 800545030, 10, 2, 304707500, 1
3, 8, 7, 12, 492481617, 800545030, 10, 1, 322535523, 0
3, 8, 7, 12, 492481617, 800545030, 10, 0, 364671226, 0
3, 8, 7, 12, 492481617, 800545030, 9, 7, 299497917, 1
3, 8, 7, 12, 492481617, 800545030, 9, 6, 323921980, 1
3, 8, 7, 12, 492481617, 800545030, 9, 5, 311933577, 1
3, 8, 7, 12, 492481617, 800545030, 9, 4, 287682567, 1
3, 8, 7, 12, 492481617, 800545030, 9, 3, 291704803, 1
3, 8, 7, 12, 492481617, 800545030, 9, 2, 313836942, 1
3, 8, 7, 12, 492481617, 800545030, 9, 1, 339397982, 0
3, 8, 7, 12, 492481617, 800545030, 9, 0, 405190251, 0
3, 8, 7, 12, 492481617, 800545030, 8, 7, 314797417, 1
3, 8, 7, 12, 492481617, 800545030, 8, 6, 339546440, 1
3, 8, 7, 12, 492481617, 800545030, 8, 5, 328868453, 1
3, 8, 7, 12, 492481617, 800545030, 8, 4, 298236199, 1
3, 8, 7, 12, 492481617, 800545030, 8, 3, 297212409, 1
3, 8, 7, 12, 492481617, 800545030, 8, 2, 312585321, 1
3, 8, 7, 12, 492481617, 800545030, 8, 1, 341129000, 0
3, 8, 7, 12, 492481617, 800545030, 8, 0, 415253491, 0
3, 8, 7, 12, 492481617, 800545030, 7, 7, 335039718, 1
3, 8, 7, 12, 492481617, 800545030, 7, 6, 366062714, 1
3, 8, 7, 12, 492481617, 800545030, 7, 5, 357035306, 1
3, 8, 7, 12, 492481617, 800545030, 7, 4, 319821131, 1
3, 8, 7, 12, 492481617, 800545030, 7, 3, 314615021, 1
3, 8, 7, 12, 492481617, 800545030, 7, 2, 325123899, 1
3, 8, 7, 12, 492481617, 800545030, 7, 1, 364967244, 0
3, 8, 7, 12, 492481617, 800545030, 7, 0, 428191942, 0
3, 8, 7, 12, 492481617, 800545030, 6, 7, 348352659, 1
3, 8, 7, 12, 492481617, 800545030, 6, 6, 385625575, 1
3, 8, 7, 12, 492481617, 800545030, 6, 5, 377607855, 1
3, 8, 7, 12, 492481617, 800545030, 6, 4, 338205033, 1
3, 8, 7, 12, 492481617, 800545030, 6, 3, 337173962, 1
3, 8, 7, 12, 492481617, 800545030, 6, 2, 341424051, 0
3, 8, 7, 12, 492481617, 800545030, 6, 1, 396140333, 0
3, 8, 7, 12, 492481617, 800545030, 6, 0, 445443211, 0
3, 8, 7, 12, 492481617, 800545030, 5, 7, 375532778, 1
3, 8, 7, 12, 492481617, 800545030, 5, 6, 414650534, 1
3, 8, 7, 12, 492481617, 800545030, 5, 5, 399216181, 1
3, 8, 7, 12, 492481617, 800545030, 5, 4, 355665509, 1
3, 8, 7, 12, 492481617, 800545030, 5, 3, 358422172, 1
3, 8, 7, 12, 492481617, 800545030, 5, 2, 363477197, 0
3, 8, 7, 12, 492481617, 800545030, 5, 1, 409132334, 0
3, 8, 7, 12, 492481617, 800545030, 5, 0, 469594987, 0
3, 8, 7, 12, 492481617, 800545030, 4, 7, 405715271, 1
3, 8, 7, 12, 492481617, 800545030, 4, 6, 446280203, 1
3, 8, 7, 12, 492481617, 800545030, 4, 5, 430003644, 1
3, 8, 7, 12, 492481617, 800545030, 4, 4, 367159962, 1
3, 8, 7, 12, 492481617, 800545030, 4, 3, 354802594, 1
3, 8, 7, 12, 492481617, 800545030, 4, 2, 334046549, 1
3, 8, 7, 12, 492481617, 800545030, 4, 1, 369186593, 0
3, 8, 7, 12, 492481617, 800545030, 4, 0, 373720733, 0
3, 8, 7, 12, 492481617, 800545030, 3, 7, 472023392, 1
3, 8, 7, 12, 492481617, 800545030, 3, 6, 517902092, 1
3, 8, 7, 12, 492481617, 800545030, 3, 5, 533792388, 1
3, 8, 7, 12, 492481617, 800545030, 3, 4, 463781004, 1
3, 8, 7, 12, 492481617, 800545030, 3, 3, 449416619, 1
3, 8, 7, 12, 492481617, 800545030, 3, 2, 425150154, 0
3, 8, 7, 12, 492481617, 800545030, 3, 1, 474668476, 0
3, 8, 7, 12, 492481617, 800545030, 3, 0, 498294310, 0
3, 8, 7, 12, 492481617, 800545030, 2, 7, 537358488, 0
3, 8, 7, 12, 492481617, 800545030, 2, 6, 585493828, 0
3, 8, 7, 12, 492481617, 800545030, 2, 5, 646034524, 1
3, 8, 7, 12, 492481617, 800545030, 2, 4, 605392030, 0
3, 8, 7, 12, 492481617, 800545030, 2, 3, 588290151, 0
3, 8, 7, 12, 492481617, 800545030, 2, 2, 550824258, 0
3, 8, 7, 12, 492481617, 800545030, 2, 1, 610524342, 0
3, 8, 7, 12, 492481617, 800545030, 2, 0, 679927059, 0
3, 8, 7, 12, 492481617, 800545030, 1, 7, 553937806, 1
3, 8, 7, 12, 492481617, 800545030, 1, 6, 589207572, 1
3, 8, 7, 12, 492481617, 800545030, 1, 5, 637302707, 1
3, 8, 7, 12, 492481617, 800545030, 1, 4, 593954357, 1
3, 8, 7, 12, 492481617, 800545030, 1, 3, 510827580, 1
3, 8, 7, 12, 492481617, 800545030, 1, 2, 493209256, 0
3, 8, 7, 12, 492481617, 800545030, 1, 1, 448858178, 0
3, 8, 7, 12, 492481617, 800545030, 1, 0, 497496277, 0
3, 8, 7, 12, 492481617, 800545030, 0, 7, 593896778, 1
3, 8, 7, 12, 492481617, 800545030, 0, 6, 638765519, 1
3, 8, 7, 12, 492481617, 800545030, 0, 5, 701581757, 1
3, 8, 7, 12, 492481617, 800545030, 0, 4, 669632011, 1
3, 8, 7, 12, 492481617, 800545030, 0, 3, 586739105, 1
3, 8, 7, 12, 492481617, 800545030, 0, 2, 442485572, 1
3, 8, 7, 12, 492481617, 800545030, 0, 1, 1, 1
3, 9, 7, 12, 800545031, 912807090, 12, 7, 122160429, 0
3, 9, 7, 12, 800545031, 912807090, 12, 6, 128460023, 0
3, 9, 7, 12, 800545031, 912807090, 12, 5, 138139300, 0
3, 9, 7, 12, 800545031, 912807090, 12, 4, 154989607, 0
3, 9, 7, 12, 800545031, 912807090, 12, 3, 172915122, 0
3, 9, 7, 12, 800545031, 912807090, 12, 2, 186624921, 0
3, 9, 7, 12, 800545031, 912807090, 12, 1, 201330555, 0
3, 9, 7, 12, 800545031, 912807090, 12, 0, 184735187, 0
3, 9, 7, 12, 800545031, 912807090, 11, 7, 112067256, 0
3, 9, 7, 12, 800545031, 912807090, 11, 6, 115967075, 0
3, 9, 7, 12, 800545031, 912807090, 11, 5, 122543539, 0
3, 9, 7, 12, 800545031, 912807090, 11, 4, 135308475, 0
3, 9, 7, 12, 800545031, 912807090, 11, 3, 146436944, 0
3, 9, 7, 12, 800545031, 912807090, 11, 2, 147303204, 0
3, 9, 7, 12, 800545031, 912807090, 11, 1, 141355084, 0
3, 9, 7, 12, 800545031, 912807090, 11, 0, 113737233, 0
3, 9, 7, 12, 800545031, 912807090, 10, 7, 82619961, 0
3, 9, 7, 12, 800545031, 912807090, 10, 6, 81142296, 0
3, 9, 7, 12, 800545031, 912807090, 10, 5, 80648286, 0
3, 9, 7, 12, 800545031, 912807090, 10, 4, 83791617, 0
3, 9, 7, 12, 800545031, 912807090, 10, 3, 81991767, 0
3, 9, 7, 12, 800545031, 912807090, 10, 2, 84181776, 0
3, 9, 7, 12, 800545031, 912807090, 10, 1, 86878940, 0
3, 9, 7, 12, 800545031, 912807090, 10, 0, 82535640, 0
3, 9, 7, 12, 800545031, 912807090, 9, 7, 81288535, 0
3, 9, 7, 12, 800545031, 912807090, 9, 6, 79419405, 0
3, 9, 7, 12, 800545031, 912807090, 9, 5, 78551353, 0
3, 9, 7, 12, 800545031, 912807090, 9, 4, 81559292, 0
3, 9, 7, 12, 800545031, 912807090, 9, 3, 80014704, 0
3, 9, 7, 12, 800545031, 912807090, 9, 2, 81655555, 0
3, 9, 7, 12, 800545031, 912807090, 9, 1, 85364288, 0
3, 9, 7, 12, 800545031, 912807090, 9, 0, 78009659, 0
3, 9, 7, 12, 800545031, 912807090, 8, 7, 80482932, 0
3, 9, 7, 12, 800545031, 912807090, 8, 6, 78585970, 0
3, 9, 7, 12, 800545031, 912807090, 8, 5, 75979642, 0
3, 9, 7, 12, 800545031, 912807090, 8, 4, 79819682, 0
3, 9, 7, 12, 800545031, 912807090, 8, 3, 77585741, 0
3, 9, 7, 12, 800545031, 912807090, 8, 2, 78546360, 0
3, 9, 7, 12, 800545031, 912807090, 8, 1, 80904854, 0
3, 9, 7, 12, 800545031, 912807090, 8, 0, 72352182, 0
3, 9, 7, 12, 800545031, 912807090, 7, 7, 81058403, 0
3, 9, 7, 12, 800545031, 912807090, 7, 6, 78981603, 0
3, 9, 7, 12, 800545031, 912807090, 7, 5, 76124379, 0
3, 9, 7, 12, 800545031, 912807090, 7, 4, 78538226, 0
3, 9, 7, 12, 800545031, 912807090, 7, 3, 77086942, 0
3, 9, 7, 12, 800545031, 912807090, 7, 2, 74626070, 0
3, 9, 7, 12, 800545031, 912807090, 7, 1, 78189751, 0
3, 9, 7, 12, 800545031, 912807090, 7, 0, 65078283, 0
3, 9, 7, 12, 800545031, 912807090, 6, 7, 78918855, 0
3, 9, 7, 12, 800545031, 912807090, 6, 6, 77106568, 0
3, 9, 7, 12, 800545031, 912807090, 6, 5, 73518042, 0
3, 9, 7, 12, 800545031, 912807090, 6, 4, 77136888, 0
3, 9, 7, 12, 800545031, 912807090, 6, 3, 75134273, 0
3, 9, 7, 12, 800545031, 912807090, 6, 2, 71729829, 0
3, 9, 7, 12, 800545031, 912807090, 6, 1, 78024053, 0
3, 9, 7, 12, 800545031, 912807090, 6, 0, 62713532, 0
3, 9, 7, 12, 800545031, 912807090, 5, 7, 78933061, 0
3, 9, 7, 12, 800545031, 912807090, 5, 6, 75664514, 0
3, 9, 7, 12, 800545031, 912807090, 5, 5, 72532543, 0
3, 9, 7, 12, 800545031, 912807090, 5, 4, 76769664, 0
3, 9, 7, 12, 800545031, 912807090, 5, 3, 74415575, 0
3, 9, 7, 12, 800545031, 912807090, 5, 2, 70399777, 0
3, 9, 7, 12, 800545031, 912807090, 5, 1, 77798102, 0
3, 9, 7, 12, 800545031, 912807090, 5, 0, 59402881, 0
3, 9, 7, 12, 800545031, 912807090, 4, 7, 74351508, 0
3, 9, 7, 12, 800545031, 912807090, 4, 6, 69746083, 0
3, 9, 7, 12, 800545031, 912807090, 4, 5, 66587249, 0
3, 9, 7, 12, 800545031, 912807090, 4, 4, 72582540, 0
3, 9, 7, 12, 800545031, 912807090, 4, 3, 68762406, 0
3, 9, 7, 12, 800545031, 912807090, 4, 2, 62213605, 0
3, 9, 7, 12, 800545031, 912807090, 4, 1, 72582540, 0
3, 9, 7, 12, 800545031, 912807090, 4, 0, 54436905, 0
3, 9, 7, 12, 800545031, 912807090, 3, 7, 56352107, 1
3, 9, 7, 12, 800545031, 912807090, 3, 6, 48068152, 1
3, 9, 7, 12, 800545031, 912807090, 3, 5, 40729142, 1
3, 9, 7, 12, 800545031, 912807090, 3, 4, 45841604, 1
3, 9, 7, 12, 800545031, 912807090, 3, 3, 43549524, 1
3, 9, 7, 12, 800545031, 912807090, 3, 2, 39590476, 1
3, 9, 7, 12, 800545031, 912807090, 3, 1, 31106803, 1
3, 9, 7, 12, 800545031, 912807090, 3, 0, 1, 0
3, 9, 7, 12, 800545031, 912807090, 2, 7, 26417774, 1
3, 9, 7, 12, 800545031, 912807090, 2, 6, 14090153, 1
3, 9, 7, 12, 800545031, 912807090, 2, 5, 1, 1
3, 9, 7, 12, 800545031, 912807090, 2, 4, 1, 1
3, 9, 7, 12, 800545031, 912807090, 2, 3, 1, 1
3, 9, 7, 12, 800545031, 912807090, 2, 2, 1, 1
3, 9, 7, 12, 800545031, 912807090, 2, 1, 1, 1
3, 9, 7, 12, 800545031, 912807090, 2, 0, 1, 0
3, 9, 7, 12, 800545031, 912807090, 1, 7, 24071323, 1
3, 9, 7, 12, 800545031, 912807090, 1, 6, 12194891, 1
3, 9, 7, 12, 800545031, 912807090, 1, 5, 1, 1
3, 9, 7, 12, 800545031, 912807090, 1, 4, 1, 1
3, 9, 7, 12, 800545031, 912807090, 1, 3, 1, 1
3, 9, 7, 12, 800545031, 912807090, 1, 2, 1, 1
3, 9, 7, 12, 800545031, 912807090, 1, 1, 1, 1
3, 9, 7, 12, 800545031, 912807090, 1, 0, 1, 0
3, 9, 7, 12, 800545031, 912807090, 0, 7, 22647654, 1
3, 9, 7, 12, 800545031, 912807090, 0, 6, 13211132, 1
3, 9, 7, 12, 800545031, 912807090, 0, 5, 1, 1
3, 9, 7, 12, 800545031, 912807090, 0, 4, 1, 1
3, 9, 7, 12, 800545031, 912807090, 0, 3, 1, 1
3, 9, 7, 12, 800545031, 912807090, 0, 2, 1, 1
3, 9, 7, 12, 800545031, 912807090, 0, 1, 1, 1
3, 10, 7, 12, 912807091, 940954644, 12, 7, 4347261, 0
3, 10, 7, 12, 912807091, 940954644, 12, 6, 4975199, 0
3, 10, 7, 12, 912807091, 940954644, 12, 5, 5815167, 0
3, 10, 7, 12, 912807091, 940954644, 12, 4, 6488257, 0
3, 10, 7, 12, 912807091, 940954644, 12, 3, 6205310, 0
3, 10, 7, 12, 912807091, 940954644, 12, 2, 6646381, 0
3, 10, 7, 12, 912807091, 940954644, 12, 1, 5063298, 0
3, 10, 7, 12, 912807091, 940954644, 12, 0, 4750446, 0
3, 10, 7, 12, 912807091, 940954644, 11, 7, 3673582, 0
3, 10, 7, 12, 912807091, 940954644, 11, 6, 4204702, 0
3, 10, 7, 12, 912807091, 940954644, 11, 5, 4915356, 0
3, 10, 7, 12, 912807091, 940954644, 11, 4, 5363912, 0
3, 10, 7, 12, 912807091, 940954644, 11, 3, 6733422, 0
3, 10, 7, 12, 912807091, 940954644, 11, 2, 7216070, 0
3, 10, 7, 12, 912807091, 940954644, 11, 1, 5503584, 0
3, 10, 7, 12, 912807091, 940954644, 11, 0, 5182304, 0
3, 10, 7, 12, 912807091, 940954644, 10, 7, 4011382, 0
3, 10, 7, 12, 912807091, 940954644, 10, 6, 4591977, 0
3, 10, 7, 12, 912807091, 940954644, 10, 5, 5369081, 0
3, 10, 7, 12, 912807091, 940954644, 10, 4, 5860571, 0
3, 10, 7, 12, 912807091, 940954644, 10, 3, 7359787, 0
3, 10, 7, 12, 912807091, 940954644, 10, 2, 7892577, 0
3, 10, 7, 12, 912807091, 940954644, 10, 1, 6027735, 0
3, 10, 7, 12, 912807091, 940954644, 10, 0, 5700535, 0
3, 10, 7, 12, 912807091, 940954644, 9, 7, 4417598, 0
3, 10, 7, 12, 912807091, 940954644, 9, 6, 5057830, 0
3, 10, 7, 12, 912807091, 940954644, 9, 5, 5915089, 0
3, 10, 7, 12, 912807091, 940954644, 9, 4, 6458588, 0
3, 10, 7, 12, 912807091, 940954644, 9, 3, 8114637, 0
3, 10, 7, 12, 912807091, 940954644, 9, 2, 8709050, 0
3, 10, 7, 12, 912807091, 940954644, 9, 1, 6662234, 0
3, 10, 7, 12, 912807091, 940954644, 9, 0, 6333928, 0
3, 10, 7, 12, 912807091, 940954644, 8, 7, 4915356, 0
3, 10, 7, 12, 912807091, 940954644, 8, 6, 5628875, 0
3, 10, 7, 12, 912807091, 940954644, 8, 5, 6584721, 0
3, 10, 7, 12, 912807091, 940954644, 8, 4, 7192519, 0
3, 10, 7, 12, 912807091, 940954644, 8, 3, 9042024, 0
3, 10, 7, 12, 912807091, 940954644, 8, 2, 9713941, 0
3, 10, 7, 12, 912807091, 940954644, 8, 1, 7446026, 0
3, 10, 7, 12, 912807091, 940954644, 8, 0, 7125668, 0
3, 10, 7, 12, 912807091, 940954644, 7, 7, 5539528, 0
3, 10, 7, 12, 912807091, 940954644, 7, 6, 6345277, 0
3, 10, 7, 12, 912807091, 940954644, 7, 5, 7425324, 0
3, 10, 7, 12, 912807091, 940954644, 7, 4, 8114637, 0
3, 10, 7, 12, 912807091, 940954644, 7, 3, 10208736, 0
3, 10, 7, 12, 912807091, 940954644, 7, 2, 10980976, 0
3, 10, 7, 12, 912807091, 940954644, 7, 1, 8438829, 0
3, 10, 7, 12, 912807091, 940954644, 7, 0, 8143621, 0
3, 10, 7, 12, 912807091, 940954644, 6, 7, 6345277, 0
3, 10, 7, 12, 912807091, 940954644, 6, 6, 7270630, 0
3, 10, 7, 12, 912807091, 940954644, 6, 5, 8511957, 0
3, 10, 7, 12, 912807091, 940954644, 6, 4, 9307965, 0
3, 10, 7, 12, 912807091, 940954644, 6, 3, 11721141, 0
3, 10, 7, 12, 912807091, 940954644, 6, 2, 12628123, 0
3, 10, 7, 12, 912807091, 940954644, 6, 1, 9737110, 0
3, 10, 7, 12, 912807091, 940954644, 6, 0, 9500891, 0
3, 10, 7, 12, 912807091, 940954644, 5, 7, 7425324, 0
3, 10, 7, 12, 912807091, 940954644, 5, 6, 8511957, 0
3, 10, 7, 12, 912807091, 940954644, 5, 5, 9971149, 0
3, 10, 7, 12, 912807091, 940954644, 5, 4, 10912787, 0
3, 10, 7, 12, 912807091, 940954644, 5, 3, 13759601, 0
3, 10, 7, 12, 912807091, 940954644, 5, 2, 14856615, 0
3, 10, 7, 12, 912807091, 940954644, 5, 1, 11507494, 0
3, 10, 7, 12, 912807091, 940954644, 5, 0, 11401069, 0
3, 10, 7, 12, 912807091, 940954644, 4, 7, 8948467, 0
3, 10, 7, 12, 912807091, 940954644, 4, 6, 10264418, 0
3, 10, 7, 12, 912807091, 940954644, 4, 5, 12034146, 0
3, 10, 7, 12, 912807091, 940954644, 4, 4, 13186284, 0
3, 10, 7, 12, 912807091, 940954644, 4, 3, 16656359, 0
3, 10, 7, 12, 912807091, 940954644, 4, 2, 18040175, 0
3, 10, 7, 12, 912807091, 940954644, 4, 1, 14064715, 0
3, 10, 7, 12, 912807091, 940954644, 4, 0, 14251336, 0
3, 10, 7, 12, 912807091, 940954644, 3, 7, 3369132, 1
3, 10, 7, 12, 912807091, 940954644, 3, 6, 3868262, 1
3, 10, 7, 12, 912807091, 940954644, 3, 5, 4541003, 1
3, 10, 7, 12, 912807091, 940954644, 3, 4, 3785456, 1
3, 10, 7, 12, 912807091, 940954644, 3, 3, 4794911, 1
3, 10, 7, 12, 912807091, 940954644, 3, 2, 6538515, 1
3, 10, 7, 12, 912807091, 940954644, 3, 1, 1, 1
3, 10, 7, 12, 912807091, 940954644, 3, 0, 1, 0
3, 10, 7, 12, 912807091, 940954644, 2, 7, 4541003, 1
3, 10, 7, 12, 912807091, 940954644, 2, 6, 5222154, 1
3, 10, 7, 12, 912807091, 940954644, 2, 5, 6143710, 1
3, 10, 7, 12, 912807091, 940954644, 2, 4, 5137405, 1
3, 10, 7, 12, 912807091, 940954644, 2, 3, 6538515, 1
3, 10, 7, 12, 912807091, 940954644, 2, 2, 8990458, 1
3, 10, 7, 12, 912807091, 940954644, 2, 1, 1, 1
3, 10, 7, 12, 912807091, 940954644, 2, 0, 1, 0
3, 10, 7, 12, 912807091, 940954644, 1, 7, 6962872, 1
3, 10, 7, 12, 912807091, 940954644, 1, 6, 8034083, 1
3, 10, 7, 12, 912807091, 940954644, 1, 5, 9494825, 1
3, 10, 7, 12, 912807091, 940954644, 1, 4, 7991519, 1
3, 10, 7, 12, 912807091, 940954644, 1, 3, 10274810, 1
3, 10, 7, 12, 912807091, 940954644, 1, 2, 14384733, 1
3, 10, 7, 12, 912807091, 940954644, 1, 1, 1, 1
3, 10, 7, 12, 912807091, 940954644, 1, 0, 1, 0
3, 10, 7, 12, 912807091, 940954644, 0, 7, 1, 1
3, 10, 7, 12, 912807091, 940954644, 0, 6, 1, 1
3, 10, 7, 12, 912807091, 940954644, 0, 5, 1, 1
3, 10, 7, 12, 912807091, 940954644, 0, 4, 1, 1
3, 10, 7, 12, 912807091, 940954644, 0, 3, 1, 1
3, 10, 7, 12, 912807091, 940954644, 0, 2, 1, 1
3, 10, 7, 12, 912807091, 940954644, 0, 1, 1, 1
3, 11, 7, 12, 940954645, 1140580131, 12, 7, 54456889, 0
3, 11, 7, 12, 940954645, 1140580131, 12, 6, 62322883, 0
3, 11, 7, 12, 940954645, 1140580131, 12, 5, 72844929, 0
3, 11, 7, 12, 940954645, 1140580131, 12, 4, 87641555, 0
3, 11, 7, 12, 940954645, 1140580131, 12, 3, 108159920, 0
3, 11, 7, 12, 940954645, 1140580131, 12, 2, 120967677, 0
3, 11, 7, 12, 940954645, 1140580131, 12, 1, 132957957, 0
3, 11, 7, 12, 940954645, 1140580131, 12, 0, 145483866, 0
3, 11, 7, 12, 940954645, 1140580131, 11, 7, 44234048, 0
3, 11, 7, 12, 940954645, 1140580131, 11, 6, 50629332, 0
3, 11, 7, 12, 940954645, 1140580131, 11, 5, 59186402, 0
3, 11, 7, 12, 940954645, 1140580131, 11, 4, 71224314, 0
3, 11, 7, 12, 940954645, 1140580131, 11, 3, 87432574, 0
3, 11, 7, 12, 940954645, 1140580131, 11, 2, 91141336, 0
3, 11, 7, 12, 940954645, 1140580131, 11, 1, 83353215, 0
3, 11, 7, 12, 940954645, 1140580131, 11, 0, 87975427, 0
3, 11, 7, 12, 940954645, 1140580131, 10, 7, 11175151, 0
3, 11, 7, 12, 940954645, 1140580131, 10, 6, 12792607, 0
3, 11, 7, 12, 940954645, 1140580131, 10, 5, 14957510, 0
3, 11, 7, 12, 940954645, 1140580131, 10, 4, 18004410, 0
3, 11, 7, 12, 940954645, 1140580131, 10, 3, 20449641, 0
3, 11, 7, 12, 940954645, 1140580131, 10, 2, 20856545, 0
3, 11, 7, 12, 940954645, 1140580131, 10, 1, 11525560, 0
3, 11, 7, 12, 940954645, 1140580131, 10, 0, 10596257, 0
3, 11, 7, 12, 940954645, 1140580131, 9, 7, 12306812, 0
3, 11, 7, 12, 940954645, 1140580131, 9, 6, 14090408, 0
3, 11, 7, 12, 940954645, 1140580131, 9, 5, 16478612, 0
3, 11, 7, 12, 940954645, 1140580131, 9, 4, 19841594, 0
3, 11, 7, 12, 940954645, 1140580131, 9, 3, 22547040, 0
3, 11, 7, 12, 940954645, 1140580131, 9, 2, 23014119, 0
3, 11, 7, 12, 940954645, 1140580131, 9, 1, 12738777, 0
3, 11, 7, 12, 940954645, 1140580131, 9, 0, 11773618, 0
3, 11, 7, 12, 940954645, 1140580131, 8, 7, 13693495, 0
3, 11, 7, 12, 940954645, 1140580131, 8, 6, 15681260, 0
3, 11, 7, 12, 940954645, 1140580131, 8, 5, 18344116, 0
3, 11, 7, 12, 940954645, 1140580131, 8, 4, 22096321, 0
3, 11, 7, 12, 940954645, 1140580131, 8, 3, 25123845, 0
3, 11, 7, 12, 940954645, 1140580131, 8, 2, 25669594, 0
3, 11, 7, 12, 940954645, 1140580131, 8, 1, 14237457, 0
3, 11, 7, 12, 940954645, 1140580131, 8, 0, 13245321, 0
3, 11, 7, 12, 940954645, 1140580131, 7, 7, 14913617, 0
3, 11, 7, 12, 940954645, 1140580131, 7, 6, 17082870, 0
3, 11, 7, 12, 940954645, 1140580131, 7, 5, 19990592, 0
3, 11, 7, 12, 940954645, 1140580131, 7, 4, 24091227, 0
3, 11, 7, 12, 940954645, 1140580131, 7, 3, 28365631, 0
3, 11, 7, 12, 940954645, 1140580131, 7, 2, 29017802, 0
3, 11, 7, 12, 940954645, 1140580131, 7, 1, 16135784, 0
3, 11, 7, 12, 940954645, 1140580131, 7, 0, 15137509, 0
3, 11, 7, 12, 940954645, 1140580131, 6, 7, 17082870, 0
3, 11, 7, 12, 940954645, 1140580131, 6, 6, 19574122, 0
3, 11, 7, 12, 940954645, 1140580131, 6, 5, 22916045, 0
3, 11, 7, 12, 940954645, 1140580131, 6, 4, 27634054, 0
3, 11, 7, 12, 940954645, 1140580131, 6, 3, 32567947, 0
3, 11, 7, 12, 940954645, 1140580131, 6, 2, 33370472, 0
3, 11, 7, 12, 940954645, 1140580131, 6, 1, 18618213, 0
3, 11, 7, 12, 940954645, 1140580131, 6, 0, 17660427, 0
3, 11, 7, 12, 940954645, 1140580131, 5, 7, 19990592, 0
3, 11, 7, 12, 940954645, 1140580131, 5, 6, 22916045, 0
3, 11, 7, 12, 940954645, 1140580131, 5, 5, 26844510, 0
3, 11, 7, 12, 940954645, 1140580131, 5, 4, 32398546, 0
3, 11, 7, 12, 940954645, 1140580131, 5, 3, 38231937, 0
3, 11, 7, 12, 940954645, 1140580131, 5, 2, 39259379, 0
3, 11, 7, 12, 940954645, 1140580131, 5, 1, 22003342, 0
3, 11, 7, 12, 940954645, 1140580131, 5, 0, 21192513, 0
3, 11, 7, 12, 940954645, 1140580131, 4, 7, 24091227, 0
3, 11, 7, 12, 940954645, 1140580131, 4, 6, 27634054, 0
3, 11, 7, 12, 940954645, 1140580131, 4, 5, 32398546, 0
3, 11, 7, 12, 940954645, 1140580131, 4, 4, 39148243, 0
3, 11, 7, 12, 940954645, 1140580131, 4, 3, 46280766, 0
3, 11, 7, 12, 940954645, 1140580131, 4, 2, 47672102, 0
3, 11, 7, 12, 940954645, 1140580131, 4, 1, 26892973, 0
3, 11, 7, 12, 940954645, 1140580131, 4, 0, 26490641, 0
3, 11, 7, 12, 940954645, 1140580131, 3, 7, 19082533, 1
3, 11, 7, 12, 940954645, 1140580131, 3, 6, 21909575, 1
3, 11, 7, 12, 940954645, 1140580131, 3, 5, 25719935, 1
3, 11, 7, 12, 940954645, 1140580131, 3, 4, 31134659, 1
3, 11, 7, 12, 940954645, 1140580131, 3, 3, 37429792, 1
3, 11, 7, 12, 940954645, 1140580131, 3, 2, 41407665, 1
3, 11, 7, 12, 940954645, 1140580131, 3, 1, 4301663, 1
3, 11, 7, 12, 940954645, 1140580131, 3, 0, 1, 0
3, 11, 7, 12, 940954645, 1140580131, 2, 7, 1, 1
3, 11, 7, 12, 940954645, 1140580131, 2, 6, 1, 1
3, 11, 7, 12, 940954645, 1140580131, 2, 5, 1, 1
3, 11, 7, 12, 940954645, 1140580131, 2, 4, 1, 1
3, 11, 7, 12, 940954645, 1140580131, 2, 3, 1, 1
3, 11, 7, 12, 940954645, 1140580131, 2, 2, 1, 1
3, 11, 7, 12, 940954645, 1140580131, 2, 1, 1, 1
3, 11, 7, 12, 940954645, 1140580131, 2, 0, 1, 0
3, 11, 7, 12, 940954645, 1140580131, 1, 7, 1, 1
3, 11, 7, 12, 940954645, 1140580131, 1, 6, 1, 1
3, 11, 7, 12, 940954645, 1140580131, 1, 5, 1, 1
3, 11, 7, 12, 940954645, 1140580131, 1, 4, 1, 1
3, 11, 7, 12, 940954645, 1140580131, 1, 3, 1, 1
3, 11, 7, 12, 940954645, 1140580131, 1, 2, 1, 1
3, 11, 7, 12, 940954645, 1140580131, 1, 1, 1, 1
3, 11, 7, 12, 940954645, 1140580131, 1, 0, 1, 0
3, 11, 7, 12, 940954645, 1140580131, 0, 7, 1, 1
3, 11, 7, 12, 940954645, 1140580131, 0, 6, 1, 1
3, 11, 7, 12, 940954645, 1140580131, 0, 5, 1, 1
3, 11, 7, 12, 940954645, 1140580131, 0, 4, 1, 1
3, 11, 7, 12, 940954645, 1140580131, 0, 3, 1, 1
3, 11, 7, 12, 940954645, 1140580131, 0, 2, 1, 1
3, 11, 7, 12, 940954645, 1140580131, 0, 1, 1, 1
3, 12, 7, 12, 1140580132, 1168635768, 12, 7, 10624324, 1
3, 12, 7, 12, 1140580132, 1168635768, 12, 6, 8925547, 1
3, 12, 7, 12, 1140580132, 1168635768, 12, 5, 7979768, 0
3, 12, 7, 12, 1140580132, 1168635768, 12, 4, 7613049, 0
3, 12, 7, 12, 1140580132, 1168635768, 12, 3, 6861786, 0
3, 12, 7, 12, 1140580132, 1168635768, 12, 2, 6286114, 1
3, 12, 7, 12, 1140580132, 1168635768, 12, 1, 4465082, 0
3, 12, 7, 12, 1140580132, 1168635768, 12, 0, 3868350, 0
3, 12, 7, 12, 1140580132, 1168635768, 11, 7, 11519004, 1
3, 12, 7, 12, 1140580132, 1168635768, 11, 6, 9678304, 1
3, 12, 7, 12, 1140580132, 1168635768, 11, 5, 8654114, 0
3, 12, 7, 12, 1140580132, 1168635768, 11, 4, 8258223, 0
3, 12, 7, 12, 1140580132, 1168635768, 11, 3, 7445767, 0
3, 12, 7, 12, 1140580132, 1168635768, 11, 2, 6824924, 1
3, 12, 7, 12, 1140580132, 1168635768, 11, 1, 4853350, 0
3, 12, 7, 12, 1140580132, 1168635768, 11, 0, 4220018, 0
3, 12, 7, 12, 1140580132, 1168635768, 10, 7, 12573361, 1
3, 12, 7, 12, 1140580132, 1168635768, 10, 6, 10564162, 1
3, 12, 7, 12, 1140580132, 1168635768, 10, 5, 9446449, 0
3, 12, 7, 12, 1140580132, 1168635768, 10, 4, 9015041, 0
3, 12, 7, 12, 1140580132, 1168635768, 10, 3, 8128562, 0
3, 12, 7, 12, 1140580132, 1168635768, 10, 2, 7451544, 0
3, 12, 7, 12, 1140580132, 1168635768, 10, 1, 5315574, 0
3, 12, 7, 12, 1140580132, 1168635768, 10, 0, 4642020, 0
3, 12, 7, 12, 1140580132, 1168635768, 9, 7, 10431885, 1
3, 12, 7, 12, 1140580132, 1168635768, 9, 6, 8840998, 1
3, 12, 7, 12, 1140580132, 1168635768, 9, 5, 7138504, 0
3, 12, 7, 12, 1140580132, 1168635768, 9, 4, 7137919, 0
3, 12, 7, 12, 1140580132, 1168635768, 9, 3, 7556681, 0
3, 12, 7, 12, 1140580132, 1168635768, 9, 2, 7601203, 0
3, 12, 7, 12, 1140580132, 1168635768, 9, 1, 4926974, 0
3, 12, 7, 12, 1140580132, 1168635768, 9, 0, 5157800, 0
3, 12, 7, 12, 1140580132, 1168635768, 8, 7, 7951058, 1
3, 12, 7, 12, 1140580132, 1168635768, 8, 6, 5652179, 1
3, 12, 7, 12, 1140580132, 1168635768, 8, 5, 3993149, 0
3, 12, 7, 12, 1140580132, 1168635768, 8, 4, 3186891, 0
3, 12, 7, 12, 1140580132, 1168635768, 8, 3, 2433591, 0
3, 12, 7, 12, 1140580132, 1168635768, 8, 2, 3275988, 1
3, 12, 7, 12, 1140580132, 1168635768, 8, 1, 4475765, 0
3, 12, 7, 12, 1140580132, 1168635768, 8, 0, 3611962, 0
3, 12, 7, 12, 1140580132, 1168635768, 7, 7, 8960716, 1
3, 12, 7, 12, 1140580132, 1168635768, 7, 6, 6371548, 1
3, 12, 7, 12, 1140580132, 1168635768, 7, 5, 4502913, 0
3, 12, 7, 12, 1140580132, 1168635768, 7, 4, 3595466, 0
3, 12, 7, 12, 1140580132, 1168635768, 7, 3, 2747603, 0
3, 12, 7, 12, 1140580132, 1168635768, 7, 2, 3703291, 1
3, 12, 7, 12, 1140580132, 1168635768, 7, 1, 5072534, 0
3, 12, 7, 12, 1140580132, 1168635768, 7, 0, 4127957, 0
3, 12, 7, 12, 1140580132, 1168635768, 6, 7, 8232356, 1
3, 12, 7, 12, 1140580132, 1168635768, 6, 6, 6153909, 1
3, 12, 7, 12, 1140580132, 1168635768, 6, 5, 3819254, 0
3, 12, 7, 12, 1140580132, 1168635768, 6, 4, 2505168, 0
3, 12, 7, 12, 1140580132, 1168635768, 6, 3, 3154655, 0
3, 12, 7, 12, 1140580132, 1168635768, 6, 2, 4258785, 0
3, 12, 7, 12, 1140580132, 1168635768, 6, 1, 5852924, 0
3, 12, 7, 12, 1140580132, 1168635768, 6, 0, 4815949, 0
3, 12, 7, 12, 1140580132, 1168635768, 5, 7, 8629516, 1
3, 12, 7, 12, 1140580132, 1168635768, 5, 6, 6053544, 1
3, 12, 7, 12, 1140580132, 1168635768, 5, 5, 3125631, 0
3, 12, 7, 12, 1140580132, 1168635768, 5, 4, 1309772, 0
3, 12, 7, 12, 1140580132, 1168635768, 5, 3, 1651452, 0
3, 12, 7, 12, 1140580132, 1168635768, 5, 2, 2234317, 0
3, 12, 7, 12, 1140580132, 1168635768, 5, 1, 2626882, 0
3, 12, 7, 12, 1140580132, 1168635768, 5, 0, 5779139, 0
3, 12, 7, 12, 1140580132, 1168635768, 4, 7, 7802697, 1
3, 12, 7, 12, 1140580132, 1168635768, 4, 6, 7299862, 1
3, 12, 7, 12, 1140580132, 1168635768, 4, 5, 3772313, 0
3, 12, 7, 12, 1140580132, 1168635768, 4, 4, 1582641, 0
3, 12, 7, 12, 1140580132, 1168635768, 4, 3, 1999126, 0
3, 12, 7, 12, 1140580132, 1168635768, 4, 2, 2713099, 0
3, 12, 7, 12, 1140580132, 1168635768, 4, 1, 3210633, 0
3, 12, 7, 12, 1140580132, 1168635768, 4, 0, 7223924, 0
3, 12, 7, 12, 1140580132, 1168635768, 3, 7, 8006300, 1
3, 12, 7, 12, 1140580132, 1168635768, 3, 6, 9192419, 1
3, 12, 7, 12, 1140580132, 1168635768, 3, 5, 4756395, 0
3, 12, 7, 12, 1140580132, 1168635768, 3, 4, 1999126, 0
3, 12, 7, 12, 1140580132, 1168635768, 3, 3, 2532226, 0
3, 12, 7, 12, 1140580132, 1168635768, 3, 2, 3453035, 0
3, 12, 7, 12, 1140580132, 1168635768, 3, 1, 4127957, 0
3, 12, 7, 12, 1140580132, 1168635768, 3, 0, 9631898, 0
3, 12, 7, 12, 1140580132, 1168635768, 2, 7, 7686157, 0
3, 12, 7, 12, 1140580132, 1168635768, 2, 6, 8839081, 0
3, 12, 7, 12, 1140580132, 1168635768, 2, 5, 2234317, 0
3, 12, 7, 12, 1140580132, 1168635768, 2, 4, 2713099, 0
3, 12, 7, 12, 1140580132, 1168635768, 2, 3, 3453035, 0
3, 12, 7, 12, 1140580132, 1168635768, 2, 2, 4747923, 0
3, 12, 7, 12, 1140580132, 1168635768, 2, 1, 5779139, 0
3, 12, 7, 12, 1140580132, 1168635768, 2, 0, 14447847, 0
3, 12, 7, 12, 1140580132, 1168635768, 1, 7, 9859061, 1
3, 12, 7, 12, 1140580132, 1168635768, 1, 6, 11375840, 1
3, 12, 7, 12, 1140580132, 1168635768, 1, 5, 826154, 1
3, 12, 7, 12, 1140580132, 1168635768, 1, 4, 1009743, 1
3, 12, 7, 12, 1140580132, 1168635768, 1, 3, 1298241, 1
3, 12, 7, 12, 1140580132, 1168635768, 1, 2, 1817538, 1
3, 12, 7, 12, 1140580132, 1168635768, 1, 1, 1, 1
3, 12, 7, 12, 1140580132, 1168635768, 1, 0, 1, 0
3, 12, 7, 12, 1140580132, 1168635768, 0, 7, 11602512, 1
3, 12, 7, 12, 1140580132, 1168635768, 0, 6, 13536264, 1
3, 12, 7, 12, 1140580132, 1168635768, 0, 5, 1817538, 1
3, 12, 7, 12, 1140580132, 1168635768, 0, 4, 2271922, 1
3, 12, 7, 12, 1140580132, 1168635768, 0, 3, 3029229, 1
3, 12, 7, 12, 1140580132, 1168635768, 0, 2, 4543843, 1
3, 12, 7, 12, 1140580132, 1168635768, 0, 1, 1, 1
3, 13, 7, 12, 1168635769, 1674730179, 12, 7, 359997523, 0
3, 13, 7, 12, 1168635769, 1674730179, 12, 6, 363054414, 0
3, 13, 7, 12, 1168635769, 1674730179, 12, 5, 372755377, 0
3, 13, 7, 12, 1168635769, 1674730179, 12, 4, 400153398, 0
3, 13, 7, 12, 1168635769, 1674730179, 12, 3, 409250483, 0
3, 13, 7, 12, 1168635769, 1674730179, 12, 2, 423779128, 0
3, 13, 7, 12, 1168635769, 1674730179, 12, 1, 404114200, 0
3, 13, 7, 12, 1168635769, 1674730179, 12, 0, 404355502, 0
3, 13, 7, 12, 1168635769, 1674730179, 11, 7, 370366950, 0
3, 13, 7, 12, 1168635769, 1674730179, 11, 6, 370890982, 0
3, 13, 7, 12, 1168635769, 1674730179, 11, 5, 377678267, 0
3, 13, 7, 12, 1168635769, 1674730179, 11, 4, 402148292, 0
3, 13, 7, 12, 1168635769, 1674730179, 11, 3, 404098834, 0
3, 13, 7, 12, 1168635769, 1674730179, 11, 2, 406413641, 0
3, 13, 7, 12, 1168635769, 1674730179, 11, 1, 357724537, 0
3, 13, 7, 12, 1168635769, 1674730179, 11, 0, 358588731, 0
3, 13, 7, 12, 1168635769, 1674730179, 10, 7, 368105624, 0
3, 13, 7, 12, 1168635769, 1674730179, 10, 6, 366458160, 0
3, 13, 7, 12, 1168635769, 1674730179, 10, 5, 367415779, 0
3, 13, 7, 12, 1168635769, 1674730179, 10, 4, 385139938, 0
3, 13, 7, 12, 1168635769, 1674730179, 10, 3, 392040262, 0
3, 13, 7, 12, 1168635769, 1674730179, 10, 2, 379938280, 0
3, 13, 7, 12, 1168635769, 1674730179, 10, 1, 342281912, 0
3, 13, 7, 12, 1168635769, 1674730179, 10, 0, 300163056, 0
3, 13, 7, 12, 1168635769, 1674730179, 9, 7, 341719031, 0
3, 13, 7, 12, 1168635769, 1674730179, 9, 6, 339672171, 0
3, 13, 7, 12, 1168635769, 1674730179, 9, 5, 343134337, 0
3, 13, 7, 12, 1168635769, 1674730179, 9, 4, 362783723, 0
3, 13, 7, 12, 1168635769, 1674730179, 9, 3, 370577502, 0
3, 13, 7, 12, 1168635769, 1674730179, 9, 2, 357543508, 0
3, 13, 7, 12, 1168635769, 1674730179, 9, 1, 334948501, 0
3, 13, 7, 12, 1168635769, 1674730179, 9, 0, 310408600, 0
3, 13, 7, 12, 1168635769, 1674730179, 8, 7, 333182706, 0
3, 13, 7, 12, 1168635769, 1674730179, 8, 6, 327508091, 0
3, 13, 7, 12, 1168635769, 1674730179, 8, 5, 327645993, 0
3, 13, 7, 12, 1168635769, 1674730179, 8, 4, 352560446, 0
3, 13, 7, 12, 1168635769, 1674730179, 8, 3, 354192369, 0
3, 13, 7, 12, 1168635769, 1674730179, 8, 2, 343419907, 0
3, 13, 7, 12, 1168635769, 1674730179, 8, 1, 325889580, 0
3, 13, 7, 12, 1168635769, 1674730179, 8, 0, 272216489, 0
3, 13, 7, 12, 1168635769, 1674730179, 7, 7, 342150850, 0
3, 13, 7, 12, 1168635769, 1674730179, 7, 6, 336018008, 0
3, 13, 7, 12, 1168635769, 1674730179, 7, 5, 343758977, 0
3, 13, 7, 12, 1168635769, 1674730179, 7, 4, 368949572, 0
3, 13, 7, 12, 1168635769, 1674730179, 7, 3, 366764392, 0
3, 13, 7, 12, 1168635769, 1674730179, 7, 2, 343560034, 0
3, 13, 7, 12, 1168635769, 1674730179, 7, 1, 314414947, 0
3, 13, 7, 12, 1168635769, 1674730179, 7, 0, 281396964, 0
3, 13, 7, 12, 1168635769, 1674730179, 6, 7, 339560277, 0
3, 13, 7, 12, 1168635769, 1674730179, 6, 6, 337859326, 0
3, 13, 7, 12, 1168635769, 1674730179, 6, 5, 353874991, 0
3, 13, 7, 12, 1168635769, 1674730179, 6, 4, 374742236, 0
3, 13, 7, 12, 1168635769, 1674730179, 6, 3, 382883123, 0
3, 13, 7, 12, 1168635769, 1674730179, 6, 2, 353899107, 0
3, 13, 7, 12, 1168635769, 1674730179, 6, 1, 346790081, 0
3, 13, 7, 12, 1168635769, 1674730179, 6, 0, 328296458, 0
3, 13, 7, 12, 1168635769, 1674730179, 5, 7, 319200951, 0
3, 13, 7, 12, 1168635769, 1674730179, 5, 6, 313755696, 0
3, 13, 7, 12, 1168635769, 1674730179, 5, 5, 318731729, 0
3, 13, 7, 12, 1168635769, 1674730179, 5, 4, 344962668, 0
3, 13, 7, 12, 1168635769, 1674730179, 5, 3, 330457639, 0
3, 13, 7, 12, 1168635769, 1674730179, 5, 2, 291565235, 0
3, 13, 7, 12, 1168635769, 1674730179, 5, 1, 297852734, 0
3, 13, 7, 12, 1168635769, 1674730179, 5, 0, 270766652, 0
3, 13, 7, 12, 1168635769, 1674730179, 4, 7, 300175643, 0
3, 13, 7, 12, 1168635769, 1674730179, 4, 6, 299539247, 0
3, 13, 7, 12, 1168635769, 1674730179, 4, 5, 299445329, 0
3, 13, 7, 12, 1168635769, 1674730179, 4, 4, 322507275, 0
3, 13, 7, 12, 1168635769, 1674730179, 4, 3, 313301494, 0
3, 13, 7, 12, 1168635769, 1674730179, 4, 2, 280339799, 0
3, 13, 7, 12, 1168635769, 1674730179, 4, 1, 317830416, 0
3, 13, 7, 12, 1168635769, 1674730179, 4, 0, 286470024, 0
3, 13, 7, 12, 1168635769, 1674730179, 3, 7, 224526013, 0
3, 13, 7, 12, 1168635769, 1674730179, 3, 6, 224212452, 0
3, 13, 7, 12, 1168635769, 1674730179, 3, 5, 207011718, 0
3, 13, 7, 12, 1168635769, 1674730179, 3, 4, 211867512, 0
3, 13, 7, 12, 1168635769, 1674730179, 3, 3, 212840982, 0
3, 13, 7, 12, 1168635769, 1674730179, 3, 2, 194540682, 0
3, 13, 7, 12, 1168635769, 1674730179, 3, 1, 162141367, 0
3, 13, 7, 12, 1168635769, 1674730179, 3, 0, 44899444, 0
3, 13, 7, 12, 1168635769, 1674730179, 2, 7, 70209602, 1
3, 13, 7, 12, 1168635769, 1674730179, 2, 6, 45810191, 1
3, 13, 7, 12, 1168635769, 1674730179, 2, 5, 14098977, 1
3, 13, 7, 12, 1168635769, 1674730179, 2, 4, 8560094, 1
3, 13, 7, 12, 1168635769, 1674730179, 2, 3, 10894664, 1
3, 13, 7, 12, 1168635769, 1674730179, 2, 2, 1, 1
3, 13, 7, 12, 1168635769, 1674730179, 2, 1, 1, 1
3, 13, 7, 12, 1168635769, 1674730179, 2, 0, 1, 0
3, 13, 7, 12, 1168635769, 1674730179, 1, 7, 17539238, 1
3, 13, 7, 12, 1168635769, 1674730179, 1, 6, 13878233, 1
3, 13, 7, 12, 1168635769, 1674730179, 1, 5, 10894664, 1
3, 13, 7, 12, 1168635769, 1674730179, 1, 4, 13315701, 1
3, 13, 7, 12, 1168635769, 1674730179, 1, 3, 17120187, 1
3, 13, 7, 12, 1168635769, 1674730179, 1, 2, 1, 1
3, 13, 7, 12, 1168635769, 1674730179, 1, 1, 1, 1
3, 13, 7, 12, 1168635769, 1674730179, 1, 0, 1, 0
3, 13, 7, 12, 1168635769, 1674730179, 0, 7, 11128639, 1
3, 13, 7, 12, 1168635769, 1674730179, 0, 6, 10095953, 1
3, 13, 7, 12, 1168635769, 1674730179, 0, 5, 1, 1
3, 13, 7, 12, 1168635769, 1674730179, 0, 4, 1, 1
3, 13, 7, 12, 1168635769, 1674730179, 0, 3, 1, 1
3, 13, 7, 12, 1168635769, 1674730179, 0, 2, 1, 1
3, 13, 7, 12, 1168635769, 1674730179, 0, 1, 1, 1
3, 14, 7, 12, 1674730180, 1689306276, 12, 7, 412858032, 0
3, 14, 7, 12, 1674730180, 1689306276, 12, 6, 404903768, 0
3, 14, 7, 12, 1674730180, 1689306276, 12, 5, 384681146, 0
3, 14, 7, 12, 1674730180, 1689306276, 12, 4, 391583526, 0
3, 14, 7, 12, 1674730180, 1689306276, 12, 3, 395241774, 0
3, 14, 7, 12, 1674730180, 1689306276, 12, 2, 407263924, 0
3, 14, 7, 12, 1674730180, 1689306276, 12, 1, 414479178, 0
3, 14, 7, 12, 1674730180, 1689306276, 12, 0, 418798216, 0
3, 14, 7, 12, 1674730180, 1689306276, 11, 7, 412649337, 0
3, 14, 7, 12, 1674730180, 1689306276, 11, 6, 399019866, 0
3, 14, 7, 12, 1674730180, 1689306276, 11, 5, 377467392, 0
3, 14, 7, 12, 1674730180, 1689306276, 11, 4, 384871213, 0
3, 14, 7, 12, 1674730180, 1689306276, 11, 3, 384711067, 0
3, 14, 7, 12, 1674730180, 1689306276, 11, 2, 397559023, 0
3, 14, 7, 12, 1674730180, 1689306276, 11, 1, 405783369, 0
3, 14, 7, 12, 1674730180, 1689306276, 11, 0, 412075443, 0
3, 14, 7, 12, 1674730180, 1689306276, 10, 7, 407574854, 0
3, 14, 7, 12, 1674730180, 1689306276, 10, 6, 394225871, 0
3, 14, 7, 12, 1674730180, 1689306276, 10, 5, 372593658, 0
3, 14, 7, 12, 1674730180, 1689306276, 10, 4, 381723440, 0
3, 14, 7, 12, 1674730180, 1689306276, 10, 3, 384321722, 0
3, 14, 7, 12, 1674730180, 1689306276, 10, 2, 386218115, 0
3, 14, 7, 12, 1674730180, 1689306276, 10, 1, 397223409, 0
3, 14, 7, 12, 1674730180, 1689306276, 10, 0, 404092615, 0
3, 14, 7, 12, 1674730180, 1689306276, 9, 7, 397486612, 0
3, 14, 7, 12, 1674730180, 1689306276, 9, 6, 382221677, 0
3, 14, 7, 12, 1674730180, 1689306276, 9, 5, 358695743, 0
3, 14, 7, 12, 1674730180, 1689306276, 9, 4, 368912276, 0
3, 14, 7, 12, 1674730180, 1689306276, 9, 3, 372180089, 0
3, 14, 7, 12, 1674730180, 1689306276, 9, 2, 373747273, 0
3, 14, 7, 12, 1674730180, 1689306276, 9, 1, 383216934, 0
3, 14, 7, 12, 1674730180, 1689306276, 9, 0, 387997055, 0
3, 14, 7, 12, 1674730180, 1689306276, 8, 7, 386533167, 0
3, 14, 7, 12, 1674730180, 1689306276, 8, 6, 368312841, 0
3, 14, 7, 12, 1674730180, 1689306276, 8, 5, 342695788, 0
3, 14, 7, 12, 1674730180, 1689306276, 8, 4, 352925893, 0
3, 14, 7, 12, 1674730180, 1689306276, 8, 3, 355689936, 0
3, 14, 7, 12, 1674730180, 1689306276, 8, 2, 357964065, 0
3, 14, 7, 12, 1674730180, 1689306276, 8, 1, 369233734, 0
3, 14, 7, 12, 1674730180, 1689306276, 8, 0, 372429963, 0
3, 14, 7, 12, 1674730180, 1689306276, 7, 7, 372555625, 0
3, 14, 7, 12, 1674730180, 1689306276, 7, 6, 352912905, 0
3, 14, 7, 12, 1674730180, 1689306276, 7, 5, 324285105, 0
3, 14, 7, 12, 1674730180, 1689306276, 7, 4, 336097245, 0
3, 14, 7, 12, 1674730180, 1689306276, 7, 3, 338801158, 0
3, 14, 7, 12, 1674730180, 1689306276, 7, 2, 345432010, 0
3, 14, 7, 12, 1674730180, 1689306276, 7, 1, 349194144, 0
3, 14, 7, 12, 1674730180, 1689306276, 7, 0, 355596979, 0
3, 14, 7, 12, 1674730180, 1689306276, 6, 7, 358945358, 0
3, 14, 7, 12, 1674730180, 1689306276, 6, 6, 337735374, 0
3, 14, 7, 12, 1674730180, 1689306276, 6, 5, 306001550, 0
3, 14, 7, 12, 1674730180, 1689306276, 6, 4, 306248710, 0
3, 14, 7, 12, 1674730180, 1689306276, 6, 3, 308647075, 0
3, 14, 7, 12, 1674730180, 1689306276, 6, 2, 314181856, 0
3, 14, 7, 12, 1674730180, 1689306276, 6, 1, 319351757, 0
3, 14, 7, 12, 1674730180, 1689306276, 6, 0, 330438204, 0
3, 14, 7, 12, 1674730180, 1689306276, 5, 7, 328180977, 0
3, 14, 7, 12, 1674730180, 1689306276, 5, 6, 302952061, 0
3, 14, 7, 12, 1674730180, 1689306276, 5, 5, 264876552, 0
3, 14, 7, 12, 1674730180, 1689306276, 5, 4, 267921018, 0
3, 14, 7, 12, 1674730180, 1689306276, 5, 3, 270338840, 0
3, 14, 7, 12, 1674730180, 1689306276, 5, 2, 276892580, 0
3, 14, 7, 12, 1674730180, 1689306276, 5, 1, 284100441, 0
3, 14, 7, 12, 1674730180, 1689306276, 5, 0, 297152290, 0
3, 14, 7, 12, 1674730180, 1689306276, 4, 7, 287861129, 0
3, 14, 7, 12, 1674730180, 1689306276, 4, 6, 254370418, 0
3, 14, 7, 12, 1674730180, 1689306276, 4, 5, 209022672, 0
3, 14, 7, 12, 1674730180, 1689306276, 4, 4, 211386079, 0
3, 14, 7, 12, 1674730180, 1689306276, 4, 3, 213742775, 0
3, 14, 7, 12, 1674730180, 1689306276, 4, 2, 221601701, 0
3, 14, 7, 12, 1674730180, 1689306276, 4, 1, 227249428, 0
3, 14, 7, 12, 1674730180, 1689306276, 4, 0, 247936218, 0
3, 14, 7, 12, 1674730180, 1689306276, 3, 7, 233712757, 0
3, 14, 7, 12, 1674730180, 1689306276, 3, 6, 191137283, 0
3, 14, 7, 12, 1674730180, 1689306276, 3, 5, 134140077, 0
3, 14, 7, 12, 1674730180, 1689306276, 3, 4, 135651616, 0
3, 14, 7, 12, 1674730180, 1689306276, 3, 3, 136212357, 0
3, 14, 7, 12, 1674730180, 1689306276, 3, 2, 140794705, 0
3, 14, 7, 12, 1674730180, 1689306276, 3, 1, 150190131, 0
3, 14, 7, 12, 1674730180, 1689306276, 3, 0, 174394295, 0
3, 14, 7, 12, 1674730180, 1689306276, 2, 7, 135061037, 1
3, 14, 7, 12, 1674730180, 1689306276, 2, 6, 76622984, 1
3, 14, 7, 12, 1674730180, 1689306276, 2, 5, 1, 1
3, 14, 7, 12, 1674730180, 1689306276, 2, 4, 1, 1
3, 14, 7, 12, 1674730180, 1689306276, 2, 3, 1, 1
3, 14, 7, 12, 1674730180, 1689306276, 2, 2, 1, 1
3, 14, 7, 12, 1674730180, 1689306276, 2, 1, 1, 1
3, 14, 7, 12, 1674730180, 1689306276, 2, 0, 1, 0
3, 14, 7, 12, 1674730180, 1689306276, 1, 7, 136044800, 1
3, 14, 7, 12, 1674730180, 1689306276, 1, 6, 78197135, 1
3, 14, 7, 12, 1674730180, 1689306276, 1, 5, 1, 1
3, 14, 7, 12, 1674730180, 1689306276, 1, 4, 1, 1
3, 14, 7, 12, 1674730180, 1689306276, 1, 3, 1, 1
3, 14, 7, 12, 1674730180, 1689306276, 1, 2, 1, 1
3, 14, 7, 12, 1674730180, 1689306276, 1, 1, 1, 1
3, 14, 7, 12, 1674730180, 1689306276, 1, 0, 1, 0
3, 14, 7, 12, 1674730180, 1689306276, 0, 7, 136896919, 1
3, 14, 7, 12, 1674730180, 1689306276, 0, 6, 82914001, 1
3, 14, 7, 12, 1674730180, 1689306276, 0, 5, 1, 1
3, 14, 7, 12, 1674730180, 1689306276, 0, 4, 1, 1
3, 14, 7, 12, 1674730180, 1689306276, 0, 3, 1, 1
3, 14, 7, 12, 1674730180, 1689306276, 0, 2, 1, 1
3, 14, 7, 12, 1674730180, 1689306276, 0, 1, 1, 1
3, 15, 7, 12, 1689306277, 1748365352, 12, 7, 424816855, 0
3, 15, 7, 12, 1689306277, 1748365352, 12, 6, 418019169, 0
3, 15, 7, 12, 1689306277, 1748365352, 12, 5, 398833465, 0
3, 15, 7, 12, 1689306277, 1748365352, 12, 4, 405543844, 0
3, 15, 7, 12, 1689306277, 1748365352, 12, 3, 409444525, 0
3, 15, 7, 12, 1689306277, 1748365352, 12, 2, 422212574, 0
3, 15, 7, 12, 1689306277, 1748365352, 12, 1, 430341071, 0
3, 15, 7, 12, 1689306277, 1748365352, 12, 0, 445608094, 0
3, 15, 7, 12, 1689306277, 1748365352, 11, 7, 424701748, 0
3, 15, 7, 12, 1689306277, 1748365352, 11, 6, 412195846, 0
3, 15, 7, 12, 1689306277, 1748365352, 11, 5, 392432814, 0
3, 15, 7, 12, 1689306277, 1748365352, 11, 4, 399755556, 0
3, 15, 7, 12, 1689306277, 1748365352, 11, 3, 399797370, 0
3, 15, 7, 12, 1689306277, 1748365352, 11, 2, 412393655, 0
3, 15, 7, 12, 1689306277, 1748365352, 11, 1, 421336215, 0
3, 15, 7, 12, 1689306277, 1748365352, 11, 0, 437744175, 0
3, 15, 7, 12, 1689306277, 1748365352, 10, 7, 422304876, 0
3, 15, 7, 12, 1689306277, 1748365352, 10, 6, 409774047, 0
3, 15, 7, 12, 1689306277, 1748365352, 10, 5, 388876601, 0
3, 15, 7, 12, 1689306277, 1748365352, 10, 4, 398955361, 0
3, 15, 7, 12, 1689306277, 1748365352, 10, 3, 400888737, 0
3, 15, 7, 12, 1689306277, 1748365352, 10, 2, 402547414, 0
3, 15, 7, 12, 1689306277, 1748365352, 10, 1, 412817648, 0
3, 15, 7, 12, 1689306277, 1748365352, 10, 0, 428658325, 0
3, 15, 7, 12, 1689306277, 1748365352, 9, 7, 409549060, 0
3, 15, 7, 12, 1689306277, 1748365352, 9, 6, 395305307, 0
3, 15, 7, 12, 1689306277, 1748365352, 9, 5, 372862106, 0
3, 15, 7, 12, 1689306277, 1748365352, 9, 4, 384015733, 0
3, 15, 7, 12, 1689306277, 1748365352, 9, 3, 386015542, 0
3, 15, 7, 12, 1689306277, 1748365352, 9, 2, 389378025, 0
3, 15, 7, 12, 1689306277, 1748365352, 9, 1, 404461581, 0
3, 15, 7, 12, 1689306277, 1748365352, 9, 0, 424365992, 0
3, 15, 7, 12, 1689306277, 1748365352, 8, 7, 395835931, 0
3, 15, 7, 12, 1689306277, 1748365352, 8, 6, 378156927, 0
3, 15, 7, 12, 1689306277, 1748365352, 8, 5, 353951646, 0
3, 15, 7, 12, 1689306277, 1748365352, 8, 4, 365594590, 0
3, 15, 7, 12, 1689306277, 1748365352, 8, 3, 367167743, 0
3, 15, 7, 12, 1689306277, 1748365352, 8, 2, 370129591, 0
3, 15, 7, 12, 1689306277, 1748365352, 8, 1, 384745896, 0
3, 15, 7, 12, 1689306277, 1748365352, 8, 0, 406512163, 0
3, 15, 7, 12, 1689306277, 1748365352, 7, 7, 382770637, 0
3, 15, 7, 12, 1689306277, 1748365352, 7, 6, 362356730, 0
3, 15, 7, 12, 1689306277, 1748365352, 7, 5, 336344648, 0
3, 15, 7, 12, 1689306277, 1748365352, 7, 4, 350436695, 0
3, 15, 7, 12, 1689306277, 1748365352, 7, 3, 354452497, 0
3, 15, 7, 12, 1689306277, 1748365352, 7, 2, 359140093, 0
3, 15, 7, 12, 1689306277, 1748365352, 7, 1, 366706745, 0
3, 15, 7, 12, 1689306277, 1748365352, 7, 0, 396410103, 0
3, 15, 7, 12, 1689306277, 1748365352, 6, 7, 370022715, 0
3, 15, 7, 12, 1689306277, 1748365352, 6, 6, 347906471, 0
3, 15, 7, 12, 1689306277, 1748365352, 6, 5, 319370071, 0
3, 15, 7, 12, 1689306277, 1748365352, 6, 4, 322147222, 0
3, 15, 7, 12, 1689306277, 1748365352, 6, 3, 326736582, 0
3, 15, 7, 12, 1689306277, 1748365352, 6, 2, 331054548, 0
3, 15, 7, 12, 1689306277, 1748365352, 6, 1, 339241929, 0
3, 15, 7, 12, 1689306277, 1748365352, 6, 0, 367153664, 0
3, 15, 7, 12, 1689306277, 1748365352, 5, 7, 342983852, 0
3, 15, 7, 12, 1689306277, 1748365352, 5, 6, 317822923, 0
3, 15, 7, 12, 1689306277, 1748365352, 5, 5, 283806732, 0
3, 15, 7, 12, 1689306277, 1748365352, 5, 4, 285939037, 0
3, 15, 7, 12, 1689306277, 1748365352, 5, 3, 292472306, 0
3, 15, 7, 12, 1689306277, 1748365352, 5, 2, 295327451, 0
3, 15, 7, 12, 1689306277, 1748365352, 5, 1, 302439300, 0
3, 15, 7, 12, 1689306277, 1748365352, 5, 0, 330829835, 0
3, 15, 7, 12, 1689306277, 1748365352, 4, 7, 305591856, 0
3, 15, 7, 12, 1689306277, 1748365352, 4, 6, 273217968, 0
3, 15, 7, 12, 1689306277, 1748365352, 4, 5, 233308367, 0
3, 15, 7, 12, 1689306277, 1748365352, 4, 4, 235090904, 0
3, 15, 7, 12, 1689306277, 1748365352, 4, 3, 238844008, 0
3, 15, 7, 12, 1689306277, 1748365352, 4, 2, 243109080, 0
3, 15, 7, 12, 1689306277, 1748365352, 4, 1, 252113120, 0
3, 15, 7, 12, 1689306277, 1748365352, 4, 0, 283627260, 0
3, 15, 7, 12, 1689306277, 1748365352, 3, 7, 241656562, 0
3, 15, 7, 12, 1689306277, 1748365352, 3, 6, 199598733, 0
3, 15, 7, 12, 1689306277, 1748365352, 3, 5, 148838539, 0
3, 15, 7, 12, 1689306277, 1748365352, 3, 4, 149277505, 0
3, 15, 7, 12, 1689306277, 1748365352, 3, 3, 151267872, 0
3, 15, 7, 12, 1689306277, 1748365352, 3, 2, 154705778, 0
3, 15, 7, 12, 1689306277, 1748365352, 3, 1, 162072720, 0
3, 15, 7, 12, 1689306277, 1748365352, 3, 0, 189084840, 0
3, 15, 7, 12, 1689306277, 1748365352, 2, 7, 131052018, 1
3, 15, 7, 12, 1689306277, 1748365352, 2, 6, 72615683, 1
3, 15, 7, 12, 1689306277, 1748365352, 2, 5, 1, 1
3, 15, 7, 12, 1689306277, 1748365352, 2, 4, 1, 1
3, 15, 7, 12, 1689306277, 1748365352, 2, 3, 1, 1
3, 15, 7, 12, 1689306277, 1748365352, 2, 2, 1, 1
3, 15, 7, 12, 1689306277, 1748365352, 2, 1, 1, 1
3, 15, 7, 12, 1689306277, 1748365352, 2, 0, 1, 0
3, 15, 7, 12, 1689306277, 1748365352, 1, 7, 132776247, 1
3, 15, 7, 12, 1689306277, 1748365352, 1, 6, 74032960, 1
3, 15, 7, 12, 1689306277, 1748365352, 1, 5, 1, 1
3, 15, 7, 12, 1689306277, 1748365352, 1, 4, 1, 1
3, 15, 7, 12, 1689306277, 1748365352, 1, 3, 1, 1
3, 15, 7, 12, 1689306277, 1748365352, 1, 2, 1, 1
3, 15, 7, 12, 1689306277, 1748365352, 1, 1, 1, 1
3, 15, 7, 12, 1689306277, 1748365352, 1, 0, 1, 0
3, 15, 7, 12, 1689306277, 1748365352, 0, 7, 134571382, 1
3, 15, 7, 12, 1689306277, 1748365352, 0, 6, 81430356, 1
3, 15, 7, 12, 1689306277, 1748365352, 0, 5, 1, 1
3, 15, 7, 12, 1689306277, 1748365352, 0, 4, 1, 1
3, 15, 7, 12, 1689306277, 1748365352, 0, 3, 1, 1
3, 15, 7, 12, 1689306277, 1748365352, 0, 2, 1, 1
3, 15, 7, 12, 1689306277, 1748365352, 0, 1, 1, 1
3, 16, 7, 12, 1748365353, 1753043203, 12, 7, 423461, 1
3, 16, 7, 12, 1748365353, 1753043203, 12, 6, 347134, 1
3, 16, 7, 12, 1748365353, 1753043203, 12, 5, 243687, 1
3, 16, 7, 12, 1748365353, 1753043203, 12, 4, 293186, 1
3, 16, 7, 12, 1748365353, 1753043203, 12, 3, 367920, 1
3, 16, 7, 12, 1748365353, 1753043203, 12, 2, 467730, 1
3, 16, 7, 12, 1748365353, 1753043203, 12, 1, 1, 1
3, 16, 7, 12, 1748365353, 1753043203, 12, 0, 1, 0
3, 16, 7, 12, 1748365353, 1753043203, 11, 7, 459121, 1
3, 16, 7, 12, 1748365353, 1753043203, 11, 6, 376410, 1
3, 16, 7, 12, 1748365353, 1753043203, 11, 5, 264281, 1
3, 16, 7, 12, 1748365353, 1753043203, 11, 4, 318033, 1
3, 16, 7, 12, 1748365353, 1753043203, 11, 3, 399232, 1
3, 16, 7, 12, 1748365353, 1753043203, 11, 2, 507821, 1
3, 16, 7, 12, 1748365353, 1753043203, 11, 1, 1, 1
3, 16, 7, 12, 1748365353, 1753043203, 11, 0, 1, 0
3, 16, 7, 12, 1748365353, 1753043203, 10, 7, 501339, 1
3, 16, 7, 12, 1748365353, 1753043203, 10, 6, 411079, 1
3, 16, 7, 12, 1748365353, 1753043203, 10, 5, 288676, 1
3, 16, 7, 12, 1748365353, 1753043203, 10, 4, 347480, 1
3, 16, 7, 12, 1748365353, 1753043203, 10, 3, 436370, 1
3, 16, 7, 12, 1748365353, 1753043203, 10, 2, 555429, 1
3, 16, 7, 12, 1748365353, 1753043203, 10, 1, 1, 1
3, 16, 7, 12, 1748365353, 1753043203, 10, 0, 1, 0
3, 16, 7, 12, 1748365353, 1753043203, 9, 7, 552107, 1
3, 16, 7, 12, 1748365353, 1753043203, 9, 6, 452783, 1
3, 16, 7, 12, 1748365353, 1753043203, 9, 5, 318033, 1
3, 16, 7, 12, 1748365353, 1753043203, 9, 4, 382937, 1
3, 16, 7, 12, 1748365353, 1753043203, 9, 3, 481126, 1
3, 16, 7, 12, 1748365353, 1753043203, 9, 2, 612887, 1
3, 16, 7, 12, 1748365353, 1753043203, 9, 1, 1, 1
3, 16, 7, 12, 1748365353, 1753043203, 9, 0, 1, 0
3, 16, 7, 12, 1748365353, 1753043203, 8, 7, 614316, 1
3, 16, 7, 12, 1748365353, 1753043203, 8, 6, 503903, 1
3, 16, 7, 12, 1748365353, 1753043203, 8, 5, 354036, 1
3, 16, 7, 12, 1748365353, 1753043203, 8, 4, 426453, 1
3, 16, 7, 12, 1748365353, 1753043203, 8, 3, 536112, 1
3, 16, 7, 12, 1748365353, 1753043203, 8, 2, 683605, 1
3, 16, 7, 12, 1748365353, 1753043203, 8, 1, 1, 1
3, 16, 7, 12, 1748365353, 1753043203, 8, 0, 1, 0
3, 16, 7, 12, 1748365353, 1753043203, 7, 7, 692325, 1
3, 16, 7, 12, 1748365353, 1753043203, 7, 6, 568037, 1
3, 16, 7, 12, 1748365353, 1753043203, 7, 5, 399232, 1
3, 16, 7, 12, 1748365353, 1753043203, 7, 4, 481126, 1
3, 16, 7, 12, 1748365353, 1753043203, 7, 3, 605287, 1
3, 16, 7, 12, 1748365353, 1753043203, 7, 2, 772771, 1
3, 16, 7, 12, 1748365353, 1753043203, 7, 1, 1, 1
3, 16, 7, 12, 1748365353, 1753043203, 7, 0, 1, 0
3, 16, 7, 12, 1748365353, 1753043203, 6, 7, 793026, 1
3, 16, 7, 12, 1748365353, 1753043203, 6, 6, 650875, 1
3, 16, 7, 12, 1748365353, 1753043203, 6, 5, 457656, 1
3, 16, 7, 12, 1748365353, 1753043203, 6, 4, 551880, 1
3, 16, 7, 12, 1748365353, 1753043203, 6, 3, 694960, 1
3, 16, 7, 12, 1748365353, 1753043203, 6, 2, 888687, 1
3, 16, 7, 12, 1748365353, 1753043203, 6, 1, 1, 1
3, 16, 7, 12, 1748365353, 1753043203, 6, 0, 1, 0
3, 16, 7, 12, 1748365353, 1753043203, 5, 7, 928009, 1
3, 16, 7, 12, 1748365353, 1753043203, 5, 6, 762000, 1
3, 16, 7, 12, 1748365353, 1753043203, 5, 5, 536112, 1
3, 16, 7, 12, 1748365353, 1753043203, 5, 4, 647031, 1
3, 16, 7, 12, 1748365353, 1753043203, 5, 3, 815822, 1
3, 16, 7, 12, 1748365353, 1753043203, 5, 2, 1045514, 1
3, 16, 7, 12, 1748365353, 1753043203, 5, 1, 1, 1
3, 16, 7, 12, 1748365353, 1753043203, 5, 0, 1, 0
3, 16, 7, 12, 1748365353, 1753043203, 4, 7, 773030, 1
3, 16, 7, 12, 1748365353, 1753043203, 4, 6, 522757, 1
3, 16, 7, 12, 1748365353, 1753043203, 4, 5, 612887, 1
3, 16, 7, 12, 1748365353, 1753043203, 4, 4, 740572, 1
3, 16, 7, 12, 1748365353, 1753043203, 4, 3, 935460, 1
3, 16, 7, 12, 1748365353, 1753043203, 4, 2, 1269552, 1
3, 16, 7, 12, 1748365353, 1753043203, 4, 1, 1, 1
3, 16, 7, 12, 1748365353, 1753043203, 4, 0, 1, 0
3, 16, 7, 12, 1748365353, 1753043203, 3, 7, 687756, 1
3, 16, 7, 12, 1748365353, 1753043203, 3, 6, 331333, 1
3, 16, 7, 12, 1748365353, 1753043203, 3, 5, 388956, 1
3, 16, 7, 12, 1748365353, 1753043203, 3, 4, 470841, 1
3, 16, 7, 12, 1748365353, 1753043203, 3, 3, 596398, 1
3, 16, 7, 12, 1748365353, 1753043203, 3, 2, 813270, 1
3, 16, 7, 12, 1748365353, 1753043203, 3, 1, 1, 1
3, 16, 7, 12, 1748365353, 1753043203, 3, 0, 1, 0
3, 16, 7, 12, 1748365353, 1753043203, 2, 7, 926975, 1
3, 16, 7, 12, 1748365353, 1753043203, 2, 6, 447299, 1
3, 16, 7, 12, 1748365353, 1753043203, 2, 5, 526234, 1
3, 16, 7, 12, 1748365353, 1753043203, 2, 4, 638998, 1
3, 16, 7, 12, 1748365353, 1753043203, 2, 3, 813270, 1
3, 16, 7, 12, 1748365353, 1753043203, 2, 2, 1118247, 1
3, 16, 7, 12, 1748365353, 1753043203, 2, 1, 1, 1
3, 16, 7, 12, 1748365353, 1753043203, 2, 0, 1, 0
3, 16, 7, 12, 1748365353, 1753043203, 1, 7, 1421361, 1
3, 16, 7, 12, 1748365353, 1753043203, 1, 6, 688152, 1
3, 16, 7, 12, 1748365353, 1753043203, 1, 5, 813270, 1
3, 16, 7, 12, 1748365353, 1753043203, 1, 4, 993997, 1
3, 16, 7, 12, 1748365353, 1753043203, 1, 3, 1277996, 1
3, 16, 7, 12, 1748365353, 1753043203, 1, 2, 1789194, 1
3, 16, 7, 12, 1748365353, 1753043203, 1, 1, 1, 1
3, 16, 7, 12, 1748365353, 1753043203, 1, 0, 1, 0
3, 16, 7, 12, 1748365353, 1753043203, 0, 7, 1, 1
3, 16, 7, 12, 1748365353, 1753043203, 0, 6, 1, 1
3, 16, 7, 12, 1748365353, 1753043203, 0, 5, 1, 1
3, 16, 7, 12, 1748365353, 1753043203, 0, 4, 1, 1
3, 16, 7, 12, 1748365353, 1753043203, 0, 3, 1, 1
3, 16, 7, 12, 1748365353, 1753043203, 0, 2, 1, 1
3, 16, 7, 12, 1748365353, 1753043203, 0, 1, 1, 1
