1,1.0,99503613.0,2026284112.247456
2,99503614.0,139528634.0,3237319590.673499
3,139528635.0,171602117.0,3119875574.223322
4,171602118.0,205433768.0,3237237043.501212
5,205433769.0,277411915.0,3096392438.378625
6,277411916.0,303545393.0,3368575900.918034
7,303545394.0,420262129.0,3177537089.4363375
8,420262130.0,451550162.0,3849427430.8922124
9,451550163.0,520725214.0,3692928988.939759
10,520725215.0,562118424.0,3906665808.9837985
11,562118425.0,675673278.0,3619865402.640011
12,675673279.0,714195435.0,3971415281.892657
13,714195436.0,734849531.0,3679481249.128797
14,734849532.0,798696656.0,3690756292.902451
15,798696657.0,848969452.0,3566045091.786813
16,848969453.0,922502097.0,3828786005.9476876
17,922502098.0,940363279.0,3970648015.297787
18,940363280.0,968976006.0,3250255760.8782654
19,968976007.0,1022284169.0,3134766682.5675907
20,1022284170.0,1105965943.0,3177271859.66773
21,1105965944.0,1140940169.0,3642544697.2461057
22,1140940170.0,1165720496.0,3283603078.0554347
23,1165720497.0,1206052590.0,3633306409.6913977
24,1206052591.0,1251442674.0,3176061760.8771873
25,1251442675.0,1280580314.0,3340168195.4176755
26,1280580315.0,1351760986.0,3670030204.720896
27,1351760987.0,1364334214.0,3975098395.9563513
28,1364334215.0,1416437267.0,3713490587.4361386
29,1416437268.0,1439620186.0,3469330320.192583
30,1439620187.0,1481612522.0,3763144410.617789
31,1481612523.0,1551955372.0,3668299326.685085
32,1551955373.0,1592176241.0,3567591832.627664
33,1592176242.0,1625809715.0,3691854529.2466025
34,1625809716.0,1684282331.0,3687084309.0528755
35,1684282332.0,1732418976.0,3783867940.23392
36,1732418977.0,1750836124.0,3600093125.935414
37,1750836125.0,1785541771.0,3343081737.911952
38,1785541772.0,1804320890.0,3568895462.4413176
39,1804320891.0,1929458034.0,3856423266.6630764
40,1929458035.0,1966809957.0,3516510832.194165
41,1966809958.0,2196025834.0,3727182597.8371983
