1,1.0,99784931.0,2063424213.0218918
2,99784932.0,141918169.0,3291219483.1364317
3,141918170.0,176456707.0,3112727022.23612
4,176456708.0,205432795.0,3274000876.3356357
5,205432796.0,281480378.0,3088368858.0306644
6,281480379.0,302638690.0,3414935649.207453
7,302638691.0,420113040.0,3160139090.203282
8,420113041.0,452073804.0,3720386241.6387987
9,452073805.0,520167836.0,3717437742.3946447
10,520167837.0,563661730.0,3931097370.1012607
11,563661731.0,675025588.0,3771978390.417116
12,675025589.0,715705498.0,4000680082.7885737
13,715705499.0,734001931.0,3704041514.1542587
14,734001932.0,775136294.0,3851420277.04915
15,775136295.0,856026994.0,3528459440.02799
16,856026995.0,941932156.0,3830370085.463457
17,941932157.0,968544798.0,3798968463.7725205
18,968544799.0,1007627209.0,3585503928.068022
19,1007627210.0,1106323096.0,3708923843.286177
20,1106323097.0,1142825337.0,3956690753.84344
21,1142825338.0,1164122624.0,3794322698.47759
22,1164122625.0,1205577740.0,3828924116.108491
23,1205577741.0,1258045016.0,3690156910.41246
24,1258045017.0,1280470844.0,3515637225.8330517
25,1280470845.0,1352146321.0,3450747290.9368815
26,1352146322.0,1363923944.0,4000958719.7331295
27,1363923945.0,1413795452.0,3292895535.406595
28,1413795453.0,1440190766.0,3231174357.1513314
29,1440190767.0,1480481737.0,3265824509.6712093
30,1480481738.0,1545946335.0,3273193269.901108
31,1545946336.0,1598867723.0,3196000400.090209
32,1598867724.0,1626109761.0,3426892242.0482516
33,1626109762.0,1684610190.0,3506811720.6742277
34,1684610191.0,1736272966.0,3770234598.9902587
35,1736272967.0,1751374341.0,3549798767.840472
36,1751374342.0,1792681772.0,3360140896.0629983
37,1792681773.0,1821482397.0,3716198044.1057806
38,1821482398.0,1928756198.0,3868840831.7928042
39,1928756199.0,1967064911.0,3477770200.242321
40,1967064912.0,2152587454.0,3767979607.5336633
41,2152587455.0,2196025834.0,3329405788.9837847
