1,1.0,99685651.0,2045281026.1935458
2,99685652.0,141491978.0,3384113114.440952
3,141491979.0,175075343.0,3145840765.774154
4,175075344.0,207711933.0,3295980356.577596
5,207711934.0,278080850.0,3127725620.0825377
6,278080851.0,302633611.0,3373483757.4390087
7,302633612.0,421012634.0,3177537089.4363375
8,421012635.0,452757040.0,3763318478.05058
9,452757041.0,520288350.0,3689867282.1196322
10,520288351.0,561920410.0,3803379084.870274
11,561920411.0,675332085.0,3802634336.103421
12,675332086.0,714814468.0,3990463806.1931524
13,714814469.0,735433880.0,3697297745.070697
14,735433881.0,776604128.0,3830585938.1138663
15,776604129.0,848246014.0,3561979442.2063804
16,848246015.0,922343102.0,3678847352.0924244
17,922343103.0,947338154.0,3994452182.7669296
18,947338155.0,969051648.0,3250255760.8782654
19,969051649.0,1022127103.0,3134766682.5675907
20,1022127104.0,1072304260.0,3471496979.3101645
21,1072304261.0,1102591477.0,3177271859.66773
22,1102591478.0,1146848338.0,3642544697.2461057
23,1146848339.0,1166443290.0,3283603078.0554347
24,1166443291.0,1205082436.0,3633306409.6913977
25,1205082437.0,1287378957.0,3176061760.8771873
26,1287378958.0,1316718813.0,3670030204.720896
27,1316718814.0,1335882571.0,3730919288.387255
28,1335882572.0,1379633570.0,3774075968.900741
29,1379633571.0,1546787609.0,3676833665.9514027
30,1546787610.0,1600051812.0,3572613376.727205
31,1600051813.0,1626396530.0,3847672059.206263
32,1626396531.0,1684386397.0,3687084309.0528755
33,1684386398.0,1731174730.0,3835357447.465462
34,1731174731.0,1754484490.0,3588992769.5113616
35,1754484491.0,1788268068.0,3407857172.4741087
36,1788268069.0,1805547604.0,3677057166.6121445
37,1805547605.0,1879552534.0,3965961684.0545044
38,1879552535.0,1915232472.0,4102639331.11458
39,1915232473.0,1929422462.0,3888191884.648299
40,1929422463.0,1966328743.0,3543157233.144971
41,1966328744.0,2196025834.0,3755378054.8644166
