0, 1, 4, 18, 1, 99760804, 15, 1, 43662421, 0
0, 1, 4, 18, 1, 99760804, 15, 0, 41333958, 0
0, 1, 4, 18, 1, 99760804, 14, 1, 45175209, 0
0, 1, 4, 18, 1, 99760804, 14, 0, 43150071, 0
0, 1, 4, 18, 1, 99760804, 13, 1, 44952825, 0
0, 1, 4, 18, 1, 99760804, 13, 0, 44111750, 0
0, 1, 4, 18, 1, 99760804, 12, 1, 45473283, 0
0, 1, 4, 18, 1, 99760804, 12, 0, 44494592, 0
0, 1, 4, 18, 1, 99760804, 11, 1, 44972691, 0
0, 1, 4, 18, 1, 99760804, 11, 0, 43943624, 0
0, 1, 4, 18, 1, 99760804, 10, 1, 44751565, 0
0, 1, 4, 18, 1, 99760804, 10, 0, 43408499, 0
0, 1, 4, 18, 1, 99760804, 9, 1, 42859397, 0
0, 1, 4, 18, 1, 99760804, 9, 0, 39968091, 0
0, 1, 4, 18, 1, 99760804, 8, 1, 42764946, 0
0, 1, 4, 18, 1, 99760804, 8, 0, 41494168, 0
0, 1, 4, 18, 1, 99760804, 7, 1, 41514945, 0
0, 1, 4, 18, 1, 99760804, 7, 0, 41431843, 0
0, 1, 4, 18, 1, 99760804, 6, 1, 41012960, 0
0, 1, 4, 18, 1, 99760804, 6, 0, 41458354, 0
0, 1, 4, 18, 1, 99760804, 5, 1, 40652005, 0
0, 1, 4, 18, 1, 99760804, 5, 0, 42324440, 0
0, 1, 4, 18, 1, 99760804, 4, 1, 39585916, 0
0, 1, 4, 18, 1, 99760804, 4, 0, 42472244, 0
0, 1, 4, 18, 1, 99760804, 3, 1, 39853184, 0
0, 1, 4, 18, 1, 99760804, 3, 0, 39504867, 0
0, 1, 4, 18, 1, 99760804, 2, 1, 44992262, 0
0, 1, 4, 18, 1, 99760804, 2, 0, 47302493, 0
0, 1, 4, 18, 1, 99760804, 1, 1, 51448219, 0
0, 1, 4, 18, 1, 99760804, 1, 0, 59052585, 0
0, 1, 4, 18, 1, 99760804, 0, 1, 34917160, 1
0, 2, 4, 18, 99760805, 141707345, 15, 1, 15947854, 0
0, 2, 4, 18, 99760805, 141707345, 15, 0, 16606370, 0
0, 2, 4, 18, 99760805, 141707345, 14, 1, 17047706, 0
0, 2, 4, 18, 99760805, 141707345, 14, 0, 17792539, 0
0, 2, 4, 18, 99760805, 141707345, 13, 1, 18310499, 0
0, 2, 4, 18, 99760805, 141707345, 13, 0, 19161196, 0
0, 2, 4, 18, 99760805, 141707345, 12, 1, 19775338, 0
0, 2, 4, 18, 99760805, 141707345, 12, 0, 20757963, 0
0, 2, 4, 18, 99760805, 141707345, 11, 1, 21494933, 0
0, 2, 4, 18, 99760805, 141707345, 11, 0, 22645050, 0
0, 2, 4, 18, 99760805, 141707345, 10, 1, 23542069, 0
0, 2, 4, 18, 99760805, 141707345, 10, 0, 24909555, 0
0, 2, 4, 18, 99760805, 141707345, 9, 1, 26020182, 0
0, 2, 4, 18, 99760805, 141707345, 9, 0, 27677283, 0
0, 2, 4, 18, 99760805, 141707345, 8, 1, 29081380, 0
0, 2, 4, 18, 99760805, 141707345, 8, 0, 31136944, 0
0, 2, 4, 18, 99760805, 141707345, 7, 1, 30059383, 0
0, 2, 4, 18, 99760805, 141707345, 7, 0, 35585078, 0
0, 2, 4, 18, 99760805, 141707345, 6, 1, 28026580, 0
0, 2, 4, 18, 99760805, 141707345, 6, 0, 34888708, 0
0, 2, 4, 18, 99760805, 141707345, 5, 1, 26438846, 0
0, 2, 4, 18, 99760805, 141707345, 5, 0, 34889326, 0
0, 2, 4, 18, 99760805, 141707345, 4, 1, 21975817, 0
0, 2, 4, 18, 99760805, 141707345, 4, 0, 30639619, 0
0, 2, 4, 18, 99760805, 141707345, 3, 1, 26770126, 0
0, 2, 4, 18, 99760805, 141707345, 3, 0, 40852825, 0
0, 2, 4, 18, 99760805, 141707345, 2, 1, 29079338, 0
0, 2, 4, 18, 99760805, 141707345, 2, 0, 40282140, 0
0, 2, 4, 18, 99760805, 141707345, 1, 1, 24339607, 0
0, 2, 4, 18, 99760805, 141707345, 1, 0, 33071006, 0
0, 2, 4, 18, 99760805, 141707345, 0, 1, 9566196, 1
0, 3, 4, 18, 141707346, 175715558, 15, 1, 1889581, 1
0, 3, 4, 18, 141707346, 175715558, 15, 0, 2015191, 0
0, 3, 4, 18, 141707346, 175715558, 14, 1, 2019897, 1
0, 3, 4, 18, 141707346, 175715558, 14, 0, 2159133, 0
0, 3, 4, 18, 141707346, 175715558, 13, 1, 2169519, 1
0, 3, 4, 18, 141707346, 175715558, 13, 0, 2325221, 0
0, 3, 4, 18, 141707346, 175715558, 12, 1, 2343081, 1
0, 3, 4, 18, 141707346, 175715558, 12, 0, 2518989, 0
0, 3, 4, 18, 141707346, 175715558, 11, 1, 2546827, 1
0, 3, 4, 18, 141707346, 175715558, 11, 0, 2747988, 0
0, 3, 4, 18, 141707346, 175715558, 10, 1, 2789382, 1
0, 3, 4, 18, 141707346, 175715558, 10, 0, 3022787, 0
0, 3, 4, 18, 141707346, 175715558, 9, 1, 3083001, 1
0, 3, 4, 18, 141707346, 175715558, 9, 0, 3358652, 0
0, 3, 4, 18, 141707346, 175715558, 8, 1, 3445707, 1
0, 3, 4, 18, 141707346, 175715558, 8, 0, 3778483, 0
0, 3, 4, 18, 141707346, 175715558, 7, 1, 2216050, 1
0, 3, 4, 18, 141707346, 175715558, 7, 0, 3457149, 0
0, 3, 4, 18, 141707346, 175715558, 6, 1, 2556981, 1
0, 3, 4, 18, 141707346, 175715558, 6, 0, 4033340, 0
0, 3, 4, 18, 141707346, 175715558, 5, 1, 3008802, 1
0, 3, 4, 18, 141707346, 175715558, 5, 0, 4840008, 0
0, 3, 4, 18, 141707346, 175715558, 4, 1, 3677425, 1
0, 3, 4, 18, 141707346, 175715558, 4, 0, 6050010, 0
0, 3, 4, 18, 141707346, 175715558, 3, 1, 4728117, 1
0, 3, 4, 18, 141707346, 175715558, 3, 0, 8066680, 0
0, 3, 4, 18, 141707346, 175715558, 2, 1, 6388391, 0
0, 3, 4, 18, 141707346, 175715558, 2, 0, 11522586, 0
0, 3, 4, 18, 141707346, 175715558, 1, 1, 2965594, 1
0, 3, 4, 18, 141707346, 175715558, 1, 0, 1, 0
0, 3, 4, 18, 141707346, 175715558, 0, 1, 8896780, 1
0, 4, 4, 18, 175715559, 206105654, 15, 1, 9217866, 1
0, 4, 4, 18, 175715559, 206105654, 15, 0, 10754009, 0
0, 4, 4, 18, 175715559, 206105654, 14, 1, 6883587, 1
0, 4, 4, 18, 175715559, 206105654, 14, 0, 7748588, 0
0, 4, 4, 18, 175715559, 206105654, 13, 1, 6889553, 1
0, 4, 4, 18, 175715559, 206105654, 13, 0, 7298011, 0
0, 4, 4, 18, 175715559, 206105654, 12, 1, 5872585, 1
0, 4, 4, 18, 175715559, 206105654, 12, 0, 6345493, 0
0, 4, 4, 18, 175715559, 206105654, 11, 1, 5697364, 1
0, 4, 4, 18, 175715559, 206105654, 11, 0, 6645569, 0
0, 4, 4, 18, 175715559, 206105654, 10, 1, 5335512, 1
0, 4, 4, 18, 175715559, 206105654, 10, 0, 6439580, 0
0, 4, 4, 18, 175715559, 206105654, 9, 1, 5897144, 1
0, 4, 4, 18, 175715559, 206105654, 9, 0, 7155089, 0
0, 4, 4, 18, 175715559, 206105654, 8, 1, 6590926, 1
0, 4, 4, 18, 175715559, 206105654, 8, 0, 8049475, 0
0, 4, 4, 18, 175715559, 206105654, 7, 1, 5792835, 1
0, 4, 4, 18, 175715559, 206105654, 7, 0, 5877496, 0
0, 4, 4, 18, 175715559, 206105654, 6, 1, 6088529, 1
0, 4, 4, 18, 175715559, 206105654, 6, 0, 5982443, 0
0, 4, 4, 18, 175715559, 206105654, 5, 1, 6216130, 1
0, 4, 4, 18, 175715559, 206105654, 5, 0, 5024243, 0
0, 4, 4, 18, 175715559, 206105654, 4, 1, 7597492, 1
0, 4, 4, 18, 175715559, 206105654, 4, 0, 6280303, 0
0, 4, 4, 18, 175715559, 206105654, 3, 1, 8285470, 1
0, 4, 4, 18, 175715559, 206105654, 3, 0, 7488820, 0
0, 4, 4, 18, 175715559, 206105654, 2, 1, 9510051, 1
0, 4, 4, 18, 175715559, 206105654, 2, 0, 11233230, 0
0, 4, 4, 18, 175715559, 206105654, 1, 1, 12677275, 1
0, 4, 4, 18, 175715559, 206105654, 1, 0, 12948029, 0
0, 4, 4, 18, 175715559, 206105654, 0, 1, 15753414, 1
0, 5, 4, 18, 206105655, 276260441, 15, 1, 6129772, 0
0, 5, 4, 18, 206105655, 276260441, 15, 0, 5781022, 0
0, 5, 4, 18, 206105655, 276260441, 14, 1, 6552515, 0
0, 5, 4, 18, 206105655, 276260441, 14, 0, 6193952, 0
0, 5, 4, 18, 206105655, 276260441, 13, 1, 7037887, 0
0, 5, 4, 18, 206105655, 276260441, 13, 0, 6670410, 0
0, 5, 4, 18, 206105655, 276260441, 12, 1, 7600918, 0
0, 5, 4, 18, 206105655, 276260441, 12, 0, 7226278, 0
0, 5, 4, 18, 206105655, 276260441, 11, 1, 8261867, 0
0, 5, 4, 18, 206105655, 276260441, 11, 0, 7883212, 0
0, 5, 4, 18, 206105655, 276260441, 10, 1, 9048712, 0
0, 5, 4, 18, 206105655, 276260441, 10, 0, 8671533, 0
0, 5, 4, 18, 206105655, 276260441, 9, 1, 10001207, 0
0, 5, 4, 18, 206105655, 276260441, 9, 0, 9635037, 0
0, 5, 4, 18, 206105655, 276260441, 8, 1, 11177820, 0
0, 5, 4, 18, 206105655, 276260441, 8, 0, 10839416, 0
0, 5, 4, 18, 206105655, 276260441, 7, 1, 10162782, 0
0, 5, 4, 18, 206105655, 276260441, 7, 0, 12387904, 0
0, 5, 4, 18, 206105655, 276260441, 6, 1, 10158394, 0
0, 5, 4, 18, 206105655, 276260441, 6, 0, 11055454, 0
0, 5, 4, 18, 206105655, 276260441, 5, 1, 8360691, 0
0, 5, 4, 18, 206105655, 276260441, 5, 0, 12700308, 0
0, 5, 4, 18, 206105655, 276260441, 4, 1, 7493148, 0
0, 5, 4, 18, 206105655, 276260441, 4, 0, 9743069, 0
0, 5, 4, 18, 206105655, 276260441, 3, 1, 8525190, 0
0, 5, 4, 18, 206105655, 276260441, 3, 0, 12990758, 0
0, 5, 4, 18, 206105655, 276260441, 2, 1, 5041364, 0
0, 5, 4, 18, 206105655, 276260441, 2, 0, 2251383, 0
0, 5, 4, 18, 206105655, 276260441, 1, 1, 6901352, 1
0, 5, 4, 18, 206105655, 276260441, 1, 0, 1, 0
0, 5, 4, 18, 206105655, 276260441, 0, 1, 1, 1
0, 6, 4, 18, 276260442, 314210681, 15, 1, 19662358, 0
0, 6, 4, 18, 276260442, 314210681, 15, 0, 17472335, 0
0, 6, 4, 18, 276260442, 314210681, 14, 1, 16484450, 0
0, 6, 4, 18, 276260442, 314210681, 14, 0, 15249857, 0
0, 6, 4, 18, 276260442, 314210681, 13, 1, 17705520, 0
0, 6, 4, 18, 276260442, 314210681, 13, 0, 16422923, 0
0, 6, 4, 18, 276260442, 314210681, 12, 1, 19121961, 0
0, 6, 4, 18, 276260442, 314210681, 12, 0, 17791499, 0
0, 6, 4, 18, 276260442, 314210681, 11, 1, 20495024, 0
0, 6, 4, 18, 276260442, 314210681, 11, 0, 19408908, 0
0, 6, 4, 18, 276260442, 314210681, 10, 1, 22446931, 0
0, 6, 4, 18, 276260442, 314210681, 10, 0, 21349799, 0
0, 6, 4, 18, 276260442, 314210681, 9, 1, 24809765, 0
0, 6, 4, 18, 276260442, 314210681, 9, 0, 23721999, 0
0, 6, 4, 18, 276260442, 314210681, 8, 1, 24992105, 0
0, 6, 4, 18, 276260442, 314210681, 8, 0, 24248235, 0
0, 6, 4, 18, 276260442, 314210681, 7, 1, 26217324, 0
0, 6, 4, 18, 276260442, 314210681, 7, 0, 26491384, 0
0, 6, 4, 18, 276260442, 314210681, 6, 1, 26567363, 0
0, 6, 4, 18, 276260442, 314210681, 6, 0, 29247159, 0
0, 6, 4, 18, 276260442, 314210681, 5, 1, 27987918, 0
0, 6, 4, 18, 276260442, 314210681, 5, 0, 30713481, 0
0, 6, 4, 18, 276260442, 314210681, 4, 1, 32214064, 0
0, 6, 4, 18, 276260442, 314210681, 4, 0, 33906720, 0
0, 6, 4, 18, 276260442, 314210681, 3, 1, 39928858, 0
0, 6, 4, 18, 276260442, 314210681, 3, 0, 45208960, 0
0, 6, 4, 18, 276260442, 314210681, 2, 1, 44852768, 0
0, 6, 4, 18, 276260442, 314210681, 2, 0, 55600364, 0
0, 6, 4, 18, 276260442, 314210681, 1, 1, 41251447, 0
0, 6, 4, 18, 276260442, 314210681, 1, 0, 81759206, 0
0, 6, 4, 18, 276260442, 314210681, 0, 1, 15022874, 1
0, 7, 4, 18, 314210682, 403096654, 15, 1, 3555798, 0
0, 7, 4, 18, 314210682, 403096654, 15, 0, 3487516, 0
0, 7, 4, 18, 314210682, 403096654, 14, 1, 3801025, 0
0, 7, 4, 18, 314210682, 403096654, 14, 0, 3736624, 0
0, 7, 4, 18, 314210682, 403096654, 13, 1, 4082582, 0
0, 7, 4, 18, 314210682, 403096654, 13, 0, 4024057, 0
0, 7, 4, 18, 314210682, 403096654, 12, 1, 4409189, 0
0, 7, 4, 18, 314210682, 403096654, 12, 0, 4359395, 0
0, 7, 4, 18, 314210682, 403096654, 11, 1, 4792597, 0
0, 7, 4, 18, 314210682, 403096654, 11, 0, 4755703, 0
0, 7, 4, 18, 314210682, 403096654, 10, 1, 5249034, 0
0, 7, 4, 18, 314210682, 403096654, 10, 0, 5231273, 0
0, 7, 4, 18, 314210682, 403096654, 9, 1, 5801564, 0
0, 7, 4, 18, 314210682, 403096654, 9, 0, 5812526, 0
0, 7, 4, 18, 314210682, 403096654, 8, 1, 6007524, 0
0, 7, 4, 18, 314210682, 403096654, 8, 0, 5526366, 0
0, 7, 4, 18, 314210682, 403096654, 7, 1, 6808528, 0
0, 7, 4, 18, 314210682, 403096654, 7, 0, 6315846, 0
0, 7, 4, 18, 314210682, 403096654, 6, 1, 5417939, 0
0, 7, 4, 18, 314210682, 403096654, 6, 0, 7368487, 0
0, 7, 4, 18, 314210682, 403096654, 5, 1, 3669724, 0
0, 7, 4, 18, 314210682, 403096654, 5, 0, 8073392, 0
0, 7, 4, 18, 314210682, 403096654, 4, 1, 1, 1
0, 7, 4, 18, 314210682, 403096654, 4, 0, 1, 0
0, 7, 4, 18, 314210682, 403096654, 3, 1, 1, 1
0, 7, 4, 18, 314210682, 403096654, 3, 0, 1, 0
0, 7, 4, 18, 314210682, 403096654, 2, 1, 1, 1
0, 7, 4, 18, 314210682, 403096654, 2, 0, 1, 0
0, 7, 4, 18, 314210682, 403096654, 1, 1, 1, 1
0, 7, 4, 18, 314210682, 403096654, 1, 0, 1, 0
0, 7, 4, 18, 314210682, 403096654, 0, 1, 1, 1
0, 8, 4, 18, 403096655, 419674974, 15, 1, 1253115, 0
0, 8, 4, 18, 403096655, 419674974, 15, 0, 478379, 0
0, 8, 4, 18, 403096655, 419674974, 14, 1, 1339536, 0
0, 8, 4, 18, 403096655, 419674974, 14, 0, 512549, 0
0, 8, 4, 18, 403096655, 419674974, 13, 1, 1438761, 0
0, 8, 4, 18, 403096655, 419674974, 13, 0, 551976, 0
0, 8, 4, 18, 403096655, 419674974, 12, 1, 1553862, 0
0, 8, 4, 18, 403096655, 419674974, 12, 0, 597974, 0
0, 8, 4, 18, 403096655, 419674974, 11, 1, 1688980, 0
0, 8, 4, 18, 403096655, 419674974, 11, 0, 652335, 0
0, 8, 4, 18, 403096655, 419674974, 10, 1, 1849836, 0
0, 8, 4, 18, 403096655, 419674974, 10, 0, 717569, 0
0, 8, 4, 18, 403096655, 419674974, 9, 1, 2044555, 0
0, 8, 4, 18, 403096655, 419674974, 9, 0, 797299, 0
0, 8, 4, 18, 403096655, 419674974, 8, 1, 2285091, 0
0, 8, 4, 18, 403096655, 419674974, 8, 0, 896961, 0
0, 8, 4, 18, 403096655, 419674974, 7, 1, 1, 1
0, 8, 4, 18, 403096655, 419674974, 7, 0, 1, 0
0, 8, 4, 18, 403096655, 419674974, 6, 1, 1, 1
0, 8, 4, 18, 403096655, 419674974, 6, 0, 1, 0
0, 8, 4, 18, 403096655, 419674974, 5, 1, 1, 1
0, 8, 4, 18, 403096655, 419674974, 5, 0, 1, 0
0, 8, 4, 18, 403096655, 419674974, 4, 1, 1, 1
0, 8, 4, 18, 403096655, 419674974, 4, 0, 1, 0
0, 8, 4, 18, 403096655, 419674974, 3, 1, 1, 1
0, 8, 4, 18, 403096655, 419674974, 3, 0, 1, 0
0, 8, 4, 18, 403096655, 419674974, 2, 1, 1, 1
0, 8, 4, 18, 403096655, 419674974, 2, 0, 1, 0
0, 8, 4, 18, 403096655, 419674974, 1, 1, 1, 1
0, 8, 4, 18, 403096655, 419674974, 1, 0, 1, 0
0, 8, 4, 18, 403096655, 419674974, 0, 1, 1, 1
0, 9, 4, 18, 419674975, 451698039, 15, 1, 9314758, 0
0, 9, 4, 18, 419674975, 451698039, 15, 0, 5344492, 0
0, 9, 4, 18, 419674975, 451698039, 14, 1, 9957155, 0
0, 9, 4, 18, 419674975, 451698039, 14, 0, 5726241, 0
0, 9, 4, 18, 419674975, 451698039, 13, 1, 10694722, 0
0, 9, 4, 18, 419674975, 451698039, 13, 0, 6166721, 0
0, 9, 4, 18, 419674975, 451698039, 12, 1, 11550299, 0
0, 9, 4, 18, 419674975, 451698039, 12, 0, 6680614, 0
0, 9, 4, 18, 419674975, 451698039, 11, 1, 12554673, 0
0, 9, 4, 18, 419674975, 451698039, 11, 0, 7287943, 0
0, 9, 4, 18, 419674975, 451698039, 10, 1, 13750356, 0
0, 9, 4, 18, 419674975, 451698039, 10, 0, 8016737, 0
0, 9, 4, 18, 419674975, 451698039, 9, 1, 15197762, 0
0, 9, 4, 18, 419674975, 451698039, 9, 0, 8907486, 0
0, 9, 4, 18, 419674975, 451698039, 8, 1, 16985734, 0
0, 9, 4, 18, 419674975, 451698039, 8, 0, 10020921, 0
0, 9, 4, 18, 419674975, 451698039, 7, 1, 10527966, 0
0, 9, 4, 18, 419674975, 451698039, 7, 0, 1091914, 0
0, 9, 4, 18, 419674975, 451698039, 6, 1, 12147653, 0
0, 9, 4, 18, 419674975, 451698039, 6, 0, 1273899, 0
0, 9, 4, 18, 419674975, 451698039, 5, 1, 5280982, 0
0, 9, 4, 18, 419674975, 451698039, 5, 0, 1528679, 0
0, 9, 4, 18, 419674975, 451698039, 4, 1, 5003780, 0
0, 9, 4, 18, 419674975, 451698039, 4, 0, 1910849, 0
0, 9, 4, 18, 419674975, 451698039, 3, 1, 5475984, 0
0, 9, 4, 18, 419674975, 451698039, 3, 0, 2547798, 0
0, 9, 4, 18, 419674975, 451698039, 2, 1, 1528679, 0
0, 9, 4, 18, 419674975, 451698039, 2, 0, 3821697, 0
0, 9, 4, 18, 419674975, 451698039, 1, 1, 2547798, 0
0, 9, 4, 18, 419674975, 451698039, 1, 0, 7643394, 0
0, 9, 4, 18, 419674975, 451698039, 0, 1, 1, 1
0, 10, 4, 18, 451698040, 520557329, 15, 1, 10516248, 1
0, 10, 4, 18, 451698040, 520557329, 15, 0, 10432990, 0
0, 10, 4, 18, 451698040, 520557329, 14, 1, 11241506, 1
0, 10, 4, 18, 451698040, 520557329, 14, 0, 11178203, 0
0, 10, 4, 18, 451698040, 520557329, 13, 1, 12074210, 1
0, 10, 4, 18, 451698040, 520557329, 13, 0, 12038065, 0
0, 10, 4, 18, 451698040, 520557329, 12, 1, 13040147, 1
0, 10, 4, 18, 451698040, 520557329, 12, 0, 13041237, 0
0, 10, 4, 18, 451698040, 520557329, 11, 1, 14174073, 1
0, 10, 4, 18, 451698040, 520557329, 11, 0, 14226804, 0
0, 10, 4, 18, 451698040, 520557329, 10, 1, 15523984, 1
0, 10, 4, 18, 451698040, 520557329, 10, 0, 15649484, 0
0, 10, 4, 18, 451698040, 520557329, 9, 1, 17158088, 1
0, 10, 4, 18, 451698040, 520557329, 9, 0, 17388316, 0
0, 10, 4, 18, 451698040, 520557329, 8, 1, 14858202, 1
0, 10, 4, 18, 451698040, 520557329, 8, 0, 16380635, 0
0, 10, 4, 18, 451698040, 520557329, 7, 1, 16839296, 1
0, 10, 4, 18, 451698040, 520557329, 7, 0, 18720726, 0
0, 10, 4, 18, 451698040, 520557329, 6, 1, 19429956, 1
0, 10, 4, 18, 451698040, 520557329, 6, 0, 21840847, 0
0, 10, 4, 18, 451698040, 520557329, 5, 1, 22962676, 1
0, 10, 4, 18, 451698040, 520557329, 5, 0, 26209016, 0
0, 10, 4, 18, 451698040, 520557329, 4, 1, 25557502, 1
0, 10, 4, 18, 451698040, 520557329, 4, 0, 27118293, 0
0, 10, 4, 18, 451698040, 520557329, 3, 1, 21181800, 1
0, 10, 4, 18, 451698040, 520557329, 3, 0, 23492192, 0
0, 10, 4, 18, 451698040, 520557329, 2, 1, 28597799, 1
0, 10, 4, 18, 451698040, 520557329, 2, 0, 32596486, 0
0, 10, 4, 18, 451698040, 520557329, 1, 1, 31288735, 1
0, 10, 4, 18, 451698040, 520557329, 1, 0, 39469841, 0
0, 10, 4, 18, 451698040, 520557329, 0, 1, 45065716, 1
0, 11, 4, 18, 520557330, 561582625, 15, 1, 5408604, 1
0, 11, 4, 18, 520557330, 561582625, 15, 0, 5315827, 0
0, 11, 4, 18, 520557330, 561582625, 14, 1, 5781611, 1
0, 11, 4, 18, 520557330, 561582625, 14, 0, 5695529, 0
0, 11, 4, 18, 520557330, 561582625, 13, 1, 6209878, 1
0, 11, 4, 18, 520557330, 561582625, 13, 0, 6133647, 0
0, 11, 4, 18, 520557330, 561582625, 12, 1, 6706668, 1
0, 11, 4, 18, 520557330, 561582625, 12, 0, 6644784, 0
0, 11, 4, 18, 520557330, 561582625, 11, 1, 7289857, 1
0, 11, 4, 18, 520557330, 561582625, 11, 0, 7248855, 0
0, 11, 4, 18, 520557330, 561582625, 10, 1, 7984129, 1
0, 11, 4, 18, 520557330, 561582625, 10, 0, 7973741, 0
0, 11, 4, 18, 520557330, 561582625, 9, 1, 8824563, 1
0, 11, 4, 18, 520557330, 561582625, 9, 0, 8859712, 0
0, 11, 4, 18, 520557330, 561582625, 8, 1, 8211912, 1
0, 11, 4, 18, 520557330, 561582625, 8, 0, 8213163, 0
0, 11, 4, 18, 520557330, 561582625, 7, 1, 9306833, 1
0, 11, 4, 18, 520557330, 561582625, 7, 0, 9386472, 0
0, 11, 4, 18, 520557330, 561582625, 6, 1, 10738654, 1
0, 11, 4, 18, 520557330, 561582625, 6, 0, 10950884, 0
0, 11, 4, 18, 520557330, 561582625, 5, 1, 12691136, 1
0, 11, 4, 18, 520557330, 561582625, 5, 0, 13141060, 0
0, 11, 4, 18, 520557330, 561582625, 4, 1, 10295017, 1
0, 11, 4, 18, 520557330, 561582625, 4, 0, 8203647, 0
0, 11, 4, 18, 520557330, 561582625, 3, 1, 12308130, 1
0, 11, 4, 18, 520557330, 561582625, 3, 0, 8772116, 0
0, 11, 4, 18, 520557330, 561582625, 2, 1, 17231382, 1
0, 11, 4, 18, 520557330, 561582625, 2, 0, 13158173, 0
0, 11, 4, 18, 520557330, 561582625, 1, 1, 19027055, 1
0, 11, 4, 18, 520557330, 561582625, 1, 0, 12500429, 0
0, 11, 4, 18, 520557330, 561582625, 0, 1, 19133324, 1
0, 12, 4, 18, 561582626, 676066474, 15, 1, 160461393, 0
0, 12, 4, 18, 561582626, 676066474, 15, 0, 170915701, 0
0, 12, 4, 18, 561582626, 676066474, 14, 1, 144670233, 0
0, 12, 4, 18, 561582626, 676066474, 14, 0, 154655016, 0
0, 12, 4, 18, 561582626, 676066474, 13, 1, 134320276, 0
0, 12, 4, 18, 561582626, 676066474, 13, 0, 144758362, 0
0, 12, 4, 18, 561582626, 676066474, 12, 1, 116778616, 0
0, 12, 4, 18, 561582626, 676066474, 12, 0, 127372612, 0
0, 12, 4, 18, 561582626, 676066474, 11, 1, 97009434, 0
0, 12, 4, 18, 561582626, 676066474, 11, 0, 112617113, 0
0, 12, 4, 18, 561582626, 676066474, 10, 1, 72661515, 0
0, 12, 4, 18, 561582626, 676066474, 10, 0, 89107980, 0
0, 12, 4, 18, 561582626, 676066474, 9, 1, 46848523, 0
0, 12, 4, 18, 561582626, 676066474, 9, 0, 64822769, 0
0, 12, 4, 18, 561582626, 676066474, 8, 1, 52360114, 0
0, 12, 4, 18, 561582626, 676066474, 8, 0, 72925615, 0
0, 12, 4, 18, 561582626, 676066474, 7, 1, 59341462, 0
0, 12, 4, 18, 561582626, 676066474, 7, 0, 83343560, 0
0, 12, 4, 18, 561582626, 676066474, 6, 1, 68470918, 0
0, 12, 4, 18, 561582626, 676066474, 6, 0, 97234153, 0
0, 12, 4, 18, 561582626, 676066474, 5, 1, 80920176, 0
0, 12, 4, 18, 561582626, 676066474, 5, 0, 116680983, 0
0, 12, 4, 18, 561582626, 676066474, 4, 1, 27762045, 0
0, 12, 4, 18, 561582626, 676066474, 4, 0, 62464600, 0
0, 12, 4, 18, 561582626, 676066474, 3, 1, 35694057, 0
0, 12, 4, 18, 561582626, 676066474, 3, 0, 83286133, 0
0, 12, 4, 18, 561582626, 676066474, 2, 1, 49971680, 0
0, 12, 4, 18, 561582626, 676066474, 2, 0, 124929199, 0
0, 12, 4, 18, 561582626, 676066474, 1, 1, 83286133, 0
0, 12, 4, 18, 561582626, 676066474, 1, 0, 249858397, 0
0, 12, 4, 18, 561582626, 676066474, 0, 1, 1, 1
0, 13, 4, 18, 676066475, 701875605, 15, 1, 32927008, 1
0, 13, 4, 18, 676066475, 701875605, 15, 0, 32351155, 0
0, 13, 4, 18, 676066475, 701875605, 14, 1, 32511397, 1
0, 13, 4, 18, 676066475, 701875605, 14, 0, 33949492, 0
0, 13, 4, 18, 676066475, 701875605, 13, 1, 34687375, 1
0, 13, 4, 18, 676066475, 701875605, 13, 0, 36560991, 0
0, 13, 4, 18, 676066475, 701875605, 12, 1, 34409361, 1
0, 13, 4, 18, 676066475, 701875605, 12, 0, 34648359, 0
0, 13, 4, 18, 676066475, 701875605, 11, 1, 32206412, 1
0, 13, 4, 18, 676066475, 701875605, 11, 0, 33890397, 0
0, 13, 4, 18, 676066475, 701875605, 10, 1, 32086929, 1
0, 13, 4, 18, 676066475, 701875605, 10, 0, 33069823, 0
0, 13, 4, 18, 676066475, 701875605, 9, 1, 33638478, 1
0, 13, 4, 18, 676066475, 701875605, 9, 0, 34495093, 0
0, 13, 4, 18, 676066475, 701875605, 8, 1, 37595946, 1
0, 13, 4, 18, 676066475, 701875605, 8, 0, 38806979, 0
0, 13, 4, 18, 676066475, 701875605, 7, 1, 42031279, 1
0, 13, 4, 18, 676066475, 701875605, 7, 0, 44350834, 0
0, 13, 4, 18, 676066475, 701875605, 6, 1, 44003270, 1
0, 13, 4, 18, 676066475, 701875605, 6, 0, 49768016, 0
0, 13, 4, 18, 676066475, 701875605, 5, 1, 44103562, 0
0, 13, 4, 18, 676066475, 701875605, 5, 0, 50644908, 0
0, 13, 4, 18, 676066475, 701875605, 4, 1, 52491373, 0
0, 13, 4, 18, 676066475, 701875605, 4, 0, 63306135, 0
0, 13, 4, 18, 676066475, 701875605, 3, 1, 49688509, 0
0, 13, 4, 18, 676066475, 701875605, 3, 0, 65270375, 0
0, 13, 4, 18, 676066475, 701875605, 2, 1, 55536780, 0
0, 13, 4, 18, 676066475, 701875605, 2, 0, 73221876, 0
0, 13, 4, 18, 676066475, 701875605, 1, 1, 50007468, 0
0, 13, 4, 18, 676066475, 701875605, 1, 0, 73559593, 0
0, 13, 4, 18, 676066475, 701875605, 0, 1, 50261931, 1
0, 14, 4, 18, 701875606, 808118850, 15, 1, 466602554, 0
0, 14, 4, 18, 701875606, 808118850, 15, 0, 545148856, 0
0, 14, 4, 18, 701875606, 808118850, 14, 1, 449389209, 0
0, 14, 4, 18, 701875606, 808118850, 14, 0, 533150962, 0
0, 14, 4, 18, 701875606, 808118850, 13, 1, 429934215, 0
0, 14, 4, 18, 701875606, 808118850, 13, 0, 520433731, 0
0, 14, 4, 18, 701875606, 808118850, 12, 1, 424620823, 0
0, 14, 4, 18, 701875606, 808118850, 12, 0, 501287282, 0
0, 14, 4, 18, 701875606, 808118850, 11, 1, 414797728, 0
0, 14, 4, 18, 701875606, 808118850, 11, 0, 513342673, 0
0, 14, 4, 18, 701875606, 808118850, 10, 1, 386996962, 0
0, 14, 4, 18, 701875606, 808118850, 10, 0, 493054029, 0
0, 14, 4, 18, 701875606, 808118850, 9, 1, 361407199, 0
0, 14, 4, 18, 701875606, 808118850, 9, 0, 468108897, 0
0, 14, 4, 18, 701875606, 808118850, 8, 1, 360154291, 0
0, 14, 4, 18, 701875606, 808118850, 8, 0, 480115394, 0
0, 14, 4, 18, 701875606, 808118850, 7, 1, 378351268, 0
0, 14, 4, 18, 701875606, 808118850, 7, 0, 516749455, 0
0, 14, 4, 18, 701875606, 808118850, 6, 1, 330450597, 0
0, 14, 4, 18, 701875606, 808118850, 6, 0, 488925381, 0
0, 14, 4, 18, 701875606, 808118850, 5, 1, 359814215, 0
0, 14, 4, 18, 701875606, 808118850, 5, 0, 541975064, 0
0, 14, 4, 18, 701875606, 808118850, 4, 1, 304292012, 0
0, 14, 4, 18, 701875606, 808118850, 4, 0, 503667058, 0
0, 14, 4, 18, 701875606, 808118850, 3, 1, 194404205, 0
0, 14, 4, 18, 701875606, 808118850, 3, 0, 453609812, 0
0, 14, 4, 18, 701875606, 808118850, 2, 1, 272165887, 0
0, 14, 4, 18, 701875606, 808118850, 2, 0, 680414717, 0
0, 14, 4, 18, 701875606, 808118850, 1, 1, 225702979, 0
0, 14, 4, 18, 701875606, 808118850, 1, 0, 677108935, 0
0, 14, 4, 18, 701875606, 808118850, 0, 1, 1, 1
0, 15, 4, 18, 808118851, 840240774, 15, 1, 235034246, 0
0, 15, 4, 18, 808118851, 840240774, 15, 0, 247989060, 0
0, 15, 4, 18, 808118851, 840240774, 14, 1, 217607664, 0
0, 15, 4, 18, 808118851, 840240774, 14, 0, 230865444, 0
0, 15, 4, 18, 808118851, 840240774, 13, 1, 202501761, 0
0, 15, 4, 18, 808118851, 840240774, 13, 0, 217665249, 0
0, 15, 4, 18, 808118851, 840240774, 12, 1, 200009120, 0
0, 15, 4, 18, 808118851, 840240774, 12, 0, 196860723, 0
0, 15, 4, 18, 808118851, 840240774, 11, 1, 196196013, 0
0, 15, 4, 18, 808118851, 840240774, 11, 0, 214757152, 0
0, 15, 4, 18, 808118851, 840240774, 10, 1, 172912518, 0
0, 15, 4, 18, 808118851, 840240774, 10, 0, 191345524, 0
0, 15, 4, 18, 808118851, 840240774, 9, 1, 147042280, 0
0, 15, 4, 18, 808118851, 840240774, 9, 0, 166906684, 0
0, 15, 4, 18, 808118851, 840240774, 8, 1, 160168192, 0
0, 15, 4, 18, 808118851, 840240774, 8, 0, 183336015, 0
0, 15, 4, 18, 808118851, 840240774, 7, 1, 134402407, 0
0, 15, 4, 18, 808118851, 840240774, 7, 0, 173703908, 0
0, 15, 4, 18, 808118851, 840240774, 6, 1, 100521315, 0
0, 15, 4, 18, 808118851, 840240774, 6, 0, 135408512, 0
0, 15, 4, 18, 808118851, 840240774, 5, 1, 74149162, 0
0, 15, 4, 18, 808118851, 840240774, 5, 0, 78126159, 0
0, 15, 4, 18, 808118851, 840240774, 4, 1, 1, 1
0, 15, 4, 18, 808118851, 840240774, 4, 0, 1, 0
0, 15, 4, 18, 808118851, 840240774, 3, 1, 1, 1
0, 15, 4, 18, 808118851, 840240774, 3, 0, 1, 0
0, 15, 4, 18, 808118851, 840240774, 2, 1, 1, 1
0, 15, 4, 18, 808118851, 840240774, 2, 0, 1, 0
0, 15, 4, 18, 808118851, 840240774, 1, 1, 1, 1
0, 15, 4, 18, 808118851, 840240774, 1, 0, 1, 0
0, 15, 4, 18, 808118851, 840240774, 0, 1, 1, 1
0, 16, 4, 18, 840240775, 856021092, 15, 1, 3165197, 0
0, 16, 4, 18, 840240775, 856021092, 15, 0, 6541406, 0
0, 16, 4, 18, 840240775, 856021092, 14, 1, 3383486, 0
0, 16, 4, 18, 840240775, 856021092, 14, 0, 7008649, 0
0, 16, 4, 18, 840240775, 856021092, 13, 1, 1, 1
0, 16, 4, 18, 840240775, 856021092, 13, 0, 1, 0
0, 16, 4, 18, 840240775, 856021092, 12, 1, 1, 1
0, 16, 4, 18, 840240775, 856021092, 12, 0, 1, 0
0, 16, 4, 18, 840240775, 856021092, 11, 1, 1, 1
0, 16, 4, 18, 840240775, 856021092, 11, 0, 1, 0
0, 16, 4, 18, 840240775, 856021092, 10, 1, 1, 1
0, 16, 4, 18, 840240775, 856021092, 10, 0, 1, 0
0, 16, 4, 18, 840240775, 856021092, 9, 1, 1, 1
0, 16, 4, 18, 840240775, 856021092, 9, 0, 1, 0
0, 16, 4, 18, 840240775, 856021092, 8, 1, 1, 1
0, 16, 4, 18, 840240775, 856021092, 8, 0, 1, 0
0, 16, 4, 18, 840240775, 856021092, 7, 1, 1, 1
0, 16, 4, 18, 840240775, 856021092, 7, 0, 1, 0
0, 16, 4, 18, 840240775, 856021092, 6, 1, 1, 1
0, 16, 4, 18, 840240775, 856021092, 6, 0, 1, 0
0, 16, 4, 18, 840240775, 856021092, 5, 1, 1, 1
0, 16, 4, 18, 840240775, 856021092, 5, 0, 1, 0
0, 16, 4, 18, 840240775, 856021092, 4, 1, 1, 1
0, 16, 4, 18, 840240775, 856021092, 4, 0, 1, 0
0, 16, 4, 18, 840240775, 856021092, 3, 1, 1, 1
0, 16, 4, 18, 840240775, 856021092, 3, 0, 1, 0
0, 16, 4, 18, 840240775, 856021092, 2, 1, 1, 1
0, 16, 4, 18, 840240775, 856021092, 2, 0, 1, 0
0, 16, 4, 18, 840240775, 856021092, 1, 1, 1, 1
0, 16, 4, 18, 840240775, 856021092, 1, 0, 1, 0
0, 16, 4, 18, 840240775, 856021092, 0, 1, 1, 1
0, 17, 4, 18, 856021093, 921538318, 15, 1, 259238114, 0
0, 17, 4, 18, 856021093, 921538318, 15, 0, 284579773, 0
0, 17, 4, 18, 856021093, 921538318, 14, 1, 242573453, 0
0, 17, 4, 18, 856021093, 921538318, 14, 0, 270546698, 0
0, 17, 4, 18, 856021093, 921538318, 13, 1, 225287462, 0
0, 17, 4, 18, 856021093, 921538318, 13, 0, 254997705, 0
0, 17, 4, 18, 856021093, 921538318, 12, 1, 223667945, 0
0, 17, 4, 18, 856021093, 921538318, 12, 0, 235325608, 0
0, 17, 4, 18, 856021093, 921538318, 11, 1, 221982838, 0
0, 17, 4, 18, 856021093, 921538318, 11, 0, 256718845, 0
0, 17, 4, 18, 856021093, 921538318, 10, 1, 200994782, 0
0, 17, 4, 18, 856021093, 921538318, 10, 0, 232757308, 0
0, 17, 4, 18, 856021093, 921538318, 9, 1, 179372275, 0
0, 17, 4, 18, 856021093, 921538318, 9, 0, 213450265, 0
0, 17, 4, 18, 856021093, 921538318, 8, 1, 189861142, 0
0, 17, 4, 18, 856021093, 921538318, 8, 0, 235248028, 0
0, 17, 4, 18, 856021093, 921538318, 7, 1, 152142369, 0
0, 17, 4, 18, 856021093, 921538318, 7, 0, 200018475, 0
0, 17, 4, 18, 856021093, 921538318, 6, 1, 108010932, 0
0, 17, 4, 18, 856021093, 921538318, 6, 0, 156009578, 0
0, 17, 4, 18, 856021093, 921538318, 5, 1, 85814148, 0
0, 17, 4, 18, 856021093, 921538318, 5, 0, 95174198, 0
0, 17, 4, 18, 856021093, 921538318, 4, 1, 1, 1
0, 17, 4, 18, 856021093, 921538318, 4, 0, 1, 0
0, 17, 4, 18, 856021093, 921538318, 3, 1, 1, 1
0, 17, 4, 18, 856021093, 921538318, 3, 0, 1, 0
0, 17, 4, 18, 856021093, 921538318, 2, 1, 1, 1
0, 17, 4, 18, 856021093, 921538318, 2, 0, 1, 0
0, 17, 4, 18, 856021093, 921538318, 1, 1, 1, 1
0, 17, 4, 18, 856021093, 921538318, 1, 0, 1, 0
0, 17, 4, 18, 856021093, 921538318, 0, 1, 1, 1
0, 18, 4, 18, 921538319, 937498361, 15, 1, 47336521, 0
0, 18, 4, 18, 921538319, 937498361, 15, 0, 43854166, 0
0, 18, 4, 18, 921538319, 937498361, 14, 1, 39269485, 0
0, 18, 4, 18, 921538319, 937498361, 14, 0, 35859142, 0
0, 18, 4, 18, 921538319, 937498361, 13, 1, 39723964, 0
0, 18, 4, 18, 921538319, 937498361, 13, 0, 36502203, 0
0, 18, 4, 18, 921538319, 937498361, 12, 1, 36828906, 0
0, 18, 4, 18, 921538319, 937498361, 12, 0, 29679627, 0
0, 18, 4, 18, 921538319, 937498361, 11, 1, 28507985, 0
0, 18, 4, 18, 921538319, 937498361, 11, 0, 19477582, 0
0, 18, 4, 18, 921538319, 937498361, 10, 1, 22457083, 0
0, 18, 4, 18, 921538319, 937498361, 10, 0, 11966588, 0
0, 18, 4, 18, 921538319, 937498361, 9, 1, 20369117, 0
0, 18, 4, 18, 921538319, 937498361, 9, 0, 13057079, 0
0, 18, 4, 18, 921538319, 937498361, 8, 1, 10308624, 0
0, 18, 4, 18, 921538319, 937498361, 8, 0, 1287130, 0
0, 18, 4, 18, 921538319, 937498361, 7, 1, 11683107, 0
0, 18, 4, 18, 921538319, 937498361, 7, 0, 1471005, 0
0, 18, 4, 18, 921538319, 937498361, 6, 1, 13480508, 0
0, 18, 4, 18, 921538319, 937498361, 6, 0, 1716173, 0
0, 18, 4, 18, 921538319, 937498361, 5, 1, 13826730, 0
0, 18, 4, 18, 921538319, 937498361, 5, 0, 2059407, 0
0, 18, 4, 18, 921538319, 937498361, 4, 1, 11632704, 0
0, 18, 4, 18, 921538319, 937498361, 4, 0, 2574259, 0
0, 18, 4, 18, 921538319, 937498361, 3, 1, 9122533, 0
0, 18, 4, 18, 921538319, 937498361, 3, 0, 3432345, 0
0, 18, 4, 18, 921538319, 937498361, 2, 1, 8475800, 1
0, 18, 4, 18, 921538319, 937498361, 2, 0, 1, 0
0, 18, 4, 18, 921538319, 937498361, 1, 1, 1, 1
0, 18, 4, 18, 921538319, 937498361, 1, 0, 1, 0
0, 18, 4, 18, 921538319, 937498361, 0, 1, 1, 1
0, 19, 4, 18, 937498362, 974839256, 15, 1, 105152095, 0
0, 19, 4, 18, 937498362, 974839256, 15, 0, 109288742, 0
0, 19, 4, 18, 937498362, 974839256, 14, 1, 91939027, 0
0, 19, 4, 18, 937498362, 974839256, 14, 0, 97881737, 0
0, 19, 4, 18, 937498362, 974839256, 13, 1, 84751917, 0
0, 19, 4, 18, 937498362, 974839256, 13, 0, 88602729, 0
0, 19, 4, 18, 937498362, 974839256, 12, 1, 83474794, 0
0, 19, 4, 18, 937498362, 974839256, 12, 0, 79200299, 0
0, 19, 4, 18, 937498362, 974839256, 11, 1, 81219811, 0
0, 19, 4, 18, 937498362, 974839256, 11, 0, 86400326, 0
0, 19, 4, 18, 937498362, 974839256, 10, 1, 68559479, 0
0, 19, 4, 18, 937498362, 974839256, 10, 0, 72980354, 0
0, 19, 4, 18, 937498362, 974839256, 9, 1, 61657967, 0
0, 19, 4, 18, 937498362, 974839256, 9, 0, 74400388, 0
0, 19, 4, 18, 937498362, 974839256, 8, 1, 68911845, 0
0, 19, 4, 18, 937498362, 974839256, 8, 0, 83700437, 0
0, 19, 4, 18, 937498362, 974839256, 7, 1, 59860025, 0
0, 19, 4, 18, 937498362, 974839256, 7, 0, 76039937, 0
0, 19, 4, 18, 937498362, 974839256, 6, 1, 40316145, 0
0, 19, 4, 18, 937498362, 974839256, 6, 0, 56502314, 0
0, 19, 4, 18, 937498362, 974839256, 5, 1, 30508794, 0
0, 19, 4, 18, 937498362, 974839256, 5, 0, 30100146, 0
0, 19, 4, 18, 937498362, 974839256, 4, 1, 1, 1
0, 19, 4, 18, 937498362, 974839256, 4, 0, 1, 0
0, 19, 4, 18, 937498362, 974839256, 3, 1, 1, 1
0, 19, 4, 18, 937498362, 974839256, 3, 0, 1, 0
0, 19, 4, 18, 937498362, 974839256, 2, 1, 1, 1
0, 19, 4, 18, 937498362, 974839256, 2, 0, 1, 0
0, 19, 4, 18, 937498362, 974839256, 1, 1, 1, 1
0, 19, 4, 18, 937498362, 974839256, 1, 0, 1, 0
0, 19, 4, 18, 937498362, 974839256, 0, 1, 1, 1
0, 20, 4, 18, 974839257, 1009245611, 15, 1, 113091558, 0
0, 20, 4, 18, 974839257, 1009245611, 15, 0, 123446162, 0
0, 20, 4, 18, 974839257, 1009245611, 14, 1, 103971725, 0
0, 20, 4, 18, 974839257, 1009245611, 14, 0, 113348068, 0
0, 20, 4, 18, 974839257, 1009245611, 13, 1, 95425748, 0
0, 20, 4, 18, 974839257, 1009245611, 13, 0, 105018032, 0
0, 20, 4, 18, 974839257, 1009245611, 12, 1, 94721861, 0
0, 20, 4, 18, 974839257, 1009245611, 12, 0, 96398812, 0
0, 20, 4, 18, 974839257, 1009245611, 11, 1, 92293453, 0
0, 20, 4, 18, 974839257, 1009245611, 11, 0, 105162341, 0
0, 20, 4, 18, 974839257, 1009245611, 10, 1, 80171585, 0
0, 20, 4, 18, 974839257, 1009245611, 10, 0, 93634739, 0
0, 20, 4, 18, 974839257, 1009245611, 9, 1, 68227103, 0
0, 20, 4, 18, 974839257, 1009245611, 9, 0, 88181121, 0
0, 20, 4, 18, 974839257, 1009245611, 8, 1, 76253821, 0
0, 20, 4, 18, 974839257, 1009245611, 8, 0, 99203761, 0
0, 20, 4, 18, 974839257, 1009245611, 7, 1, 63801969, 0
0, 20, 4, 18, 974839257, 1009245611, 7, 0, 87778254, 0
0, 20, 4, 18, 974839257, 1009245611, 6, 1, 47339099, 0
0, 20, 4, 18, 974839257, 1009245611, 6, 0, 65738321, 0
0, 20, 4, 18, 974839257, 1009245611, 5, 1, 38729451, 0
0, 20, 4, 18, 974839257, 1009245611, 5, 0, 41009121, 0
0, 20, 4, 18, 974839257, 1009245611, 4, 1, 1, 1
0, 20, 4, 18, 974839257, 1009245611, 4, 0, 1, 0
0, 20, 4, 18, 974839257, 1009245611, 3, 1, 1, 1
0, 20, 4, 18, 974839257, 1009245611, 3, 0, 1, 0
0, 20, 4, 18, 974839257, 1009245611, 2, 1, 1, 1
0, 20, 4, 18, 974839257, 1009245611, 2, 0, 1, 0
0, 20, 4, 18, 974839257, 1009245611, 1, 1, 1, 1
0, 20, 4, 18, 974839257, 1009245611, 1, 0, 1, 0
0, 20, 4, 18, 974839257, 1009245611, 0, 1, 1, 1
0, 21, 4, 18, 1009245612, 1105863848, 15, 1, 38588043, 0
0, 21, 4, 18, 1009245612, 1105863848, 15, 0, 44761781, 0
0, 21, 4, 18, 1009245612, 1105863848, 14, 1, 28556253, 0
0, 21, 4, 18, 1009245612, 1105863848, 14, 0, 34950950, 0
0, 21, 4, 18, 1009245612, 1105863848, 13, 1, 21510014, 0
0, 21, 4, 18, 1009245612, 1105863848, 13, 0, 26135636, 0
0, 21, 4, 18, 1009245612, 1105863848, 12, 1, 21741432, 0
0, 21, 4, 18, 1009245612, 1105863848, 12, 0, 25210724, 0
0, 21, 4, 18, 1009245612, 1105863848, 11, 1, 8627555, 0
0, 21, 4, 18, 1009245612, 1105863848, 11, 0, 10486637, 0
0, 21, 4, 18, 1009245612, 1105863848, 10, 1, 7233557, 0
0, 21, 4, 18, 1009245612, 1105863848, 10, 0, 7343084, 0
0, 21, 4, 18, 1009245612, 1105863848, 9, 1, 7994984, 0
0, 21, 4, 18, 1009245612, 1105863848, 9, 0, 8158982, 0
0, 21, 4, 18, 1009245612, 1105863848, 8, 1, 8935571, 0
0, 21, 4, 18, 1009245612, 1105863848, 8, 0, 9178855, 0
0, 21, 4, 18, 1009245612, 1105863848, 7, 1, 7976015, 0
0, 21, 4, 18, 1009245612, 1105863848, 7, 0, 8100378, 0
0, 21, 4, 18, 1009245612, 1105863848, 6, 1, 5390716, 0
0, 21, 4, 18, 1009245612, 1105863848, 6, 0, 5742211, 0
0, 21, 4, 18, 1009245612, 1105863848, 5, 1, 4972313, 1
0, 21, 4, 18, 1009245612, 1105863848, 5, 0, 3813880, 0
0, 21, 4, 18, 1009245612, 1105863848, 4, 1, 6077271, 1
0, 21, 4, 18, 1009245612, 1105863848, 4, 0, 4767350, 0
0, 21, 4, 18, 1009245612, 1105863848, 3, 1, 3918283, 0
0, 21, 4, 18, 1009245612, 1105863848, 3, 0, 6356467, 0
0, 21, 4, 18, 1009245612, 1105863848, 2, 1, 5485595, 0
0, 21, 4, 18, 1009245612, 1105863848, 2, 0, 9534700, 0
0, 21, 4, 18, 1009245612, 1105863848, 1, 1, 2786193, 1
0, 21, 4, 18, 1009245612, 1105863848, 1, 0, 1, 0
0, 21, 4, 18, 1009245612, 1105863848, 0, 1, 5410801, 1
0, 22, 4, 18, 1105863849, 1133905172, 15, 1, 18779488, 0
0, 22, 4, 18, 1105863849, 1133905172, 15, 0, 20387332, 0
0, 22, 4, 18, 1105863849, 1133905172, 14, 1, 17781312, 0
0, 22, 4, 18, 1105863849, 1133905172, 14, 0, 21843570, 0
0, 22, 4, 18, 1105863849, 1133905172, 13, 1, 16990404, 0
0, 22, 4, 18, 1105863849, 1133905172, 13, 0, 21409469, 0
0, 22, 4, 18, 1105863849, 1133905172, 12, 1, 15459084, 0
0, 22, 4, 18, 1105863849, 1133905172, 12, 0, 18331530, 0
0, 22, 4, 18, 1105863849, 1133905172, 11, 1, 14451416, 0
0, 22, 4, 18, 1105863849, 1133905172, 11, 0, 15444595, 0
0, 22, 4, 18, 1105863849, 1133905172, 10, 1, 11723063, 0
0, 22, 4, 18, 1105863849, 1133905172, 10, 0, 13159904, 0
0, 22, 4, 18, 1105863849, 1133905172, 9, 1, 11219841, 0
0, 22, 4, 18, 1105863849, 1133905172, 9, 0, 12170908, 0
0, 22, 4, 18, 1105863849, 1133905172, 8, 1, 6104387, 0
0, 22, 4, 18, 1105863849, 1133905172, 8, 0, 7282208, 0
0, 22, 4, 18, 1105863849, 1133905172, 7, 1, 6555777, 0
0, 22, 4, 18, 1105863849, 1133905172, 7, 0, 7934100, 0
0, 22, 4, 18, 1105863849, 1133905172, 6, 1, 7474164, 0
0, 22, 4, 18, 1105863849, 1133905172, 6, 0, 9061029, 0
0, 22, 4, 18, 1105863849, 1133905172, 5, 1, 8585924, 0
0, 22, 4, 18, 1105863849, 1133905172, 5, 0, 10329443, 0
0, 22, 4, 18, 1105863849, 1133905172, 4, 1, 7339680, 0
0, 22, 4, 18, 1105863849, 1133905172, 4, 0, 6234854, 0
0, 22, 4, 18, 1105863849, 1133905172, 3, 1, 3562774, 0
0, 22, 4, 18, 1105863849, 1133905172, 3, 0, 8313139, 0
0, 22, 4, 18, 1105863849, 1133905172, 2, 1, 52134, 0
0, 22, 4, 18, 1105863849, 1133905172, 2, 0, 130335, 0
0, 22, 4, 18, 1105863849, 1133905172, 1, 1, 86890, 0
0, 22, 4, 18, 1105863849, 1133905172, 1, 0, 260669, 0
0, 22, 4, 18, 1105863849, 1133905172, 0, 1, 1, 1
0, 23, 4, 18, 1133905173, 1166951399, 15, 1, 35613627, 0
0, 23, 4, 18, 1133905173, 1166951399, 15, 0, 34444255, 0
0, 23, 4, 18, 1133905173, 1166951399, 14, 1, 33383528, 0
0, 23, 4, 18, 1133905173, 1166951399, 14, 0, 31997603, 0
0, 23, 4, 18, 1133905173, 1166951399, 13, 1, 31216283, 0
0, 23, 4, 18, 1133905173, 1166951399, 13, 0, 29749181, 0
0, 23, 4, 18, 1133905173, 1166951399, 12, 1, 28273133, 0
0, 23, 4, 18, 1133905173, 1166951399, 12, 0, 26329584, 0
0, 23, 4, 18, 1133905173, 1166951399, 11, 1, 25803330, 0
0, 23, 4, 18, 1133905173, 1166951399, 11, 0, 22737603, 0
0, 23, 4, 18, 1133905173, 1166951399, 10, 1, 22380927, 0
0, 23, 4, 18, 1133905173, 1166951399, 10, 0, 19656011, 0
0, 23, 4, 18, 1133905173, 1166951399, 9, 1, 19942683, 0
0, 23, 4, 18, 1133905173, 1166951399, 9, 0, 19099639, 0
0, 23, 4, 18, 1133905173, 1166951399, 8, 1, 18071917, 1
0, 23, 4, 18, 1133905173, 1166951399, 8, 0, 15437754, 0
0, 23, 4, 18, 1133905173, 1166951399, 7, 1, 18536291, 1
0, 23, 4, 18, 1133905173, 1166951399, 7, 0, 13474830, 0
0, 23, 4, 18, 1133905173, 1166951399, 6, 1, 19426499, 1
0, 23, 4, 18, 1133905173, 1166951399, 6, 0, 14909240, 0
0, 23, 4, 18, 1133905173, 1166951399, 5, 1, 20360341, 0
0, 23, 4, 18, 1133905173, 1166951399, 5, 0, 17891088, 0
0, 23, 4, 18, 1133905173, 1166951399, 4, 1, 15384989, 1
0, 23, 4, 18, 1133905173, 1166951399, 4, 0, 14403970, 0
0, 23, 4, 18, 1133905173, 1166951399, 3, 1, 17678003, 1
0, 23, 4, 18, 1133905173, 1166951399, 3, 0, 16016033, 0
0, 23, 4, 18, 1133905173, 1166951399, 2, 1, 16259465, 1
0, 23, 4, 18, 1133905173, 1166951399, 2, 0, 13860462, 0
0, 23, 4, 18, 1133905173, 1166951399, 1, 1, 17858801, 1
0, 23, 4, 18, 1133905173, 1166951399, 1, 0, 1, 0
0, 23, 4, 18, 1133905173, 1166951399, 0, 1, 17365708, 1
0, 24, 4, 18, 1166951400, 1204158736, 15, 1, 3352026, 0
0, 24, 4, 18, 1166951400, 1204158736, 15, 0, 4606965, 0
0, 24, 4, 18, 1166951400, 1204158736, 14, 1, 3583200, 0
0, 24, 4, 18, 1166951400, 1204158736, 14, 0, 4936034, 0
0, 24, 4, 18, 1166951400, 1204158736, 13, 1, 3848622, 0
0, 24, 4, 18, 1166951400, 1204158736, 13, 0, 5315729, 0
0, 24, 4, 18, 1166951400, 1204158736, 12, 1, 2788751, 0
0, 24, 4, 18, 1166951400, 1204158736, 12, 0, 2909204, 0
0, 24, 4, 18, 1166951400, 1204158736, 11, 1, 2688341, 0
0, 24, 4, 18, 1166951400, 1204158736, 11, 0, 3173677, 0
0, 24, 4, 18, 1166951400, 1204158736, 10, 1, 1824292, 0
0, 24, 4, 18, 1166951400, 1204158736, 10, 0, 2237137, 0
0, 24, 4, 18, 1166951400, 1204158736, 9, 1, 1329675, 0
0, 24, 4, 18, 1166951400, 1204158736, 9, 0, 1036119, 0
0, 24, 4, 18, 1166951400, 1204158736, 8, 1, 870163, 0
0, 24, 4, 18, 1166951400, 1204158736, 8, 0, 1165634, 0
0, 24, 4, 18, 1166951400, 1204158736, 7, 1, 759187, 0
0, 24, 4, 18, 1166951400, 1204158736, 7, 0, 845730, 0
0, 24, 4, 18, 1166951400, 1204158736, 6, 1, 875984, 0
0, 24, 4, 18, 1166951400, 1204158736, 6, 0, 986685, 0
0, 24, 4, 18, 1166951400, 1204158736, 5, 1, 1035254, 0
0, 24, 4, 18, 1166951400, 1204158736, 5, 0, 1184021, 0
0, 24, 4, 18, 1166951400, 1204158736, 4, 1, 998025, 0
0, 24, 4, 18, 1166951400, 1204158736, 4, 0, 1050539, 0
0, 24, 4, 18, 1166951400, 1204158736, 3, 1, 1283175, 0
0, 24, 4, 18, 1166951400, 1204158736, 3, 0, 1400718, 0
0, 24, 4, 18, 1166951400, 1204158736, 2, 1, 956014, 1
0, 24, 4, 18, 1166951400, 1204158736, 2, 0, 1, 0
0, 24, 4, 18, 1166951400, 1204158736, 1, 1, 1, 1
0, 24, 4, 18, 1166951400, 1204158736, 1, 0, 1, 0
0, 24, 4, 18, 1166951400, 1204158736, 0, 1, 1, 1
0, 25, 4, 18, 1204158737, 1249630388, 15, 1, 2075243, 1
0, 25, 4, 18, 1204158737, 1249630388, 15, 0, 2940454, 0
0, 25, 4, 18, 1204158737, 1249630388, 14, 1, 1954261, 1
0, 25, 4, 18, 1204158737, 1249630388, 14, 0, 2603416, 0
0, 25, 4, 18, 1204158737, 1249630388, 13, 1, 2099021, 1
0, 25, 4, 18, 1204158737, 1249630388, 13, 0, 2803679, 0
0, 25, 4, 18, 1204158737, 1249630388, 12, 1, 2266942, 0
0, 25, 4, 18, 1204158737, 1249630388, 12, 0, 3037319, 0
0, 25, 4, 18, 1204158737, 1249630388, 11, 1, 2464068, 0
0, 25, 4, 18, 1204158737, 1249630388, 11, 0, 3313439, 0
0, 25, 4, 18, 1204158737, 1249630388, 10, 1, 2334028, 1
0, 25, 4, 18, 1204158737, 1249630388, 10, 0, 2878885, 0
0, 25, 4, 18, 1204158737, 1249630388, 9, 1, 1773506, 1
0, 25, 4, 18, 1204158737, 1249630388, 9, 0, 2347763, 0
0, 25, 4, 18, 1204158737, 1249630388, 8, 1, 1982154, 1
0, 25, 4, 18, 1204158737, 1249630388, 8, 0, 2641233, 0
0, 25, 4, 18, 1204158737, 1249630388, 7, 1, 852827, 1
0, 25, 4, 18, 1204158737, 1249630388, 7, 0, 32236, 0
0, 25, 4, 18, 1204158737, 1249630388, 6, 1, 984031, 1
0, 25, 4, 18, 1204158737, 1249630388, 6, 0, 37609, 0
0, 25, 4, 18, 1204158737, 1249630388, 5, 1, 1162946, 1
0, 25, 4, 18, 1204158737, 1249630388, 5, 0, 45131, 0
0, 25, 4, 18, 1204158737, 1249630388, 4, 1, 1421378, 1
0, 25, 4, 18, 1204158737, 1249630388, 4, 0, 56413, 0
0, 25, 4, 18, 1204158737, 1249630388, 3, 1, 1827486, 1
0, 25, 4, 18, 1204158737, 1249630388, 3, 0, 75218, 0
0, 25, 4, 18, 1204158737, 1249630388, 2, 1, 2405833, 1
0, 25, 4, 18, 1204158737, 1249630388, 2, 0, 112826, 0
0, 25, 4, 18, 1204158737, 1249630388, 1, 1, 4009722, 1
0, 25, 4, 18, 1204158737, 1249630388, 1, 0, 225652, 0
0, 25, 4, 18, 1204158737, 1249630388, 0, 1, 3008993, 1
0, 26, 4, 18, 1249630389, 1281489460, 15, 1, 71222288, 0
0, 26, 4, 18, 1249630389, 1281489460, 15, 0, 72820667, 0
0, 26, 4, 18, 1249630389, 1281489460, 14, 1, 67750857, 0
0, 26, 4, 18, 1249630389, 1281489460, 14, 0, 69978950, 0
0, 26, 4, 18, 1249630389, 1281489460, 13, 1, 65344895, 0
0, 26, 4, 18, 1249630389, 1281489460, 13, 0, 66540779, 0
0, 26, 4, 18, 1249630389, 1281489460, 12, 1, 63640803, 0
0, 26, 4, 18, 1249630389, 1281489460, 12, 0, 65817622, 0
0, 26, 4, 18, 1249630389, 1281489460, 11, 1, 59758918, 0
0, 26, 4, 18, 1249630389, 1281489460, 11, 0, 61942505, 0
0, 26, 4, 18, 1249630389, 1281489460, 10, 1, 56235700, 1
0, 26, 4, 18, 1249630389, 1281489460, 10, 0, 57650686, 0
0, 26, 4, 18, 1249630389, 1281489460, 9, 1, 53910725, 1
0, 26, 4, 18, 1249630389, 1281489460, 9, 0, 55138857, 0
0, 26, 4, 18, 1249630389, 1281489460, 8, 1, 52471232, 1
0, 26, 4, 18, 1249630389, 1281489460, 8, 0, 52527429, 0
0, 26, 4, 18, 1249630389, 1281489460, 7, 1, 52954783, 1
0, 26, 4, 18, 1249630389, 1281489460, 7, 0, 52378937, 0
0, 26, 4, 18, 1249630389, 1281489460, 6, 1, 55827716, 1
0, 26, 4, 18, 1249630389, 1281489460, 6, 0, 51340650, 0
0, 26, 4, 18, 1249630389, 1281489460, 5, 1, 53886656, 1
0, 26, 4, 18, 1249630389, 1281489460, 5, 0, 51041813, 0
0, 26, 4, 18, 1249630389, 1281489460, 4, 1, 55211854, 1
0, 26, 4, 18, 1249630389, 1281489460, 4, 0, 51273462, 0
0, 26, 4, 18, 1249630389, 1281489460, 3, 1, 53434869, 1
0, 26, 4, 18, 1249630389, 1281489460, 3, 0, 51440228, 0
0, 26, 4, 18, 1249630389, 1281489460, 2, 1, 50172910, 1
0, 26, 4, 18, 1249630389, 1281489460, 2, 0, 48441930, 0
0, 26, 4, 18, 1249630389, 1281489460, 1, 1, 46013003, 1
0, 26, 4, 18, 1249630389, 1281489460, 1, 0, 49673953, 0
0, 26, 4, 18, 1249630389, 1281489460, 0, 1, 57900863, 1
0, 27, 4, 18, 1281489461, 1346003053, 15, 1, 85407934, 0
0, 27, 4, 18, 1281489461, 1346003053, 15, 0, 103225793, 0
0, 27, 4, 18, 1281489461, 1346003053, 14, 1, 75377901, 0
0, 27, 4, 18, 1281489461, 1346003053, 14, 0, 94939758, 0
0, 27, 4, 18, 1281489461, 1346003053, 13, 1, 72891632, 0
0, 27, 4, 18, 1281489461, 1346003053, 13, 0, 85482427, 0
0, 27, 4, 18, 1281489461, 1346003053, 12, 1, 61822259, 0
0, 27, 4, 18, 1281489461, 1346003053, 12, 0, 74964923, 0
0, 27, 4, 18, 1281489461, 1346003053, 11, 1, 49581115, 0
0, 27, 4, 18, 1281489461, 1346003053, 11, 0, 63765621, 0
0, 27, 4, 18, 1281489461, 1346003053, 10, 1, 39363595, 0
0, 27, 4, 18, 1281489461, 1346003053, 10, 0, 51821964, 0
0, 27, 4, 18, 1281489461, 1346003053, 9, 1, 33415112, 0
0, 27, 4, 18, 1281489461, 1346003053, 9, 0, 37569376, 0
0, 27, 4, 18, 1281489461, 1346003053, 8, 1, 35215327, 0
0, 27, 4, 18, 1281489461, 1346003053, 8, 0, 39777247, 0
0, 27, 4, 18, 1281489461, 1346003053, 7, 1, 20521511, 0
0, 27, 4, 18, 1281489461, 1346003053, 7, 0, 25112065, 0
0, 27, 4, 18, 1281489461, 1346003053, 6, 1, 22541107, 0
0, 27, 4, 18, 1281489461, 1346003053, 6, 0, 27304037, 0
0, 27, 4, 18, 1281489461, 1346003053, 5, 1, 22993771, 0
0, 27, 4, 18, 1281489461, 1346003053, 5, 0, 29370779, 0
0, 27, 4, 18, 1281489461, 1346003053, 4, 1, 24579660, 0
0, 27, 4, 18, 1281489461, 1346003053, 4, 0, 34226543, 0
0, 27, 4, 18, 1281489461, 1346003053, 3, 1, 26745277, 0
0, 27, 4, 18, 1281489461, 1346003053, 3, 0, 44993894, 0
0, 27, 4, 18, 1281489461, 1346003053, 2, 1, 37443388, 0
0, 27, 4, 18, 1281489461, 1346003053, 2, 0, 67490841, 0
0, 27, 4, 18, 1281489461, 1346003053, 1, 1, 26964578, 0
0, 27, 4, 18, 1281489461, 1346003053, 1, 0, 67103724, 0
0, 27, 4, 18, 1281489461, 1346003053, 0, 1, 13790011, 1
0, 28, 4, 18, 1346003054, 1364973252, 15, 1, 34260809, 0
0, 28, 4, 18, 1346003054, 1364973252, 15, 0, 32846419, 0
0, 28, 4, 18, 1346003054, 1364973252, 14, 1, 35909739, 0
0, 28, 4, 18, 1346003054, 1364973252, 14, 0, 34049749, 0
0, 28, 4, 18, 1346003054, 1364973252, 13, 1, 38382118, 0
0, 28, 4, 18, 1346003054, 1364973252, 13, 0, 36279326, 0
0, 28, 4, 18, 1346003054, 1364973252, 12, 1, 41310552, 0
0, 28, 4, 18, 1346003054, 1364973252, 12, 0, 39006488, 0
0, 28, 4, 18, 1346003054, 1364973252, 11, 1, 44431673, 0
0, 28, 4, 18, 1346003054, 1364973252, 11, 0, 41567504, 0
0, 28, 4, 18, 1346003054, 1364973252, 10, 1, 45473002, 0
0, 28, 4, 18, 1346003054, 1364973252, 10, 0, 41086080, 0
0, 28, 4, 18, 1346003054, 1364973252, 9, 1, 46225087, 0
0, 28, 4, 18, 1346003054, 1364973252, 9, 0, 40340020, 0
0, 28, 4, 18, 1346003054, 1364973252, 8, 1, 40256628, 0
0, 28, 4, 18, 1346003054, 1364973252, 8, 0, 33840307, 0
0, 28, 4, 18, 1346003054, 1364973252, 7, 1, 41562034, 0
0, 28, 4, 18, 1346003054, 1364973252, 7, 0, 35976042, 0
0, 28, 4, 18, 1346003054, 1364973252, 6, 1, 36962994, 0
0, 28, 4, 18, 1346003054, 1364973252, 6, 0, 28245840, 0
0, 28, 4, 18, 1346003054, 1364973252, 5, 1, 29107635, 1
0, 28, 4, 18, 1346003054, 1364973252, 5, 0, 18593318, 0
0, 28, 4, 18, 1346003054, 1364973252, 4, 1, 22511866, 1
0, 28, 4, 18, 1346003054, 1364973252, 4, 0, 3193126, 0
0, 28, 4, 18, 1346003054, 1364973252, 3, 1, 23687807, 1
0, 28, 4, 18, 1346003054, 1364973252, 3, 0, 4257501, 0
0, 28, 4, 18, 1346003054, 1364973252, 2, 1, 21771489, 1
0, 28, 4, 18, 1346003054, 1364973252, 2, 0, 1, 0
0, 28, 4, 18, 1346003054, 1364973252, 1, 1, 14502803, 1
0, 28, 4, 18, 1346003054, 1364973252, 1, 0, 1, 0
0, 28, 4, 18, 1346003054, 1364973252, 0, 1, 21801155, 1
0, 29, 4, 18, 1364973253, 1413758578, 15, 1, 23472089, 1
0, 29, 4, 18, 1364973253, 1413758578, 15, 0, 17318670, 0
0, 29, 4, 18, 1364973253, 1413758578, 14, 1, 24625599, 1
0, 29, 4, 18, 1364973253, 1413758578, 14, 0, 18032063, 0
0, 29, 4, 18, 1364973253, 1413758578, 13, 1, 23551423, 1
0, 29, 4, 18, 1364973253, 1413758578, 13, 0, 19419145, 0
0, 29, 4, 18, 1364973253, 1413758578, 12, 1, 25435537, 0
0, 29, 4, 18, 1364973253, 1413758578, 12, 0, 21037407, 0
0, 29, 4, 18, 1364973253, 1413758578, 11, 1, 27647323, 0
0, 29, 4, 18, 1364973253, 1413758578, 11, 0, 22949898, 0
0, 29, 4, 18, 1364973253, 1413758578, 10, 1, 26771728, 0
0, 29, 4, 18, 1364973253, 1413758578, 10, 0, 25244888, 0
0, 29, 4, 18, 1364973253, 1413758578, 9, 1, 25655886, 0
0, 29, 4, 18, 1364973253, 1413758578, 9, 0, 26329792, 0
0, 29, 4, 18, 1364973253, 1413758578, 8, 1, 24260626, 0
0, 29, 4, 18, 1364973253, 1413758578, 8, 0, 25024443, 0
0, 29, 4, 18, 1364973253, 1413758578, 7, 1, 23625172, 0
0, 29, 4, 18, 1364973253, 1413758578, 7, 0, 28599363, 0
0, 29, 4, 18, 1364973253, 1413758578, 6, 1, 24632183, 0
0, 29, 4, 18, 1364973253, 1413758578, 6, 0, 33365923, 0
0, 29, 4, 18, 1364973253, 1413758578, 5, 1, 26765989, 0
0, 29, 4, 18, 1364973253, 1413758578, 5, 0, 34880609, 0
0, 29, 4, 18, 1364973253, 1413758578, 4, 1, 24550027, 0
0, 29, 4, 18, 1364973253, 1413758578, 4, 0, 35648673, 0
0, 29, 4, 18, 1364973253, 1413758578, 3, 1, 23730667, 0
0, 29, 4, 18, 1364973253, 1413758578, 3, 0, 32722796, 0
0, 29, 4, 18, 1364973253, 1413758578, 2, 1, 18698935, 0
0, 29, 4, 18, 1364973253, 1413758578, 2, 0, 31472582, 0
0, 29, 4, 18, 1364973253, 1413758578, 1, 1, 17577071, 0
0, 29, 4, 18, 1364973253, 1413758578, 1, 0, 32033486, 0
0, 29, 4, 18, 1364973253, 1413758578, 0, 1, 20697726, 1
0, 30, 4, 18, 1413758579, 1442028492, 15, 1, 32107479, 0
0, 30, 4, 18, 1413758579, 1442028492, 15, 0, 32203684, 0
0, 30, 4, 18, 1413758579, 1442028492, 14, 1, 25483622, 0
0, 30, 4, 18, 1413758579, 1442028492, 14, 0, 25308348, 0
0, 30, 4, 18, 1413758579, 1442028492, 13, 1, 22517906, 0
0, 30, 4, 18, 1413758579, 1442028492, 13, 0, 20699156, 0
0, 30, 4, 18, 1413758579, 1442028492, 12, 1, 19748820, 0
0, 30, 4, 18, 1413758579, 1442028492, 12, 0, 19012041, 0
0, 30, 4, 18, 1413758579, 1442028492, 11, 1, 16883420, 0
0, 30, 4, 18, 1413758579, 1442028492, 11, 0, 15092730, 0
0, 30, 4, 18, 1413758579, 1442028492, 10, 1, 14590958, 0
0, 30, 4, 18, 1413758579, 1442028492, 10, 0, 12237008, 0
0, 30, 4, 18, 1413758579, 1442028492, 9, 1, 12411084, 0
0, 30, 4, 18, 1413758579, 1442028492, 9, 0, 9164022, 0
0, 30, 4, 18, 1413758579, 1442028492, 8, 1, 10943298, 0
0, 30, 4, 18, 1413758579, 1442028492, 8, 0, 6710596, 0
0, 30, 4, 18, 1413758579, 1442028492, 7, 1, 10627104, 0
0, 30, 4, 18, 1413758579, 1442028492, 7, 0, 7669252, 0
0, 30, 4, 18, 1413758579, 1442028492, 6, 1, 10625221, 0
0, 30, 4, 18, 1413758579, 1442028492, 6, 0, 8947461, 0
0, 30, 4, 18, 1413758579, 1442028492, 5, 1, 9764694, 0
0, 30, 4, 18, 1413758579, 1442028492, 5, 0, 8990985, 0
0, 30, 4, 18, 1413758579, 1442028492, 4, 1, 7266342, 0
0, 30, 4, 18, 1413758579, 1442028492, 4, 0, 7481861, 0
0, 30, 4, 18, 1413758579, 1442028492, 3, 1, 4871224, 0
0, 30, 4, 18, 1413758579, 1442028492, 3, 0, 9975815, 0
0, 30, 4, 18, 1413758579, 1442028492, 2, 1, 4845025, 0
0, 30, 4, 18, 1413758579, 1442028492, 2, 0, 12112561, 0
0, 30, 4, 18, 1413758579, 1442028492, 1, 1, 1, 1
0, 30, 4, 18, 1413758579, 1442028492, 1, 0, 1, 0
0, 30, 4, 18, 1413758579, 1442028492, 0, 1, 1, 1
0, 31, 4, 18, 1442028493, 1478557418, 15, 1, 4829604, 1
0, 31, 4, 18, 1442028493, 1478557418, 15, 0, 6064614, 0
0, 31, 4, 18, 1442028493, 1478557418, 14, 1, 5162680, 1
0, 31, 4, 18, 1442028493, 1478557418, 14, 0, 6497801, 0
0, 31, 4, 18, 1442028493, 1478557418, 13, 1, 3221321, 1
0, 31, 4, 18, 1442028493, 1478557418, 13, 0, 2171320, 0
0, 31, 4, 18, 1442028493, 1478557418, 12, 1, 3479026, 1
0, 31, 4, 18, 1442028493, 1478557418, 12, 0, 2352263, 0
0, 31, 4, 18, 1442028493, 1478557418, 11, 1, 3781550, 1
0, 31, 4, 18, 1442028493, 1478557418, 11, 0, 2566105, 0
0, 31, 4, 18, 1442028493, 1478557418, 10, 1, 3520613, 1
0, 31, 4, 18, 1442028493, 1478557418, 10, 0, 2822715, 0
0, 31, 4, 18, 1442028493, 1478557418, 9, 1, 3419916, 1
0, 31, 4, 18, 1442028493, 1478557418, 9, 0, 3136350, 0
0, 31, 4, 18, 1442028493, 1478557418, 8, 1, 1851703, 1
0, 31, 4, 18, 1442028493, 1478557418, 8, 0, 2490884, 0
0, 31, 4, 18, 1442028493, 1478557418, 7, 1, 2098597, 1
0, 31, 4, 18, 1442028493, 1478557418, 7, 0, 2846725, 0
0, 31, 4, 18, 1442028493, 1478557418, 6, 1, 2047627, 1
0, 31, 4, 18, 1442028493, 1478557418, 6, 0, 2511213, 0
0, 31, 4, 18, 1442028493, 1478557418, 5, 1, 2419923, 1
0, 31, 4, 18, 1442028493, 1478557418, 5, 0, 3013455, 0
0, 31, 4, 18, 1442028493, 1478557418, 4, 1, 2957684, 1
0, 31, 4, 18, 1442028493, 1478557418, 4, 0, 3766819, 0
0, 31, 4, 18, 1442028493, 1478557418, 3, 1, 3802736, 1
0, 31, 4, 18, 1442028493, 1478557418, 3, 0, 5022425, 0
0, 31, 4, 18, 1442028493, 1478557418, 2, 1, 4773843, 1
0, 31, 4, 18, 1442028493, 1478557418, 2, 0, 7533638, 0
0, 31, 4, 18, 1442028493, 1478557418, 1, 1, 2933980, 1
0, 31, 4, 18, 1442028493, 1478557418, 1, 0, 1, 0
0, 31, 4, 18, 1442028493, 1478557418, 0, 1, 8801939, 1
0, 32, 4, 18, 1478557419, 1559342968, 15, 1, 344177659, 1
0, 32, 4, 18, 1478557419, 1559342968, 15, 0, 345593264, 0
0, 32, 4, 18, 1478557419, 1559342968, 14, 1, 336557249, 1
0, 32, 4, 18, 1478557419, 1559342968, 14, 0, 337947608, 0
0, 32, 4, 18, 1478557419, 1559342968, 13, 1, 334125954, 1
0, 32, 4, 18, 1478557419, 1559342968, 13, 0, 338758055, 0
0, 32, 4, 18, 1478557419, 1559342968, 12, 1, 327712103, 1
0, 32, 4, 18, 1478557419, 1559342968, 12, 0, 332411955, 0
0, 32, 4, 18, 1478557419, 1559342968, 11, 1, 322028859, 1
0, 32, 4, 18, 1478557419, 1559342968, 11, 0, 326040955, 0
0, 32, 4, 18, 1478557419, 1559342968, 10, 1, 322490272, 1
0, 32, 4, 18, 1478557419, 1559342968, 10, 0, 327070598, 0
0, 32, 4, 18, 1478557419, 1559342968, 9, 1, 313914025, 1
0, 32, 4, 18, 1478557419, 1559342968, 9, 0, 319084018, 0
0, 32, 4, 18, 1478557419, 1559342968, 8, 1, 303968593, 1
0, 32, 4, 18, 1478557419, 1559342968, 8, 0, 309480854, 0
0, 32, 4, 18, 1478557419, 1559342968, 7, 1, 306344136, 1
0, 32, 4, 18, 1478557419, 1559342968, 7, 0, 327497466, 0
0, 32, 4, 18, 1478557419, 1559342968, 6, 1, 294627327, 1
0, 32, 4, 18, 1478557419, 1559342968, 6, 0, 317656558, 0
0, 32, 4, 18, 1478557419, 1559342968, 5, 1, 274591860, 1
0, 32, 4, 18, 1478557419, 1559342968, 5, 0, 298127988, 0
0, 32, 4, 18, 1478557419, 1559342968, 4, 1, 335612273, 0
0, 32, 4, 18, 1478557419, 1559342968, 4, 0, 372659985, 0
0, 32, 4, 18, 1478557419, 1559342968, 3, 1, 319023055, 1
0, 32, 4, 18, 1478557419, 1559342968, 3, 0, 367053862, 0
0, 32, 4, 18, 1478557419, 1559342968, 2, 1, 300296778, 0
0, 32, 4, 18, 1478557419, 1559342968, 2, 0, 378599015, 0
0, 32, 4, 18, 1478557419, 1559342968, 1, 1, 257444656, 0
0, 32, 4, 18, 1478557419, 1559342968, 1, 0, 397695777, 0
0, 32, 4, 18, 1478557419, 1559342968, 0, 1, 370058381, 1
0, 33, 4, 18, 1559342969, 1608682428, 15, 1, 456954034, 1
0, 33, 4, 18, 1559342969, 1608682428, 15, 0, 459084308, 0
0, 33, 4, 18, 1559342969, 1608682428, 14, 1, 449507497, 1
0, 33, 4, 18, 1559342969, 1608682428, 14, 0, 452016142, 0
0, 33, 4, 18, 1559342969, 1608682428, 13, 1, 444125905, 1
0, 33, 4, 18, 1559342969, 1608682428, 13, 0, 446453656, 0
0, 33, 4, 18, 1559342969, 1608682428, 12, 1, 435534700, 1
0, 33, 4, 18, 1559342969, 1608682428, 12, 0, 437250880, 0
0, 33, 4, 18, 1559342969, 1608682428, 11, 1, 424747662, 1
0, 33, 4, 18, 1559342969, 1608682428, 11, 0, 426390860, 0
0, 33, 4, 18, 1559342969, 1608682428, 10, 1, 414236995, 1
0, 33, 4, 18, 1559342969, 1608682428, 10, 0, 415662930, 0
0, 33, 4, 18, 1559342969, 1608682428, 9, 1, 402462637, 1
0, 33, 4, 18, 1559342969, 1608682428, 9, 0, 399192303, 0
0, 33, 4, 18, 1559342969, 1608682428, 8, 1, 386733005, 1
0, 33, 4, 18, 1559342969, 1608682428, 8, 0, 381124029, 0
0, 33, 4, 18, 1559342969, 1608682428, 7, 1, 371379517, 1
0, 33, 4, 18, 1559342969, 1608682428, 7, 0, 364924635, 0
0, 33, 4, 18, 1559342969, 1608682428, 6, 1, 367110915, 1
0, 33, 4, 18, 1559342969, 1608682428, 6, 0, 371941455, 0
0, 33, 4, 18, 1559342969, 1608682428, 5, 1, 344874056, 1
0, 33, 4, 18, 1559342969, 1608682428, 5, 0, 348466624, 0
0, 33, 4, 18, 1559342969, 1608682428, 4, 1, 409036991, 1
0, 33, 4, 18, 1559342969, 1608682428, 4, 0, 421548068, 0
0, 33, 4, 18, 1559342969, 1608682428, 3, 1, 406858837, 1
0, 33, 4, 18, 1559342969, 1608682428, 3, 0, 445290250, 0
0, 33, 4, 18, 1559342969, 1608682428, 2, 1, 376086409, 1
0, 33, 4, 18, 1559342969, 1608682428, 2, 0, 423185694, 0
0, 33, 4, 18, 1559342969, 1608682428, 1, 1, 348562135, 0
0, 33, 4, 18, 1559342969, 1608682428, 1, 0, 482170813, 0
0, 33, 4, 18, 1559342969, 1608682428, 0, 1, 474618338, 1
0, 34, 4, 18, 1608682429, 1684402429, 15, 1, 468229266, 1
0, 34, 4, 18, 1608682429, 1684402429, 15, 0, 482942670, 0
0, 34, 4, 18, 1608682429, 1684402429, 14, 1, 467178486, 1
0, 34, 4, 18, 1608682429, 1684402429, 14, 0, 484668477, 0
0, 34, 4, 18, 1608682429, 1684402429, 13, 1, 468539676, 1
0, 34, 4, 18, 1608682429, 1684402429, 13, 0, 488865544, 0
0, 34, 4, 18, 1608682429, 1684402429, 12, 1, 470130481, 1
0, 34, 4, 18, 1608682429, 1684402429, 12, 0, 485487421, 0
0, 34, 4, 18, 1608682429, 1684402429, 11, 1, 464976347, 1
0, 34, 4, 18, 1608682429, 1684402429, 11, 0, 481495094, 0
0, 34, 4, 18, 1608682429, 1684402429, 10, 1, 461456240, 1
0, 34, 4, 18, 1608682429, 1684402429, 10, 0, 481514149, 0
0, 34, 4, 18, 1608682429, 1684402429, 9, 1, 457728101, 1
0, 34, 4, 18, 1608682429, 1684402429, 9, 0, 483421932, 0
0, 34, 4, 18, 1608682429, 1684402429, 8, 1, 451101588, 1
0, 34, 4, 18, 1608682429, 1684402429, 8, 0, 475688004, 0
0, 34, 4, 18, 1608682429, 1684402429, 7, 1, 446561020, 1
0, 34, 4, 18, 1608682429, 1684402429, 7, 0, 472455389, 0
0, 34, 4, 18, 1608682429, 1684402429, 6, 1, 441615734, 1
0, 34, 4, 18, 1608682429, 1684402429, 6, 0, 454556859, 0
0, 34, 4, 18, 1608682429, 1684402429, 5, 1, 418773664, 1
0, 34, 4, 18, 1608682429, 1684402429, 5, 0, 432397195, 0
0, 34, 4, 18, 1608682429, 1684402429, 4, 1, 500637285, 1
0, 34, 4, 18, 1608682429, 1684402429, 4, 0, 527899652, 0
0, 34, 4, 18, 1608682429, 1684402429, 3, 1, 503011018, 1
0, 34, 4, 18, 1608682429, 1684402429, 3, 0, 523870453, 0
0, 34, 4, 18, 1608682429, 1684402429, 2, 1, 516971656, 1
0, 34, 4, 18, 1608682429, 1684402429, 2, 0, 531933755, 0
0, 34, 4, 18, 1608682429, 1684402429, 1, 1, 504856982, 1
0, 34, 4, 18, 1608682429, 1684402429, 1, 0, 529295201, 0
0, 34, 4, 18, 1608682429, 1684402429, 0, 1, 545483635, 1
0, 35, 4, 18, 1684402430, 1733951797, 15, 1, 412389746, 1
0, 35, 4, 18, 1684402430, 1733951797, 15, 0, 403251815, 0
0, 35, 4, 18, 1684402430, 1733951797, 14, 1, 406826671, 1
0, 35, 4, 18, 1684402430, 1733951797, 14, 0, 398600508, 0
0, 35, 4, 18, 1684402430, 1733951797, 13, 1, 403432248, 1
0, 35, 4, 18, 1684402430, 1733951797, 13, 0, 391784284, 0
0, 35, 4, 18, 1684402430, 1733951797, 12, 1, 398445977, 1
0, 35, 4, 18, 1684402430, 1733951797, 12, 0, 388273873, 0
0, 35, 4, 18, 1684402430, 1733951797, 11, 1, 392222564, 1
0, 35, 4, 18, 1684402430, 1733951797, 11, 0, 379051841, 0
0, 35, 4, 18, 1684402430, 1733951797, 10, 1, 388055840, 1
0, 35, 4, 18, 1684402430, 1733951797, 10, 0, 374793812, 0
0, 35, 4, 18, 1684402430, 1733951797, 9, 1, 387537190, 1
0, 35, 4, 18, 1684402430, 1733951797, 9, 0, 379142923, 0
0, 35, 4, 18, 1684402430, 1733951797, 8, 1, 380140543, 1
0, 35, 4, 18, 1684402430, 1733951797, 8, 0, 370609443, 0
0, 35, 4, 18, 1684402430, 1733951797, 7, 1, 375822524, 1
0, 35, 4, 18, 1684402430, 1733951797, 7, 0, 373195536, 0
0, 35, 4, 18, 1684402430, 1733951797, 6, 1, 370021346, 1
0, 35, 4, 18, 1684402430, 1733951797, 6, 0, 362076890, 0
0, 35, 4, 18, 1684402430, 1733951797, 5, 1, 358126949, 1
0, 35, 4, 18, 1684402430, 1733951797, 5, 0, 345316918, 0
0, 35, 4, 18, 1684402430, 1733951797, 4, 1, 435133528, 0
0, 35, 4, 18, 1684402430, 1733951797, 4, 0, 428746812, 0
0, 35, 4, 18, 1684402430, 1733951797, 3, 1, 433878140, 0
0, 35, 4, 18, 1684402430, 1733951797, 3, 0, 430064137, 0
0, 35, 4, 18, 1684402430, 1733951797, 2, 1, 438106496, 0
0, 35, 4, 18, 1684402430, 1733951797, 2, 0, 440820835, 0
0, 35, 4, 18, 1684402430, 1733951797, 1, 1, 427603168, 0
0, 35, 4, 18, 1684402430, 1733951797, 1, 0, 421406290, 0
0, 35, 4, 18, 1684402430, 1733951797, 0, 1, 409301935, 1
0, 36, 4, 18, 1733951798, 1749992861, 15, 1, 316099023, 1
0, 36, 4, 18, 1733951798, 1749992861, 15, 0, 312718083, 0
0, 36, 4, 18, 1733951798, 1749992861, 14, 1, 307535560, 1
0, 36, 4, 18, 1733951798, 1749992861, 14, 0, 306743257, 0
0, 36, 4, 18, 1733951798, 1749992861, 13, 1, 308392358, 1
0, 36, 4, 18, 1733951798, 1749992861, 13, 0, 299201201, 0
0, 36, 4, 18, 1733951798, 1749992861, 12, 1, 307538220, 1
0, 36, 4, 18, 1733951798, 1749992861, 12, 0, 308438880, 0
0, 36, 4, 18, 1733951798, 1749992861, 11, 1, 308278930, 1
0, 36, 4, 18, 1733951798, 1749992861, 11, 0, 300178577, 0
0, 36, 4, 18, 1733951798, 1749992861, 10, 1, 313701442, 1
0, 36, 4, 18, 1733951798, 1749992861, 10, 0, 310475499, 0
0, 36, 4, 18, 1733951798, 1749992861, 9, 1, 308874311, 1
0, 36, 4, 18, 1733951798, 1749992861, 9, 0, 303708402, 0
0, 36, 4, 18, 1733951798, 1749992861, 8, 1, 300523453, 1
0, 36, 4, 18, 1733951798, 1749992861, 8, 0, 292555620, 0
0, 36, 4, 18, 1733951798, 1749992861, 7, 1, 290049575, 1
0, 36, 4, 18, 1733951798, 1749992861, 7, 0, 280136799, 0
0, 36, 4, 18, 1733951798, 1749992861, 6, 1, 299457540, 1
0, 36, 4, 18, 1733951798, 1749992861, 6, 0, 296171964, 0
0, 36, 4, 18, 1733951798, 1749992861, 5, 1, 294700300, 1
0, 36, 4, 18, 1733951798, 1749992861, 5, 0, 288509909, 0
0, 36, 4, 18, 1733951798, 1749992861, 4, 1, 346639081, 0
0, 36, 4, 18, 1733951798, 1749992861, 4, 0, 345393440, 0
0, 36, 4, 18, 1733951798, 1749992861, 3, 1, 346515407, 0
0, 36, 4, 18, 1733951798, 1749992861, 3, 0, 344852414, 0
0, 36, 4, 18, 1733951798, 1749992861, 2, 1, 350819979, 0
0, 36, 4, 18, 1733951798, 1749992861, 2, 0, 357373571, 0
0, 36, 4, 18, 1733951798, 1749992861, 1, 1, 341011936, 0
0, 36, 4, 18, 1733951798, 1749992861, 1, 0, 347255924, 0
0, 36, 4, 18, 1733951798, 1749992861, 0, 1, 339040722, 1
0, 37, 4, 18, 1749992862, 1794504301, 15, 1, 341280144, 1
0, 37, 4, 18, 1749992862, 1794504301, 15, 0, 327670780, 0
0, 37, 4, 18, 1749992862, 1794504301, 14, 1, 351533721, 0
0, 37, 4, 18, 1749992862, 1794504301, 14, 0, 351075836, 0
0, 37, 4, 18, 1749992862, 1794504301, 13, 1, 349174989, 0
0, 37, 4, 18, 1749992862, 1794504301, 13, 0, 349125869, 0
0, 37, 4, 18, 1749992862, 1794504301, 12, 1, 345366544, 0
0, 37, 4, 18, 1749992862, 1794504301, 12, 0, 345592253, 0
0, 37, 4, 18, 1749992862, 1794504301, 11, 1, 340660507, 0
0, 37, 4, 18, 1749992862, 1794504301, 11, 0, 340913927, 0
0, 37, 4, 18, 1749992862, 1794504301, 10, 1, 334890333, 1
0, 37, 4, 18, 1749992862, 1794504301, 10, 0, 334966363, 0
0, 37, 4, 18, 1749992862, 1794504301, 9, 1, 329767425, 1
0, 37, 4, 18, 1749992862, 1794504301, 9, 0, 331649951, 0
0, 37, 4, 18, 1749992862, 1794504301, 8, 1, 324664201, 1
0, 37, 4, 18, 1749992862, 1794504301, 8, 0, 325532852, 0
0, 37, 4, 18, 1749992862, 1794504301, 7, 1, 315423209, 1
0, 37, 4, 18, 1749992862, 1794504301, 7, 0, 312870400, 0
0, 37, 4, 18, 1749992862, 1794504301, 6, 1, 305703616, 1
0, 37, 4, 18, 1749992862, 1794504301, 6, 0, 300497796, 0
0, 37, 4, 18, 1749992862, 1794504301, 5, 1, 290555924, 1
0, 37, 4, 18, 1749992862, 1794504301, 5, 0, 286054849, 0
0, 37, 4, 18, 1749992862, 1794504301, 4, 1, 344296506, 0
0, 37, 4, 18, 1749992862, 1794504301, 4, 0, 345387736, 0
0, 37, 4, 18, 1749992862, 1794504301, 3, 1, 349390409, 0
0, 37, 4, 18, 1749992862, 1794504301, 3, 0, 344132166, 0
0, 37, 4, 18, 1749992862, 1794504301, 2, 1, 350280200, 1
0, 37, 4, 18, 1749992862, 1794504301, 2, 0, 338186839, 0
0, 37, 4, 18, 1749992862, 1794504301, 1, 1, 347092542, 1
0, 37, 4, 18, 1749992862, 1794504301, 1, 0, 321984313, 0
0, 37, 4, 18, 1749992862, 1794504301, 0, 1, 339410519, 1
0, 38, 4, 18, 1794504302, 1819860395, 15, 1, 490743955, 1
0, 38, 4, 18, 1794504302, 1819860395, 15, 0, 485267373, 0
0, 38, 4, 18, 1794504302, 1819860395, 14, 1, 498346593, 0
0, 38, 4, 18, 1794504302, 1819860395, 14, 0, 509964282, 0
0, 38, 4, 18, 1794504302, 1819860395, 13, 1, 501495952, 0
0, 38, 4, 18, 1794504302, 1819860395, 13, 0, 503637451, 0
0, 38, 4, 18, 1794504302, 1819860395, 12, 1, 490370519, 0
0, 38, 4, 18, 1794504302, 1819860395, 12, 0, 492870692, 0
0, 38, 4, 18, 1794504302, 1819860395, 11, 1, 477836783, 1
0, 38, 4, 18, 1794504302, 1819860395, 11, 0, 482855830, 0
0, 38, 4, 18, 1794504302, 1819860395, 10, 1, 462850788, 1
0, 38, 4, 18, 1794504302, 1819860395, 10, 0, 469601785, 0
0, 38, 4, 18, 1794504302, 1819860395, 9, 1, 463127384, 1
0, 38, 4, 18, 1794504302, 1819860395, 9, 0, 485374838, 0
0, 38, 4, 18, 1794504302, 1819860395, 8, 1, 446971278, 1
0, 38, 4, 18, 1794504302, 1819860395, 8, 0, 470901757, 0
0, 38, 4, 18, 1794504302, 1819860395, 7, 1, 434094081, 1
0, 38, 4, 18, 1794504302, 1819860395, 7, 0, 455360937, 0
0, 38, 4, 18, 1794504302, 1819860395, 6, 1, 429454293, 1
0, 38, 4, 18, 1794504302, 1819860395, 6, 0, 455621159, 0
0, 38, 4, 18, 1794504302, 1819860395, 5, 1, 450309875, 1
0, 38, 4, 18, 1794504302, 1819860395, 5, 0, 457169117, 0
0, 38, 4, 18, 1794504302, 1819860395, 4, 1, 441655186, 1
0, 38, 4, 18, 1794504302, 1819860395, 4, 0, 447243632, 0
0, 38, 4, 18, 1794504302, 1819860395, 3, 1, 436712796, 1
0, 38, 4, 18, 1794504302, 1819860395, 3, 0, 440138458, 0
0, 38, 4, 18, 1794504302, 1819860395, 2, 1, 443616933, 1
0, 38, 4, 18, 1794504302, 1819860395, 2, 0, 441050884, 0
0, 38, 4, 18, 1794504302, 1819860395, 1, 1, 441615581, 1
0, 38, 4, 18, 1794504302, 1819860395, 1, 0, 434636377, 0
0, 38, 4, 18, 1794504302, 1819860395, 0, 1, 486231029, 1
0, 39, 4, 18, 1819860396, 1928327673, 15, 1, 407572430, 1
0, 39, 4, 18, 1819860396, 1928327673, 15, 0, 378060676, 0
0, 39, 4, 18, 1819860396, 1928327673, 14, 1, 413916729, 1
0, 39, 4, 18, 1819860396, 1928327673, 14, 0, 405065010, 0
0, 39, 4, 18, 1819860396, 1928327673, 13, 1, 412858752, 1
0, 39, 4, 18, 1819860396, 1928327673, 13, 0, 404332469, 0
0, 39, 4, 18, 1819860396, 1928327673, 12, 1, 408852347, 1
0, 39, 4, 18, 1819860396, 1928327673, 12, 0, 400092383, 0
0, 39, 4, 18, 1819860396, 1928327673, 11, 1, 404675730, 1
0, 39, 4, 18, 1819860396, 1928327673, 11, 0, 397790860, 0
0, 39, 4, 18, 1819860396, 1928327673, 10, 1, 399638687, 1
0, 39, 4, 18, 1819860396, 1928327673, 10, 0, 393792823, 0
0, 39, 4, 18, 1819860396, 1928327673, 9, 1, 401833434, 1
0, 39, 4, 18, 1819860396, 1928327673, 9, 0, 399503104, 0
0, 39, 4, 18, 1819860396, 1928327673, 8, 1, 399363339, 1
0, 39, 4, 18, 1819860396, 1928327673, 8, 0, 396499187, 0
0, 39, 4, 18, 1819860396, 1928327673, 7, 1, 403821755, 1
0, 39, 4, 18, 1819860396, 1928327673, 7, 0, 395704435, 0
0, 39, 4, 18, 1819860396, 1928327673, 6, 1, 403641449, 1
0, 39, 4, 18, 1819860396, 1928327673, 6, 0, 397395541, 0
0, 39, 4, 18, 1819860396, 1928327673, 5, 1, 402663334, 1
0, 39, 4, 18, 1819860396, 1928327673, 5, 0, 386847124, 0
0, 39, 4, 18, 1819860396, 1928327673, 4, 1, 409000655, 1
0, 39, 4, 18, 1819860396, 1928327673, 4, 0, 391156949, 0
0, 39, 4, 18, 1819860396, 1928327673, 3, 1, 408680476, 1
0, 39, 4, 18, 1819860396, 1928327673, 3, 0, 390603521, 0
0, 39, 4, 18, 1819860396, 1928327673, 2, 1, 414403543, 1
0, 39, 4, 18, 1819860396, 1928327673, 2, 0, 401386003, 0
0, 39, 4, 18, 1819860396, 1928327673, 1, 1, 413097413, 1
0, 39, 4, 18, 1819860396, 1928327673, 1, 0, 392079314, 0
0, 39, 4, 18, 1819860396, 1928327673, 0, 1, 444687878, 1
0, 40, 4, 18, 1928327674, 1965775952, 15, 1, 24766451, 0
0, 40, 4, 18, 1928327674, 1965775952, 15, 0, 36309531, 0
0, 40, 4, 18, 1928327674, 1965775952, 14, 1, 24834534, 0
0, 40, 4, 18, 1928327674, 1965775952, 14, 0, 38903069, 0
0, 40, 4, 18, 1928327674, 1965775952, 13, 1, 22579715, 0
0, 40, 4, 18, 1928327674, 1965775952, 13, 0, 35254489, 0
0, 40, 4, 18, 1928327674, 1965775952, 12, 1, 20804391, 0
0, 40, 4, 18, 1928327674, 1965775952, 12, 0, 31155845, 0
0, 40, 4, 18, 1928327674, 1965775952, 11, 1, 17386707, 0
0, 40, 4, 18, 1928327674, 1965775952, 11, 0, 27537412, 0
0, 40, 4, 18, 1928327674, 1965775952, 10, 1, 16333496, 0
0, 40, 4, 18, 1928327674, 1965775952, 10, 0, 24602068, 0
0, 40, 4, 18, 1928327674, 1965775952, 9, 1, 15493857, 0
0, 40, 4, 18, 1928327674, 1965775952, 9, 0, 23431413, 0
0, 40, 4, 18, 1928327674, 1965775952, 8, 1, 14204393, 0
0, 40, 4, 18, 1928327674, 1965775952, 8, 0, 22067218, 0
0, 40, 4, 18, 1928327674, 1965775952, 7, 1, 12484315, 0
0, 40, 4, 18, 1928327674, 1965775952, 7, 0, 19454644, 0
0, 40, 4, 18, 1928327674, 1965775952, 6, 1, 13639343, 0
0, 40, 4, 18, 1928327674, 1965775952, 6, 0, 22697085, 0
0, 40, 4, 18, 1928327674, 1965775952, 5, 1, 13370140, 0
0, 40, 4, 18, 1928327674, 1965775952, 5, 0, 21188518, 0
0, 40, 4, 18, 1928327674, 1965775952, 4, 1, 10975026, 0
0, 40, 4, 18, 1928327674, 1965775952, 4, 0, 18255304, 0
0, 40, 4, 18, 1928327674, 1965775952, 3, 1, 10316986, 0
0, 40, 4, 18, 1928327674, 1965775952, 3, 0, 15488296, 0
0, 40, 4, 18, 1928327674, 1965775952, 2, 1, 14062947, 0
0, 40, 4, 18, 1928327674, 1965775952, 2, 0, 22280360, 0
0, 40, 4, 18, 1928327674, 1965775952, 1, 1, 4237912, 1
0, 40, 4, 18, 1928327674, 1965775952, 1, 0, 1, 0
0, 40, 4, 18, 1928327674, 1965775952, 0, 1, 12713734, 1
0, 41, 4, 18, 1965775953, 2196025834, 15, 1, 53654823, 0
0, 41, 4, 18, 1965775953, 2196025834, 15, 0, 49861319, 0
0, 41, 4, 18, 1965775953, 2196025834, 14, 1, 57355156, 0
0, 41, 4, 18, 1965775953, 2196025834, 14, 0, 53422842, 0
0, 41, 4, 18, 1965775953, 2196025834, 13, 1, 53774341, 0
0, 41, 4, 18, 1965775953, 2196025834, 13, 0, 50344146, 0
0, 41, 4, 18, 1965775953, 2196025834, 12, 1, 53144702, 0
0, 41, 4, 18, 1965775953, 2196025834, 12, 0, 51918923, 0
0, 41, 4, 18, 1965775953, 2196025834, 11, 1, 50620698, 0
0, 41, 4, 18, 1965775953, 2196025834, 11, 0, 50261089, 0
0, 41, 4, 18, 1965775953, 2196025834, 10, 1, 45928712, 0
0, 41, 4, 18, 1965775953, 2196025834, 10, 0, 46506813, 0
0, 41, 4, 18, 1965775953, 2196025834, 9, 1, 42100680, 0
0, 41, 4, 18, 1965775953, 2196025834, 9, 0, 45235867, 0
0, 41, 4, 18, 1965775953, 2196025834, 8, 1, 38793639, 0
0, 41, 4, 18, 1965775953, 2196025834, 8, 0, 40203071, 0
0, 41, 4, 18, 1965775953, 2196025834, 7, 1, 36630062, 1
0, 41, 4, 18, 1965775953, 2196025834, 7, 0, 33108826, 0
0, 41, 4, 18, 1965775953, 2196025834, 6, 1, 31960637, 1
0, 41, 4, 18, 1965775953, 2196025834, 6, 0, 31573213, 0
0, 41, 4, 18, 1965775953, 2196025834, 5, 1, 25183955, 1
0, 41, 4, 18, 1965775953, 2196025834, 5, 0, 23242105, 0
0, 41, 4, 18, 1965775953, 2196025834, 4, 1, 21299493, 1
0, 41, 4, 18, 1965775953, 2196025834, 4, 0, 20583820, 0
0, 41, 4, 18, 1965775953, 2196025834, 3, 1, 21253650, 1
0, 41, 4, 18, 1965775953, 2196025834, 3, 0, 13138464, 0
0, 41, 4, 18, 1965775953, 2196025834, 2, 1, 24530706, 1
0, 41, 4, 18, 1965775953, 2196025834, 2, 0, 14826798, 0
0, 41, 4, 18, 1965775953, 2196025834, 1, 1, 36337202, 1
0, 41, 4, 18, 1965775953, 2196025834, 1, 0, 16011673, 0
0, 41, 4, 18, 1965775953, 2196025834, 0, 1, 37223131, 1
