1,1.0,99643773.0,2059704707.7664552
2,99643774.0,141552685.0,2725522551.1184316
3,141552686.0,174692010.0,2684923660.9522786
4,174692011.0,206105935.0,2855583595.298868
5,206105936.0,281442475.0,2749830921.681621
6,281442476.0,302430283.0,3382856023.272448
7,302430284.0,426150896.0,2800967537.2921815
8,426150897.0,446437248.0,2491929972.258842
9,446437249.0,548481167.0,2300703319.5291214
10,548481168.0,561352417.0,2896626134.1112256
11,561352418.0,621117558.0,2342473853.0064983
12,621117559.0,680198246.0,3036378554.669289
13,680198247.0,701436703.0,2959521382.1924744
14,701436704.0,765007725.0,2940365662.3858886
15,765007726.0,786437897.0,2672729047.4608884
16,786437898.0,845381613.0,2757911390.6881886
17,845381614.0,894581724.0,3001086025.005082
18,894581725.0,1096487258.0,2143765008.0907822
19,1096487259.0,1129220734.0,3182592367.911709
20,1129220735.0,1201150114.0,2800693661.1560946
21,1201150115.0,1221524612.0,2082082902.3616974
22,1221524613.0,1312569039.0,2061534445.6403608
23,1312569040.0,1334781569.0,2353832925.162754
24,1334781570.0,1412765353.0,1631378950.2404673
25,1412765354.0,1456276593.0,1990117090.4360685
26,1456276594.0,1472657627.0,3322557571.37717
27,1472657628.0,1540846501.0,1837011300.0700443
28,1540846502.0,1578522165.0,2307841285.791997
29,1578522166.0,1616138111.0,2831040021.8702416
30,1616138112.0,1642518476.0,2321939320.438531
31,1642518477.0,1729622011.0,2189027792.321955
32,1729622012.0,1791711214.0,2439109634.7536016
33,1791711215.0,1816616320.0,2735008374.120611
34,1816616321.0,1857893992.0,2891210902.431305
35,1857893993.0,1923606768.0,2214895099.94335
36,1923606769.0,1947677883.0,2621753549.508102
37,1947677884.0,1965879809.0,3289114174.761746
38,1965879810.0,2093426645.0,2641639945.8531013
39,2093426646.0,2154684658.0,2637845158.4262266
40,2154684659.0,2180630125.0,1954675188.9849
41,2180630126.0,2196025834.0,2637845158.4262266
