0, 1, 7, 18, 1, 99783077, 12, 1, 20596999, 0
0, 1, 7, 18, 1, 99783077, 12, 0, 18548386, 0
0, 1, 7, 18, 1, 99783077, 11, 1, 22229957, 0
0, 1, 7, 18, 1, 99783077, 11, 0, 20234603, 0
0, 1, 7, 18, 1, 99783077, 10, 1, 22035878, 0
0, 1, 7, 18, 1, 99783077, 10, 0, 21584199, 0
0, 1, 7, 18, 1, 99783077, 9, 1, 22825183, 0
0, 1, 7, 18, 1, 99783077, 9, 0, 22248219, 0
0, 1, 7, 18, 1, 99783077, 8, 1, 22296324, 0
0, 1, 7, 18, 1, 99783077, 8, 0, 21698543, 0
0, 1, 7, 18, 1, 99783077, 7, 1, 22151181, 0
0, 1, 7, 18, 1, 99783077, 7, 0, 21171869, 0
0, 1, 7, 18, 1, 99783077, 6, 1, 19587124, 0
0, 1, 7, 18, 1, 99783077, 6, 0, 16290088, 0
0, 1, 7, 18, 1, 99783077, 5, 1, 19557036, 0
0, 1, 7, 18, 1, 99783077, 5, 0, 18778134, 0
0, 1, 7, 18, 1, 99783077, 4, 1, 17629635, 0
0, 1, 7, 18, 1, 99783077, 4, 0, 18967461, 0
0, 1, 7, 18, 1, 99783077, 3, 1, 16704322, 0
0, 1, 7, 18, 1, 99783077, 3, 0, 19502226, 0
0, 1, 7, 18, 1, 99783077, 2, 1, 15750612, 0
0, 1, 7, 18, 1, 99783077, 2, 0, 22644185, 0
0, 1, 7, 18, 1, 99783077, 1, 1, 11891158, 0
0, 1, 7, 18, 1, 99783077, 1, 0, 27464760, 0
0, 1, 7, 18, 1, 99783077, 0, 1, 6191747, 1
0, 2, 7, 18, 99783078, 141341205, 12, 1, 647208, 0
0, 2, 7, 18, 99783078, 141341205, 12, 0, 824497, 0
0, 2, 7, 18, 99783078, 141341205, 11, 1, 703487, 0
0, 2, 7, 18, 99783078, 141341205, 11, 0, 899452, 0
0, 2, 7, 18, 99783078, 141341205, 10, 1, 770485, 0
0, 2, 7, 18, 99783078, 141341205, 10, 0, 989397, 0
0, 2, 7, 18, 99783078, 141341205, 9, 1, 851589, 0
0, 2, 7, 18, 99783078, 141341205, 9, 0, 1099330, 0
0, 2, 7, 18, 99783078, 141341205, 8, 1, 951776, 0
0, 2, 7, 18, 99783078, 141341205, 8, 0, 1236746, 0
0, 2, 7, 18, 99783078, 141341205, 7, 1, 1078679, 0
0, 2, 7, 18, 99783078, 141341205, 7, 0, 1413424, 0
0, 2, 7, 18, 99783078, 141341205, 6, 1, 1244630, 0
0, 2, 7, 18, 99783078, 141341205, 6, 0, 1648994, 0
0, 2, 7, 18, 99783078, 141341205, 5, 1, 1470926, 0
0, 2, 7, 18, 99783078, 141341205, 5, 0, 1978793, 0
0, 2, 7, 18, 99783078, 141341205, 4, 1, 1631297, 0
0, 2, 7, 18, 99783078, 141341205, 4, 0, 2473491, 0
0, 2, 7, 18, 99783078, 141341205, 3, 1, 1413424, 0
0, 2, 7, 18, 99783078, 141341205, 3, 0, 3297988, 0
0, 2, 7, 18, 99783078, 141341205, 2, 1, 1978793, 0
0, 2, 7, 18, 99783078, 141341205, 2, 0, 4946981, 0
0, 2, 7, 18, 99783078, 141341205, 1, 1, 1, 1
0, 2, 7, 18, 99783078, 141341205, 1, 0, 1, 0
0, 2, 7, 18, 99783078, 141341205, 0, 1, 1, 1
0, 3, 7, 18, 141341206, 176005040, 12, 1, 921061, 0
0, 3, 7, 18, 141341206, 176005040, 12, 0, 406080, 0
0, 3, 7, 18, 141341206, 176005040, 11, 1, 1001153, 0
0, 3, 7, 18, 141341206, 176005040, 11, 0, 442996, 0
0, 3, 7, 18, 141341206, 176005040, 10, 1, 1096501, 0
0, 3, 7, 18, 141341206, 176005040, 10, 0, 487296, 0
0, 3, 7, 18, 141341206, 176005040, 9, 1, 1211923, 0
0, 3, 7, 18, 141341206, 176005040, 9, 0, 541440, 0
0, 3, 7, 18, 141341206, 176005040, 8, 1, 1354502, 0
0, 3, 7, 18, 141341206, 176005040, 8, 0, 609120, 0
0, 3, 7, 18, 141341206, 176005040, 7, 1, 1535102, 0
0, 3, 7, 18, 141341206, 176005040, 7, 0, 696137, 0
0, 3, 7, 18, 141341206, 176005040, 6, 1, 1771271, 0
0, 3, 7, 18, 141341206, 176005040, 6, 0, 812159, 0
0, 3, 7, 18, 141341206, 176005040, 5, 1, 2093320, 0
0, 3, 7, 18, 141341206, 176005040, 5, 0, 974591, 0
0, 3, 7, 18, 141341206, 176005040, 4, 1, 1, 1
0, 3, 7, 18, 141341206, 176005040, 4, 0, 1, 0
0, 3, 7, 18, 141341206, 176005040, 3, 1, 1, 1
0, 3, 7, 18, 141341206, 176005040, 3, 0, 1, 0
0, 3, 7, 18, 141341206, 176005040, 2, 1, 1, 1
0, 3, 7, 18, 141341206, 176005040, 2, 0, 1, 0
0, 3, 7, 18, 141341206, 176005040, 1, 1, 1, 1
0, 3, 7, 18, 141341206, 176005040, 1, 0, 1, 0
0, 3, 7, 18, 141341206, 176005040, 0, 1, 1, 1
0, 4, 7, 18, 176005041, 205905745, 12, 1, 15079115, 1
0, 4, 7, 18, 176005041, 205905745, 12, 0, 17510447, 0
0, 4, 7, 18, 176005041, 205905745, 11, 1, 11963390, 1
0, 4, 7, 18, 176005041, 205905745, 11, 0, 13586403, 0
0, 4, 7, 18, 176005041, 205905745, 10, 1, 12081278, 1
0, 4, 7, 18, 176005041, 205905745, 10, 0, 12799931, 0
0, 4, 7, 18, 176005041, 205905745, 9, 1, 10463866, 1
0, 4, 7, 18, 176005041, 205905745, 9, 0, 11269560, 0
0, 4, 7, 18, 176005041, 205905745, 8, 1, 9844008, 1
0, 4, 7, 18, 176005041, 205905745, 8, 0, 11317042, 0
0, 4, 7, 18, 176005041, 205905745, 7, 1, 8844295, 1
0, 4, 7, 18, 176005041, 205905745, 7, 0, 10569407, 0
0, 4, 7, 18, 176005041, 205905745, 6, 1, 9996984, 1
0, 4, 7, 18, 176005041, 205905745, 6, 0, 12218249, 0
0, 4, 7, 18, 176005041, 205905745, 5, 1, 11814617, 1
0, 4, 7, 18, 176005041, 205905745, 5, 0, 14661899, 0
0, 4, 7, 18, 176005041, 205905745, 4, 1, 9901944, 1
0, 4, 7, 18, 176005041, 205905745, 4, 0, 10552781, 0
0, 4, 7, 18, 176005041, 205905745, 3, 1, 9383682, 1
0, 4, 7, 18, 176005041, 205905745, 3, 0, 9706092, 0
0, 4, 7, 18, 176005041, 205905745, 2, 1, 9413457, 1
0, 4, 7, 18, 176005041, 205905745, 2, 0, 5249896, 0
0, 4, 7, 18, 176005041, 205905745, 1, 1, 14787429, 1
0, 4, 7, 18, 176005041, 205905745, 1, 0, 10499791, 0
0, 4, 7, 18, 176005041, 205905745, 0, 1, 18293073, 1
0, 5, 7, 18, 205905746, 278153413, 12, 1, 236102, 1
0, 5, 7, 18, 205905746, 278153413, 12, 0, 1, 0
0, 5, 7, 18, 205905746, 278153413, 11, 1, 256633, 1
0, 5, 7, 18, 205905746, 278153413, 11, 0, 1, 0
0, 5, 7, 18, 205905746, 278153413, 10, 1, 281074, 1
0, 5, 7, 18, 205905746, 278153413, 10, 0, 1, 0
0, 5, 7, 18, 205905746, 278153413, 9, 1, 310660, 1
0, 5, 7, 18, 205905746, 278153413, 9, 0, 1, 0
0, 5, 7, 18, 205905746, 278153413, 8, 1, 347209, 1
0, 5, 7, 18, 205905746, 278153413, 8, 0, 1, 0
0, 5, 7, 18, 205905746, 278153413, 7, 1, 393503, 1
0, 5, 7, 18, 205905746, 278153413, 7, 0, 1, 0
0, 5, 7, 18, 205905746, 278153413, 6, 1, 454042, 1
0, 5, 7, 18, 205905746, 278153413, 6, 0, 1, 0
0, 5, 7, 18, 205905746, 278153413, 5, 1, 536595, 1
0, 5, 7, 18, 205905746, 278153413, 5, 0, 1, 0
0, 5, 7, 18, 205905746, 278153413, 4, 1, 310093, 1
0, 5, 7, 18, 205905746, 278153413, 4, 0, 1, 0
0, 5, 7, 18, 205905746, 278153413, 3, 1, 398691, 1
0, 5, 7, 18, 205905746, 278153413, 3, 0, 1, 0
0, 5, 7, 18, 205905746, 278153413, 2, 1, 1, 1
0, 5, 7, 18, 205905746, 278153413, 2, 0, 1, 0
0, 5, 7, 18, 205905746, 278153413, 1, 1, 1, 1
0, 5, 7, 18, 205905746, 278153413, 1, 0, 1, 0
0, 5, 7, 18, 205905746, 278153413, 0, 1, 1, 1
0, 6, 7, 18, 278153414, 302290286, 12, 1, 898745, 1
0, 6, 7, 18, 278153414, 302290286, 12, 0, 1, 0
0, 6, 7, 18, 278153414, 302290286, 11, 1, 976896, 1
0, 6, 7, 18, 278153414, 302290286, 11, 0, 1, 0
0, 6, 7, 18, 278153414, 302290286, 10, 1, 1069934, 1
0, 6, 7, 18, 278153414, 302290286, 10, 0, 1, 0
0, 6, 7, 18, 278153414, 302290286, 9, 1, 1182558, 1
0, 6, 7, 18, 278153414, 302290286, 9, 0, 1, 0
0, 6, 7, 18, 278153414, 302290286, 8, 1, 1321683, 1
0, 6, 7, 18, 278153414, 302290286, 8, 0, 1, 0
0, 6, 7, 18, 278153414, 302290286, 7, 1, 1497907, 1
0, 6, 7, 18, 278153414, 302290286, 7, 0, 1, 0
0, 6, 7, 18, 278153414, 302290286, 6, 1, 1728354, 1
0, 6, 7, 18, 278153414, 302290286, 6, 0, 1, 0
0, 6, 7, 18, 278153414, 302290286, 5, 1, 1807920, 1
0, 6, 7, 18, 278153414, 302290286, 5, 0, 1, 0
0, 6, 7, 18, 278153414, 302290286, 4, 1, 2209680, 1
0, 6, 7, 18, 278153414, 302290286, 4, 0, 1, 0
0, 6, 7, 18, 278153414, 302290286, 3, 1, 912266, 1
0, 6, 7, 18, 278153414, 302290286, 3, 0, 1, 0
0, 6, 7, 18, 278153414, 302290286, 2, 1, 1277172, 1
0, 6, 7, 18, 278153414, 302290286, 2, 0, 1, 0
0, 6, 7, 18, 278153414, 302290286, 1, 1, 2128620, 1
0, 6, 7, 18, 278153414, 302290286, 1, 0, 1, 0
0, 6, 7, 18, 278153414, 302290286, 0, 1, 6385859, 1
0, 7, 7, 18, 302290287, 419610062, 12, 1, 6650865, 0
0, 7, 7, 18, 302290287, 419610062, 12, 0, 6719102, 0
0, 7, 7, 18, 302290287, 419610062, 11, 1, 7229201, 0
0, 7, 7, 18, 302290287, 419610062, 11, 0, 7329929, 0
0, 7, 7, 18, 302290287, 419610062, 10, 1, 7917696, 0
0, 7, 7, 18, 302290287, 419610062, 10, 0, 8062922, 0
0, 7, 7, 18, 302290287, 419610062, 9, 1, 8751138, 0
0, 7, 7, 18, 302290287, 419610062, 9, 0, 8958803, 0
0, 7, 7, 18, 302290287, 419610062, 8, 1, 9780683, 0
0, 7, 7, 18, 302290287, 419610062, 8, 0, 10078653, 0
0, 7, 7, 18, 302290287, 419610062, 7, 1, 11084774, 0
0, 7, 7, 18, 302290287, 419610062, 7, 0, 11518460, 0
0, 7, 7, 18, 302290287, 419610062, 6, 1, 12790124, 0
0, 7, 7, 18, 302290287, 419610062, 6, 0, 13438204, 0
0, 7, 7, 18, 302290287, 419610062, 5, 1, 13520998, 0
0, 7, 7, 18, 302290287, 419610062, 5, 0, 12617717, 0
0, 7, 7, 18, 302290287, 419610062, 4, 1, 16525664, 0
0, 7, 7, 18, 302290287, 419610062, 4, 0, 15772146, 0
0, 7, 7, 18, 302290287, 419610062, 3, 1, 15371063, 0
0, 7, 7, 18, 302290287, 419610062, 3, 0, 21029528, 0
0, 7, 7, 18, 302290287, 419610062, 2, 1, 11730708, 0
0, 7, 7, 18, 302290287, 419610062, 2, 0, 24902895, 0
0, 7, 7, 18, 302290287, 419610062, 1, 1, 1, 1
0, 7, 7, 18, 302290287, 419610062, 1, 0, 1, 0
0, 7, 7, 18, 302290287, 419610062, 0, 1, 1, 1
0, 8, 7, 18, 419610063, 453637582, 12, 1, 48206003, 1
0, 8, 7, 18, 419610063, 453637582, 12, 0, 30300341, 0
0, 8, 7, 18, 419610063, 453637582, 11, 1, 52397829, 1
0, 8, 7, 18, 419610063, 453637582, 11, 0, 33054917, 0
0, 8, 7, 18, 419610063, 453637582, 10, 1, 57388099, 1
0, 8, 7, 18, 419610063, 453637582, 10, 0, 36360409, 0
0, 8, 7, 18, 419610063, 453637582, 9, 1, 63428951, 1
0, 8, 7, 18, 419610063, 453637582, 9, 0, 40400454, 0
0, 8, 7, 18, 419610063, 453637582, 8, 1, 70891180, 1
0, 8, 7, 18, 419610063, 453637582, 8, 0, 45450511, 0
0, 8, 7, 18, 419610063, 453637582, 7, 1, 80343338, 1
0, 8, 7, 18, 419610063, 453637582, 7, 0, 51943441, 0
0, 8, 7, 18, 419610063, 453637582, 6, 1, 92703851, 1
0, 8, 7, 18, 419610063, 453637582, 6, 0, 60600681, 0
0, 8, 7, 18, 419610063, 453637582, 5, 1, 108498202, 1
0, 8, 7, 18, 419610063, 453637582, 5, 0, 70962906, 0
0, 8, 7, 18, 419610063, 453637582, 4, 1, 90068000, 1
0, 8, 7, 18, 419610063, 453637582, 4, 0, 39068860, 0
0, 8, 7, 18, 419610063, 453637582, 3, 1, 115801715, 1
0, 8, 7, 18, 419610063, 453637582, 3, 0, 52091813, 0
0, 8, 7, 18, 419610063, 453637582, 2, 1, 116953638, 1
0, 8, 7, 18, 419610063, 453637582, 2, 0, 78137719, 0
0, 8, 7, 18, 419610063, 453637582, 1, 1, 110154090, 1
0, 8, 7, 18, 419610063, 453637582, 1, 0, 41041415, 0
0, 8, 7, 18, 419610063, 453637582, 0, 1, 156703609, 1
0, 9, 7, 18, 453637583, 520192328, 12, 1, 6052522, 0
0, 9, 7, 18, 453637583, 520192328, 12, 0, 5847288, 0
0, 9, 7, 18, 453637583, 520192328, 11, 1, 6578828, 0
0, 9, 7, 18, 453637583, 520192328, 11, 0, 6378860, 0
0, 9, 7, 18, 453637583, 520192328, 10, 1, 7205383, 0
0, 9, 7, 18, 453637583, 520192328, 10, 0, 7016746, 0
0, 9, 7, 18, 453637583, 520192328, 9, 1, 7963845, 0
0, 9, 7, 18, 453637583, 520192328, 9, 0, 7796384, 0
0, 9, 7, 18, 453637583, 520192328, 8, 1, 8900768, 0
0, 9, 7, 18, 453637583, 520192328, 8, 0, 8770932, 0
0, 9, 7, 18, 453637583, 520192328, 7, 1, 10087536, 0
0, 9, 7, 18, 453637583, 520192328, 7, 0, 10023922, 0
0, 9, 7, 18, 453637583, 520192328, 6, 1, 11639465, 0
0, 9, 7, 18, 453637583, 520192328, 6, 0, 11694576, 0
0, 9, 7, 18, 453637583, 520192328, 5, 1, 8042365, 0
0, 9, 7, 18, 453637583, 520192328, 5, 0, 10000260, 0
0, 9, 7, 18, 453637583, 520192328, 4, 1, 9829558, 0
0, 9, 7, 18, 453637583, 520192328, 4, 0, 12500324, 0
0, 9, 7, 18, 453637583, 520192328, 3, 1, 12638002, 0
0, 9, 7, 18, 453637583, 520192328, 3, 0, 16667099, 0
0, 9, 7, 18, 453637583, 520192328, 2, 1, 17693203, 0
0, 9, 7, 18, 453637583, 520192328, 2, 0, 25000648, 0
0, 9, 7, 18, 453637583, 520192328, 1, 1, 23725904, 0
0, 9, 7, 18, 453637583, 520192328, 1, 0, 32712992, 0
0, 9, 7, 18, 453637583, 520192328, 0, 1, 1, 1
0, 10, 7, 18, 520192329, 561483400, 12, 1, 8963062, 0
0, 10, 7, 18, 520192329, 561483400, 12, 0, 10452853, 0
0, 10, 7, 18, 520192329, 561483400, 11, 1, 9742459, 0
0, 10, 7, 18, 520192329, 561483400, 11, 0, 11403112, 0
0, 10, 7, 18, 520192329, 561483400, 10, 1, 10670312, 0
0, 10, 7, 18, 520192329, 561483400, 10, 0, 12543423, 0
0, 10, 7, 18, 520192329, 561483400, 9, 1, 11793503, 0
0, 10, 7, 18, 520192329, 561483400, 9, 0, 13937137, 0
0, 10, 7, 18, 520192329, 561483400, 8, 1, 13180974, 0
0, 10, 7, 18, 520192329, 561483400, 8, 0, 15679279, 0
0, 10, 7, 18, 520192329, 561483400, 7, 1, 14938437, 0
0, 10, 7, 18, 520192329, 561483400, 7, 0, 17919176, 0
0, 10, 7, 18, 520192329, 561483400, 6, 1, 17236658, 0
0, 10, 7, 18, 520192329, 561483400, 6, 0, 20905705, 0
0, 10, 7, 18, 520192329, 561483400, 5, 1, 13454870, 0
0, 10, 7, 18, 520192329, 561483400, 5, 0, 17479548, 0
0, 10, 7, 18, 520192329, 561483400, 4, 1, 16444841, 0
0, 10, 7, 18, 520192329, 561483400, 4, 0, 21849434, 0
0, 10, 7, 18, 520192329, 561483400, 3, 1, 21143367, 0
0, 10, 7, 18, 520192329, 561483400, 3, 0, 29132579, 0
0, 10, 7, 18, 520192329, 561483400, 2, 1, 29600713, 0
0, 10, 7, 18, 520192329, 561483400, 2, 0, 43698868, 0
0, 10, 7, 18, 520192329, 561483400, 1, 1, 17682479, 0
0, 10, 7, 18, 520192329, 561483400, 1, 0, 30502631, 0
0, 10, 7, 18, 520192329, 561483400, 0, 1, 1, 1
0, 11, 7, 18, 561483401, 673879164, 12, 1, 188977792, 0
0, 11, 7, 18, 561483401, 673879164, 12, 0, 192823094, 0
0, 11, 7, 18, 561483401, 673879164, 11, 1, 171546885, 0
0, 11, 7, 18, 561483401, 673879164, 11, 0, 174119257, 0
0, 11, 7, 18, 561483401, 673879164, 10, 1, 160799478, 0
0, 11, 7, 18, 561483401, 673879164, 10, 0, 163200031, 0
0, 11, 7, 18, 561483401, 673879164, 9, 1, 140505631, 0
0, 11, 7, 18, 561483401, 673879164, 9, 0, 142068105, 0
0, 11, 7, 18, 561483401, 673879164, 8, 1, 116550505, 0
0, 11, 7, 18, 561483401, 673879164, 8, 0, 123616230, 0
0, 11, 7, 18, 561483401, 673879164, 7, 1, 85068894, 0
0, 11, 7, 18, 561483401, 673879164, 7, 0, 91603058, 0
0, 11, 7, 18, 561483401, 673879164, 6, 1, 49251041, 0
0, 11, 7, 18, 561483401, 673879164, 6, 0, 55591087, 0
0, 11, 7, 18, 561483401, 673879164, 5, 1, 58205776, 0
0, 11, 7, 18, 561483401, 673879164, 5, 0, 66709304, 0
0, 11, 7, 18, 561483401, 673879164, 4, 1, 71140393, 0
0, 11, 7, 18, 561483401, 673879164, 4, 0, 83386630, 0
0, 11, 7, 18, 561483401, 673879164, 3, 1, 91466219, 0
0, 11, 7, 18, 561483401, 673879164, 3, 0, 111182173, 0
0, 11, 7, 18, 561483401, 673879164, 2, 1, 128052706, 0
0, 11, 7, 18, 561483401, 673879164, 2, 0, 166773259, 0
0, 11, 7, 18, 561483401, 673879164, 1, 1, 1, 1
0, 11, 7, 18, 561483401, 673879164, 1, 0, 1, 0
0, 11, 7, 18, 561483401, 673879164, 0, 1, 1, 1
0, 12, 7, 18, 673879165, 701650974, 12, 1, 3268458, 0
0, 12, 7, 18, 673879165, 701650974, 12, 0, 1515938, 0
0, 12, 7, 18, 673879165, 701650974, 11, 1, 2745501, 0
0, 12, 7, 18, 673879165, 701650974, 11, 0, 1653751, 0
0, 12, 7, 18, 673879165, 701650974, 10, 1, 3006977, 0
0, 12, 7, 18, 673879165, 701650974, 10, 0, 1819126, 0
0, 12, 7, 18, 673879165, 701650974, 9, 1, 2789543, 0
0, 12, 7, 18, 673879165, 701650974, 9, 0, 894005, 0
0, 12, 7, 18, 673879165, 701650974, 8, 1, 1521650, 0
0, 12, 7, 18, 673879165, 701650974, 8, 0, 1005756, 0
0, 12, 7, 18, 673879165, 701650974, 7, 1, 1724537, 0
0, 12, 7, 18, 673879165, 701650974, 7, 0, 1149435, 0
0, 12, 7, 18, 673879165, 701650974, 6, 1, 1989850, 0
0, 12, 7, 18, 673879165, 701650974, 6, 0, 1341008, 0
0, 12, 7, 18, 673879165, 701650974, 5, 1, 2351641, 0
0, 12, 7, 18, 673879165, 701650974, 5, 0, 1609209, 0
0, 12, 7, 18, 673879165, 701650974, 4, 1, 2874228, 0
0, 12, 7, 18, 673879165, 701650974, 4, 0, 2011511, 0
0, 12, 7, 18, 673879165, 701650974, 3, 1, 3695436, 0
0, 12, 7, 18, 673879165, 701650974, 3, 0, 2682015, 0
0, 12, 7, 18, 673879165, 701650974, 2, 1, 5173610, 0
0, 12, 7, 18, 673879165, 701650974, 2, 0, 4023022, 0
0, 12, 7, 18, 673879165, 701650974, 1, 1, 8622683, 0
0, 12, 7, 18, 673879165, 701650974, 1, 0, 8046043, 0
0, 12, 7, 18, 673879165, 701650974, 0, 1, 1, 1
0, 13, 7, 18, 701650975, 808431562, 12, 1, 524153989, 0
0, 13, 7, 18, 701650975, 808431562, 12, 0, 568033617, 0
0, 13, 7, 18, 701650975, 808431562, 11, 1, 507454679, 0
0, 13, 7, 18, 701650975, 808431562, 11, 0, 554844003, 0
0, 13, 7, 18, 701650975, 808431562, 10, 1, 487971161, 0
0, 13, 7, 18, 701650975, 808431562, 10, 0, 540480907, 0
0, 13, 7, 18, 701650975, 808431562, 9, 1, 487089007, 0
0, 13, 7, 18, 701650975, 808431562, 9, 0, 517179773, 0
0, 13, 7, 18, 701650975, 808431562, 8, 1, 481148136, 0
0, 13, 7, 18, 701650975, 808431562, 8, 0, 535742496, 0
0, 13, 7, 18, 701650975, 808431562, 7, 1, 451073785, 0
0, 13, 7, 18, 701650975, 808431562, 7, 0, 509958694, 0
0, 13, 7, 18, 701650975, 808431562, 6, 1, 423531335, 0
0, 13, 7, 18, 701650975, 808431562, 6, 0, 475358440, 0
0, 13, 7, 18, 701650975, 808431562, 5, 1, 432890320, 0
0, 13, 7, 18, 701650975, 808431562, 5, 0, 496018744, 0
0, 13, 7, 18, 701650975, 808431562, 4, 1, 479382176, 0
0, 13, 7, 18, 701650975, 808431562, 4, 0, 564104188, 0
0, 13, 7, 18, 701650975, 808431562, 3, 1, 419289761, 0
0, 13, 7, 18, 701650975, 808431562, 3, 0, 524240951, 0
0, 13, 7, 18, 701650975, 808431562, 2, 1, 519425385, 0
0, 13, 7, 18, 701650975, 808431562, 2, 0, 674522943, 0
0, 13, 7, 18, 701650975, 808431562, 1, 1, 459266223, 0
0, 13, 7, 18, 701650975, 808431562, 1, 0, 653838797, 0
0, 13, 7, 18, 701650975, 808431562, 0, 1, 1, 1
0, 14, 7, 18, 808431563, 840338343, 12, 1, 291442465, 0
0, 14, 7, 18, 808431563, 840338343, 12, 0, 309986325, 0
0, 14, 7, 18, 808431563, 840338343, 11, 1, 274374881, 0
0, 14, 7, 18, 808431563, 840338343, 11, 0, 293828747, 0
0, 14, 7, 18, 808431563, 840338343, 10, 1, 260359407, 0
0, 14, 7, 18, 808431563, 840338343, 10, 0, 282964824, 0
0, 14, 7, 18, 808431563, 840338343, 9, 1, 263169894, 0
0, 14, 7, 18, 808431563, 840338343, 9, 0, 262480963, 0
0, 14, 7, 18, 808431563, 840338343, 8, 1, 265441665, 0
0, 14, 7, 18, 808431563, 840338343, 8, 0, 295291084, 0
0, 14, 7, 18, 808431563, 840338343, 7, 1, 242077525, 0
0, 14, 7, 18, 808431563, 840338343, 7, 0, 273350749, 0
0, 14, 7, 18, 808431563, 840338343, 6, 1, 214907948, 0
0, 14, 7, 18, 808431563, 840338343, 6, 0, 250360026, 0
0, 14, 7, 18, 808431563, 840338343, 5, 1, 247532660, 0
0, 14, 7, 18, 808431563, 840338343, 5, 0, 293337624, 0
0, 14, 7, 18, 808431563, 840338343, 4, 1, 224004011, 0
0, 14, 7, 18, 808431563, 840338343, 4, 0, 303981838, 0
0, 14, 7, 18, 808431563, 840338343, 3, 1, 186682442, 0
0, 14, 7, 18, 808431563, 840338343, 3, 0, 270817024, 0
0, 14, 7, 18, 808431563, 840338343, 2, 1, 163128156, 0
0, 14, 7, 18, 808431563, 840338343, 2, 0, 195315397, 0
0, 14, 7, 18, 808431563, 840338343, 1, 1, 1, 1
0, 14, 7, 18, 808431563, 840338343, 1, 0, 1, 0
0, 14, 7, 18, 808431563, 840338343, 0, 1, 1, 1
0, 15, 7, 18, 840338344, 870091785, 12, 1, 123688346, 0
0, 15, 7, 18, 840338344, 870091785, 12, 0, 132909052, 0
0, 15, 7, 18, 840338344, 870091785, 11, 1, 106881693, 0
0, 15, 7, 18, 840338344, 870091785, 11, 0, 117979696, 0
0, 15, 7, 18, 840338344, 870091785, 10, 1, 89249141, 0
0, 15, 7, 18, 840338344, 870091785, 10, 0, 100900388, 0
0, 15, 7, 18, 840338344, 870091785, 9, 1, 82477892, 0
0, 15, 7, 18, 840338344, 870091785, 9, 0, 77983540, 0
0, 15, 7, 18, 840338344, 870091785, 8, 1, 74405732, 0
0, 15, 7, 18, 840338344, 870091785, 8, 0, 87731482, 0
0, 15, 7, 18, 840338344, 870091785, 7, 1, 68752980, 0
0, 15, 7, 18, 840338344, 870091785, 7, 0, 96102700, 0
0, 15, 7, 18, 840338344, 870091785, 6, 1, 61720066, 0
0, 15, 7, 18, 840338344, 870091785, 6, 0, 75018176, 0
0, 15, 7, 18, 840338344, 870091785, 5, 1, 72941896, 0
0, 15, 7, 18, 840338344, 870091785, 5, 0, 90021811, 0
0, 15, 7, 18, 840338344, 870091785, 4, 1, 85115436, 0
0, 15, 7, 18, 840338344, 870091785, 4, 0, 112527264, 0
0, 15, 7, 18, 840338344, 870091785, 3, 1, 84539599, 0
0, 15, 7, 18, 840338344, 870091785, 3, 0, 150036351, 0
0, 15, 7, 18, 840338344, 870091785, 2, 1, 63100312, 0
0, 15, 7, 18, 840338344, 870091785, 2, 0, 86916710, 0
0, 15, 7, 18, 840338344, 870091785, 1, 1, 1, 1
0, 15, 7, 18, 840338344, 870091785, 1, 0, 1, 0
0, 15, 7, 18, 840338344, 870091785, 0, 1, 1, 1
0, 16, 7, 18, 870091786, 920601405, 12, 1, 321455261, 0
0, 16, 7, 18, 870091786, 920601405, 12, 0, 355724716, 0
0, 16, 7, 18, 870091786, 920601405, 11, 1, 305853484, 0
0, 16, 7, 18, 870091786, 920601405, 11, 0, 344332161, 0
0, 16, 7, 18, 870091786, 920601405, 10, 1, 289655309, 0
0, 16, 7, 18, 870091786, 920601405, 10, 0, 331497016, 0
0, 16, 7, 18, 870091786, 920601405, 9, 1, 294299927, 0
0, 16, 7, 18, 870091786, 920601405, 9, 0, 313767477, 0
0, 16, 7, 18, 870091786, 920601405, 8, 1, 300329722, 0
0, 16, 7, 18, 870091786, 920601405, 8, 0, 352988412, 0
0, 16, 7, 18, 870091786, 920601405, 7, 1, 281392694, 0
0, 16, 7, 18, 870091786, 920601405, 7, 0, 332510439, 0
0, 16, 7, 18, 870091786, 920601405, 6, 1, 262159478, 0
0, 16, 7, 18, 870091786, 920601405, 6, 0, 320175397, 0
0, 16, 7, 18, 870091786, 920601405, 5, 1, 293421764, 0
0, 16, 7, 18, 870091786, 920601405, 5, 0, 376396844, 0
0, 16, 7, 18, 870091786, 920601405, 4, 1, 253570615, 0
0, 16, 7, 18, 870091786, 920601405, 4, 0, 350032331, 0
0, 16, 7, 18, 870091786, 920601405, 3, 1, 200591730, 0
0, 16, 7, 18, 870091786, 920601405, 3, 0, 312019155, 0
0, 16, 7, 18, 870091786, 920601405, 2, 1, 188791126, 0
0, 16, 7, 18, 870091786, 920601405, 2, 0, 237935493, 0
0, 16, 7, 18, 870091786, 920601405, 1, 1, 1, 1
0, 16, 7, 18, 870091786, 920601405, 1, 0, 1, 0
0, 16, 7, 18, 870091786, 920601405, 0, 1, 1, 1
0, 17, 7, 18, 920601406, 939477494, 12, 1, 49502175, 0
0, 17, 7, 18, 920601406, 939477494, 12, 0, 48631757, 0
0, 17, 7, 18, 920601406, 939477494, 11, 1, 40414406, 0
0, 17, 7, 18, 920601406, 939477494, 11, 0, 39826692, 0
0, 17, 7, 18, 920601406, 939477494, 10, 1, 42088446, 0
0, 17, 7, 18, 920601406, 939477494, 10, 0, 42089130, 0
0, 17, 7, 18, 920601406, 939477494, 9, 1, 39611952, 0
0, 17, 7, 18, 920601406, 939477494, 9, 0, 34757247, 0
0, 17, 7, 18, 920601406, 939477494, 8, 1, 29893068, 0
0, 17, 7, 18, 920601406, 939477494, 8, 0, 22651265, 0
0, 17, 7, 18, 920601406, 939477494, 7, 1, 22979421, 0
0, 17, 7, 18, 920601406, 939477494, 7, 0, 13845663, 0
0, 17, 7, 18, 920601406, 939477494, 6, 1, 20965768, 0
0, 17, 7, 18, 920601406, 939477494, 6, 0, 16153273, 0
0, 17, 7, 18, 920601406, 939477494, 5, 1, 7398404, 1
0, 17, 7, 18, 920601406, 939477494, 5, 0, 1, 0
0, 17, 7, 18, 920601406, 939477494, 4, 1, 9042493, 1
0, 17, 7, 18, 920601406, 939477494, 4, 0, 1, 0
0, 17, 7, 18, 920601406, 939477494, 3, 1, 11626063, 1
0, 17, 7, 18, 920601406, 939477494, 3, 0, 1, 0
0, 17, 7, 18, 920601406, 939477494, 2, 1, 13705380, 1
0, 17, 7, 18, 920601406, 939477494, 2, 0, 1, 0
0, 17, 7, 18, 920601406, 939477494, 1, 1, 10474745, 1
0, 17, 7, 18, 920601406, 939477494, 1, 0, 1, 0
0, 17, 7, 18, 920601406, 939477494, 0, 1, 884665, 1
0, 18, 7, 18, 939477495, 974849102, 12, 1, 130388598, 0
0, 18, 7, 18, 939477495, 974849102, 12, 0, 136610927, 0
0, 18, 7, 18, 939477495, 974849102, 11, 1, 115923121, 0
0, 18, 7, 18, 939477495, 974849102, 11, 0, 124576756, 0
0, 18, 7, 18, 939477495, 974849102, 10, 1, 108966750, 0
0, 18, 7, 18, 939477495, 974849102, 10, 0, 115183547, 0
0, 18, 7, 18, 939477495, 974849102, 9, 1, 109835256, 0
0, 18, 7, 18, 939477495, 974849102, 9, 0, 105600398, 0
0, 18, 7, 18, 939477495, 974849102, 8, 1, 109885627, 0
0, 18, 7, 18, 939477495, 974849102, 8, 0, 118800448, 0
0, 18, 7, 18, 939477495, 974849102, 7, 1, 95983270, 0
0, 18, 7, 18, 939477495, 974849102, 7, 0, 104257648, 0
0, 18, 7, 18, 939477495, 974849102, 6, 1, 90115490, 0
0, 18, 7, 18, 939477495, 974849102, 6, 0, 111600582, 0
0, 18, 7, 18, 939477495, 974849102, 5, 1, 106500124, 0
0, 18, 7, 18, 939477495, 974849102, 5, 0, 133920698, 0
0, 18, 7, 18, 939477495, 974849102, 4, 1, 99766708, 0
0, 18, 7, 18, 939477495, 974849102, 4, 0, 133069890, 0
0, 18, 7, 18, 939477495, 974849102, 3, 1, 74872841, 0
0, 18, 7, 18, 939477495, 974849102, 3, 0, 113004628, 0
0, 18, 7, 18, 939477495, 974849102, 2, 1, 67119347, 0
0, 18, 7, 18, 939477495, 974849102, 2, 0, 75250365, 0
0, 18, 7, 18, 939477495, 974849102, 1, 1, 1, 1
0, 18, 7, 18, 939477495, 974849102, 1, 0, 1, 0
0, 18, 7, 18, 939477495, 974849102, 0, 1, 1, 1
0, 19, 7, 18, 974849103, 1009256227, 12, 1, 140233532, 0
0, 19, 7, 18, 974849103, 1009256227, 12, 0, 154307702, 0
0, 19, 7, 18, 974849103, 1009256227, 11, 1, 131094783, 0
0, 19, 7, 18, 974849103, 1009256227, 11, 0, 144261178, 0
0, 19, 7, 18, 974849103, 1009256227, 10, 1, 122690248, 0
0, 19, 7, 18, 974849103, 1009256227, 10, 0, 136523441, 0
0, 19, 7, 18, 974849103, 1009256227, 9, 1, 124634028, 0
0, 19, 7, 18, 974849103, 1009256227, 9, 0, 128531750, 0
0, 19, 7, 18, 974849103, 1009256227, 8, 1, 124867613, 0
0, 19, 7, 18, 974849103, 1009256227, 8, 0, 144598218, 0
0, 19, 7, 18, 974849103, 1009256227, 7, 1, 112240219, 0
0, 19, 7, 18, 974849103, 1009256227, 7, 0, 133763913, 0
0, 19, 7, 18, 974849103, 1009256227, 6, 1, 99716535, 0
0, 19, 7, 18, 974849103, 1009256227, 6, 0, 132271681, 0
0, 19, 7, 18, 974849103, 1009256227, 5, 1, 117846814, 0
0, 19, 7, 18, 974849103, 1009256227, 5, 0, 158726018, 0
0, 19, 7, 18, 974849103, 1009256227, 4, 1, 106336615, 0
0, 19, 7, 18, 974849103, 1009256227, 4, 0, 153611943, 0
0, 19, 7, 18, 974849103, 1009256227, 3, 1, 87915468, 0
0, 19, 7, 18, 974849103, 1009256227, 3, 0, 131476641, 0
0, 19, 7, 18, 974849103, 1009256227, 2, 1, 85204791, 0
0, 19, 7, 18, 974849103, 1009256227, 2, 0, 102522802, 0
0, 19, 7, 18, 974849103, 1009256227, 1, 1, 1, 1
0, 19, 7, 18, 974849103, 1009256227, 1, 0, 1, 0
0, 19, 7, 18, 974849103, 1009256227, 0, 1, 1, 1
0, 20, 7, 18, 1009256228, 1105856869, 12, 1, 67181695, 0
0, 20, 7, 18, 1009256228, 1105856869, 12, 0, 77838642, 0
0, 20, 7, 18, 1009256228, 1105856869, 11, 1, 54508005, 0
0, 20, 7, 18, 1009256228, 1105856869, 11, 0, 65733652, 0
0, 20, 7, 18, 1009256228, 1105856869, 10, 1, 45169662, 0
0, 20, 7, 18, 1009256228, 1105856869, 10, 0, 54464002, 0
0, 20, 7, 18, 1009256228, 1105856869, 9, 1, 46444642, 0
0, 20, 7, 18, 1009256228, 1105856869, 9, 0, 53169479, 0
0, 20, 7, 18, 1009256228, 1105856869, 8, 1, 28210935, 0
0, 20, 7, 18, 1009256228, 1105856869, 8, 0, 32808688, 0
0, 20, 7, 18, 1009256228, 1105856869, 7, 1, 25019773, 0
0, 20, 7, 18, 1009256228, 1105856869, 7, 0, 27381029, 0
0, 20, 7, 18, 1009256228, 1105856869, 6, 1, 26866815, 0
0, 20, 7, 18, 1009256228, 1105856869, 6, 0, 27606535, 0
0, 20, 7, 18, 1009256228, 1105856869, 5, 1, 31261246, 0
0, 20, 7, 18, 1009256228, 1105856869, 5, 0, 32048863, 0
0, 20, 7, 18, 1009256228, 1105856869, 4, 1, 28205442, 0
0, 20, 7, 18, 1009256228, 1105856869, 4, 0, 28659000, 0
0, 20, 7, 18, 1009256228, 1105856869, 3, 1, 20932543, 0
0, 20, 7, 18, 1009256228, 1105856869, 3, 0, 21168831, 0
0, 20, 7, 18, 1009256228, 1105856869, 2, 1, 20452762, 0
0, 20, 7, 18, 1009256228, 1105856869, 2, 0, 9621249, 0
0, 20, 7, 18, 1009256228, 1105856869, 1, 1, 25130029, 0
0, 20, 7, 18, 1009256228, 1105856869, 1, 0, 19242498, 0
0, 20, 7, 18, 1009256228, 1105856869, 0, 1, 1, 1
0, 21, 7, 18, 1105856870, 1135295619, 12, 1, 8952629, 0
0, 21, 7, 18, 1105856870, 1135295619, 12, 0, 8677231, 0
0, 21, 7, 18, 1105856870, 1135295619, 11, 1, 7912539, 0
0, 21, 7, 18, 1105856870, 1135295619, 11, 0, 9466070, 0
0, 21, 7, 18, 1105856870, 1135295619, 10, 1, 8306130, 0
0, 21, 7, 18, 1105856870, 1135295619, 10, 0, 10131864, 0
0, 21, 7, 18, 1105856870, 1135295619, 9, 1, 7408565, 0
0, 21, 7, 18, 1105856870, 1135295619, 9, 0, 7516961, 0
0, 21, 7, 18, 1105856870, 1135295619, 8, 1, 6785510, 0
0, 21, 7, 18, 1105856870, 1135295619, 8, 0, 5280447, 0
0, 21, 7, 18, 1105856870, 1135295619, 7, 1, 5234195, 0
0, 21, 7, 18, 1105856870, 1135295619, 7, 0, 4090117, 0
0, 21, 7, 18, 1105856870, 1135295619, 6, 1, 6039455, 0
0, 21, 7, 18, 1105856870, 1135295619, 6, 0, 4771803, 0
0, 21, 7, 18, 1105856870, 1135295619, 5, 1, 1678910, 0
0, 21, 7, 18, 1105856870, 1135295619, 5, 0, 405811, 0
0, 21, 7, 18, 1105856870, 1135295619, 4, 1, 2052001, 0
0, 21, 7, 18, 1105856870, 1135295619, 4, 0, 507263, 0
0, 21, 7, 18, 1105856870, 1135295619, 3, 1, 2638287, 0
0, 21, 7, 18, 1105856870, 1135295619, 3, 0, 676351, 0
0, 21, 7, 18, 1105856870, 1135295619, 2, 1, 3693602, 0
0, 21, 7, 18, 1105856870, 1135295619, 2, 0, 1014526, 0
0, 21, 7, 18, 1105856870, 1135295619, 1, 1, 5479653, 1
0, 21, 7, 18, 1105856870, 1135295619, 1, 0, 1, 0
0, 21, 7, 18, 1105856870, 1135295619, 0, 1, 1, 1
0, 22, 7, 18, 1135295620, 1164313638, 12, 1, 23050686, 0
0, 22, 7, 18, 1135295620, 1164313638, 12, 0, 22602915, 0
0, 22, 7, 18, 1135295620, 1164313638, 11, 1, 20913973, 0
0, 22, 7, 18, 1135295620, 1164313638, 11, 0, 20260434, 0
0, 22, 7, 18, 1135295620, 1164313638, 10, 1, 18875860, 0
0, 22, 7, 18, 1135295620, 1164313638, 10, 0, 18196486, 0
0, 22, 7, 18, 1135295620, 1164313638, 9, 1, 15844005, 0
0, 22, 7, 18, 1135295620, 1164313638, 9, 0, 14611966, 0
0, 22, 7, 18, 1135295620, 1164313638, 8, 1, 13431690, 0
0, 22, 7, 18, 1135295620, 1164313638, 8, 0, 10749187, 0
0, 22, 7, 18, 1135295620, 1164313638, 7, 1, 9701063, 0
0, 22, 7, 18, 1135295620, 1164313638, 7, 0, 7538164, 0
0, 22, 7, 18, 1135295620, 1164313638, 6, 1, 7313986, 0
0, 22, 7, 18, 1135295620, 1164313638, 6, 0, 8071829, 0
0, 22, 7, 18, 1135295620, 1164313638, 5, 1, 5822525, 0
0, 22, 7, 18, 1135295620, 1164313638, 5, 0, 4072685, 0
0, 22, 7, 18, 1135295620, 1164313638, 4, 1, 6132971, 0
0, 22, 7, 18, 1135295620, 1164313638, 4, 0, 2878097, 0
0, 22, 7, 18, 1135295620, 1164313638, 3, 1, 7841773, 0
0, 22, 7, 18, 1135295620, 1164313638, 3, 0, 3837462, 0
0, 22, 7, 18, 1135295620, 1164313638, 2, 1, 9327768, 0
0, 22, 7, 18, 1135295620, 1164313638, 2, 0, 5756193, 0
0, 22, 7, 18, 1135295620, 1164313638, 1, 1, 598115, 1
0, 22, 7, 18, 1135295620, 1164313638, 1, 0, 1, 0
0, 22, 7, 18, 1135295620, 1164313638, 0, 1, 1794344, 1
0, 23, 7, 18, 1164313639, 1203609690, 12, 1, 2556285, 0
0, 23, 7, 18, 1164313639, 1203609690, 12, 0, 3931079, 0
0, 23, 7, 18, 1164313639, 1203609690, 11, 1, 2778571, 0
0, 23, 7, 18, 1164313639, 1203609690, 11, 0, 4288450, 0
0, 23, 7, 18, 1164313639, 1203609690, 10, 1, 3043196, 0
0, 23, 7, 18, 1164313639, 1203609690, 10, 0, 4717294, 0
0, 23, 7, 18, 1164313639, 1203609690, 9, 1, 1785013, 0
0, 23, 7, 18, 1164313639, 1203609690, 9, 0, 1909008, 0
0, 23, 7, 18, 1164313639, 1203609690, 8, 1, 1778263, 0
0, 23, 7, 18, 1164313639, 1203609690, 8, 0, 2147634, 0
0, 23, 7, 18, 1164313639, 1203609690, 7, 1, 1007538, 0
0, 23, 7, 18, 1164313639, 1203609690, 7, 0, 1263449, 0
0, 23, 7, 18, 1164313639, 1203609690, 6, 1, 482225, 1
0, 23, 7, 18, 1164313639, 1203609690, 6, 0, 1, 0
0, 23, 7, 18, 1164313639, 1203609690, 5, 1, 1, 1
0, 23, 7, 18, 1164313639, 1203609690, 5, 0, 1, 0
0, 23, 7, 18, 1164313639, 1203609690, 4, 1, 1, 1
0, 23, 7, 18, 1164313639, 1203609690, 4, 0, 1, 0
0, 23, 7, 18, 1164313639, 1203609690, 3, 1, 1, 1
0, 23, 7, 18, 1164313639, 1203609690, 3, 0, 1, 0
0, 23, 7, 18, 1164313639, 1203609690, 2, 1, 1, 1
0, 23, 7, 18, 1164313639, 1203609690, 2, 0, 1, 0
0, 23, 7, 18, 1164313639, 1203609690, 1, 1, 1, 1
0, 23, 7, 18, 1164313639, 1203609690, 1, 0, 1, 0
0, 23, 7, 18, 1164313639, 1203609690, 0, 1, 1, 1
0, 24, 7, 18, 1203609691, 1250092451, 12, 1, 3337462, 0
0, 24, 7, 18, 1203609691, 1250092451, 12, 0, 5283718, 0
0, 24, 7, 18, 1203609691, 1250092451, 11, 1, 3113855, 1
0, 24, 7, 18, 1203609691, 1250092451, 11, 0, 4689704, 0
0, 24, 7, 18, 1203609691, 1250092451, 10, 1, 3410413, 0
0, 24, 7, 18, 1203609691, 1250092451, 10, 0, 5158674, 0
0, 24, 7, 18, 1203609691, 1250092451, 9, 1, 3769404, 0
0, 24, 7, 18, 1203609691, 1250092451, 9, 0, 5731860, 0
0, 24, 7, 18, 1203609691, 1250092451, 8, 1, 4212863, 0
0, 24, 7, 18, 1203609691, 1250092451, 8, 0, 6448343, 0
0, 24, 7, 18, 1203609691, 1250092451, 7, 1, 3986720, 0
0, 24, 7, 18, 1203609691, 1250092451, 7, 0, 5681267, 0
0, 24, 7, 18, 1203609691, 1250092451, 6, 1, 2781927, 1
0, 24, 7, 18, 1203609691, 1250092451, 6, 0, 4658499, 0
0, 24, 7, 18, 1203609691, 1250092451, 5, 1, 3075236, 0
0, 24, 7, 18, 1203609691, 1250092451, 5, 0, 5122708, 0
0, 24, 7, 18, 1203609691, 1250092451, 4, 1, 973832, 1
0, 24, 7, 18, 1203609691, 1250092451, 4, 0, 137609, 0
0, 24, 7, 18, 1203609691, 1250092451, 3, 1, 781795, 1
0, 24, 7, 18, 1203609691, 1250092451, 3, 0, 183478, 0
0, 24, 7, 18, 1203609691, 1250092451, 2, 1, 1094513, 1
0, 24, 7, 18, 1203609691, 1250092451, 2, 0, 275217, 0
0, 24, 7, 18, 1203609691, 1250092451, 1, 1, 1640710, 1
0, 24, 7, 18, 1203609691, 1250092451, 1, 0, 1, 0
0, 24, 7, 18, 1203609691, 1250092451, 0, 1, 4922130, 1
0, 25, 7, 18, 1250092452, 1282903994, 12, 1, 22392179, 0
0, 25, 7, 18, 1250092452, 1282903994, 12, 0, 22600387, 0
0, 25, 7, 18, 1250092452, 1282903994, 11, 1, 18763567, 0
0, 25, 7, 18, 1250092452, 1282903994, 11, 0, 19639705, 0
0, 25, 7, 18, 1250092452, 1282903994, 10, 1, 16474905, 0
0, 25, 7, 18, 1250092452, 1282903994, 10, 0, 15879840, 0
0, 25, 7, 18, 1250092452, 1282903994, 9, 1, 15134450, 0
0, 25, 7, 18, 1250092452, 1282903994, 9, 0, 15668508, 0
0, 25, 7, 18, 1250092452, 1282903994, 8, 1, 10933132, 0
0, 25, 7, 18, 1250092452, 1282903994, 8, 0, 11251185, 0
0, 25, 7, 18, 1250092452, 1282903994, 7, 1, 7148765, 1
0, 25, 7, 18, 1250092452, 1282903994, 7, 0, 6083659, 0
0, 25, 7, 18, 1250092452, 1282903994, 6, 1, 5035324, 1
0, 25, 7, 18, 1250092452, 1282903994, 6, 0, 3294216, 0
0, 25, 7, 18, 1250092452, 1282903994, 5, 1, 4260523, 1
0, 25, 7, 18, 1250092452, 1282903994, 5, 0, 234367, 0
0, 25, 7, 18, 1250092452, 1282903994, 4, 1, 5207305, 1
0, 25, 7, 18, 1250092452, 1282903994, 4, 0, 292958, 0
0, 25, 7, 18, 1250092452, 1282903994, 3, 1, 6527702, 1
0, 25, 7, 18, 1250092452, 1282903994, 3, 0, 1, 0
0, 25, 7, 18, 1250092452, 1282903994, 2, 1, 4591699, 1
0, 25, 7, 18, 1250092452, 1282903994, 2, 0, 1, 0
0, 25, 7, 18, 1250092452, 1282903994, 1, 1, 7652832, 1
0, 25, 7, 18, 1250092452, 1282903994, 1, 0, 1, 0
0, 25, 7, 18, 1250092452, 1282903994, 0, 1, 8305886, 1
0, 26, 7, 18, 1282903995, 1344720837, 12, 1, 103919381, 0
0, 26, 7, 18, 1282903995, 1344720837, 12, 0, 123764442, 0
0, 26, 7, 18, 1282903995, 1344720837, 11, 1, 92362451, 0
0, 26, 7, 18, 1282903995, 1344720837, 11, 0, 114542032, 0
0, 26, 7, 18, 1282903995, 1344720837, 10, 1, 90498602, 0
0, 26, 7, 18, 1282903995, 1344720837, 10, 0, 103609662, 0
0, 26, 7, 18, 1282903995, 1344720837, 9, 1, 77157457, 0
0, 26, 7, 18, 1282903995, 1344720837, 9, 0, 90935941, 0
0, 26, 7, 18, 1282903995, 1344720837, 8, 1, 61696441, 0
0, 26, 7, 18, 1282903995, 1344720837, 8, 0, 76785694, 0
0, 26, 7, 18, 1282903995, 1344720837, 7, 1, 48209867, 0
0, 26, 7, 18, 1282903995, 1344720837, 7, 0, 60728955, 0
0, 26, 7, 18, 1282903995, 1344720837, 6, 1, 39956791, 0
0, 26, 7, 18, 1282903995, 1344720837, 6, 0, 39837791, 0
0, 26, 7, 18, 1282903995, 1344720837, 5, 1, 42840943, 0
0, 26, 7, 18, 1282903995, 1344720837, 5, 0, 42627933, 0
0, 26, 7, 18, 1282903995, 1344720837, 4, 1, 18716791, 0
0, 26, 7, 18, 1282903995, 1344720837, 4, 0, 16181368, 0
0, 26, 7, 18, 1282903995, 1344720837, 3, 1, 20243071, 0
0, 26, 7, 18, 1282903995, 1344720837, 3, 0, 15594856, 0
0, 26, 7, 18, 1282903995, 1344720837, 2, 1, 17927449, 0
0, 26, 7, 18, 1282903995, 1344720837, 2, 0, 11916783, 0
0, 26, 7, 18, 1282903995, 1344720837, 1, 1, 15320449, 0
0, 26, 7, 18, 1282903995, 1344720837, 1, 0, 7905165, 0
0, 26, 7, 18, 1282903995, 1344720837, 0, 1, 1, 1
0, 27, 7, 18, 1344720838, 1364581496, 12, 1, 27966632, 1
0, 27, 7, 18, 1344720838, 1364581496, 12, 0, 29857485, 0
0, 27, 7, 18, 1344720838, 1364581496, 11, 1, 30258195, 0
0, 27, 7, 18, 1344720838, 1364581496, 11, 0, 32278411, 0
0, 27, 7, 18, 1344720838, 1364581496, 10, 1, 33139928, 0
0, 27, 7, 18, 1344720838, 1364581496, 10, 0, 35506252, 0
0, 27, 7, 18, 1344720838, 1364581496, 9, 1, 36628342, 0
0, 27, 7, 18, 1344720838, 1364581496, 9, 0, 39451391, 0
0, 27, 7, 18, 1344720838, 1364581496, 8, 1, 40937558, 0
0, 27, 7, 18, 1344720838, 1364581496, 8, 0, 44382815, 0
0, 27, 7, 18, 1344720838, 1364581496, 7, 1, 43632537, 0
0, 27, 7, 18, 1344720838, 1364581496, 7, 0, 45921897, 0
0, 27, 7, 18, 1344720838, 1364581496, 6, 1, 46413590, 0
0, 27, 7, 18, 1344720838, 1364581496, 6, 0, 47737527, 0
0, 27, 7, 18, 1344720838, 1364581496, 5, 1, 39546155, 0
0, 27, 7, 18, 1344720838, 1364581496, 5, 0, 41371988, 0
0, 27, 7, 18, 1344720838, 1364581496, 4, 1, 44402283, 0
0, 27, 7, 18, 1344720838, 1364581496, 4, 0, 50185570, 0
0, 27, 7, 18, 1344720838, 1364581496, 3, 1, 40321995, 0
0, 27, 7, 18, 1344720838, 1364581496, 3, 0, 43719177, 0
0, 27, 7, 18, 1344720838, 1364581496, 2, 1, 29492806, 0
0, 27, 7, 18, 1344720838, 1364581496, 2, 0, 33710792, 0
0, 27, 7, 18, 1344720838, 1364581496, 1, 1, 18477281, 1
0, 27, 7, 18, 1344720838, 1364581496, 1, 0, 1, 0
0, 27, 7, 18, 1344720838, 1364581496, 0, 1, 31412200, 1
0, 28, 7, 18, 1364581497, 1417242231, 12, 1, 6030616, 1
0, 28, 7, 18, 1364581497, 1417242231, 12, 0, 896037, 0
0, 28, 7, 18, 1364581497, 1417242231, 11, 1, 6555017, 1
0, 28, 7, 18, 1364581497, 1417242231, 11, 0, 977495, 0
0, 28, 7, 18, 1364581497, 1417242231, 10, 1, 5130222, 1
0, 28, 7, 18, 1364581497, 1417242231, 10, 0, 1075245, 0
0, 28, 7, 18, 1364581497, 1417242231, 9, 1, 5670245, 1
0, 28, 7, 18, 1364581497, 1417242231, 9, 0, 1194716, 0
0, 28, 7, 18, 1364581497, 1417242231, 8, 1, 6337333, 1
0, 28, 7, 18, 1364581497, 1417242231, 8, 0, 1344056, 0
0, 28, 7, 18, 1364581497, 1417242231, 7, 1, 4618383, 1
0, 28, 7, 18, 1364581497, 1417242231, 7, 0, 1536064, 0
0, 28, 7, 18, 1364581497, 1417242231, 6, 1, 3479636, 1
0, 28, 7, 18, 1364581497, 1417242231, 6, 0, 1792074, 0
0, 28, 7, 18, 1364581497, 1417242231, 5, 1, 3695502, 1
0, 28, 7, 18, 1364581497, 1417242231, 5, 0, 1840616, 0
0, 28, 7, 18, 1364581497, 1417242231, 4, 1, 1980077, 0
0, 28, 7, 18, 1364581497, 1417242231, 4, 0, 2300770, 0
0, 28, 7, 18, 1364581497, 1417242231, 3, 1, 2545813, 0
0, 28, 7, 18, 1364581497, 1417242231, 3, 0, 3067694, 0
0, 28, 7, 18, 1364581497, 1417242231, 2, 1, 3564137, 0
0, 28, 7, 18, 1364581497, 1417242231, 2, 0, 4601540, 0
0, 28, 7, 18, 1364581497, 1417242231, 1, 1, 3792208, 0
0, 28, 7, 18, 1364581497, 1417242231, 1, 0, 9203080, 0
0, 28, 7, 18, 1364581497, 1417242231, 0, 1, 2173545, 1
0, 29, 7, 18, 1417242232, 1441305061, 12, 1, 33659380, 0
0, 29, 7, 18, 1417242232, 1441305061, 12, 0, 33483910, 0
0, 29, 7, 18, 1417242232, 1441305061, 11, 1, 25938362, 0
0, 29, 7, 18, 1417242232, 1441305061, 11, 0, 25342804, 0
0, 29, 7, 18, 1417242232, 1441305061, 10, 1, 22711686, 0
0, 29, 7, 18, 1417242232, 1441305061, 10, 0, 19924532, 0
0, 29, 7, 18, 1417242232, 1441305061, 9, 1, 19688794, 0
0, 29, 7, 18, 1417242232, 1441305061, 9, 0, 18222568, 0
0, 29, 7, 18, 1417242232, 1441305061, 8, 1, 16475875, 0
0, 29, 7, 18, 1417242232, 1441305061, 8, 0, 13447621, 0
0, 29, 7, 18, 1417242232, 1441305061, 7, 1, 13972400, 0
0, 29, 7, 18, 1417242232, 1441305061, 7, 0, 9947621, 0
0, 29, 7, 18, 1417242232, 1441305061, 6, 1, 11568548, 0
0, 29, 7, 18, 1417242232, 1441305061, 6, 0, 5906964, 0
0, 29, 7, 18, 1417242232, 1441305061, 5, 1, 10183749, 0
0, 29, 7, 18, 1417242232, 1441305061, 5, 0, 2470535, 0
0, 29, 7, 18, 1417242232, 1441305061, 4, 1, 10121561, 0
0, 29, 7, 18, 1417242232, 1441305061, 4, 0, 3088169, 0
0, 29, 7, 18, 1417242232, 1441305061, 3, 1, 10788242, 0
0, 29, 7, 18, 1417242232, 1441305061, 3, 0, 4117558, 0
0, 29, 7, 18, 1417242232, 1441305061, 2, 1, 11241220, 0
0, 29, 7, 18, 1417242232, 1441305061, 2, 0, 4662578, 0
0, 29, 7, 18, 1417242232, 1441305061, 1, 1, 8532063, 1
0, 29, 7, 18, 1417242232, 1441305061, 1, 0, 1, 0
0, 29, 7, 18, 1417242232, 1441305061, 0, 1, 1, 1
0, 30, 7, 18, 1441305062, 1481537681, 12, 1, 15848484, 1
0, 30, 7, 18, 1441305062, 1481537681, 12, 0, 17913196, 0
0, 30, 7, 18, 1441305062, 1481537681, 11, 1, 17226613, 1
0, 30, 7, 18, 1441305062, 1481537681, 11, 0, 19541669, 0
0, 30, 7, 18, 1441305062, 1481537681, 10, 1, 14316345, 1
0, 30, 7, 18, 1441305062, 1481537681, 10, 0, 11938951, 0
0, 30, 7, 18, 1441305062, 1481537681, 9, 1, 15823329, 1
0, 30, 7, 18, 1441305062, 1481537681, 9, 0, 13265501, 0
0, 30, 7, 18, 1441305062, 1481537681, 8, 1, 17684897, 1
0, 30, 7, 18, 1441305062, 1481537681, 8, 0, 14923688, 0
0, 30, 7, 18, 1441305062, 1481537681, 7, 1, 15657054, 1
0, 30, 7, 18, 1441305062, 1481537681, 7, 0, 14210236, 0
0, 30, 7, 18, 1441305062, 1481537681, 6, 1, 14851888, 1
0, 30, 7, 18, 1441305062, 1481537681, 6, 0, 16578609, 0
0, 30, 7, 18, 1441305062, 1481537681, 5, 1, 8538319, 1
0, 30, 7, 18, 1441305062, 1481537681, 5, 0, 11668955, 0
0, 30, 7, 18, 1441305062, 1481537681, 4, 1, 10435723, 1
0, 30, 7, 18, 1441305062, 1481537681, 4, 0, 14586194, 0
0, 30, 7, 18, 1441305062, 1481537681, 3, 1, 8033560, 1
0, 30, 7, 18, 1441305062, 1481537681, 3, 0, 6886061, 0
0, 30, 7, 18, 1441305062, 1481537681, 2, 1, 7118878, 1
0, 30, 7, 18, 1441305062, 1481537681, 2, 0, 8828, 0
0, 30, 7, 18, 1441305062, 1481537681, 1, 1, 11864796, 1
0, 30, 7, 18, 1441305062, 1481537681, 1, 0, 17656, 0
0, 30, 7, 18, 1441305062, 1481537681, 0, 1, 35576732, 1
0, 31, 7, 18, 1481537682, 1558865491, 12, 1, 45744320, 1
0, 31, 7, 18, 1481537682, 1558865491, 12, 0, 42042336, 0
0, 31, 7, 18, 1481537682, 1558865491, 11, 1, 40095127, 1
0, 31, 7, 18, 1481537682, 1558865491, 11, 0, 35985377, 0
0, 31, 7, 18, 1481537682, 1558865491, 10, 1, 40704943, 1
0, 31, 7, 18, 1481537682, 1558865491, 10, 0, 39583915, 0
0, 31, 7, 18, 1481537682, 1558865491, 9, 1, 37585934, 1
0, 31, 7, 18, 1481537682, 1558865491, 9, 0, 36099049, 0
0, 31, 7, 18, 1481537682, 1558865491, 8, 1, 36230649, 1
0, 31, 7, 18, 1481537682, 1558865491, 8, 0, 33295256, 0
0, 31, 7, 18, 1481537682, 1558865491, 7, 1, 41061402, 1
0, 31, 7, 18, 1481537682, 1558865491, 7, 0, 38051721, 0
0, 31, 7, 18, 1481537682, 1558865491, 6, 1, 38147608, 1
0, 31, 7, 18, 1481537682, 1558865491, 6, 0, 35229297, 0
0, 31, 7, 18, 1481537682, 1558865491, 5, 1, 35176874, 1
0, 31, 7, 18, 1481537682, 1558865491, 5, 0, 31886002, 0
0, 31, 7, 18, 1481537682, 1558865491, 4, 1, 37996634, 1
0, 31, 7, 18, 1481537682, 1558865491, 4, 0, 39857502, 0
0, 31, 7, 18, 1481537682, 1558865491, 3, 1, 37841433, 1
0, 31, 7, 18, 1481537682, 1558865491, 3, 0, 38950217, 0
0, 31, 7, 18, 1481537682, 1558865491, 2, 1, 28634470, 1
0, 31, 7, 18, 1481537682, 1558865491, 2, 0, 22757399, 0
0, 31, 7, 18, 1481537682, 1558865491, 1, 1, 47724116, 0
0, 31, 7, 18, 1481537682, 1558865491, 1, 0, 45514798, 0
0, 31, 7, 18, 1481537682, 1558865491, 0, 1, 43750388, 1
0, 32, 7, 18, 1558865492, 1598668411, 12, 1, 30564638, 0
0, 32, 7, 18, 1558865492, 1598668411, 12, 0, 34649774, 0
0, 32, 7, 18, 1558865492, 1598668411, 11, 1, 26663350, 0
0, 32, 7, 18, 1558865492, 1598668411, 11, 0, 31568911, 0
0, 32, 7, 18, 1558865492, 1598668411, 10, 1, 26092276, 0
0, 32, 7, 18, 1558865492, 1598668411, 10, 0, 31242891, 0
0, 32, 7, 18, 1558865492, 1598668411, 9, 1, 22310768, 0
0, 32, 7, 18, 1558865492, 1598668411, 9, 0, 27226812, 0
0, 32, 7, 18, 1558865492, 1598668411, 8, 1, 16690119, 0
0, 32, 7, 18, 1558865492, 1598668411, 8, 0, 22228696, 0
0, 32, 7, 18, 1558865492, 1598668411, 7, 1, 12834095, 0
0, 32, 7, 18, 1558865492, 1598668411, 7, 0, 19094110, 0
0, 32, 7, 18, 1558865492, 1598668411, 6, 1, 9085555, 0
0, 32, 7, 18, 1558865492, 1598668411, 6, 0, 9876593, 0
0, 32, 7, 18, 1558865492, 1598668411, 5, 1, 2252903, 0
0, 32, 7, 18, 1558865492, 1598668411, 5, 0, 1004086, 0
0, 32, 7, 18, 1558865492, 1598668411, 4, 1, 1368, 1
0, 32, 7, 18, 1558865492, 1598668411, 4, 0, 1, 0
0, 32, 7, 18, 1558865492, 1598668411, 3, 1, 1759, 1
0, 32, 7, 18, 1558865492, 1598668411, 3, 0, 1, 0
0, 32, 7, 18, 1558865492, 1598668411, 2, 1, 1, 1
0, 32, 7, 18, 1558865492, 1598668411, 2, 0, 1, 0
0, 32, 7, 18, 1558865492, 1598668411, 1, 1, 1, 1
0, 32, 7, 18, 1558865492, 1598668411, 1, 0, 1, 0
0, 32, 7, 18, 1558865492, 1598668411, 0, 1, 1, 1
0, 33, 7, 18, 1598668412, 1626135458, 12, 1, 28844737, 0
0, 33, 7, 18, 1598668412, 1626135458, 12, 0, 25276940, 0
0, 33, 7, 18, 1598668412, 1626135458, 11, 1, 27052723, 0
0, 33, 7, 18, 1598668412, 1626135458, 11, 0, 25323146, 0
0, 33, 7, 18, 1598668412, 1626135458, 10, 1, 28034624, 0
0, 33, 7, 18, 1598668412, 1626135458, 10, 0, 27855461, 0
0, 33, 7, 18, 1598668412, 1626135458, 9, 1, 28244958, 0
0, 33, 7, 18, 1598668412, 1626135458, 9, 0, 25164635, 0
0, 33, 7, 18, 1598668412, 1626135458, 8, 1, 23740610, 0
0, 33, 7, 18, 1598668412, 1626135458, 8, 0, 20225982, 0
0, 33, 7, 18, 1598668412, 1626135458, 7, 1, 17849387, 0
0, 33, 7, 18, 1598668412, 1626135458, 7, 0, 16359429, 0
0, 33, 7, 18, 1598668412, 1626135458, 6, 1, 16178162, 0
0, 33, 7, 18, 1598668412, 1626135458, 6, 0, 14030765, 0
0, 33, 7, 18, 1598668412, 1626135458, 5, 1, 12875842, 0
0, 33, 7, 18, 1598668412, 1626135458, 5, 0, 12860724, 0
0, 33, 7, 18, 1598668412, 1626135458, 4, 1, 4371995, 1
0, 33, 7, 18, 1598668412, 1626135458, 4, 0, 1, 0
0, 33, 7, 18, 1598668412, 1626135458, 3, 1, 5621137, 1
0, 33, 7, 18, 1598668412, 1626135458, 3, 0, 1, 0
0, 33, 7, 18, 1598668412, 1626135458, 2, 1, 2131699, 1
0, 33, 7, 18, 1598668412, 1626135458, 2, 0, 1, 0
0, 33, 7, 18, 1598668412, 1626135458, 1, 1, 3552832, 1
0, 33, 7, 18, 1598668412, 1626135458, 1, 0, 1, 0
0, 33, 7, 18, 1598668412, 1626135458, 0, 1, 1, 1
0, 34, 7, 18, 1626135459, 1683781050, 12, 1, 14510855, 0
0, 34, 7, 18, 1626135459, 1683781050, 12, 0, 20235442, 0
0, 34, 7, 18, 1626135459, 1683781050, 11, 1, 15755018, 0
0, 34, 7, 18, 1626135459, 1683781050, 11, 0, 22075028, 0
0, 34, 7, 18, 1626135459, 1683781050, 10, 1, 17255496, 0
0, 34, 7, 18, 1626135459, 1683781050, 10, 0, 24282531, 0
0, 34, 7, 18, 1626135459, 1683781050, 9, 1, 17931908, 0
0, 34, 7, 18, 1626135459, 1683781050, 9, 0, 24574015, 0
0, 34, 7, 18, 1626135459, 1683781050, 8, 1, 17493406, 0
0, 34, 7, 18, 1626135459, 1683781050, 8, 0, 24938370, 0
0, 34, 7, 18, 1626135459, 1683781050, 7, 1, 18837423, 0
0, 34, 7, 18, 1626135459, 1683781050, 7, 0, 28500994, 0
0, 34, 7, 18, 1626135459, 1683781050, 6, 1, 20069398, 0
0, 34, 7, 18, 1626135459, 1683781050, 6, 0, 33251160, 0
0, 34, 7, 18, 1626135459, 1683781050, 5, 1, 20304788, 0
0, 34, 7, 18, 1626135459, 1683781050, 5, 0, 32391491, 0
0, 34, 7, 18, 1626135459, 1683781050, 4, 1, 24816964, 0
0, 34, 7, 18, 1626135459, 1683781050, 4, 0, 40489364, 0
0, 34, 7, 18, 1626135459, 1683781050, 3, 1, 21607135, 0
0, 34, 7, 18, 1626135459, 1683781050, 3, 0, 29951577, 0
0, 34, 7, 18, 1626135459, 1683781050, 2, 1, 6448681, 0
0, 34, 7, 18, 1626135459, 1683781050, 2, 0, 16121701, 0
0, 34, 7, 18, 1626135459, 1683781050, 1, 1, 10747801, 0
0, 34, 7, 18, 1626135459, 1683781050, 1, 0, 32243402, 0
0, 34, 7, 18, 1626135459, 1683781050, 0, 1, 1, 1
0, 35, 7, 18, 1683781051, 1732042833, 12, 1, 36619113, 0
0, 35, 7, 18, 1683781051, 1732042833, 12, 0, 31822682, 0
0, 35, 7, 18, 1683781051, 1732042833, 11, 1, 32455245, 1
0, 35, 7, 18, 1683781051, 1732042833, 11, 0, 29277528, 0
0, 35, 7, 18, 1683781051, 1732042833, 10, 1, 31346160, 1
0, 35, 7, 18, 1683781051, 1732042833, 10, 0, 24339214, 0
0, 35, 7, 18, 1683781051, 1732042833, 9, 1, 28623661, 1
0, 35, 7, 18, 1683781051, 1732042833, 9, 0, 24225962, 0
0, 35, 7, 18, 1683781051, 1732042833, 8, 1, 24760036, 1
0, 35, 7, 18, 1683781051, 1732042833, 8, 0, 17108523, 0
0, 35, 7, 18, 1683781051, 1732042833, 7, 1, 24405050, 1
0, 35, 7, 18, 1683781051, 1732042833, 7, 0, 17683828, 0
0, 35, 7, 18, 1683781051, 1732042833, 6, 1, 24947099, 1
0, 35, 7, 18, 1683781051, 1732042833, 6, 0, 20631133, 0
0, 35, 7, 18, 1683781051, 1732042833, 5, 1, 21872400, 1
0, 35, 7, 18, 1683781051, 1732042833, 5, 0, 16985354, 0
0, 35, 7, 18, 1683781051, 1732042833, 4, 1, 19622506, 1
0, 35, 7, 18, 1683781051, 1732042833, 4, 0, 21231693, 0
0, 35, 7, 18, 1683781051, 1732042833, 3, 1, 20749412, 1
0, 35, 7, 18, 1683781051, 1732042833, 3, 0, 17856701, 0
0, 35, 7, 18, 1683781051, 1732042833, 2, 1, 18293261, 1
0, 35, 7, 18, 1683781051, 1732042833, 2, 0, 8122047, 0
0, 35, 7, 18, 1683781051, 1732042833, 1, 1, 30488769, 1
0, 35, 7, 18, 1683781051, 1732042833, 1, 0, 16244094, 0
0, 35, 7, 18, 1683781051, 1732042833, 0, 1, 29513014, 1
0, 36, 7, 18, 1732042834, 1749395385, 12, 1, 38183156, 0
0, 36, 7, 18, 1732042834, 1749395385, 12, 0, 38939432, 0
0, 36, 7, 18, 1732042834, 1749395385, 11, 1, 31028723, 0
0, 36, 7, 18, 1732042834, 1749395385, 11, 0, 35519786, 0
0, 36, 7, 18, 1732042834, 1749395385, 10, 1, 29937179, 1
0, 36, 7, 18, 1732042834, 1749395385, 10, 0, 30573776, 0
0, 36, 7, 18, 1732042834, 1749395385, 9, 1, 26247460, 0
0, 36, 7, 18, 1732042834, 1749395385, 9, 0, 33970862, 0
0, 36, 7, 18, 1732042834, 1749395385, 8, 1, 24659389, 1
0, 36, 7, 18, 1732042834, 1749395385, 8, 0, 28280705, 0
0, 36, 7, 18, 1732042834, 1749395385, 7, 1, 27947308, 0
0, 36, 7, 18, 1732042834, 1749395385, 7, 0, 32320806, 0
0, 36, 7, 18, 1732042834, 1749395385, 6, 1, 26131650, 1
0, 36, 7, 18, 1732042834, 1749395385, 6, 0, 29112729, 0
0, 36, 7, 18, 1732042834, 1749395385, 5, 1, 19965314, 1
0, 36, 7, 18, 1732042834, 1749395385, 5, 0, 20311164, 0
0, 36, 7, 18, 1732042834, 1749395385, 4, 1, 11231508, 1
0, 36, 7, 18, 1732042834, 1749395385, 4, 0, 10469638, 0
0, 36, 7, 18, 1732042834, 1749395385, 3, 1, 14440510, 1
0, 36, 7, 18, 1732042834, 1749395385, 3, 0, 13959518, 0
0, 36, 7, 18, 1732042834, 1749395385, 2, 1, 17282286, 1
0, 36, 7, 18, 1732042834, 1749395385, 2, 0, 13603207, 0
0, 36, 7, 18, 1732042834, 1749395385, 1, 1, 28803810, 1
0, 36, 7, 18, 1732042834, 1749395385, 1, 0, 27206414, 0
0, 36, 7, 18, 1732042834, 1749395385, 0, 1, 31887749, 1
0, 37, 7, 18, 1749395386, 1796716402, 12, 1, 24765427, 0
0, 37, 7, 18, 1749395386, 1796716402, 12, 0, 23381838, 0
0, 37, 7, 18, 1749395386, 1796716402, 11, 1, 25650085, 0
0, 37, 7, 18, 1749395386, 1796716402, 11, 0, 25507460, 0
0, 37, 7, 18, 1749395386, 1796716402, 10, 1, 25487828, 0
0, 37, 7, 18, 1749395386, 1796716402, 10, 0, 26017948, 0
0, 37, 7, 18, 1749395386, 1796716402, 9, 1, 23880471, 0
0, 37, 7, 18, 1749395386, 1796716402, 9, 0, 24963671, 0
0, 37, 7, 18, 1749395386, 1796716402, 8, 1, 21576626, 0
0, 37, 7, 18, 1749395386, 1796716402, 8, 0, 22955253, 0
0, 37, 7, 18, 1749395386, 1796716402, 7, 1, 18423574, 0
0, 37, 7, 18, 1749395386, 1796716402, 7, 0, 19896468, 0
0, 37, 7, 18, 1749395386, 1796716402, 6, 1, 17021796, 0
0, 37, 7, 18, 1749395386, 1796716402, 6, 0, 21747337, 0
0, 37, 7, 18, 1749395386, 1796716402, 5, 1, 17003575, 0
0, 37, 7, 18, 1749395386, 1796716402, 5, 0, 21184021, 0
0, 37, 7, 18, 1749395386, 1796716402, 4, 1, 12349076, 0
0, 37, 7, 18, 1749395386, 1796716402, 4, 0, 11943228, 0
0, 37, 7, 18, 1749395386, 1796716402, 3, 1, 9426600, 0
0, 37, 7, 18, 1749395386, 1796716402, 3, 0, 5563236, 0
0, 37, 7, 18, 1749395386, 1796716402, 2, 1, 1, 1
0, 37, 7, 18, 1749395386, 1796716402, 2, 0, 1, 0
0, 37, 7, 18, 1749395386, 1796716402, 1, 1, 1, 1
0, 37, 7, 18, 1749395386, 1796716402, 1, 0, 1, 0
0, 37, 7, 18, 1749395386, 1796716402, 0, 1, 1, 1
0, 38, 7, 18, 1796716403, 1820526644, 12, 1, 96863310, 0
0, 38, 7, 18, 1796716403, 1820526644, 12, 0, 92358684, 0
0, 38, 7, 18, 1796716403, 1820526644, 11, 1, 97321548, 0
0, 38, 7, 18, 1796716403, 1820526644, 11, 0, 100754928, 0
0, 38, 7, 18, 1796716403, 1820526644, 10, 1, 99261719, 0
0, 38, 7, 18, 1796716403, 1820526644, 10, 0, 95440473, 0
0, 38, 7, 18, 1796716403, 1820526644, 9, 1, 88420821, 0
0, 38, 7, 18, 1796716403, 1820526644, 9, 0, 84431087, 0
0, 38, 7, 18, 1796716403, 1820526644, 8, 1, 75741519, 0
0, 38, 7, 18, 1796716403, 1820526644, 8, 0, 74394902, 0
0, 38, 7, 18, 1796716403, 1820526644, 7, 1, 59590240, 0
0, 38, 7, 18, 1796716403, 1820526644, 7, 0, 59725220, 0
0, 38, 7, 18, 1796716403, 1820526644, 6, 1, 56874250, 0
0, 38, 7, 18, 1796716403, 1820526644, 6, 0, 69679423, 0
0, 38, 7, 18, 1796716403, 1820526644, 5, 1, 37734899, 0
0, 38, 7, 18, 1796716403, 1820526644, 5, 0, 51046131, 0
0, 38, 7, 18, 1796716403, 1820526644, 4, 1, 22734509, 0
0, 38, 7, 18, 1796716403, 1820526644, 4, 0, 28464191, 0
0, 38, 7, 18, 1796716403, 1820526644, 3, 1, 21818913, 0
0, 38, 7, 18, 1796716403, 1820526644, 3, 0, 32790254, 0
0, 38, 7, 18, 1796716403, 1820526644, 2, 1, 28632926, 0
0, 38, 7, 18, 1796716403, 1820526644, 2, 0, 44401501, 0
0, 38, 7, 18, 1796716403, 1820526644, 1, 1, 13759964, 0
0, 38, 7, 18, 1796716403, 1820526644, 1, 0, 30245550, 0
0, 38, 7, 18, 1796716403, 1820526644, 0, 1, 1, 1
0, 39, 7, 18, 1820526645, 1928314475, 12, 1, 56151462, 1
0, 39, 7, 18, 1820526645, 1928314475, 12, 0, 38859476, 0
0, 39, 7, 18, 1820526645, 1928314475, 11, 1, 49637605, 1
0, 39, 7, 18, 1820526645, 1928314475, 11, 0, 42392156, 0
0, 39, 7, 18, 1820526645, 1928314475, 10, 1, 48730629, 1
0, 39, 7, 18, 1820526645, 1928314475, 10, 0, 42076423, 0
0, 39, 7, 18, 1820526645, 1928314475, 9, 1, 43975930, 1
0, 39, 7, 18, 1820526645, 1928314475, 9, 0, 37176587, 0
0, 39, 7, 18, 1820526645, 1928314475, 8, 1, 38814877, 1
0, 39, 7, 18, 1820526645, 1928314475, 8, 0, 34777338, 0
0, 39, 7, 18, 1820526645, 1928314475, 7, 1, 32186711, 1
0, 39, 7, 18, 1820526645, 1928314475, 7, 0, 29926575, 0
0, 39, 7, 18, 1820526645, 1928314475, 6, 1, 33589409, 1
0, 39, 7, 18, 1820526645, 1928314475, 6, 0, 34914338, 0
0, 39, 7, 18, 1820526645, 1928314475, 5, 1, 29916450, 1
0, 39, 7, 18, 1820526645, 1928314475, 5, 0, 30998029, 0
0, 39, 7, 18, 1820526645, 1928314475, 4, 1, 32895229, 1
0, 39, 7, 18, 1820526645, 1928314475, 4, 0, 30491562, 0
0, 39, 7, 18, 1820526645, 1928314475, 3, 1, 32020954, 1
0, 39, 7, 18, 1820526645, 1928314475, 3, 0, 35149003, 0
0, 39, 7, 18, 1820526645, 1928314475, 2, 1, 28609522, 1
0, 39, 7, 18, 1820526645, 1928314475, 2, 0, 12173970, 0
0, 39, 7, 18, 1820526645, 1928314475, 1, 1, 44277985, 1
0, 39, 7, 18, 1820526645, 1928314475, 1, 0, 23778676, 0
0, 39, 7, 18, 1820526645, 1928314475, 0, 1, 50668504, 1
0, 40, 7, 18, 1928314476, 1967182553, 12, 1, 26374475, 0
0, 40, 7, 18, 1928314476, 1967182553, 12, 0, 39928033, 0
0, 40, 7, 18, 1928314476, 1967182553, 11, 1, 26682936, 0
0, 40, 7, 18, 1928314476, 1967182553, 11, 0, 43557854, 0
0, 40, 7, 18, 1928314476, 1967182553, 10, 1, 24141271, 0
0, 40, 7, 18, 1928314476, 1967182553, 10, 0, 39470594, 0
0, 40, 7, 18, 1928314476, 1967182553, 9, 1, 22170132, 0
0, 40, 7, 18, 1928314476, 1967182553, 9, 0, 34685767, 0
0, 40, 7, 18, 1928314476, 1967182553, 8, 1, 17930902, 0
0, 40, 7, 18, 1928314476, 1967182553, 8, 0, 30389683, 0
0, 40, 7, 18, 1928314476, 1967182553, 7, 1, 16655910, 0
0, 40, 7, 18, 1928314476, 1967182553, 7, 0, 26875825, 0
0, 40, 7, 18, 1928314476, 1967182553, 6, 1, 15771297, 0
0, 40, 7, 18, 1928314476, 1967182553, 6, 0, 25816165, 0
0, 40, 7, 18, 1928314476, 1967182553, 5, 1, 14175144, 0
0, 40, 7, 18, 1928314476, 1967182553, 5, 0, 24491237, 0
0, 40, 7, 18, 1928314476, 1967182553, 4, 1, 11724998, 0
0, 40, 7, 18, 1928314476, 1967182553, 4, 0, 21001279, 0
0, 40, 7, 18, 1928314476, 1967182553, 3, 1, 13925125, 0
0, 40, 7, 18, 1928314476, 1967182553, 3, 0, 28001705, 0
0, 40, 7, 18, 1928314476, 1967182553, 2, 1, 13828025, 0
0, 40, 7, 18, 1928314476, 1967182553, 2, 0, 27834682, 0
0, 40, 7, 18, 1928314476, 1967182553, 1, 1, 8217387, 0
0, 40, 7, 18, 1928314476, 1967182553, 1, 0, 24652160, 0
0, 40, 7, 18, 1928314476, 1967182553, 0, 1, 1, 1
0, 41, 7, 18, 1967182554, 2196025834, 12, 1, 52644987, 0
0, 41, 7, 18, 1967182554, 2196025834, 12, 0, 50093719, 0
0, 41, 7, 18, 1967182554, 2196025834, 11, 1, 57222812, 0
0, 41, 7, 18, 1967182554, 2196025834, 11, 0, 54647694, 0
0, 41, 7, 18, 1967182554, 2196025834, 10, 1, 53535997, 0
0, 41, 7, 18, 1967182554, 2196025834, 10, 0, 51744054, 0
0, 41, 7, 18, 1967182554, 2196025834, 9, 1, 53709994, 0
0, 41, 7, 18, 1967182554, 2196025834, 9, 0, 55083946, 0
0, 41, 7, 18, 1967182554, 2196025834, 8, 1, 51510116, 0
0, 41, 7, 18, 1967182554, 2196025834, 8, 0, 54420276, 0
0, 41, 7, 18, 1967182554, 2196025834, 7, 1, 46361498, 0
0, 41, 7, 18, 1967182554, 2196025834, 7, 0, 51045737, 0
0, 41, 7, 18, 1967182554, 2196025834, 6, 1, 42335079, 0
0, 41, 7, 18, 1967182554, 2196025834, 6, 0, 51522772, 0
0, 41, 7, 18, 1967182554, 2196025834, 5, 1, 39041688, 0
0, 41, 7, 18, 1967182554, 2196025834, 5, 0, 46680039, 0
0, 41, 7, 18, 1967182554, 2196025834, 4, 1, 37660136, 0
0, 41, 7, 18, 1967182554, 2196025834, 4, 0, 38324800, 0
0, 41, 7, 18, 1967182554, 2196025834, 3, 1, 32071739, 0
0, 41, 7, 18, 1967182554, 2196025834, 3, 0, 40246164, 0
0, 41, 7, 18, 1967182554, 2196025834, 2, 1, 21112198, 0
0, 41, 7, 18, 1967182554, 2196025834, 2, 0, 28635768, 0
0, 41, 7, 18, 1967182554, 2196025834, 1, 1, 13252173, 0
0, 41, 7, 18, 1967182554, 2196025834, 1, 0, 33158091, 0
0, 41, 7, 18, 1967182554, 2196025834, 0, 1, 6598429, 1
