1,1.0,99783191.0,2052822790.4916599
2,99783192.0,140446388.0,3372753683.078232
3,140446389.0,173500446.0,3128005559.607957
4,173500447.0,207264966.0,3304591868.1213737
5,207264967.0,287070701.0,3013158233.9158835
6,287070702.0,302719269.0,3407415065.842519
7,302719270.0,419910290.0,3190045529.6728954
8,419910291.0,451459498.0,3830594691.8716407
9,451459499.0,520983511.0,3685155727.512593
10,520983512.0,561708582.0,3901410343.992151
11,561708583.0,672120352.0,3448648784.297049
12,672120353.0,701017866.0,4015803785.35149
13,701017867.0,736276640.0,3322870110.089012
14,736276641.0,775861335.0,3159299525.0791426
15,775861336.0,806987166.0,3419001428.5431104
16,806987167.0,839597713.0,3121796523.571161
17,839597714.0,870091785.0,3541536995.4987574
18,870091786.0,917639906.0,3357626151.8080287
19,917639907.0,940326553.0,3962459772.8408947
20,940326554.0,966489587.0,3581925695.9866066
21,966489588.0,1006735042.0,3378730309.1020036
22,1006735043.0,1103378790.0,3689694629.5033107
23,1103378791.0,1135059462.0,3908655525.009436
24,1135059463.0,1165379948.0,3751134999.071431
25,1165379949.0,1205519128.0,3922190585.451845
26,1205519129.0,1247912854.0,3720864879.1453
27,1247912855.0,1281037534.0,3621242810.976492
28,1281037535.0,1350726669.0,3703481791.5534043
29,1350726670.0,1363115388.0,3951633709.0998273
30,1363115389.0,1420767992.0,3693629449.408166
31,1420767993.0,1439418736.0,3626831622.6857553
32,1439418737.0,1480452477.0,3786490282.9649544
33,1480452478.0,1553679549.0,3663208735.9371724
34,1553679550.0,1600878068.0,3506528758.5536785
35,1600878069.0,1731304797.0,3770681345.9862328
36,1731304798.0,1749741163.0,3566680019.1779346
37,1749741164.0,1795936853.0,3340810586.8514977
38,1795936854.0,1820733631.0,3757639434.474451
39,1820733632.0,1928015196.0,3927892653.5089183
40,1928015197.0,1966823306.0,3423192373.98461
41,1966823307.0,2196025834.0,3656024155.763771
