1,1.0,99911483.0,1988418581.3554525
2,99911484.0,139621342.0,3063469610.520054
3,139621343.0,174999198.0,2822578468.079527
4,174999199.0,205934435.0,2935605479.1605306
5,205934436.0,287030412.0,2800549643.5984745
6,287030413.0,309164298.0,3378998465.2731476
7,309164299.0,420131383.0,2875586195.370607
8,420131384.0,452189071.0,3696520817.0349813
9,452189072.0,520156551.0,3403186120.690653
10,520156552.0,562032874.0,3795250335.6772637
11,562032875.0,669141628.0,3717841847.8971257
12,669141629.0,715371953.0,3883631007.4524045
13,715371954.0,735292196.0,3675834128.189547
14,735292197.0,799035069.0,3676859961.4186616
15,799035070.0,847314595.0,3414490769.8812394
16,847314596.0,918575100.0,3535726598.8919463
17,918575101.0,945139430.0,3894804455.386306
18,945139431.0,974335853.0,3548000536.7567363
19,974335854.0,1009216266.0,3526420003.109915
20,1009216267.0,1105663460.0,3634507085.7919555
21,1105663461.0,1135065536.0,3947178442.8803754
22,1135065537.0,1169794271.0,3734270361.9195414
23,1169794272.0,1203202390.0,3562334636.251462
24,1203202391.0,1300884935.0,3117874904.706526
25,1300884936.0,1351511144.0,3392898542.117853
26,1351511145.0,1361996847.0,3874555635.240851
27,1361996848.0,1402971343.0,3412130685.476795
28,1402971344.0,1440015143.0,3303073536.6294546
29,1440015144.0,1481612971.0,3353986854.8689404
30,1481612972.0,1558495121.0,3288814932.7302575
31,1558495122.0,1597490754.0,3432549669.8560777
32,1597490755.0,1732967222.0,3406219630.136171
33,1732967223.0,1750504941.0,3474833562.7466054
34,1750504942.0,1797755084.0,3341128987.043083
35,1797755085.0,1819548519.0,3782571048.365697
36,1819548520.0,1924021166.0,3821714885.5898337
37,1924021167.0,1967354479.0,3348643012.431731
38,1967354480.0,2062136687.0,3606768704.9411397
39,2062136688.0,2154224237.0,3333733109.9648814
40,2154224238.0,2186473614.0,2729387993.926012
41,2186473615.0,2196025834.0,3186675992.4543653
