3, 1, 11, 11, 1, 60656664, 8, 8, 109700759, 1
3, 1, 11, 11, 1, 60656664, 8, 7, 108604513, 1
3, 1, 11, 11, 1, 60656664, 8, 6, 110104400, 1
3, 1, 11, 11, 1, 60656664, 8, 5, 116793376, 1
3, 1, 11, 11, 1, 60656664, 8, 4, 113024106, 1
3, 1, 11, 11, 1, 60656664, 8, 3, 101352641, 1
3, 1, 11, 11, 1, 60656664, 8, 2, 81820488, 1
3, 1, 11, 11, 1, 60656664, 8, 1, 52649225, 0
3, 1, 11, 11, 1, 60656664, 8, 0, 47655302, 0
3, 1, 11, 11, 1, 60656664, 7, 8, 109508724, 1
3, 1, 11, 11, 1, 60656664, 7, 7, 110013540, 1
3, 1, 11, 11, 1, 60656664, 7, 6, 112511521, 1
3, 1, 11, 11, 1, 60656664, 7, 5, 118121485, 1
3, 1, 11, 11, 1, 60656664, 7, 4, 115768577, 1
3, 1, 11, 11, 1, 60656664, 7, 3, 105671073, 1
3, 1, 11, 11, 1, 60656664, 7, 2, 92492725, 1
3, 1, 11, 11, 1, 60656664, 7, 1, 59669122, 0
3, 1, 11, 11, 1, 60656664, 7, 0, 54463203, 0
3, 1, 11, 11, 1, 60656664, 6, 8, 100405686, 1
3, 1, 11, 11, 1, 60656664, 6, 7, 102138376, 1
3, 1, 11, 11, 1, 60656664, 6, 6, 103629128, 1
3, 1, 11, 11, 1, 60656664, 6, 5, 111345772, 1
3, 1, 11, 11, 1, 60656664, 6, 4, 108674159, 1
3, 1, 11, 11, 1, 60656664, 6, 3, 105786671, 1
3, 1, 11, 11, 1, 60656664, 6, 2, 85388476, 1
3, 1, 11, 11, 1, 60656664, 6, 1, 39544916, 0
3, 1, 11, 11, 1, 60656664, 6, 0, 36776779, 0
3, 1, 11, 11, 1, 60656664, 5, 8, 106994496, 1
3, 1, 11, 11, 1, 60656664, 5, 7, 107726945, 1
3, 1, 11, 11, 1, 60656664, 5, 6, 107798875, 1
3, 1, 11, 11, 1, 60656664, 5, 5, 118785007, 1
3, 1, 11, 11, 1, 60656664, 5, 4, 117803609, 1
3, 1, 11, 11, 1, 60656664, 5, 3, 112070582, 1
3, 1, 11, 11, 1, 60656664, 5, 2, 84067812, 1
3, 1, 11, 11, 1, 60656664, 5, 1, 46734901, 0
3, 1, 11, 11, 1, 60656664, 5, 0, 44132134, 0
3, 1, 11, 11, 1, 60656664, 4, 8, 112647402, 1
3, 1, 11, 11, 1, 60656664, 4, 7, 111511381, 1
3, 1, 11, 11, 1, 60656664, 4, 6, 108986215, 1
3, 1, 11, 11, 1, 60656664, 4, 5, 123403230, 1
3, 1, 11, 11, 1, 60656664, 4, 4, 118230129, 1
3, 1, 11, 11, 1, 60656664, 4, 3, 105202201, 1
3, 1, 11, 11, 1, 60656664, 4, 2, 69479451, 1
3, 1, 11, 11, 1, 60656664, 4, 1, 31448461, 0
3, 1, 11, 11, 1, 60656664, 4, 0, 29239560, 0
3, 1, 11, 11, 1, 60656664, 3, 8, 118010005, 1
3, 1, 11, 11, 1, 60656664, 3, 7, 113638978, 1
3, 1, 11, 11, 1, 60656664, 3, 6, 114104484, 1
3, 1, 11, 11, 1, 60656664, 3, 5, 128434061, 1
3, 1, 11, 11, 1, 60656664, 3, 4, 116463834, 1
3, 1, 11, 11, 1, 60656664, 3, 3, 106231805, 1
3, 1, 11, 11, 1, 60656664, 3, 2, 76326592, 1
3, 1, 11, 11, 1, 60656664, 3, 1, 26241252, 0
3, 1, 11, 11, 1, 60656664, 3, 0, 10311576, 0
3, 1, 11, 11, 1, 60656664, 2, 8, 120248964, 1
3, 1, 11, 11, 1, 60656664, 2, 7, 113885355, 1
3, 1, 11, 11, 1, 60656664, 2, 6, 110571556, 1
3, 1, 11, 11, 1, 60656664, 2, 5, 125709678, 1
3, 1, 11, 11, 1, 60656664, 2, 4, 119424069, 1
3, 1, 11, 11, 1, 60656664, 2, 3, 95691018, 1
3, 1, 11, 11, 1, 60656664, 2, 2, 59366229, 1
3, 1, 11, 11, 1, 60656664, 2, 1, 6186946, 0
3, 1, 11, 11, 1, 60656664, 2, 0, 15467364, 0
3, 1, 11, 11, 1, 60656664, 1, 8, 111109938, 1
3, 1, 11, 11, 1, 60656664, 1, 7, 103787151, 1
3, 1, 11, 11, 1, 60656664, 1, 6, 113774660, 1
3, 1, 11, 11, 1, 60656664, 1, 5, 127996337, 1
3, 1, 11, 11, 1, 60656664, 1, 4, 143495671, 1
3, 1, 11, 11, 1, 60656664, 1, 3, 118195518, 1
3, 1, 11, 11, 1, 60656664, 1, 2, 85923113, 1
3, 1, 11, 11, 1, 60656664, 1, 1, 1, 1
3, 1, 11, 11, 1, 60656664, 1, 0, 1, 0
3, 1, 11, 11, 1, 60656664, 0, 8, 155168261, 1
3, 1, 11, 11, 1, 60656664, 0, 7, 154181989, 1
3, 1, 11, 11, 1, 60656664, 0, 6, 179424401, 1
3, 1, 11, 11, 1, 60656664, 0, 5, 204776670, 1
3, 1, 11, 11, 1, 60656664, 0, 4, 234946452, 1
3, 1, 11, 11, 1, 60656664, 0, 3, 257801649, 1
3, 1, 11, 11, 1, 60656664, 0, 2, 214807782, 1
3, 1, 11, 11, 1, 60656664, 0, 1, 1, 1
3, 2, 11, 11, 60656665, 100589977, 8, 8, 35606022, 0
3, 2, 11, 11, 60656665, 100589977, 8, 7, 40119461, 0
3, 2, 11, 11, 60656665, 100589977, 8, 6, 27137733, 0
3, 2, 11, 11, 60656665, 100589977, 8, 5, 28896611, 0
3, 2, 11, 11, 60656665, 100589977, 8, 4, 12871239, 0
3, 2, 11, 11, 60656665, 100589977, 8, 3, 16180985, 0
3, 2, 11, 11, 60656665, 100589977, 8, 2, 11580366, 0
3, 2, 11, 11, 60656665, 100589977, 8, 1, 17711148, 0
3, 2, 11, 11, 60656665, 100589977, 8, 0, 37636190, 0
3, 2, 11, 11, 60656665, 100589977, 7, 8, 37992432, 0
3, 2, 11, 11, 60656665, 100589977, 7, 7, 42816868, 0
3, 2, 11, 11, 60656665, 100589977, 7, 6, 27845825, 0
3, 2, 11, 11, 60656665, 100589977, 7, 5, 32585540, 0
3, 2, 11, 11, 60656665, 100589977, 7, 4, 14521397, 0
3, 2, 11, 11, 60656665, 100589977, 7, 3, 18268855, 0
3, 2, 11, 11, 60656665, 100589977, 7, 2, 13090849, 0
3, 2, 11, 11, 60656665, 100589977, 7, 1, 20072635, 0
3, 2, 11, 11, 60656665, 100589977, 7, 0, 43012788, 0
3, 2, 11, 11, 60656665, 100589977, 6, 8, 39229318, 0
3, 2, 11, 11, 60656665, 100589977, 6, 7, 44222141, 0
3, 2, 11, 11, 60656665, 100589977, 6, 6, 26380738, 0
3, 2, 11, 11, 60656665, 100589977, 6, 5, 30884766, 0
3, 2, 11, 11, 60656665, 100589977, 6, 4, 8855574, 0
3, 2, 11, 11, 60656665, 100589977, 6, 3, 11151464, 0
3, 2, 11, 11, 60656665, 100589977, 6, 2, 15054476, 0
3, 2, 11, 11, 60656665, 100589977, 6, 1, 23160732, 0
3, 2, 11, 11, 60656665, 100589977, 6, 0, 50181586, 0
3, 2, 11, 11, 60656665, 100589977, 5, 8, 39041449, 0
3, 2, 11, 11, 60656665, 100589977, 5, 7, 44025464, 0
3, 2, 11, 11, 60656665, 100589977, 5, 6, 30884766, 0
3, 2, 11, 11, 60656665, 100589977, 5, 5, 36179298, 0
3, 2, 11, 11, 60656665, 100589977, 5, 4, 10382397, 0
3, 2, 11, 11, 60656665, 100589977, 5, 3, 13090849, 0
3, 2, 11, 11, 60656665, 100589977, 5, 2, 17711148, 0
3, 2, 11, 11, 60656665, 100589977, 5, 1, 27371774, 0
3, 2, 11, 11, 60656665, 100589977, 5, 0, 60217903, 0
3, 2, 11, 11, 60656665, 100589977, 4, 8, 27329411, 1
3, 2, 11, 11, 60656665, 100589977, 4, 7, 30833181, 1
3, 2, 11, 11, 60656665, 100589977, 4, 6, 28387821, 1
3, 2, 11, 11, 60656665, 100589977, 4, 5, 33282272, 1
3, 2, 11, 11, 60656665, 100589977, 4, 4, 1, 1
3, 2, 11, 11, 60656665, 100589977, 4, 3, 1, 1
3, 2, 11, 11, 60656665, 100589977, 4, 2, 1, 1
3, 2, 11, 11, 60656665, 100589977, 4, 1, 1, 1
3, 2, 11, 11, 60656665, 100589977, 4, 0, 1, 0
3, 2, 11, 11, 60656665, 100589977, 3, 8, 14379487, 1
3, 2, 11, 11, 60656665, 100589977, 3, 7, 16234904, 1
3, 2, 11, 11, 60656665, 100589977, 3, 6, 18640075, 1
3, 2, 11, 11, 60656665, 100589977, 3, 5, 21881828, 1
3, 2, 11, 11, 60656665, 100589977, 3, 4, 1, 1
3, 2, 11, 11, 60656665, 100589977, 3, 3, 1, 1
3, 2, 11, 11, 60656665, 100589977, 3, 2, 1, 1
3, 2, 11, 11, 60656665, 100589977, 3, 1, 1, 1
3, 2, 11, 11, 60656665, 100589977, 3, 0, 1, 0
3, 2, 11, 11, 60656665, 100589977, 2, 8, 19357001, 1
3, 2, 11, 11, 60656665, 100589977, 2, 7, 21881828, 1
3, 2, 11, 11, 60656665, 100589977, 2, 6, 25164102, 1
3, 2, 11, 11, 60656665, 100589977, 2, 5, 29604825, 1
3, 2, 11, 11, 60656665, 100589977, 2, 4, 1, 1
3, 2, 11, 11, 60656665, 100589977, 2, 3, 1, 1
3, 2, 11, 11, 60656665, 100589977, 2, 2, 1, 1
3, 2, 11, 11, 60656665, 100589977, 2, 1, 1, 1
3, 2, 11, 11, 60656665, 100589977, 2, 0, 1, 0
3, 2, 11, 11, 60656665, 100589977, 1, 8, 1716632, 1
3, 2, 11, 11, 60656665, 100589977, 1, 7, 1945516, 1
3, 2, 11, 11, 60656665, 100589977, 1, 6, 2244826, 1
3, 2, 11, 11, 60656665, 100589977, 1, 5, 2652976, 1
3, 2, 11, 11, 60656665, 100589977, 1, 4, 1, 1
3, 2, 11, 11, 60656665, 100589977, 1, 3, 1, 1
3, 2, 11, 11, 60656665, 100589977, 1, 2, 1, 1
3, 2, 11, 11, 60656665, 100589977, 1, 1, 1, 1
3, 2, 11, 11, 60656665, 100589977, 1, 0, 1, 0
3, 2, 11, 11, 60656665, 100589977, 0, 8, 3647842, 1
3, 2, 11, 11, 60656665, 100589977, 0, 7, 4168963, 1
3, 2, 11, 11, 60656665, 100589977, 0, 6, 4863790, 1
3, 2, 11, 11, 60656665, 100589977, 0, 5, 5836548, 1
3, 2, 11, 11, 60656665, 100589977, 0, 4, 1, 1
3, 2, 11, 11, 60656665, 100589977, 0, 3, 1, 1
3, 2, 11, 11, 60656665, 100589977, 0, 2, 1, 1
3, 2, 11, 11, 60656665, 100589977, 0, 1, 1, 1
3, 3, 11, 11, 100589978, 135610087, 8, 8, 2777211, 1
3, 3, 11, 11, 100589978, 135610087, 8, 7, 2345267, 1
3, 3, 11, 11, 100589978, 135610087, 8, 6, 2483659, 1
3, 3, 11, 11, 100589978, 135610087, 8, 5, 2905413, 1
3, 3, 11, 11, 100589978, 135610087, 8, 4, 2764291, 1
3, 3, 11, 11, 100589978, 135610087, 8, 3, 1104279, 1
3, 3, 11, 11, 100589978, 135610087, 8, 2, 1, 1
3, 3, 11, 11, 100589978, 135610087, 8, 1, 1, 1
3, 3, 11, 11, 100589978, 135610087, 8, 0, 1, 0
3, 3, 11, 11, 100589978, 135610087, 7, 8, 2168829, 1
3, 3, 11, 11, 100589978, 135610087, 7, 7, 2444236, 1
3, 3, 11, 11, 100589978, 135610087, 7, 6, 2799762, 1
3, 3, 11, 11, 100589978, 135610087, 7, 5, 3276317, 1
3, 3, 11, 11, 100589978, 135610087, 7, 4, 3118688, 1
3, 3, 11, 11, 100589978, 135610087, 7, 3, 1246766, 1
3, 3, 11, 11, 100589978, 135610087, 7, 2, 1, 1
3, 3, 11, 11, 100589978, 135610087, 7, 1, 1, 1
3, 3, 11, 11, 100589978, 135610087, 7, 0, 1, 0
3, 3, 11, 11, 100589978, 135610087, 6, 8, 2483659, 1
3, 3, 11, 11, 100589978, 135610087, 6, 7, 2799762, 1
3, 3, 11, 11, 100589978, 135610087, 6, 6, 3208060, 1
3, 3, 11, 11, 100589978, 135610087, 6, 5, 3755777, 1
3, 3, 11, 11, 100589978, 135610087, 6, 4, 3577318, 1
3, 3, 11, 11, 100589978, 135610087, 6, 3, 1431472, 1
3, 3, 11, 11, 100589978, 135610087, 6, 2, 1, 1
3, 3, 11, 11, 100589978, 135610087, 6, 1, 1, 1
3, 3, 11, 11, 100589978, 135610087, 6, 0, 1, 0
3, 3, 11, 11, 100589978, 135610087, 5, 8, 2905413, 1
3, 3, 11, 11, 100589978, 135610087, 5, 7, 3276317, 1
3, 3, 11, 11, 100589978, 135610087, 5, 6, 3755777, 1
3, 3, 11, 11, 100589978, 135610087, 5, 5, 4399625, 1
3, 3, 11, 11, 100589978, 135610087, 5, 4, 4194097, 1
3, 3, 11, 11, 100589978, 135610087, 5, 3, 1680424, 1
3, 3, 11, 11, 100589978, 135610087, 5, 2, 1, 1
3, 3, 11, 11, 100589978, 135610087, 5, 1, 1, 1
3, 3, 11, 11, 100589978, 135610087, 5, 0, 1, 0
3, 3, 11, 11, 100589978, 135610087, 4, 8, 2873299, 1
3, 3, 11, 11, 100589978, 135610087, 4, 7, 3241671, 1
3, 3, 11, 11, 100589978, 135610087, 4, 6, 3718387, 1
3, 3, 11, 11, 100589978, 135610087, 4, 5, 4359488, 1
3, 3, 11, 11, 100589978, 135610087, 4, 4, 3919463, 1
3, 3, 11, 11, 100589978, 135610087, 4, 3, 583581, 1
3, 3, 11, 11, 100589978, 135610087, 4, 2, 1, 1
3, 3, 11, 11, 100589978, 135610087, 4, 1, 1, 1
3, 3, 11, 11, 100589978, 135610087, 4, 0, 1, 0
3, 3, 11, 11, 100589978, 135610087, 3, 8, 2927946, 1
3, 3, 11, 11, 100589978, 135610087, 3, 7, 3305746, 1
3, 3, 11, 11, 100589978, 135610087, 3, 6, 3795486, 1
3, 3, 11, 11, 100589978, 135610087, 3, 5, 4455570, 1
3, 3, 11, 11, 100589978, 135610087, 3, 4, 4950900, 1
3, 3, 11, 11, 100589978, 135610087, 3, 3, 739202, 1
3, 3, 11, 11, 100589978, 135610087, 3, 2, 1, 1
3, 3, 11, 11, 100589978, 135610087, 3, 1, 1, 1
3, 3, 11, 11, 100589978, 135610087, 3, 0, 1, 0
3, 3, 11, 11, 100589978, 135610087, 2, 8, 3941466, 1
3, 3, 11, 11, 100589978, 135610087, 2, 7, 4455570, 1
3, 3, 11, 11, 100589978, 135610087, 2, 6, 5123906, 1
3, 3, 11, 11, 100589978, 135610087, 2, 5, 6028124, 1
3, 3, 11, 11, 100589978, 135610087, 2, 4, 6719079, 1
3, 3, 11, 11, 100589978, 135610087, 2, 3, 1008003, 1
3, 3, 11, 11, 100589978, 135610087, 2, 2, 1, 1
3, 3, 11, 11, 100589978, 135610087, 2, 1, 1, 1
3, 3, 11, 11, 100589978, 135610087, 2, 0, 1, 0
3, 3, 11, 11, 100589978, 135610087, 1, 8, 6028124, 1
3, 3, 11, 11, 100589978, 135610087, 1, 7, 6831874, 1
3, 3, 11, 11, 100589978, 135610087, 1, 6, 7882932, 1
3, 3, 11, 11, 100589978, 135610087, 1, 5, 9316192, 1
3, 3, 11, 11, 100589978, 135610087, 1, 4, 10451900, 1
3, 3, 11, 11, 100589978, 135610087, 1, 3, 1584005, 1
3, 3, 11, 11, 100589978, 135610087, 1, 2, 1, 1
3, 3, 11, 11, 100589978, 135610087, 1, 1, 1, 1
3, 3, 11, 11, 100589978, 135610087, 1, 0, 1, 0
3, 3, 11, 11, 100589978, 135610087, 0, 8, 1, 1
3, 3, 11, 11, 100589978, 135610087, 0, 7, 1, 1
3, 3, 11, 11, 100589978, 135610087, 0, 6, 1, 1
3, 3, 11, 11, 100589978, 135610087, 0, 5, 1, 1
3, 3, 11, 11, 100589978, 135610087, 0, 4, 1, 1
3, 3, 11, 11, 100589978, 135610087, 0, 3, 1, 1
3, 3, 11, 11, 100589978, 135610087, 0, 2, 1, 1
3, 3, 11, 11, 100589978, 135610087, 0, 1, 1, 1
3, 4, 11, 11, 135610088, 315659169, 8, 8, 8737996, 1
3, 4, 11, 11, 135610088, 315659169, 8, 7, 9139148, 1
3, 4, 11, 11, 135610088, 315659169, 8, 6, 9197990, 1
3, 4, 11, 11, 135610088, 315659169, 8, 5, 10597106, 1
3, 4, 11, 11, 135610088, 315659169, 8, 4, 9433301, 1
3, 4, 11, 11, 135610088, 315659169, 8, 3, 8230271, 1
3, 4, 11, 11, 135610088, 315659169, 8, 2, 7388755, 1
3, 4, 11, 11, 135610088, 315659169, 8, 1, 9868110, 1
3, 4, 11, 11, 135610088, 315659169, 8, 0, 995947, 0
3, 4, 11, 11, 135610088, 315659169, 7, 8, 9236496, 1
3, 4, 11, 11, 135610088, 315659169, 7, 7, 9613192, 1
3, 4, 11, 11, 135610088, 315659169, 7, 6, 9582308, 1
3, 4, 11, 11, 135610088, 315659169, 7, 5, 11029749, 1
3, 4, 11, 11, 135610088, 315659169, 7, 4, 10642699, 1
3, 4, 11, 11, 135610088, 315659169, 7, 3, 9292241, 1
3, 4, 11, 11, 135610088, 315659169, 7, 2, 8352505, 1
3, 4, 11, 11, 135610088, 315659169, 7, 1, 11183858, 1
3, 4, 11, 11, 135610088, 315659169, 7, 0, 1138225, 0
3, 4, 11, 11, 135610088, 315659169, 6, 8, 10577278, 1
3, 4, 11, 11, 135610088, 315659169, 6, 7, 11011474, 1
3, 4, 11, 11, 135610088, 315659169, 6, 6, 10979728, 1
3, 4, 11, 11, 135610088, 315659169, 6, 5, 12643858, 1
3, 4, 11, 11, 135610088, 315659169, 6, 4, 12207801, 1
3, 4, 11, 11, 135610088, 315659169, 6, 3, 10668869, 1
3, 4, 11, 11, 135610088, 315659169, 6, 2, 9605381, 1
3, 4, 11, 11, 135610088, 315659169, 6, 1, 12904452, 1
3, 4, 11, 11, 135610088, 315659169, 6, 0, 1327930, 0
3, 4, 11, 11, 135610088, 315659169, 5, 8, 12359920, 1
3, 4, 11, 11, 135610088, 315659169, 5, 7, 12870545, 1
3, 4, 11, 11, 135610088, 315659169, 5, 6, 12836865, 1
3, 4, 11, 11, 135610088, 315659169, 5, 5, 14790935, 1
3, 4, 11, 11, 135610088, 315659169, 5, 4, 14287924, 1
3, 4, 11, 11, 135610088, 315659169, 5, 3, 12493218, 1
3, 4, 11, 11, 135610088, 315659169, 5, 2, 11300448, 1
3, 4, 11, 11, 135610088, 315659169, 5, 1, 15250716, 1
3, 4, 11, 11, 135610088, 315659169, 5, 0, 1593515, 0
3, 4, 11, 11, 135610088, 315659169, 4, 8, 12745433, 1
3, 4, 11, 11, 135610088, 315659169, 4, 7, 13093305, 1
3, 4, 11, 11, 135610088, 315659169, 4, 6, 12706904, 1
3, 4, 11, 11, 135610088, 315659169, 4, 5, 14897750, 1
3, 4, 11, 11, 135610088, 315659169, 4, 4, 13695908, 1
3, 4, 11, 11, 135610088, 315659169, 4, 3, 14792780, 1
3, 4, 11, 11, 135610088, 315659169, 4, 2, 13273315, 1
3, 4, 11, 11, 135610088, 315659169, 4, 1, 18639764, 1
3, 4, 11, 11, 135610088, 315659169, 4, 0, 1991894, 0
3, 4, 11, 11, 135610088, 315659169, 3, 8, 15162626, 1
3, 4, 11, 11, 135610088, 315659169, 3, 7, 16472222, 1
3, 4, 11, 11, 135610088, 315659169, 3, 6, 16001287, 1
3, 4, 11, 11, 135610088, 315659169, 3, 5, 18784119, 1
3, 4, 11, 11, 135610088, 315659169, 3, 4, 17300095, 1
3, 4, 11, 11, 135610088, 315659169, 3, 3, 18737521, 1
3, 4, 11, 11, 135610088, 315659169, 3, 2, 16893310, 1
3, 4, 11, 11, 135610088, 315659169, 3, 1, 23965410, 1
3, 4, 11, 11, 135610088, 315659169, 3, 0, 2655859, 0
3, 4, 11, 11, 135610088, 315659169, 2, 8, 15771028, 1
3, 4, 11, 11, 135610088, 315659169, 2, 7, 16956248, 1
3, 4, 11, 11, 135610088, 315659169, 2, 6, 19499685, 1
3, 4, 11, 11, 135610088, 315659169, 2, 5, 22940806, 1
3, 4, 11, 11, 135610088, 315659169, 2, 4, 20475769, 1
3, 4, 11, 11, 135610088, 315659169, 2, 3, 21729253, 1
3, 4, 11, 11, 135610088, 315659169, 2, 2, 17973173, 1
3, 4, 11, 11, 135610088, 315659169, 2, 1, 25143369, 1
3, 4, 11, 11, 135610088, 315659169, 2, 0, 3983788, 0
3, 4, 11, 11, 135610088, 315659169, 1, 8, 19203077, 1
3, 4, 11, 11, 135610088, 315659169, 1, 7, 20426619, 1
3, 4, 11, 11, 135610088, 315659169, 1, 6, 23569175, 1
3, 4, 11, 11, 135610088, 315659169, 1, 5, 27854480, 1
3, 4, 11, 11, 135610088, 315659169, 1, 4, 22562927, 1
3, 4, 11, 11, 135610088, 315659169, 1, 3, 22203908, 1
3, 4, 11, 11, 135610088, 315659169, 1, 2, 12038190, 1
3, 4, 11, 11, 135610088, 315659169, 1, 1, 14040805, 1
3, 4, 11, 11, 135610088, 315659169, 1, 0, 1, 0
3, 4, 11, 11, 135610088, 315659169, 0, 8, 32593097, 1
3, 4, 11, 11, 135610088, 315659169, 0, 7, 34384536, 1
3, 4, 11, 11, 135610088, 315659169, 0, 6, 40115292, 1
3, 4, 11, 11, 135610088, 315659169, 0, 5, 48138350, 1
3, 4, 11, 11, 135610088, 315659169, 0, 4, 34339704, 1
3, 4, 11, 11, 135610088, 315659169, 0, 3, 45786272, 1
3, 4, 11, 11, 135610088, 315659169, 0, 2, 21061207, 1
3, 4, 11, 11, 135610088, 315659169, 0, 1, 42122414, 1
3, 5, 11, 11, 315659170, 376428652, 8, 8, 2192032, 0
3, 5, 11, 11, 315659170, 376428652, 8, 7, 2469895, 0
3, 5, 11, 11, 315659170, 376428652, 8, 6, 1420139, 0
3, 5, 11, 11, 315659170, 376428652, 8, 5, 1406541, 0
3, 5, 11, 11, 315659170, 376428652, 8, 4, 1694243, 0
3, 5, 11, 11, 315659170, 376428652, 8, 3, 2129905, 0
3, 5, 11, 11, 315659170, 376428652, 8, 2, 2867180, 0
3, 5, 11, 11, 315659170, 376428652, 8, 1, 3964992, 0
3, 5, 11, 11, 315659170, 376428652, 8, 0, 6952643, 0
3, 5, 11, 11, 315659170, 376428652, 7, 8, 2469895, 0
3, 5, 11, 11, 315659170, 376428652, 7, 7, 2783532, 0
3, 5, 11, 11, 315659170, 376428652, 7, 6, 1600884, 0
3, 5, 11, 11, 315659170, 376428652, 7, 5, 1586100, 0
3, 5, 11, 11, 315659170, 376428652, 7, 4, 1911454, 0
3, 5, 11, 11, 315659170, 376428652, 7, 3, 2404732, 0
3, 5, 11, 11, 315659170, 376428652, 7, 2, 3241160, 0
3, 5, 11, 11, 315659170, 376428652, 7, 1, 4493657, 0
3, 5, 11, 11, 315659170, 376428652, 7, 0, 7945878, 0
3, 5, 11, 11, 315659170, 376428652, 6, 8, 2828428, 0
3, 5, 11, 11, 315659170, 376428652, 6, 7, 3188410, 0
3, 5, 11, 11, 315659170, 376428652, 6, 6, 1834346, 0
3, 5, 11, 11, 315659170, 376428652, 6, 5, 1818212, 0
3, 5, 11, 11, 315659170, 376428652, 6, 4, 2192550, 0
3, 5, 11, 11, 315659170, 376428652, 6, 3, 2760988, 0
3, 5, 11, 11, 315659170, 376428652, 6, 2, 3727334, 0
3, 5, 11, 11, 315659170, 376428652, 6, 1, 5184989, 0
3, 5, 11, 11, 315659170, 376428652, 6, 0, 9270191, 0
3, 5, 11, 11, 315659170, 376428652, 5, 8, 3308727, 0
3, 5, 11, 11, 315659170, 376428652, 5, 7, 3731118, 0
3, 5, 11, 11, 315659170, 376428652, 5, 6, 2147527, 0
3, 5, 11, 11, 315659170, 376428652, 5, 5, 2129905, 0
3, 5, 11, 11, 315659170, 376428652, 5, 4, 2570575, 0
3, 5, 11, 11, 315659170, 376428652, 5, 3, 3241160, 0
3, 5, 11, 11, 315659170, 376428652, 5, 2, 4385099, 0
3, 5, 11, 11, 315659170, 376428652, 5, 1, 6127714, 0
3, 5, 11, 11, 315659170, 376428652, 5, 0, 11124229, 0
3, 5, 11, 11, 315659170, 376428652, 4, 8, 3985512, 0
3, 5, 11, 11, 315659170, 376428652, 4, 7, 4496475, 0
3, 5, 11, 11, 315659170, 376428652, 4, 6, 2589664, 0
3, 5, 11, 11, 315659170, 376428652, 4, 5, 2570575, 0
3, 5, 11, 11, 315659170, 376428652, 4, 4, 3106112, 0
3, 5, 11, 11, 315659170, 376428652, 4, 3, 3923509, 0
3, 5, 11, 11, 315659170, 376428652, 4, 2, 5324763, 0
3, 5, 11, 11, 315659170, 376428652, 4, 1, 7489428, 0
3, 5, 11, 11, 315659170, 376428652, 4, 0, 13905286, 0
3, 5, 11, 11, 315659170, 376428652, 3, 8, 1187857, 1
3, 5, 11, 11, 315659170, 376428652, 3, 7, 1341129, 1
3, 5, 11, 11, 315659170, 376428652, 3, 6, 264512, 1
3, 5, 11, 11, 315659170, 376428652, 3, 5, 310514, 1
3, 5, 11, 11, 315659170, 376428652, 3, 4, 375886, 1
3, 5, 11, 11, 315659170, 376428652, 3, 3, 476122, 1
3, 5, 11, 11, 315659170, 376428652, 3, 2, 649257, 1
3, 5, 11, 11, 315659170, 376428652, 3, 1, 1, 1
3, 5, 11, 11, 315659170, 376428652, 3, 0, 1, 0
3, 5, 11, 11, 315659170, 376428652, 2, 8, 1599039, 1
3, 5, 11, 11, 315659170, 376428652, 2, 7, 1807609, 1
3, 5, 11, 11, 315659170, 376428652, 2, 6, 357092, 1
3, 5, 11, 11, 315659170, 376428652, 2, 5, 420108, 1
3, 5, 11, 11, 315659170, 376428652, 2, 4, 510131, 1
3, 5, 11, 11, 315659170, 376428652, 2, 3, 649257, 1
3, 5, 11, 11, 315659170, 376428652, 2, 2, 892728, 1
3, 5, 11, 11, 315659170, 376428652, 2, 1, 1, 1
3, 5, 11, 11, 315659170, 376428652, 2, 0, 1, 0
3, 5, 11, 11, 315659170, 376428652, 1, 8, 2445588, 1
3, 5, 11, 11, 315659170, 376428652, 1, 7, 2771667, 1
3, 5, 11, 11, 315659170, 376428652, 1, 6, 549371, 1
3, 5, 11, 11, 315659170, 376428652, 1, 5, 649257, 1
3, 5, 11, 11, 315659170, 376428652, 1, 4, 793536, 1
3, 5, 11, 11, 315659170, 376428652, 1, 3, 1020261, 1
3, 5, 11, 11, 315659170, 376428652, 1, 2, 1428365, 1
3, 5, 11, 11, 315659170, 376428652, 1, 1, 1, 1
3, 5, 11, 11, 315659170, 376428652, 1, 0, 1, 0
3, 5, 11, 11, 315659170, 376428652, 0, 8, 2206453, 1
3, 5, 11, 11, 315659170, 376428652, 0, 7, 2521660, 1
3, 5, 11, 11, 315659170, 376428652, 0, 6, 1, 1
3, 5, 11, 11, 315659170, 376428652, 0, 5, 1, 1
3, 5, 11, 11, 315659170, 376428652, 0, 4, 1, 1
3, 5, 11, 11, 315659170, 376428652, 0, 3, 1, 1
3, 5, 11, 11, 315659170, 376428652, 0, 2, 1, 1
3, 5, 11, 11, 315659170, 376428652, 0, 1, 1, 1
3, 6, 11, 11, 376428653, 409021586, 8, 8, 9673577, 1
3, 6, 11, 11, 376428653, 409021586, 8, 7, 9979433, 1
3, 6, 11, 11, 376428653, 409021586, 8, 6, 9348014, 1
3, 6, 11, 11, 376428653, 409021586, 8, 5, 8361838, 1
3, 6, 11, 11, 376428653, 409021586, 8, 4, 7483864, 1
3, 6, 11, 11, 376428653, 409021586, 8, 3, 7240821, 1
3, 6, 11, 11, 376428653, 409021586, 8, 2, 7831949, 1
3, 6, 11, 11, 376428653, 409021586, 8, 1, 6093590, 1
3, 6, 11, 11, 376428653, 409021586, 8, 0, 1, 0
3, 6, 11, 11, 376428653, 409021586, 7, 8, 9897672, 1
3, 6, 11, 11, 376428653, 409021586, 7, 7, 10701448, 1
3, 6, 11, 11, 376428653, 409021586, 7, 6, 9913243, 1
3, 6, 11, 11, 376428653, 409021586, 7, 5, 8698488, 1
3, 6, 11, 11, 376428653, 409021586, 7, 4, 8168282, 1
3, 6, 11, 11, 376428653, 409021586, 7, 3, 7829087, 1
3, 6, 11, 11, 376428653, 409021586, 7, 2, 8853507, 1
3, 6, 11, 11, 376428653, 409021586, 7, 1, 6906068, 1
3, 6, 11, 11, 376428653, 409021586, 7, 0, 1, 0
3, 6, 11, 11, 376428653, 409021586, 6, 8, 9645667, 1
3, 6, 11, 11, 376428653, 409021586, 6, 7, 10873298, 1
3, 6, 11, 11, 376428653, 409021586, 6, 6, 10797670, 1
3, 6, 11, 11, 376428653, 409021586, 6, 5, 9971438, 1
3, 6, 11, 11, 376428653, 409021586, 6, 4, 9369499, 1
3, 6, 11, 11, 376428653, 409021586, 6, 3, 8988952, 1
3, 6, 11, 11, 376428653, 409021586, 6, 2, 10181533, 1
3, 6, 11, 11, 376428653, 409021586, 6, 1, 7968540, 1
3, 6, 11, 11, 376428653, 409021586, 6, 0, 1, 0
3, 6, 11, 11, 376428653, 409021586, 5, 8, 6829737, 1
3, 6, 11, 11, 376428653, 409021586, 5, 7, 7701618, 1
3, 6, 11, 11, 376428653, 409021586, 5, 6, 6883728, 1
3, 6, 11, 11, 376428653, 409021586, 5, 5, 5568108, 1
3, 6, 11, 11, 376428653, 409021586, 5, 4, 3971098, 1
3, 6, 11, 11, 376428653, 409021586, 5, 3, 4177965, 1
3, 6, 11, 11, 376428653, 409021586, 5, 2, 3354244, 1
3, 6, 11, 11, 376428653, 409021586, 5, 1, 5183832, 1
3, 6, 11, 11, 376428653, 409021586, 5, 0, 1, 0
3, 6, 11, 11, 376428653, 409021586, 4, 8, 5672295, 1
3, 6, 11, 11, 376428653, 409021586, 4, 7, 6399512, 1
3, 6, 11, 11, 376428653, 409021586, 4, 6, 4995229, 1
3, 6, 11, 11, 376428653, 409021586, 4, 5, 4250587, 1
3, 6, 11, 11, 376428653, 409021586, 4, 4, 1814378, 1
3, 6, 11, 11, 376428653, 409021586, 4, 3, 1288234, 1
3, 6, 11, 11, 376428653, 409021586, 4, 2, 463465, 1
3, 6, 11, 11, 376428653, 409021586, 4, 1, 720945, 1
3, 6, 11, 11, 376428653, 409021586, 4, 0, 1, 0
3, 6, 11, 11, 376428653, 409021586, 3, 8, 7130885, 1
3, 6, 11, 11, 376428653, 409021586, 3, 7, 8050999, 1
3, 6, 11, 11, 376428653, 409021586, 3, 6, 6290288, 1
3, 6, 11, 11, 376428653, 409021586, 3, 5, 5359435, 1
3, 6, 11, 11, 376428653, 409021586, 3, 4, 2291846, 1
3, 6, 11, 11, 376428653, 409021586, 3, 3, 1631763, 1
3, 6, 11, 11, 376428653, 409021586, 3, 2, 589864, 1
3, 6, 11, 11, 376428653, 409021586, 3, 1, 926929, 1
3, 6, 11, 11, 376428653, 409021586, 3, 0, 1, 0
3, 6, 11, 11, 376428653, 409021586, 2, 8, 2403428, 1
3, 6, 11, 11, 376428653, 409021586, 2, 7, 2716918, 1
3, 6, 11, 11, 376428653, 409021586, 2, 6, 1587195, 1
3, 6, 11, 11, 376428653, 409021586, 2, 5, 1867288, 1
3, 6, 11, 11, 376428653, 409021586, 2, 4, 1825510, 1
3, 6, 11, 11, 376428653, 409021586, 2, 3, 589864, 1
3, 6, 11, 11, 376428653, 409021586, 2, 2, 811063, 1
3, 6, 11, 11, 376428653, 409021586, 2, 1, 1297701, 1
3, 6, 11, 11, 376428653, 409021586, 2, 0, 1, 0
3, 6, 11, 11, 376428653, 409021586, 1, 8, 3070413, 1
3, 6, 11, 11, 376428653, 409021586, 1, 7, 3479801, 1
3, 6, 11, 11, 376428653, 409021586, 1, 6, 1650137, 1
3, 6, 11, 11, 376428653, 409021586, 1, 5, 1950162, 1
3, 6, 11, 11, 376428653, 409021586, 1, 4, 2118737, 1
3, 6, 11, 11, 376428653, 409021586, 1, 3, 1, 1
3, 6, 11, 11, 376428653, 409021586, 1, 2, 1, 1
3, 6, 11, 11, 376428653, 409021586, 1, 1, 1, 1
3, 6, 11, 11, 376428653, 409021586, 1, 0, 1, 0
3, 6, 11, 11, 376428653, 409021586, 0, 8, 3843154, 1
3, 6, 11, 11, 376428653, 409021586, 0, 7, 4392176, 1
3, 6, 11, 11, 376428653, 409021586, 0, 6, 1, 1
3, 6, 11, 11, 376428653, 409021586, 0, 5, 1, 1
3, 6, 11, 11, 376428653, 409021586, 0, 4, 1, 1
3, 6, 11, 11, 376428653, 409021586, 0, 3, 1, 1
3, 6, 11, 11, 376428653, 409021586, 0, 2, 1, 1
3, 6, 11, 11, 376428653, 409021586, 0, 1, 1, 1
3, 7, 11, 11, 409021587, 500312192, 8, 8, 14508170, 0
3, 7, 11, 11, 409021587, 500312192, 8, 7, 13802052, 0
3, 7, 11, 11, 409021587, 500312192, 8, 6, 14475062, 0
3, 7, 11, 11, 409021587, 500312192, 8, 5, 12262264, 0
3, 7, 11, 11, 409021587, 500312192, 8, 4, 10993178, 0
3, 7, 11, 11, 409021587, 500312192, 8, 3, 13517924, 0
3, 7, 11, 11, 409021587, 500312192, 8, 2, 12375707, 0
3, 7, 11, 11, 409021587, 500312192, 8, 1, 12034203, 0
3, 7, 11, 11, 409021587, 500312192, 8, 0, 18628046, 0
3, 7, 11, 11, 409021587, 500312192, 7, 8, 13391201, 0
3, 7, 11, 11, 409021587, 500312192, 7, 7, 13342830, 0
3, 7, 11, 11, 409021587, 500312192, 7, 6, 13783754, 0
3, 7, 11, 11, 409021587, 500312192, 7, 5, 10862821, 0
3, 7, 11, 11, 409021587, 500312192, 7, 4, 8829549, 0
3, 7, 11, 11, 409021587, 500312192, 7, 3, 10767095, 0
3, 7, 11, 11, 409021587, 500312192, 7, 2, 10345284, 0
3, 7, 11, 11, 409021587, 500312192, 7, 1, 9824115, 0
3, 7, 11, 11, 409021587, 500312192, 7, 0, 13114951, 0
3, 7, 11, 11, 409021587, 500312192, 6, 8, 14397501, 0
3, 7, 11, 11, 409021587, 500312192, 6, 7, 14226693, 0
3, 7, 11, 11, 409021587, 500312192, 6, 6, 14969165, 0
3, 7, 11, 11, 409021587, 500312192, 6, 5, 12452502, 0
3, 7, 11, 11, 409021587, 500312192, 6, 4, 10128013, 0
3, 7, 11, 11, 409021587, 500312192, 6, 3, 12362220, 0
3, 7, 11, 11, 409021587, 500312192, 6, 2, 11897077, 0
3, 7, 11, 11, 409021587, 500312192, 6, 1, 11335518, 0
3, 7, 11, 11, 409021587, 500312192, 6, 0, 15300776, 0
3, 7, 11, 11, 409021587, 500312192, 5, 8, 15444182, 0
3, 7, 11, 11, 409021587, 500312192, 5, 7, 15071590, 0
3, 7, 11, 11, 409021587, 500312192, 5, 6, 15717476, 0
3, 7, 11, 11, 409021587, 500312192, 5, 5, 13591827, 0
3, 7, 11, 11, 409021587, 500312192, 5, 4, 10672889, 0
3, 7, 11, 11, 409021587, 500312192, 5, 3, 12997448, 0
3, 7, 11, 11, 409021587, 500312192, 5, 2, 11947230, 0
3, 7, 11, 11, 409021587, 500312192, 5, 1, 10229372, 0
3, 7, 11, 11, 409021587, 500312192, 5, 0, 11393204, 0
3, 7, 11, 11, 409021587, 500312192, 4, 8, 15147556, 0
3, 7, 11, 11, 409021587, 500312192, 4, 7, 15479136, 0
3, 7, 11, 11, 409021587, 500312192, 4, 6, 15874649, 0
3, 7, 11, 11, 409021587, 500312192, 4, 5, 13467372, 0
3, 7, 11, 11, 409021587, 500312192, 4, 4, 9348067, 0
3, 7, 11, 11, 409021587, 500312192, 4, 3, 11808084, 0
3, 7, 11, 11, 409021587, 500312192, 4, 2, 13012215, 0
3, 7, 11, 11, 409021587, 500312192, 4, 1, 10176800, 0
3, 7, 11, 11, 409021587, 500312192, 4, 0, 14241505, 0
3, 7, 11, 11, 409021587, 500312192, 3, 8, 13860175, 1
3, 7, 11, 11, 409021587, 500312192, 3, 7, 13622579, 1
3, 7, 11, 11, 409021587, 500312192, 3, 6, 13272286, 1
3, 7, 11, 11, 409021587, 500312192, 3, 5, 12554682, 1
3, 7, 11, 11, 409021587, 500312192, 3, 4, 8567489, 1
3, 7, 11, 11, 409021587, 500312192, 3, 3, 10852152, 1
3, 7, 11, 11, 409021587, 500312192, 3, 2, 11382272, 1
3, 7, 11, 11, 409021587, 500312192, 3, 1, 4946455, 1
3, 7, 11, 11, 409021587, 500312192, 3, 0, 1, 0
3, 7, 11, 11, 409021587, 500312192, 2, 8, 9382829, 1
3, 7, 11, 11, 409021587, 500312192, 2, 7, 10606676, 1
3, 7, 11, 11, 409021587, 500312192, 2, 6, 11929124, 1
3, 7, 11, 11, 409021587, 500312192, 2, 5, 12234433, 1
3, 7, 11, 11, 409021587, 500312192, 2, 4, 11627306, 1
3, 7, 11, 11, 409021587, 500312192, 2, 3, 14798389, 1
3, 7, 11, 11, 409021587, 500312192, 2, 2, 15650624, 1
3, 7, 11, 11, 409021587, 500312192, 2, 1, 6925037, 1
3, 7, 11, 11, 409021587, 500312192, 2, 0, 1, 0
3, 7, 11, 11, 409021587, 500312192, 1, 8, 10103005, 1
3, 7, 11, 11, 409021587, 500312192, 1, 7, 11450072, 1
3, 7, 11, 11, 409021587, 500312192, 1, 6, 12798462, 1
3, 7, 11, 11, 409021587, 500312192, 1, 5, 12343899, 1
3, 7, 11, 11, 409021587, 500312192, 1, 4, 10064423, 1
3, 7, 11, 11, 409021587, 500312192, 1, 3, 12939973, 1
3, 7, 11, 11, 409021587, 500312192, 1, 2, 18115961, 1
3, 7, 11, 11, 409021587, 500312192, 1, 1, 1, 1
3, 7, 11, 11, 409021587, 500312192, 1, 0, 1, 0
3, 7, 11, 11, 409021587, 500312192, 0, 8, 671384, 1
3, 7, 11, 11, 409021587, 500312192, 0, 7, 767296, 1
3, 7, 11, 11, 409021587, 500312192, 0, 6, 1, 1
3, 7, 11, 11, 409021587, 500312192, 0, 5, 1, 1
3, 7, 11, 11, 409021587, 500312192, 0, 4, 1, 1
3, 7, 11, 11, 409021587, 500312192, 0, 3, 1, 1
3, 7, 11, 11, 409021587, 500312192, 0, 2, 1, 1
3, 7, 11, 11, 409021587, 500312192, 0, 1, 1, 1
3, 8, 11, 11, 500312193, 712912597, 8, 8, 349934856, 1
3, 8, 11, 11, 500312193, 712912597, 8, 7, 344911373, 1
3, 8, 11, 11, 500312193, 712912597, 8, 6, 314431293, 1
3, 8, 11, 11, 500312193, 712912597, 8, 5, 290194059, 1
3, 8, 11, 11, 500312193, 712912597, 8, 4, 269445849, 1
3, 8, 11, 11, 500312193, 712912597, 8, 3, 279743101, 1
3, 8, 11, 11, 500312193, 712912597, 8, 2, 219164829, 1
3, 8, 11, 11, 500312193, 712912597, 8, 1, 168819160, 1
3, 8, 11, 11, 500312193, 712912597, 8, 0, 24303928, 0
3, 8, 11, 11, 500312193, 712912597, 7, 8, 324660754, 1
3, 8, 11, 11, 500312193, 712912597, 7, 7, 327603452, 1
3, 8, 11, 11, 500312193, 712912597, 7, 6, 296454435, 1
3, 8, 11, 11, 500312193, 712912597, 7, 5, 273414525, 1
3, 8, 11, 11, 500312193, 712912597, 7, 4, 266625422, 1
3, 8, 11, 11, 500312193, 712912597, 7, 3, 277200903, 1
3, 8, 11, 11, 500312193, 712912597, 7, 2, 241150735, 1
3, 8, 11, 11, 500312193, 712912597, 7, 1, 184580886, 1
3, 8, 11, 11, 500312193, 712912597, 7, 0, 20546458, 0
3, 8, 11, 11, 500312193, 712912597, 6, 8, 329294602, 1
3, 8, 11, 11, 500312193, 712912597, 6, 7, 327352168, 1
3, 8, 11, 11, 500312193, 712912597, 6, 6, 307531428, 1
3, 8, 11, 11, 500312193, 712912597, 6, 5, 301134543, 1
3, 8, 11, 11, 500312193, 712912597, 6, 4, 295685357, 1
3, 8, 11, 11, 500312193, 712912597, 6, 3, 309065704, 1
3, 8, 11, 11, 500312193, 712912597, 6, 2, 269732413, 1
3, 8, 11, 11, 500312193, 712912597, 6, 1, 205192373, 1
3, 8, 11, 11, 500312193, 712912597, 6, 0, 15536498, 0
3, 8, 11, 11, 500312193, 712912597, 5, 8, 320825846, 1
3, 8, 11, 11, 500312193, 712912597, 5, 7, 320491185, 1
3, 8, 11, 11, 500312193, 712912597, 5, 6, 299791145, 1
3, 8, 11, 11, 500312193, 712912597, 5, 5, 295647331, 1
3, 8, 11, 11, 500312193, 712912597, 5, 4, 293988083, 1
3, 8, 11, 11, 500312193, 712912597, 5, 3, 316884272, 1
3, 8, 11, 11, 500312193, 712912597, 5, 2, 282907320, 1
3, 8, 11, 11, 500312193, 712912597, 5, 1, 232135364, 1
3, 8, 11, 11, 500312193, 712912597, 5, 0, 14915038, 0
3, 8, 11, 11, 500312193, 712912597, 4, 8, 321932197, 1
3, 8, 11, 11, 500312193, 712912597, 4, 7, 317483118, 1
3, 8, 11, 11, 500312193, 712912597, 4, 6, 296511907, 1
3, 8, 11, 11, 500312193, 712912597, 4, 5, 296856429, 1
3, 8, 11, 11, 500312193, 712912597, 4, 4, 291583613, 1
3, 8, 11, 11, 500312193, 712912597, 4, 3, 308213610, 1
3, 8, 11, 11, 500312193, 712912597, 4, 2, 274882624, 1
3, 8, 11, 11, 500312193, 712912597, 4, 1, 229292583, 1
3, 8, 11, 11, 500312193, 712912597, 4, 0, 13982848, 0
3, 8, 11, 11, 500312193, 712912597, 3, 8, 331414397, 1
3, 8, 11, 11, 500312193, 712912597, 3, 7, 331856156, 1
3, 8, 11, 11, 500312193, 712912597, 3, 6, 311210853, 1
3, 8, 11, 11, 500312193, 712912597, 3, 5, 305456204, 1
3, 8, 11, 11, 500312193, 712912597, 3, 4, 288894884, 1
3, 8, 11, 11, 500312193, 712912597, 3, 3, 296161516, 1
3, 8, 11, 11, 500312193, 712912597, 3, 2, 264175712, 1
3, 8, 11, 11, 500312193, 712912597, 3, 1, 227488757, 1
3, 8, 11, 11, 500312193, 712912597, 3, 0, 18643798, 0
3, 8, 11, 11, 500312193, 712912597, 2, 8, 323461029, 1
3, 8, 11, 11, 500312193, 712912597, 2, 7, 329097201, 1
3, 8, 11, 11, 500312193, 712912597, 2, 6, 307779988, 1
3, 8, 11, 11, 500312193, 712912597, 2, 5, 308800670, 1
3, 8, 11, 11, 500312193, 712912597, 2, 4, 298880960, 1
3, 8, 11, 11, 500312193, 712912597, 2, 3, 293920132, 1
3, 8, 11, 11, 500312193, 712912597, 2, 2, 270980437, 1
3, 8, 11, 11, 500312193, 712912597, 2, 1, 220513109, 1
3, 8, 11, 11, 500312193, 712912597, 2, 0, 18643798, 0
3, 8, 11, 11, 500312193, 712912597, 1, 8, 300679834, 1
3, 8, 11, 11, 500312193, 712912597, 1, 7, 291078274, 1
3, 8, 11, 11, 500312193, 712912597, 1, 6, 263365401, 1
3, 8, 11, 11, 500312193, 712912597, 1, 5, 271724890, 1
3, 8, 11, 11, 500312193, 712912597, 1, 4, 266100866, 1
3, 8, 11, 11, 500312193, 712912597, 1, 3, 257263113, 1
3, 8, 11, 11, 500312193, 712912597, 1, 2, 241355159, 1
3, 8, 11, 11, 500312193, 712912597, 1, 1, 204236599, 1
3, 8, 11, 11, 500312193, 712912597, 1, 0, 18643798, 0
3, 8, 11, 11, 500312193, 712912597, 0, 8, 237012812, 1
3, 8, 11, 11, 500312193, 712912597, 0, 7, 203555792, 1
3, 8, 11, 11, 500312193, 712912597, 0, 6, 158946432, 1
3, 8, 11, 11, 500312193, 712912597, 0, 5, 122854046, 1
3, 8, 11, 11, 500312193, 712912597, 0, 4, 122854046, 1
3, 8, 11, 11, 500312193, 712912597, 0, 3, 122854046, 1
3, 8, 11, 11, 500312193, 712912597, 0, 2, 122854046, 1
3, 8, 11, 11, 500312193, 712912597, 0, 1, 122854046, 1
3, 9, 11, 11, 712912598, 773800183, 8, 8, 226717587, 1
3, 9, 11, 11, 712912598, 773800183, 8, 7, 233173761, 1
3, 9, 11, 11, 712912598, 773800183, 8, 6, 225569968, 1
3, 9, 11, 11, 712912598, 773800183, 8, 5, 216788816, 1
3, 9, 11, 11, 712912598, 773800183, 8, 4, 221018583, 1
3, 9, 11, 11, 712912598, 773800183, 8, 3, 227423659, 1
3, 9, 11, 11, 712912598, 773800183, 8, 2, 237569919, 1
3, 9, 11, 11, 712912598, 773800183, 8, 1, 235250651, 1
3, 9, 11, 11, 712912598, 773800183, 8, 0, 97492368, 0
3, 9, 11, 11, 712912598, 773800183, 7, 8, 221853259, 1
3, 9, 11, 11, 712912598, 773800183, 7, 7, 226319054, 1
3, 9, 11, 11, 712912598, 773800183, 7, 6, 214121641, 1
3, 9, 11, 11, 712912598, 773800183, 7, 5, 197471479, 1
3, 9, 11, 11, 712912598, 773800183, 7, 4, 194993815, 1
3, 9, 11, 11, 712912598, 773800183, 7, 3, 191237358, 1
3, 9, 11, 11, 712912598, 773800183, 7, 2, 184084210, 1
3, 9, 11, 11, 712912598, 773800183, 7, 1, 148889684, 1
3, 9, 11, 11, 712912598, 773800183, 7, 0, 33250528, 0
3, 9, 11, 11, 712912598, 773800183, 6, 8, 199758677, 1
3, 9, 11, 11, 712912598, 773800183, 6, 7, 199639016, 1
3, 9, 11, 11, 712912598, 773800183, 6, 6, 201916542, 1
3, 9, 11, 11, 712912598, 773800183, 6, 5, 177684199, 1
3, 9, 11, 11, 712912598, 773800183, 6, 4, 171518996, 1
3, 9, 11, 11, 712912598, 773800183, 6, 3, 162157020, 1
3, 9, 11, 11, 712912598, 773800183, 6, 2, 145340632, 1
3, 9, 11, 11, 712912598, 773800183, 6, 1, 111800486, 1
3, 9, 11, 11, 712912598, 773800183, 6, 0, 1, 0
3, 9, 11, 11, 712912598, 773800183, 5, 8, 203385793, 1
3, 9, 11, 11, 712912598, 773800183, 5, 7, 203728804, 1
3, 9, 11, 11, 712912598, 773800183, 5, 6, 207019532, 1
3, 9, 11, 11, 712912598, 773800183, 5, 5, 179473080, 1
3, 9, 11, 11, 712912598, 773800183, 5, 4, 173408633, 1
3, 9, 11, 11, 712912598, 773800183, 5, 3, 164180127, 1
3, 9, 11, 11, 712912598, 773800183, 5, 2, 147377347, 1
3, 9, 11, 11, 712912598, 773800183, 5, 1, 113882496, 1
3, 9, 11, 11, 712912598, 773800183, 5, 0, 1, 0
3, 9, 11, 11, 712912598, 773800183, 4, 8, 211149916, 1
3, 9, 11, 11, 712912598, 773800183, 4, 7, 212489793, 1
3, 9, 11, 11, 712912598, 773800183, 4, 6, 214223752, 1
3, 9, 11, 11, 712912598, 773800183, 4, 5, 182002188, 1
3, 9, 11, 11, 712912598, 773800183, 4, 4, 176085620, 1
3, 9, 11, 11, 712912598, 773800183, 4, 3, 167055068, 1
3, 9, 11, 11, 712912598, 773800183, 4, 2, 150286940, 1
3, 9, 11, 11, 712912598, 773800183, 4, 1, 116889842, 1
3, 9, 11, 11, 712912598, 773800183, 4, 0, 1, 0
3, 9, 11, 11, 712912598, 773800183, 3, 8, 219670727, 1
3, 9, 11, 11, 712912598, 773800183, 3, 7, 222118708, 1
3, 9, 11, 11, 712912598, 773800183, 3, 6, 225292017, 1
3, 9, 11, 11, 712912598, 773800183, 3, 5, 185850830, 1
3, 9, 11, 11, 712912598, 773800183, 3, 4, 180171547, 1
3, 9, 11, 11, 712912598, 773800183, 3, 3, 171463312, 1
3, 9, 11, 11, 712912598, 773800183, 3, 2, 154783583, 1
3, 9, 11, 11, 712912598, 773800183, 3, 1, 121615672, 1
3, 9, 11, 11, 712912598, 773800183, 3, 0, 1, 0
3, 9, 11, 11, 712912598, 773800183, 2, 8, 233957094, 1
3, 9, 11, 11, 712912598, 773800183, 2, 7, 238295124, 1
3, 9, 11, 11, 712912598, 773800183, 2, 6, 243934561, 1
3, 9, 11, 11, 712912598, 773800183, 2, 5, 192416161, 1
3, 9, 11, 11, 712912598, 773800183, 2, 4, 187175993, 1
3, 9, 11, 11, 712912598, 773800183, 2, 3, 179077552, 1
3, 9, 11, 11, 712912598, 773800183, 2, 2, 162652709, 1
3, 9, 11, 11, 712912598, 773800183, 2, 1, 130122167, 1
3, 9, 11, 11, 712912598, 773800183, 2, 0, 1, 0
3, 9, 11, 11, 712912598, 773800183, 1, 8, 263370205, 1
3, 9, 11, 11, 712912598, 773800183, 1, 7, 271726383, 1
3, 9, 11, 11, 712912598, 773800183, 1, 6, 282653692, 1
3, 9, 11, 11, 712912598, 773800183, 1, 5, 206143671, 1
3, 9, 11, 11, 712912598, 773800183, 1, 4, 201963157, 1
3, 9, 11, 11, 712912598, 773800183, 1, 3, 195393779, 1
3, 9, 11, 11, 712912598, 773800183, 1, 2, 179964785, 1
3, 9, 11, 11, 712912598, 773800183, 1, 1, 149970654, 1
3, 9, 11, 11, 712912598, 773800183, 1, 0, 1, 0
3, 9, 11, 11, 712912598, 773800183, 0, 8, 358962814, 1
3, 9, 11, 11, 712912598, 773800183, 0, 7, 381571949, 1
3, 9, 11, 11, 712912598, 773800183, 0, 6, 411717461, 1
3, 9, 11, 11, 712912598, 773800183, 0, 5, 252817204, 1
3, 9, 11, 11, 712912598, 773800183, 0, 4, 253718233, 1
3, 9, 11, 11, 712912598, 773800183, 0, 3, 255219947, 1
3, 9, 11, 11, 712912598, 773800183, 0, 2, 249213091, 1
3, 9, 11, 11, 712912598, 773800183, 0, 1, 249213091, 1
3, 10, 11, 11, 773800184, 795044054, 8, 8, 2994341, 1
3, 10, 11, 11, 773800184, 795044054, 8, 7, 3224522, 1
3, 10, 11, 11, 773800184, 795044054, 8, 6, 2947446, 1
3, 10, 11, 11, 773800184, 795044054, 8, 5, 1289874, 1
3, 10, 11, 11, 773800184, 795044054, 8, 4, 1553712, 1
3, 10, 11, 11, 773800184, 795044054, 8, 3, 1180049, 1
3, 10, 11, 11, 773800184, 795044054, 8, 2, 17690, 1
3, 10, 11, 11, 773800184, 795044054, 8, 1, 27055, 1
3, 10, 11, 11, 773800184, 795044054, 8, 0, 1, 0
3, 10, 11, 11, 773800184, 795044054, 7, 8, 2593075, 1
3, 10, 11, 11, 773800184, 795044054, 7, 7, 2754002, 1
3, 10, 11, 11, 773800184, 795044054, 7, 6, 2830546, 1
3, 10, 11, 11, 773800184, 795044054, 7, 5, 878760, 1
3, 10, 11, 11, 773800184, 795044054, 7, 4, 1059018, 1
3, 10, 11, 11, 773800184, 795044054, 7, 3, 1332313, 1
3, 10, 11, 11, 773800184, 795044054, 7, 2, 19998, 1
3, 10, 11, 11, 773800184, 795044054, 7, 1, 30663, 1
3, 10, 11, 11, 773800184, 795044054, 7, 0, 1, 0
3, 10, 11, 11, 773800184, 795044054, 6, 8, 2969489, 1
3, 10, 11, 11, 773800184, 795044054, 6, 7, 3154584, 1
3, 10, 11, 11, 773800184, 795044054, 6, 6, 3243334, 1
3, 10, 11, 11, 773800184, 795044054, 6, 5, 1007359, 1
3, 10, 11, 11, 773800184, 795044054, 6, 4, 1214756, 1
3, 10, 11, 11, 773800184, 795044054, 6, 3, 1529693, 1
3, 10, 11, 11, 773800184, 795044054, 6, 2, 22997, 1
3, 10, 11, 11, 773800184, 795044054, 6, 1, 35380, 1
3, 10, 11, 11, 773800184, 795044054, 6, 0, 1, 0
3, 10, 11, 11, 773800184, 795044054, 5, 8, 3473742, 1
3, 10, 11, 11, 773800184, 795044054, 5, 7, 3691534, 1
3, 10, 11, 11, 773800184, 795044054, 5, 6, 3797074, 1
3, 10, 11, 11, 773800184, 795044054, 5, 5, 1180049, 1
3, 10, 11, 11, 773800184, 795044054, 5, 4, 1424197, 1
3, 10, 11, 11, 773800184, 795044054, 5, 3, 1795726, 1
3, 10, 11, 11, 773800184, 795044054, 5, 2, 27055, 1
3, 10, 11, 11, 773800184, 795044054, 5, 1, 41813, 1
3, 10, 11, 11, 773800184, 795044054, 5, 0, 1, 0
3, 10, 11, 11, 773800184, 795044054, 4, 8, 4184280, 1
3, 10, 11, 11, 773800184, 795044054, 4, 7, 4448772, 1
3, 10, 11, 11, 773800184, 795044054, 4, 6, 4578824, 1
3, 10, 11, 11, 773800184, 795044054, 4, 5, 1424197, 1
3, 10, 11, 11, 773800184, 795044054, 4, 4, 1720904, 1
3, 10, 11, 11, 773800184, 795044054, 4, 3, 2173773, 1
3, 10, 11, 11, 773800184, 795044054, 4, 2, 32853, 1
3, 10, 11, 11, 773800184, 795044054, 4, 1, 51104, 1
3, 10, 11, 11, 773800184, 795044054, 4, 0, 1, 0
3, 10, 11, 11, 773800184, 795044054, 3, 8, 2220986, 1
3, 10, 11, 11, 773800184, 795044054, 3, 7, 2165430, 1
3, 10, 11, 11, 773800184, 795044054, 3, 6, 1826157, 1
3, 10, 11, 11, 773800184, 795044054, 3, 5, 629735, 1
3, 10, 11, 11, 773800184, 795044054, 3, 4, 762311, 1
3, 10, 11, 11, 773800184, 795044054, 3, 3, 965593, 1
3, 10, 11, 11, 773800184, 795044054, 3, 2, 1, 1
3, 10, 11, 11, 773800184, 795044054, 3, 1, 1, 1
3, 10, 11, 11, 773800184, 795044054, 3, 0, 1, 0
3, 10, 11, 11, 773800184, 795044054, 2, 8, 2432716, 1
3, 10, 11, 11, 773800184, 795044054, 2, 7, 2288888, 1
3, 10, 11, 11, 773800184, 795044054, 2, 6, 1741117, 1
3, 10, 11, 11, 773800184, 795044054, 2, 5, 1, 1
3, 10, 11, 11, 773800184, 795044054, 2, 4, 1, 1
3, 10, 11, 11, 773800184, 795044054, 2, 3, 1, 1
3, 10, 11, 11, 773800184, 795044054, 2, 2, 1, 1
3, 10, 11, 11, 773800184, 795044054, 2, 1, 1, 1
3, 10, 11, 11, 773800184, 795044054, 2, 0, 1, 0
3, 10, 11, 11, 773800184, 795044054, 1, 8, 3096731, 1
3, 10, 11, 11, 773800184, 795044054, 1, 7, 3509628, 1
3, 10, 11, 11, 773800184, 795044054, 1, 6, 2678641, 1
3, 10, 11, 11, 773800184, 795044054, 1, 5, 1, 1
3, 10, 11, 11, 773800184, 795044054, 1, 4, 1, 1
3, 10, 11, 11, 773800184, 795044054, 1, 3, 1, 1
3, 10, 11, 11, 773800184, 795044054, 1, 2, 1, 1
3, 10, 11, 11, 773800184, 795044054, 1, 1, 1, 1
3, 10, 11, 11, 773800184, 795044054, 1, 0, 1, 0
3, 10, 11, 11, 773800184, 795044054, 0, 8, 1, 1
3, 10, 11, 11, 773800184, 795044054, 0, 7, 1, 1
3, 10, 11, 11, 773800184, 795044054, 0, 6, 1, 1
3, 10, 11, 11, 773800184, 795044054, 0, 5, 1, 1
3, 10, 11, 11, 773800184, 795044054, 0, 4, 1, 1
3, 10, 11, 11, 773800184, 795044054, 0, 3, 1, 1
3, 10, 11, 11, 773800184, 795044054, 0, 2, 1, 1
3, 10, 11, 11, 773800184, 795044054, 0, 1, 1, 1
3, 11, 11, 11, 795044055, 848172502, 8, 8, 194371986, 1
3, 11, 11, 11, 795044055, 848172502, 8, 7, 203892930, 1
3, 11, 11, 11, 795044055, 848172502, 8, 6, 217923891, 1
3, 11, 11, 11, 795044055, 848172502, 8, 5, 229641197, 1
3, 11, 11, 11, 795044055, 848172502, 8, 4, 241951073, 1
3, 11, 11, 11, 795044055, 848172502, 8, 3, 254243592, 1
3, 11, 11, 11, 795044055, 848172502, 8, 2, 275351221, 1
3, 11, 11, 11, 795044055, 848172502, 8, 1, 214013982, 1
3, 11, 11, 11, 795044055, 848172502, 8, 0, 82812353, 0
3, 11, 11, 11, 795044055, 848172502, 7, 8, 181443952, 1
3, 11, 11, 11, 795044055, 848172502, 7, 7, 187446980, 1
3, 11, 11, 11, 795044055, 848172502, 7, 6, 197164416, 1
3, 11, 11, 11, 795044055, 848172502, 7, 5, 202207343, 1
3, 11, 11, 11, 795044055, 848172502, 7, 4, 204579715, 1
3, 11, 11, 11, 795044055, 848172502, 7, 3, 201009271, 1
3, 11, 11, 11, 795044055, 848172502, 7, 2, 195299715, 1
3, 11, 11, 11, 795044055, 848172502, 7, 1, 137824230, 1
3, 11, 11, 11, 795044055, 848172502, 7, 0, 24861948, 0
3, 11, 11, 11, 795044055, 848172502, 6, 8, 163405723, 1
3, 11, 11, 11, 795044055, 848172502, 6, 7, 164687164, 1
3, 11, 11, 11, 795044055, 848172502, 6, 6, 168597441, 1
3, 11, 11, 11, 795044055, 848172502, 6, 5, 164692181, 1
3, 11, 11, 11, 795044055, 848172502, 6, 4, 158574044, 1
3, 11, 11, 11, 795044055, 848172502, 6, 3, 150913269, 1
3, 11, 11, 11, 795044055, 848172502, 6, 2, 138286328, 1
3, 11, 11, 11, 795044055, 848172502, 6, 1, 108066509, 1
3, 11, 11, 11, 795044055, 848172502, 6, 0, 1, 0
3, 11, 11, 11, 795044055, 848172502, 5, 8, 164580986, 1
3, 11, 11, 11, 795044055, 848172502, 5, 7, 165774685, 1
3, 11, 11, 11, 795044055, 848172502, 5, 6, 169957859, 1
3, 11, 11, 11, 795044055, 848172502, 5, 5, 164855808, 1
3, 11, 11, 11, 795044055, 848172502, 5, 4, 158450787, 1
3, 11, 11, 11, 795044055, 848172502, 5, 3, 148704018, 1
3, 11, 11, 11, 795044055, 848172502, 5, 2, 143398014, 1
3, 11, 11, 11, 795044055, 848172502, 5, 1, 110807556, 1
3, 11, 11, 11, 795044055, 848172502, 5, 0, 1, 0
3, 11, 11, 11, 795044055, 848172502, 4, 8, 165648183, 1
3, 11, 11, 11, 795044055, 848172502, 4, 7, 170301710, 1
3, 11, 11, 11, 795044055, 848172502, 4, 6, 171878448, 1
3, 11, 11, 11, 795044055, 848172502, 4, 5, 166604475, 1
3, 11, 11, 11, 795044055, 848172502, 4, 4, 158276174, 1
3, 11, 11, 11, 795044055, 848172502, 4, 3, 145564555, 1
3, 11, 11, 11, 795044055, 848172502, 4, 2, 137519943, 1
3, 11, 11, 11, 795044055, 848172502, 4, 1, 114766847, 1
3, 11, 11, 11, 795044055, 848172502, 4, 0, 1, 0
3, 11, 11, 11, 795044055, 848172502, 3, 8, 161877698, 1
3, 11, 11, 11, 795044055, 848172502, 3, 7, 166482092, 1
3, 11, 11, 11, 795044055, 848172502, 3, 6, 166852750, 1
3, 11, 11, 11, 795044055, 848172502, 3, 5, 153219689, 1
3, 11, 11, 11, 795044055, 848172502, 3, 4, 148297725, 1
3, 11, 11, 11, 795044055, 848172502, 3, 3, 140750713, 1
3, 11, 11, 11, 795044055, 848172502, 3, 2, 132435895, 1
3, 11, 11, 11, 795044055, 848172502, 3, 1, 100913726, 1
3, 11, 11, 11, 795044055, 848172502, 3, 0, 1, 0
3, 11, 11, 11, 795044055, 848172502, 2, 8, 158339722, 1
3, 11, 11, 11, 795044055, 848172502, 2, 7, 165132162, 1
3, 11, 11, 11, 795044055, 848172502, 2, 6, 164204896, 1
3, 11, 11, 11, 795044055, 848172502, 2, 5, 154684239, 1
3, 11, 11, 11, 795044055, 848172502, 2, 4, 147515343, 1
3, 11, 11, 11, 795044055, 848172502, 2, 3, 136436139, 1
3, 11, 11, 11, 795044055, 848172502, 2, 2, 146604653, 1
3, 11, 11, 11, 795044055, 848172502, 2, 1, 112883453, 1
3, 11, 11, 11, 795044055, 848172502, 2, 0, 1, 0
3, 11, 11, 11, 795044055, 848172502, 1, 8, 179067234, 1
3, 11, 11, 11, 795044055, 848172502, 1, 7, 184012357, 1
3, 11, 11, 11, 795044055, 848172502, 1, 6, 187094234, 1
3, 11, 11, 11, 795044055, 848172502, 1, 5, 174521637, 1
3, 11, 11, 11, 795044055, 848172502, 1, 4, 166366617, 1
3, 11, 11, 11, 795044055, 848172502, 1, 3, 153551585, 1
3, 11, 11, 11, 795044055, 848172502, 1, 2, 177775919, 1
3, 11, 11, 11, 795044055, 848172502, 1, 1, 140812818, 1
3, 11, 11, 11, 795044055, 848172502, 1, 0, 1, 0
3, 11, 11, 11, 795044055, 848172502, 0, 8, 216537717, 1
3, 11, 11, 11, 795044055, 848172502, 0, 7, 227188989, 1
3, 11, 11, 11, 795044055, 848172502, 0, 6, 241390685, 1
3, 11, 11, 11, 795044055, 848172502, 0, 5, 224367714, 1
3, 11, 11, 11, 795044055, 848172502, 0, 4, 210344732, 1
3, 11, 11, 11, 795044055, 848172502, 0, 3, 186973095, 1
3, 11, 11, 11, 795044055, 848172502, 0, 2, 280459643, 1
3, 11, 11, 11, 795044055, 848172502, 0, 1, 280459643, 1
3, 12, 11, 11, 848172503, 1150564593, 8, 8, 126031489, 0
3, 12, 11, 11, 848172503, 1150564593, 8, 7, 138303094, 0
3, 12, 11, 11, 848172503, 1150564593, 8, 6, 153760452, 1
3, 12, 11, 11, 848172503, 1150564593, 8, 5, 172217514, 1
3, 12, 11, 11, 848172503, 1150564593, 8, 4, 195778594, 1
3, 12, 11, 11, 848172503, 1150564593, 8, 3, 210076309, 1
3, 12, 11, 11, 848172503, 1150564593, 8, 2, 230362053, 1
3, 12, 11, 11, 848172503, 1150564593, 8, 1, 219454125, 1
3, 12, 11, 11, 848172503, 1150564593, 8, 0, 153781084, 0
3, 12, 11, 11, 848172503, 1150564593, 7, 8, 112863187, 1
3, 12, 11, 11, 848172503, 1150564593, 7, 7, 123020425, 1
3, 12, 11, 11, 848172503, 1150564593, 7, 6, 135707548, 1
3, 12, 11, 11, 848172503, 1150564593, 7, 5, 150176497, 1
3, 12, 11, 11, 848172503, 1150564593, 7, 4, 167821161, 1
3, 12, 11, 11, 848172503, 1150564593, 7, 3, 170433482, 1
3, 12, 11, 11, 848172503, 1150564593, 7, 2, 170442631, 1
3, 12, 11, 11, 848172503, 1150564593, 7, 1, 162111050, 1
3, 12, 11, 11, 848172503, 1150564593, 7, 0, 121528749, 0
3, 12, 11, 11, 848172503, 1150564593, 6, 8, 54203250, 1
3, 12, 11, 11, 848172503, 1150564593, 6, 7, 56320037, 1
3, 12, 11, 11, 848172503, 1150564593, 6, 6, 58567299, 1
3, 12, 11, 11, 848172503, 1150564593, 6, 5, 58673429, 1
3, 12, 11, 11, 848172503, 1150564593, 6, 4, 57285208, 1
3, 12, 11, 11, 848172503, 1150564593, 6, 3, 56851816, 1
3, 12, 11, 11, 848172503, 1150564593, 6, 2, 58031100, 1
3, 12, 11, 11, 848172503, 1150564593, 6, 1, 48219811, 1
3, 12, 11, 11, 848172503, 1150564593, 6, 0, 8181734, 0
3, 12, 11, 11, 848172503, 1150564593, 5, 8, 55694952, 1
3, 12, 11, 11, 848172503, 1150564593, 5, 7, 57912639, 1
3, 12, 11, 11, 848172503, 1150564593, 5, 6, 60209352, 1
3, 12, 11, 11, 848172503, 1150564593, 5, 5, 59886420, 1
3, 12, 11, 11, 848172503, 1150564593, 5, 4, 59143962, 1
3, 12, 11, 11, 848172503, 1150564593, 5, 3, 58066866, 1
3, 12, 11, 11, 848172503, 1150564593, 5, 2, 61072037, 1
3, 12, 11, 11, 848172503, 1150564593, 5, 1, 48865565, 1
3, 12, 11, 11, 848172503, 1150564593, 5, 0, 7363561, 0
3, 12, 11, 11, 848172503, 1150564593, 4, 8, 57648269, 1
3, 12, 11, 11, 848172503, 1150564593, 4, 7, 60519922, 1
3, 12, 11, 11, 848172503, 1150564593, 4, 6, 61969598, 1
3, 12, 11, 11, 848172503, 1150564593, 4, 5, 63541865, 1
3, 12, 11, 11, 848172503, 1150564593, 4, 4, 62288556, 1
3, 12, 11, 11, 848172503, 1150564593, 4, 3, 60439442, 1
3, 12, 11, 11, 848172503, 1150564593, 4, 2, 63149797, 1
3, 12, 11, 11, 848172503, 1150564593, 4, 1, 51161942, 1
3, 12, 11, 11, 848172503, 1150564593, 4, 0, 9204451, 0
3, 12, 11, 11, 848172503, 1150564593, 3, 8, 62682197, 1
3, 12, 11, 11, 848172503, 1150564593, 3, 7, 66151324, 1
3, 12, 11, 11, 848172503, 1150564593, 3, 6, 67794129, 1
3, 12, 11, 11, 848172503, 1150564593, 3, 5, 68095185, 1
3, 12, 11, 11, 848172503, 1150564593, 3, 4, 68182328, 1
3, 12, 11, 11, 848172503, 1150564593, 3, 3, 63259219, 1
3, 12, 11, 11, 848172503, 1150564593, 3, 2, 69245434, 1
3, 12, 11, 11, 848172503, 1150564593, 3, 1, 53017306, 1
3, 12, 11, 11, 848172503, 1150564593, 3, 0, 8181734, 0
3, 12, 11, 11, 848172503, 1150564593, 2, 8, 68657994, 1
3, 12, 11, 11, 848172503, 1150564593, 2, 7, 74738511, 1
3, 12, 11, 11, 848172503, 1150564593, 2, 6, 76589862, 1
3, 12, 11, 11, 848172503, 1150564593, 2, 5, 79094631, 1
3, 12, 11, 11, 848172503, 1150564593, 2, 4, 79067482, 1
3, 12, 11, 11, 848172503, 1150564593, 2, 3, 72129987, 1
3, 12, 11, 11, 848172503, 1150564593, 2, 2, 85413135, 1
3, 12, 11, 11, 848172503, 1150564593, 2, 1, 65157499, 1
3, 12, 11, 11, 848172503, 1150564593, 2, 0, 6136301, 0
3, 12, 11, 11, 848172503, 1150564593, 1, 8, 88082661, 1
3, 12, 11, 11, 848172503, 1150564593, 1, 7, 95418876, 1
3, 12, 11, 11, 848172503, 1150564593, 1, 6, 101627566, 1
3, 12, 11, 11, 848172503, 1150564593, 1, 5, 106093717, 1
3, 12, 11, 11, 848172503, 1150564593, 1, 4, 106936441, 1
3, 12, 11, 11, 848172503, 1150564593, 1, 3, 97424874, 1
3, 12, 11, 11, 848172503, 1150564593, 1, 2, 120982077, 1
3, 12, 11, 11, 848172503, 1150564593, 1, 1, 93484616, 1
3, 12, 11, 11, 848172503, 1150564593, 1, 0, 1, 0
3, 12, 11, 11, 848172503, 1150564593, 0, 8, 132113264, 1
3, 12, 11, 11, 848172503, 1150564593, 0, 7, 146263581, 1
3, 12, 11, 11, 848172503, 1150564593, 0, 6, 165130670, 1
3, 12, 11, 11, 848172503, 1150564593, 0, 5, 182744057, 1
3, 12, 11, 11, 848172503, 1150564593, 0, 4, 185544601, 1
3, 12, 11, 11, 848172503, 1150564593, 0, 3, 164928535, 1
3, 12, 11, 11, 848172503, 1150564593, 0, 2, 247392802, 1
3, 12, 11, 11, 848172503, 1150564593, 0, 1, 247392802, 1
3, 13, 11, 11, 1150564594, 1676375220, 8, 8, 68386386, 1
3, 13, 11, 11, 1150564594, 1676375220, 8, 7, 75018221, 1
3, 13, 11, 11, 1150564594, 1676375220, 8, 6, 81571542, 1
3, 13, 11, 11, 1150564594, 1676375220, 8, 5, 93376844, 1
3, 13, 11, 11, 1150564594, 1676375220, 8, 4, 96618984, 1
3, 13, 11, 11, 1150564594, 1676375220, 8, 3, 106031580, 1
3, 13, 11, 11, 1150564594, 1676375220, 8, 2, 94633113, 1
3, 13, 11, 11, 1150564594, 1676375220, 8, 1, 107639843, 1
3, 13, 11, 11, 1150564594, 1676375220, 8, 0, 79390631, 0
3, 13, 11, 11, 1150564594, 1676375220, 7, 8, 66976093, 1
3, 13, 11, 11, 1150564594, 1676375220, 7, 7, 73185482, 1
3, 13, 11, 11, 1150564594, 1676375220, 7, 6, 78942315, 1
3, 13, 11, 11, 1150564594, 1676375220, 7, 5, 90071583, 1
3, 13, 11, 11, 1150564594, 1676375220, 7, 4, 90657103, 1
3, 13, 11, 11, 1150564594, 1676375220, 7, 3, 96628936, 1
3, 13, 11, 11, 1150564594, 1676375220, 7, 2, 75863159, 1
3, 13, 11, 11, 1150564594, 1676375220, 7, 1, 100125235, 1
3, 13, 11, 11, 1150564594, 1676375220, 7, 0, 90732150, 0
3, 13, 11, 11, 1150564594, 1676375220, 6, 8, 56786146, 1
3, 13, 11, 11, 1150564594, 1676375220, 6, 7, 61384070, 1
3, 13, 11, 11, 1150564594, 1676375220, 6, 6, 64734703, 1
3, 13, 11, 11, 1150564594, 1676375220, 6, 5, 73141533, 1
3, 13, 11, 11, 1150564594, 1676375220, 6, 4, 73986851, 1
3, 13, 11, 11, 1150564594, 1676375220, 6, 3, 73163812, 1
3, 13, 11, 11, 1150564594, 1676375220, 6, 2, 58584783, 1
3, 13, 11, 11, 1150564594, 1676375220, 6, 1, 71440117, 1
3, 13, 11, 11, 1150564594, 1676375220, 6, 0, 70837057, 0
3, 13, 11, 11, 1150564594, 1676375220, 5, 8, 52034843, 1
3, 13, 11, 11, 1150564594, 1676375220, 5, 7, 56369867, 1
3, 13, 11, 11, 1150564594, 1676375220, 5, 6, 62855491, 1
3, 13, 11, 11, 1150564594, 1676375220, 5, 5, 71564758, 1
3, 13, 11, 11, 1150564594, 1676375220, 5, 4, 70954170, 1
3, 13, 11, 11, 1150564594, 1676375220, 5, 3, 67551967, 1
3, 13, 11, 11, 1150564594, 1676375220, 5, 2, 66796550, 1
3, 13, 11, 11, 1150564594, 1676375220, 5, 1, 84429229, 1
3, 13, 11, 11, 1150564594, 1676375220, 5, 0, 85004469, 0
3, 13, 11, 11, 1150564594, 1676375220, 4, 8, 59391578, 1
3, 13, 11, 11, 1150564594, 1676375220, 4, 7, 64224783, 1
3, 13, 11, 11, 1150564594, 1676375220, 4, 6, 71542881, 1
3, 13, 11, 11, 1150564594, 1676375220, 4, 5, 82631160, 1
3, 13, 11, 11, 1150564594, 1676375220, 4, 4, 81217001, 1
3, 13, 11, 11, 1150564594, 1676375220, 4, 3, 77967717, 1
3, 13, 11, 11, 1150564594, 1676375220, 4, 2, 78527647, 1
3, 13, 11, 11, 1150564594, 1676375220, 4, 1, 99174136, 1
3, 13, 11, 11, 1150564594, 1676375220, 4, 0, 106255586, 0
3, 13, 11, 11, 1150564594, 1676375220, 3, 8, 72597738, 1
3, 13, 11, 11, 1150564594, 1676375220, 3, 7, 78466385, 1
3, 13, 11, 11, 1150564594, 1676375220, 3, 6, 88751987, 1
3, 13, 11, 11, 1150564594, 1676375220, 3, 5, 102615189, 1
3, 13, 11, 11, 1150564594, 1676375220, 3, 4, 100687038, 1
3, 13, 11, 11, 1150564594, 1676375220, 3, 3, 96348822, 1
3, 13, 11, 11, 1150564594, 1676375220, 3, 2, 96657523, 1
3, 13, 11, 11, 1150564594, 1676375220, 3, 1, 127509603, 1
3, 13, 11, 11, 1150564594, 1676375220, 3, 0, 141674114, 0
3, 13, 11, 11, 1150564594, 1676375220, 2, 8, 92165525, 0
3, 13, 11, 11, 1150564594, 1676375220, 2, 7, 101043263, 0
3, 13, 11, 11, 1150564594, 1676375220, 2, 6, 116199752, 1
3, 13, 11, 11, 1150564594, 1676375220, 2, 5, 134578867, 1
3, 13, 11, 11, 1150564594, 1676375220, 2, 4, 134064244, 1
3, 13, 11, 11, 1150564594, 1676375220, 2, 3, 128098003, 0
3, 13, 11, 11, 1150564594, 1676375220, 2, 2, 132904094, 1
3, 13, 11, 11, 1150564594, 1676375220, 2, 1, 178513444, 1
3, 13, 11, 11, 1150564594, 1676375220, 2, 0, 212511171, 0
3, 13, 11, 11, 1150564594, 1676375220, 1, 8, 114235027, 0
3, 13, 11, 11, 1150564594, 1676375220, 1, 7, 124645791, 0
3, 13, 11, 11, 1150564594, 1676375220, 1, 6, 143822066, 0
3, 13, 11, 11, 1150564594, 1676375220, 1, 5, 169971533, 0
3, 13, 11, 11, 1150564594, 1676375220, 1, 4, 162082838, 0
3, 13, 11, 11, 1150564594, 1676375220, 1, 3, 146725493, 0
3, 13, 11, 11, 1150564594, 1676375220, 1, 2, 198184830, 0
3, 13, 11, 11, 1150564594, 1676375220, 1, 1, 285470973, 1
3, 13, 11, 11, 1150564594, 1676375220, 1, 0, 425022342, 0
3, 13, 11, 11, 1150564594, 1676375220, 0, 8, 171544489, 1
3, 13, 11, 11, 1150564594, 1676375220, 0, 7, 190885945, 1
3, 13, 11, 11, 1150564594, 1676375220, 0, 6, 222700269, 1
3, 13, 11, 11, 1150564594, 1676375220, 0, 5, 267240323, 1
3, 13, 11, 11, 1150564594, 1676375220, 0, 4, 240353649, 1
3, 13, 11, 11, 1150564594, 1676375220, 0, 3, 188633935, 1
3, 13, 11, 11, 1150564594, 1676375220, 0, 2, 282950903, 1
3, 13, 11, 11, 1150564594, 1676375220, 0, 1, 431390576, 1
3, 14, 11, 11, 1676375221, 1689929512, 8, 8, 45314996, 1
3, 14, 11, 11, 1676375221, 1689929512, 8, 7, 46235416, 1
3, 14, 11, 11, 1676375221, 1689929512, 8, 6, 44416137, 1
3, 14, 11, 11, 1676375221, 1689929512, 8, 5, 45887977, 1
3, 14, 11, 11, 1676375221, 1689929512, 8, 4, 47460672, 1
3, 14, 11, 11, 1676375221, 1689929512, 8, 3, 47004311, 1
3, 14, 11, 11, 1676375221, 1689929512, 8, 2, 41954342, 1
3, 14, 11, 11, 1676375221, 1689929512, 8, 1, 29356002, 0
3, 14, 11, 11, 1676375221, 1689929512, 8, 0, 26643538, 0
3, 14, 11, 11, 1676375221, 1689929512, 7, 8, 47219050, 1
3, 14, 11, 11, 1676375221, 1689929512, 7, 7, 47778847, 1
3, 14, 11, 11, 1676375221, 1689929512, 7, 6, 45728747, 1
3, 14, 11, 11, 1676375221, 1689929512, 7, 5, 46666880, 1
3, 14, 11, 11, 1676375221, 1689929512, 7, 4, 47424363, 1
3, 14, 11, 11, 1676375221, 1689929512, 7, 3, 46850947, 1
3, 14, 11, 11, 1676375221, 1689929512, 7, 2, 41827983, 1
3, 14, 11, 11, 1676375221, 1689929512, 7, 1, 29199794, 0
3, 14, 11, 11, 1676375221, 1689929512, 7, 0, 25191826, 0
3, 14, 11, 11, 1676375221, 1689929512, 6, 8, 45263100, 1
3, 14, 11, 11, 1676375221, 1689929512, 6, 7, 46918547, 1
3, 14, 11, 11, 1676375221, 1689929512, 6, 6, 45685839, 1
3, 14, 11, 11, 1676375221, 1689929512, 6, 5, 46096212, 1
3, 14, 11, 11, 1676375221, 1689929512, 6, 4, 47541238, 1
3, 14, 11, 11, 1676375221, 1689929512, 6, 3, 45156714, 1
3, 14, 11, 11, 1676375221, 1689929512, 6, 2, 41232832, 1
3, 14, 11, 11, 1676375221, 1689929512, 6, 1, 25502538, 0
3, 14, 11, 11, 1676375221, 1689929512, 6, 0, 15547247, 0
3, 14, 11, 11, 1676375221, 1689929512, 5, 8, 46207404, 1
3, 14, 11, 11, 1676375221, 1689929512, 5, 7, 47327672, 1
3, 14, 11, 11, 1676375221, 1689929512, 5, 6, 46356909, 1
3, 14, 11, 11, 1676375221, 1689929512, 5, 5, 47095237, 1
3, 14, 11, 11, 1676375221, 1689929512, 5, 4, 49373974, 1
3, 14, 11, 11, 1676375221, 1689929512, 5, 3, 45942483, 1
3, 14, 11, 11, 1676375221, 1689929512, 5, 2, 38947204, 1
3, 14, 11, 11, 1676375221, 1689929512, 5, 1, 19281536, 0
3, 14, 11, 11, 1676375221, 1689929512, 5, 0, 10860188, 0
3, 14, 11, 11, 1676375221, 1689929512, 4, 8, 49415850, 1
3, 14, 11, 11, 1676375221, 1689929512, 4, 7, 49992450, 1
3, 14, 11, 11, 1676375221, 1689929512, 4, 6, 49857840, 1
3, 14, 11, 11, 1676375221, 1689929512, 4, 5, 49754020, 1
3, 14, 11, 11, 1676375221, 1689929512, 4, 4, 51665248, 1
3, 14, 11, 11, 1676375221, 1689929512, 4, 3, 48977327, 1
3, 14, 11, 11, 1676375221, 1689929512, 4, 2, 42496601, 1
3, 14, 11, 11, 1676375221, 1689929512, 4, 1, 18673579, 0
3, 14, 11, 11, 1676375221, 1689929512, 4, 0, 13575234, 0
3, 14, 11, 11, 1676375221, 1689929512, 3, 8, 51543108, 1
3, 14, 11, 11, 1676375221, 1689929512, 3, 7, 53502644, 1
3, 14, 11, 11, 1676375221, 1689929512, 3, 6, 53305683, 1
3, 14, 11, 11, 1676375221, 1689929512, 3, 5, 52999322, 1
3, 14, 11, 11, 1676375221, 1689929512, 3, 4, 53801029, 1
3, 14, 11, 11, 1676375221, 1689929512, 3, 3, 55233742, 1
3, 14, 11, 11, 1676375221, 1689929512, 3, 2, 44808120, 1
3, 14, 11, 11, 1676375221, 1689929512, 3, 1, 20900067, 0
3, 14, 11, 11, 1676375221, 1689929512, 3, 0, 18100312, 0
3, 14, 11, 11, 1676375221, 1689929512, 2, 8, 50007383, 1
3, 14, 11, 11, 1676375221, 1689929512, 2, 7, 52885385, 1
3, 14, 11, 11, 1676375221, 1689929512, 2, 6, 51605582, 1
3, 14, 11, 11, 1676375221, 1689929512, 2, 5, 47755449, 1
3, 14, 11, 11, 1676375221, 1689929512, 2, 4, 48039298, 1
3, 14, 11, 11, 1676375221, 1689929512, 2, 3, 47127581, 1
3, 14, 11, 11, 1676375221, 1689929512, 2, 2, 36155910, 1
3, 14, 11, 11, 1676375221, 1689929512, 2, 1, 10789804, 1
3, 14, 11, 11, 1676375221, 1689929512, 2, 0, 1, 0
3, 14, 11, 11, 1676375221, 1689929512, 1, 8, 42982120, 1
3, 14, 11, 11, 1676375221, 1689929512, 1, 7, 47039612, 1
3, 14, 11, 11, 1676375221, 1689929512, 1, 6, 43670929, 1
3, 14, 11, 11, 1676375221, 1689929512, 1, 5, 46508323, 1
3, 14, 11, 11, 1676375221, 1689929512, 1, 4, 47874322, 1
3, 14, 11, 11, 1676375221, 1689929512, 1, 3, 49633922, 1
3, 14, 11, 11, 1676375221, 1689929512, 1, 2, 39955500, 1
3, 14, 11, 11, 1676375221, 1689929512, 1, 1, 8526783, 1
3, 14, 11, 11, 1676375221, 1689929512, 1, 0, 1, 0
3, 14, 11, 11, 1676375221, 1689929512, 0, 8, 29718686, 1
3, 14, 11, 11, 1676375221, 1689929512, 0, 7, 30378231, 1
3, 14, 11, 11, 1676375221, 1689929512, 0, 6, 28282479, 1
3, 14, 11, 11, 1676375221, 1689929512, 0, 5, 31528692, 1
3, 14, 11, 11, 1676375221, 1689929512, 0, 4, 37046186, 1
3, 14, 11, 11, 1676375221, 1689929512, 0, 3, 49394915, 1
3, 14, 11, 11, 1676375221, 1689929512, 0, 2, 28457858, 1
3, 14, 11, 11, 1676375221, 1689929512, 0, 1, 62880, 1
3, 15, 11, 11, 1689929513, 1748869159, 8, 8, 24060570, 1
3, 15, 11, 11, 1689929513, 1748869159, 8, 7, 25616925, 1
3, 15, 11, 11, 1689929513, 1748869159, 8, 6, 23635498, 1
3, 15, 11, 11, 1689929513, 1748869159, 8, 5, 25588952, 1
3, 15, 11, 11, 1689929513, 1748869159, 8, 4, 26492786, 1
3, 15, 11, 11, 1689929513, 1748869159, 8, 3, 26925866, 1
3, 15, 11, 11, 1689929513, 1748869159, 8, 2, 25474181, 1
3, 15, 11, 11, 1689929513, 1748869159, 8, 1, 25086179, 1
3, 15, 11, 11, 1689929513, 1748869159, 8, 0, 23962022, 0
3, 15, 11, 11, 1689929513, 1748869159, 7, 8, 25494347, 1
3, 15, 11, 11, 1689929513, 1748869159, 7, 7, 27048487, 1
3, 15, 11, 11, 1689929513, 1748869159, 7, 6, 25423326, 1
3, 15, 11, 11, 1689929513, 1748869159, 7, 5, 27427585, 1
3, 15, 11, 11, 1689929513, 1748869159, 7, 4, 28168323, 1
3, 15, 11, 11, 1689929513, 1748869159, 7, 3, 28235075, 1
3, 15, 11, 11, 1689929513, 1748869159, 7, 2, 27100993, 1
3, 15, 11, 11, 1689929513, 1748869159, 7, 1, 27249854, 1
3, 15, 11, 11, 1689929513, 1748869159, 7, 0, 27385168, 0
3, 15, 11, 11, 1689929513, 1748869159, 6, 8, 26380282, 1
3, 15, 11, 11, 1689929513, 1748869159, 6, 7, 28215523, 1
3, 15, 11, 11, 1689929513, 1748869159, 6, 6, 25960041, 1
3, 15, 11, 11, 1689929513, 1748869159, 6, 5, 28445462, 1
3, 15, 11, 11, 1689929513, 1748869159, 6, 4, 28698002, 1
3, 15, 11, 11, 1689929513, 1748869159, 6, 3, 27868695, 1
3, 15, 11, 11, 1689929513, 1748869159, 6, 2, 25839732, 1
3, 15, 11, 11, 1689929513, 1748869159, 6, 1, 23247664, 1
3, 15, 11, 11, 1689929513, 1748869159, 6, 0, 16562781, 0
3, 15, 11, 11, 1689929513, 1748869159, 5, 8, 24858041, 1
3, 15, 11, 11, 1689929513, 1748869159, 5, 7, 26356287, 1
3, 15, 11, 11, 1689929513, 1748869159, 5, 6, 24566497, 1
3, 15, 11, 11, 1689929513, 1748869159, 5, 5, 27551732, 1
3, 15, 11, 11, 1689929513, 1748869159, 5, 4, 27675646, 1
3, 15, 11, 11, 1689929513, 1748869159, 5, 3, 28651196, 1
3, 15, 11, 11, 1689929513, 1748869159, 5, 2, 30239846, 1
3, 15, 11, 11, 1689929513, 1748869159, 5, 1, 27474512, 1
3, 15, 11, 11, 1689929513, 1748869159, 5, 0, 19875337, 0
3, 15, 11, 11, 1689929513, 1748869159, 4, 8, 24598215, 1
3, 15, 11, 11, 1689929513, 1748869159, 4, 7, 25733097, 1
3, 15, 11, 11, 1689929513, 1748869159, 4, 6, 24958450, 1
3, 15, 11, 11, 1689929513, 1748869159, 4, 5, 27781777, 1
3, 15, 11, 11, 1689929513, 1748869159, 4, 4, 27351438, 1
3, 15, 11, 11, 1689929513, 1748869159, 4, 3, 28082425, 1
3, 15, 11, 11, 1689929513, 1748869159, 4, 2, 28483966, 1
3, 15, 11, 11, 1689929513, 1748869159, 4, 1, 27712999, 1
3, 15, 11, 11, 1689929513, 1748869159, 4, 0, 24844172, 0
3, 15, 11, 11, 1689929513, 1748869159, 3, 8, 24039858, 1
3, 15, 11, 11, 1689929513, 1748869159, 3, 7, 24602075, 1
3, 15, 11, 11, 1689929513, 1748869159, 3, 6, 24375461, 1
3, 15, 11, 11, 1689929513, 1748869159, 3, 5, 27518940, 1
3, 15, 11, 11, 1689929513, 1748869159, 3, 4, 27662730, 1
3, 15, 11, 11, 1689929513, 1748869159, 3, 3, 26848228, 1
3, 15, 11, 11, 1689929513, 1748869159, 3, 2, 24357534, 1
3, 15, 11, 11, 1689929513, 1748869159, 3, 1, 23861836, 1
3, 15, 11, 11, 1689929513, 1748869159, 3, 0, 5664185, 0
3, 15, 11, 11, 1689929513, 1748869159, 2, 8, 26109695, 1
3, 15, 11, 11, 1689929513, 1748869159, 2, 7, 26909506, 1
3, 15, 11, 11, 1689929513, 1748869159, 2, 6, 25804089, 1
3, 15, 11, 11, 1689929513, 1748869159, 2, 5, 28875292, 1
3, 15, 11, 11, 1689929513, 1748869159, 2, 4, 29787720, 1
3, 15, 11, 11, 1689929513, 1748869159, 2, 3, 27888561, 1
3, 15, 11, 11, 1689929513, 1748869159, 2, 2, 25783092, 1
3, 15, 11, 11, 1689929513, 1748869159, 2, 1, 21895618, 1
3, 15, 11, 11, 1689929513, 1748869159, 2, 0, 8496277, 0
3, 15, 11, 11, 1689929513, 1748869159, 1, 8, 30724195, 1
3, 15, 11, 11, 1689929513, 1748869159, 1, 7, 34014763, 1
3, 15, 11, 11, 1689929513, 1748869159, 1, 6, 31337274, 1
3, 15, 11, 11, 1689929513, 1748869159, 1, 5, 34743887, 1
3, 15, 11, 11, 1689929513, 1748869159, 1, 4, 39965079, 1
3, 15, 11, 11, 1689929513, 1748869159, 1, 3, 35633115, 1
3, 15, 11, 11, 1689929513, 1748869159, 1, 2, 30347983, 1
3, 15, 11, 11, 1689929513, 1748869159, 1, 1, 25033085, 1
3, 15, 11, 11, 1689929513, 1748869159, 1, 0, 16992553, 0
3, 15, 11, 11, 1689929513, 1748869159, 0, 8, 38947149, 1
3, 15, 11, 11, 1689929513, 1748869159, 0, 7, 42783902, 1
3, 15, 11, 11, 1689929513, 1748869159, 0, 6, 42715401, 1
3, 15, 11, 11, 1689929513, 1748869159, 0, 5, 46787843, 1
3, 15, 11, 11, 1689929513, 1748869159, 0, 4, 52860543, 1
3, 15, 11, 11, 1689929513, 1748869159, 0, 3, 52860543, 1
3, 15, 11, 11, 1689929513, 1748869159, 0, 2, 52860543, 1
3, 15, 11, 11, 1689929513, 1748869159, 0, 1, 52860543, 1
3, 16, 11, 11, 1748869160, 1753043203, 8, 8, 33710277, 1
3, 16, 11, 11, 1748869160, 1753043203, 8, 7, 34087124, 1
3, 16, 11, 11, 1748869160, 1753043203, 8, 6, 32105260, 1
3, 16, 11, 11, 1748869160, 1753043203, 8, 5, 33712076, 1
3, 16, 11, 11, 1748869160, 1753043203, 8, 4, 35144307, 1
3, 16, 11, 11, 1748869160, 1753043203, 8, 3, 35874114, 1
3, 16, 11, 11, 1748869160, 1753043203, 8, 2, 29410388, 1
3, 16, 11, 11, 1748869160, 1753043203, 8, 1, 16991414, 0
3, 16, 11, 11, 1748869160, 1753043203, 8, 0, 12054765, 0
3, 16, 11, 11, 1748869160, 1753043203, 7, 8, 33956080, 1
3, 16, 11, 11, 1748869160, 1753043203, 7, 7, 34732780, 1
3, 16, 11, 11, 1748869160, 1753043203, 7, 6, 32589695, 1
3, 16, 11, 11, 1748869160, 1753043203, 7, 5, 33801003, 1
3, 16, 11, 11, 1748869160, 1753043203, 7, 4, 35003588, 1
3, 16, 11, 11, 1748869160, 1753043203, 7, 3, 35057412, 1
3, 16, 11, 11, 1748869160, 1753043203, 7, 2, 28689484, 1
3, 16, 11, 11, 1748869160, 1753043203, 7, 1, 16748374, 0
3, 16, 11, 11, 1748869160, 1753043203, 7, 0, 11865614, 0
3, 16, 11, 11, 1748869160, 1753043203, 6, 8, 33612661, 1
3, 16, 11, 11, 1748869160, 1753043203, 6, 7, 35081518, 1
3, 16, 11, 11, 1748869160, 1753043203, 6, 6, 32269363, 1
3, 16, 11, 11, 1748869160, 1753043203, 6, 5, 33265987, 1
3, 16, 11, 11, 1748869160, 1753043203, 6, 4, 34165494, 1
3, 16, 11, 11, 1748869160, 1753043203, 6, 3, 33098373, 1
3, 16, 11, 11, 1748869160, 1753043203, 6, 2, 26446684, 1
3, 16, 11, 11, 1748869160, 1753043203, 6, 1, 11135515, 1
3, 16, 11, 11, 1748869160, 1753043203, 6, 0, 1, 0
3, 16, 11, 11, 1748869160, 1753043203, 5, 8, 34832099, 1
3, 16, 11, 11, 1748869160, 1753043203, 5, 7, 36017024, 1
3, 16, 11, 11, 1748869160, 1753043203, 5, 6, 33562891, 1
3, 16, 11, 11, 1748869160, 1753043203, 5, 5, 35478004, 1
3, 16, 11, 11, 1748869160, 1753043203, 5, 4, 37810553, 1
3, 16, 11, 11, 1748869160, 1753043203, 5, 3, 36979913, 1
3, 16, 11, 11, 1748869160, 1753043203, 5, 2, 28577388, 1
3, 16, 11, 11, 1748869160, 1753043203, 5, 1, 13160154, 1
3, 16, 11, 11, 1748869160, 1753043203, 5, 0, 1, 0
3, 16, 11, 11, 1748869160, 1753043203, 4, 8, 35719952, 1
3, 16, 11, 11, 1748869160, 1753043203, 4, 7, 36437396, 1
3, 16, 11, 11, 1748869160, 1753043203, 4, 6, 34516623, 1
3, 16, 11, 11, 1748869160, 1753043203, 4, 5, 35835062, 1
3, 16, 11, 11, 1748869160, 1753043203, 4, 4, 37815838, 1
3, 16, 11, 11, 1748869160, 1753043203, 4, 3, 38283341, 1
3, 16, 11, 11, 1748869160, 1753043203, 4, 2, 29904681, 1
3, 16, 11, 11, 1748869160, 1753043203, 4, 1, 11191890, 1
3, 16, 11, 11, 1748869160, 1753043203, 4, 0, 1, 0
3, 16, 11, 11, 1748869160, 1753043203, 3, 8, 38306069, 1
3, 16, 11, 11, 1748869160, 1753043203, 3, 7, 38557599, 1
3, 16, 11, 11, 1748869160, 1753043203, 3, 6, 36407509, 1
3, 16, 11, 11, 1748869160, 1753043203, 3, 5, 38290667, 1
3, 16, 11, 11, 1748869160, 1753043203, 3, 4, 39746548, 1
3, 16, 11, 11, 1748869160, 1753043203, 3, 3, 40412337, 1
3, 16, 11, 11, 1748869160, 1753043203, 3, 2, 29966974, 1
3, 16, 11, 11, 1748869160, 1753043203, 3, 1, 13142791, 1
3, 16, 11, 11, 1748869160, 1753043203, 3, 0, 1, 0
3, 16, 11, 11, 1748869160, 1753043203, 2, 8, 37086206, 1
3, 16, 11, 11, 1748869160, 1753043203, 2, 7, 38278837, 1
3, 16, 11, 11, 1748869160, 1753043203, 2, 6, 35160338, 1
3, 16, 11, 11, 1748869160, 1753043203, 2, 5, 36200679, 1
3, 16, 11, 11, 1748869160, 1753043203, 2, 4, 39098788, 1
3, 16, 11, 11, 1748869160, 1753043203, 2, 3, 39813666, 1
3, 16, 11, 11, 1748869160, 1753043203, 2, 2, 30197244, 1
3, 16, 11, 11, 1748869160, 1753043203, 2, 1, 10789804, 1
3, 16, 11, 11, 1748869160, 1753043203, 2, 0, 1, 0
3, 16, 11, 11, 1748869160, 1753043203, 1, 8, 35986046, 1
3, 16, 11, 11, 1748869160, 1753043203, 1, 7, 39110728, 1
3, 16, 11, 11, 1748869160, 1753043203, 1, 6, 34522216, 1
3, 16, 11, 11, 1748869160, 1753043203, 1, 5, 35696208, 1
3, 16, 11, 11, 1748869160, 1753043203, 1, 4, 42577730, 1
3, 16, 11, 11, 1748869160, 1753043203, 1, 3, 42824018, 1
3, 16, 11, 11, 1748869160, 1753043203, 1, 2, 30421634, 1
3, 16, 11, 11, 1748869160, 1753043203, 1, 1, 8526783, 1
3, 16, 11, 11, 1748869160, 1753043203, 1, 0, 1, 0
3, 16, 11, 11, 1748869160, 1753043203, 0, 8, 29718686, 1
3, 16, 11, 11, 1748869160, 1753043203, 0, 7, 30378231, 1
3, 16, 11, 11, 1748869160, 1753043203, 0, 6, 28282479, 1
3, 16, 11, 11, 1748869160, 1753043203, 0, 5, 31528692, 1
3, 16, 11, 11, 1748869160, 1753043203, 0, 4, 37046186, 1
3, 16, 11, 11, 1748869160, 1753043203, 0, 3, 49394915, 1
3, 16, 11, 11, 1748869160, 1753043203, 0, 2, 28457858, 1
3, 16, 11, 11, 1748869160, 1753043203, 0, 1, 62880, 1
