2, 1, 3, 19, 1, 99965661, 16, 0, 61614741, 0
2, 1, 3, 19, 1, 99965661, 15, 0, 48938583, 0
2, 1, 3, 19, 1, 99965661, 14, 0, 34504145, 0
2, 1, 3, 19, 1, 99965661, 13, 0, 34288127, 0
2, 1, 3, 19, 1, 99965661, 12, 0, 21581512, 0
2, 1, 3, 19, 1, 99965661, 11, 0, 23543467, 0
2, 1, 3, 19, 1, 99965661, 10, 0, 25897814, 0
2, 1, 3, 19, 1, 99965661, 9, 0, 28775349, 0
2, 1, 3, 19, 1, 99965661, 8, 0, 32372267, 0
2, 1, 3, 19, 1, 99965661, 7, 0, 36996877, 0
2, 1, 3, 19, 1, 99965661, 6, 0, 43163023, 0
2, 1, 3, 19, 1, 99965661, 5, 0, 1, 0
2, 1, 3, 19, 1, 99965661, 4, 0, 1, 0
2, 1, 3, 19, 1, 99965661, 3, 0, 1, 0
2, 1, 3, 19, 1, 99965661, 2, 0, 1, 0
2, 1, 3, 19, 1, 99965661, 1, 0, 1, 0
2, 2, 3, 19, 99965662, 185688316, 16, 0, 754740255, 0
2, 2, 3, 19, 99965662, 185688316, 15, 0, 709412922, 0
2, 2, 3, 19, 99965662, 185688316, 14, 0, 683577843, 0
2, 2, 3, 19, 99965662, 185688316, 13, 0, 674332315, 0
2, 2, 3, 19, 99965662, 185688316, 12, 0, 673759922, 0
2, 2, 3, 19, 99965662, 185688316, 11, 0, 669256178, 0
2, 2, 3, 19, 99965662, 185688316, 10, 0, 607423992, 0
2, 2, 3, 19, 99965662, 185688316, 9, 0, 585962427, 0
2, 2, 3, 19, 99965662, 185688316, 8, 0, 491306200, 0
2, 2, 3, 19, 99965662, 185688316, 7, 0, 398272042, 0
2, 2, 3, 19, 99965662, 185688316, 6, 0, 327895825, 0
2, 2, 3, 19, 99965662, 185688316, 5, 0, 187976070, 0
2, 2, 3, 19, 99965662, 185688316, 4, 0, 1, 0
2, 2, 3, 19, 99965662, 185688316, 3, 0, 1, 0
2, 2, 3, 19, 99965662, 185688316, 2, 0, 1, 0
2, 2, 3, 19, 99965662, 185688316, 1, 0, 1, 0
2, 3, 3, 19, 185688317, 209247012, 16, 0, 427172972, 0
2, 3, 3, 19, 185688317, 209247012, 15, 0, 417013925, 0
2, 3, 3, 19, 185688317, 209247012, 14, 0, 446800634, 0
2, 3, 3, 19, 185688317, 209247012, 13, 0, 431313270, 0
2, 3, 3, 19, 185688317, 209247012, 12, 0, 415100582, 0
2, 3, 3, 19, 185688317, 209247012, 11, 0, 409852805, 0
2, 3, 3, 19, 185688317, 209247012, 10, 0, 418637333, 0
2, 3, 3, 19, 185688317, 209247012, 9, 0, 408060960, 0
2, 3, 3, 19, 185688317, 209247012, 8, 0, 399445167, 0
2, 3, 3, 19, 185688317, 209247012, 7, 0, 456508762, 0
2, 3, 3, 19, 185688317, 209247012, 6, 0, 430384713, 0
2, 3, 3, 19, 185688317, 209247012, 5, 0, 397357818, 0
2, 3, 3, 19, 185688317, 209247012, 4, 0, 496697273, 0
2, 3, 3, 19, 185688317, 209247012, 3, 0, 570910300, 0
2, 3, 3, 19, 185688317, 209247012, 2, 0, 574019633, 0
2, 3, 3, 19, 185688317, 209247012, 1, 0, 488434090, 0
2, 4, 3, 19, 209247013, 231267533, 16, 0, 415235042, 0
2, 4, 3, 19, 209247013, 231267533, 15, 0, 416245974, 0
2, 4, 3, 19, 209247013, 231267533, 14, 0, 415071059, 0
2, 4, 3, 19, 209247013, 231267533, 13, 0, 418882534, 0
2, 4, 3, 19, 209247013, 231267533, 12, 0, 413569899, 0
2, 4, 3, 19, 209247013, 231267533, 11, 0, 419099911, 0
2, 4, 3, 19, 209247013, 231267533, 10, 0, 420147671, 0
2, 4, 3, 19, 209247013, 231267533, 9, 0, 407712044, 0
2, 4, 3, 19, 209247013, 231267533, 8, 0, 418256606, 0
2, 4, 3, 19, 209247013, 231267533, 7, 0, 395357260, 0
2, 4, 3, 19, 209247013, 231267533, 6, 0, 366801838, 0
2, 4, 3, 19, 209247013, 231267533, 5, 0, 440162206, 0
2, 4, 3, 19, 209247013, 231267533, 4, 0, 550202757, 0
2, 4, 3, 19, 209247013, 231267533, 3, 0, 558532029, 0
2, 4, 3, 19, 209247013, 231267533, 2, 0, 547569715, 0
2, 4, 3, 19, 209247013, 231267533, 1, 0, 533000746, 0
2, 5, 3, 19, 231267534, 275458669, 16, 0, 345283225, 0
2, 5, 3, 19, 231267534, 275458669, 15, 0, 341905767, 0
2, 5, 3, 19, 231267534, 275458669, 14, 0, 366327608, 0
2, 5, 3, 19, 231267534, 275458669, 13, 0, 363251970, 0
2, 5, 3, 19, 231267534, 275458669, 12, 0, 357120319, 0
2, 5, 3, 19, 231267534, 275458669, 11, 0, 352917864, 0
2, 5, 3, 19, 231267534, 275458669, 10, 0, 346543909, 0
2, 5, 3, 19, 231267534, 275458669, 9, 0, 340124113, 0
2, 5, 3, 19, 231267534, 275458669, 8, 0, 331706038, 0
2, 5, 3, 19, 231267534, 275458669, 7, 0, 375217446, 0
2, 5, 3, 19, 231267534, 275458669, 6, 0, 354758518, 0
2, 5, 3, 19, 231267534, 275458669, 5, 0, 341292641, 0
2, 5, 3, 19, 231267534, 275458669, 4, 0, 426088883, 0
2, 5, 3, 19, 231267534, 275458669, 3, 0, 432309182, 0
2, 5, 3, 19, 231267534, 275458669, 2, 0, 428496563, 0
2, 5, 3, 19, 231267534, 275458669, 1, 0, 451695758, 0
2, 6, 3, 19, 275458670, 305154788, 16, 0, 317740258, 0
2, 6, 3, 19, 275458670, 305154788, 15, 0, 310189573, 0
2, 6, 3, 19, 275458670, 305154788, 14, 0, 332345971, 0
2, 6, 3, 19, 275458670, 305154788, 13, 0, 325553888, 0
2, 6, 3, 19, 275458670, 305154788, 12, 0, 316709099, 0
2, 6, 3, 19, 275458670, 305154788, 11, 0, 307043048, 0
2, 6, 3, 19, 275458670, 305154788, 10, 0, 297630934, 0
2, 6, 3, 19, 275458670, 305154788, 9, 0, 284520882, 0
2, 6, 3, 19, 275458670, 305154788, 8, 0, 266333521, 0
2, 6, 3, 19, 275458670, 305154788, 7, 0, 304381167, 0
2, 6, 3, 19, 275458670, 305154788, 6, 0, 285299197, 0
2, 6, 3, 19, 275458670, 305154788, 5, 0, 342359036, 0
2, 6, 3, 19, 275458670, 305154788, 4, 0, 427948795, 0
2, 6, 3, 19, 275458670, 305154788, 3, 0, 435391235, 0
2, 6, 3, 19, 275458670, 305154788, 2, 0, 423934677, 0
2, 6, 3, 19, 275458670, 305154788, 1, 0, 428370295, 0
2, 7, 3, 19, 305154789, 334982031, 16, 0, 252251957, 0
2, 7, 3, 19, 305154789, 334982031, 15, 0, 247576568, 0
2, 7, 3, 19, 305154789, 334982031, 14, 0, 265260609, 0
2, 7, 3, 19, 305154789, 334982031, 13, 0, 259728839, 0
2, 7, 3, 19, 305154789, 334982031, 12, 0, 252350111, 0
2, 7, 3, 19, 305154789, 334982031, 11, 0, 248812775, 0
2, 7, 3, 19, 305154789, 334982031, 10, 0, 240891997, 0
2, 7, 3, 19, 305154789, 334982031, 9, 0, 233267861, 0
2, 7, 3, 19, 305154789, 334982031, 8, 0, 220913711, 0
2, 7, 3, 19, 305154789, 334982031, 7, 0, 252472812, 0
2, 7, 3, 19, 305154789, 334982031, 6, 0, 234323245, 0
2, 7, 3, 19, 305154789, 334982031, 5, 0, 281187894, 0
2, 7, 3, 19, 305154789, 334982031, 4, 0, 351484868, 0
2, 7, 3, 19, 305154789, 334982031, 3, 0, 353747844, 0
2, 7, 3, 19, 305154789, 334982031, 2, 0, 356327191, 0
2, 7, 3, 19, 305154789, 334982031, 1, 0, 361771492, 0
2, 8, 3, 19, 334982032, 347238415, 16, 0, 218460310, 0
2, 8, 3, 19, 334982032, 347238415, 15, 0, 214535846, 0
2, 8, 3, 19, 334982032, 347238415, 14, 0, 229859835, 0
2, 8, 3, 19, 334982032, 347238415, 13, 0, 225070739, 0
2, 8, 3, 19, 334982032, 347238415, 12, 0, 218558464, 0
2, 8, 3, 19, 334982032, 347238415, 11, 0, 216045117, 0
2, 8, 3, 19, 334982032, 347238415, 10, 0, 209353126, 0
2, 8, 3, 19, 334982032, 347238415, 9, 0, 203230841, 0
2, 8, 3, 19, 334982032, 347238415, 8, 0, 192754005, 0
2, 8, 3, 19, 334982032, 347238415, 7, 0, 220290291, 0
2, 8, 3, 19, 334982032, 347238415, 6, 0, 204286225, 0
2, 8, 3, 19, 334982032, 347238415, 5, 0, 245143470, 0
2, 8, 3, 19, 334982032, 347238415, 4, 0, 306429338, 0
2, 8, 3, 19, 334982032, 347238415, 3, 0, 308692314, 0
2, 8, 3, 19, 334982032, 347238415, 2, 0, 311271661, 0
2, 8, 3, 19, 334982032, 347238415, 1, 0, 316715962, 0
2, 9, 3, 19, 347238416, 376273972, 16, 0, 255885504, 0
2, 9, 3, 19, 347238416, 376273972, 15, 0, 247505058, 0
2, 9, 3, 19, 347238416, 376273972, 14, 0, 260473718, 0
2, 9, 3, 19, 347238416, 376273972, 13, 0, 242854786, 0
2, 9, 3, 19, 347238416, 376273972, 12, 0, 221374367, 0
2, 9, 3, 19, 347238416, 376273972, 11, 0, 201171397, 0
2, 9, 3, 19, 347238416, 376273972, 10, 0, 189722580, 0
2, 9, 3, 19, 347238416, 376273972, 9, 0, 169659983, 0
2, 9, 3, 19, 347238416, 376273972, 8, 0, 190867480, 0
2, 9, 3, 19, 347238416, 376273972, 7, 0, 218134263, 0
2, 9, 3, 19, 347238416, 376273972, 6, 0, 254489974, 0
2, 9, 3, 19, 347238416, 376273972, 5, 0, 291307949, 0
2, 9, 3, 19, 347238416, 376273972, 4, 0, 340054088, 0
2, 9, 3, 19, 347238416, 376273972, 3, 0, 304139368, 0
2, 9, 3, 19, 347238416, 376273972, 2, 0, 456209052, 0
2, 9, 3, 19, 347238416, 376273972, 1, 0, 459500369, 0
2, 10, 3, 19, 376273973, 386529559, 16, 0, 48002144, 0
2, 10, 3, 19, 376273973, 386529559, 15, 0, 51202287, 0
2, 10, 3, 19, 376273973, 386529559, 14, 0, 54859593, 0
2, 10, 3, 19, 376273973, 386529559, 13, 0, 44132093, 0
2, 10, 3, 19, 376273973, 386529559, 12, 0, 41308088, 0
2, 10, 3, 19, 376273973, 386529559, 11, 0, 45063369, 0
2, 10, 3, 19, 376273973, 386529559, 10, 0, 13818045, 0
2, 10, 3, 19, 376273973, 386529559, 9, 0, 15353383, 0
2, 10, 3, 19, 376273973, 386529559, 8, 0, 17272556, 0
2, 10, 3, 19, 376273973, 386529559, 7, 0, 19740064, 0
2, 10, 3, 19, 376273973, 386529559, 6, 0, 23030074, 0
2, 10, 3, 19, 376273973, 386529559, 5, 0, 1, 0
2, 10, 3, 19, 376273973, 386529559, 4, 0, 1, 0
2, 10, 3, 19, 376273973, 386529559, 3, 0, 1, 0
2, 10, 3, 19, 376273973, 386529559, 2, 0, 1, 0
2, 10, 3, 19, 376273973, 386529559, 1, 0, 1, 0
2, 11, 3, 19, 386529560, 401982647, 16, 0, 47433148, 0
2, 11, 3, 19, 386529560, 401982647, 15, 0, 44666914, 0
2, 11, 3, 19, 386529560, 401982647, 14, 0, 47334549, 0
2, 11, 3, 19, 386529560, 401982647, 13, 0, 40004391, 0
2, 11, 3, 19, 386529560, 401982647, 12, 0, 38655783, 0
2, 11, 3, 19, 386529560, 401982647, 11, 0, 42169945, 0
2, 11, 3, 19, 386529560, 401982647, 10, 0, 32640529, 0
2, 11, 3, 19, 386529560, 401982647, 9, 0, 36267254, 0
2, 11, 3, 19, 386529560, 401982647, 8, 0, 40800661, 0
2, 11, 3, 19, 386529560, 401982647, 7, 0, 37987987, 0
2, 11, 3, 19, 386529560, 401982647, 6, 0, 29649278, 0
2, 11, 3, 19, 386529560, 401982647, 5, 0, 27500189, 0
2, 11, 3, 19, 386529560, 401982647, 4, 0, 26165649, 0
2, 11, 3, 19, 386529560, 401982647, 3, 0, 33507576, 0
2, 11, 3, 19, 386529560, 401982647, 2, 0, 1, 0
2, 11, 3, 19, 386529560, 401982647, 1, 0, 1, 0
2, 12, 3, 19, 401982648, 408159570, 16, 0, 52698605, 0
2, 12, 3, 19, 401982648, 408159570, 15, 0, 52083674, 0
2, 12, 3, 19, 401982648, 408159570, 14, 0, 50809405, 0
2, 12, 3, 19, 401982648, 408159570, 13, 0, 49577872, 0
2, 12, 3, 19, 401982648, 408159570, 12, 0, 47781422, 0
2, 12, 3, 19, 401982648, 408159570, 11, 0, 46925626, 0
2, 12, 3, 19, 401982648, 408159570, 10, 0, 46242834, 0
2, 12, 3, 19, 401982648, 408159570, 9, 0, 51380926, 0
2, 12, 3, 19, 401982648, 408159570, 8, 0, 57803542, 0
2, 12, 3, 19, 401982648, 408159570, 7, 0, 66061191, 0
2, 12, 3, 19, 401982648, 408159570, 6, 0, 77071389, 0
2, 12, 3, 19, 401982648, 408159570, 5, 0, 80052221, 0
2, 12, 3, 19, 401982648, 408159570, 4, 0, 100065277, 0
2, 12, 3, 19, 401982648, 408159570, 3, 0, 108068591, 0
2, 12, 3, 19, 401982648, 408159570, 2, 0, 112309446, 0
2, 12, 3, 19, 401982648, 408159570, 1, 0, 131423775, 0
2, 13, 3, 19, 408159571, 447896745, 16, 0, 18900074, 0
2, 13, 3, 19, 408159571, 447896745, 15, 0, 20160079, 0
2, 13, 3, 19, 408159571, 447896745, 14, 0, 21600085, 0
2, 13, 3, 19, 408159571, 447896745, 13, 0, 23261630, 0
2, 13, 3, 19, 408159571, 447896745, 12, 0, 25200099, 0
2, 13, 3, 19, 408159571, 447896745, 11, 0, 27491017, 0
2, 13, 3, 19, 408159571, 447896745, 10, 0, 30240118, 0
2, 13, 3, 19, 408159571, 447896745, 9, 0, 33600131, 0
2, 13, 3, 19, 408159571, 447896745, 8, 0, 37800148, 0
2, 13, 3, 19, 408159571, 447896745, 7, 0, 43200169, 0
2, 13, 3, 19, 408159571, 447896745, 6, 0, 32922116, 0
2, 13, 3, 19, 408159571, 447896745, 5, 0, 39506540, 0
2, 13, 3, 19, 408159571, 447896745, 4, 0, 49383174, 0
2, 13, 3, 19, 408159571, 447896745, 3, 0, 65844232, 0
2, 13, 3, 19, 408159571, 447896745, 2, 0, 70085087, 0
2, 13, 3, 19, 408159571, 447896745, 1, 0, 89199416, 0
2, 14, 3, 19, 447896746, 456774287, 16, 0, 58350788, 0
2, 14, 3, 19, 447896746, 456774287, 15, 0, 53585348, 0
2, 14, 3, 19, 447896746, 456774287, 14, 0, 47536238, 0
2, 14, 3, 19, 447896746, 456774287, 13, 0, 40610064, 0
2, 14, 3, 19, 447896746, 456774287, 12, 0, 32325974, 0
2, 14, 3, 19, 447896746, 456774287, 11, 0, 24846569, 0
2, 14, 3, 19, 447896746, 456774287, 10, 0, 16807746, 0
2, 14, 3, 19, 447896746, 456774287, 9, 0, 5477928, 0
2, 14, 3, 19, 447896746, 456774287, 8, 0, 6162669, 0
2, 14, 3, 19, 447896746, 456774287, 7, 0, 7043051, 0
2, 14, 3, 19, 447896746, 456774287, 6, 0, 8216892, 0
2, 14, 3, 19, 447896746, 456774287, 5, 0, 3227628, 0
2, 14, 3, 19, 447896746, 456774287, 4, 0, 1, 0
2, 14, 3, 19, 447896746, 456774287, 3, 0, 1, 0
2, 14, 3, 19, 447896746, 456774287, 2, 0, 1, 0
2, 14, 3, 19, 447896746, 456774287, 1, 0, 1, 0
2, 15, 3, 19, 456774288, 461697362, 16, 0, 192214486, 0
2, 15, 3, 19, 456774288, 461697362, 15, 0, 187429709, 0
2, 15, 3, 19, 456774288, 461697362, 14, 0, 181464150, 0
2, 15, 3, 19, 456774288, 461697362, 13, 0, 174452413, 0
2, 15, 3, 19, 456774288, 461697362, 12, 0, 166456238, 0
2, 15, 3, 19, 456774288, 461697362, 11, 0, 151226860, 0
2, 15, 3, 19, 456774288, 461697362, 10, 0, 139759824, 0
2, 15, 3, 19, 456774288, 461697362, 9, 0, 125947055, 0
2, 15, 3, 19, 456774288, 461697362, 8, 0, 127292760, 0
2, 15, 3, 19, 456774288, 461697362, 7, 0, 129022952, 0
2, 15, 3, 19, 456774288, 461697362, 6, 0, 131329874, 0
2, 15, 3, 19, 456774288, 461697362, 5, 0, 121918493, 0
2, 15, 3, 19, 456774288, 461697362, 4, 0, 110910012, 0
2, 15, 3, 19, 456774288, 461697362, 3, 0, 102383337, 0
2, 15, 3, 19, 456774288, 461697362, 2, 0, 90190997, 0
2, 15, 3, 19, 456774288, 461697362, 1, 0, 80080991, 0
2, 16, 3, 19, 461697363, 483352417, 16, 0, 127972531, 0
2, 16, 3, 19, 461697363, 483352417, 15, 0, 128061005, 0
2, 16, 3, 19, 461697363, 483352417, 14, 0, 118607263, 0
2, 16, 3, 19, 461697363, 483352417, 13, 0, 115684852, 0
2, 16, 3, 19, 461697363, 483352417, 12, 0, 102505661, 0
2, 16, 3, 19, 461697363, 483352417, 11, 0, 90697693, 0
2, 16, 3, 19, 461697363, 483352417, 10, 0, 77315942, 0
2, 16, 3, 19, 461697363, 483352417, 9, 0, 60406588, 0
2, 16, 3, 19, 461697363, 483352417, 8, 0, 65895957, 0
2, 16, 3, 19, 461697363, 483352417, 7, 0, 72953717, 0
2, 16, 3, 19, 461697363, 483352417, 6, 0, 82364063, 0
2, 16, 3, 19, 461697363, 483352417, 5, 0, 79200737, 0
2, 16, 3, 19, 461697363, 483352417, 4, 0, 75111320, 0
2, 16, 3, 19, 461697363, 483352417, 3, 0, 72716614, 0
2, 16, 3, 19, 461697363, 483352417, 2, 0, 60554184, 0
2, 16, 3, 19, 461697363, 483352417, 1, 0, 30791736, 0
2, 17, 3, 19, 483352418, 492596681, 16, 0, 89963482, 0
2, 17, 3, 19, 483352418, 492596681, 15, 0, 92321139, 0
2, 17, 3, 19, 483352418, 492596681, 14, 0, 83728089, 0
2, 17, 3, 19, 483352418, 492596681, 13, 0, 73730264, 0
2, 17, 3, 19, 483352418, 492596681, 12, 0, 63058756, 0
2, 17, 3, 19, 483352418, 492596681, 11, 0, 51911585, 0
2, 17, 3, 19, 483352418, 492596681, 10, 0, 41855901, 0
2, 17, 3, 19, 483352418, 492596681, 9, 0, 29011741, 0
2, 17, 3, 19, 483352418, 492596681, 8, 0, 32638209, 0
2, 17, 3, 19, 483352418, 492596681, 7, 0, 37300810, 0
2, 17, 3, 19, 483352418, 492596681, 6, 0, 43517611, 0
2, 17, 3, 19, 483352418, 492596681, 5, 0, 45921729, 0
2, 17, 3, 19, 483352418, 492596681, 4, 0, 46598167, 0
2, 17, 3, 19, 483352418, 492596681, 3, 0, 47860336, 0
2, 17, 3, 19, 483352418, 492596681, 2, 0, 49103970, 0
2, 17, 3, 19, 483352418, 492596681, 1, 0, 41412701, 0
2, 18, 3, 19, 492596682, 514064675, 16, 0, 182278875, 0
2, 18, 3, 19, 492596682, 514064675, 15, 0, 178154211, 0
2, 18, 3, 19, 492596682, 514064675, 14, 0, 168390276, 0
2, 18, 3, 19, 492596682, 514064675, 13, 0, 158155015, 0
2, 18, 3, 19, 492596682, 514064675, 12, 0, 151259796, 0
2, 18, 3, 19, 492596682, 514064675, 11, 0, 139274058, 0
2, 18, 3, 19, 492596682, 514064675, 10, 0, 131970774, 0
2, 18, 3, 19, 492596682, 514064675, 9, 0, 123161728, 0
2, 18, 3, 19, 492596682, 514064675, 8, 0, 131557185, 0
2, 18, 3, 19, 492596682, 514064675, 7, 0, 131786181, 0
2, 18, 3, 19, 492596682, 514064675, 6, 0, 138469588, 0
2, 18, 3, 19, 492596682, 514064675, 5, 0, 43625536, 0
2, 18, 3, 19, 492596682, 514064675, 4, 0, 43547130, 0
2, 18, 3, 19, 492596682, 514064675, 3, 0, 44194297, 0
2, 18, 3, 19, 492596682, 514064675, 2, 0, 49755838, 0
2, 18, 3, 19, 492596682, 514064675, 1, 0, 44947984, 0
2, 19, 3, 19, 514064676, 538737381, 16, 0, 109222449, 0
2, 19, 3, 19, 514064676, 538737381, 15, 0, 99392199, 0
2, 19, 3, 19, 514064676, 538737381, 14, 0, 72570518, 0
2, 19, 3, 19, 514064676, 538737381, 13, 0, 64961603, 0
2, 19, 3, 19, 514064676, 538737381, 12, 0, 47973942, 0
2, 19, 3, 19, 514064676, 538737381, 11, 0, 24923156, 0
2, 19, 3, 19, 514064676, 538737381, 10, 0, 14298535, 0
2, 19, 3, 19, 514064676, 538737381, 9, 0, 1, 0
2, 19, 3, 19, 514064676, 538737381, 8, 0, 1, 0
2, 19, 3, 19, 514064676, 538737381, 7, 0, 1, 0
2, 19, 3, 19, 514064676, 538737381, 6, 0, 1, 0
2, 19, 3, 19, 514064676, 538737381, 5, 0, 1, 0
2, 19, 3, 19, 514064676, 538737381, 4, 0, 1, 0
2, 19, 3, 19, 514064676, 538737381, 3, 0, 1, 0
2, 19, 3, 19, 514064676, 538737381, 2, 0, 1, 0
2, 19, 3, 19, 514064676, 538737381, 1, 0, 1, 0
2, 20, 3, 19, 538737382, 581378872, 16, 0, 353076475, 0
2, 20, 3, 19, 538737382, 581378872, 15, 0, 331614771, 0
2, 20, 3, 19, 538737382, 581378872, 14, 0, 295370366, 0
2, 20, 3, 19, 538737382, 581378872, 13, 0, 271371357, 0
2, 20, 3, 19, 538737382, 581378872, 12, 0, 249597491, 0
2, 20, 3, 19, 538737382, 581378872, 11, 0, 209721548, 0
2, 20, 3, 19, 538737382, 581378872, 10, 0, 187223100, 0
2, 20, 3, 19, 538737382, 581378872, 9, 0, 157966731, 0
2, 20, 3, 19, 538737382, 581378872, 8, 0, 133031503, 0
2, 20, 3, 19, 538737382, 581378872, 7, 0, 132657649, 0
2, 20, 3, 19, 538737382, 581378872, 6, 0, 153649756, 0
2, 20, 3, 19, 538737382, 581378872, 5, 0, 184379707, 0
2, 20, 3, 19, 538737382, 581378872, 4, 0, 230474633, 0
2, 20, 3, 19, 538737382, 581378872, 3, 0, 41897283, 0
2, 20, 3, 19, 538737382, 581378872, 2, 0, 62845924, 0
2, 20, 3, 19, 538737382, 581378872, 1, 0, 1, 0
2, 21, 3, 19, 581378873, 669489964, 16, 0, 461522197, 0
2, 21, 3, 19, 581378873, 669489964, 15, 0, 451041396, 0
2, 21, 3, 19, 581378873, 669489964, 14, 0, 458031121, 0
2, 21, 3, 19, 581378873, 669489964, 13, 0, 446040296, 0
2, 21, 3, 19, 581378873, 669489964, 12, 0, 437894247, 0
2, 21, 3, 19, 581378873, 669489964, 11, 0, 425933945, 0
2, 21, 3, 19, 581378873, 669489964, 10, 0, 423836073, 0
2, 21, 3, 19, 581378873, 669489964, 9, 0, 416802934, 0
2, 21, 3, 19, 581378873, 669489964, 8, 0, 468903301, 0
2, 21, 3, 19, 581378873, 669489964, 7, 0, 476868303, 0
2, 21, 3, 19, 581378873, 669489964, 6, 0, 487488306, 0
2, 21, 3, 19, 581378873, 669489964, 5, 0, 475797755, 0
2, 21, 3, 19, 581378873, 669489964, 4, 0, 460975594, 0
2, 21, 3, 19, 581378873, 669489964, 3, 0, 490124453, 0
2, 21, 3, 19, 581378873, 669489964, 2, 0, 483348507, 0
2, 21, 3, 19, 581378873, 669489964, 1, 0, 469178138, 0
2, 22, 3, 19, 669489965, 798110662, 16, 0, 395274609, 0
2, 22, 3, 19, 669489965, 798110662, 15, 0, 380966177, 0
2, 22, 3, 19, 669489965, 798110662, 14, 0, 383581465, 0
2, 22, 3, 19, 669489965, 798110662, 13, 0, 366543214, 0
2, 22, 3, 19, 669489965, 798110662, 12, 0, 352508502, 0
2, 22, 3, 19, 669489965, 798110662, 11, 0, 333588869, 0
2, 22, 3, 19, 669489965, 798110662, 10, 0, 323139801, 0
2, 22, 3, 19, 669489965, 798110662, 9, 0, 326075311, 0
2, 22, 3, 19, 669489965, 798110662, 8, 0, 366834725, 0
2, 22, 3, 19, 669489965, 798110662, 7, 0, 345883344, 0
2, 22, 3, 19, 669489965, 798110662, 6, 0, 325780067, 0
2, 22, 3, 19, 669489965, 798110662, 5, 0, 289460713, 0
2, 22, 3, 19, 669489965, 798110662, 4, 0, 257252960, 0
2, 22, 3, 19, 669489965, 798110662, 3, 0, 192790028, 0
2, 22, 3, 19, 669489965, 798110662, 2, 0, 211527075, 0
2, 22, 3, 19, 669489965, 798110662, 1, 0, 1, 0
2, 23, 3, 19, 798110663, 822465619, 16, 0, 468398944, 0
2, 23, 3, 19, 798110663, 822465619, 15, 0, 458186123, 0
2, 23, 3, 19, 798110663, 822465619, 14, 0, 446514326, 0
2, 23, 3, 19, 798110663, 822465619, 13, 0, 466268282, 0
2, 23, 3, 19, 798110663, 822465619, 12, 0, 460053985, 0
2, 23, 3, 19, 798110663, 822465619, 11, 0, 454097097, 0
2, 23, 3, 19, 798110663, 822465619, 10, 0, 458082098, 0
2, 23, 3, 19, 798110663, 822465619, 9, 0, 452230009, 0
2, 23, 3, 19, 798110663, 822465619, 8, 0, 448353098, 0
2, 23, 3, 19, 798110663, 822465619, 7, 0, 445329583, 0
2, 23, 3, 19, 798110663, 822465619, 6, 0, 441829072, 0
2, 23, 3, 19, 798110663, 822465619, 5, 0, 436613322, 0
2, 23, 3, 19, 798110663, 822465619, 4, 0, 441236311, 0
2, 23, 3, 19, 798110663, 822465619, 3, 0, 438157947, 0
2, 23, 3, 19, 798110663, 822465619, 2, 0, 470697003, 0
2, 23, 3, 19, 798110663, 822465619, 1, 0, 454275005, 0
2, 24, 3, 19, 822465620, 858026155, 16, 0, 474242424, 0
2, 24, 3, 19, 822465620, 858026155, 15, 0, 460350269, 0
2, 24, 3, 19, 822465620, 858026155, 14, 0, 444473519, 0
2, 24, 3, 19, 822465620, 858026155, 13, 0, 459375606, 0
2, 24, 3, 19, 822465620, 858026155, 12, 0, 447500795, 0
2, 24, 3, 19, 822465620, 858026155, 11, 0, 434854209, 0
2, 24, 3, 19, 822465620, 858026155, 10, 0, 434940811, 0
2, 24, 3, 19, 822465620, 858026155, 9, 0, 419735970, 0
2, 24, 3, 19, 822465620, 858026155, 8, 0, 404168117, 0
2, 24, 3, 19, 822465620, 858026155, 7, 0, 393060864, 0
2, 24, 3, 19, 822465620, 858026155, 6, 0, 397963062, 0
2, 24, 3, 19, 822465620, 858026155, 5, 0, 371767411, 0
2, 24, 3, 19, 822465620, 858026155, 4, 0, 344920550, 0
2, 24, 3, 19, 822465620, 858026155, 3, 0, 289392437, 0
2, 24, 3, 19, 822465620, 858026155, 2, 0, 217031993, 0
2, 24, 3, 19, 822465620, 858026155, 1, 0, 1, 0
2, 25, 3, 19, 858026156, 877426070, 16, 0, 300847724, 0
2, 25, 3, 19, 858026156, 877426070, 15, 0, 286525489, 0
2, 25, 3, 19, 858026156, 877426070, 14, 0, 269315428, 0
2, 25, 3, 19, 858026156, 877426070, 13, 0, 290031999, 0
2, 25, 3, 19, 858026156, 877426070, 12, 0, 275991070, 0
2, 25, 3, 19, 858026156, 877426070, 11, 0, 259502690, 0
2, 25, 3, 19, 858026156, 877426070, 10, 0, 250433787, 0
2, 25, 3, 19, 858026156, 877426070, 9, 0, 247419724, 0
2, 25, 3, 19, 858026156, 877426070, 8, 0, 245258266, 0
2, 25, 3, 19, 858026156, 877426070, 7, 0, 223420528, 0
2, 25, 3, 19, 858026156, 877426070, 6, 0, 214015413, 0
2, 25, 3, 19, 858026156, 877426070, 5, 0, 227351928, 0
2, 25, 3, 19, 858026156, 877426070, 4, 0, 247356701, 0
2, 25, 3, 19, 858026156, 877426070, 3, 0, 192278876, 0
2, 25, 3, 19, 858026156, 877426070, 2, 0, 175133765, 0
2, 25, 3, 19, 858026156, 877426070, 1, 0, 1, 0
2, 26, 3, 19, 877426071, 912566483, 16, 0, 364218081, 0
2, 26, 3, 19, 877426071, 912566483, 15, 0, 349292318, 0
2, 26, 3, 19, 877426071, 912566483, 14, 0, 331392512, 0
2, 26, 3, 19, 877426071, 912566483, 13, 0, 356884244, 0
2, 26, 3, 19, 877426071, 912566483, 12, 0, 342379063, 0
2, 26, 3, 19, 877426071, 912566483, 11, 0, 325342022, 0
2, 26, 3, 19, 877426071, 912566483, 10, 0, 315614725, 0
2, 26, 3, 19, 877426071, 912566483, 9, 0, 311795959, 0
2, 26, 3, 19, 877426071, 912566483, 8, 0, 308628623, 0
2, 26, 3, 19, 877426071, 912566483, 7, 0, 285497613, 0
2, 26, 3, 19, 877426071, 912566483, 6, 0, 274368134, 0
2, 26, 3, 19, 877426071, 912566483, 5, 0, 285290540, 0
2, 26, 3, 19, 877426071, 912566483, 4, 0, 301674149, 0
2, 26, 3, 19, 877426071, 912566483, 3, 0, 240561052, 0
2, 26, 3, 19, 877426071, 912566483, 2, 0, 211345397, 0
2, 26, 3, 19, 877426071, 912566483, 1, 0, 1, 0
2, 27, 3, 19, 912566484, 1250598091, 16, 0, 341894077, 0
2, 27, 3, 19, 912566484, 1250598091, 15, 0, 326393869, 0
2, 27, 3, 19, 912566484, 1250598091, 14, 0, 311217407, 0
2, 27, 3, 19, 912566484, 1250598091, 13, 0, 335157207, 0
2, 27, 3, 19, 912566484, 1250598091, 12, 0, 320407972, 0
2, 27, 3, 19, 912566484, 1250598091, 11, 0, 321638059, 0
2, 27, 3, 19, 912566484, 1250598091, 10, 0, 320645787, 0
2, 27, 3, 19, 912566484, 1250598091, 9, 0, 323369751, 0
2, 27, 3, 19, 912566484, 1250598091, 8, 0, 319948863, 0
2, 27, 3, 19, 912566484, 1250598091, 7, 0, 296491856, 0
2, 27, 3, 19, 912566484, 1250598091, 6, 0, 284927716, 0
2, 27, 3, 19, 912566484, 1250598091, 5, 0, 295241597, 0
2, 27, 3, 19, 912566484, 1250598091, 4, 0, 310712417, 0
2, 27, 3, 19, 912566484, 1250598091, 3, 0, 310746666, 0
2, 27, 3, 19, 912566484, 1250598091, 2, 0, 236651072, 0
2, 27, 3, 19, 912566484, 1250598091, 1, 0, 1, 0
2, 28, 3, 19, 1250598092, 1268646513, 16, 0, 584587348, 0
2, 28, 3, 19, 1250598092, 1268646513, 15, 0, 623559838, 0
2, 28, 3, 19, 1250598092, 1268646513, 14, 0, 668099826, 0
2, 28, 3, 19, 1250598092, 1268646513, 13, 0, 663009629, 0
2, 28, 3, 19, 1250598092, 1268646513, 12, 0, 666192928, 0
2, 28, 3, 19, 1250598092, 1268646513, 11, 0, 682469328, 0
2, 28, 3, 19, 1250598092, 1268646513, 10, 0, 666629685, 0
2, 28, 3, 19, 1250598092, 1268646513, 9, 0, 626597006, 0
2, 28, 3, 19, 1250598092, 1268646513, 8, 0, 548160358, 0
2, 28, 3, 19, 1250598092, 1268646513, 7, 0, 438226573, 0
2, 28, 3, 19, 1250598092, 1268646513, 6, 0, 460304591, 0
2, 28, 3, 19, 1250598092, 1268646513, 5, 0, 399333686, 0
2, 28, 3, 19, 1250598092, 1268646513, 4, 0, 427426241, 0
2, 28, 3, 19, 1250598092, 1268646513, 3, 0, 443079039, 0
2, 28, 3, 19, 1250598092, 1268646513, 2, 0, 470619752, 0
2, 28, 3, 19, 1250598092, 1268646513, 1, 0, 521668151, 0
2, 29, 3, 19, 1268646514, 1279252533, 16, 0, 480972440, 0
2, 29, 3, 19, 1268646514, 1279252533, 15, 0, 423063421, 0
2, 29, 3, 19, 1268646514, 1279252533, 14, 0, 453282237, 0
2, 29, 3, 19, 1268646514, 1279252533, 13, 0, 440687878, 0
2, 29, 3, 19, 1268646514, 1279252533, 12, 0, 379980595, 0
2, 29, 3, 19, 1268646514, 1279252533, 11, 0, 366325782, 0
2, 29, 3, 19, 1268646514, 1279252533, 10, 0, 286040833, 0
2, 29, 3, 19, 1268646514, 1279252533, 9, 0, 189846537, 0
2, 29, 3, 19, 1268646514, 1279252533, 8, 0, 213577354, 0
2, 29, 3, 19, 1268646514, 1279252533, 7, 0, 244088404, 0
2, 29, 3, 19, 1268646514, 1279252533, 6, 0, 284769805, 0
2, 29, 3, 19, 1268646514, 1279252533, 5, 0, 309292812, 0
2, 29, 3, 19, 1268646514, 1279252533, 4, 0, 335543644, 0
2, 29, 3, 19, 1268646514, 1279252533, 3, 0, 351014616, 0
2, 29, 3, 19, 1268646514, 1279252533, 2, 0, 329999164, 0
2, 29, 3, 19, 1268646514, 1279252533, 1, 0, 340627608, 0
2, 30, 3, 19, 1279252534, 1291659784, 16, 0, 113781957, 0
2, 30, 3, 19, 1279252534, 1291659784, 15, 0, 111083791, 0
2, 30, 3, 19, 1279252534, 1291659784, 14, 0, 115556988, 0
2, 30, 3, 19, 1279252534, 1291659784, 13, 0, 121058299, 0
2, 30, 3, 19, 1279252534, 1291659784, 12, 0, 119387888, 0
2, 30, 3, 19, 1279252534, 1291659784, 11, 0, 118437485, 0
2, 30, 3, 19, 1279252534, 1291659784, 10, 0, 117021363, 0
2, 30, 3, 19, 1279252534, 1291659784, 9, 0, 117127051, 0
2, 30, 3, 19, 1279252534, 1291659784, 8, 0, 117090563, 0
2, 30, 3, 19, 1279252534, 1291659784, 7, 0, 117508669, 0
2, 30, 3, 19, 1279252534, 1291659784, 6, 0, 117327151, 0
2, 30, 3, 19, 1279252534, 1291659784, 5, 0, 115363461, 0
2, 30, 3, 19, 1279252534, 1291659784, 4, 0, 116333954, 0
2, 30, 3, 19, 1279252534, 1291659784, 3, 0, 114768309, 0
2, 30, 3, 19, 1279252534, 1291659784, 2, 0, 111810317, 0
2, 30, 3, 19, 1279252534, 1291659784, 1, 0, 102845534, 0
2, 31, 3, 19, 1291659785, 1308090377, 16, 0, 77074005, 0
2, 31, 3, 19, 1291659785, 1308090377, 15, 0, 74219375, 0
2, 31, 3, 19, 1291659785, 1308090377, 14, 0, 78513758, 0
2, 31, 3, 19, 1291659785, 1308090377, 13, 0, 76996243, 0
2, 31, 3, 19, 1291659785, 1308090377, 12, 0, 75989724, 0
2, 31, 3, 19, 1291659785, 1308090377, 11, 0, 75160366, 0
2, 31, 3, 19, 1291659785, 1308090377, 10, 0, 76401465, 0
2, 31, 3, 19, 1291659785, 1308090377, 9, 0, 80129971, 0
2, 31, 3, 19, 1291659785, 1308090377, 8, 0, 79763974, 0
2, 31, 3, 19, 1291659785, 1308090377, 7, 0, 79290811, 0
2, 31, 3, 19, 1291659785, 1308090377, 6, 0, 78727314, 0
2, 31, 3, 19, 1291659785, 1308090377, 5, 0, 77910222, 0
2, 31, 3, 19, 1291659785, 1308090377, 4, 0, 75700845, 0
2, 31, 3, 19, 1291659785, 1308090377, 3, 0, 73506678, 0
2, 31, 3, 19, 1291659785, 1308090377, 2, 0, 71426898, 0
2, 31, 3, 19, 1291659785, 1308090377, 1, 0, 70117663, 0
2, 32, 3, 19, 1308090378, 1320958839, 16, 0, 80050686, 0
2, 32, 3, 19, 1308090378, 1320958839, 15, 0, 78325449, 0
2, 32, 3, 19, 1308090378, 1320958839, 14, 0, 74324131, 0
2, 32, 3, 19, 1308090378, 1320958839, 13, 0, 72005508, 0
2, 32, 3, 19, 1308090378, 1320958839, 12, 0, 71242172, 0
2, 32, 3, 19, 1308090378, 1320958839, 11, 0, 71250693, 0
2, 32, 3, 19, 1308090378, 1320958839, 10, 0, 71021364, 0
2, 32, 3, 19, 1308090378, 1320958839, 9, 0, 71207332, 0
2, 32, 3, 19, 1308090378, 1320958839, 8, 0, 71205026, 0
2, 32, 3, 19, 1308090378, 1320958839, 7, 0, 71110925, 0
2, 32, 3, 19, 1308090378, 1320958839, 6, 0, 74181799, 0
2, 32, 3, 19, 1308090378, 1320958839, 5, 0, 74813647, 0
2, 32, 3, 19, 1308090378, 1320958839, 4, 0, 74479381, 0
2, 32, 3, 19, 1308090378, 1320958839, 3, 0, 75626875, 0
2, 32, 3, 19, 1308090378, 1320958839, 2, 0, 75209774, 0
2, 32, 3, 19, 1308090378, 1320958839, 1, 0, 67627852, 0
2, 33, 3, 19, 1320958840, 1353781787, 16, 0, 793178666, 0
2, 33, 3, 19, 1320958840, 1353781787, 15, 0, 697841003, 0
2, 33, 3, 19, 1320958840, 1353781787, 14, 0, 747686789, 0
2, 33, 3, 19, 1320958840, 1353781787, 13, 0, 724966631, 0
2, 33, 3, 19, 1320958840, 1353781787, 12, 0, 719918237, 0
2, 33, 3, 19, 1320958840, 1353781787, 11, 0, 699518209, 0
2, 33, 3, 19, 1320958840, 1353781787, 10, 0, 662012540, 0
2, 33, 3, 19, 1320958840, 1353781787, 9, 0, 623578311, 0
2, 33, 3, 19, 1320958840, 1353781787, 8, 0, 602990066, 0
2, 33, 3, 19, 1320958840, 1353781787, 7, 0, 530957783, 0
2, 33, 3, 19, 1320958840, 1353781787, 6, 0, 539445714, 0
2, 33, 3, 19, 1320958840, 1353781787, 5, 0, 578557255, 0
2, 33, 3, 19, 1320958840, 1353781787, 4, 0, 616488184, 0
2, 33, 3, 19, 1320958840, 1353781787, 3, 0, 94243496, 0
2, 33, 3, 19, 1320958840, 1353781787, 2, 0, 99085963, 0
2, 33, 3, 19, 1320958840, 1353781787, 1, 0, 198171925, 0
2, 34, 3, 19, 1353781788, 1382149774, 16, 0, 342767420, 0
2, 34, 3, 19, 1353781788, 1382149774, 15, 0, 365618581, 0
2, 34, 3, 19, 1353781788, 1382149774, 14, 0, 391734194, 0
2, 34, 3, 19, 1353781788, 1382149774, 13, 0, 343369116, 0
2, 34, 3, 19, 1353781788, 1382149774, 12, 0, 358571110, 0
2, 34, 3, 19, 1353781788, 1382149774, 11, 0, 353466406, 0
2, 34, 3, 19, 1353781788, 1382149774, 10, 0, 310236738, 0
2, 34, 3, 19, 1353781788, 1382149774, 9, 0, 291535461, 0
2, 34, 3, 19, 1353781788, 1382149774, 8, 0, 277168048, 0
2, 34, 3, 19, 1353781788, 1382149774, 7, 0, 214070234, 0
2, 34, 3, 19, 1353781788, 1382149774, 6, 0, 129939815, 0
2, 34, 3, 19, 1353781788, 1382149774, 5, 0, 155927778, 0
2, 34, 3, 19, 1353781788, 1382149774, 4, 0, 1, 0
2, 34, 3, 19, 1353781788, 1382149774, 3, 0, 1, 0
2, 34, 3, 19, 1353781788, 1382149774, 2, 0, 1, 0
2, 34, 3, 19, 1353781788, 1382149774, 1, 0, 1, 0
2, 35, 3, 19, 1382149775, 1469043418, 16, 0, 910900582, 0
2, 35, 3, 19, 1382149775, 1469043418, 15, 0, 886196330, 0
2, 35, 3, 19, 1382149775, 1469043418, 14, 0, 934152608, 0
2, 35, 3, 19, 1382149775, 1469043418, 13, 0, 913940975, 0
2, 35, 3, 19, 1382149775, 1469043418, 12, 0, 901367683, 0
2, 35, 3, 19, 1382149775, 1469043418, 11, 0, 884352287, 0
2, 35, 3, 19, 1382149775, 1469043418, 10, 0, 879888063, 0
2, 35, 3, 19, 1382149775, 1469043418, 9, 0, 861532235, 0
2, 35, 3, 19, 1382149775, 1469043418, 8, 0, 857344512, 0
2, 35, 3, 19, 1382149775, 1469043418, 7, 0, 839032870, 0
2, 35, 3, 19, 1382149775, 1469043418, 6, 0, 819627136, 0
2, 35, 3, 19, 1382149775, 1469043418, 5, 0, 798678095, 0
2, 35, 3, 19, 1382149775, 1469043418, 4, 0, 802685521, 0
2, 35, 3, 19, 1382149775, 1469043418, 3, 0, 802759162, 0
2, 35, 3, 19, 1382149775, 1469043418, 2, 0, 777114191, 0
2, 35, 3, 19, 1382149775, 1469043418, 1, 0, 762705630, 0
2, 36, 3, 19, 1469043419, 1551744428, 16, 0, 649054865, 0
2, 36, 3, 19, 1469043419, 1551744428, 15, 0, 613404204, 0
2, 36, 3, 19, 1469043419, 1551744428, 14, 0, 643765679, 0
2, 36, 3, 19, 1469043419, 1551744428, 13, 0, 603252352, 0
2, 36, 3, 19, 1469043419, 1551744428, 12, 0, 572395683, 0
2, 36, 3, 19, 1469043419, 1551744428, 11, 0, 618824305, 0
2, 36, 3, 19, 1469043419, 1551744428, 10, 0, 590453773, 0
2, 36, 3, 19, 1469043419, 1551744428, 9, 0, 656059747, 0
2, 36, 3, 19, 1469043419, 1551744428, 8, 0, 632626936, 0
2, 36, 3, 19, 1469043419, 1551744428, 7, 0, 598844765, 0
2, 36, 3, 19, 1469043419, 1551744428, 6, 0, 563361871, 0
2, 36, 3, 19, 1469043419, 1551744428, 5, 0, 676034245, 0
2, 36, 3, 19, 1469043419, 1551744428, 4, 0, 706507222, 0
2, 36, 3, 19, 1469043419, 1551744428, 3, 0, 687349952, 0
2, 36, 3, 19, 1469043419, 1551744428, 2, 0, 679218996, 0
2, 36, 3, 19, 1469043419, 1551744428, 1, 0, 644790684, 0
2, 37, 3, 19, 1551744429, 1581113325, 16, 0, 419868503, 0
2, 37, 3, 19, 1551744429, 1581113325, 15, 0, 381005663, 0
2, 37, 3, 19, 1551744429, 1581113325, 14, 0, 408220353, 0
2, 37, 3, 19, 1551744429, 1581113325, 13, 0, 439621919, 0
2, 37, 3, 19, 1551744429, 1581113325, 12, 0, 410213020, 0
2, 37, 3, 19, 1551744429, 1581113325, 11, 0, 447505112, 0
2, 37, 3, 19, 1551744429, 1581113325, 10, 0, 444765553, 0
2, 37, 3, 19, 1551744429, 1581113325, 9, 0, 494183948, 0
2, 37, 3, 19, 1551744429, 1581113325, 8, 0, 473142122, 0
2, 37, 3, 19, 1551744429, 1581113325, 7, 0, 442434074, 0
2, 37, 3, 19, 1551744429, 1581113325, 6, 0, 411050013, 0
2, 37, 3, 19, 1551744429, 1581113325, 5, 0, 493260015, 0
2, 37, 3, 19, 1551744429, 1581113325, 4, 0, 523290356, 0
2, 37, 3, 19, 1551744429, 1581113325, 3, 0, 513151266, 0
2, 37, 3, 19, 1551744429, 1581113325, 2, 0, 498215313, 0
2, 37, 3, 19, 1551744429, 1581113325, 1, 0, 463787001, 0
2, 38, 3, 19, 1581113326, 2009678306, 16, 0, 528672949, 0
2, 38, 3, 19, 1581113326, 2009678306, 15, 0, 547464967, 0
2, 38, 3, 19, 1581113326, 2009678306, 14, 0, 574977659, 0
2, 38, 3, 19, 1581113326, 2009678306, 13, 0, 606723073, 0
2, 38, 3, 19, 1581113326, 2009678306, 12, 0, 631607814, 0
2, 38, 3, 19, 1581113326, 2009678306, 11, 0, 661017053, 0
2, 38, 3, 19, 1581113326, 2009678306, 10, 0, 696308141, 0
2, 38, 3, 19, 1581113326, 2009678306, 9, 0, 758174952, 0
2, 38, 3, 19, 1581113326, 2009678306, 8, 0, 730265962, 0
2, 38, 3, 19, 1581113326, 2009678306, 7, 0, 702164907, 0
2, 38, 3, 19, 1581113326, 2009678306, 6, 0, 666371302, 0
2, 38, 3, 19, 1581113326, 2009678306, 5, 0, 785746110, 0
2, 38, 3, 19, 1581113326, 2009678306, 4, 0, 761876899, 0
2, 38, 3, 19, 1581113326, 2009678306, 3, 0, 760938257, 0
2, 38, 3, 19, 1581113326, 2009678306, 2, 0, 728169899, 0
2, 38, 3, 19, 1581113326, 2009678306, 1, 0, 653197468, 0
2, 39, 3, 19, 2009678307, 2056915060, 16, 0, 453591166, 0
2, 39, 3, 19, 2009678307, 2056915060, 15, 0, 366610561, 0
2, 39, 3, 19, 2009678307, 2056915060, 14, 0, 360148968, 0
2, 39, 3, 19, 2009678307, 2056915060, 13, 0, 304430362, 0
2, 39, 3, 19, 2009678307, 2056915060, 12, 0, 264674342, 0
2, 39, 3, 19, 2009678307, 2056915060, 11, 0, 245102393, 0
2, 39, 3, 19, 2009678307, 2056915060, 10, 0, 233480194, 0
2, 39, 3, 19, 2009678307, 2056915060, 9, 0, 216701430, 0
2, 39, 3, 19, 2009678307, 2056915060, 8, 0, 185188910, 0
2, 39, 3, 19, 2009678307, 2056915060, 7, 0, 109910593, 0
2, 39, 3, 19, 2009678307, 2056915060, 6, 0, 39175471, 0
2, 39, 3, 19, 2009678307, 2056915060, 5, 0, 1, 0
2, 39, 3, 19, 2009678307, 2056915060, 4, 0, 1, 0
2, 39, 3, 19, 2009678307, 2056915060, 3, 0, 1, 0
2, 39, 3, 19, 2009678307, 2056915060, 2, 0, 1, 0
2, 39, 3, 19, 2009678307, 2056915060, 1, 0, 1, 0
2, 40, 3, 19, 2056915061, 2074642548, 16, 0, 240891980, 0
2, 40, 3, 19, 2056915061, 2074642548, 15, 0, 234425465, 0
2, 40, 3, 19, 2056915061, 2074642548, 14, 0, 227035162, 0
2, 40, 3, 19, 2056915061, 2074642548, 13, 0, 218507889, 0
2, 40, 3, 19, 2056915061, 2074642548, 12, 0, 208559404, 0
2, 40, 3, 19, 2056915061, 2074642548, 11, 0, 196802104, 0
2, 40, 3, 19, 2056915061, 2074642548, 10, 0, 183850222, 0
2, 40, 3, 19, 2056915061, 2074642548, 9, 0, 179350978, 0
2, 40, 3, 19, 2056915061, 2074642548, 8, 0, 184992934, 0
2, 40, 3, 19, 2056915061, 2074642548, 7, 0, 186881852, 0
2, 40, 3, 19, 2056915061, 2074642548, 6, 0, 197172319, 0
2, 40, 3, 19, 2056915061, 2074642548, 5, 0, 207525210, 0
2, 40, 3, 19, 2056915061, 2074642548, 4, 0, 210592606, 0
2, 40, 3, 19, 2056915061, 2074642548, 3, 0, 224421746, 0
2, 40, 3, 19, 2056915061, 2074642548, 2, 0, 255872401, 0
2, 40, 3, 19, 2056915061, 2074642548, 1, 0, 267948366, 0
2, 41, 3, 19, 2074642549, 2096458027, 16, 0, 321633490, 0
2, 41, 3, 19, 2074642549, 2096458027, 15, 0, 336313619, 0
2, 41, 3, 19, 2074642549, 2096458027, 14, 0, 353090909, 0
2, 41, 3, 19, 2074642549, 2096458027, 13, 0, 306080303, 0
2, 41, 3, 19, 2074642549, 2096458027, 12, 0, 280216581, 0
2, 41, 3, 19, 2074642549, 2096458027, 11, 0, 252314762, 0
2, 41, 3, 19, 2074642549, 2096458027, 10, 0, 237679627, 0
2, 41, 3, 19, 2074642549, 2096458027, 9, 0, 228911845, 0
2, 41, 3, 19, 2074642549, 2096458027, 8, 0, 223796008, 0
2, 41, 3, 19, 2074642549, 2096458027, 7, 0, 226835091, 0
2, 41, 3, 19, 2074642549, 2096458027, 6, 0, 226649980, 0
2, 41, 3, 19, 2074642549, 2096458027, 5, 0, 232542743, 0
2, 41, 3, 19, 2074642549, 2096458027, 4, 0, 231671359, 0
2, 41, 3, 19, 2074642549, 2096458027, 3, 0, 245436435, 0
2, 41, 3, 19, 2074642549, 2096458027, 2, 0, 234639467, 0
2, 41, 3, 19, 2074642549, 2096458027, 1, 0, 198032645, 0
