3, 1, 4, 17, 1, 86953440, 15, 2, 721679, 1
3, 1, 4, 17, 1, 86953440, 15, 1, 1094159, 1
3, 1, 4, 17, 1, 86953440, 15, 0, 1, 0
3, 1, 4, 17, 1, 86953440, 14, 2, 770885, 1
3, 1, 4, 17, 1, 86953440, 14, 1, 1169618, 1
3, 1, 4, 17, 1, 86953440, 14, 0, 1, 0
3, 1, 4, 17, 1, 86953440, 13, 2, 827291, 1
3, 1, 4, 17, 1, 86953440, 13, 1, 1256256, 1
3, 1, 4, 17, 1, 86953440, 13, 0, 1, 0
3, 1, 4, 17, 1, 86953440, 12, 2, 892603, 1
3, 1, 4, 17, 1, 86953440, 12, 1, 1356757, 1
3, 1, 4, 17, 1, 86953440, 12, 0, 1, 0
3, 1, 4, 17, 1, 86953440, 11, 2, 969112, 1
3, 1, 4, 17, 1, 86953440, 11, 1, 1474736, 1
3, 1, 4, 17, 1, 86953440, 11, 0, 1, 0
3, 1, 4, 17, 1, 86953440, 10, 2, 1059966, 1
3, 1, 4, 17, 1, 86953440, 10, 1, 1615187, 1
3, 1, 4, 17, 1, 86953440, 10, 0, 1, 0
3, 1, 4, 17, 1, 86953440, 9, 2, 1169618, 1
3, 1, 4, 17, 1, 86953440, 9, 1, 1785206, 1
3, 1, 4, 17, 1, 86953440, 9, 0, 1, 0
3, 1, 4, 17, 1, 86953440, 8, 2, 1249326, 1
3, 1, 4, 17, 1, 86953440, 8, 1, 1910734, 1
3, 1, 4, 17, 1, 86953440, 8, 0, 1, 0
3, 1, 4, 17, 1, 86953440, 7, 2, 1412282, 1
3, 1, 4, 17, 1, 86953440, 7, 1, 2165499, 1
3, 1, 4, 17, 1, 86953440, 7, 0, 1, 0
3, 1, 4, 17, 1, 86953440, 6, 2, 1624124, 1
3, 1, 4, 17, 1, 86953440, 6, 1, 2498652, 1
3, 1, 4, 17, 1, 86953440, 6, 0, 1, 0
3, 1, 4, 17, 1, 86953440, 5, 2, 1910734, 1
3, 1, 4, 17, 1, 86953440, 5, 1, 2952953, 1
3, 1, 4, 17, 1, 86953440, 5, 0, 1, 0
3, 1, 4, 17, 1, 86953440, 4, 2, 2320177, 1
3, 1, 4, 17, 1, 86953440, 4, 1, 3609164, 1
3, 1, 4, 17, 1, 86953440, 4, 0, 1, 0
3, 1, 4, 17, 1, 86953440, 3, 2, 2952953, 1
3, 1, 4, 17, 1, 86953440, 3, 1, 4640354, 1
3, 1, 4, 17, 1, 86953440, 3, 0, 1, 0
3, 1, 4, 17, 1, 86953440, 2, 2, 4060310, 1
3, 1, 4, 17, 1, 86953440, 2, 1, 6496496, 1
3, 1, 4, 17, 1, 86953440, 2, 0, 1, 0
3, 1, 4, 17, 1, 86953440, 1, 2, 6496496, 1
3, 1, 4, 17, 1, 86953440, 1, 1, 10827492, 1
3, 1, 4, 17, 1, 86953440, 1, 0, 1, 0
3, 1, 4, 17, 1, 86953440, 0, 2, 1, 1
3, 1, 4, 17, 1, 86953440, 0, 1, 1, 1
3, 2, 4, 17, 86953441, 100096794, 15, 2, 1787178, 1
3, 2, 4, 17, 86953441, 100096794, 15, 1, 1, 1
3, 2, 4, 17, 86953441, 100096794, 15, 0, 1, 0
3, 2, 4, 17, 86953441, 100096794, 14, 2, 1909031, 1
3, 2, 4, 17, 86953441, 100096794, 14, 1, 1, 1
3, 2, 4, 17, 86953441, 100096794, 14, 0, 1, 0
3, 2, 4, 17, 86953441, 100096794, 13, 2, 2048716, 1
3, 2, 4, 17, 86953441, 100096794, 13, 1, 1, 1
3, 2, 4, 17, 86953441, 100096794, 13, 0, 1, 0
3, 2, 4, 17, 86953441, 100096794, 12, 2, 2210457, 1
3, 2, 4, 17, 86953441, 100096794, 12, 1, 1, 1
3, 2, 4, 17, 86953441, 100096794, 12, 0, 1, 0
3, 2, 4, 17, 86953441, 100096794, 11, 2, 2399925, 1
3, 2, 4, 17, 86953441, 100096794, 11, 1, 1, 1
3, 2, 4, 17, 86953441, 100096794, 11, 0, 1, 0
3, 2, 4, 17, 86953441, 100096794, 10, 2, 2624917, 1
3, 2, 4, 17, 86953441, 100096794, 10, 1, 1, 1
3, 2, 4, 17, 86953441, 100096794, 10, 0, 1, 0
3, 2, 4, 17, 86953441, 100096794, 9, 2, 2896461, 1
3, 2, 4, 17, 86953441, 100096794, 9, 1, 1, 1
3, 2, 4, 17, 86953441, 100096794, 9, 0, 1, 0
3, 2, 4, 17, 86953441, 100096794, 8, 2, 1238405, 1
3, 2, 4, 17, 86953441, 100096794, 8, 1, 1, 1
3, 2, 4, 17, 86953441, 100096794, 8, 0, 1, 0
3, 2, 4, 17, 86953441, 100096794, 7, 2, 1, 1
3, 2, 4, 17, 86953441, 100096794, 7, 1, 1, 1
3, 2, 4, 17, 86953441, 100096794, 7, 0, 1, 0
3, 2, 4, 17, 86953441, 100096794, 6, 2, 1, 1
3, 2, 4, 17, 86953441, 100096794, 6, 1, 1, 1
3, 2, 4, 17, 86953441, 100096794, 6, 0, 1, 0
3, 2, 4, 17, 86953441, 100096794, 5, 2, 1, 1
3, 2, 4, 17, 86953441, 100096794, 5, 1, 1, 1
3, 2, 4, 17, 86953441, 100096794, 5, 0, 1, 0
3, 2, 4, 17, 86953441, 100096794, 4, 2, 1, 1
3, 2, 4, 17, 86953441, 100096794, 4, 1, 1, 1
3, 2, 4, 17, 86953441, 100096794, 4, 0, 1, 0
3, 2, 4, 17, 86953441, 100096794, 3, 2, 1, 1
3, 2, 4, 17, 86953441, 100096794, 3, 1, 1, 1
3, 2, 4, 17, 86953441, 100096794, 3, 0, 1, 0
3, 2, 4, 17, 86953441, 100096794, 2, 2, 1, 1
3, 2, 4, 17, 86953441, 100096794, 2, 1, 1, 1
3, 2, 4, 17, 86953441, 100096794, 2, 0, 1, 0
3, 2, 4, 17, 86953441, 100096794, 1, 2, 1, 1
3, 2, 4, 17, 86953441, 100096794, 1, 1, 1, 1
3, 2, 4, 17, 86953441, 100096794, 1, 0, 1, 0
3, 2, 4, 17, 86953441, 100096794, 0, 2, 1, 1
3, 2, 4, 17, 86953441, 100096794, 0, 1, 1, 1
3, 3, 4, 17, 100096795, 162703193, 15, 2, 61694360, 1
3, 3, 4, 17, 100096795, 162703193, 15, 1, 53051430, 1
3, 3, 4, 17, 100096795, 162703193, 15, 0, 45033770, 0
3, 3, 4, 17, 100096795, 162703193, 14, 2, 55239301, 1
3, 3, 4, 17, 100096795, 162703193, 14, 1, 47765203, 1
3, 3, 4, 17, 100096795, 162703193, 14, 0, 41619250, 0
3, 3, 4, 17, 100096795, 162703193, 13, 2, 53924881, 1
3, 3, 4, 17, 100096795, 162703193, 13, 1, 48599500, 1
3, 3, 4, 17, 100096795, 162703193, 13, 0, 44820731, 0
3, 3, 4, 17, 100096795, 162703193, 12, 2, 55650373, 1
3, 3, 4, 17, 100096795, 162703193, 12, 1, 52487460, 1
3, 3, 4, 17, 100096795, 162703193, 12, 0, 48555792, 0
3, 3, 4, 17, 100096795, 162703193, 11, 2, 59721954, 1
3, 3, 4, 17, 100096795, 162703193, 11, 1, 56316777, 1
3, 3, 4, 17, 100096795, 162703193, 11, 0, 52969955, 0
3, 3, 4, 17, 100096795, 162703193, 10, 2, 62112596, 1
3, 3, 4, 17, 100096795, 162703193, 10, 1, 56791455, 1
3, 3, 4, 17, 100096795, 162703193, 10, 0, 49707046, 0
3, 3, 4, 17, 100096795, 162703193, 9, 2, 61348194, 1
3, 3, 4, 17, 100096795, 162703193, 9, 1, 57869034, 1
3, 3, 4, 17, 100096795, 162703193, 9, 0, 44884618, 0
3, 3, 4, 17, 100096795, 162703193, 8, 2, 64441934, 1
3, 3, 4, 17, 100096795, 162703193, 8, 1, 64677156, 1
3, 3, 4, 17, 100096795, 162703193, 8, 0, 50495195, 0
3, 3, 4, 17, 100096795, 162703193, 7, 2, 60358061, 1
3, 3, 4, 17, 100096795, 162703193, 7, 1, 63477403, 1
3, 3, 4, 17, 100096795, 162703193, 7, 0, 40408631, 0
3, 3, 4, 17, 100096795, 162703193, 6, 2, 63278061, 1
3, 3, 4, 17, 100096795, 162703193, 6, 1, 63806683, 1
3, 3, 4, 17, 100096795, 162703193, 6, 0, 39838220, 0
3, 3, 4, 17, 100096795, 162703193, 5, 2, 73493861, 1
3, 3, 4, 17, 100096795, 162703193, 5, 1, 75407898, 1
3, 3, 4, 17, 100096795, 162703193, 5, 0, 47805864, 0
3, 3, 4, 17, 100096795, 162703193, 4, 2, 88428858, 1
3, 3, 4, 17, 100096795, 162703193, 4, 1, 90899472, 1
3, 3, 4, 17, 100096795, 162703193, 4, 0, 58569662, 0
3, 3, 4, 17, 100096795, 162703193, 3, 2, 70329824, 1
3, 3, 4, 17, 100096795, 162703193, 3, 1, 69419093, 1
3, 3, 4, 17, 100096795, 162703193, 3, 0, 35710442, 0
3, 3, 4, 17, 100096795, 162703193, 2, 2, 69715725, 1
3, 3, 4, 17, 100096795, 162703193, 2, 1, 76290599, 1
3, 3, 4, 17, 100096795, 162703193, 2, 0, 53565663, 0
3, 3, 4, 17, 100096795, 162703193, 1, 2, 45509541, 1
3, 3, 4, 17, 100096795, 162703193, 1, 1, 53077057, 1
3, 3, 4, 17, 100096795, 162703193, 1, 0, 1, 0
3, 3, 4, 17, 100096795, 162703193, 0, 2, 63488640, 1
3, 3, 4, 17, 100096795, 162703193, 0, 1, 126977280, 1
3, 4, 4, 17, 162703194, 182869807, 15, 2, 29877057, 1
3, 4, 4, 17, 162703194, 182869807, 15, 1, 24373773, 0
3, 4, 4, 17, 162703194, 182869807, 15, 0, 15169954, 0
3, 4, 4, 17, 162703194, 182869807, 14, 2, 31463483, 1
3, 4, 4, 17, 162703194, 182869807, 14, 1, 26054723, 0
3, 4, 4, 17, 162703194, 182869807, 14, 0, 16253522, 0
3, 4, 4, 17, 162703194, 182869807, 13, 2, 33765689, 1
3, 4, 4, 17, 162703194, 182869807, 13, 1, 27984702, 0
3, 4, 4, 17, 162703194, 182869807, 13, 0, 17503793, 0
3, 4, 4, 17, 162703194, 182869807, 12, 2, 35708589, 1
3, 4, 4, 17, 162703194, 182869807, 12, 1, 30223478, 0
3, 4, 4, 17, 162703194, 182869807, 12, 0, 18962442, 0
3, 4, 4, 17, 162703194, 182869807, 11, 2, 37845602, 1
3, 4, 4, 17, 162703194, 182869807, 11, 1, 31445942, 0
3, 4, 4, 17, 162703194, 182869807, 11, 0, 20686301, 0
3, 4, 4, 17, 162703194, 182869807, 10, 2, 32884203, 1
3, 4, 4, 17, 162703194, 182869807, 10, 1, 25678523, 0
3, 4, 4, 17, 162703194, 182869807, 10, 0, 22754931, 0
3, 4, 4, 17, 162703194, 182869807, 9, 2, 29619519, 1
3, 4, 4, 17, 162703194, 182869807, 9, 1, 18206345, 0
3, 4, 4, 17, 162703194, 182869807, 9, 0, 19701427, 0
3, 4, 4, 17, 162703194, 182869807, 8, 2, 33037156, 1
3, 4, 4, 17, 162703194, 182869807, 8, 1, 20348268, 0
3, 4, 4, 17, 162703194, 182869807, 8, 0, 22164106, 0
3, 4, 4, 17, 162703194, 182869807, 7, 2, 35528831, 1
3, 4, 4, 17, 162703194, 182869807, 7, 1, 20274507, 0
3, 4, 4, 17, 162703194, 182869807, 7, 0, 19358557, 0
3, 4, 4, 17, 162703194, 182869807, 6, 2, 36946165, 1
3, 4, 4, 17, 162703194, 182869807, 6, 1, 23393662, 0
3, 4, 4, 17, 162703194, 182869807, 6, 0, 22584983, 0
3, 4, 4, 17, 162703194, 182869807, 5, 2, 43466076, 1
3, 4, 4, 17, 162703194, 182869807, 5, 1, 27647055, 0
3, 4, 4, 17, 162703194, 182869807, 5, 0, 27101980, 0
3, 4, 4, 17, 162703194, 182869807, 4, 2, 52780235, 1
3, 4, 4, 17, 162703194, 182869807, 4, 1, 33790845, 0
3, 4, 4, 17, 162703194, 182869807, 4, 0, 33877475, 0
3, 4, 4, 17, 162703194, 182869807, 3, 2, 52395037, 1
3, 4, 4, 17, 162703194, 182869807, 3, 1, 42108404, 0
3, 4, 4, 17, 162703194, 182869807, 3, 0, 45169966, 0
3, 4, 4, 17, 162703194, 182869807, 2, 2, 58541067, 1
3, 4, 4, 17, 162703194, 182869807, 2, 1, 37348391, 0
3, 4, 4, 17, 162703194, 182869807, 2, 0, 52405183, 0
3, 4, 4, 17, 162703194, 182869807, 1, 2, 24752466, 1
3, 4, 4, 17, 162703194, 182869807, 1, 1, 1, 1
3, 4, 4, 17, 162703194, 182869807, 1, 0, 1, 0
3, 4, 4, 17, 162703194, 182869807, 0, 2, 61881164, 1
3, 4, 4, 17, 162703194, 182869807, 0, 1, 1, 1
3, 5, 4, 17, 182869808, 312306053, 15, 2, 417559425, 0
3, 5, 4, 17, 182869808, 312306053, 15, 1, 426496287, 0
3, 5, 4, 17, 182869808, 312306053, 15, 0, 512945880, 0
3, 5, 4, 17, 182869808, 312306053, 14, 2, 409304437, 0
3, 5, 4, 17, 182869808, 312306053, 14, 1, 420716093, 0
3, 5, 4, 17, 182869808, 312306053, 14, 0, 511264570, 0
3, 5, 4, 17, 182869808, 312306053, 13, 2, 397942150, 0
3, 5, 4, 17, 182869808, 312306053, 13, 1, 404959125, 0
3, 5, 4, 17, 182869808, 312306053, 13, 0, 508321572, 0
3, 5, 4, 17, 182869808, 312306053, 12, 2, 394328751, 0
3, 5, 4, 17, 182869808, 312306053, 12, 1, 409432938, 0
3, 5, 4, 17, 182869808, 312306053, 12, 0, 494066923, 0
3, 5, 4, 17, 182869808, 312306053, 11, 2, 381352537, 0
3, 5, 4, 17, 182869808, 312306053, 11, 1, 396661665, 0
3, 5, 4, 17, 182869808, 312306053, 11, 0, 486841626, 0
3, 5, 4, 17, 182869808, 312306053, 10, 2, 385237470, 0
3, 5, 4, 17, 182869808, 312306053, 10, 1, 414214386, 0
3, 5, 4, 17, 182869808, 312306053, 10, 0, 493054169, 0
3, 5, 4, 17, 182869808, 312306053, 9, 2, 373415279, 0
3, 5, 4, 17, 182869808, 312306053, 9, 1, 389469067, 0
3, 5, 4, 17, 182869808, 312306053, 9, 0, 485952841, 0
3, 5, 4, 17, 182869808, 312306053, 8, 2, 347897218, 0
3, 5, 4, 17, 182869808, 312306053, 8, 1, 357912878, 0
3, 5, 4, 17, 182869808, 312306053, 8, 0, 461706920, 0
3, 5, 4, 17, 182869808, 312306053, 7, 2, 348919742, 0
3, 5, 4, 17, 182869808, 312306053, 7, 1, 337623022, 0
3, 5, 4, 17, 182869808, 312306053, 7, 0, 449303251, 0
3, 5, 4, 17, 182869808, 312306053, 6, 2, 363050298, 0
3, 5, 4, 17, 182869808, 312306053, 6, 1, 375782053, 0
3, 5, 4, 17, 182869808, 312306053, 6, 0, 524187126, 0
3, 5, 4, 17, 182869808, 312306053, 5, 2, 371888459, 0
3, 5, 4, 17, 182869808, 312306053, 5, 1, 400398391, 0
3, 5, 4, 17, 182869808, 312306053, 5, 0, 532867674, 0
3, 5, 4, 17, 182869808, 312306053, 4, 2, 405093823, 0
3, 5, 4, 17, 182869808, 312306053, 4, 1, 417065780, 0
3, 5, 4, 17, 182869808, 312306053, 4, 0, 503387022, 0
3, 5, 4, 17, 182869808, 312306053, 3, 2, 365188682, 0
3, 5, 4, 17, 182869808, 312306053, 3, 1, 404402833, 0
3, 5, 4, 17, 182869808, 312306053, 3, 0, 535621443, 0
3, 5, 4, 17, 182869808, 312306053, 2, 2, 262682105, 0
3, 5, 4, 17, 182869808, 312306053, 2, 1, 323948590, 0
3, 5, 4, 17, 182869808, 312306053, 2, 0, 489917226, 0
3, 5, 4, 17, 182869808, 312306053, 1, 2, 99183466, 0
3, 5, 4, 17, 182869808, 312306053, 1, 1, 165305777, 0
3, 5, 4, 17, 182869808, 312306053, 1, 0, 444670082, 0
3, 5, 4, 17, 182869808, 312306053, 0, 2, 25623625, 1
3, 5, 4, 17, 182869808, 312306053, 0, 1, 51247249, 1
3, 6, 4, 17, 312306054, 335647519, 15, 2, 190923127, 0
3, 6, 4, 17, 312306054, 335647519, 15, 1, 193522945, 0
3, 6, 4, 17, 312306054, 335647519, 15, 0, 175701195, 0
3, 6, 4, 17, 312306054, 335647519, 14, 2, 189109769, 0
3, 6, 4, 17, 312306054, 335647519, 14, 1, 193228207, 0
3, 6, 4, 17, 312306054, 335647519, 14, 0, 171283441, 0
3, 6, 4, 17, 312306054, 335647519, 13, 2, 188299557, 0
3, 6, 4, 17, 312306054, 335647519, 13, 1, 192125282, 0
3, 6, 4, 17, 312306054, 335647519, 13, 0, 174590382, 0
3, 6, 4, 17, 312306054, 335647519, 12, 2, 184948267, 0
3, 6, 4, 17, 312306054, 335647519, 12, 1, 190349650, 0
3, 6, 4, 17, 312306054, 335647519, 12, 0, 171150247, 0
3, 6, 4, 17, 312306054, 335647519, 11, 2, 182025229, 0
3, 6, 4, 17, 312306054, 335647519, 11, 1, 190279913, 1
3, 6, 4, 17, 312306054, 335647519, 11, 0, 169214693, 0
3, 6, 4, 17, 312306054, 335647519, 10, 2, 171640277, 0
3, 6, 4, 17, 312306054, 335647519, 10, 1, 177497486, 1
3, 6, 4, 17, 312306054, 335647519, 10, 0, 155655565, 0
3, 6, 4, 17, 312306054, 335647519, 9, 2, 176234648, 1
3, 6, 4, 17, 312306054, 335647519, 9, 1, 176092797, 1
3, 6, 4, 17, 312306054, 335647519, 9, 0, 153680761, 0
3, 6, 4, 17, 312306054, 335647519, 8, 2, 170082845, 1
3, 6, 4, 17, 312306054, 335647519, 8, 1, 172063823, 1
3, 6, 4, 17, 312306054, 335647519, 8, 0, 143869675, 0
3, 6, 4, 17, 312306054, 335647519, 7, 2, 172459982, 1
3, 6, 4, 17, 312306054, 335647519, 7, 1, 179315293, 1
3, 6, 4, 17, 312306054, 335647519, 7, 0, 135176089, 0
3, 6, 4, 17, 312306054, 335647519, 6, 2, 173676844, 0
3, 6, 4, 17, 312306054, 335647519, 6, 1, 183136439, 1
3, 6, 4, 17, 312306054, 335647519, 6, 0, 157705437, 0
3, 6, 4, 17, 312306054, 335647519, 5, 2, 161427995, 1
3, 6, 4, 17, 312306054, 335647519, 5, 1, 174855050, 1
3, 6, 4, 17, 312306054, 335647519, 5, 0, 146602829, 0
3, 6, 4, 17, 312306054, 335647519, 4, 2, 166463295, 1
3, 6, 4, 17, 312306054, 335647519, 4, 1, 167735084, 1
3, 6, 4, 17, 312306054, 335647519, 4, 0, 126921334, 0
3, 6, 4, 17, 312306054, 335647519, 3, 2, 147290914, 1
3, 6, 4, 17, 312306054, 335647519, 3, 1, 148349285, 1
3, 6, 4, 17, 312306054, 335647519, 3, 0, 105662100, 0
3, 6, 4, 17, 312306054, 335647519, 2, 2, 135780426, 1
3, 6, 4, 17, 312306054, 335647519, 2, 1, 127763869, 1
3, 6, 4, 17, 312306054, 335647519, 2, 0, 45264805, 0
3, 6, 4, 17, 312306054, 335647519, 1, 2, 126694116, 1
3, 6, 4, 17, 312306054, 335647519, 1, 1, 109484076, 1
3, 6, 4, 17, 312306054, 335647519, 1, 0, 1, 0
3, 6, 4, 17, 312306054, 335647519, 0, 2, 153961400, 1
3, 6, 4, 17, 312306054, 335647519, 0, 1, 170452111, 1
3, 7, 4, 17, 335647520, 443944204, 15, 2, 391574186, 0
3, 7, 4, 17, 335647520, 443944204, 15, 1, 425147040, 0
3, 7, 4, 17, 335647520, 443944204, 15, 0, 471198081, 0
3, 7, 4, 17, 335647520, 443944204, 14, 2, 385518631, 0
3, 7, 4, 17, 335647520, 443944204, 14, 1, 424847901, 0
3, 7, 4, 17, 335647520, 443944204, 14, 0, 476168179, 0
3, 7, 4, 17, 335647520, 443944204, 13, 2, 371266623, 0
3, 7, 4, 17, 335647520, 443944204, 13, 1, 413097755, 0
3, 7, 4, 17, 335647520, 443944204, 13, 0, 468770720, 0
3, 7, 4, 17, 335647520, 443944204, 12, 2, 358709389, 0
3, 7, 4, 17, 335647520, 443944204, 12, 1, 403469216, 0
3, 7, 4, 17, 335647520, 443944204, 12, 0, 460542854, 0
3, 7, 4, 17, 335647520, 443944204, 11, 2, 358129416, 0
3, 7, 4, 17, 335647520, 443944204, 11, 1, 390882747, 0
3, 7, 4, 17, 335647520, 443944204, 11, 0, 449121909, 0
3, 7, 4, 17, 335647520, 443944204, 10, 2, 364899423, 0
3, 7, 4, 17, 335647520, 443944204, 10, 1, 408175073, 0
3, 7, 4, 17, 335647520, 443944204, 10, 0, 452171435, 0
3, 7, 4, 17, 335647520, 443944204, 9, 2, 347545585, 0
3, 7, 4, 17, 335647520, 443944204, 9, 1, 388700942, 0
3, 7, 4, 17, 335647520, 443944204, 9, 0, 436638738, 0
3, 7, 4, 17, 335647520, 443944204, 8, 2, 331967814, 0
3, 7, 4, 17, 335647520, 443944204, 8, 1, 373539879, 0
3, 7, 4, 17, 335647520, 443944204, 8, 0, 427783518, 0
3, 7, 4, 17, 335647520, 443944204, 7, 2, 338059343, 0
3, 7, 4, 17, 335647520, 443944204, 7, 1, 366291979, 0
3, 7, 4, 17, 335647520, 443944204, 7, 0, 435344348, 0
3, 7, 4, 17, 335647520, 443944204, 6, 2, 340323009, 0
3, 7, 4, 17, 335647520, 443944204, 6, 1, 378326115, 0
3, 7, 4, 17, 335647520, 443944204, 6, 0, 507901739, 0
3, 7, 4, 17, 335647520, 443944204, 5, 2, 335307984, 0
3, 7, 4, 17, 335647520, 443944204, 5, 1, 395799624, 0
3, 7, 4, 17, 335647520, 443944204, 5, 0, 496593360, 0
3, 7, 4, 17, 335647520, 443944204, 4, 2, 369609639, 0
3, 7, 4, 17, 335647520, 443944204, 4, 1, 425343898, 0
3, 7, 4, 17, 335647520, 443944204, 4, 0, 489316503, 0
3, 7, 4, 17, 335647520, 443944204, 3, 2, 310232357, 0
3, 7, 4, 17, 335647520, 443944204, 3, 1, 383278465, 0
3, 7, 4, 17, 335647520, 443944204, 3, 0, 472830761, 0
3, 7, 4, 17, 335647520, 443944204, 2, 2, 235522375, 0
3, 7, 4, 17, 335647520, 443944204, 2, 1, 308119155, 0
3, 7, 4, 17, 335647520, 443944204, 2, 0, 428342589, 0
3, 7, 4, 17, 335647520, 443944204, 1, 2, 105596429, 0
3, 7, 4, 17, 335647520, 443944204, 1, 1, 175994049, 0
3, 7, 4, 17, 335647520, 443944204, 1, 0, 327255475, 0
3, 7, 4, 17, 335647520, 443944204, 0, 2, 100363336, 1
3, 7, 4, 17, 335647520, 443944204, 0, 1, 200726671, 1
3, 8, 4, 17, 443944205, 488905743, 15, 2, 172080705, 0
3, 8, 4, 17, 443944205, 488905743, 15, 1, 192686818, 0
3, 8, 4, 17, 443944205, 488905743, 15, 0, 195921551, 0
3, 8, 4, 17, 443944205, 488905743, 14, 2, 167731676, 0
3, 8, 4, 17, 443944205, 488905743, 14, 1, 190859278, 0
3, 8, 4, 17, 443944205, 488905743, 14, 0, 197613394, 0
3, 8, 4, 17, 443944205, 488905743, 13, 2, 168894420, 0
3, 8, 4, 17, 443944205, 488905743, 13, 1, 188125799, 0
3, 8, 4, 17, 443944205, 488905743, 13, 0, 194484986, 0
3, 8, 4, 17, 443944205, 488905743, 12, 2, 169037222, 0
3, 8, 4, 17, 443944205, 488905743, 12, 1, 186112307, 0
3, 8, 4, 17, 443944205, 488905743, 12, 0, 190861990, 0
3, 8, 4, 17, 443944205, 488905743, 11, 2, 169688859, 0
3, 8, 4, 17, 443944205, 488905743, 11, 1, 191937835, 0
3, 8, 4, 17, 443944205, 488905743, 11, 0, 188375407, 0
3, 8, 4, 17, 443944205, 488905743, 10, 2, 161352707, 0
3, 8, 4, 17, 443944205, 488905743, 10, 1, 184295585, 1
3, 8, 4, 17, 443944205, 488905743, 10, 0, 179384305, 0
3, 8, 4, 17, 443944205, 488905743, 9, 2, 151959239, 0
3, 8, 4, 17, 443944205, 488905743, 9, 1, 177644259, 1
3, 8, 4, 17, 443944205, 488905743, 9, 0, 172905553, 0
3, 8, 4, 17, 443944205, 488905743, 8, 2, 154703118, 0
3, 8, 4, 17, 443944205, 488905743, 8, 1, 176340086, 1
3, 8, 4, 17, 443944205, 488905743, 8, 0, 170191700, 0
3, 8, 4, 17, 443944205, 488905743, 7, 2, 158576920, 0
3, 8, 4, 17, 443944205, 488905743, 7, 1, 174851302, 1
3, 8, 4, 17, 443944205, 488905743, 7, 0, 161748617, 0
3, 8, 4, 17, 443944205, 488905743, 6, 2, 169899377, 0
3, 8, 4, 17, 443944205, 488905743, 6, 1, 186054024, 0
3, 8, 4, 17, 443944205, 488905743, 6, 0, 188706720, 0
3, 8, 4, 17, 443944205, 488905743, 5, 2, 157008913, 0
3, 8, 4, 17, 443944205, 488905743, 5, 1, 180696186, 0
3, 8, 4, 17, 443944205, 488905743, 5, 0, 186692577, 0
3, 8, 4, 17, 443944205, 488905743, 4, 2, 166518899, 0
3, 8, 4, 17, 443944205, 488905743, 4, 1, 183307902, 1
3, 8, 4, 17, 443944205, 488905743, 4, 0, 169647250, 0
3, 8, 4, 17, 443944205, 488905743, 3, 2, 148280910, 0
3, 8, 4, 17, 443944205, 488905743, 3, 1, 173183022, 1
3, 8, 4, 17, 443944205, 488905743, 3, 0, 160079251, 0
3, 8, 4, 17, 443944205, 488905743, 2, 2, 139968949, 0
3, 8, 4, 17, 443944205, 488905743, 2, 1, 168277698, 1
3, 8, 4, 17, 443944205, 488905743, 2, 0, 157486233, 0
3, 8, 4, 17, 443944205, 488905743, 1, 2, 114930844, 0
3, 8, 4, 17, 443944205, 488905743, 1, 1, 130240538, 1
3, 8, 4, 17, 443944205, 488905743, 1, 0, 125179786, 0
3, 8, 4, 17, 443944205, 488905743, 0, 2, 91943611, 1
3, 8, 4, 17, 443944205, 488905743, 0, 1, 183887221, 1
3, 9, 4, 17, 488905744, 784463399, 15, 2, 148631683, 0
3, 9, 4, 17, 488905744, 784463399, 15, 1, 189457480, 0
3, 9, 4, 17, 488905744, 784463399, 15, 0, 209449637, 0
3, 9, 4, 17, 488905744, 784463399, 14, 2, 138367497, 0
3, 9, 4, 17, 488905744, 784463399, 14, 1, 191873442, 0
3, 9, 4, 17, 488905744, 784463399, 14, 0, 213379895, 0
3, 9, 4, 17, 488905744, 784463399, 13, 2, 121183502, 0
3, 9, 4, 17, 488905744, 784463399, 13, 1, 164617909, 0
3, 9, 4, 17, 488905744, 784463399, 13, 0, 188716716, 0
3, 9, 4, 17, 488905744, 784463399, 12, 2, 130750621, 0
3, 9, 4, 17, 488905744, 784463399, 12, 1, 177787342, 0
3, 9, 4, 17, 488905744, 784463399, 12, 0, 204443109, 0
3, 9, 4, 17, 488905744, 784463399, 11, 2, 141957817, 0
3, 9, 4, 17, 488905744, 784463399, 11, 1, 193247110, 0
3, 9, 4, 17, 488905744, 784463399, 11, 0, 223028846, 0
3, 9, 4, 17, 488905744, 784463399, 10, 2, 155266362, 0
3, 9, 4, 17, 488905744, 784463399, 10, 1, 211651597, 0
3, 9, 4, 17, 488905744, 784463399, 10, 0, 245331731, 0
3, 9, 4, 17, 488905744, 784463399, 9, 2, 171328399, 0
3, 9, 4, 17, 488905744, 784463399, 9, 1, 233930712, 0
3, 9, 4, 17, 488905744, 784463399, 9, 0, 272590812, 0
3, 9, 4, 17, 488905744, 784463399, 8, 2, 165602822, 0
3, 9, 4, 17, 488905744, 784463399, 8, 1, 222460784, 0
3, 9, 4, 17, 488905744, 784463399, 8, 0, 306664663, 0
3, 9, 4, 17, 488905744, 784463399, 7, 2, 187203190, 0
3, 9, 4, 17, 488905744, 784463399, 7, 1, 252122222, 0
3, 9, 4, 17, 488905744, 784463399, 7, 0, 350473901, 0
3, 9, 4, 17, 488905744, 784463399, 6, 2, 183368692, 0
3, 9, 4, 17, 488905744, 784463399, 6, 1, 241810292, 0
3, 9, 4, 17, 488905744, 784463399, 6, 0, 408886218, 0
3, 9, 4, 17, 488905744, 784463399, 5, 2, 144013225, 0
3, 9, 4, 17, 488905744, 784463399, 5, 1, 174944072, 0
3, 9, 4, 17, 488905744, 784463399, 5, 0, 370804015, 0
3, 9, 4, 17, 488905744, 784463399, 4, 2, 140346931, 0
3, 9, 4, 17, 488905744, 784463399, 4, 1, 160113000, 0
3, 9, 4, 17, 488905744, 784463399, 4, 0, 342663071, 0
3, 9, 4, 17, 488905744, 784463399, 3, 2, 135317032, 0
3, 9, 4, 17, 488905744, 784463399, 3, 1, 137806759, 0
3, 9, 4, 17, 488905744, 784463399, 3, 0, 298094201, 0
3, 9, 4, 17, 488905744, 784463399, 2, 2, 127262094, 0
3, 9, 4, 17, 488905744, 784463399, 2, 1, 98851342, 0
3, 9, 4, 17, 488905744, 784463399, 2, 0, 211945999, 0
3, 9, 4, 17, 488905744, 784463399, 1, 2, 118840950, 1
3, 9, 4, 17, 488905744, 784463399, 1, 1, 23454904, 1
3, 9, 4, 17, 488905744, 784463399, 1, 0, 1, 0
3, 9, 4, 17, 488905744, 784463399, 0, 2, 35182355, 1
3, 9, 4, 17, 488905744, 784463399, 0, 1, 70364710, 1
3, 10, 4, 17, 784463400, 1137150959, 15, 2, 15394873, 1
3, 10, 4, 17, 784463400, 1137150959, 15, 1, 5999298, 1
3, 10, 4, 17, 784463400, 1137150959, 15, 0, 1, 0
3, 10, 4, 17, 784463400, 1137150959, 14, 2, 16444524, 1
3, 10, 4, 17, 784463400, 1137150959, 14, 1, 6413042, 1
3, 10, 4, 17, 784463400, 1137150959, 14, 0, 1, 0
3, 10, 4, 17, 784463400, 1137150959, 13, 2, 17647782, 1
3, 10, 4, 17, 784463400, 1137150959, 13, 1, 6888083, 1
3, 10, 4, 17, 784463400, 1137150959, 13, 0, 1, 0
3, 10, 4, 17, 784463400, 1137150959, 12, 2, 19041028, 1
3, 10, 4, 17, 784463400, 1137150959, 12, 1, 7439129, 1
3, 10, 4, 17, 784463400, 1137150959, 12, 0, 1, 0
3, 10, 4, 17, 784463400, 1137150959, 11, 2, 20673116, 1
3, 10, 4, 17, 784463400, 1137150959, 11, 1, 8086010, 1
3, 10, 4, 17, 784463400, 1137150959, 11, 0, 1, 0
3, 10, 4, 17, 784463400, 1137150959, 10, 2, 22611220, 1
3, 10, 4, 17, 784463400, 1137150959, 10, 1, 8856106, 1
3, 10, 4, 17, 784463400, 1137150959, 10, 0, 1, 0
3, 10, 4, 17, 784463400, 1137150959, 9, 2, 24950312, 1
3, 10, 4, 17, 784463400, 1137150959, 9, 1, 9788328, 1
3, 10, 4, 17, 784463400, 1137150959, 9, 0, 1, 0
3, 10, 4, 17, 784463400, 1137150959, 8, 2, 27829194, 1
3, 10, 4, 17, 784463400, 1137150959, 8, 1, 10939896, 1
3, 10, 4, 17, 784463400, 1137150959, 8, 0, 1, 0
3, 10, 4, 17, 784463400, 1137150959, 7, 2, 31459089, 1
3, 10, 4, 17, 784463400, 1137150959, 7, 1, 12398548, 1
3, 10, 4, 17, 784463400, 1137150959, 7, 0, 1, 0
3, 10, 4, 17, 784463400, 1137150959, 6, 2, 36177952, 1
3, 10, 4, 17, 784463400, 1137150959, 6, 1, 14306017, 1
3, 10, 4, 17, 784463400, 1137150959, 6, 0, 1, 0
3, 10, 4, 17, 784463400, 1137150959, 5, 2, 42562296, 1
3, 10, 4, 17, 784463400, 1137150959, 5, 1, 16907111, 1
3, 10, 4, 17, 784463400, 1137150959, 5, 0, 1, 0
3, 10, 4, 17, 784463400, 1137150959, 4, 2, 51682788, 1
3, 10, 4, 17, 784463400, 1137150959, 4, 1, 20664247, 1
3, 10, 4, 17, 784463400, 1137150959, 4, 0, 1, 0
3, 10, 4, 17, 784463400, 1137150959, 3, 2, 65778094, 1
3, 10, 4, 17, 784463400, 1137150959, 3, 1, 26568317, 1
3, 10, 4, 17, 784463400, 1137150959, 3, 0, 1, 0
3, 10, 4, 17, 784463400, 1137150959, 2, 2, 90444879, 1
3, 10, 4, 17, 784463400, 1137150959, 2, 1, 37195644, 1
3, 10, 4, 17, 784463400, 1137150959, 2, 0, 1, 0
3, 10, 4, 17, 784463400, 1137150959, 1, 2, 144711806, 1
3, 10, 4, 17, 784463400, 1137150959, 1, 1, 61992740, 1
3, 10, 4, 17, 784463400, 1137150959, 1, 0, 1, 0
3, 10, 4, 17, 784463400, 1137150959, 0, 2, 92989109, 1
3, 10, 4, 17, 784463400, 1137150959, 0, 1, 185978218, 1
3, 11, 4, 17, 1137150960, 1158011003, 15, 2, 27638721, 0
3, 11, 4, 17, 1137150960, 1158011003, 15, 1, 24609384, 0
3, 11, 4, 17, 1137150960, 1158011003, 15, 0, 16651227, 0
3, 11, 4, 17, 1137150960, 1158011003, 14, 2, 29523179, 0
3, 11, 4, 17, 1137150960, 1158011003, 14, 1, 26306583, 0
3, 11, 4, 17, 1137150960, 1158011003, 14, 0, 17840601, 0
3, 11, 4, 17, 1137150960, 1158011003, 13, 2, 31683412, 0
3, 11, 4, 17, 1137150960, 1158011003, 13, 1, 28255219, 0
3, 11, 4, 17, 1137150960, 1158011003, 13, 0, 19212954, 0
3, 11, 4, 17, 1137150960, 1158011003, 12, 2, 27467082, 0
3, 11, 4, 17, 1137150960, 1158011003, 12, 1, 25832677, 0
3, 11, 4, 17, 1137150960, 1158011003, 12, 0, 11057869, 0
3, 11, 4, 17, 1137150960, 1158011003, 11, 2, 26640270, 0
3, 11, 4, 17, 1137150960, 1158011003, 11, 1, 23238143, 0
3, 11, 4, 17, 1137150960, 1158011003, 11, 0, 12063130, 0
3, 11, 4, 17, 1137150960, 1158011003, 10, 2, 29137796, 0
3, 11, 4, 17, 1137150960, 1158011003, 10, 1, 25451300, 0
3, 11, 4, 17, 1137150960, 1158011003, 10, 0, 13269442, 0
3, 11, 4, 17, 1137150960, 1158011003, 9, 2, 28083816, 0
3, 11, 4, 17, 1137150960, 1158011003, 9, 1, 28130384, 0
3, 11, 4, 17, 1137150960, 1158011003, 9, 0, 14743825, 0
3, 11, 4, 17, 1137150960, 1158011003, 8, 2, 31324256, 0
3, 11, 4, 17, 1137150960, 1158011003, 8, 1, 31439841, 0
3, 11, 4, 17, 1137150960, 1158011003, 8, 0, 16586803, 0
3, 11, 4, 17, 1137150960, 1158011003, 7, 2, 28342083, 0
3, 11, 4, 17, 1137150960, 1158011003, 7, 1, 35631819, 0
3, 11, 4, 17, 1137150960, 1158011003, 7, 0, 18956346, 0
3, 11, 4, 17, 1137150960, 1158011003, 6, 2, 26723865, 0
3, 11, 4, 17, 1137150960, 1158011003, 6, 1, 41113638, 0
3, 11, 4, 17, 1137150960, 1158011003, 6, 0, 22115737, 0
3, 11, 4, 17, 1137150960, 1158011003, 5, 2, 23634287, 1
3, 11, 4, 17, 1137150960, 1158011003, 5, 1, 36525715, 1
3, 11, 4, 17, 1137150960, 1158011003, 5, 0, 1, 0
3, 11, 4, 17, 1137150960, 1158011003, 4, 2, 28698777, 1
3, 11, 4, 17, 1137150960, 1158011003, 4, 1, 44642541, 1
3, 11, 4, 17, 1137150960, 1158011003, 4, 0, 1, 0
3, 11, 4, 17, 1137150960, 1158011003, 3, 2, 24893984, 1
3, 11, 4, 17, 1137150960, 1158011003, 3, 1, 39119117, 1
3, 11, 4, 17, 1137150960, 1158011003, 3, 0, 1, 0
3, 11, 4, 17, 1137150960, 1158011003, 2, 2, 17552900, 1
3, 11, 4, 17, 1137150960, 1158011003, 2, 1, 28084640, 1
3, 11, 4, 17, 1137150960, 1158011003, 2, 0, 1, 0
3, 11, 4, 17, 1137150960, 1158011003, 1, 2, 1, 1
3, 11, 4, 17, 1137150960, 1158011003, 1, 1, 1, 1
3, 11, 4, 17, 1137150960, 1158011003, 1, 0, 1, 0
3, 11, 4, 17, 1137150960, 1158011003, 0, 2, 1, 1
3, 11, 4, 17, 1137150960, 1158011003, 0, 1, 1, 1
3, 12, 4, 17, 1158011004, 1212870401, 15, 2, 9778008, 1
3, 12, 4, 17, 1158011004, 1212870401, 15, 1, 1004973, 1
3, 12, 4, 17, 1158011004, 1212870401, 15, 0, 1, 0
3, 12, 4, 17, 1158011004, 1212870401, 14, 2, 10444690, 1
3, 12, 4, 17, 1158011004, 1212870401, 14, 1, 1074281, 1
3, 12, 4, 17, 1158011004, 1212870401, 14, 0, 1, 0
3, 12, 4, 17, 1158011004, 1212870401, 13, 2, 11208936, 1
3, 12, 4, 17, 1158011004, 1212870401, 13, 1, 1153857, 1
3, 12, 4, 17, 1158011004, 1212870401, 13, 0, 1, 0
3, 12, 4, 17, 1158011004, 1212870401, 12, 2, 12093851, 1
3, 12, 4, 17, 1158011004, 1212870401, 12, 1, 1246166, 1
3, 12, 4, 17, 1158011004, 1212870401, 12, 0, 1, 0
3, 12, 4, 17, 1158011004, 1212870401, 11, 2, 13130467, 1
3, 12, 4, 17, 1158011004, 1212870401, 11, 1, 1354528, 1
3, 12, 4, 17, 1158011004, 1212870401, 11, 0, 1, 0
3, 12, 4, 17, 1158011004, 1212870401, 10, 2, 14361448, 1
3, 12, 4, 17, 1158011004, 1212870401, 10, 1, 1483531, 1
3, 12, 4, 17, 1158011004, 1212870401, 10, 0, 1, 0
3, 12, 4, 17, 1158011004, 1212870401, 9, 2, 15847116, 1
3, 12, 4, 17, 1158011004, 1212870401, 9, 1, 1639692, 1
3, 12, 4, 17, 1158011004, 1212870401, 9, 0, 1, 0
3, 12, 4, 17, 1158011004, 1212870401, 8, 2, 17675629, 1
3, 12, 4, 17, 1158011004, 1212870401, 8, 1, 1832597, 1
3, 12, 4, 17, 1158011004, 1212870401, 8, 0, 1, 0
3, 12, 4, 17, 1158011004, 1212870401, 7, 2, 19981146, 1
3, 12, 4, 17, 1158011004, 1212870401, 7, 1, 2076943, 1
3, 12, 4, 17, 1158011004, 1212870401, 7, 0, 1, 0
3, 12, 4, 17, 1158011004, 1212870401, 6, 2, 22978317, 1
3, 12, 4, 17, 1158011004, 1212870401, 6, 1, 2396473, 1
3, 12, 4, 17, 1158011004, 1212870401, 6, 0, 1, 0
3, 12, 4, 17, 1158011004, 1212870401, 5, 2, 27033314, 1
3, 12, 4, 17, 1158011004, 1212870401, 5, 1, 2832195, 1
3, 12, 4, 17, 1158011004, 1212870401, 5, 0, 1, 0
3, 12, 4, 17, 1158011004, 1212870401, 4, 2, 32826167, 1
3, 12, 4, 17, 1158011004, 1212870401, 4, 1, 3461571, 1
3, 12, 4, 17, 1158011004, 1212870401, 4, 0, 1, 0
3, 12, 4, 17, 1158011004, 1212870401, 3, 2, 41778758, 1
3, 12, 4, 17, 1158011004, 1212870401, 3, 1, 4450592, 1
3, 12, 4, 17, 1158011004, 1212870401, 3, 0, 1, 0
3, 12, 4, 17, 1158011004, 1212870401, 2, 2, 57445792, 1
3, 12, 4, 17, 1158011004, 1212870401, 2, 1, 6230828, 1
3, 12, 4, 17, 1158011004, 1212870401, 2, 0, 1, 0
3, 12, 4, 17, 1158011004, 1212870401, 1, 2, 91913268, 1
3, 12, 4, 17, 1158011004, 1212870401, 1, 1, 10384713, 1
3, 12, 4, 17, 1158011004, 1212870401, 1, 0, 1, 0
3, 12, 4, 17, 1158011004, 1212870401, 0, 2, 31154138, 1
3, 12, 4, 17, 1158011004, 1212870401, 0, 1, 31154138, 1
3, 13, 4, 17, 1212870402, 1674736321, 15, 2, 85346227, 1
3, 13, 4, 17, 1212870402, 1674736321, 15, 1, 61476127, 1
3, 13, 4, 17, 1212870402, 1674736321, 15, 0, 49796125, 0
3, 13, 4, 17, 1212870402, 1674736321, 14, 2, 91165288, 1
3, 13, 4, 17, 1212870402, 1674736321, 14, 1, 65715860, 1
3, 13, 4, 17, 1212870402, 1674736321, 14, 0, 53352991, 0
3, 13, 4, 17, 1212870402, 1674736321, 13, 2, 97835919, 1
3, 13, 4, 17, 1212870402, 1674736321, 13, 1, 70583702, 1
3, 13, 4, 17, 1212870402, 1674736321, 13, 0, 57457067, 0
3, 13, 4, 17, 1212870402, 1674736321, 12, 2, 86596608, 1
3, 13, 4, 17, 1212870402, 1674736321, 12, 1, 54875754, 1
3, 13, 4, 17, 1212870402, 1674736321, 12, 0, 46683867, 0
3, 13, 4, 17, 1212870402, 1674736321, 11, 2, 88683875, 1
3, 13, 4, 17, 1212870402, 1674736321, 11, 1, 51528625, 1
3, 13, 4, 17, 1212870402, 1674736321, 11, 0, 33951903, 0
3, 13, 4, 17, 1212870402, 1674736321, 10, 2, 91162505, 1
3, 13, 4, 17, 1212870402, 1674736321, 10, 1, 47543948, 1
3, 13, 4, 17, 1212870402, 1674736321, 10, 0, 37347094, 0
3, 13, 4, 17, 1212870402, 1674736321, 9, 2, 87714801, 1
3, 13, 4, 17, 1212870402, 1674736321, 9, 1, 42720392, 1
3, 13, 4, 17, 1212870402, 1674736321, 9, 0, 41496771, 0
3, 13, 4, 17, 1212870402, 1674736321, 8, 2, 90653606, 1
3, 13, 4, 17, 1212870402, 1674736321, 8, 1, 36761881, 1
3, 13, 4, 17, 1212870402, 1674736321, 8, 0, 23341934, 0
3, 13, 4, 17, 1212870402, 1674736321, 7, 2, 94359057, 1
3, 13, 4, 17, 1212870402, 1674736321, 7, 1, 41663465, 1
3, 13, 4, 17, 1212870402, 1674736321, 7, 0, 26676496, 0
3, 13, 4, 17, 1212870402, 1674736321, 6, 2, 99176142, 1
3, 13, 4, 17, 1212870402, 1674736321, 6, 1, 48073229, 1
3, 13, 4, 17, 1212870402, 1674736321, 6, 0, 31122578, 0
3, 13, 4, 17, 1212870402, 1674736321, 5, 2, 94708935, 1
3, 13, 4, 17, 1212870402, 1674736321, 5, 1, 22861914, 1
3, 13, 4, 17, 1212870402, 1674736321, 5, 0, 1, 0
3, 13, 4, 17, 1212870402, 1674736321, 4, 2, 88327212, 1
3, 13, 4, 17, 1212870402, 1674736321, 4, 1, 7193954, 1
3, 13, 4, 17, 1212870402, 1674736321, 4, 0, 1, 0
3, 13, 4, 17, 1212870402, 1674736321, 3, 2, 112416452, 1
3, 13, 4, 17, 1212870402, 1674736321, 3, 1, 9249369, 1
3, 13, 4, 17, 1212870402, 1674736321, 3, 0, 1, 0
3, 13, 4, 17, 1212870402, 1674736321, 2, 2, 70042583, 1
3, 13, 4, 17, 1212870402, 1674736321, 2, 1, 12949116, 1
3, 13, 4, 17, 1212870402, 1674736321, 2, 0, 1, 0
3, 13, 4, 17, 1212870402, 1674736321, 1, 2, 112068132, 1
3, 13, 4, 17, 1212870402, 1674736321, 1, 1, 21581860, 1
3, 13, 4, 17, 1212870402, 1674736321, 1, 0, 1, 0
3, 13, 4, 17, 1212870402, 1674736321, 0, 2, 64745579, 1
3, 13, 4, 17, 1212870402, 1674736321, 0, 1, 64745579, 1
3, 14, 4, 17, 1674736322, 1689873911, 15, 2, 281319978, 0
3, 14, 4, 17, 1674736322, 1689873911, 15, 1, 272854668, 0
3, 14, 4, 17, 1674736322, 1689873911, 15, 0, 205683115, 0
3, 14, 4, 17, 1674736322, 1689873911, 14, 2, 285927644, 0
3, 14, 4, 17, 1674736322, 1689873911, 14, 1, 269561106, 0
3, 14, 4, 17, 1674736322, 1689873911, 14, 0, 198763512, 0
3, 14, 4, 17, 1674736322, 1689873911, 13, 2, 278628357, 0
3, 14, 4, 17, 1674736322, 1689873911, 13, 1, 262283287, 0
3, 14, 4, 17, 1674736322, 1689873911, 13, 0, 189168437, 0
3, 14, 4, 17, 1674736322, 1689873911, 12, 2, 273522164, 0
3, 14, 4, 17, 1674736322, 1689873911, 12, 1, 254306639, 0
3, 14, 4, 17, 1674736322, 1689873911, 12, 0, 175314728, 0
3, 14, 4, 17, 1674736322, 1689873911, 11, 2, 270728636, 0
3, 14, 4, 17, 1674736322, 1689873911, 11, 1, 247619662, 0
3, 14, 4, 17, 1674736322, 1689873911, 11, 0, 165029878, 0
3, 14, 4, 17, 1674736322, 1689873911, 10, 2, 262965119, 0
3, 14, 4, 17, 1674736322, 1689873911, 10, 1, 238977910, 0
3, 14, 4, 17, 1674736322, 1689873911, 10, 0, 147856035, 0
3, 14, 4, 17, 1674736322, 1689873911, 9, 2, 265818417, 0
3, 14, 4, 17, 1674736322, 1689873911, 9, 1, 246248549, 0
3, 14, 4, 17, 1674736322, 1689873911, 9, 0, 164284484, 0
3, 14, 4, 17, 1674736322, 1689873911, 8, 2, 250972200, 0
3, 14, 4, 17, 1674736322, 1689873911, 8, 1, 226984068, 0
3, 14, 4, 17, 1674736322, 1689873911, 8, 0, 126210565, 0
3, 14, 4, 17, 1674736322, 1689873911, 7, 2, 239786270, 0
3, 14, 4, 17, 1674736322, 1689873911, 7, 1, 207350399, 0
3, 14, 4, 17, 1674736322, 1689873911, 7, 0, 94409723, 0
3, 14, 4, 17, 1674736322, 1689873911, 6, 2, 226038308, 0
3, 14, 4, 17, 1674736322, 1689873911, 6, 1, 188136703, 0
3, 14, 4, 17, 1674736322, 1689873911, 6, 0, 57346551, 0
3, 14, 4, 17, 1674736322, 1689873911, 5, 2, 202984737, 1
3, 14, 4, 17, 1674736322, 1689873911, 5, 1, 156584946, 1
3, 14, 4, 17, 1674736322, 1689873911, 5, 0, 1, 0
3, 14, 4, 17, 1674736322, 1689873911, 4, 2, 193752300, 1
3, 14, 4, 17, 1674736322, 1689873911, 4, 1, 152255471, 1
3, 14, 4, 17, 1674736322, 1689873911, 4, 0, 1, 0
3, 14, 4, 17, 1674736322, 1689873911, 3, 2, 177969287, 1
3, 14, 4, 17, 1674736322, 1689873911, 3, 1, 144997465, 1
3, 14, 4, 17, 1674736322, 1689873911, 3, 0, 1, 0
3, 14, 4, 17, 1674736322, 1689873911, 2, 2, 165863406, 1
3, 14, 4, 17, 1674736322, 1689873911, 2, 1, 136252004, 1
3, 14, 4, 17, 1674736322, 1689873911, 2, 0, 1, 0
3, 14, 4, 17, 1674736322, 1689873911, 1, 2, 123210383, 1
3, 14, 4, 17, 1674736322, 1689873911, 1, 1, 103523415, 1
3, 14, 4, 17, 1674736322, 1689873911, 1, 0, 1, 0
3, 14, 4, 17, 1674736322, 1689873911, 0, 2, 1, 1
3, 14, 4, 17, 1674736322, 1689873911, 0, 1, 1, 1
3, 15, 4, 17, 1689873912, 1746767552, 15, 2, 289463618, 0
3, 15, 4, 17, 1689873912, 1746767552, 15, 1, 281933169, 0
3, 15, 4, 17, 1689873912, 1746767552, 15, 0, 218767664, 0
3, 15, 4, 17, 1689873912, 1746767552, 14, 2, 293001631, 0
3, 15, 4, 17, 1689873912, 1746767552, 14, 1, 276800343, 0
3, 15, 4, 17, 1689873912, 1746767552, 14, 0, 211932705, 0
3, 15, 4, 17, 1689873912, 1746767552, 13, 2, 288273258, 0
3, 15, 4, 17, 1689873912, 1746767552, 13, 1, 271381265, 0
3, 15, 4, 17, 1689873912, 1746767552, 13, 0, 199004405, 0
3, 15, 4, 17, 1689873912, 1746767552, 12, 2, 280293657, 0
3, 15, 4, 17, 1689873912, 1746767552, 12, 1, 260594994, 0
3, 15, 4, 17, 1689873912, 1746767552, 12, 0, 183293567, 0
3, 15, 4, 17, 1689873912, 1746767552, 11, 2, 274943673, 0
3, 15, 4, 17, 1689873912, 1746767552, 11, 1, 249681332, 0
3, 15, 4, 17, 1689873912, 1746767552, 11, 0, 168587861, 0
3, 15, 4, 17, 1689873912, 1746767552, 10, 2, 266988865, 0
3, 15, 4, 17, 1689873912, 1746767552, 10, 1, 236819794, 0
3, 15, 4, 17, 1689873912, 1746767552, 10, 0, 148612030, 0
3, 15, 4, 17, 1689873912, 1746767552, 9, 2, 269720413, 0
3, 15, 4, 17, 1689873912, 1746767552, 9, 1, 243204918, 0
3, 15, 4, 17, 1689873912, 1746767552, 9, 0, 165124478, 0
3, 15, 4, 17, 1689873912, 1746767552, 8, 2, 259343939, 0
3, 15, 4, 17, 1689873912, 1746767552, 8, 1, 231789393, 0
3, 15, 4, 17, 1689873912, 1746767552, 8, 0, 143714784, 0
3, 15, 4, 17, 1689873912, 1746767552, 7, 2, 247048673, 0
3, 15, 4, 17, 1689873912, 1746767552, 7, 1, 211777644, 0
3, 15, 4, 17, 1689873912, 1746767552, 7, 0, 113748206, 0
3, 15, 4, 17, 1689873912, 1746767552, 6, 2, 227629243, 0
3, 15, 4, 17, 1689873912, 1746767552, 6, 1, 185373241, 0
3, 15, 4, 17, 1689873912, 1746767552, 6, 0, 70542006, 0
3, 15, 4, 17, 1689873912, 1746767552, 5, 2, 200175632, 1
3, 15, 4, 17, 1689873912, 1746767552, 5, 1, 148799649, 1
3, 15, 4, 17, 1689873912, 1746767552, 5, 0, 1, 0
3, 15, 4, 17, 1689873912, 1746767552, 4, 2, 193425468, 1
3, 15, 4, 17, 1689873912, 1746767552, 4, 1, 145630302, 1
3, 15, 4, 17, 1689873912, 1746767552, 4, 0, 1, 0
3, 15, 4, 17, 1689873912, 1746767552, 3, 2, 180530550, 1
3, 15, 4, 17, 1689873912, 1746767552, 3, 1, 142941162, 1
3, 15, 4, 17, 1689873912, 1746767552, 3, 0, 1, 0
3, 15, 4, 17, 1689873912, 1746767552, 2, 2, 171419989, 1
3, 15, 4, 17, 1689873912, 1746767552, 2, 1, 135153553, 1
3, 15, 4, 17, 1689873912, 1746767552, 2, 0, 1, 0
3, 15, 4, 17, 1689873912, 1746767552, 1, 2, 129247064, 1
3, 15, 4, 17, 1689873912, 1746767552, 1, 1, 97281050, 1
3, 15, 4, 17, 1689873912, 1746767552, 1, 0, 1, 0
3, 15, 4, 17, 1689873912, 1746767552, 0, 2, 1, 1
3, 15, 4, 17, 1689873912, 1746767552, 0, 1, 1, 1
3, 16, 4, 17, 1746767553, 1753043203, 15, 2, 14532264, 1
3, 16, 4, 17, 1746767553, 1753043203, 15, 1, 13148020, 0
3, 16, 4, 17, 1746767553, 1753043203, 15, 0, 11615033, 0
3, 16, 4, 17, 1746767553, 1753043203, 14, 2, 14854464, 1
3, 16, 4, 17, 1746767553, 1753043203, 14, 1, 13892230, 0
3, 16, 4, 17, 1746767553, 1753043203, 14, 0, 12444679, 0
3, 16, 4, 17, 1746767553, 1753043203, 13, 2, 14990125, 1
3, 16, 4, 17, 1746767553, 1753043203, 13, 1, 14921284, 0
3, 16, 4, 17, 1746767553, 1753043203, 13, 0, 13401961, 0
3, 16, 4, 17, 1746767553, 1753043203, 12, 2, 14697753, 1
3, 16, 4, 17, 1746767553, 1753043203, 12, 1, 13871766, 0
3, 16, 4, 17, 1746767553, 1753043203, 12, 0, 12730307, 0
3, 16, 4, 17, 1746767553, 1753043203, 11, 2, 14814287, 1
3, 16, 4, 17, 1746767553, 1753043203, 11, 1, 13338244, 0
3, 16, 4, 17, 1746767553, 1753043203, 11, 0, 13887607, 0
3, 16, 4, 17, 1746767553, 1753043203, 10, 2, 15927693, 1
3, 16, 4, 17, 1746767553, 1753043203, 10, 1, 14188844, 0
3, 16, 4, 17, 1746767553, 1753043203, 10, 0, 14994649, 0
3, 16, 4, 17, 1746767553, 1753043203, 9, 2, 16256506, 0
3, 16, 4, 17, 1746767553, 1753043203, 9, 1, 15373851, 0
3, 16, 4, 17, 1746767553, 1753043203, 9, 0, 16660722, 0
3, 16, 4, 17, 1746767553, 1753043203, 8, 2, 16513641, 0
3, 16, 4, 17, 1746767553, 1753043203, 8, 1, 16443038, 0
3, 16, 4, 17, 1746767553, 1753043203, 8, 0, 18436948, 0
3, 16, 4, 17, 1746767553, 1753043203, 7, 2, 15164511, 0
3, 16, 4, 17, 1746767553, 1753043203, 7, 1, 13264048, 0
3, 16, 4, 17, 1746767553, 1753043203, 7, 0, 18947179, 0
3, 16, 4, 17, 1746767553, 1753043203, 6, 2, 16752239, 0
3, 16, 4, 17, 1746767553, 1753043203, 6, 1, 14247827, 0
3, 16, 4, 17, 1746767553, 1753043203, 6, 0, 22105042, 0
3, 16, 4, 17, 1746767553, 1753043203, 5, 2, 17431293, 0
3, 16, 4, 17, 1746767553, 1753043203, 5, 1, 14476430, 0
3, 16, 4, 17, 1746767553, 1753043203, 5, 0, 24500414, 0
3, 16, 4, 17, 1746767553, 1753043203, 4, 2, 18334349, 0
3, 16, 4, 17, 1746767553, 1753043203, 4, 1, 17171586, 0
3, 16, 4, 17, 1746767553, 1753043203, 4, 0, 29451405, 0
3, 16, 4, 17, 1746767553, 1753043203, 3, 2, 17370813, 0
3, 16, 4, 17, 1746767553, 1753043203, 3, 1, 22077753, 0
3, 16, 4, 17, 1746767553, 1753043203, 3, 0, 39268539, 0
3, 16, 4, 17, 1746767553, 1753043203, 2, 2, 23884868, 0
3, 16, 4, 17, 1746767553, 1753043203, 2, 1, 30908854, 0
3, 16, 4, 17, 1746767553, 1753043203, 2, 0, 58902809, 0
3, 16, 4, 17, 1746767553, 1753043203, 1, 2, 23397629, 0
3, 16, 4, 17, 1746767553, 1753043203, 1, 1, 28889306, 0
3, 16, 4, 17, 1746767553, 1753043203, 1, 0, 86667917, 0
3, 16, 4, 17, 1746767553, 1753043203, 0, 2, 15160114, 1
3, 16, 4, 17, 1746767553, 1753043203, 0, 1, 1, 1
