3, 1, 14, 9, 1, 86000354, 5, 10, 14245033, 1
3, 1, 14, 9, 1, 86000354, 5, 9, 14188392, 1
3, 1, 14, 9, 1, 86000354, 5, 8, 15473265, 1
3, 1, 14, 9, 1, 86000354, 5, 7, 16533487, 1
3, 1, 14, 9, 1, 86000354, 5, 6, 16717661, 0
3, 1, 14, 9, 1, 86000354, 5, 5, 12349179, 0
3, 1, 14, 9, 1, 86000354, 5, 4, 8869778, 0
3, 1, 14, 9, 1, 86000354, 5, 3, 4108047, 0
3, 1, 14, 9, 1, 86000354, 5, 2, 3441595, 0
3, 1, 14, 9, 1, 86000354, 5, 1, 5318828, 0
3, 1, 14, 9, 1, 86000354, 5, 0, 11701420, 0
3, 1, 14, 9, 1, 86000354, 4, 10, 14817531, 0
3, 1, 14, 9, 1, 86000354, 4, 9, 15261538, 0
3, 1, 14, 9, 1, 86000354, 4, 8, 16608712, 1
3, 1, 14, 9, 1, 86000354, 4, 7, 17635235, 1
3, 1, 14, 9, 1, 86000354, 4, 6, 17533069, 0
3, 1, 14, 9, 1, 86000354, 4, 5, 11899148, 0
3, 1, 14, 9, 1, 86000354, 4, 4, 10717648, 0
3, 1, 14, 9, 1, 86000354, 4, 3, 4972899, 0
3, 1, 14, 9, 1, 86000354, 4, 2, 4179079, 0
3, 1, 14, 9, 1, 86000354, 4, 1, 6500789, 0
3, 1, 14, 9, 1, 86000354, 4, 0, 14626775, 0
3, 1, 14, 9, 1, 86000354, 3, 10, 10528640, 0
3, 1, 14, 9, 1, 86000354, 3, 9, 11608500, 0
3, 1, 14, 9, 1, 86000354, 3, 8, 12448555, 0
3, 1, 14, 9, 1, 86000354, 3, 7, 14054820, 0
3, 1, 14, 9, 1, 86000354, 3, 6, 12742579, 0
3, 1, 14, 9, 1, 86000354, 3, 5, 13439014, 0
3, 1, 14, 9, 1, 86000354, 3, 4, 11644505, 0
3, 1, 14, 9, 1, 86000354, 3, 3, 3900474, 0
3, 1, 14, 9, 1, 86000354, 3, 2, 5318828, 0
3, 1, 14, 9, 1, 86000354, 3, 1, 8358158, 0
3, 1, 14, 9, 1, 86000354, 3, 0, 19502367, 0
3, 1, 14, 9, 1, 86000354, 2, 10, 11203374, 0
3, 1, 14, 9, 1, 86000354, 2, 9, 12362344, 0
3, 1, 14, 9, 1, 86000354, 2, 8, 13133688, 0
3, 1, 14, 9, 1, 86000354, 2, 7, 14846778, 0
3, 1, 14, 9, 1, 86000354, 2, 6, 12491305, 0
3, 1, 14, 9, 1, 86000354, 2, 5, 12639635, 0
3, 1, 14, 9, 1, 86000354, 2, 4, 9073005, 0
3, 1, 14, 9, 1, 86000354, 2, 3, 5318828, 0
3, 1, 14, 9, 1, 86000354, 2, 2, 7313388, 0
3, 1, 14, 9, 1, 86000354, 2, 1, 11701420, 0
3, 1, 14, 9, 1, 86000354, 2, 0, 29253550, 0
3, 1, 14, 9, 1, 86000354, 1, 10, 15119450, 0
3, 1, 14, 9, 1, 86000354, 1, 9, 16710971, 0
3, 1, 14, 9, 1, 86000354, 1, 8, 17675081, 0
3, 1, 14, 9, 1, 86000354, 1, 7, 20031758, 0
3, 1, 14, 9, 1, 86000354, 1, 6, 16063583, 0
3, 1, 14, 9, 1, 86000354, 1, 5, 15806752, 0
3, 1, 14, 9, 1, 86000354, 1, 4, 9558061, 0
3, 1, 14, 9, 1, 86000354, 1, 3, 8358158, 0
3, 1, 14, 9, 1, 86000354, 1, 2, 11701420, 0
3, 1, 14, 9, 1, 86000354, 1, 1, 19502367, 0
3, 1, 14, 9, 1, 86000354, 1, 0, 58507100, 0
3, 1, 14, 9, 1, 86000354, 0, 10, 11916524, 1
3, 1, 14, 9, 1, 86000354, 0, 9, 13240582, 1
3, 1, 14, 9, 1, 86000354, 0, 8, 14895655, 1
3, 1, 14, 9, 1, 86000354, 0, 7, 17023605, 1
3, 1, 14, 9, 1, 86000354, 0, 6, 4585908, 1
3, 1, 14, 9, 1, 86000354, 0, 5, 5503089, 1
3, 1, 14, 9, 1, 86000354, 0, 4, 6878861, 1
3, 1, 14, 9, 1, 86000354, 0, 3, 1, 1
3, 1, 14, 9, 1, 86000354, 0, 2, 1, 1
3, 1, 14, 9, 1, 86000354, 0, 1, 1, 1
3, 2, 14, 9, 86000355, 100110312, 5, 10, 28861126, 1
3, 2, 14, 9, 86000355, 100110312, 5, 9, 29907167, 1
3, 2, 14, 9, 86000355, 100110312, 5, 8, 32923248, 1
3, 2, 14, 9, 86000355, 100110312, 5, 7, 33952346, 1
3, 2, 14, 9, 86000355, 100110312, 5, 6, 31407715, 1
3, 2, 14, 9, 86000355, 100110312, 5, 5, 19596839, 1
3, 2, 14, 9, 86000355, 100110312, 5, 4, 19907993, 1
3, 2, 14, 9, 86000355, 100110312, 5, 3, 20728880, 1
3, 2, 14, 9, 86000355, 100110312, 5, 2, 20308851, 1
3, 2, 14, 9, 86000355, 100110312, 5, 1, 18838468, 0
3, 2, 14, 9, 86000355, 100110312, 5, 0, 8603231, 0
3, 2, 14, 9, 86000355, 100110312, 4, 10, 29721971, 1
3, 2, 14, 9, 86000355, 100110312, 4, 9, 30480329, 1
3, 2, 14, 9, 86000355, 100110312, 4, 8, 33944003, 1
3, 2, 14, 9, 86000355, 100110312, 4, 7, 34470878, 1
3, 2, 14, 9, 86000355, 100110312, 4, 6, 30894056, 1
3, 2, 14, 9, 86000355, 100110312, 4, 5, 19596252, 1
3, 2, 14, 9, 86000355, 100110312, 4, 4, 19228461, 1
3, 2, 14, 9, 86000355, 100110312, 4, 3, 18995553, 1
3, 2, 14, 9, 86000355, 100110312, 4, 2, 20182930, 1
3, 2, 14, 9, 86000355, 100110312, 4, 1, 20716762, 0
3, 2, 14, 9, 86000355, 100110312, 4, 0, 5560966, 0
3, 2, 14, 9, 86000355, 100110312, 3, 10, 29747954, 1
3, 2, 14, 9, 86000355, 100110312, 3, 9, 29941327, 1
3, 2, 14, 9, 86000355, 100110312, 3, 8, 33363192, 1
3, 2, 14, 9, 86000355, 100110312, 3, 7, 34427465, 1
3, 2, 14, 9, 86000355, 100110312, 3, 6, 28640188, 1
3, 2, 14, 9, 86000355, 100110312, 3, 5, 18136315, 1
3, 2, 14, 9, 86000355, 100110312, 3, 4, 16333001, 1
3, 2, 14, 9, 86000355, 100110312, 3, 3, 13983964, 1
3, 2, 14, 9, 86000355, 100110312, 3, 2, 17703826, 1
3, 2, 14, 9, 86000355, 100110312, 3, 1, 14090273, 0
3, 2, 14, 9, 86000355, 100110312, 3, 0, 7414621, 0
3, 2, 14, 9, 86000355, 100110312, 2, 10, 33537295, 1
3, 2, 14, 9, 86000355, 100110312, 2, 9, 35605331, 1
3, 2, 14, 9, 86000355, 100110312, 2, 8, 39713638, 1
3, 2, 14, 9, 86000355, 100110312, 2, 7, 40525839, 1
3, 2, 14, 9, 86000355, 100110312, 2, 6, 37446341, 1
3, 2, 14, 9, 86000355, 100110312, 2, 5, 24537368, 1
3, 2, 14, 9, 86000355, 100110312, 2, 4, 22166215, 1
3, 2, 14, 9, 86000355, 100110312, 2, 3, 19069042, 1
3, 2, 14, 9, 86000355, 100110312, 2, 2, 24342760, 1
3, 2, 14, 9, 86000355, 100110312, 2, 1, 19726382, 0
3, 2, 14, 9, 86000355, 100110312, 2, 0, 11121932, 0
3, 2, 14, 9, 86000355, 100110312, 1, 10, 28099382, 1
3, 2, 14, 9, 86000355, 100110312, 1, 9, 28918325, 1
3, 2, 14, 9, 86000355, 100110312, 1, 8, 32320481, 1
3, 2, 14, 9, 86000355, 100110312, 1, 7, 29932525, 1
3, 2, 14, 9, 86000355, 100110312, 1, 6, 33098732, 1
3, 2, 14, 9, 86000355, 100110312, 1, 5, 26840373, 1
3, 2, 14, 9, 86000355, 100110312, 1, 4, 32009238, 1
3, 2, 14, 9, 86000355, 100110312, 1, 3, 26787942, 1
3, 2, 14, 9, 86000355, 100110312, 1, 2, 34499644, 1
3, 2, 14, 9, 86000355, 100110312, 1, 1, 25462683, 1
3, 2, 14, 9, 86000355, 100110312, 1, 0, 1, 0
3, 2, 14, 9, 86000355, 100110312, 0, 10, 33472652, 1
3, 2, 14, 9, 86000355, 100110312, 0, 9, 37191836, 1
3, 2, 14, 9, 86000355, 100110312, 0, 8, 41840815, 1
3, 2, 14, 9, 86000355, 100110312, 0, 7, 47818074, 1
3, 2, 14, 9, 86000355, 100110312, 0, 6, 52670362, 1
3, 2, 14, 9, 86000355, 100110312, 0, 5, 36196550, 1
3, 2, 14, 9, 86000355, 100110312, 0, 4, 45245687, 1
3, 2, 14, 9, 86000355, 100110312, 0, 3, 30255055, 1
3, 2, 14, 9, 86000355, 100110312, 0, 2, 37873895, 1
3, 2, 14, 9, 86000355, 100110312, 0, 1, 1, 1
3, 3, 14, 9, 100110313, 161330947, 5, 10, 7394923, 1
3, 3, 14, 9, 100110313, 161330947, 5, 9, 6035146, 1
3, 3, 14, 9, 100110313, 161330947, 5, 8, 5761557, 1
3, 3, 14, 9, 100110313, 161330947, 5, 7, 6497075, 1
3, 3, 14, 9, 100110313, 161330947, 5, 6, 5932475, 1
3, 3, 14, 9, 100110313, 161330947, 5, 5, 6747588, 1
3, 3, 14, 9, 100110313, 161330947, 5, 4, 5750725, 1
3, 3, 14, 9, 100110313, 161330947, 5, 3, 6799820, 1
3, 3, 14, 9, 100110313, 161330947, 5, 2, 5482571, 1
3, 3, 14, 9, 100110313, 161330947, 5, 1, 8473064, 1
3, 3, 14, 9, 100110313, 161330947, 5, 0, 3824510, 0
3, 3, 14, 9, 100110313, 161330947, 4, 10, 5870174, 1
3, 3, 14, 9, 100110313, 161330947, 4, 9, 5841632, 1
3, 3, 14, 9, 100110313, 161330947, 4, 8, 6505454, 1
3, 3, 14, 9, 100110313, 161330947, 4, 7, 7339487, 1
3, 3, 14, 9, 100110313, 161330947, 4, 6, 6591438, 1
3, 3, 14, 9, 100110313, 161330947, 4, 5, 7484242, 1
3, 3, 14, 9, 100110313, 161330947, 4, 4, 6152020, 1
3, 3, 14, 9, 100110313, 161330947, 4, 3, 7224911, 1
3, 3, 14, 9, 100110313, 161330947, 4, 2, 5291511, 1
3, 3, 14, 9, 100110313, 161330947, 4, 1, 8231240, 1
3, 3, 14, 9, 100110313, 161330947, 4, 0, 1, 0
3, 3, 14, 9, 100110313, 161330947, 3, 10, 6656744, 1
3, 3, 14, 9, 100110313, 161330947, 3, 9, 7339487, 1
3, 3, 14, 9, 100110313, 161330947, 3, 8, 8178285, 1
3, 3, 14, 9, 100110313, 161330947, 3, 7, 9233548, 1
3, 3, 14, 9, 100110313, 161330947, 3, 6, 8300330, 1
3, 3, 14, 9, 100110313, 161330947, 3, 5, 9436653, 1
3, 3, 14, 9, 100110313, 161330947, 3, 4, 7770972, 1
3, 3, 14, 9, 100110313, 161330947, 3, 3, 9151553, 1
3, 3, 14, 9, 100110313, 161330947, 3, 2, 6734651, 1
3, 3, 14, 9, 100110313, 161330947, 3, 1, 10583022, 1
3, 3, 14, 9, 100110313, 161330947, 3, 0, 1, 0
3, 3, 14, 9, 100110313, 161330947, 2, 10, 8830974, 1
3, 3, 14, 9, 100110313, 161330947, 2, 9, 9744523, 1
3, 3, 14, 9, 100110313, 161330947, 2, 8, 10868891, 1
3, 3, 14, 9, 100110313, 161330947, 2, 7, 12286572, 1
3, 3, 14, 9, 100110313, 161330947, 2, 6, 11023004, 1
3, 3, 14, 9, 100110313, 161330947, 2, 5, 12552600, 1
3, 3, 14, 9, 100110313, 161330947, 2, 4, 10546319, 1
3, 3, 14, 9, 100110313, 161330947, 2, 3, 12479391, 1
3, 3, 14, 9, 100110313, 161330947, 2, 2, 9260145, 1
3, 3, 14, 9, 100110313, 161330947, 2, 1, 14816231, 1
3, 3, 14, 9, 100110313, 161330947, 2, 0, 1, 0
3, 3, 14, 9, 100110313, 161330947, 1, 10, 8528274, 1
3, 3, 14, 9, 100110313, 161330947, 1, 9, 9425987, 1
3, 3, 14, 9, 100110313, 161330947, 1, 8, 10534926, 1
3, 3, 14, 9, 100110313, 161330947, 1, 7, 11939583, 1
3, 3, 14, 9, 100110313, 161330947, 1, 6, 8997129, 1
3, 3, 14, 9, 100110313, 161330947, 1, 5, 9990618, 1
3, 3, 14, 9, 100110313, 161330947, 1, 4, 12210756, 1
3, 3, 14, 9, 100110313, 161330947, 1, 3, 14217376, 1
3, 3, 14, 9, 100110313, 161330947, 1, 2, 14816231, 1
3, 3, 14, 9, 100110313, 161330947, 1, 1, 24693718, 1
3, 3, 14, 9, 100110313, 161330947, 1, 0, 1, 0
3, 3, 14, 9, 100110313, 161330947, 0, 10, 5404156, 1
3, 3, 14, 9, 100110313, 161330947, 0, 9, 6004617, 1
3, 3, 14, 9, 100110313, 161330947, 0, 8, 6755194, 1
3, 3, 14, 9, 100110313, 161330947, 0, 7, 7720222, 1
3, 3, 14, 9, 100110313, 161330947, 0, 6, 9006926, 1
3, 3, 14, 9, 100110313, 161330947, 0, 5, 9395136, 1
3, 3, 14, 9, 100110313, 161330947, 0, 4, 11743920, 1
3, 3, 14, 9, 100110313, 161330947, 0, 3, 15658560, 1
3, 3, 14, 9, 100110313, 161330947, 0, 2, 10767603, 1
3, 3, 14, 9, 100110313, 161330947, 0, 1, 21535206, 1
3, 4, 14, 9, 161330948, 314048924, 5, 10, 501422, 1
3, 4, 14, 9, 161330948, 314048924, 5, 9, 552414, 1
3, 4, 14, 9, 161330948, 314048924, 5, 8, 365506, 1
3, 4, 14, 9, 161330948, 314048924, 5, 7, 412166, 1
3, 4, 14, 9, 161330948, 314048924, 5, 6, 472483, 1
3, 4, 14, 9, 161330948, 314048924, 5, 5, 153959, 1
3, 4, 14, 9, 161330948, 314048924, 5, 4, 185813, 1
3, 4, 14, 9, 161330948, 314048924, 5, 3, 234286, 1
3, 4, 14, 9, 161330948, 314048924, 5, 2, 316974, 1
3, 4, 14, 9, 161330948, 314048924, 5, 1, 489869, 1
3, 4, 14, 9, 161330948, 314048924, 5, 0, 1, 0
3, 4, 14, 9, 161330948, 314048924, 4, 10, 603563, 1
3, 4, 14, 9, 161330948, 314048924, 4, 9, 665151, 1
3, 4, 14, 9, 161330948, 314048924, 4, 8, 440268, 1
3, 4, 14, 9, 161330948, 314048924, 4, 7, 496713, 1
3, 4, 14, 9, 161330948, 314048924, 4, 6, 569759, 1
3, 4, 14, 9, 161330948, 314048924, 4, 5, 185813, 1
3, 4, 14, 9, 161330948, 314048924, 4, 4, 224524, 1
3, 4, 14, 9, 161330948, 314048924, 4, 3, 283609, 1
3, 4, 14, 9, 161330948, 314048924, 4, 2, 384897, 1
3, 4, 14, 9, 161330948, 314048924, 4, 1, 598729, 1
3, 4, 14, 9, 161330948, 314048924, 4, 0, 1, 0
3, 4, 14, 9, 161330948, 314048924, 3, 10, 757963, 1
3, 4, 14, 9, 161330948, 314048924, 3, 9, 835702, 1
3, 4, 14, 9, 161330948, 314048924, 3, 8, 553480, 1
3, 4, 14, 9, 161330948, 314048924, 3, 7, 624897, 1
3, 4, 14, 9, 161330948, 314048924, 3, 6, 717474, 1
3, 4, 14, 9, 161330948, 314048924, 3, 5, 234286, 1
3, 4, 14, 9, 161330948, 314048924, 3, 4, 283609, 1
3, 4, 14, 9, 161330948, 314048924, 3, 3, 359238, 1
3, 4, 14, 9, 161330948, 314048924, 3, 2, 489869, 1
3, 4, 14, 9, 161330948, 314048924, 3, 1, 769794, 1
3, 4, 14, 9, 161330948, 314048924, 3, 0, 1, 0
3, 4, 14, 9, 161330948, 314048924, 2, 10, 850120, 1
3, 4, 14, 9, 161330948, 314048924, 2, 9, 938063, 1
3, 4, 14, 9, 161330948, 314048924, 2, 8, 537817, 1
3, 4, 14, 9, 161330948, 314048924, 2, 7, 607967, 1
3, 4, 14, 9, 161330948, 314048924, 2, 6, 699162, 1
3, 4, 14, 9, 161330948, 314048924, 2, 5, 1, 1
3, 4, 14, 9, 161330948, 314048924, 2, 4, 1, 1
3, 4, 14, 9, 161330948, 314048924, 2, 3, 1, 1
3, 4, 14, 9, 161330948, 314048924, 2, 2, 1, 1
3, 4, 14, 9, 161330948, 314048924, 2, 1, 1, 1
3, 4, 14, 9, 161330948, 314048924, 2, 0, 1, 0
3, 4, 14, 9, 161330948, 314048924, 1, 10, 629552, 1
3, 4, 14, 9, 161330948, 314048924, 1, 9, 695821, 1
3, 4, 14, 9, 161330948, 314048924, 1, 8, 1, 1
3, 4, 14, 9, 161330948, 314048924, 1, 7, 1, 1
3, 4, 14, 9, 161330948, 314048924, 1, 6, 1, 1
3, 4, 14, 9, 161330948, 314048924, 1, 5, 1, 1
3, 4, 14, 9, 161330948, 314048924, 1, 4, 1, 1
3, 4, 14, 9, 161330948, 314048924, 1, 3, 1, 1
3, 4, 14, 9, 161330948, 314048924, 1, 2, 1, 1
3, 4, 14, 9, 161330948, 314048924, 1, 1, 1, 1
3, 4, 14, 9, 161330948, 314048924, 1, 0, 1, 0
3, 4, 14, 9, 161330948, 314048924, 0, 10, 1322060, 1
3, 4, 14, 9, 161330948, 314048924, 0, 9, 1468955, 1
3, 4, 14, 9, 161330948, 314048924, 0, 8, 1, 1
3, 4, 14, 9, 161330948, 314048924, 0, 7, 1, 1
3, 4, 14, 9, 161330948, 314048924, 0, 6, 1, 1
3, 4, 14, 9, 161330948, 314048924, 0, 5, 1, 1
3, 4, 14, 9, 161330948, 314048924, 0, 4, 1, 1
3, 4, 14, 9, 161330948, 314048924, 0, 3, 1, 1
3, 4, 14, 9, 161330948, 314048924, 0, 2, 1, 1
3, 4, 14, 9, 161330948, 314048924, 0, 1, 1, 1
3, 5, 14, 9, 314048925, 339877562, 5, 10, 12990325, 0
3, 5, 14, 9, 314048925, 339877562, 5, 9, 12807148, 0
3, 5, 14, 9, 314048925, 339877562, 5, 8, 11219004, 0
3, 5, 14, 9, 314048925, 339877562, 5, 7, 11135403, 0
3, 5, 14, 9, 314048925, 339877562, 5, 6, 12510716, 0
3, 5, 14, 9, 314048925, 339877562, 5, 5, 13587826, 0
3, 5, 14, 9, 314048925, 339877562, 5, 4, 12747341, 0
3, 5, 14, 9, 314048925, 339877562, 5, 3, 13943101, 0
3, 5, 14, 9, 314048925, 339877562, 5, 2, 11314673, 0
3, 5, 14, 9, 314048925, 339877562, 5, 1, 7361860, 0
3, 5, 14, 9, 314048925, 339877562, 5, 0, 8892524, 0
3, 5, 14, 9, 314048925, 339877562, 4, 10, 15203148, 0
3, 5, 14, 9, 314048925, 339877562, 4, 9, 15380168, 0
3, 5, 14, 9, 314048925, 339877562, 4, 8, 13468492, 0
3, 5, 14, 9, 314048925, 339877562, 4, 7, 13419588, 0
3, 5, 14, 9, 314048925, 339877562, 4, 6, 15086452, 0
3, 5, 14, 9, 314048925, 339877562, 4, 5, 16399101, 0
3, 5, 14, 9, 314048925, 339877562, 4, 4, 15403037, 0
3, 5, 14, 9, 314048925, 339877562, 4, 3, 16878491, 0
3, 5, 14, 9, 314048925, 339877562, 4, 2, 13739246, 0
3, 5, 14, 9, 314048925, 339877562, 4, 1, 8997828, 0
3, 5, 14, 9, 314048925, 339877562, 4, 0, 11115655, 0
3, 5, 14, 9, 314048925, 339877562, 3, 10, 14874423, 0
3, 5, 14, 9, 314048925, 339877562, 3, 9, 14673293, 0
3, 5, 14, 9, 314048925, 339877562, 3, 8, 13246566, 0
3, 5, 14, 9, 314048925, 339877562, 3, 7, 12721937, 0
3, 5, 14, 9, 314048925, 339877562, 3, 6, 14220574, 0
3, 5, 14, 9, 314048925, 339877562, 3, 5, 16693717, 0
3, 5, 14, 9, 314048925, 339877562, 3, 4, 16255924, 0
3, 5, 14, 9, 314048925, 339877562, 3, 3, 17325399, 0
3, 5, 14, 9, 314048925, 339877562, 3, 2, 17486312, 0
3, 5, 14, 9, 314048925, 339877562, 3, 1, 11568636, 0
3, 5, 14, 9, 314048925, 339877562, 3, 0, 14820873, 0
3, 5, 14, 9, 314048925, 339877562, 2, 10, 18070580, 0
3, 5, 14, 9, 314048925, 339877562, 2, 9, 18585067, 0
3, 5, 14, 9, 314048925, 339877562, 2, 8, 16551474, 0
3, 5, 14, 9, 314048925, 339877562, 2, 7, 15699504, 0
3, 5, 14, 9, 314048925, 339877562, 2, 6, 17533201, 0
3, 5, 14, 9, 314048925, 339877562, 2, 5, 20627295, 0
3, 5, 14, 9, 314048925, 339877562, 2, 4, 22061611, 0
3, 5, 14, 9, 314048925, 339877562, 2, 3, 23625544, 0
3, 5, 14, 9, 314048925, 339877562, 2, 2, 24043679, 0
3, 5, 14, 9, 314048925, 339877562, 2, 1, 16196091, 0
3, 5, 14, 9, 314048925, 339877562, 2, 0, 22231309, 0
3, 5, 14, 9, 314048925, 339877562, 1, 10, 24930499, 0
3, 5, 14, 9, 314048925, 339877562, 1, 9, 27554762, 0
3, 5, 14, 9, 314048925, 339877562, 1, 8, 24406581, 0
3, 5, 14, 9, 314048925, 339877562, 1, 7, 23044142, 0
3, 5, 14, 9, 314048925, 339877562, 1, 6, 25787504, 0
3, 5, 14, 9, 314048925, 339877562, 1, 5, 30476141, 0
3, 5, 14, 9, 314048925, 339877562, 1, 4, 32604010, 0
3, 5, 14, 9, 314048925, 339877562, 1, 3, 34922075, 0
3, 5, 14, 9, 314048925, 339877562, 1, 2, 35384596, 0
3, 5, 14, 9, 314048925, 339877562, 1, 1, 21851333, 0
3, 5, 14, 9, 314048925, 339877562, 1, 0, 44462617, 0
3, 5, 14, 9, 314048925, 339877562, 0, 10, 5222604, 1
3, 5, 14, 9, 314048925, 339877562, 0, 9, 5802893, 1
3, 5, 14, 9, 314048925, 339877562, 0, 8, 6528254, 1
3, 5, 14, 9, 314048925, 339877562, 0, 7, 7460862, 1
3, 5, 14, 9, 314048925, 339877562, 0, 6, 6966911, 1
3, 5, 14, 9, 314048925, 339877562, 0, 5, 8360293, 1
3, 5, 14, 9, 314048925, 339877562, 0, 4, 1, 1
3, 5, 14, 9, 314048925, 339877562, 0, 3, 1, 1
3, 5, 14, 9, 314048925, 339877562, 0, 2, 1, 1
3, 5, 14, 9, 314048925, 339877562, 0, 1, 1, 1
3, 6, 14, 9, 339877563, 406105834, 5, 10, 29874212, 1
3, 6, 14, 9, 339877563, 406105834, 5, 9, 27836438, 1
3, 6, 14, 9, 339877563, 406105834, 5, 8, 27072657, 1
3, 6, 14, 9, 339877563, 406105834, 5, 7, 28199821, 1
3, 6, 14, 9, 339877563, 406105834, 5, 6, 28650888, 1
3, 6, 14, 9, 339877563, 406105834, 5, 5, 31939822, 1
3, 6, 14, 9, 339877563, 406105834, 5, 4, 22285756, 1
3, 6, 14, 9, 339877563, 406105834, 5, 3, 23749882, 1
3, 6, 14, 9, 339877563, 406105834, 5, 2, 10157211, 1
3, 6, 14, 9, 339877563, 406105834, 5, 1, 1, 1
3, 6, 14, 9, 339877563, 406105834, 5, 0, 1, 0
3, 6, 14, 9, 339877563, 406105834, 4, 10, 34642081, 1
3, 6, 14, 9, 339877563, 406105834, 4, 9, 32816354, 1
3, 6, 14, 9, 339877563, 406105834, 4, 8, 31829598, 1
3, 6, 14, 9, 339877563, 406105834, 4, 7, 33103669, 1
3, 6, 14, 9, 339877563, 406105834, 4, 6, 34234100, 1
3, 6, 14, 9, 339877563, 406105834, 4, 5, 38178164, 1
3, 6, 14, 9, 339877563, 406105834, 4, 4, 26928622, 1
3, 6, 14, 9, 339877563, 406105834, 4, 3, 28749857, 1
3, 6, 14, 9, 339877563, 406105834, 4, 2, 12333756, 1
3, 6, 14, 9, 339877563, 406105834, 4, 1, 1, 1
3, 6, 14, 9, 339877563, 406105834, 4, 0, 1, 0
3, 6, 14, 9, 339877563, 406105834, 3, 10, 39154135, 1
3, 6, 14, 9, 339877563, 406105834, 3, 9, 37166674, 1
3, 6, 14, 9, 339877563, 406105834, 3, 8, 40014352, 1
3, 6, 14, 9, 339877563, 406105834, 3, 7, 41646552, 1
3, 6, 14, 9, 339877563, 406105834, 3, 6, 43109607, 1
3, 6, 14, 9, 339877563, 406105834, 3, 5, 48137685, 1
3, 6, 14, 9, 339877563, 406105834, 3, 4, 34015101, 1
3, 6, 14, 9, 339877563, 406105834, 3, 3, 36416485, 1
3, 6, 14, 9, 339877563, 406105834, 3, 2, 15697507, 1
3, 6, 14, 9, 339877563, 406105834, 3, 1, 1, 1
3, 6, 14, 9, 339877563, 406105834, 3, 0, 1, 0
3, 6, 14, 9, 339877563, 406105834, 2, 10, 36307885, 1
3, 6, 14, 9, 339877563, 406105834, 2, 9, 36616899, 1
3, 6, 14, 9, 339877563, 406105834, 2, 8, 38957388, 1
3, 6, 14, 9, 339877563, 406105834, 2, 7, 40241002, 1
3, 6, 14, 9, 339877563, 406105834, 2, 6, 40450168, 1
3, 6, 14, 9, 339877563, 406105834, 2, 5, 47588433, 1
3, 6, 14, 9, 339877563, 406105834, 2, 4, 34823579, 1
3, 6, 14, 9, 339877563, 406105834, 2, 3, 44320918, 1
3, 6, 14, 9, 339877563, 406105834, 2, 2, 20065535, 1
3, 6, 14, 9, 339877563, 406105834, 2, 1, 1, 1
3, 6, 14, 9, 339877563, 406105834, 2, 0, 1, 0
3, 6, 14, 9, 339877563, 406105834, 1, 10, 40489312, 1
3, 6, 14, 9, 339877563, 406105834, 1, 9, 39490173, 1
3, 6, 14, 9, 339877563, 406105834, 1, 8, 41253842, 1
3, 6, 14, 9, 339877563, 406105834, 1, 7, 43649637, 1
3, 6, 14, 9, 339877563, 406105834, 1, 6, 41400375, 1
3, 6, 14, 9, 339877563, 406105834, 1, 5, 48927715, 1
3, 6, 14, 9, 339877563, 406105834, 1, 4, 35314849, 1
3, 6, 14, 9, 339877563, 406105834, 1, 3, 45404806, 1
3, 6, 14, 9, 339877563, 406105834, 1, 2, 16932889, 1
3, 6, 14, 9, 339877563, 406105834, 1, 1, 1, 1
3, 6, 14, 9, 339877563, 406105834, 1, 0, 1, 0
3, 6, 14, 9, 339877563, 406105834, 0, 10, 50421198, 1
3, 6, 14, 9, 339877563, 406105834, 0, 9, 56023554, 1
3, 6, 14, 9, 339877563, 406105834, 0, 8, 56901750, 1
3, 6, 14, 9, 339877563, 406105834, 0, 7, 58377606, 1
3, 6, 14, 9, 339877563, 406105834, 0, 6, 48683927, 1
3, 6, 14, 9, 339877563, 406105834, 0, 5, 58420712, 1
3, 6, 14, 9, 339877563, 406105834, 0, 4, 36046747, 1
3, 6, 14, 9, 339877563, 406105834, 0, 3, 48062330, 1
3, 6, 14, 9, 339877563, 406105834, 0, 2, 42332223, 1
3, 6, 14, 9, 339877563, 406105834, 0, 1, 1, 1
3, 7, 14, 9, 406105835, 495207126, 5, 10, 1766512, 1
3, 7, 14, 9, 406105835, 495207126, 5, 9, 1421859, 1
3, 7, 14, 9, 406105835, 495207126, 5, 8, 1443665, 1
3, 7, 14, 9, 406105835, 495207126, 5, 7, 1023952, 1
3, 7, 14, 9, 406105835, 495207126, 5, 6, 452565, 1
3, 7, 14, 9, 406105835, 495207126, 5, 5, 530147, 1
3, 7, 14, 9, 406105835, 495207126, 5, 4, 406285, 1
3, 7, 14, 9, 406105835, 495207126, 5, 3, 512272, 1
3, 7, 14, 9, 406105835, 495207126, 5, 2, 693074, 1
3, 7, 14, 9, 406105835, 495207126, 5, 1, 1, 1
3, 7, 14, 9, 406105835, 495207126, 5, 0, 1, 0
3, 7, 14, 9, 406105835, 495207126, 4, 10, 1576987, 1
3, 7, 14, 9, 406105835, 495207126, 4, 9, 1501079, 1
3, 7, 14, 9, 406105835, 495207126, 4, 8, 1504034, 1
3, 7, 14, 9, 406105835, 495207126, 4, 7, 968948, 1
3, 7, 14, 9, 406105835, 495207126, 4, 6, 241717, 1
3, 7, 14, 9, 406105835, 495207126, 4, 5, 283392, 1
3, 7, 14, 9, 406105835, 495207126, 4, 4, 240179, 1
3, 7, 14, 9, 406105835, 495207126, 4, 3, 303383, 1
3, 7, 14, 9, 406105835, 495207126, 4, 2, 411734, 1
3, 7, 14, 9, 406105835, 495207126, 4, 1, 1, 1
3, 7, 14, 9, 406105835, 495207126, 4, 0, 1, 0
3, 7, 14, 9, 406105835, 495207126, 3, 10, 1980402, 1
3, 7, 14, 9, 406105835, 495207126, 3, 9, 1885971, 1
3, 7, 14, 9, 406105835, 495207126, 3, 8, 1890785, 1
3, 7, 14, 9, 406105835, 495207126, 3, 7, 1218998, 1
3, 7, 14, 9, 406105835, 495207126, 3, 6, 304384, 1
3, 7, 14, 9, 406105835, 495207126, 3, 5, 357320, 1
3, 7, 14, 9, 406105835, 495207126, 3, 4, 303383, 1
3, 7, 14, 9, 406105835, 495207126, 3, 3, 384285, 1
3, 7, 14, 9, 406105835, 495207126, 3, 2, 524025, 1
3, 7, 14, 9, 406105835, 495207126, 3, 1, 1, 1
3, 7, 14, 9, 406105835, 495207126, 3, 0, 1, 0
3, 7, 14, 9, 406105835, 495207126, 2, 10, 2661166, 1
3, 7, 14, 9, 406105835, 495207126, 2, 9, 2536306, 1
3, 7, 14, 9, 406105835, 495207126, 2, 8, 2545287, 1
3, 7, 14, 9, 406105835, 495207126, 2, 7, 1642998, 1
3, 7, 14, 9, 406105835, 495207126, 2, 6, 410918, 1
3, 7, 14, 9, 406105835, 495207126, 2, 5, 483433, 1
3, 7, 14, 9, 406105835, 495207126, 2, 4, 411734, 1
3, 7, 14, 9, 406105835, 495207126, 2, 3, 524025, 1
3, 7, 14, 9, 406105835, 495207126, 2, 2, 720535, 1
3, 7, 14, 9, 406105835, 495207126, 2, 1, 1, 1
3, 7, 14, 9, 406105835, 495207126, 2, 0, 1, 0
3, 7, 14, 9, 406105835, 495207126, 1, 10, 3938249, 1
3, 7, 14, 9, 406105835, 495207126, 1, 9, 3742042, 1
3, 7, 14, 9, 406105835, 495207126, 1, 8, 3748435, 1
3, 7, 14, 9, 406105835, 495207126, 1, 7, 2355658, 1
3, 7, 14, 9, 406105835, 495207126, 1, 6, 443406, 1
3, 7, 14, 9, 406105835, 495207126, 1, 5, 524025, 1
3, 7, 14, 9, 406105835, 495207126, 1, 4, 640475, 1
3, 7, 14, 9, 406105835, 495207126, 1, 3, 823468, 1
3, 7, 14, 9, 406105835, 495207126, 1, 2, 1152855, 1
3, 7, 14, 9, 406105835, 495207126, 1, 1, 1, 1
3, 7, 14, 9, 406105835, 495207126, 1, 0, 1, 0
3, 7, 14, 9, 406105835, 495207126, 0, 10, 4855041, 1
3, 7, 14, 9, 406105835, 495207126, 0, 9, 4105109, 1
3, 7, 14, 9, 406105835, 495207126, 0, 8, 3696324, 1
3, 7, 14, 9, 406105835, 495207126, 0, 7, 4224370, 1
3, 7, 14, 9, 406105835, 495207126, 0, 6, 1, 1
3, 7, 14, 9, 406105835, 495207126, 0, 5, 1, 1
3, 7, 14, 9, 406105835, 495207126, 0, 4, 1, 1
3, 7, 14, 9, 406105835, 495207126, 0, 3, 1, 1
3, 7, 14, 9, 406105835, 495207126, 0, 2, 1, 1
3, 7, 14, 9, 406105835, 495207126, 0, 1, 1, 1
3, 8, 14, 9, 495207127, 637816879, 5, 10, 374624175, 1
3, 8, 14, 9, 495207127, 637816879, 5, 9, 369126448, 1
3, 8, 14, 9, 495207127, 637816879, 5, 8, 345471543, 1
3, 8, 14, 9, 495207127, 637816879, 5, 7, 323689104, 0
3, 8, 14, 9, 495207127, 637816879, 5, 6, 289387062, 0
3, 8, 14, 9, 495207127, 637816879, 5, 5, 310381014, 0
3, 8, 14, 9, 495207127, 637816879, 5, 4, 274060457, 0
3, 8, 14, 9, 495207127, 637816879, 5, 3, 273762355, 0
3, 8, 14, 9, 495207127, 637816879, 5, 2, 282245917, 0
3, 8, 14, 9, 495207127, 637816879, 5, 1, 340749252, 0
3, 8, 14, 9, 495207127, 637816879, 5, 0, 252380250, 0
3, 8, 14, 9, 495207127, 637816879, 4, 10, 329852851, 1
3, 8, 14, 9, 495207127, 637816879, 4, 9, 332969065, 1
3, 8, 14, 9, 495207127, 637816879, 4, 8, 306552625, 1
3, 8, 14, 9, 495207127, 637816879, 4, 7, 282897733, 1
3, 8, 14, 9, 495207127, 637816879, 4, 6, 257012529, 1
3, 8, 14, 9, 495207127, 637816879, 4, 5, 275092880, 1
3, 8, 14, 9, 495207127, 637816879, 4, 4, 253726223, 1
3, 8, 14, 9, 495207127, 637816879, 4, 3, 235272247, 0
3, 8, 14, 9, 495207127, 637816879, 4, 2, 214555825, 0
3, 8, 14, 9, 495207127, 637816879, 4, 1, 220645016, 0
3, 8, 14, 9, 495207127, 637816879, 4, 0, 157737657, 0
3, 8, 14, 9, 495207127, 637816879, 3, 10, 317736087, 1
3, 8, 14, 9, 495207127, 637816879, 3, 9, 311950820, 1
3, 8, 14, 9, 495207127, 637816879, 3, 8, 297469495, 1
3, 8, 14, 9, 495207127, 637816879, 3, 7, 289580761, 1
3, 8, 14, 9, 495207127, 637816879, 3, 6, 289764541, 1
3, 8, 14, 9, 495207127, 637816879, 3, 5, 310473986, 1
3, 8, 14, 9, 495207127, 637816879, 3, 4, 280559424, 1
3, 8, 14, 9, 495207127, 637816879, 3, 3, 249555653, 1
3, 8, 14, 9, 495207127, 637816879, 3, 2, 209900553, 1
3, 8, 14, 9, 495207127, 637816879, 3, 1, 188984585, 1
3, 8, 14, 9, 495207127, 637816879, 3, 0, 1, 0
3, 8, 14, 9, 495207127, 637816879, 2, 10, 294748013, 1
3, 8, 14, 9, 495207127, 637816879, 2, 9, 289239131, 1
3, 8, 14, 9, 495207127, 637816879, 2, 8, 272532819, 1
3, 8, 14, 9, 495207127, 637816879, 2, 7, 265390988, 1
3, 8, 14, 9, 495207127, 637816879, 2, 6, 270159995, 1
3, 8, 14, 9, 495207127, 637816879, 2, 5, 304295713, 1
3, 8, 14, 9, 495207127, 637816879, 2, 4, 272523047, 1
3, 8, 14, 9, 495207127, 637816879, 2, 3, 243690596, 1
3, 8, 14, 9, 495207127, 637816879, 2, 2, 165361512, 1
3, 8, 14, 9, 495207127, 637816879, 2, 1, 67375623, 1
3, 8, 14, 9, 495207127, 637816879, 2, 0, 1, 0
3, 8, 14, 9, 495207127, 637816879, 1, 10, 305909491, 1
3, 8, 14, 9, 495207127, 637816879, 1, 9, 290471737, 1
3, 8, 14, 9, 495207127, 637816879, 1, 8, 274673510, 1
3, 8, 14, 9, 495207127, 637816879, 1, 7, 276010483, 1
3, 8, 14, 9, 495207127, 637816879, 1, 6, 279376390, 1
3, 8, 14, 9, 495207127, 637816879, 1, 5, 316222232, 1
3, 8, 14, 9, 495207127, 637816879, 1, 4, 285923138, 1
3, 8, 14, 9, 495207127, 637816879, 1, 3, 270164327, 1
3, 8, 14, 9, 495207127, 637816879, 1, 2, 197202797, 1
3, 8, 14, 9, 495207127, 637816879, 1, 1, 1, 1
3, 8, 14, 9, 495207127, 637816879, 1, 0, 1, 0
3, 8, 14, 9, 495207127, 637816879, 0, 10, 302172298, 1
3, 8, 14, 9, 495207127, 637816879, 0, 9, 285461647, 1
3, 8, 14, 9, 495207127, 637816879, 0, 8, 264573334, 1
3, 8, 14, 9, 495207127, 637816879, 0, 7, 237716931, 1
3, 8, 14, 9, 495207127, 637816879, 0, 6, 201908394, 1
3, 8, 14, 9, 495207127, 637816879, 0, 5, 226945221, 1
3, 8, 14, 9, 495207127, 637816879, 0, 4, 170539487, 1
3, 8, 14, 9, 495207127, 637816879, 0, 3, 150856052, 1
3, 8, 14, 9, 495207127, 637816879, 0, 2, 1, 1
3, 8, 14, 9, 495207127, 637816879, 0, 1, 1, 1
3, 9, 14, 9, 637816880, 696173981, 5, 10, 173355520, 0
3, 9, 14, 9, 637816880, 696173981, 5, 9, 184527771, 0
3, 9, 14, 9, 637816880, 696173981, 5, 8, 159530550, 0
3, 9, 14, 9, 637816880, 696173981, 5, 7, 159080592, 0
3, 9, 14, 9, 637816880, 696173981, 5, 6, 172238170, 0
3, 9, 14, 9, 637816880, 696173981, 5, 5, 169953374, 0
3, 9, 14, 9, 637816880, 696173981, 5, 4, 177844874, 0
3, 9, 14, 9, 637816880, 696173981, 5, 3, 205081440, 0
3, 9, 14, 9, 637816880, 696173981, 5, 2, 162534643, 0
3, 9, 14, 9, 637816880, 696173981, 5, 1, 208332410, 0
3, 9, 14, 9, 637816880, 696173981, 5, 0, 224165355, 0
3, 9, 14, 9, 637816880, 696173981, 4, 10, 131775561, 1
3, 9, 14, 9, 637816880, 696173981, 4, 9, 137447143, 1
3, 9, 14, 9, 637816880, 696173981, 4, 8, 112791692, 0
3, 9, 14, 9, 637816880, 696173981, 4, 7, 119088382, 0
3, 9, 14, 9, 637816880, 696173981, 4, 6, 124394824, 0
3, 9, 14, 9, 637816880, 696173981, 4, 5, 116395606, 0
3, 9, 14, 9, 637816880, 696173981, 4, 4, 107691909, 0
3, 9, 14, 9, 637816880, 696173981, 4, 3, 115504412, 0
3, 9, 14, 9, 637816880, 696173981, 4, 2, 47258988, 0
3, 9, 14, 9, 637816880, 696173981, 4, 1, 67891068, 0
3, 9, 14, 9, 637816880, 696173981, 4, 0, 140103347, 0
3, 9, 14, 9, 637816880, 696173981, 3, 10, 117045867, 1
3, 9, 14, 9, 637816880, 696173981, 3, 9, 119282102, 1
3, 9, 14, 9, 637816880, 696173981, 3, 8, 101139148, 1
3, 9, 14, 9, 637816880, 696173981, 3, 7, 103918795, 1
3, 9, 14, 9, 637816880, 696173981, 3, 6, 107522041, 1
3, 9, 14, 9, 637816880, 696173981, 3, 5, 93294739, 1
3, 9, 14, 9, 637816880, 696173981, 3, 4, 76397240, 1
3, 9, 14, 9, 637816880, 696173981, 3, 3, 74142120, 1
3, 9, 14, 9, 637816880, 696173981, 3, 2, 1, 1
3, 9, 14, 9, 637816880, 696173981, 3, 1, 1, 1
3, 9, 14, 9, 637816880, 696173981, 3, 0, 1, 0
3, 9, 14, 9, 637816880, 696173981, 2, 10, 124978909, 1
3, 9, 14, 9, 637816880, 696173981, 2, 9, 127334297, 1
3, 9, 14, 9, 637816880, 696173981, 2, 8, 102920418, 1
3, 9, 14, 9, 637816880, 696173981, 2, 7, 105734051, 1
3, 9, 14, 9, 637816880, 696173981, 2, 6, 109391773, 1
3, 9, 14, 9, 637816880, 696173981, 2, 5, 111866546, 1
3, 9, 14, 9, 637816880, 696173981, 2, 4, 91559977, 1
3, 9, 14, 9, 637816880, 696173981, 2, 3, 92433067, 1
3, 9, 14, 9, 637816880, 696173981, 2, 2, 1, 1
3, 9, 14, 9, 637816880, 696173981, 2, 1, 1, 1
3, 9, 14, 9, 637816880, 696173981, 2, 0, 1, 0
3, 9, 14, 9, 637816880, 696173981, 1, 10, 118363642, 1
3, 9, 14, 9, 637816880, 696173981, 1, 9, 122974479, 1
3, 9, 14, 9, 637816880, 696173981, 1, 8, 105350784, 1
3, 9, 14, 9, 637816880, 696173981, 1, 7, 108083696, 1
3, 9, 14, 9, 637816880, 696173981, 1, 6, 113275061, 1
3, 9, 14, 9, 637816880, 696173981, 1, 5, 116530880, 1
3, 9, 14, 9, 637816880, 696173981, 1, 4, 81809766, 1
3, 9, 14, 9, 637816880, 696173981, 1, 3, 77935969, 1
3, 9, 14, 9, 637816880, 696173981, 1, 2, 1, 1
3, 9, 14, 9, 637816880, 696173981, 1, 1, 1, 1
3, 9, 14, 9, 637816880, 696173981, 1, 0, 1, 0
3, 9, 14, 9, 637816880, 696173981, 0, 10, 143051933, 1
3, 9, 14, 9, 637816880, 696173981, 0, 9, 150686611, 1
3, 9, 14, 9, 637816880, 696173981, 0, 8, 110620944, 1
3, 9, 14, 9, 637816880, 696173981, 0, 7, 115803960, 1
3, 9, 14, 9, 637816880, 696173981, 0, 6, 122714649, 1
3, 9, 14, 9, 637816880, 696173981, 0, 5, 128183968, 1
3, 9, 14, 9, 637816880, 696173981, 0, 4, 42426971, 1
3, 9, 14, 9, 637816880, 696173981, 0, 3, 24779943, 1
3, 9, 14, 9, 637816880, 696173981, 0, 2, 1, 1
3, 9, 14, 9, 637816880, 696173981, 0, 1, 1, 1
3, 10, 14, 9, 696173982, 712420229, 5, 10, 9996567, 1
3, 10, 14, 9, 696173982, 712420229, 5, 9, 9342408, 1
3, 10, 14, 9, 696173982, 712420229, 5, 8, 6487680, 1
3, 10, 14, 9, 696173982, 712420229, 5, 7, 7315894, 1
3, 10, 14, 9, 696173982, 712420229, 5, 6, 7916151, 1
3, 10, 14, 9, 696173982, 712420229, 5, 5, 9273205, 1
3, 10, 14, 9, 696173982, 712420229, 5, 4, 11191799, 1
3, 10, 14, 9, 696173982, 712420229, 5, 3, 4811683, 1
3, 10, 14, 9, 696173982, 712420229, 5, 2, 1, 1
3, 10, 14, 9, 696173982, 712420229, 5, 1, 1, 1
3, 10, 14, 9, 696173982, 712420229, 5, 0, 1, 0
3, 10, 14, 9, 696173982, 712420229, 4, 10, 9983484, 1
3, 10, 14, 9, 696173982, 712420229, 4, 9, 8990477, 1
3, 10, 14, 9, 696173982, 712420229, 4, 8, 5299508, 1
3, 10, 14, 9, 696173982, 712420229, 4, 7, 5978932, 1
3, 10, 14, 9, 696173982, 712420229, 4, 6, 6290985, 1
3, 10, 14, 9, 696173982, 712420229, 4, 5, 7375637, 1
3, 10, 14, 9, 696173982, 712420229, 4, 4, 8912228, 1
3, 10, 14, 9, 696173982, 712420229, 4, 3, 1, 1
3, 10, 14, 9, 696173982, 712420229, 4, 2, 1, 1
3, 10, 14, 9, 696173982, 712420229, 4, 1, 1, 1
3, 10, 14, 9, 696173982, 712420229, 4, 0, 1, 0
3, 10, 14, 9, 696173982, 712420229, 3, 10, 10556086, 1
3, 10, 14, 9, 696173982, 712420229, 3, 9, 9111203, 1
3, 10, 14, 9, 696173982, 712420229, 3, 8, 6662238, 1
3, 10, 14, 9, 696173982, 712420229, 3, 7, 7521882, 1
3, 10, 14, 9, 696173982, 712420229, 3, 6, 7921981, 1
3, 10, 14, 9, 696173982, 712420229, 3, 5, 9299716, 1
3, 10, 14, 9, 696173982, 712420229, 3, 4, 11257551, 1
3, 10, 14, 9, 696173982, 712420229, 3, 3, 1, 1
3, 10, 14, 9, 696173982, 712420229, 3, 2, 1, 1
3, 10, 14, 9, 696173982, 712420229, 3, 1, 1, 1
3, 10, 14, 9, 696173982, 712420229, 3, 0, 1, 0
3, 10, 14, 9, 696173982, 712420229, 2, 10, 10367284, 1
3, 10, 14, 9, 696173982, 712420229, 2, 9, 8040632, 1
3, 10, 14, 9, 696173982, 712420229, 2, 8, 8968397, 1
3, 10, 14, 9, 696173982, 712420229, 2, 7, 10138188, 1
3, 10, 14, 9, 696173982, 712420229, 2, 6, 10694674, 1
3, 10, 14, 9, 696173982, 712420229, 2, 5, 12581969, 1
3, 10, 14, 9, 696173982, 712420229, 2, 4, 15278105, 1
3, 10, 14, 9, 696173982, 712420229, 2, 3, 1, 1
3, 10, 14, 9, 696173982, 712420229, 2, 2, 1, 1
3, 10, 14, 9, 696173982, 712420229, 2, 1, 1, 1
3, 10, 14, 9, 696173982, 712420229, 2, 0, 1, 0
3, 10, 14, 9, 696173982, 712420229, 1, 10, 14879440, 1
3, 10, 14, 9, 696173982, 712420229, 1, 9, 11257551, 1
3, 10, 14, 9, 696173982, 712420229, 1, 8, 12581969, 1
3, 10, 14, 9, 696173982, 712420229, 1, 7, 14259565, 1
3, 10, 14, 9, 696173982, 712420229, 1, 6, 16453344, 1
3, 10, 14, 9, 696173982, 712420229, 1, 5, 19444861, 1
3, 10, 14, 9, 696173982, 712420229, 1, 4, 23765941, 1
3, 10, 14, 9, 696173982, 712420229, 1, 3, 1, 1
3, 10, 14, 9, 696173982, 712420229, 1, 2, 1, 1
3, 10, 14, 9, 696173982, 712420229, 1, 1, 1, 1
3, 10, 14, 9, 696173982, 712420229, 1, 0, 1, 0
3, 10, 14, 9, 696173982, 712420229, 0, 10, 6178397, 1
3, 10, 14, 9, 696173982, 712420229, 0, 9, 6864885, 1
3, 10, 14, 9, 696173982, 712420229, 0, 8, 7722996, 1
3, 10, 14, 9, 696173982, 712420229, 0, 7, 8826281, 1
3, 10, 14, 9, 696173982, 712420229, 0, 6, 10297327, 1
3, 10, 14, 9, 696173982, 712420229, 0, 5, 12356793, 1
3, 10, 14, 9, 696173982, 712420229, 0, 4, 15445991, 1
3, 10, 14, 9, 696173982, 712420229, 0, 3, 1, 1
3, 10, 14, 9, 696173982, 712420229, 0, 2, 1, 1
3, 10, 14, 9, 696173982, 712420229, 0, 1, 1, 1
3, 11, 14, 9, 712420230, 773800183, 5, 10, 210813173, 0
3, 11, 14, 9, 712420230, 773800183, 5, 9, 215642084, 0
3, 11, 14, 9, 712420230, 773800183, 5, 8, 202924161, 0
3, 11, 14, 9, 712420230, 773800183, 5, 7, 209937580, 0
3, 11, 14, 9, 712420230, 773800183, 5, 6, 213480183, 0
3, 11, 14, 9, 712420230, 773800183, 5, 5, 218237392, 0
3, 11, 14, 9, 712420230, 773800183, 5, 4, 224963102, 0
3, 11, 14, 9, 712420230, 773800183, 5, 3, 217260172, 0
3, 11, 14, 9, 712420230, 773800183, 5, 2, 142839570, 0
3, 11, 14, 9, 712420230, 773800183, 5, 1, 149848522, 0
3, 11, 14, 9, 712420230, 773800183, 5, 0, 274708973, 0
3, 11, 14, 9, 712420230, 773800183, 4, 10, 195045086, 0
3, 11, 14, 9, 712420230, 773800183, 4, 9, 196756127, 0
3, 11, 14, 9, 712420230, 773800183, 4, 8, 176403108, 0
3, 11, 14, 9, 712420230, 773800183, 4, 7, 176251858, 0
3, 11, 14, 9, 712420230, 773800183, 4, 6, 172000959, 0
3, 11, 14, 9, 712420230, 773800183, 4, 5, 166284232, 0
3, 11, 14, 9, 712420230, 773800183, 4, 4, 158185536, 0
3, 11, 14, 9, 712420230, 773800183, 4, 3, 128761691, 0
3, 11, 14, 9, 712420230, 773800183, 4, 2, 78320814, 0
3, 11, 14, 9, 712420230, 773800183, 4, 1, 95970855, 0
3, 11, 14, 9, 712420230, 773800183, 4, 0, 171693108, 0
3, 11, 14, 9, 712420230, 773800183, 3, 10, 146561710, 1
3, 11, 14, 9, 712420230, 773800183, 3, 9, 141009181, 1
3, 11, 14, 9, 712420230, 773800183, 3, 8, 137522937, 1
3, 11, 14, 9, 712420230, 773800183, 3, 7, 129483143, 1
3, 11, 14, 9, 712420230, 773800183, 3, 6, 118932665, 1
3, 11, 14, 9, 712420230, 773800183, 3, 5, 104712455, 1
3, 11, 14, 9, 712420230, 773800183, 3, 4, 84504788, 1
3, 11, 14, 9, 712420230, 773800183, 3, 3, 53519699, 1
3, 11, 14, 9, 712420230, 773800183, 3, 2, 1, 1
3, 11, 14, 9, 712420230, 773800183, 3, 1, 1, 1
3, 11, 14, 9, 712420230, 773800183, 3, 0, 1, 0
3, 11, 14, 9, 712420230, 773800183, 2, 10, 146767580, 1
3, 11, 14, 9, 712420230, 773800183, 2, 9, 141188481, 1
3, 11, 14, 9, 712420230, 773800183, 2, 8, 138811907, 1
3, 11, 14, 9, 712420230, 773800183, 2, 7, 130890569, 1
3, 11, 14, 9, 712420230, 773800183, 2, 6, 120419323, 1
3, 11, 14, 9, 712420230, 773800183, 2, 5, 106252344, 1
3, 11, 14, 9, 712420230, 773800183, 2, 4, 86013802, 1
3, 11, 14, 9, 712420230, 773800183, 2, 3, 54736056, 1
3, 11, 14, 9, 712420230, 773800183, 2, 2, 1, 1
3, 11, 14, 9, 712420230, 773800183, 2, 1, 1, 1
3, 11, 14, 9, 712420230, 773800183, 2, 0, 1, 0
3, 11, 14, 9, 712420230, 773800183, 1, 10, 152748182, 1
3, 11, 14, 9, 712420230, 773800183, 1, 9, 147700742, 1
3, 11, 14, 9, 712420230, 773800183, 1, 8, 141465667, 1
3, 11, 14, 9, 712420230, 773800183, 1, 7, 133799248, 1
3, 11, 14, 9, 712420230, 773800183, 1, 6, 123506998, 1
3, 11, 14, 9, 712420230, 773800183, 1, 5, 109472112, 1
3, 11, 14, 9, 712420230, 773800183, 1, 4, 89199499, 1
3, 11, 14, 9, 712420230, 773800183, 1, 3, 57342535, 1
3, 11, 14, 9, 712420230, 773800183, 1, 2, 1, 1
3, 11, 14, 9, 712420230, 773800183, 1, 1, 1, 1
3, 11, 14, 9, 712420230, 773800183, 1, 0, 1, 0
3, 11, 14, 9, 712420230, 773800183, 0, 10, 160559097, 1
3, 11, 14, 9, 712420230, 773800183, 0, 9, 156099122, 1
3, 11, 14, 9, 712420230, 773800183, 0, 8, 150524154, 1
3, 11, 14, 9, 712420230, 773800183, 0, 7, 143356337, 1
3, 11, 14, 9, 712420230, 773800183, 0, 6, 133799248, 1
3, 11, 14, 9, 712420230, 773800183, 0, 5, 120419323, 1
3, 11, 14, 9, 712420230, 773800183, 0, 4, 100349436, 1
3, 11, 14, 9, 712420230, 773800183, 0, 3, 66899624, 1
3, 11, 14, 9, 712420230, 773800183, 0, 2, 1, 1
3, 11, 14, 9, 712420230, 773800183, 0, 1, 1, 1
3, 12, 14, 9, 773800184, 1217764168, 5, 10, 241824215, 0
3, 12, 14, 9, 773800184, 1217764168, 5, 9, 254526035, 0
3, 12, 14, 9, 773800184, 1217764168, 5, 8, 274594910, 0
3, 12, 14, 9, 773800184, 1217764168, 5, 7, 297382546, 0
3, 12, 14, 9, 773800184, 1217764168, 5, 6, 320055853, 0
3, 12, 14, 9, 773800184, 1217764168, 5, 5, 333441943, 0
3, 12, 14, 9, 773800184, 1217764168, 5, 4, 339250063, 0
3, 12, 14, 9, 773800184, 1217764168, 5, 3, 316676937, 0
3, 12, 14, 9, 773800184, 1217764168, 5, 2, 261359200, 0
3, 12, 14, 9, 773800184, 1217764168, 5, 1, 233783977, 0
3, 12, 14, 9, 773800184, 1217764168, 5, 0, 281107497, 0
3, 12, 14, 9, 773800184, 1217764168, 4, 10, 232438043, 0
3, 12, 14, 9, 773800184, 1217764168, 4, 9, 242543085, 0
3, 12, 14, 9, 773800184, 1217764168, 4, 8, 259570576, 0
3, 12, 14, 9, 773800184, 1217764168, 4, 7, 278065506, 0
3, 12, 14, 9, 773800184, 1217764168, 4, 6, 294834112, 0
3, 12, 14, 9, 773800184, 1217764168, 4, 5, 296794227, 0
3, 12, 14, 9, 773800184, 1217764168, 4, 4, 283721297, 0
3, 12, 14, 9, 773800184, 1217764168, 4, 3, 270196059, 0
3, 12, 14, 9, 773800184, 1217764168, 4, 2, 237263335, 0
3, 12, 14, 9, 773800184, 1217764168, 4, 1, 215407691, 0
3, 12, 14, 9, 773800184, 1217764168, 4, 0, 202921627, 0
3, 12, 14, 9, 773800184, 1217764168, 3, 10, 131725703, 1
3, 12, 14, 9, 773800184, 1217764168, 3, 9, 129016840, 1
3, 12, 14, 9, 773800184, 1217764168, 3, 8, 130870908, 1
3, 12, 14, 9, 773800184, 1217764168, 3, 7, 129159070, 1
3, 12, 14, 9, 773800184, 1217764168, 3, 6, 124000391, 1
3, 12, 14, 9, 773800184, 1217764168, 3, 5, 125586540, 1
3, 12, 14, 9, 773800184, 1217764168, 3, 4, 115187743, 1
3, 12, 14, 9, 773800184, 1217764168, 3, 3, 105109945, 1
3, 12, 14, 9, 773800184, 1217764168, 3, 2, 79702352, 0
3, 12, 14, 9, 773800184, 1217764168, 3, 1, 57748144, 0
3, 12, 14, 9, 773800184, 1217764168, 3, 0, 72611843, 0
3, 12, 14, 9, 773800184, 1217764168, 2, 10, 126791899, 1
3, 12, 14, 9, 773800184, 1217764168, 2, 9, 122992108, 1
3, 12, 14, 9, 773800184, 1217764168, 2, 8, 125291344, 1
3, 12, 14, 9, 773800184, 1217764168, 2, 7, 122739268, 1
3, 12, 14, 9, 773800184, 1217764168, 2, 6, 117653202, 1
3, 12, 14, 9, 773800184, 1217764168, 2, 5, 119736630, 1
3, 12, 14, 9, 773800184, 1217764168, 2, 4, 108684350, 1
3, 12, 14, 9, 773800184, 1217764168, 2, 3, 95603799, 1
3, 12, 14, 9, 773800184, 1217764168, 2, 2, 67212497, 1
3, 12, 14, 9, 773800184, 1217764168, 2, 1, 37280296, 0
3, 12, 14, 9, 773800184, 1217764168, 2, 0, 54458883, 0
3, 12, 14, 9, 773800184, 1217764168, 1, 10, 125549224, 1
3, 12, 14, 9, 773800184, 1217764168, 1, 9, 121503862, 1
3, 12, 14, 9, 773800184, 1217764168, 1, 8, 119095045, 1
3, 12, 14, 9, 773800184, 1217764168, 1, 7, 120484547, 1
3, 12, 14, 9, 773800184, 1217764168, 1, 6, 113792915, 1
3, 12, 14, 9, 773800184, 1217764168, 1, 5, 118522307, 1
3, 12, 14, 9, 773800184, 1217764168, 1, 4, 103531375, 1
3, 12, 14, 9, 773800184, 1217764168, 1, 3, 92546394, 1
3, 12, 14, 9, 773800184, 1217764168, 1, 2, 63972889, 1
3, 12, 14, 9, 773800184, 1217764168, 1, 1, 25827904, 1
3, 12, 14, 9, 773800184, 1217764168, 1, 0, 1, 0
3, 12, 14, 9, 773800184, 1217764168, 0, 10, 138902892, 1
3, 12, 14, 9, 773800184, 1217764168, 0, 9, 133671936, 1
3, 12, 14, 9, 773800184, 1217764168, 0, 8, 132633576, 1
3, 12, 14, 9, 773800184, 1217764168, 0, 7, 125012445, 1
3, 12, 14, 9, 773800184, 1217764168, 0, 6, 122184717, 1
3, 12, 14, 9, 773800184, 1217764168, 0, 5, 118225898, 1
3, 12, 14, 9, 773800184, 1217764168, 0, 4, 101286997, 1
3, 12, 14, 9, 773800184, 1217764168, 0, 3, 87723059, 1
3, 12, 14, 9, 773800184, 1217764168, 0, 2, 60595183, 1
3, 12, 14, 9, 773800184, 1217764168, 0, 1, 1, 1
3, 13, 14, 9, 1217764169, 1676165894, 5, 10, 237991616, 0
3, 13, 14, 9, 1217764169, 1676165894, 5, 9, 251937375, 0
3, 13, 14, 9, 1217764169, 1676165894, 5, 8, 260305377, 0
3, 13, 14, 9, 1217764169, 1676165894, 5, 7, 280660320, 0
3, 13, 14, 9, 1217764169, 1676165894, 5, 6, 295243339, 0
3, 13, 14, 9, 1217764169, 1676165894, 5, 5, 328566485, 0
3, 13, 14, 9, 1217764169, 1676165894, 5, 4, 328598109, 0
3, 13, 14, 9, 1217764169, 1676165894, 5, 3, 359572393, 1
3, 13, 14, 9, 1217764169, 1676165894, 5, 2, 351754196, 0
3, 13, 14, 9, 1217764169, 1676165894, 5, 1, 388904173, 1
3, 13, 14, 9, 1217764169, 1676165894, 5, 0, 404046844, 0
3, 13, 14, 9, 1217764169, 1676165894, 4, 10, 255305960, 0
3, 13, 14, 9, 1217764169, 1676165894, 4, 9, 269007590, 0
3, 13, 14, 9, 1217764169, 1676165894, 4, 8, 275301177, 0
3, 13, 14, 9, 1217764169, 1676165894, 4, 7, 295079534, 0
3, 13, 14, 9, 1217764169, 1676165894, 4, 6, 306530697, 0
3, 13, 14, 9, 1217764169, 1676165894, 4, 5, 338513577, 0
3, 13, 14, 9, 1217764169, 1676165894, 4, 4, 326933831, 0
3, 13, 14, 9, 1217764169, 1676165894, 4, 3, 381119052, 1
3, 13, 14, 9, 1217764169, 1676165894, 4, 2, 396095554, 0
3, 13, 14, 9, 1217764169, 1676165894, 4, 1, 433102478, 1
3, 13, 14, 9, 1217764169, 1676165894, 4, 0, 410052655, 0
3, 13, 14, 9, 1217764169, 1676165894, 3, 10, 250300982, 0
3, 13, 14, 9, 1217764169, 1676165894, 3, 9, 260456212, 0
3, 13, 14, 9, 1217764169, 1676165894, 3, 8, 259704919, 0
3, 13, 14, 9, 1217764169, 1676165894, 3, 7, 273694264, 0
3, 13, 14, 9, 1217764169, 1676165894, 3, 6, 291828602, 0
3, 13, 14, 9, 1217764169, 1676165894, 3, 5, 316270534, 0
3, 13, 14, 9, 1217764169, 1676165894, 3, 4, 316688329, 0
3, 13, 14, 9, 1217764169, 1676165894, 3, 3, 360795219, 1
3, 13, 14, 9, 1217764169, 1676165894, 3, 2, 395043548, 0
3, 13, 14, 9, 1217764169, 1676165894, 3, 1, 453512423, 1
3, 13, 14, 9, 1217764169, 1676165894, 3, 0, 480930399, 0
3, 13, 14, 9, 1217764169, 1676165894, 2, 10, 229245033, 0
3, 13, 14, 9, 1217764169, 1676165894, 2, 9, 242526417, 0
3, 13, 14, 9, 1217764169, 1676165894, 2, 8, 247235236, 0
3, 13, 14, 9, 1217764169, 1676165894, 2, 7, 266327876, 0
3, 13, 14, 9, 1217764169, 1676165894, 2, 6, 291148309, 0
3, 13, 14, 9, 1217764169, 1676165894, 2, 5, 324728894, 0
3, 13, 14, 9, 1217764169, 1676165894, 2, 4, 351088660, 0
3, 13, 14, 9, 1217764169, 1676165894, 2, 3, 419333296, 0
3, 13, 14, 9, 1217764169, 1676165894, 2, 2, 443277125, 0
3, 13, 14, 9, 1217764169, 1676165894, 2, 1, 528349121, 0
3, 13, 14, 9, 1217764169, 1676165894, 2, 0, 588185259, 0
3, 13, 14, 9, 1217764169, 1676165894, 1, 10, 217168502, 0
3, 13, 14, 9, 1217764169, 1676165894, 1, 9, 224103346, 0
3, 13, 14, 9, 1217764169, 1676165894, 1, 8, 214871389, 0
3, 13, 14, 9, 1217764169, 1676165894, 1, 7, 243520907, 0
3, 13, 14, 9, 1217764169, 1676165894, 1, 6, 257710664, 0
3, 13, 14, 9, 1217764169, 1676165894, 1, 5, 304567148, 0
3, 13, 14, 9, 1217764169, 1676165894, 1, 4, 338629295, 0
3, 13, 14, 9, 1217764169, 1676165894, 1, 3, 392155525, 1
3, 13, 14, 9, 1217764169, 1676165894, 1, 2, 396242879, 0
3, 13, 14, 9, 1217764169, 1676165894, 1, 1, 571597905, 1
3, 13, 14, 9, 1217764169, 1676165894, 1, 0, 515839304, 0
3, 13, 14, 9, 1217764169, 1676165894, 0, 10, 277901807, 1
3, 13, 14, 9, 1217764169, 1676165894, 0, 9, 275160343, 1
3, 13, 14, 9, 1217764169, 1676165894, 0, 8, 271733514, 1
3, 13, 14, 9, 1217764169, 1676165894, 0, 7, 310552587, 1
3, 13, 14, 9, 1217764169, 1676165894, 0, 6, 311882189, 1
3, 13, 14, 9, 1217764169, 1676165894, 0, 5, 374258626, 1
3, 13, 14, 9, 1217764169, 1676165894, 0, 4, 392179538, 1
3, 13, 14, 9, 1217764169, 1676165894, 0, 3, 522906051, 1
3, 13, 14, 9, 1217764169, 1676165894, 0, 2, 402421937, 1
3, 13, 14, 9, 1217764169, 1676165894, 0, 1, 538423197, 1
3, 14, 14, 9, 1676165895, 1689927259, 5, 10, 40299748, 0
3, 14, 14, 9, 1676165895, 1689927259, 5, 9, 40014010, 0
3, 14, 14, 9, 1676165895, 1689927259, 5, 8, 38040845, 0
3, 14, 14, 9, 1676165895, 1689927259, 5, 7, 40738215, 0
3, 14, 14, 9, 1676165895, 1689927259, 5, 6, 41712081, 0
3, 14, 14, 9, 1676165895, 1689927259, 5, 5, 40606383, 1
3, 14, 14, 9, 1676165895, 1689927259, 5, 4, 37794536, 0
3, 14, 14, 9, 1676165895, 1689927259, 5, 3, 32155606, 0
3, 14, 14, 9, 1676165895, 1689927259, 5, 2, 29860249, 0
3, 14, 14, 9, 1676165895, 1689927259, 5, 1, 26770539, 0
3, 14, 14, 9, 1676165895, 1689927259, 5, 0, 58889973, 0
3, 14, 14, 9, 1676165895, 1689927259, 4, 10, 41379585, 1
3, 14, 14, 9, 1676165895, 1689927259, 4, 9, 40323277, 1
3, 14, 14, 9, 1676165895, 1689927259, 4, 8, 37843329, 1
3, 14, 14, 9, 1676165895, 1689927259, 4, 7, 40093276, 1
3, 14, 14, 9, 1676165895, 1689927259, 4, 6, 39974618, 1
3, 14, 14, 9, 1676165895, 1689927259, 4, 5, 38486655, 1
3, 14, 14, 9, 1676165895, 1689927259, 4, 4, 35622223, 1
3, 14, 14, 9, 1676165895, 1689927259, 4, 3, 29799206, 0
3, 14, 14, 9, 1676165895, 1689927259, 4, 2, 25605700, 0
3, 14, 14, 9, 1676165895, 1689927259, 4, 1, 20237447, 0
3, 14, 14, 9, 1676165895, 1689927259, 4, 0, 45527740, 0
3, 14, 14, 9, 1676165895, 1689927259, 3, 10, 37780513, 1
3, 14, 14, 9, 1676165895, 1689927259, 3, 9, 38015334, 1
3, 14, 14, 9, 1676165895, 1689927259, 3, 8, 36550012, 1
3, 14, 14, 9, 1676165895, 1689927259, 3, 7, 38598189, 1
3, 14, 14, 9, 1676165895, 1689927259, 3, 6, 39344212, 1
3, 14, 14, 9, 1676165895, 1689927259, 3, 5, 35620421, 1
3, 14, 14, 9, 1676165895, 1689927259, 3, 4, 34413219, 1
3, 14, 14, 9, 1676165895, 1689927259, 3, 3, 26401717, 0
3, 14, 14, 9, 1676165895, 1689927259, 3, 2, 19247752, 0
3, 14, 14, 9, 1676165895, 1689927259, 3, 1, 16920256, 0
3, 14, 14, 9, 1676165895, 1689927259, 3, 0, 39480596, 0
3, 14, 14, 9, 1676165895, 1689927259, 2, 10, 35900015, 1
3, 14, 14, 9, 1676165895, 1689927259, 2, 9, 34759888, 1
3, 14, 14, 9, 1676165895, 1689927259, 2, 8, 33404678, 1
3, 14, 14, 9, 1676165895, 1689927259, 2, 7, 36369160, 1
3, 14, 14, 9, 1676165895, 1689927259, 2, 6, 37964753, 1
3, 14, 14, 9, 1676165895, 1689927259, 2, 5, 31663160, 1
3, 14, 14, 9, 1676165895, 1689927259, 2, 4, 26632514, 1
3, 14, 14, 9, 1676165895, 1689927259, 2, 3, 14377080, 1
3, 14, 14, 9, 1676165895, 1689927259, 2, 2, 6787617, 1
3, 14, 14, 9, 1676165895, 1689927259, 2, 1, 1, 1
3, 14, 14, 9, 1676165895, 1689927259, 2, 0, 1, 0
3, 14, 14, 9, 1676165895, 1689927259, 1, 10, 41624068, 1
3, 14, 14, 9, 1676165895, 1689927259, 1, 9, 38596932, 1
3, 14, 14, 9, 1676165895, 1689927259, 1, 8, 39003231, 1
3, 14, 14, 9, 1676165895, 1689927259, 1, 7, 42068264, 1
3, 14, 14, 9, 1676165895, 1689927259, 1, 6, 43647367, 1
3, 14, 14, 9, 1676165895, 1689927259, 1, 5, 37469621, 1
3, 14, 14, 9, 1676165895, 1689927259, 1, 4, 33967237, 1
3, 14, 14, 9, 1676165895, 1689927259, 1, 3, 16301886, 1
3, 14, 14, 9, 1676165895, 1689927259, 1, 2, 10860188, 1
3, 14, 14, 9, 1676165895, 1689927259, 1, 1, 1, 1
3, 14, 14, 9, 1676165895, 1689927259, 1, 0, 1, 0
3, 14, 14, 9, 1676165895, 1689927259, 0, 10, 50381684, 1
3, 14, 14, 9, 1676165895, 1689927259, 0, 9, 49135348, 1
3, 14, 14, 9, 1676165895, 1689927259, 0, 8, 50892724, 1
3, 14, 14, 9, 1676165895, 1689927259, 0, 7, 58163113, 1
3, 14, 14, 9, 1676165895, 1689927259, 0, 6, 58278229, 1
3, 14, 14, 9, 1676165895, 1689927259, 0, 5, 62020547, 1
3, 14, 14, 9, 1676165895, 1689927259, 0, 4, 50910510, 1
3, 14, 14, 9, 1676165895, 1689927259, 0, 3, 30783818, 1
3, 14, 14, 9, 1676165895, 1689927259, 0, 2, 27150468, 1
3, 14, 14, 9, 1676165895, 1689927259, 0, 1, 1, 1
3, 15, 14, 9, 1689927260, 1748851408, 5, 10, 10380123, 1
3, 15, 14, 9, 1689927260, 1748851408, 5, 9, 11434512, 1
3, 15, 14, 9, 1689927260, 1748851408, 5, 8, 9712377, 1
3, 15, 14, 9, 1689927260, 1748851408, 5, 7, 10488982, 1
3, 15, 14, 9, 1689927260, 1748851408, 5, 6, 11110421, 1
3, 15, 14, 9, 1689927260, 1748851408, 5, 5, 11374703, 1
3, 15, 14, 9, 1689927260, 1748851408, 5, 4, 10748507, 1
3, 15, 14, 9, 1689927260, 1748851408, 5, 3, 10662861, 1
3, 15, 14, 9, 1689927260, 1748851408, 5, 2, 10552073, 1
3, 15, 14, 9, 1689927260, 1748851408, 5, 1, 4470769, 1
3, 15, 14, 9, 1689927260, 1748851408, 5, 0, 1, 0
3, 15, 14, 9, 1689927260, 1748851408, 4, 10, 11915995, 1
3, 15, 14, 9, 1689927260, 1748851408, 4, 9, 13130448, 1
3, 15, 14, 9, 1689927260, 1748851408, 4, 8, 11565734, 1
3, 15, 14, 9, 1689927260, 1748851408, 4, 7, 12490218, 1
3, 15, 14, 9, 1689927260, 1748851408, 4, 6, 13225400, 1
3, 15, 14, 9, 1689927260, 1748851408, 4, 5, 13525895, 1
3, 15, 14, 9, 1689927260, 1748851408, 4, 4, 12987779, 1
3, 15, 14, 9, 1689927260, 1748851408, 4, 3, 12907674, 1
3, 15, 14, 9, 1689927260, 1748851408, 4, 2, 12813232, 1
3, 15, 14, 9, 1689927260, 1748851408, 4, 1, 5464274, 1
3, 15, 14, 9, 1689927260, 1748851408, 4, 0, 1, 0
3, 15, 14, 9, 1689927260, 1748851408, 3, 10, 13065753, 1
3, 15, 14, 9, 1689927260, 1748851408, 3, 9, 14405830, 1
3, 15, 14, 9, 1689927260, 1748851408, 3, 8, 12209365, 1
3, 15, 14, 9, 1689927260, 1748851408, 3, 7, 13312062, 1
3, 15, 14, 9, 1689927260, 1748851408, 3, 6, 13897001, 1
3, 15, 14, 9, 1689927260, 1748851408, 3, 5, 13817668, 1
3, 15, 14, 9, 1689927260, 1748851408, 3, 4, 12487480, 1
3, 15, 14, 9, 1689927260, 1748851408, 3, 3, 11386749, 1
3, 15, 14, 9, 1689927260, 1748851408, 3, 2, 9540061, 1
3, 15, 14, 9, 1689927260, 1748851408, 3, 1, 6400708, 1
3, 15, 14, 9, 1689927260, 1748851408, 3, 0, 1, 0
3, 15, 14, 9, 1689927260, 1748851408, 2, 10, 10368239, 1
3, 15, 14, 9, 1689927260, 1748851408, 2, 9, 11440815, 1
3, 15, 14, 9, 1689927260, 1748851408, 2, 8, 9588009, 1
3, 15, 14, 9, 1689927260, 1748851408, 2, 7, 10838619, 1
3, 15, 14, 9, 1689927260, 1748851408, 2, 6, 10919997, 1
3, 15, 14, 9, 1689927260, 1748851408, 2, 5, 12847055, 1
3, 15, 14, 9, 1689927260, 1748851408, 2, 4, 14740517, 1
3, 15, 14, 9, 1689927260, 1748851408, 2, 3, 12718760, 1
3, 15, 14, 9, 1689927260, 1748851408, 2, 2, 9255724, 1
3, 15, 14, 9, 1689927260, 1748851408, 2, 1, 2782016, 1
3, 15, 14, 9, 1689927260, 1748851408, 2, 0, 1, 0
3, 15, 14, 9, 1689927260, 1748851408, 1, 10, 9843399, 1
3, 15, 14, 9, 1689927260, 1748851408, 1, 9, 10879546, 1
3, 15, 14, 9, 1689927260, 1748851408, 1, 8, 10499013, 1
3, 15, 14, 9, 1689927260, 1748851408, 1, 7, 11898881, 1
3, 15, 14, 9, 1689927260, 1748851408, 1, 6, 11353455, 1
3, 15, 14, 9, 1689927260, 1748851408, 1, 5, 13417720, 1
3, 15, 14, 9, 1689927260, 1748851408, 1, 4, 15062470, 1
3, 15, 14, 9, 1689927260, 1748851408, 1, 3, 15621733, 1
3, 15, 14, 9, 1689927260, 1748851408, 1, 2, 14809158, 1
3, 15, 14, 9, 1689927260, 1748851408, 1, 1, 4636693, 1
3, 15, 14, 9, 1689927260, 1748851408, 1, 0, 1, 0
3, 15, 14, 9, 1689927260, 1748851408, 0, 10, 7249257, 1
3, 15, 14, 9, 1689927260, 1748851408, 0, 9, 8054730, 1
3, 15, 14, 9, 1689927260, 1748851408, 0, 8, 9061571, 1
3, 15, 14, 9, 1689927260, 1748851408, 0, 7, 10356081, 1
3, 15, 14, 9, 1689927260, 1748851408, 0, 6, 10208185, 1
3, 15, 14, 9, 1689927260, 1748851408, 0, 5, 12249822, 1
3, 15, 14, 9, 1689927260, 1748851408, 0, 4, 12304105, 1
3, 15, 14, 9, 1689927260, 1748851408, 0, 3, 16405473, 1
3, 15, 14, 9, 1689927260, 1748851408, 0, 2, 6955039, 1
3, 15, 14, 9, 1689927260, 1748851408, 0, 1, 13910078, 1
3, 16, 14, 9, 1748851409, 1753043203, 5, 10, 27770462, 1
3, 16, 14, 9, 1748851409, 1753043203, 5, 9, 27326640, 1
3, 16, 14, 9, 1748851409, 1753043203, 5, 8, 25656955, 1
3, 16, 14, 9, 1748851409, 1753043203, 5, 7, 26464419, 1
3, 16, 14, 9, 1748851409, 1753043203, 5, 6, 26133310, 1
3, 16, 14, 9, 1748851409, 1753043203, 5, 5, 25432654, 1
3, 16, 14, 9, 1748851409, 1753043203, 5, 4, 20537633, 1
3, 16, 14, 9, 1748851409, 1753043203, 5, 3, 13365402, 1
3, 16, 14, 9, 1748851409, 1753043203, 5, 2, 9937491, 0
3, 16, 14, 9, 1748851409, 1753043203, 5, 1, 6590839, 0
3, 16, 14, 9, 1748851409, 1753043203, 5, 0, 3644703, 0
3, 16, 14, 9, 1748851409, 1753043203, 4, 10, 26790118, 1
3, 16, 14, 9, 1748851409, 1753043203, 4, 9, 26689346, 1
3, 16, 14, 9, 1748851409, 1753043203, 4, 8, 24755740, 1
3, 16, 14, 9, 1748851409, 1753043203, 4, 7, 24955427, 1
3, 16, 14, 9, 1748851409, 1753043203, 4, 6, 24052440, 1
3, 16, 14, 9, 1748851409, 1753043203, 4, 5, 22374328, 1
3, 16, 14, 9, 1748851409, 1753043203, 4, 4, 17429427, 1
3, 16, 14, 9, 1748851409, 1753043203, 4, 3, 10384350, 1
3, 16, 14, 9, 1748851409, 1753043203, 4, 2, 5934669, 1
3, 16, 14, 9, 1748851409, 1753043203, 4, 1, 2896, 1
3, 16, 14, 9, 1748851409, 1753043203, 4, 0, 1, 0
3, 16, 14, 9, 1748851409, 1753043203, 3, 10, 26040549, 1
3, 16, 14, 9, 1748851409, 1753043203, 3, 9, 26899238, 1
3, 16, 14, 9, 1748851409, 1753043203, 3, 8, 24163505, 1
3, 16, 14, 9, 1748851409, 1753043203, 3, 7, 24144965, 1
3, 16, 14, 9, 1748851409, 1753043203, 3, 6, 22749769, 1
3, 16, 14, 9, 1748851409, 1753043203, 3, 5, 19813294, 1
3, 16, 14, 9, 1748851409, 1753043203, 3, 4, 15123986, 1
3, 16, 14, 9, 1748851409, 1753043203, 3, 3, 6054178, 1
3, 16, 14, 9, 1748851409, 1753043203, 3, 2, 1, 1
3, 16, 14, 9, 1748851409, 1753043203, 3, 1, 1, 1
3, 16, 14, 9, 1748851409, 1753043203, 3, 0, 1, 0
3, 16, 14, 9, 1748851409, 1753043203, 2, 10, 27558122, 1
3, 16, 14, 9, 1748851409, 1753043203, 2, 9, 28013341, 1
3, 16, 14, 9, 1748851409, 1753043203, 2, 8, 25879683, 1
3, 16, 14, 9, 1748851409, 1753043203, 2, 7, 27231244, 1
3, 16, 14, 9, 1748851409, 1753043203, 2, 6, 27456150, 1
3, 16, 14, 9, 1748851409, 1753043203, 2, 5, 24269863, 1
3, 16, 14, 9, 1748851409, 1753043203, 2, 4, 17445546, 1
3, 16, 14, 9, 1748851409, 1753043203, 2, 3, 8255698, 1
3, 16, 14, 9, 1748851409, 1753043203, 2, 2, 1, 1
3, 16, 14, 9, 1748851409, 1753043203, 2, 1, 1, 1
3, 16, 14, 9, 1748851409, 1753043203, 2, 0, 1, 0
3, 16, 14, 9, 1748851409, 1753043203, 1, 10, 28925548, 1
3, 16, 14, 9, 1748851409, 1753043203, 1, 9, 28455011, 1
3, 16, 14, 9, 1748851409, 1753043203, 1, 8, 27668142, 1
3, 16, 14, 9, 1748851409, 1753043203, 1, 7, 28253684, 1
3, 16, 14, 9, 1748851409, 1753043203, 1, 6, 27707467, 1
3, 16, 14, 9, 1748851409, 1753043203, 1, 5, 26312105, 1
3, 16, 14, 9, 1748851409, 1753043203, 1, 4, 19676398, 1
3, 16, 14, 9, 1748851409, 1753043203, 1, 3, 6682570, 1
3, 16, 14, 9, 1748851409, 1753043203, 1, 2, 1, 1
3, 16, 14, 9, 1748851409, 1753043203, 1, 1, 1, 1
3, 16, 14, 9, 1748851409, 1753043203, 1, 0, 1, 0
3, 16, 14, 9, 1748851409, 1753043203, 0, 10, 37647104, 1
3, 16, 14, 9, 1748851409, 1753043203, 0, 9, 34985814, 1
3, 16, 14, 9, 1748851409, 1753043203, 0, 8, 34974499, 1
3, 16, 14, 9, 1748851409, 1753043203, 0, 7, 37896256, 1
3, 16, 14, 9, 1748851409, 1753043203, 0, 6, 34633563, 1
3, 16, 14, 9, 1748851409, 1753043203, 0, 5, 33646948, 1
3, 16, 14, 9, 1748851409, 1753043203, 0, 4, 22014691, 1
3, 16, 14, 9, 1748851409, 1753043203, 0, 3, 12683506, 1
3, 16, 14, 9, 1748851409, 1753043203, 0, 2, 1, 1
3, 16, 14, 9, 1748851409, 1753043203, 0, 1, 1, 1
