2, 1, 11, 18, 1, 86526149, 8, 1, 65166582, 0
2, 1, 11, 18, 1, 86526149, 8, 0, 51294901, 0
2, 1, 11, 18, 1, 86526149, 7, 1, 36378645, 0
2, 1, 11, 18, 1, 86526149, 7, 0, 13231123, 0
2, 1, 11, 18, 1, 86526149, 6, 1, 23231171, 0
2, 1, 11, 18, 1, 86526149, 6, 0, 15436310, 0
2, 1, 11, 18, 1, 86526149, 5, 1, 24730828, 0
2, 1, 11, 18, 1, 86526149, 5, 0, 18523572, 0
2, 1, 11, 18, 1, 86526149, 4, 1, 10290874, 0
2, 1, 11, 18, 1, 86526149, 4, 0, 23154465, 0
2, 1, 11, 18, 1, 86526149, 3, 1, 13231123, 0
2, 1, 11, 18, 1, 86526149, 3, 0, 30872620, 0
2, 1, 11, 18, 1, 86526149, 2, 1, 18523572, 0
2, 1, 11, 18, 1, 86526149, 2, 0, 46308930, 0
2, 1, 11, 18, 1, 86526149, 1, 1, 1, 1
2, 1, 11, 18, 1, 86526149, 1, 0, 1, 0
2, 1, 11, 18, 1, 86526149, 0, 1, 1, 1
2, 2, 11, 18, 86526150, 100537759, 8, 1, 5048641, 0
2, 2, 11, 18, 86526150, 100537759, 8, 0, 2724018, 0
2, 2, 11, 18, 86526150, 100537759, 7, 1, 3999863, 1
2, 2, 11, 18, 86526150, 100537759, 7, 0, 1, 0
2, 2, 11, 18, 86526150, 100537759, 6, 1, 4615226, 1
2, 2, 11, 18, 86526150, 100537759, 6, 0, 1, 0
2, 2, 11, 18, 86526150, 100537759, 5, 1, 5454358, 1
2, 2, 11, 18, 86526150, 100537759, 5, 0, 1, 0
2, 2, 11, 18, 86526150, 100537759, 4, 1, 6666437, 1
2, 2, 11, 18, 86526150, 100537759, 4, 0, 1, 0
2, 2, 11, 18, 86526150, 100537759, 3, 1, 8571133, 1
2, 2, 11, 18, 86526150, 100537759, 3, 0, 1, 0
2, 2, 11, 18, 86526150, 100537759, 2, 1, 11999587, 1
2, 2, 11, 18, 86526150, 100537759, 2, 0, 1, 0
2, 2, 11, 18, 86526150, 100537759, 1, 1, 19999311, 1
2, 2, 11, 18, 86526150, 100537759, 1, 0, 1, 0
2, 2, 11, 18, 86526150, 100537759, 0, 1, 1, 1
2, 3, 11, 18, 100537760, 177104271, 8, 1, 137705187, 0
2, 3, 11, 18, 100537760, 177104271, 8, 0, 156674245, 0
2, 3, 11, 18, 100537760, 177104271, 7, 1, 129642470, 0
2, 3, 11, 18, 100537760, 177104271, 7, 0, 179056280, 0
2, 3, 11, 18, 100537760, 177104271, 6, 1, 147064012, 0
2, 3, 11, 18, 100537760, 177104271, 6, 0, 208898993, 0
2, 3, 11, 18, 100537760, 177104271, 5, 1, 139260000, 0
2, 3, 11, 18, 100537760, 177104271, 5, 0, 174684363, 0
2, 3, 11, 18, 100537760, 177104271, 4, 1, 136708328, 0
2, 3, 11, 18, 100537760, 177104271, 4, 0, 142984191, 0
2, 3, 11, 18, 100537760, 177104271, 3, 1, 175767851, 0
2, 3, 11, 18, 100537760, 177104271, 3, 0, 190645588, 0
2, 3, 11, 18, 100537760, 177104271, 2, 1, 132892137, 0
2, 3, 11, 18, 100537760, 177104271, 2, 0, 127650697, 0
2, 3, 11, 18, 100537760, 177104271, 1, 1, 136386430, 1
2, 3, 11, 18, 100537760, 177104271, 1, 0, 1, 0
2, 3, 11, 18, 100537760, 177104271, 0, 1, 104246180, 1
2, 4, 11, 18, 177104272, 206543656, 8, 1, 379542469, 0
2, 4, 11, 18, 177104272, 206543656, 8, 0, 437586621, 0
2, 4, 11, 18, 177104272, 206543656, 7, 1, 367345696, 0
2, 4, 11, 18, 177104272, 206543656, 7, 0, 434282216, 0
2, 4, 11, 18, 177104272, 206543656, 6, 1, 401423789, 0
2, 4, 11, 18, 177104272, 206543656, 6, 0, 458049888, 0
2, 4, 11, 18, 177104272, 206543656, 5, 1, 384341816, 0
2, 4, 11, 18, 177104272, 206543656, 5, 0, 461489363, 0
2, 4, 11, 18, 177104272, 206543656, 4, 1, 388918662, 0
2, 4, 11, 18, 177104272, 206543656, 4, 0, 526895181, 0
2, 4, 11, 18, 177104272, 206543656, 3, 1, 374955313, 0
2, 4, 11, 18, 177104272, 206543656, 3, 0, 535528826, 0
2, 4, 11, 18, 177104272, 206543656, 2, 1, 385807250, 0
2, 4, 11, 18, 177104272, 206543656, 2, 0, 567351732, 0
2, 4, 11, 18, 177104272, 206543656, 1, 1, 322187397, 0
2, 4, 11, 18, 177104272, 206543656, 1, 0, 587814485, 0
2, 4, 11, 18, 177104272, 206543656, 0, 1, 1, 1
2, 5, 11, 18, 206543657, 230881330, 8, 1, 11993996, 1
2, 5, 11, 18, 206543657, 230881330, 8, 0, 17764078, 0
2, 5, 11, 18, 206543657, 230881330, 7, 1, 12080847, 1
2, 5, 11, 18, 206543657, 230881330, 7, 0, 17061058, 0
2, 5, 11, 18, 206543657, 230881330, 6, 1, 12064406, 1
2, 5, 11, 18, 206543657, 230881330, 6, 0, 15841996, 0
2, 5, 11, 18, 206543657, 230881330, 5, 1, 13235899, 1
2, 5, 11, 18, 206543657, 230881330, 5, 0, 16761918, 0
2, 5, 11, 18, 206543657, 230881330, 4, 1, 16177210, 1
2, 5, 11, 18, 206543657, 230881330, 4, 0, 20952397, 0
2, 5, 11, 18, 206543657, 230881330, 3, 1, 19521224, 1
2, 5, 11, 18, 206543657, 230881330, 3, 0, 24954422, 0
2, 5, 11, 18, 206543657, 230881330, 2, 1, 23889315, 1
2, 5, 11, 18, 206543657, 230881330, 2, 0, 28830639, 0
2, 5, 11, 18, 206543657, 230881330, 1, 1, 22675562, 1
2, 5, 11, 18, 206543657, 230881330, 1, 0, 13892180, 0
2, 5, 11, 18, 206543657, 230881330, 0, 1, 54134506, 1
2, 6, 11, 18, 230881331, 266727184, 8, 1, 351073312, 0
2, 6, 11, 18, 230881331, 266727184, 8, 0, 393590900, 0
2, 6, 11, 18, 230881331, 266727184, 7, 1, 343695100, 0
2, 6, 11, 18, 230881331, 266727184, 7, 0, 388863027, 0
2, 6, 11, 18, 230881331, 266727184, 6, 1, 362850372, 0
2, 6, 11, 18, 230881331, 266727184, 6, 0, 380611587, 0
2, 6, 11, 18, 230881331, 266727184, 5, 1, 367879849, 0
2, 6, 11, 18, 230881331, 266727184, 5, 0, 401958524, 0
2, 6, 11, 18, 230881331, 266727184, 4, 1, 356202164, 0
2, 6, 11, 18, 230881331, 266727184, 4, 0, 398988565, 0
2, 6, 11, 18, 230881331, 266727184, 3, 1, 355073517, 0
2, 6, 11, 18, 230881331, 266727184, 3, 0, 423061808, 0
2, 6, 11, 18, 230881331, 266727184, 2, 1, 328091196, 0
2, 6, 11, 18, 230881331, 266727184, 2, 0, 415486451, 0
2, 6, 11, 18, 230881331, 266727184, 1, 1, 269213653, 0
2, 6, 11, 18, 230881331, 266727184, 1, 0, 392668658, 0
2, 6, 11, 18, 230881331, 266727184, 0, 1, 17314886, 1
2, 7, 11, 18, 266727185, 305824849, 8, 1, 260254333, 0
2, 7, 11, 18, 266727185, 305824849, 8, 0, 294872083, 0
2, 7, 11, 18, 266727185, 305824849, 7, 1, 255928369, 0
2, 7, 11, 18, 266727185, 305824849, 7, 0, 296820910, 0
2, 7, 11, 18, 266727185, 305824849, 6, 1, 273918619, 0
2, 7, 11, 18, 266727185, 305824849, 6, 0, 299960481, 0
2, 7, 11, 18, 266727185, 305824849, 5, 1, 270760394, 0
2, 7, 11, 18, 266727185, 305824849, 5, 0, 302199101, 0
2, 7, 11, 18, 266727185, 305824849, 4, 1, 264976233, 0
2, 7, 11, 18, 266727185, 305824849, 4, 0, 305568980, 0
2, 7, 11, 18, 266727185, 305824849, 3, 1, 257414090, 0
2, 7, 11, 18, 266727185, 305824849, 3, 0, 311863801, 0
2, 7, 11, 18, 266727185, 305824849, 2, 1, 243378650, 0
2, 7, 11, 18, 266727185, 305824849, 2, 0, 312458751, 0
2, 7, 11, 18, 266727185, 305824849, 1, 1, 206926880, 0
2, 7, 11, 18, 266727185, 305824849, 1, 0, 317593585, 0
2, 7, 11, 18, 266727185, 305824849, 0, 1, 1, 1
2, 8, 11, 18, 305824850, 350638833, 8, 1, 135975013, 0
2, 8, 11, 18, 305824850, 350638833, 8, 0, 155787454, 0
2, 8, 11, 18, 305824850, 350638833, 7, 1, 131418722, 0
2, 8, 11, 18, 305824850, 350638833, 7, 0, 150923881, 0
2, 8, 11, 18, 305824850, 350638833, 6, 1, 139345762, 0
2, 8, 11, 18, 305824850, 350638833, 6, 0, 149446874, 0
2, 8, 11, 18, 305824850, 350638833, 5, 1, 132360486, 0
2, 8, 11, 18, 305824850, 350638833, 5, 0, 141280886, 0
2, 8, 11, 18, 305824850, 350638833, 4, 1, 123028710, 0
2, 8, 11, 18, 305824850, 350638833, 4, 0, 133512548, 0
2, 8, 11, 18, 305824850, 350638833, 3, 1, 117174561, 0
2, 8, 11, 18, 305824850, 350638833, 3, 0, 122117891, 0
2, 8, 11, 18, 305824850, 350638833, 2, 1, 95294921, 0
2, 8, 11, 18, 305824850, 350638833, 2, 0, 89353022, 0
2, 8, 11, 18, 305824850, 350638833, 1, 1, 112962081, 0
2, 8, 11, 18, 305824850, 350638833, 1, 0, 178706043, 0
2, 8, 11, 18, 305824850, 350638833, 0, 1, 1, 1
2, 9, 11, 18, 350638834, 378197573, 8, 1, 92554402, 0
2, 9, 11, 18, 350638834, 378197573, 8, 0, 116037079, 0
2, 9, 11, 18, 350638834, 378197573, 7, 1, 84257875, 0
2, 9, 11, 18, 350638834, 378197573, 7, 0, 104174977, 0
2, 9, 11, 18, 350638834, 378197573, 6, 1, 83918809, 0
2, 9, 11, 18, 350638834, 378197573, 6, 0, 92716872, 0
2, 9, 11, 18, 350638834, 378197573, 5, 1, 77099738, 0
2, 9, 11, 18, 350638834, 378197573, 5, 0, 106373280, 0
2, 9, 11, 18, 350638834, 378197573, 4, 1, 78005394, 0
2, 9, 11, 18, 350638834, 378197573, 4, 0, 96454455, 0
2, 9, 11, 18, 350638834, 378197573, 3, 1, 61422693, 0
2, 9, 11, 18, 350638834, 378197573, 3, 0, 95409296, 0
2, 9, 11, 18, 350638834, 378197573, 2, 1, 37743838, 0
2, 9, 11, 18, 350638834, 378197573, 2, 0, 44770257, 0
2, 9, 11, 18, 350638834, 378197573, 1, 1, 1, 1
2, 9, 11, 18, 350638834, 378197573, 1, 0, 1, 0
2, 9, 11, 18, 350638834, 378197573, 0, 1, 1, 1
2, 10, 11, 18, 378197574, 392522924, 8, 1, 141118696, 1
2, 10, 11, 18, 378197574, 392522924, 8, 0, 113541004, 0
2, 10, 11, 18, 378197574, 392522924, 7, 1, 159934522, 0
2, 10, 11, 18, 378197574, 392522924, 7, 0, 129761147, 0
2, 10, 11, 18, 378197574, 392522924, 6, 1, 178730662, 0
2, 10, 11, 18, 378197574, 392522924, 6, 0, 151388005, 0
2, 10, 11, 18, 378197574, 392522924, 5, 1, 175627897, 0
2, 10, 11, 18, 378197574, 392522924, 5, 0, 181665605, 0
2, 10, 11, 18, 378197574, 392522924, 4, 1, 184068008, 0
2, 10, 11, 18, 378197574, 392522924, 4, 0, 227082007, 0
2, 10, 11, 18, 378197574, 392522924, 3, 1, 225347880, 0
2, 10, 11, 18, 378197574, 392522924, 3, 0, 302776009, 0
2, 10, 11, 18, 378197574, 392522924, 2, 1, 204528779, 0
2, 10, 11, 18, 378197574, 392522924, 2, 0, 454164013, 0
2, 10, 11, 18, 378197574, 392522924, 1, 1, 140954801, 0
2, 10, 11, 18, 378197574, 392522924, 1, 0, 308548535, 0
2, 10, 11, 18, 378197574, 392522924, 0, 1, 114315869, 1
2, 11, 11, 18, 392522925, 402687732, 8, 1, 32434827, 1
2, 11, 11, 18, 392522925, 402687732, 8, 0, 20079698, 0
2, 11, 11, 18, 392522925, 402687732, 7, 1, 29828560, 1
2, 11, 11, 18, 392522925, 402687732, 7, 0, 18087513, 0
2, 11, 11, 18, 392522925, 402687732, 6, 1, 34417569, 1
2, 11, 11, 18, 392522925, 402687732, 6, 0, 21102099, 0
2, 11, 11, 18, 392522925, 402687732, 5, 1, 29435435, 1
2, 11, 11, 18, 392522925, 402687732, 5, 0, 25322518, 0
2, 11, 11, 18, 392522925, 402687732, 4, 1, 31843343, 1
2, 11, 11, 18, 392522925, 402687732, 4, 0, 31653148, 0
2, 11, 11, 18, 392522925, 402687732, 3, 1, 40941441, 0
2, 11, 11, 18, 392522925, 402687732, 3, 0, 42204197, 0
2, 11, 11, 18, 392522925, 402687732, 2, 1, 33622795, 0
2, 11, 11, 18, 392522925, 402687732, 2, 0, 63306295, 0
2, 11, 11, 18, 392522925, 402687732, 1, 1, 18075779, 1
2, 11, 11, 18, 392522925, 402687732, 1, 0, 12725953, 0
2, 11, 11, 18, 392522925, 402687732, 0, 1, 41501383, 1
2, 12, 11, 18, 402687733, 426522509, 8, 1, 6699512, 0
2, 12, 11, 18, 402687733, 426522509, 8, 0, 11146370, 0
2, 12, 11, 18, 402687733, 426522509, 7, 1, 5944731, 0
2, 12, 11, 18, 402687733, 426522509, 7, 0, 12738709, 0
2, 12, 11, 18, 402687733, 426522509, 6, 1, 4624452, 0
2, 12, 11, 18, 402687733, 426522509, 6, 0, 10019646, 0
2, 12, 11, 18, 402687733, 426522509, 5, 1, 3735768, 0
2, 12, 11, 18, 402687733, 426522509, 5, 0, 8218688, 0
2, 12, 11, 18, 402687733, 426522509, 4, 1, 4339663, 0
2, 12, 11, 18, 402687733, 426522509, 4, 0, 9764241, 0
2, 12, 11, 18, 402687733, 426522509, 3, 1, 5579566, 0
2, 12, 11, 18, 402687733, 426522509, 3, 0, 13018988, 0
2, 12, 11, 18, 402687733, 426522509, 2, 1, 7145414, 0
2, 12, 11, 18, 402687733, 426522509, 2, 0, 17863535, 0
2, 12, 11, 18, 402687733, 426522509, 1, 1, 11909023, 0
2, 12, 11, 18, 402687733, 426522509, 1, 0, 35727069, 0
2, 12, 11, 18, 402687733, 426522509, 0, 1, 1, 1
2, 13, 11, 18, 426522510, 447905227, 8, 1, 65245829, 1
2, 13, 11, 18, 426522510, 447905227, 8, 0, 71064218, 0
2, 13, 11, 18, 426522510, 447905227, 7, 1, 66862833, 1
2, 13, 11, 18, 426522510, 447905227, 7, 0, 75191480, 0
2, 13, 11, 18, 426522510, 447905227, 6, 1, 70991290, 0
2, 13, 11, 18, 426522510, 447905227, 6, 0, 82840725, 0
2, 13, 11, 18, 426522510, 447905227, 5, 1, 65684475, 0
2, 13, 11, 18, 426522510, 447905227, 5, 0, 81002886, 0
2, 13, 11, 18, 426522510, 447905227, 4, 1, 58635813, 1
2, 13, 11, 18, 426522510, 447905227, 4, 0, 74171701, 0
2, 13, 11, 18, 426522510, 447905227, 3, 1, 59308275, 1
2, 13, 11, 18, 426522510, 447905227, 3, 0, 63128340, 0
2, 13, 11, 18, 426522510, 447905227, 2, 1, 56810212, 1
2, 13, 11, 18, 426522510, 447905227, 2, 0, 59538759, 0
2, 13, 11, 18, 426522510, 447905227, 1, 1, 52138234, 1
2, 13, 11, 18, 426522510, 447905227, 1, 0, 76726912, 0
2, 13, 11, 18, 426522510, 447905227, 0, 1, 79687789, 1
2, 14, 11, 18, 447905228, 459244659, 8, 1, 17306015, 0
2, 14, 11, 18, 447905228, 459244659, 8, 0, 15206519, 0
2, 14, 11, 18, 447905228, 459244659, 7, 1, 16317246, 0
2, 14, 11, 18, 447905228, 459244659, 7, 0, 14337259, 0
2, 14, 11, 18, 447905228, 459244659, 6, 1, 14424316, 0
2, 14, 11, 18, 447905228, 459244659, 6, 0, 13285158, 0
2, 14, 11, 18, 447905228, 459244659, 5, 1, 13783615, 0
2, 14, 11, 18, 447905228, 459244659, 5, 0, 15942189, 0
2, 14, 11, 18, 447905228, 459244659, 4, 1, 10311360, 0
2, 14, 11, 18, 447905228, 459244659, 4, 0, 14808101, 0
2, 14, 11, 18, 447905228, 459244659, 3, 1, 5726393, 0
2, 14, 11, 18, 447905228, 459244659, 3, 0, 6478060, 0
2, 14, 11, 18, 447905228, 459244659, 2, 1, 3419188, 1
2, 14, 11, 18, 447905228, 459244659, 2, 0, 1, 0
2, 14, 11, 18, 447905228, 459244659, 1, 1, 1, 1
2, 14, 11, 18, 447905228, 459244659, 1, 0, 1, 0
2, 14, 11, 18, 447905228, 459244659, 0, 1, 1, 1
2, 15, 11, 18, 459244660, 464937367, 8, 1, 28697299, 0
2, 15, 11, 18, 459244660, 464937367, 8, 0, 29459224, 0
2, 15, 11, 18, 459244660, 464937367, 7, 1, 28306535, 0
2, 15, 11, 18, 459244660, 464937367, 7, 0, 28830383, 0
2, 15, 11, 18, 459244660, 464937367, 6, 1, 26851045, 0
2, 15, 11, 18, 459244660, 464937367, 6, 0, 27105765, 0
2, 15, 11, 18, 459244660, 464937367, 5, 1, 25331878, 0
2, 15, 11, 18, 459244660, 464937367, 5, 0, 26049442, 0
2, 15, 11, 18, 459244660, 464937367, 4, 1, 22252843, 0
2, 15, 11, 18, 459244660, 464937367, 4, 0, 21921866, 0
2, 15, 11, 18, 459244660, 464937367, 3, 1, 19538413, 0
2, 15, 11, 18, 459244660, 464937367, 3, 0, 22697574, 0
2, 15, 11, 18, 459244660, 464937367, 2, 1, 18907258, 0
2, 15, 11, 18, 459244660, 464937367, 2, 0, 28583077, 0
2, 15, 11, 18, 459244660, 464937367, 1, 1, 11138146, 0
2, 15, 11, 18, 459244660, 464937367, 1, 0, 25527854, 0
2, 15, 11, 18, 459244660, 464937367, 0, 1, 1, 1
2, 16, 11, 18, 464937368, 481205739, 8, 1, 69512700, 0
2, 16, 11, 18, 464937368, 481205739, 8, 0, 73025020, 0
2, 16, 11, 18, 464937368, 481205739, 7, 1, 67678344, 0
2, 16, 11, 18, 464937368, 481205739, 7, 0, 59665633, 0
2, 16, 11, 18, 464937368, 481205739, 6, 1, 59506583, 0
2, 16, 11, 18, 464937368, 481205739, 6, 0, 51087761, 0
2, 16, 11, 18, 464937368, 481205739, 5, 1, 67903968, 0
2, 16, 11, 18, 464937368, 481205739, 5, 0, 61305313, 0
2, 16, 11, 18, 464937368, 481205739, 4, 1, 51357054, 0
2, 16, 11, 18, 464937368, 481205739, 4, 0, 41418717, 0
2, 16, 11, 18, 464937368, 481205739, 3, 1, 51396693, 0
2, 16, 11, 18, 464937368, 481205739, 3, 0, 55224956, 0
2, 16, 11, 18, 464937368, 481205739, 2, 1, 29805948, 0
2, 16, 11, 18, 464937368, 481205739, 2, 0, 24743145, 0
2, 16, 11, 18, 464937368, 481205739, 1, 1, 16495430, 0
2, 16, 11, 18, 464937368, 481205739, 1, 0, 49486289, 0
2, 16, 11, 18, 464937368, 481205739, 0, 1, 1, 1
2, 17, 11, 18, 481205740, 493768941, 8, 1, 26886500, 0
2, 17, 11, 18, 481205740, 493768941, 8, 0, 24953175, 0
2, 17, 11, 18, 481205740, 493768941, 7, 1, 24414318, 0
2, 17, 11, 18, 481205740, 493768941, 7, 0, 15538523, 0
2, 17, 11, 18, 481205740, 493768941, 6, 1, 21023355, 0
2, 17, 11, 18, 481205740, 493768941, 6, 0, 14017438, 0
2, 17, 11, 18, 481205740, 493768941, 5, 1, 18543774, 0
2, 17, 11, 18, 481205740, 493768941, 5, 0, 16820925, 0
2, 17, 11, 18, 481205740, 493768941, 4, 1, 10243001, 0
2, 17, 11, 18, 481205740, 493768941, 4, 0, 7430189, 0
2, 17, 11, 18, 481205740, 493768941, 3, 1, 7269583, 0
2, 17, 11, 18, 481205740, 493768941, 3, 0, 9906918, 0
2, 17, 11, 18, 481205740, 493768941, 2, 1, 2615125, 1
2, 17, 11, 18, 481205740, 493768941, 2, 0, 1, 0
2, 17, 11, 18, 481205740, 493768941, 1, 1, 1, 1
2, 17, 11, 18, 481205740, 493768941, 1, 0, 1, 0
2, 17, 11, 18, 481205740, 493768941, 0, 1, 1, 1
2, 18, 11, 18, 493768942, 506574790, 8, 1, 50468573, 0
2, 18, 11, 18, 493768942, 506574790, 8, 0, 42359145, 0
2, 18, 11, 18, 493768942, 506574790, 7, 1, 43993288, 0
2, 18, 11, 18, 493768942, 506574790, 7, 0, 28689289, 0
2, 18, 11, 18, 493768942, 506574790, 6, 1, 36263815, 0
2, 18, 11, 18, 493768942, 506574790, 6, 0, 23845673, 0
2, 18, 11, 18, 493768942, 506574790, 5, 1, 32191951, 0
2, 18, 11, 18, 493768942, 506574790, 5, 0, 28614807, 0
2, 18, 11, 18, 493768942, 506574790, 4, 1, 27211403, 0
2, 18, 11, 18, 493768942, 506574790, 4, 0, 22658071, 0
2, 18, 11, 18, 493768942, 506574790, 3, 1, 10025104, 0
2, 18, 11, 18, 493768942, 506574790, 3, 0, 4959250, 0
2, 18, 11, 18, 493768942, 506574790, 2, 1, 5424328, 1
2, 18, 11, 18, 493768942, 506574790, 2, 0, 1, 0
2, 18, 11, 18, 493768942, 506574790, 1, 1, 1, 1
2, 18, 11, 18, 493768942, 506574790, 1, 0, 1, 0
2, 18, 11, 18, 493768942, 506574790, 0, 1, 1, 1
2, 19, 11, 18, 506574791, 541753047, 8, 1, 209588738, 0
2, 19, 11, 18, 506574791, 541753047, 8, 0, 202068337, 0
2, 19, 11, 18, 506574791, 541753047, 7, 1, 189937818, 0
2, 19, 11, 18, 506574791, 541753047, 7, 0, 169670899, 0
2, 19, 11, 18, 506574791, 541753047, 6, 1, 158246356, 0
2, 19, 11, 18, 506574791, 541753047, 6, 0, 149857009, 0
2, 19, 11, 18, 506574791, 541753047, 5, 1, 163911717, 0
2, 19, 11, 18, 506574791, 541753047, 5, 0, 168973878, 0
2, 19, 11, 18, 506574791, 541753047, 4, 1, 130943127, 0
2, 19, 11, 18, 506574791, 541753047, 4, 0, 129389213, 0
2, 19, 11, 18, 506574791, 541753047, 3, 1, 110540707, 0
2, 19, 11, 18, 506574791, 541753047, 3, 0, 147600301, 0
2, 19, 11, 18, 506574791, 541753047, 2, 1, 91288842, 0
2, 19, 11, 18, 506574791, 541753047, 2, 0, 142522099, 0
2, 19, 11, 18, 506574791, 541753047, 1, 1, 6518179, 0
2, 19, 11, 18, 506574791, 541753047, 1, 0, 19554535, 0
2, 19, 11, 18, 506574791, 541753047, 0, 1, 1, 1
2, 20, 11, 18, 541753048, 571554568, 8, 1, 308275265, 0
2, 20, 11, 18, 541753048, 571554568, 8, 0, 317279156, 0
2, 20, 11, 18, 541753048, 571554568, 7, 1, 281401319, 0
2, 20, 11, 18, 541753048, 571554568, 7, 0, 279751413, 0
2, 20, 11, 18, 541753048, 571554568, 6, 1, 241819626, 0
2, 20, 11, 18, 541753048, 571554568, 6, 0, 247436004, 0
2, 20, 11, 18, 541753048, 571554568, 5, 1, 218365976, 0
2, 20, 11, 18, 541753048, 571554568, 5, 0, 223005687, 0
2, 20, 11, 18, 541753048, 571554568, 4, 1, 183301896, 0
2, 20, 11, 18, 541753048, 571554568, 4, 0, 165015462, 0
2, 20, 11, 18, 541753048, 571554568, 3, 1, 140967897, 0
2, 20, 11, 18, 541753048, 571554568, 3, 0, 150012421, 0
2, 20, 11, 18, 541753048, 571554568, 2, 1, 95671952, 0
2, 20, 11, 18, 541753048, 571554568, 2, 0, 70506056, 0
2, 20, 11, 18, 541753048, 571554568, 1, 1, 40710963, 1
2, 20, 11, 18, 541753048, 571554568, 1, 0, 1, 0
2, 20, 11, 18, 541753048, 571554568, 0, 1, 1, 1
2, 21, 11, 18, 571554569, 610820112, 8, 1, 79960368, 0
2, 21, 11, 18, 571554569, 610820112, 8, 0, 83141204, 0
2, 21, 11, 18, 571554569, 610820112, 7, 1, 57225623, 0
2, 21, 11, 18, 571554569, 610820112, 7, 0, 59907119, 0
2, 21, 11, 18, 571554569, 610820112, 6, 1, 33575832, 0
2, 21, 11, 18, 571554569, 610820112, 6, 0, 32726897, 0
2, 21, 11, 18, 571554569, 610820112, 5, 1, 39680529, 0
2, 21, 11, 18, 571554569, 610820112, 5, 0, 39272277, 0
2, 21, 11, 18, 571554569, 610820112, 4, 1, 26963399, 0
2, 21, 11, 18, 571554569, 610820112, 4, 0, 27151629, 0
2, 21, 11, 18, 571554569, 610820112, 3, 1, 22485365, 0
2, 21, 11, 18, 571554569, 610820112, 3, 0, 36202172, 0
2, 21, 11, 18, 571554569, 610820112, 2, 1, 13297727, 0
2, 21, 11, 18, 571554569, 610820112, 2, 0, 32833067, 0
2, 21, 11, 18, 571554569, 610820112, 1, 1, 10062464, 0
2, 21, 11, 18, 571554569, 610820112, 1, 0, 29364890, 0
2, 21, 11, 18, 571554569, 610820112, 0, 1, 822502, 1
2, 22, 11, 18, 610820113, 669403937, 8, 1, 605524071, 1
2, 22, 11, 18, 610820113, 669403937, 8, 0, 549220131, 0
2, 22, 11, 18, 610820113, 669403937, 7, 1, 558846199, 1
2, 22, 11, 18, 610820113, 669403937, 7, 0, 475832807, 0
2, 22, 11, 18, 610820113, 669403937, 6, 1, 519985928, 1
2, 22, 11, 18, 610820113, 669403937, 6, 0, 381781599, 0
2, 22, 11, 18, 610820113, 669403937, 5, 1, 516589494, 1
2, 22, 11, 18, 610820113, 669403937, 5, 0, 411363887, 0
2, 22, 11, 18, 610820113, 669403937, 4, 1, 480358805, 1
2, 22, 11, 18, 610820113, 669403937, 4, 0, 367726934, 0
2, 22, 11, 18, 610820113, 669403937, 3, 1, 406557667, 1
2, 22, 11, 18, 610820113, 669403937, 3, 0, 264196785, 0
2, 22, 11, 18, 610820113, 669403937, 2, 1, 275370008, 1
2, 22, 11, 18, 610820113, 669403937, 2, 0, 1, 0
2, 22, 11, 18, 610820113, 669403937, 1, 1, 280582030, 1
2, 22, 11, 18, 610820113, 669403937, 1, 0, 1, 0
2, 22, 11, 18, 610820113, 669403937, 0, 1, 642698903, 1
2, 23, 11, 18, 669403938, 832087489, 8, 1, 669630740, 1
2, 23, 11, 18, 669403938, 832087489, 8, 0, 580795380, 0
2, 23, 11, 18, 669403938, 832087489, 7, 1, 625408512, 1
2, 23, 11, 18, 669403938, 832087489, 7, 0, 511116114, 0
2, 23, 11, 18, 669403938, 832087489, 6, 1, 597580624, 1
2, 23, 11, 18, 669403938, 832087489, 6, 0, 438954821, 0
2, 23, 11, 18, 669403938, 832087489, 5, 1, 592699620, 1
2, 23, 11, 18, 669403938, 832087489, 5, 0, 462819787, 0
2, 23, 11, 18, 669403938, 832087489, 4, 1, 554324551, 1
2, 23, 11, 18, 669403938, 832087489, 4, 0, 410606851, 0
2, 23, 11, 18, 669403938, 832087489, 3, 1, 477153674, 1
2, 23, 11, 18, 669403938, 832087489, 3, 0, 292783396, 0
2, 23, 11, 18, 669403938, 832087489, 2, 1, 339900484, 1
2, 23, 11, 18, 669403938, 832087489, 2, 0, 1, 0
2, 23, 11, 18, 669403938, 832087489, 1, 1, 359546214, 1
2, 23, 11, 18, 669403938, 832087489, 1, 0, 1, 0
2, 23, 11, 18, 669403938, 832087489, 0, 1, 793831621, 1
2, 24, 11, 18, 832087490, 1061697916, 8, 1, 467141152, 1
2, 24, 11, 18, 832087490, 1061697916, 8, 0, 350456281, 0
2, 24, 11, 18, 832087490, 1061697916, 7, 1, 427143555, 1
2, 24, 11, 18, 832087490, 1061697916, 7, 0, 288728775, 0
2, 24, 11, 18, 832087490, 1061697916, 6, 1, 389137362, 1
2, 24, 11, 18, 832087490, 1061697916, 6, 0, 239369389, 0
2, 24, 11, 18, 832087490, 1061697916, 5, 1, 459889610, 1
2, 24, 11, 18, 832087490, 1061697916, 5, 0, 287243266, 0
2, 24, 11, 18, 832087490, 1061697916, 4, 1, 432675448, 1
2, 24, 11, 18, 832087490, 1061697916, 4, 0, 241512246, 0
2, 24, 11, 18, 832087490, 1061697916, 3, 1, 396400975, 1
2, 24, 11, 18, 832087490, 1061697916, 3, 0, 180052067, 0
2, 24, 11, 18, 832087490, 1061697916, 2, 1, 329688543, 1
2, 24, 11, 18, 832087490, 1061697916, 2, 0, 1, 0
2, 24, 11, 18, 832087490, 1061697916, 1, 1, 378288726, 1
2, 24, 11, 18, 832087490, 1061697916, 1, 0, 1, 0
2, 24, 11, 18, 832087490, 1061697916, 0, 1, 634138615, 1
2, 25, 11, 18, 1061697917, 1145583642, 8, 1, 407078747, 1
2, 25, 11, 18, 1061697917, 1145583642, 8, 0, 367197155, 0
2, 25, 11, 18, 1061697917, 1145583642, 7, 1, 374552098, 1
2, 25, 11, 18, 1061697917, 1145583642, 7, 0, 326200661, 0
2, 25, 11, 18, 1061697917, 1145583642, 6, 1, 338740363, 1
2, 25, 11, 18, 1061697917, 1145583642, 6, 0, 280183268, 0
2, 25, 11, 18, 1061697917, 1145583642, 5, 1, 349225795, 1
2, 25, 11, 18, 1061697917, 1145583642, 5, 0, 223791726, 0
2, 25, 11, 18, 1061697917, 1145583642, 4, 1, 302680808, 1
2, 25, 11, 18, 1061697917, 1145583642, 4, 0, 146809397, 0
2, 25, 11, 18, 1061697917, 1145583642, 3, 1, 302083569, 1
2, 25, 11, 18, 1061697917, 1145583642, 3, 0, 119353240, 0
2, 25, 11, 18, 1061697917, 1145583642, 2, 1, 270295416, 1
2, 25, 11, 18, 1061697917, 1145583642, 2, 0, 1, 0
2, 25, 11, 18, 1061697917, 1145583642, 1, 1, 327286524, 1
2, 25, 11, 18, 1061697917, 1145583642, 1, 0, 1, 0
2, 25, 11, 18, 1061697917, 1145583642, 0, 1, 557635312, 1
2, 26, 11, 18, 1145583643, 1263743169, 8, 1, 23563095, 0
2, 26, 11, 18, 1145583643, 1263743169, 8, 0, 26752243, 0
2, 26, 11, 18, 1145583643, 1263743169, 7, 1, 11216612, 1
2, 26, 11, 18, 1145583643, 1263743169, 7, 0, 13530317, 0
2, 26, 11, 18, 1145583643, 1263743169, 6, 1, 7754696, 1
2, 26, 11, 18, 1145583643, 1263743169, 6, 0, 4545682, 0
2, 26, 11, 18, 1145583643, 1263743169, 5, 1, 6685179, 1
2, 26, 11, 18, 1145583643, 1263743169, 5, 0, 1, 0
2, 26, 11, 18, 1145583643, 1263743169, 4, 1, 2529825, 1
2, 26, 11, 18, 1145583643, 1263743169, 4, 0, 1, 0
2, 26, 11, 18, 1145583643, 1263743169, 3, 1, 3252632, 1
2, 26, 11, 18, 1145583643, 1263743169, 3, 0, 1, 0
2, 26, 11, 18, 1145583643, 1263743169, 2, 1, 4553685, 1
2, 26, 11, 18, 1145583643, 1263743169, 2, 0, 1, 0
2, 26, 11, 18, 1145583643, 1263743169, 1, 1, 7589474, 1
2, 26, 11, 18, 1145583643, 1263743169, 1, 0, 1, 0
2, 26, 11, 18, 1145583643, 1263743169, 0, 1, 22768422, 1
2, 27, 11, 18, 1263743170, 1270902448, 8, 1, 189325824, 0
2, 27, 11, 18, 1263743170, 1270902448, 8, 0, 227238758, 0
2, 27, 11, 18, 1263743170, 1270902448, 7, 1, 187385456, 0
2, 27, 11, 18, 1263743170, 1270902448, 7, 0, 201450413, 0
2, 27, 11, 18, 1263743170, 1270902448, 6, 1, 183219541, 0
2, 27, 11, 18, 1263743170, 1270902448, 6, 0, 163537515, 0
2, 27, 11, 18, 1263743170, 1270902448, 5, 1, 117551304, 0
2, 27, 11, 18, 1263743170, 1270902448, 5, 0, 95634488, 0
2, 27, 11, 18, 1263743170, 1270902448, 4, 1, 43629424, 0
2, 27, 11, 18, 1263743170, 1270902448, 4, 0, 13511904, 0
2, 27, 11, 18, 1263743170, 1270902448, 3, 1, 7721088, 0
2, 27, 11, 18, 1263743170, 1270902448, 3, 0, 18015872, 0
2, 27, 11, 18, 1263743170, 1270902448, 2, 1, 10809524, 0
2, 27, 11, 18, 1263743170, 1270902448, 2, 0, 27023808, 0
2, 27, 11, 18, 1263743170, 1270902448, 1, 1, 18015872, 0
2, 27, 11, 18, 1263743170, 1270902448, 1, 0, 54047616, 0
2, 27, 11, 18, 1263743170, 1270902448, 0, 1, 1, 1
2, 28, 11, 18, 1270902449, 1283482607, 8, 1, 384678549, 0
2, 28, 11, 18, 1270902449, 1283482607, 8, 0, 412366946, 0
2, 28, 11, 18, 1270902449, 1283482607, 7, 1, 322099651, 0
2, 28, 11, 18, 1270902449, 1283482607, 7, 0, 329036524, 0
2, 28, 11, 18, 1270902449, 1283482607, 6, 1, 266464679, 0
2, 28, 11, 18, 1270902449, 1283482607, 6, 0, 210062094, 0
2, 28, 11, 18, 1270902449, 1283482607, 5, 1, 98527767, 1
2, 28, 11, 18, 1270902449, 1283482607, 5, 0, 1652953, 0
2, 28, 11, 18, 1270902449, 1283482607, 4, 1, 120422827, 1
2, 28, 11, 18, 1270902449, 1283482607, 4, 0, 2066191, 0
2, 28, 11, 18, 1270902449, 1283482607, 3, 1, 6071888, 1
2, 28, 11, 18, 1270902449, 1283482607, 3, 0, 2754922, 0
2, 28, 11, 18, 1270902449, 1283482607, 2, 1, 8500642, 1
2, 28, 11, 18, 1270902449, 1283482607, 2, 0, 4132382, 0
2, 28, 11, 18, 1270902449, 1283482607, 1, 1, 14167737, 1
2, 28, 11, 18, 1270902449, 1283482607, 1, 0, 8264764, 0
2, 28, 11, 18, 1270902449, 1283482607, 0, 1, 34238447, 1
2, 29, 11, 18, 1283482608, 1292181758, 8, 1, 12043271, 0
2, 29, 11, 18, 1283482608, 1292181758, 8, 0, 15162263, 0
2, 29, 11, 18, 1283482608, 1292181758, 7, 1, 8387828, 0
2, 29, 11, 18, 1283482608, 1292181758, 7, 0, 11691288, 0
2, 29, 11, 18, 1283482608, 1292181758, 6, 1, 6642949, 0
2, 29, 11, 18, 1283482608, 1292181758, 6, 0, 7063321, 0
2, 29, 11, 18, 1283482608, 1292181758, 5, 1, 5734733, 0
2, 29, 11, 18, 1283482608, 1292181758, 5, 0, 3820731, 0
2, 29, 11, 18, 1283482608, 1292181758, 4, 1, 1963394, 1
2, 29, 11, 18, 1283482608, 1292181758, 4, 0, 1, 0
2, 29, 11, 18, 1283482608, 1292181758, 3, 1, 374799, 1
2, 29, 11, 18, 1283482608, 1292181758, 3, 0, 1, 0
2, 29, 11, 18, 1283482608, 1292181758, 2, 1, 524718, 1
2, 29, 11, 18, 1283482608, 1292181758, 2, 0, 1, 0
2, 29, 11, 18, 1283482608, 1292181758, 1, 1, 874530, 1
2, 29, 11, 18, 1283482608, 1292181758, 1, 0, 1, 0
2, 29, 11, 18, 1283482608, 1292181758, 0, 1, 1, 1
2, 30, 11, 18, 1292181759, 1308108831, 8, 1, 22845917, 0
2, 30, 11, 18, 1292181759, 1308108831, 8, 0, 25727846, 0
2, 30, 11, 18, 1292181759, 1308108831, 7, 1, 18261440, 0
2, 30, 11, 18, 1292181759, 1308108831, 7, 0, 21227610, 0
2, 30, 11, 18, 1292181759, 1308108831, 6, 1, 16668623, 1
2, 30, 11, 18, 1292181759, 1308108831, 6, 0, 15227295, 0
2, 30, 11, 18, 1292181759, 1308108831, 5, 1, 13811653, 1
2, 30, 11, 18, 1292181759, 1308108831, 5, 0, 12435470, 0
2, 30, 11, 18, 1292181759, 1308108831, 4, 1, 11193316, 1
2, 30, 11, 18, 1292181759, 1308108831, 4, 0, 9349883, 0
2, 30, 11, 18, 1292181759, 1308108831, 3, 1, 10396852, 1
2, 30, 11, 18, 1292181759, 1308108831, 3, 0, 10628790, 0
2, 30, 11, 18, 1292181759, 1308108831, 2, 1, 12182177, 1
2, 30, 11, 18, 1292181759, 1308108831, 2, 0, 10052360, 0
2, 30, 11, 18, 1292181759, 1308108831, 1, 1, 14380159, 1
2, 30, 11, 18, 1292181759, 1308108831, 1, 0, 2334312, 0
2, 30, 11, 18, 1292181759, 1308108831, 0, 1, 20412169, 1
2, 31, 11, 18, 1308108832, 1338601248, 8, 1, 44682129, 0
2, 31, 11, 18, 1308108832, 1338601248, 8, 0, 57676747, 0
2, 31, 11, 18, 1308108832, 1338601248, 7, 1, 12677032, 0
2, 31, 11, 18, 1308108832, 1338601248, 7, 0, 12289955, 0
2, 31, 11, 18, 1308108832, 1338601248, 6, 1, 7136656, 0
2, 31, 11, 18, 1308108832, 1338601248, 6, 0, 8441030, 0
2, 31, 11, 18, 1308108832, 1338601248, 5, 1, 2297751, 0
2, 31, 11, 18, 1308108832, 1338601248, 5, 0, 3052535, 0
2, 31, 11, 18, 1308108832, 1338601248, 4, 1, 1039000, 0
2, 31, 11, 18, 1308108832, 1338601248, 4, 0, 2038870, 0
2, 31, 11, 18, 1308108832, 1338601248, 3, 1, 457660, 0
2, 31, 11, 18, 1308108832, 1338601248, 3, 0, 669366, 0
2, 31, 11, 18, 1308108832, 1338601248, 2, 1, 401620, 0
2, 31, 11, 18, 1308108832, 1338601248, 2, 0, 1004049, 0
2, 31, 11, 18, 1308108832, 1338601248, 1, 1, 1, 1
2, 31, 11, 18, 1308108832, 1338601248, 1, 0, 1, 0
2, 31, 11, 18, 1308108832, 1338601248, 0, 1, 1, 1
2, 32, 11, 18, 1338601249, 1358956482, 8, 1, 96838210, 0
2, 32, 11, 18, 1338601249, 1358956482, 8, 0, 27988281, 0
2, 32, 11, 18, 1338601249, 1358956482, 7, 1, 49276091, 0
2, 32, 11, 18, 1338601249, 1358956482, 7, 0, 31986607, 0
2, 32, 11, 18, 1338601249, 1358956482, 6, 1, 1, 1
2, 32, 11, 18, 1338601249, 1358956482, 6, 0, 1, 0
2, 32, 11, 18, 1338601249, 1358956482, 5, 1, 1, 1
2, 32, 11, 18, 1338601249, 1358956482, 5, 0, 1, 0
2, 32, 11, 18, 1338601249, 1358956482, 4, 1, 1, 1
2, 32, 11, 18, 1338601249, 1358956482, 4, 0, 1, 0
2, 32, 11, 18, 1338601249, 1358956482, 3, 1, 1, 1
2, 32, 11, 18, 1338601249, 1358956482, 3, 0, 1, 0
2, 32, 11, 18, 1338601249, 1358956482, 2, 1, 1, 1
2, 32, 11, 18, 1338601249, 1358956482, 2, 0, 1, 0
2, 32, 11, 18, 1338601249, 1358956482, 1, 1, 1, 1
2, 32, 11, 18, 1338601249, 1358956482, 1, 0, 1, 0
2, 32, 11, 18, 1338601249, 1358956482, 0, 1, 1, 1
2, 33, 11, 18, 1358956483, 1402834998, 8, 1, 43014254, 0
2, 33, 11, 18, 1358956483, 1402834998, 8, 0, 80342212, 0
2, 33, 11, 18, 1358956483, 1402834998, 7, 1, 48749488, 0
2, 33, 11, 18, 1358956483, 1402834998, 7, 0, 91819671, 0
2, 33, 11, 18, 1358956483, 1402834998, 6, 1, 13026807, 0
2, 33, 11, 18, 1358956483, 1402834998, 6, 0, 13473976, 0
2, 33, 11, 18, 1358956483, 1402834998, 5, 1, 1, 1
2, 33, 11, 18, 1358956483, 1402834998, 5, 0, 1, 0
2, 33, 11, 18, 1358956483, 1402834998, 4, 1, 1, 1
2, 33, 11, 18, 1358956483, 1402834998, 4, 0, 1, 0
2, 33, 11, 18, 1358956483, 1402834998, 3, 1, 1, 1
2, 33, 11, 18, 1358956483, 1402834998, 3, 0, 1, 0
2, 33, 11, 18, 1358956483, 1402834998, 2, 1, 1, 1
2, 33, 11, 18, 1358956483, 1402834998, 2, 0, 1, 0
2, 33, 11, 18, 1358956483, 1402834998, 1, 1, 1, 1
2, 33, 11, 18, 1358956483, 1402834998, 1, 0, 1, 0
2, 33, 11, 18, 1358956483, 1402834998, 0, 1, 1, 1
2, 34, 11, 18, 1402834999, 1479041972, 8, 1, 79932295, 0
2, 34, 11, 18, 1402834999, 1479041972, 8, 0, 71938017, 0
2, 34, 11, 18, 1402834999, 1479041972, 7, 1, 69611068, 0
2, 34, 11, 18, 1402834999, 1479041972, 7, 0, 82214876, 0
2, 34, 11, 18, 1402834999, 1479041972, 6, 1, 56153771, 0
2, 34, 11, 18, 1402834999, 1479041972, 6, 0, 43556190, 0
2, 34, 11, 18, 1402834999, 1479041972, 5, 1, 36680888, 0
2, 34, 11, 18, 1402834999, 1479041972, 5, 0, 32990069, 0
2, 34, 11, 18, 1402834999, 1479041972, 4, 1, 18687841, 1
2, 34, 11, 18, 1402834999, 1479041972, 4, 0, 6922567, 0
2, 34, 11, 18, 1402834999, 1479041972, 3, 1, 6633558, 1
2, 34, 11, 18, 1402834999, 1479041972, 3, 0, 9230089, 0
2, 34, 11, 18, 1402834999, 1479041972, 2, 1, 5891690, 1
2, 34, 11, 18, 1402834999, 1479041972, 2, 0, 5356906, 0
2, 34, 11, 18, 1402834999, 1479041972, 1, 1, 6248213, 1
2, 34, 11, 18, 1402834999, 1479041972, 1, 0, 1, 0
2, 34, 11, 18, 1402834999, 1479041972, 0, 1, 18744637, 1
2, 35, 11, 18, 1479041973, 1640984151, 8, 1, 32640827, 0
2, 35, 11, 18, 1479041973, 1640984151, 8, 0, 15513418, 0
2, 35, 11, 18, 1479041973, 1640984151, 7, 1, 15753342, 0
2, 35, 11, 18, 1479041973, 1640984151, 7, 0, 17729621, 0
2, 35, 11, 18, 1479041973, 1640984151, 6, 1, 18176933, 0
2, 35, 11, 18, 1479041973, 1640984151, 6, 0, 20684558, 0
2, 35, 11, 18, 1479041973, 1640984151, 5, 1, 21481830, 0
2, 35, 11, 18, 1479041973, 1640984151, 5, 0, 24821469, 0
2, 35, 11, 18, 1479041973, 1640984151, 4, 1, 14220957, 0
2, 35, 11, 18, 1479041973, 1640984151, 4, 0, 31026836, 0
2, 35, 11, 18, 1479041973, 1640984151, 3, 1, 18284087, 0
2, 35, 11, 18, 1479041973, 1640984151, 3, 0, 41369115, 0
2, 35, 11, 18, 1479041973, 1640984151, 2, 1, 25597722, 0
2, 35, 11, 18, 1479041973, 1640984151, 2, 0, 62053672, 0
2, 35, 11, 18, 1479041973, 1640984151, 1, 1, 19012961, 0
2, 35, 11, 18, 1479041973, 1640984151, 1, 0, 53157620, 0
2, 35, 11, 18, 1479041973, 1640984151, 0, 1, 3881264, 1
2, 36, 11, 18, 1640984152, 1690002976, 8, 1, 5206054, 1
2, 36, 11, 18, 1640984152, 1690002976, 8, 0, 2654897, 0
2, 36, 11, 18, 1640984152, 1690002976, 7, 1, 5900195, 1
2, 36, 11, 18, 1640984152, 1690002976, 7, 0, 3034168, 0
2, 36, 11, 18, 1640984152, 1690002976, 6, 1, 6807917, 1
2, 36, 11, 18, 1640984152, 1690002976, 6, 0, 3539862, 0
2, 36, 11, 18, 1640984152, 1690002976, 5, 1, 8045720, 1
2, 36, 11, 18, 1640984152, 1690002976, 5, 0, 4247835, 0
2, 36, 11, 18, 1640984152, 1690002976, 4, 1, 9833657, 1
2, 36, 11, 18, 1640984152, 1690002976, 4, 0, 5309793, 0
2, 36, 11, 18, 1640984152, 1690002976, 3, 1, 12643274, 1
2, 36, 11, 18, 1640984152, 1690002976, 3, 0, 7079724, 0
2, 36, 11, 18, 1640984152, 1690002976, 2, 1, 17700583, 1
2, 36, 11, 18, 1640984152, 1690002976, 2, 0, 10619586, 0
2, 36, 11, 18, 1640984152, 1690002976, 1, 1, 22421248, 1
2, 36, 11, 18, 1640984152, 1690002976, 1, 0, 1, 0
2, 36, 11, 18, 1640984152, 1690002976, 0, 1, 16120898, 1
2, 37, 11, 18, 1690002977, 1813256095, 8, 1, 8017067, 0
2, 37, 11, 18, 1690002977, 1813256095, 8, 0, 17036268, 0
2, 37, 11, 18, 1690002977, 1813256095, 7, 1, 9086010, 0
2, 37, 11, 18, 1690002977, 1813256095, 7, 0, 19470020, 0
2, 37, 11, 18, 1690002977, 1813256095, 6, 1, 10483857, 0
2, 37, 11, 18, 1690002977, 1813256095, 6, 0, 22715024, 0
2, 37, 11, 18, 1690002977, 1813256095, 5, 1, 12390013, 0
2, 37, 11, 18, 1690002977, 1813256095, 5, 0, 27258028, 0
2, 37, 11, 18, 1690002977, 1813256095, 4, 1, 15143349, 0
2, 37, 11, 18, 1690002977, 1813256095, 4, 0, 34072535, 0
2, 37, 11, 18, 1690002977, 1813256095, 3, 1, 19470020, 0
2, 37, 11, 18, 1690002977, 1813256095, 3, 0, 45430047, 0
2, 37, 11, 18, 1690002977, 1813256095, 2, 1, 27258028, 0
2, 37, 11, 18, 1690002977, 1813256095, 2, 0, 68145070, 0
2, 37, 11, 18, 1690002977, 1813256095, 1, 1, 20721729, 0
2, 37, 11, 18, 1690002977, 1813256095, 1, 0, 62165187, 0
2, 37, 11, 18, 1690002977, 1813256095, 0, 1, 1, 1
2, 38, 11, 18, 1813256096, 2005432079, 8, 1, 29739920, 1
2, 38, 11, 18, 1813256096, 2005432079, 8, 0, 49710093, 0
2, 38, 11, 18, 1813256096, 2005432079, 7, 1, 33705242, 0
2, 38, 11, 18, 1813256096, 2005432079, 7, 0, 56811535, 0
2, 38, 11, 18, 1813256096, 2005432079, 6, 1, 38890664, 0
2, 38, 11, 18, 1813256096, 2005432079, 6, 0, 66280124, 0
2, 38, 11, 18, 1813256096, 2005432079, 5, 1, 45961694, 0
2, 38, 11, 18, 1813256096, 2005432079, 5, 0, 79536149, 0
2, 38, 11, 18, 1813256096, 2005432079, 4, 1, 56175404, 0
2, 38, 11, 18, 1813256096, 2005432079, 4, 0, 99420186, 0
2, 38, 11, 18, 1813256096, 2005432079, 3, 1, 72225519, 0
2, 38, 11, 18, 1813256096, 2005432079, 3, 0, 132560248, 0
2, 38, 11, 18, 1813256096, 2005432079, 2, 1, 101115726, 0
2, 38, 11, 18, 1813256096, 2005432079, 2, 0, 198840372, 0
2, 38, 11, 18, 1813256096, 2005432079, 1, 1, 90880601, 0
2, 38, 11, 18, 1813256096, 2005432079, 1, 0, 164743916, 0
2, 38, 11, 18, 1813256096, 2005432079, 0, 1, 53948944, 1
2, 39, 11, 18, 2005432080, 2050241794, 8, 1, 165133024, 0
2, 39, 11, 18, 2005432080, 2050241794, 8, 0, 134265207, 0
2, 39, 11, 18, 2005432080, 2050241794, 7, 1, 48411326, 1
2, 39, 11, 18, 2005432080, 2050241794, 7, 0, 14358230, 0
2, 39, 11, 18, 2005432080, 2050241794, 6, 1, 55859222, 1
2, 39, 11, 18, 2005432080, 2050241794, 6, 0, 16751268, 0
2, 39, 11, 18, 2005432080, 2050241794, 5, 1, 17454019, 1
2, 39, 11, 18, 2005432080, 2050241794, 5, 0, 1, 0
2, 39, 11, 18, 2005432080, 2050241794, 4, 1, 6812707, 1
2, 39, 11, 18, 2005432080, 2050241794, 4, 0, 1, 0
2, 39, 11, 18, 2005432080, 2050241794, 3, 1, 8759195, 1
2, 39, 11, 18, 2005432080, 2050241794, 3, 0, 1, 0
2, 39, 11, 18, 2005432080, 2050241794, 2, 1, 12262873, 1
2, 39, 11, 18, 2005432080, 2050241794, 2, 0, 1, 0
2, 39, 11, 18, 2005432080, 2050241794, 1, 1, 20438121, 1
2, 39, 11, 18, 2005432080, 2050241794, 1, 0, 1, 0
2, 39, 11, 18, 2005432080, 2050241794, 0, 1, 61314362, 1
2, 40, 11, 18, 2050241795, 2076709818, 8, 1, 158375983, 0
2, 40, 11, 18, 2050241795, 2076709818, 8, 0, 168784816, 0
2, 40, 11, 18, 2050241795, 2076709818, 7, 1, 152277642, 0
2, 40, 11, 18, 2050241795, 2076709818, 7, 0, 163737856, 0
2, 40, 11, 18, 2050241795, 2076709818, 6, 1, 144302890, 0
2, 40, 11, 18, 2050241795, 2076709818, 6, 0, 157008576, 0
2, 40, 11, 18, 2050241795, 2076709818, 5, 1, 133428227, 0
2, 40, 11, 18, 2050241795, 2076709818, 5, 0, 147587585, 0
2, 40, 11, 18, 2050241795, 2076709818, 4, 1, 117720381, 0
2, 40, 11, 18, 2050241795, 2076709818, 4, 0, 133456097, 0
2, 40, 11, 18, 2050241795, 2076709818, 3, 1, 94272128, 0
2, 40, 11, 18, 2050241795, 2076709818, 3, 0, 112786463, 0
2, 40, 11, 18, 2050241795, 2076709818, 2, 1, 52649320, 0
2, 40, 11, 18, 2050241795, 2076709818, 2, 0, 67122928, 0
2, 40, 11, 18, 2050241795, 2076709818, 1, 1, 25781607, 0
2, 40, 11, 18, 2050241795, 2076709818, 1, 0, 38911319, 0
2, 40, 11, 18, 2050241795, 2076709818, 0, 1, 37994343, 1
2, 41, 11, 18, 2076709819, 2096458027, 8, 1, 273789108, 0
2, 41, 11, 18, 2076709819, 2096458027, 8, 0, 347396615, 0
2, 41, 11, 18, 2076709819, 2096458027, 7, 1, 310294322, 0
2, 41, 11, 18, 2076709819, 2096458027, 7, 0, 397024703, 0
2, 41, 11, 18, 2076709819, 2096458027, 6, 1, 288925788, 0
2, 41, 11, 18, 2076709819, 2096458027, 6, 0, 313465555, 0
2, 41, 11, 18, 2076709819, 2096458027, 5, 1, 202176878, 0
2, 41, 11, 18, 2076709819, 2096458027, 5, 0, 219997747, 0
2, 41, 11, 18, 2076709819, 2096458027, 4, 1, 157000463, 0
2, 41, 11, 18, 2076709819, 2096458027, 4, 0, 173137106, 0
2, 41, 11, 18, 2076709819, 2096458027, 3, 1, 103847331, 0
2, 41, 11, 18, 2076709819, 2096458027, 3, 0, 126889456, 0
2, 41, 11, 18, 2076709819, 2096458027, 2, 1, 61757555, 0
2, 41, 11, 18, 2076709819, 2096458027, 2, 0, 74123574, 0
2, 41, 11, 18, 2076709819, 2096458027, 1, 1, 28014236, 0
2, 41, 11, 18, 2076709819, 2096458027, 1, 0, 27147955, 0
2, 41, 11, 18, 2076709819, 2096458027, 0, 1, 1, 1
