3, 1, 13, 18, 1, 99979705, 6, 1, 1, 1
3, 1, 13, 18, 1, 99979705, 6, 0, 1, 0
3, 1, 13, 18, 1, 99979705, 5, 1, 1, 1
3, 1, 13, 18, 1, 99979705, 5, 0, 1, 0
3, 1, 13, 18, 1, 99979705, 4, 1, 1, 1
3, 1, 13, 18, 1, 99979705, 4, 0, 1, 0
3, 1, 13, 18, 1, 99979705, 3, 1, 1, 1
3, 1, 13, 18, 1, 99979705, 3, 0, 1, 0
3, 1, 13, 18, 1, 99979705, 2, 1, 1, 1
3, 1, 13, 18, 1, 99979705, 2, 0, 1, 0
3, 1, 13, 18, 1, 99979705, 1, 1, 1, 1
3, 1, 13, 18, 1, 99979705, 1, 0, 1, 0
3, 1, 13, 18, 1, 99979705, 0, 1, 1, 1
3, 2, 13, 18, 99979706, 152134636, 6, 1, 138966589, 1
3, 2, 13, 18, 99979706, 152134636, 6, 0, 107998919, 0
3, 2, 13, 18, 99979706, 152134636, 5, 1, 115511244, 1
3, 2, 13, 18, 99979706, 152134636, 5, 0, 80318095, 0
3, 2, 13, 18, 99979706, 152134636, 4, 1, 99037916, 1
3, 2, 13, 18, 99979706, 152134636, 4, 0, 62187351, 0
3, 2, 13, 18, 99979706, 152134636, 3, 1, 102185515, 1
3, 2, 13, 18, 99979706, 152134636, 3, 0, 82916468, 0
3, 2, 13, 18, 99979706, 152134636, 2, 1, 106235898, 1
3, 2, 13, 18, 99979706, 152134636, 2, 0, 76006053, 0
3, 2, 13, 18, 99979706, 152134636, 1, 1, 144595451, 1
3, 2, 13, 18, 99979706, 152134636, 1, 0, 55109147, 0
3, 2, 13, 18, 99979706, 152134636, 0, 1, 183443999, 1
3, 3, 13, 18, 152134637, 227236867, 6, 1, 62914578, 0
3, 3, 13, 18, 152134637, 227236867, 6, 0, 61514830, 0
3, 3, 13, 18, 152134637, 227236867, 5, 1, 62466980, 0
3, 3, 13, 18, 152134637, 227236867, 5, 0, 64984933, 0
3, 3, 13, 18, 152134637, 227236867, 4, 1, 73872592, 0
3, 3, 13, 18, 152134637, 227236867, 4, 0, 75660304, 0
3, 3, 13, 18, 152134637, 227236867, 3, 1, 81518065, 0
3, 3, 13, 18, 152134637, 227236867, 3, 0, 100880405, 0
3, 3, 13, 18, 152134637, 227236867, 2, 1, 77391447, 0
3, 3, 13, 18, 152134637, 227236867, 2, 0, 101775463, 0
3, 3, 13, 18, 152134637, 227236867, 1, 1, 77301115, 0
3, 3, 13, 18, 152134637, 227236867, 1, 0, 203550925, 0
3, 3, 13, 18, 152134637, 227236867, 0, 1, 28352420, 1
3, 4, 13, 18, 227236868, 314627335, 6, 1, 14463402, 0
3, 4, 13, 18, 227236868, 314627335, 6, 0, 31337370, 0
3, 4, 13, 18, 227236868, 314627335, 5, 1, 17093111, 0
3, 4, 13, 18, 227236868, 314627335, 5, 0, 37604844, 0
3, 4, 13, 18, 227236868, 314627335, 4, 1, 11794508, 0
3, 4, 13, 18, 227236868, 314627335, 4, 0, 26537643, 0
3, 4, 13, 18, 227236868, 314627335, 3, 1, 15164368, 0
3, 4, 13, 18, 227236868, 314627335, 3, 0, 35383524, 0
3, 4, 13, 18, 227236868, 314627335, 2, 1, 21230115, 0
3, 4, 13, 18, 227236868, 314627335, 2, 0, 53075286, 0
3, 4, 13, 18, 227236868, 314627335, 1, 1, 35383524, 0
3, 4, 13, 18, 227236868, 314627335, 1, 0, 106150572, 0
3, 4, 13, 18, 227236868, 314627335, 0, 1, 1, 1
3, 5, 13, 18, 314627336, 364714453, 6, 1, 53984413, 1
3, 5, 13, 18, 314627336, 364714453, 6, 0, 58591141, 0
3, 5, 13, 18, 314627336, 364714453, 5, 1, 57576570, 1
3, 5, 13, 18, 314627336, 364714453, 5, 0, 70309369, 0
3, 5, 13, 18, 314627336, 364714453, 4, 1, 59323202, 1
3, 5, 13, 18, 314627336, 364714453, 4, 0, 63028347, 0
3, 5, 13, 18, 314627336, 364714453, 3, 1, 62078644, 1
3, 5, 13, 18, 314627336, 364714453, 3, 0, 75950910, 0
3, 5, 13, 18, 314627336, 364714453, 2, 1, 69371631, 0
3, 5, 13, 18, 314627336, 364714453, 2, 0, 113249765, 0
3, 5, 13, 18, 314627336, 364714453, 1, 1, 50095795, 1
3, 5, 13, 18, 314627336, 364714453, 1, 0, 70823416, 0
3, 5, 13, 18, 314627336, 364714453, 0, 1, 79463970, 1
3, 6, 13, 18, 364714454, 433192053, 6, 1, 18038928, 0
3, 6, 13, 18, 364714454, 433192053, 6, 0, 22281436, 0
3, 6, 13, 18, 364714454, 433192053, 5, 1, 16360693, 0
3, 6, 13, 18, 364714454, 433192053, 5, 0, 26737723, 0
3, 6, 13, 18, 364714454, 433192053, 4, 1, 7414831, 0
3, 6, 13, 18, 364714454, 433192053, 4, 0, 16683370, 0
3, 6, 13, 18, 364714454, 433192053, 3, 1, 9533354, 0
3, 6, 13, 18, 364714454, 433192053, 3, 0, 22244493, 0
3, 6, 13, 18, 364714454, 433192053, 2, 1, 13346696, 0
3, 6, 13, 18, 364714454, 433192053, 2, 0, 33366739, 0
3, 6, 13, 18, 364714454, 433192053, 1, 1, 22244493, 0
3, 6, 13, 18, 364714454, 433192053, 1, 0, 66733477, 0
3, 6, 13, 18, 364714454, 433192053, 0, 1, 1, 1
3, 7, 13, 18, 433192054, 492764888, 6, 1, 30115104, 0
3, 7, 13, 18, 433192054, 492764888, 6, 0, 19101966, 0
3, 7, 13, 18, 433192054, 492764888, 5, 1, 27737484, 0
3, 7, 13, 18, 433192054, 492764888, 5, 0, 22922359, 0
3, 7, 13, 18, 433192054, 492764888, 4, 1, 30079514, 0
3, 7, 13, 18, 433192054, 492764888, 4, 0, 20053774, 0
3, 7, 13, 18, 433192054, 492764888, 3, 1, 37847249, 0
3, 7, 13, 18, 433192054, 492764888, 3, 0, 24810071, 0
3, 7, 13, 18, 433192054, 492764888, 2, 1, 40341383, 0
3, 7, 13, 18, 433192054, 492764888, 2, 0, 37215106, 0
3, 7, 13, 18, 433192054, 492764888, 1, 1, 51029820, 0
3, 7, 13, 18, 433192054, 492764888, 1, 0, 74430212, 0
3, 7, 13, 18, 433192054, 492764888, 0, 1, 1, 1
3, 8, 13, 18, 492764889, 562958777, 6, 1, 12421400, 0
3, 8, 13, 18, 492764889, 562958777, 6, 0, 19871615, 0
3, 8, 13, 18, 492764889, 562958777, 5, 1, 10839063, 0
3, 8, 13, 18, 492764889, 562958777, 5, 0, 23845938, 0
3, 8, 13, 18, 492764889, 562958777, 4, 1, 8889259, 0
3, 8, 13, 18, 492764889, 562958777, 4, 0, 20000832, 0
3, 8, 13, 18, 492764889, 562958777, 3, 1, 11429047, 0
3, 8, 13, 18, 492764889, 562958777, 3, 0, 26667775, 0
3, 8, 13, 18, 492764889, 562958777, 2, 1, 16000665, 0
3, 8, 13, 18, 492764889, 562958777, 2, 0, 40001663, 0
3, 8, 13, 18, 492764889, 562958777, 1, 1, 26667775, 0
3, 8, 13, 18, 492764889, 562958777, 1, 0, 80003325, 0
3, 8, 13, 18, 492764889, 562958777, 0, 1, 1, 1
3, 9, 13, 18, 562958778, 620279032, 6, 1, 110127361, 0
3, 9, 13, 18, 562958778, 620279032, 6, 0, 134780449, 0
3, 9, 13, 18, 562958778, 620279032, 5, 1, 56359170, 0
3, 9, 13, 18, 562958778, 620279032, 5, 0, 123990173, 0
3, 9, 13, 18, 562958778, 620279032, 4, 1, 1, 1
3, 9, 13, 18, 562958778, 620279032, 4, 0, 1, 0
3, 9, 13, 18, 562958778, 620279032, 3, 1, 1, 1
3, 9, 13, 18, 562958778, 620279032, 3, 0, 1, 0
3, 9, 13, 18, 562958778, 620279032, 2, 1, 1, 1
3, 9, 13, 18, 562958778, 620279032, 2, 0, 1, 0
3, 9, 13, 18, 562958778, 620279032, 1, 1, 1, 1
3, 9, 13, 18, 562958778, 620279032, 1, 0, 1, 0
3, 9, 13, 18, 562958778, 620279032, 0, 1, 1, 1
3, 10, 13, 18, 620279033, 642427558, 6, 1, 1, 1
3, 10, 13, 18, 620279033, 642427558, 6, 0, 1, 0
3, 10, 13, 18, 620279033, 642427558, 5, 1, 1, 1
3, 10, 13, 18, 620279033, 642427558, 5, 0, 1, 0
3, 10, 13, 18, 620279033, 642427558, 4, 1, 1, 1
3, 10, 13, 18, 620279033, 642427558, 4, 0, 1, 0
3, 10, 13, 18, 620279033, 642427558, 3, 1, 1, 1
3, 10, 13, 18, 620279033, 642427558, 3, 0, 1, 0
3, 10, 13, 18, 620279033, 642427558, 2, 1, 1, 1
3, 10, 13, 18, 620279033, 642427558, 2, 0, 1, 0
3, 10, 13, 18, 620279033, 642427558, 1, 1, 1, 1
3, 10, 13, 18, 620279033, 642427558, 1, 0, 1, 0
3, 10, 13, 18, 620279033, 642427558, 0, 1, 1, 1
3, 11, 13, 18, 642427559, 793505154, 6, 1, 153730550, 0
3, 11, 13, 18, 642427559, 793505154, 6, 0, 165426567, 0
3, 11, 13, 18, 642427559, 793505154, 5, 1, 181681559, 0
3, 11, 13, 18, 642427559, 793505154, 5, 0, 198511880, 0
3, 11, 13, 18, 642427559, 793505154, 4, 1, 111770861, 1
3, 11, 13, 18, 642427559, 793505154, 4, 0, 1, 0
3, 11, 13, 18, 642427559, 793505154, 3, 1, 143705393, 1
3, 11, 13, 18, 642427559, 793505154, 3, 0, 1, 0
3, 11, 13, 18, 642427559, 793505154, 2, 1, 201187549, 1
3, 11, 13, 18, 642427559, 793505154, 2, 0, 1, 0
3, 11, 13, 18, 642427559, 793505154, 1, 1, 1, 1
3, 11, 13, 18, 642427559, 793505154, 1, 0, 1, 0
3, 11, 13, 18, 642427559, 793505154, 0, 1, 1, 1
3, 12, 13, 18, 793505155, 1136616769, 6, 1, 1, 1
3, 12, 13, 18, 793505155, 1136616769, 6, 0, 1, 0
3, 12, 13, 18, 793505155, 1136616769, 5, 1, 1, 1
3, 12, 13, 18, 793505155, 1136616769, 5, 0, 1, 0
3, 12, 13, 18, 793505155, 1136616769, 4, 1, 1, 1
3, 12, 13, 18, 793505155, 1136616769, 4, 0, 1, 0
3, 12, 13, 18, 793505155, 1136616769, 3, 1, 1, 1
3, 12, 13, 18, 793505155, 1136616769, 3, 0, 1, 0
3, 12, 13, 18, 793505155, 1136616769, 2, 1, 1, 1
3, 12, 13, 18, 793505155, 1136616769, 2, 0, 1, 0
3, 12, 13, 18, 793505155, 1136616769, 1, 1, 1, 1
3, 12, 13, 18, 793505155, 1136616769, 1, 0, 1, 0
3, 12, 13, 18, 793505155, 1136616769, 0, 1, 1, 1
3, 13, 13, 18, 1136616770, 1675941836, 6, 1, 384740777, 0
3, 13, 13, 18, 1136616770, 1675941836, 6, 0, 410093619, 0
3, 13, 13, 18, 1136616770, 1675941836, 5, 1, 446842906, 0
3, 13, 13, 18, 1136616770, 1675941836, 5, 0, 483476529, 0
3, 13, 13, 18, 1136616770, 1675941836, 4, 1, 516610228, 0
3, 13, 13, 18, 1136616770, 1675941836, 4, 0, 604345661, 0
3, 13, 13, 18, 1136616770, 1675941836, 3, 1, 454103618, 0
3, 13, 13, 18, 1136616770, 1675941836, 3, 0, 533933900, 0
3, 13, 13, 18, 1136616770, 1675941836, 2, 1, 528020346, 0
3, 13, 13, 18, 1136616770, 1675941836, 2, 0, 655185776, 0
3, 13, 13, 18, 1136616770, 1675941836, 1, 1, 556572762, 0
3, 13, 13, 18, 1136616770, 1675941836, 1, 0, 655185776, 0
3, 13, 13, 18, 1136616770, 1675941836, 0, 1, 359346735, 1
3, 14, 13, 18, 1675941837, 1689911315, 6, 1, 17843809, 0
3, 14, 13, 18, 1675941837, 1689911315, 6, 0, 16884496, 0
3, 14, 13, 18, 1675941837, 1689911315, 5, 1, 21088137, 0
3, 14, 13, 18, 1675941837, 1689911315, 5, 0, 20261395, 0
3, 14, 13, 18, 1675941837, 1689911315, 4, 1, 11183358, 1
3, 14, 13, 18, 1675941837, 1689911315, 4, 0, 10075148, 0
3, 14, 13, 18, 1675941837, 1689911315, 3, 1, 11885408, 1
3, 14, 13, 18, 1675941837, 1689911315, 3, 0, 7616075, 0
3, 14, 13, 18, 1675941837, 1689911315, 2, 1, 12069926, 1
3, 14, 13, 18, 1675941837, 1689911315, 2, 0, 1, 0
3, 14, 13, 18, 1675941837, 1689911315, 1, 1, 9188246, 1
3, 14, 13, 18, 1675941837, 1689911315, 1, 0, 1, 0
3, 14, 13, 18, 1675941837, 1689911315, 0, 1, 12346137, 1
3, 15, 13, 18, 1689911316, 1748460663, 6, 1, 31043248, 1
3, 15, 13, 18, 1689911316, 1748460663, 6, 0, 47227709, 0
3, 15, 13, 18, 1689911316, 1748460663, 5, 1, 31761159, 1
3, 15, 13, 18, 1689911316, 1748460663, 5, 0, 45835356, 0
3, 15, 13, 18, 1689911316, 1748460663, 4, 1, 35610232, 0
3, 15, 13, 18, 1689911316, 1748460663, 4, 0, 57294195, 0
3, 15, 13, 18, 1689911316, 1748460663, 3, 1, 32589346, 1
3, 15, 13, 18, 1689911316, 1748460663, 3, 0, 49454555, 0
3, 15, 13, 18, 1689911316, 1748460663, 2, 1, 29009859, 1
3, 15, 13, 18, 1689911316, 1748460663, 2, 0, 32643770, 0
3, 15, 13, 18, 1689911316, 1748460663, 1, 1, 29337415, 1
3, 15, 13, 18, 1689911316, 1748460663, 1, 0, 8250490, 0
3, 15, 13, 18, 1689911316, 1748460663, 0, 1, 54404030, 1
3, 16, 13, 18, 1748460664, 1753043203, 6, 1, 10731867, 1
3, 16, 13, 18, 1748460664, 1753043203, 6, 0, 9065336, 0
3, 16, 13, 18, 1748460664, 1753043203, 5, 1, 11357168, 1
3, 16, 13, 18, 1748460664, 1753043203, 5, 0, 10878403, 0
3, 16, 13, 18, 1748460664, 1753043203, 4, 1, 10672019, 1
3, 16, 13, 18, 1748460664, 1753043203, 4, 0, 13598003, 0
3, 16, 13, 18, 1748460664, 1753043203, 3, 1, 10221442, 1
3, 16, 13, 18, 1748460664, 1753043203, 3, 0, 9964645, 0
3, 16, 13, 18, 1748460664, 1753043203, 2, 1, 8331232, 1
3, 16, 13, 18, 1748460664, 1753043203, 2, 0, 1, 0
3, 16, 13, 18, 1748460664, 1753043203, 1, 1, 13885386, 1
3, 16, 13, 18, 1748460664, 1753043203, 1, 0, 1, 0
3, 16, 13, 18, 1748460664, 1753043203, 0, 1, 19391847, 1
