1,1.0,99901262.0,2042197003.4012554
2,99901263.0,137604211.0,3375796766.852961
3,137604212.0,169647969.0,3120809711.563945
4,169647970.0,203774029.0,3209938835.159617
5,203774030.0,270312650.0,3113464759.8151464
6,270312651.0,303681823.0,3361557159.6717887
7,303681824.0,420069605.0,3175615803.036106
8,420069606.0,450100024.0,3684355303.7039895
9,450100025.0,519673415.0,3309201686.2931247
10,519673416.0,561256629.0,3410905607.8716726
11,561256630.0,677471569.0,3229957128.990379
12,677471570.0,710272674.0,3993720245.931847
13,710272675.0,807852468.0,3297480207.943401
14,807852469.0,847243857.0,3289594054.0276585
15,847243858.0,918400240.0,3441169831.738026
16,918400241.0,946165650.0,3930310742.9189916
17,946165651.0,969408900.0,3298435073.13956
18,969408901.0,1007201543.0,3589085593.089274
19,1007201544.0,1105645467.0,3657910746.174716
20,1105645468.0,1141475849.0,3957893555.3162274
21,1141475850.0,1166166214.0,3769460144.377202
22,1166166215.0,1206076892.0,3908602037.5720787
23,1206076893.0,1247571688.0,3720174262.7345796
24,1247571689.0,1281482266.0,3618146635.005267
25,1281482267.0,1353156907.0,3717988262.956645
26,1353156908.0,1365005028.0,4011137404.6667123
27,1365005029.0,1413304944.0,3783572523.673778
28,1413304945.0,1439424111.0,3639563747.077017
29,1439424112.0,1480374971.0,3789167482.079818
30,1480374972.0,1552301869.0,3647893628.0108304
31,1552301870.0,1601751941.0,3546663500.192394
32,1601751942.0,1731029594.0,3798639491.740839
33,1731029595.0,1751250655.0,3458335644.049564
34,1751250656.0,1788732500.0,3338073902.891772
35,1788732501.0,1821162561.0,3726563961.504447
36,1821162562.0,1927658137.0,3939627354.560699
37,1927658138.0,1966958028.0,3454340959.890187
38,1966958029.0,2145021963.0,3681415003.908873
39,2145021964.0,2154922785.0,3252654081.558962
40,2154922786.0,2183641901.0,3302412506.0308733
41,2183641902.0,2196025834.0,3252654081.558962
