1, 1, 17, 16, 1, 99085301, 2, 3, 12640526, 1
1, 1, 17, 16, 1, 99085301, 2, 2, 4351716, 1
1, 1, 17, 16, 1, 99085301, 2, 1, 1, 1
1, 1, 17, 16, 1, 99085301, 2, 0, 1, 0
1, 1, 17, 16, 1, 99085301, 1, 3, 18486222, 1
1, 1, 17, 16, 1, 99085301, 1, 2, 5034298, 1
1, 1, 17, 16, 1, 99085301, 1, 1, 1, 1
1, 1, 17, 16, 1, 99085301, 1, 0, 1, 0
1, 1, 17, 16, 1, 99085301, 0, 3, 18653043, 1
1, 1, 17, 16, 1, 99085301, 0, 2, 12585745, 1
1, 1, 17, 16, 1, 99085301, 0, 1, 1, 1
1, 2, 17, 16, 99085302, 109250790, 2, 3, 89908190, 0
1, 2, 17, 16, 99085302, 109250790, 2, 2, 91582310, 0
1, 2, 17, 16, 99085302, 109250790, 2, 1, 101431100, 1
1, 2, 17, 16, 99085302, 109250790, 2, 0, 98117096, 0
1, 2, 17, 16, 99085302, 109250790, 1, 3, 78957472, 0
1, 2, 17, 16, 99085302, 109250790, 1, 2, 87661438, 0
1, 2, 17, 16, 99085302, 109250790, 1, 1, 103640436, 1
1, 2, 17, 16, 99085302, 109250790, 1, 0, 98117096, 0
1, 2, 17, 16, 99085302, 109250790, 0, 3, 86117006, 1
1, 2, 17, 16, 99085302, 109250790, 0, 2, 71977952, 1
1, 2, 17, 16, 99085302, 109250790, 0, 1, 114687116, 1
1, 3, 17, 16, 109250791, 165047183, 2, 3, 148662178, 0
1, 3, 17, 16, 109250791, 165047183, 2, 2, 180932135, 1
1, 3, 17, 16, 109250791, 165047183, 2, 1, 203343576, 1
1, 3, 17, 16, 109250791, 165047183, 2, 0, 229101214, 0
1, 3, 17, 16, 109250791, 165047183, 1, 3, 187467043, 0
1, 3, 17, 16, 109250791, 165047183, 1, 2, 243671173, 1
1, 3, 17, 16, 109250791, 165047183, 1, 1, 262538889, 1
1, 3, 17, 16, 109250791, 165047183, 1, 0, 229101214, 0
1, 3, 17, 16, 109250791, 165047183, 0, 3, 184038622, 1
1, 3, 17, 16, 109250791, 165047183, 0, 2, 229101214, 1
1, 3, 17, 16, 109250791, 165047183, 0, 1, 229101214, 1
1, 4, 17, 16, 165047184, 208875030, 2, 3, 1, 1
1, 4, 17, 16, 165047184, 208875030, 2, 2, 1, 1
1, 4, 17, 16, 165047184, 208875030, 2, 1, 1, 1
1, 4, 17, 16, 165047184, 208875030, 2, 0, 1, 0
1, 4, 17, 16, 165047184, 208875030, 1, 3, 1, 1
1, 4, 17, 16, 165047184, 208875030, 1, 2, 1, 1
1, 4, 17, 16, 165047184, 208875030, 1, 1, 1, 1
1, 4, 17, 16, 165047184, 208875030, 1, 0, 1, 0
1, 4, 17, 16, 165047184, 208875030, 0, 3, 1, 1
1, 4, 17, 16, 165047184, 208875030, 0, 2, 1, 1
1, 4, 17, 16, 165047184, 208875030, 0, 1, 1, 1
1, 5, 17, 16, 208875031, 282835522, 2, 3, 1, 1
1, 5, 17, 16, 208875031, 282835522, 2, 2, 1, 1
1, 5, 17, 16, 208875031, 282835522, 2, 1, 1, 1
1, 5, 17, 16, 208875031, 282835522, 2, 0, 1, 0
1, 5, 17, 16, 208875031, 282835522, 1, 3, 1, 1
1, 5, 17, 16, 208875031, 282835522, 1, 2, 1, 1
1, 5, 17, 16, 208875031, 282835522, 1, 1, 1, 1
1, 5, 17, 16, 208875031, 282835522, 1, 0, 1, 0
1, 5, 17, 16, 208875031, 282835522, 0, 3, 1, 1
1, 5, 17, 16, 208875031, 282835522, 0, 2, 1, 1
1, 5, 17, 16, 208875031, 282835522, 0, 1, 1, 1
1, 6, 17, 16, 282835523, 329624471, 2, 3, 1487362, 1
1, 6, 17, 16, 282835523, 329624471, 2, 2, 2045122, 1
1, 6, 17, 16, 282835523, 329624471, 2, 1, 1, 1
1, 6, 17, 16, 282835523, 329624471, 2, 0, 1, 0
1, 6, 17, 16, 282835523, 329624471, 1, 3, 2337282, 1
1, 6, 17, 16, 282835523, 329624471, 1, 2, 3272195, 1
1, 6, 17, 16, 282835523, 329624471, 1, 1, 1, 1
1, 6, 17, 16, 282835523, 329624471, 1, 0, 1, 0
1, 6, 17, 16, 282835523, 329624471, 0, 3, 5453658, 1
1, 6, 17, 16, 282835523, 329624471, 0, 2, 8180486, 1
1, 6, 17, 16, 282835523, 329624471, 0, 1, 1, 1
1, 7, 17, 16, 329624472, 363280303, 2, 3, 3337570, 1
1, 7, 17, 16, 329624472, 363280303, 2, 2, 4589158, 1
1, 7, 17, 16, 329624472, 363280303, 2, 1, 4477052, 1
1, 7, 17, 16, 329624472, 363280303, 2, 0, 1, 0
1, 7, 17, 16, 329624472, 363280303, 1, 3, 3197895, 1
1, 7, 17, 16, 329624472, 363280303, 1, 2, 4477052, 1
1, 7, 17, 16, 329624472, 363280303, 1, 1, 7461753, 1
1, 7, 17, 16, 329624472, 363280303, 1, 0, 1, 0
1, 7, 17, 16, 329624472, 363280303, 0, 3, 1, 1
1, 7, 17, 16, 329624472, 363280303, 0, 2, 1, 1
1, 7, 17, 16, 329624472, 363280303, 0, 1, 1, 1
1, 8, 17, 16, 363280304, 424892365, 2, 3, 4569164, 1
1, 8, 17, 16, 363280304, 424892365, 2, 2, 6282601, 1
1, 8, 17, 16, 363280304, 424892365, 2, 1, 1, 1
1, 8, 17, 16, 363280304, 424892365, 2, 0, 1, 0
1, 8, 17, 16, 363280304, 424892365, 1, 3, 7180115, 1
1, 8, 17, 16, 363280304, 424892365, 1, 2, 10052161, 1
1, 8, 17, 16, 363280304, 424892365, 1, 1, 1, 1
1, 8, 17, 16, 363280304, 424892365, 1, 0, 1, 0
1, 8, 17, 16, 363280304, 424892365, 0, 3, 16753601, 1
1, 8, 17, 16, 363280304, 424892365, 0, 2, 25130401, 1
1, 8, 17, 16, 363280304, 424892365, 0, 1, 1, 1
1, 9, 17, 16, 424892366, 440941812, 2, 3, 5529549, 0
1, 9, 17, 16, 424892366, 440941812, 2, 2, 7603130, 0
1, 9, 17, 16, 424892366, 440941812, 2, 1, 12165008, 0
1, 9, 17, 16, 424892366, 440941812, 2, 0, 23574869, 0
1, 9, 17, 16, 424892366, 440941812, 1, 3, 6735677, 0
1, 9, 17, 16, 424892366, 440941812, 1, 2, 9429948, 0
1, 9, 17, 16, 424892366, 440941812, 1, 1, 15716579, 0
1, 9, 17, 16, 424892366, 440941812, 1, 0, 47149737, 0
1, 9, 17, 16, 424892366, 440941812, 0, 3, 1, 1
1, 9, 17, 16, 424892366, 440941812, 0, 2, 1, 1
1, 9, 17, 16, 424892366, 440941812, 0, 1, 1, 1
1, 10, 17, 16, 440941813, 515268979, 2, 3, 2644232, 1
1, 10, 17, 16, 440941813, 515268979, 2, 2, 3635819, 1
1, 10, 17, 16, 440941813, 515268979, 2, 1, 1, 1
1, 10, 17, 16, 440941813, 515268979, 2, 0, 1, 0
1, 10, 17, 16, 440941813, 515268979, 1, 3, 4155221, 1
1, 10, 17, 16, 440941813, 515268979, 1, 2, 5817310, 1
1, 10, 17, 16, 440941813, 515268979, 1, 1, 1, 1
1, 10, 17, 16, 440941813, 515268979, 1, 0, 1, 0
1, 10, 17, 16, 440941813, 515268979, 0, 3, 9695516, 1
1, 10, 17, 16, 440941813, 515268979, 0, 2, 14543273, 1
1, 10, 17, 16, 440941813, 515268979, 0, 1, 1, 1
1, 11, 17, 16, 515268980, 527655968, 2, 3, 6139559, 0
1, 11, 17, 16, 515268980, 527655968, 2, 2, 8441894, 0
1, 11, 17, 16, 515268980, 527655968, 2, 1, 13507030, 1
1, 11, 17, 16, 515268980, 527655968, 2, 0, 18919331, 0
1, 11, 17, 16, 515268980, 527655968, 1, 3, 9647879, 0
1, 11, 17, 16, 515268980, 527655968, 1, 2, 13507030, 0
1, 11, 17, 16, 515268980, 527655968, 1, 1, 22511716, 0
1, 11, 17, 16, 515268980, 527655968, 1, 0, 37838661, 0
1, 11, 17, 16, 515268980, 527655968, 0, 3, 9898830, 1
1, 11, 17, 16, 515268980, 527655968, 0, 2, 14848244, 1
1, 11, 17, 16, 515268980, 527655968, 0, 1, 29696488, 1
1, 12, 17, 16, 527655969, 635930888, 2, 3, 4960882, 0
1, 12, 17, 16, 527655969, 635930888, 2, 2, 6821212, 0
1, 12, 17, 16, 527655969, 635930888, 2, 1, 6548364, 0
1, 12, 17, 16, 527655969, 635930888, 2, 0, 5456970, 0
1, 12, 17, 16, 527655969, 635930888, 1, 3, 3118269, 1
1, 12, 17, 16, 527655969, 635930888, 1, 2, 4365576, 1
1, 12, 17, 16, 527655969, 635930888, 1, 1, 3637980, 1
1, 12, 17, 16, 527655969, 635930888, 1, 0, 1, 0
1, 12, 17, 16, 527655969, 635930888, 0, 3, 1, 1
1, 12, 17, 16, 527655969, 635930888, 0, 2, 1, 1
1, 12, 17, 16, 527655969, 635930888, 0, 1, 1, 1
1, 13, 17, 16, 635930889, 694024487, 2, 3, 1, 1
1, 13, 17, 16, 635930889, 694024487, 2, 2, 1, 1
1, 13, 17, 16, 635930889, 694024487, 2, 1, 1, 1
1, 13, 17, 16, 635930889, 694024487, 2, 0, 1, 0
1, 13, 17, 16, 635930889, 694024487, 1, 3, 1, 1
1, 13, 17, 16, 635930889, 694024487, 1, 2, 1, 1
1, 13, 17, 16, 635930889, 694024487, 1, 1, 1, 1
1, 13, 17, 16, 635930889, 694024487, 1, 0, 1, 0
1, 13, 17, 16, 635930889, 694024487, 0, 3, 1, 1
1, 13, 17, 16, 635930889, 694024487, 0, 2, 1, 1
1, 13, 17, 16, 635930889, 694024487, 0, 1, 1, 1
1, 14, 17, 16, 694024488, 708203813, 2, 3, 4408384, 0
1, 14, 17, 16, 694024488, 708203813, 2, 2, 2686109, 0
1, 14, 17, 16, 694024488, 708203813, 2, 1, 4297773, 0
1, 14, 17, 16, 694024488, 708203813, 2, 0, 4218668, 0
1, 14, 17, 16, 694024488, 708203813, 1, 3, 3069838, 0
1, 14, 17, 16, 694024488, 708203813, 1, 2, 4297773, 0
1, 14, 17, 16, 694024488, 708203813, 1, 1, 7162955, 0
1, 14, 17, 16, 694024488, 708203813, 1, 0, 8437335, 0
1, 14, 17, 16, 694024488, 708203813, 0, 3, 1, 1
1, 14, 17, 16, 694024488, 708203813, 0, 2, 1, 1
1, 14, 17, 16, 694024488, 708203813, 0, 1, 1, 1
1, 15, 17, 16, 708203814, 801483533, 2, 3, 1, 1
1, 15, 17, 16, 708203814, 801483533, 2, 2, 1, 1
1, 15, 17, 16, 708203814, 801483533, 2, 1, 1, 1
1, 15, 17, 16, 708203814, 801483533, 2, 0, 1, 0
1, 15, 17, 16, 708203814, 801483533, 1, 3, 1, 1
1, 15, 17, 16, 708203814, 801483533, 1, 2, 1, 1
1, 15, 17, 16, 708203814, 801483533, 1, 1, 1, 1
1, 15, 17, 16, 708203814, 801483533, 1, 0, 1, 0
1, 15, 17, 16, 708203814, 801483533, 0, 3, 1, 1
1, 15, 17, 16, 708203814, 801483533, 0, 2, 1, 1
1, 15, 17, 16, 708203814, 801483533, 0, 1, 1, 1
1, 16, 17, 16, 801483534, 890391232, 2, 3, 22591710, 0
1, 16, 17, 16, 801483534, 890391232, 2, 2, 31063601, 0
1, 16, 17, 16, 801483534, 890391232, 2, 1, 49701761, 0
1, 16, 17, 16, 801483534, 890391232, 2, 0, 98579820, 0
1, 16, 17, 16, 801483534, 890391232, 1, 3, 7335595, 1
1, 16, 17, 16, 801483534, 890391232, 1, 2, 10269833, 1
1, 16, 17, 16, 801483534, 890391232, 1, 1, 17116389, 1
1, 16, 17, 16, 801483534, 890391232, 1, 0, 1, 0
1, 16, 17, 16, 801483534, 890391232, 0, 3, 17116389, 1
1, 16, 17, 16, 801483534, 890391232, 0, 2, 25674583, 1
1, 16, 17, 16, 801483534, 890391232, 0, 1, 51349165, 1
1, 17, 17, 16, 890391233, 1017693659, 2, 3, 13233239, 0
1, 17, 17, 16, 890391233, 1017693659, 2, 2, 12443718, 0
1, 17, 17, 16, 890391233, 1017693659, 2, 1, 9954974, 0
1, 17, 17, 16, 890391233, 1017693659, 2, 0, 24887435, 0
1, 17, 17, 16, 890391233, 1017693659, 1, 3, 11795693, 1
1, 17, 17, 16, 890391233, 1017693659, 1, 2, 9954974, 1
1, 17, 17, 16, 890391233, 1017693659, 1, 1, 1, 1
1, 17, 17, 16, 890391233, 1017693659, 1, 0, 1, 0
1, 17, 17, 16, 890391233, 1017693659, 0, 3, 1, 1
1, 17, 17, 16, 890391233, 1017693659, 0, 2, 1, 1
1, 17, 17, 16, 890391233, 1017693659, 0, 1, 1, 1
1, 18, 17, 16, 1017693660, 1110712773, 2, 3, 1, 1
1, 18, 17, 16, 1017693660, 1110712773, 2, 2, 1, 1
1, 18, 17, 16, 1017693660, 1110712773, 2, 1, 1, 1
1, 18, 17, 16, 1017693660, 1110712773, 2, 0, 1, 0
1, 18, 17, 16, 1017693660, 1110712773, 1, 3, 1, 1
1, 18, 17, 16, 1017693660, 1110712773, 1, 2, 1, 1
1, 18, 17, 16, 1017693660, 1110712773, 1, 1, 1, 1
1, 18, 17, 16, 1017693660, 1110712773, 1, 0, 1, 0
1, 18, 17, 16, 1017693660, 1110712773, 0, 3, 1, 1
1, 18, 17, 16, 1017693660, 1110712773, 0, 2, 1, 1
1, 18, 17, 16, 1017693660, 1110712773, 0, 1, 1, 1
1, 19, 17, 16, 1110712774, 1179480004, 2, 3, 1, 1
1, 19, 17, 16, 1110712774, 1179480004, 2, 2, 1, 1
1, 19, 17, 16, 1110712774, 1179480004, 2, 1, 1, 1
1, 19, 17, 16, 1110712774, 1179480004, 2, 0, 1, 0
1, 19, 17, 16, 1110712774, 1179480004, 1, 3, 1, 1
1, 19, 17, 16, 1110712774, 1179480004, 1, 2, 1, 1
1, 19, 17, 16, 1110712774, 1179480004, 1, 1, 1, 1
1, 19, 17, 16, 1110712774, 1179480004, 1, 0, 1, 0
1, 19, 17, 16, 1110712774, 1179480004, 0, 3, 1, 1
1, 19, 17, 16, 1110712774, 1179480004, 0, 2, 1, 1
1, 19, 17, 16, 1110712774, 1179480004, 0, 1, 1, 1
1, 20, 17, 16, 1179480005, 1198265997, 2, 3, 1, 1
1, 20, 17, 16, 1179480005, 1198265997, 2, 2, 1, 1
1, 20, 17, 16, 1179480005, 1198265997, 2, 1, 1, 1
1, 20, 17, 16, 1179480005, 1198265997, 2, 0, 1, 0
1, 20, 17, 16, 1179480005, 1198265997, 1, 3, 1, 1
1, 20, 17, 16, 1179480005, 1198265997, 1, 2, 1, 1
1, 20, 17, 16, 1179480005, 1198265997, 1, 1, 1, 1
1, 20, 17, 16, 1179480005, 1198265997, 1, 0, 1, 0
1, 20, 17, 16, 1179480005, 1198265997, 0, 3, 1, 1
1, 20, 17, 16, 1179480005, 1198265997, 0, 2, 1, 1
1, 20, 17, 16, 1179480005, 1198265997, 0, 1, 1, 1
1, 21, 17, 16, 1198265998, 1267505821, 2, 3, 1, 1
1, 21, 17, 16, 1198265998, 1267505821, 2, 2, 1, 1
1, 21, 17, 16, 1198265998, 1267505821, 2, 1, 1, 1
1, 21, 17, 16, 1198265998, 1267505821, 2, 0, 1, 0
1, 21, 17, 16, 1198265998, 1267505821, 1, 3, 1, 1
1, 21, 17, 16, 1198265998, 1267505821, 1, 2, 1, 1
1, 21, 17, 16, 1198265998, 1267505821, 1, 1, 1, 1
1, 21, 17, 16, 1198265998, 1267505821, 1, 0, 1, 0
1, 21, 17, 16, 1198265998, 1267505821, 0, 3, 1, 1
1, 21, 17, 16, 1198265998, 1267505821, 0, 2, 1, 1
1, 21, 17, 16, 1198265998, 1267505821, 0, 1, 1, 1
1, 22, 17, 16, 1267505822, 1281112327, 2, 3, 5127822, 1
1, 22, 17, 16, 1267505822, 1281112327, 2, 2, 7050756, 1
1, 22, 17, 16, 1267505822, 1281112327, 2, 1, 11281209, 1
1, 22, 17, 16, 1267505822, 1281112327, 2, 0, 1, 0
1, 22, 17, 16, 1267505822, 1281112327, 1, 3, 1, 1
1, 22, 17, 16, 1267505822, 1281112327, 1, 2, 1, 1
1, 22, 17, 16, 1267505822, 1281112327, 1, 1, 1, 1
1, 22, 17, 16, 1267505822, 1281112327, 1, 0, 1, 0
1, 22, 17, 16, 1267505822, 1281112327, 0, 3, 1, 1
1, 22, 17, 16, 1267505822, 1281112327, 0, 2, 1, 1
1, 22, 17, 16, 1267505822, 1281112327, 0, 1, 1, 1
1, 23, 17, 16, 1281112328, 1341158797, 2, 3, 1, 1
1, 23, 17, 16, 1281112328, 1341158797, 2, 2, 1, 1
1, 23, 17, 16, 1281112328, 1341158797, 2, 1, 1, 1
1, 23, 17, 16, 1281112328, 1341158797, 2, 0, 1, 0
1, 23, 17, 16, 1281112328, 1341158797, 1, 3, 1, 1
1, 23, 17, 16, 1281112328, 1341158797, 1, 2, 1, 1
1, 23, 17, 16, 1281112328, 1341158797, 1, 1, 1, 1
1, 23, 17, 16, 1281112328, 1341158797, 1, 0, 1, 0
1, 23, 17, 16, 1281112328, 1341158797, 0, 3, 1, 1
1, 23, 17, 16, 1281112328, 1341158797, 0, 2, 1, 1
1, 23, 17, 16, 1281112328, 1341158797, 0, 1, 1, 1
1, 24, 17, 16, 1341158798, 1368638172, 2, 3, 1, 1
1, 24, 17, 16, 1341158798, 1368638172, 2, 2, 1, 1
1, 24, 17, 16, 1341158798, 1368638172, 2, 1, 1, 1
1, 24, 17, 16, 1341158798, 1368638172, 2, 0, 1, 0
1, 24, 17, 16, 1341158798, 1368638172, 1, 3, 1, 1
1, 24, 17, 16, 1341158798, 1368638172, 1, 2, 1, 1
1, 24, 17, 16, 1341158798, 1368638172, 1, 1, 1, 1
1, 24, 17, 16, 1341158798, 1368638172, 1, 0, 1, 0
1, 24, 17, 16, 1341158798, 1368638172, 0, 3, 1, 1
1, 24, 17, 16, 1341158798, 1368638172, 0, 2, 1, 1
1, 24, 17, 16, 1341158798, 1368638172, 0, 1, 1, 1
1, 25, 17, 16, 1368638173, 1407878712, 2, 3, 1, 1
1, 25, 17, 16, 1368638173, 1407878712, 2, 2, 1, 1
1, 25, 17, 16, 1368638173, 1407878712, 2, 1, 1, 1
1, 25, 17, 16, 1368638173, 1407878712, 2, 0, 1, 0
1, 25, 17, 16, 1368638173, 1407878712, 1, 3, 1, 1
1, 25, 17, 16, 1368638173, 1407878712, 1, 2, 1, 1
1, 25, 17, 16, 1368638173, 1407878712, 1, 1, 1, 1
1, 25, 17, 16, 1368638173, 1407878712, 1, 0, 1, 0
1, 25, 17, 16, 1368638173, 1407878712, 0, 3, 1, 1
1, 25, 17, 16, 1368638173, 1407878712, 0, 2, 1, 1
1, 25, 17, 16, 1368638173, 1407878712, 0, 1, 1, 1
1, 26, 17, 16, 1407878713, 1493140403, 2, 3, 1, 1
1, 26, 17, 16, 1407878713, 1493140403, 2, 2, 1, 1
1, 26, 17, 16, 1407878713, 1493140403, 2, 1, 1, 1
1, 26, 17, 16, 1407878713, 1493140403, 2, 0, 1, 0
1, 26, 17, 16, 1407878713, 1493140403, 1, 3, 1, 1
1, 26, 17, 16, 1407878713, 1493140403, 1, 2, 1, 1
1, 26, 17, 16, 1407878713, 1493140403, 1, 1, 1, 1
1, 26, 17, 16, 1407878713, 1493140403, 1, 0, 1, 0
1, 26, 17, 16, 1407878713, 1493140403, 0, 3, 1, 1
1, 26, 17, 16, 1407878713, 1493140403, 0, 2, 1, 1
1, 26, 17, 16, 1407878713, 1493140403, 0, 1, 1, 1
1, 27, 17, 16, 1493140404, 1584427212, 2, 3, 12697702, 1
1, 27, 17, 16, 1493140404, 1584427212, 2, 2, 17459340, 1
1, 27, 17, 16, 1493140404, 1584427212, 2, 1, 5092689, 0
1, 27, 17, 16, 1493140404, 1584427212, 2, 0, 12731721, 0
1, 27, 17, 16, 1493140404, 1584427212, 1, 3, 12678263, 1
1, 27, 17, 16, 1493140404, 1584427212, 1, 2, 17749568, 1
1, 27, 17, 16, 1493140404, 1584427212, 1, 1, 1, 1
1, 27, 17, 16, 1493140404, 1584427212, 1, 0, 1, 0
1, 27, 17, 16, 1493140404, 1584427212, 0, 3, 21094799, 1
1, 27, 17, 16, 1493140404, 1584427212, 0, 2, 31642199, 1
1, 27, 17, 16, 1493140404, 1584427212, 0, 1, 1, 1
1, 28, 17, 16, 1584427213, 1666531312, 2, 3, 53224554, 1
1, 28, 17, 16, 1584427213, 1666531312, 2, 2, 42938270, 1
1, 28, 17, 16, 1584427213, 1666531312, 2, 1, 9174478, 1
1, 28, 17, 16, 1584427213, 1666531312, 2, 0, 1083742, 0
1, 28, 17, 16, 1584427213, 1666531312, 1, 3, 83328944, 1
1, 28, 17, 16, 1584427213, 1666531312, 1, 2, 68267735, 1
1, 28, 17, 16, 1584427213, 1666531312, 1, 1, 14568302, 1
1, 28, 17, 16, 1584427213, 1666531312, 1, 0, 1, 0
1, 28, 17, 16, 1584427213, 1666531312, 0, 3, 193711707, 1
1, 28, 17, 16, 1584427213, 1666531312, 0, 2, 169585597, 1
1, 28, 17, 16, 1584427213, 1666531312, 0, 1, 43704905, 1
1, 29, 17, 16, 1666531313, 1755501632, 2, 3, 6721675, 0
1, 29, 17, 16, 1666531313, 1755501632, 2, 2, 9242303, 0
1, 29, 17, 16, 1666531313, 1755501632, 2, 1, 3428638, 0
1, 29, 17, 16, 1666531313, 1755501632, 2, 0, 8571593, 0
1, 29, 17, 16, 1666531313, 1755501632, 1, 3, 8113606, 1
1, 29, 17, 16, 1666531313, 1755501632, 1, 2, 11359048, 1
1, 29, 17, 16, 1666531313, 1755501632, 1, 1, 1, 1
1, 29, 17, 16, 1666531313, 1755501632, 1, 0, 1, 0
1, 29, 17, 16, 1666531313, 1755501632, 0, 3, 1, 1
1, 29, 17, 16, 1666531313, 1755501632, 0, 2, 1, 1
1, 29, 17, 16, 1666531313, 1755501632, 0, 1, 1, 1
1, 30, 17, 16, 1755501633, 1839246456, 2, 3, 1, 1
1, 30, 17, 16, 1755501633, 1839246456, 2, 2, 1, 1
1, 30, 17, 16, 1755501633, 1839246456, 2, 1, 1, 1
1, 30, 17, 16, 1755501633, 1839246456, 2, 0, 1, 0
1, 30, 17, 16, 1755501633, 1839246456, 1, 3, 1, 1
1, 30, 17, 16, 1755501633, 1839246456, 1, 2, 1, 1
1, 30, 17, 16, 1755501633, 1839246456, 1, 1, 1, 1
1, 30, 17, 16, 1755501633, 1839246456, 1, 0, 1, 0
1, 30, 17, 16, 1755501633, 1839246456, 0, 3, 1, 1
1, 30, 17, 16, 1755501633, 1839246456, 0, 2, 1, 1
1, 30, 17, 16, 1755501633, 1839246456, 0, 1, 1, 1
1, 31, 17, 16, 1839246457, 1904719403, 2, 3, 1, 1
1, 31, 17, 16, 1839246457, 1904719403, 2, 2, 1, 1
1, 31, 17, 16, 1839246457, 1904719403, 2, 1, 1, 1
1, 31, 17, 16, 1839246457, 1904719403, 2, 0, 1, 0
1, 31, 17, 16, 1839246457, 1904719403, 1, 3, 1, 1
1, 31, 17, 16, 1839246457, 1904719403, 1, 2, 1, 1
1, 31, 17, 16, 1839246457, 1904719403, 1, 1, 1, 1
1, 31, 17, 16, 1839246457, 1904719403, 1, 0, 1, 0
1, 31, 17, 16, 1839246457, 1904719403, 0, 3, 1, 1
1, 31, 17, 16, 1839246457, 1904719403, 0, 2, 1, 1
1, 31, 17, 16, 1839246457, 1904719403, 0, 1, 1, 1
1, 32, 17, 16, 1904719404, 1917416689, 2, 3, 1, 1
1, 32, 17, 16, 1904719404, 1917416689, 2, 2, 1, 1
1, 32, 17, 16, 1904719404, 1917416689, 2, 1, 1, 1
1, 32, 17, 16, 1904719404, 1917416689, 2, 0, 1, 0
1, 32, 17, 16, 1904719404, 1917416689, 1, 3, 1, 1
1, 32, 17, 16, 1904719404, 1917416689, 1, 2, 1, 1
1, 32, 17, 16, 1904719404, 1917416689, 1, 1, 1, 1
1, 32, 17, 16, 1904719404, 1917416689, 1, 0, 1, 0
1, 32, 17, 16, 1904719404, 1917416689, 0, 3, 1, 1
1, 32, 17, 16, 1904719404, 1917416689, 0, 2, 1, 1
1, 32, 17, 16, 1904719404, 1917416689, 0, 1, 1, 1
1, 33, 17, 16, 1917416690, 2046265294, 2, 3, 65003985, 0
1, 33, 17, 16, 1917416690, 2046265294, 2, 2, 67237604, 1
1, 33, 17, 16, 1917416690, 2046265294, 2, 1, 84494114, 1
1, 33, 17, 16, 1917416690, 2046265294, 2, 0, 57715130, 0
1, 33, 17, 16, 1917416690, 2046265294, 1, 3, 72207684, 0
1, 33, 17, 16, 1917416690, 2046265294, 1, 2, 83376457, 0
1, 33, 17, 16, 1917416690, 2046265294, 1, 1, 100484009, 1
1, 33, 17, 16, 1917416690, 2046265294, 1, 0, 115430259, 0
1, 33, 17, 16, 1917416690, 2046265294, 0, 3, 38476753, 1
1, 33, 17, 16, 1917416690, 2046265294, 0, 2, 57715130, 1
1, 33, 17, 16, 1917416690, 2046265294, 0, 1, 115430259, 1
1, 34, 17, 16, 2046265295, 2112429833, 2, 3, 286604696, 1
1, 34, 17, 16, 2046265295, 2112429833, 2, 2, 274511041, 1
1, 34, 17, 16, 2046265295, 2112429833, 2, 1, 314372931, 1
1, 34, 17, 16, 2046265295, 2112429833, 2, 0, 153278972, 0
1, 34, 17, 16, 2046265295, 2112429833, 1, 3, 361034181, 1
1, 34, 17, 16, 2046265295, 2112429833, 1, 2, 377906076, 1
1, 34, 17, 16, 2046265295, 2112429833, 1, 1, 421768904, 1
1, 34, 17, 16, 2046265295, 2112429833, 1, 0, 306557944, 0
1, 34, 17, 16, 2046265295, 2112429833, 0, 3, 314359370, 1
1, 34, 17, 16, 2046265295, 2112429833, 0, 2, 312111834, 1
1, 34, 17, 16, 2046265295, 2112429833, 0, 1, 317665724, 1
1, 35, 17, 16, 2112429834, 2123080917, 2, 3, 1, 1
1, 35, 17, 16, 2112429834, 2123080917, 2, 2, 1, 1
1, 35, 17, 16, 2112429834, 2123080917, 2, 1, 1, 1
1, 35, 17, 16, 2112429834, 2123080917, 2, 0, 1, 0
1, 35, 17, 16, 2112429834, 2123080917, 1, 3, 1, 1
1, 35, 17, 16, 2112429834, 2123080917, 1, 2, 1, 1
1, 35, 17, 16, 2112429834, 2123080917, 1, 1, 1, 1
1, 35, 17, 16, 2112429834, 2123080917, 1, 0, 1, 0
1, 35, 17, 16, 2112429834, 2123080917, 0, 3, 1, 1
1, 35, 17, 16, 2112429834, 2123080917, 0, 2, 1, 1
1, 35, 17, 16, 2112429834, 2123080917, 0, 1, 1, 1
1, 36, 17, 16, 2123080918, 2192904617, 2, 3, 452839043, 1
1, 36, 17, 16, 2123080918, 2192904617, 2, 2, 410930167, 1
1, 36, 17, 16, 2123080918, 2192904617, 2, 1, 393115127, 1
1, 36, 17, 16, 2123080918, 2192904617, 2, 0, 378032364, 0
1, 36, 17, 16, 2123080918, 2192904617, 1, 3, 489372418, 1
1, 36, 17, 16, 2123080918, 2192904617, 1, 2, 460136487, 1
1, 36, 17, 16, 2123080918, 2192904617, 1, 1, 403170302, 1
1, 36, 17, 16, 2123080918, 2192904617, 1, 0, 556567148, 0
1, 36, 17, 16, 2123080918, 2192904617, 0, 3, 558532181, 1
1, 36, 17, 16, 2123080918, 2192904617, 0, 2, 556567148, 1
1, 36, 17, 16, 2123080918, 2192904617, 0, 1, 556567148, 1
1, 37, 17, 16, 2192904618, 2212167430, 2, 3, 1, 1
1, 37, 17, 16, 2192904618, 2212167430, 2, 2, 1, 1
1, 37, 17, 16, 2192904618, 2212167430, 2, 1, 1, 1
1, 37, 17, 16, 2192904618, 2212167430, 2, 0, 1, 0
1, 37, 17, 16, 2192904618, 2212167430, 1, 3, 1, 1
1, 37, 17, 16, 2192904618, 2212167430, 1, 2, 1, 1
1, 37, 17, 16, 2192904618, 2212167430, 1, 1, 1, 1
1, 37, 17, 16, 2192904618, 2212167430, 1, 0, 1, 0
1, 37, 17, 16, 2192904618, 2212167430, 0, 3, 1, 1
1, 37, 17, 16, 2192904618, 2212167430, 0, 2, 1, 1
1, 37, 17, 16, 2192904618, 2212167430, 0, 1, 1, 1
1, 38, 17, 16, 2212167431, 2272077439, 2, 3, 428547107, 1
1, 38, 17, 16, 2212167431, 2272077439, 2, 2, 394466301, 1
1, 38, 17, 16, 2212167431, 2272077439, 2, 1, 326685461, 1
1, 38, 17, 16, 2212167431, 2272077439, 2, 0, 272455504, 0
1, 38, 17, 16, 2212167431, 2272077439, 1, 3, 379159205, 1
1, 38, 17, 16, 2212167431, 2272077439, 1, 2, 323051184, 1
1, 38, 17, 16, 2212167431, 2272077439, 1, 1, 199418210, 1
1, 38, 17, 16, 2212167431, 2272077439, 1, 0, 19481108, 0
1, 38, 17, 16, 2212167431, 2272077439, 0, 3, 523429686, 1
1, 38, 17, 16, 2212167431, 2272077439, 0, 2, 525429900, 1
1, 38, 17, 16, 2212167431, 2272077439, 0, 1, 525429900, 1
1, 39, 17, 16, 2272077440, 2283236275, 2, 3, 1, 1
1, 39, 17, 16, 2272077440, 2283236275, 2, 2, 1, 1
1, 39, 17, 16, 2272077440, 2283236275, 2, 1, 1, 1
1, 39, 17, 16, 2272077440, 2283236275, 2, 0, 1, 0
1, 39, 17, 16, 2272077440, 2283236275, 1, 3, 1, 1
1, 39, 17, 16, 2272077440, 2283236275, 1, 2, 1, 1
1, 39, 17, 16, 2272077440, 2283236275, 1, 1, 1, 1
1, 39, 17, 16, 2272077440, 2283236275, 1, 0, 1, 0
1, 39, 17, 16, 2272077440, 2283236275, 0, 3, 1, 1
1, 39, 17, 16, 2272077440, 2283236275, 0, 2, 1, 1
1, 39, 17, 16, 2272077440, 2283236275, 0, 1, 1, 1
1, 40, 17, 16, 2283236276, 2352555685, 2, 3, 364941275, 1
1, 40, 17, 16, 2283236276, 2352555685, 2, 2, 337162232, 1
1, 40, 17, 16, 2283236276, 2352555685, 2, 1, 268963217, 1
1, 40, 17, 16, 2283236276, 2352555685, 2, 0, 224136014, 0
1, 40, 17, 16, 2283236276, 2352555685, 1, 3, 319152894, 1
1, 40, 17, 16, 2283236276, 2352555685, 1, 2, 270496355, 1
1, 40, 17, 16, 2283236276, 2352555685, 1, 1, 149424010, 1
1, 40, 17, 16, 2283236276, 2352555685, 1, 0, 1, 0
1, 40, 17, 16, 2283236276, 2352555685, 0, 3, 446559145, 1
1, 40, 17, 16, 2283236276, 2352555685, 0, 2, 452104874, 1
1, 40, 17, 16, 2283236276, 2352555685, 0, 1, 448272028, 1
1, 41, 17, 16, 2352555686, 2367595186, 2, 3, 1, 1
1, 41, 17, 16, 2352555686, 2367595186, 2, 2, 1, 1
1, 41, 17, 16, 2352555686, 2367595186, 2, 1, 1, 1
1, 41, 17, 16, 2352555686, 2367595186, 2, 0, 1, 0
1, 41, 17, 16, 2352555686, 2367595186, 1, 3, 1, 1
1, 41, 17, 16, 2352555686, 2367595186, 1, 2, 1, 1
1, 41, 17, 16, 2352555686, 2367595186, 1, 1, 1, 1
1, 41, 17, 16, 2352555686, 2367595186, 1, 0, 1, 0
1, 41, 17, 16, 2352555686, 2367595186, 0, 3, 1, 1
1, 41, 17, 16, 2352555686, 2367595186, 0, 2, 1, 1
1, 41, 17, 16, 2352555686, 2367595186, 0, 1, 1, 1
1, 42, 17, 16, 2367595187, 2433376568, 2, 3, 373775697, 1
1, 42, 17, 16, 2367595187, 2433376568, 2, 2, 359785197, 1
1, 42, 17, 16, 2367595187, 2433376568, 2, 1, 325018532, 1
1, 42, 17, 16, 2367595187, 2433376568, 2, 0, 212930843, 0
1, 42, 17, 16, 2367595187, 2433376568, 1, 3, 349326629, 1
1, 42, 17, 16, 2367595187, 2433376568, 1, 2, 325018532, 1
1, 42, 17, 16, 2367595187, 2433376568, 1, 1, 261855786, 1
1, 42, 17, 16, 2367595187, 2433376568, 1, 0, 1, 0
1, 42, 17, 16, 2367595187, 2433376568, 0, 3, 415553899, 1
1, 42, 17, 16, 2367595187, 2433376568, 0, 2, 419762651, 1
1, 42, 17, 16, 2367595187, 2433376568, 0, 1, 425861686, 1
1, 43, 17, 16, 2433376569, 2443308360, 2, 3, 1, 1
1, 43, 17, 16, 2433376569, 2443308360, 2, 2, 1, 1
1, 43, 17, 16, 2433376569, 2443308360, 2, 1, 1, 1
1, 43, 17, 16, 2433376569, 2443308360, 2, 0, 1, 0
1, 43, 17, 16, 2433376569, 2443308360, 1, 3, 1, 1
1, 43, 17, 16, 2433376569, 2443308360, 1, 2, 1, 1
1, 43, 17, 16, 2433376569, 2443308360, 1, 1, 1, 1
1, 43, 17, 16, 2433376569, 2443308360, 1, 0, 1, 0
1, 43, 17, 16, 2433376569, 2443308360, 0, 3, 1, 1
1, 43, 17, 16, 2433376569, 2443308360, 0, 2, 1, 1
1, 43, 17, 16, 2433376569, 2443308360, 0, 1, 1, 1
1, 44, 17, 16, 2443308361, 2529217234, 2, 3, 2202489, 1
1, 44, 17, 16, 2443308361, 2529217234, 2, 2, 2883243, 1
1, 44, 17, 16, 2443308361, 2529217234, 2, 1, 1537730, 1
1, 44, 17, 16, 2443308361, 2529217234, 2, 0, 1, 0
1, 44, 17, 16, 2443308361, 2529217234, 1, 3, 3461053, 1
1, 44, 17, 16, 2443308361, 2529217234, 1, 2, 4613189, 1
1, 44, 17, 16, 2443308361, 2529217234, 1, 1, 2562883, 1
1, 44, 17, 16, 2443308361, 2529217234, 1, 0, 1, 0
1, 44, 17, 16, 2443308361, 2529217234, 0, 3, 5512908, 1
1, 44, 17, 16, 2443308361, 2529217234, 0, 2, 7688648, 1
1, 44, 17, 16, 2443308361, 2529217234, 0, 1, 7688648, 1
1, 45, 17, 16, 2529217235, 2737879820, 2, 3, 122431, 1
1, 45, 17, 16, 2529217235, 2737879820, 2, 2, 168342, 1
1, 45, 17, 16, 2529217235, 2737879820, 2, 1, 1, 1
1, 45, 17, 16, 2529217235, 2737879820, 2, 0, 1, 0
1, 45, 17, 16, 2529217235, 2737879820, 1, 3, 1, 1
1, 45, 17, 16, 2529217235, 2737879820, 1, 2, 1, 1
1, 45, 17, 16, 2529217235, 2737879820, 1, 1, 1, 1
1, 45, 17, 16, 2529217235, 2737879820, 1, 0, 1, 0
1, 45, 17, 16, 2529217235, 2737879820, 0, 3, 1, 1
1, 45, 17, 16, 2529217235, 2737879820, 0, 2, 1, 1
1, 45, 17, 16, 2529217235, 2737879820, 0, 1, 1, 1
1, 46, 17, 16, 2737879821, 2810962594, 2, 3, 1, 1
1, 46, 17, 16, 2737879821, 2810962594, 2, 2, 1, 1
1, 46, 17, 16, 2737879821, 2810962594, 2, 1, 1, 1
1, 46, 17, 16, 2737879821, 2810962594, 2, 0, 1, 0
1, 46, 17, 16, 2737879821, 2810962594, 1, 3, 1, 1
1, 46, 17, 16, 2737879821, 2810962594, 1, 2, 1, 1
1, 46, 17, 16, 2737879821, 2810962594, 1, 1, 1, 1
1, 46, 17, 16, 2737879821, 2810962594, 1, 0, 1, 0
1, 46, 17, 16, 2737879821, 2810962594, 0, 3, 1, 1
1, 46, 17, 16, 2737879821, 2810962594, 0, 2, 1, 1
1, 46, 17, 16, 2737879821, 2810962594, 0, 1, 1, 1
1, 47, 17, 16, 2810962595, 3048941413, 2, 3, 1, 1
1, 47, 17, 16, 2810962595, 3048941413, 2, 2, 1, 1
1, 47, 17, 16, 2810962595, 3048941413, 2, 1, 1, 1
1, 47, 17, 16, 2810962595, 3048941413, 2, 0, 1, 0
1, 47, 17, 16, 2810962595, 3048941413, 1, 3, 1, 1
1, 47, 17, 16, 2810962595, 3048941413, 1, 2, 1, 1
1, 47, 17, 16, 2810962595, 3048941413, 1, 1, 1, 1
1, 47, 17, 16, 2810962595, 3048941413, 1, 0, 1, 0
1, 47, 17, 16, 2810962595, 3048941413, 0, 3, 1, 1
1, 47, 17, 16, 2810962595, 3048941413, 0, 2, 1, 1
1, 47, 17, 16, 2810962595, 3048941413, 0, 1, 1, 1
1, 48, 17, 16, 3048941414, 3244110663, 2, 3, 1809394, 1
1, 48, 17, 16, 3048941414, 3244110663, 2, 2, 1, 1
1, 48, 17, 16, 3048941414, 3244110663, 2, 1, 1, 1
1, 48, 17, 16, 3048941414, 3244110663, 2, 0, 1, 0
1, 48, 17, 16, 3048941414, 3244110663, 1, 3, 2843334, 1
1, 48, 17, 16, 3048941414, 3244110663, 1, 2, 1, 1
1, 48, 17, 16, 3048941414, 3244110663, 1, 1, 1, 1
1, 48, 17, 16, 3048941414, 3244110663, 1, 0, 1, 0
1, 48, 17, 16, 3048941414, 3244110663, 0, 3, 634365, 1
1, 48, 17, 16, 3048941414, 3244110663, 0, 2, 1, 1
1, 48, 17, 16, 3048941414, 3244110663, 0, 1, 1, 1
1, 49, 17, 16, 3244110664, 3567033554, 2, 3, 1, 1
1, 49, 17, 16, 3244110664, 3567033554, 2, 2, 1, 1
1, 49, 17, 16, 3244110664, 3567033554, 2, 1, 1, 1
1, 49, 17, 16, 3244110664, 3567033554, 2, 0, 1, 0
1, 49, 17, 16, 3244110664, 3567033554, 1, 3, 1, 1
1, 49, 17, 16, 3244110664, 3567033554, 1, 2, 1, 1
1, 49, 17, 16, 3244110664, 3567033554, 1, 1, 1, 1
1, 49, 17, 16, 3244110664, 3567033554, 1, 0, 1, 0
1, 49, 17, 16, 3244110664, 3567033554, 0, 3, 1, 1
1, 49, 17, 16, 3244110664, 3567033554, 0, 2, 1, 1
1, 49, 17, 16, 3244110664, 3567033554, 0, 1, 1, 1
1, 50, 17, 16, 3567033555, 3788679484, 2, 3, 27265529, 1
1, 50, 17, 16, 3567033555, 3788679484, 2, 2, 37490102, 1
1, 50, 17, 16, 3567033555, 3788679484, 2, 1, 1, 1
1, 50, 17, 16, 3567033555, 3788679484, 2, 0, 1, 0
1, 50, 17, 16, 3567033555, 3788679484, 1, 3, 1, 1
1, 50, 17, 16, 3567033555, 3788679484, 1, 2, 1, 1
1, 50, 17, 16, 3567033555, 3788679484, 1, 1, 1, 1
1, 50, 17, 16, 3567033555, 3788679484, 1, 0, 1, 0
1, 50, 17, 16, 3567033555, 3788679484, 0, 3, 1, 1
1, 50, 17, 16, 3567033555, 3788679484, 0, 2, 1, 1
1, 50, 17, 16, 3567033555, 3788679484, 0, 1, 1, 1
1, 51, 17, 16, 3788679485, 3813350633, 2, 3, 74333197, 1
1, 51, 17, 16, 3788679485, 3813350633, 2, 2, 53804763, 0
1, 51, 17, 16, 3788679485, 3813350633, 2, 1, 37536948, 0
1, 51, 17, 16, 3788679485, 3813350633, 2, 0, 79219555, 0
1, 51, 17, 16, 3788679485, 3813350633, 1, 3, 59907371, 1
1, 51, 17, 16, 3788679485, 3813350633, 1, 2, 52501498, 0
1, 51, 17, 16, 3788679485, 3813350633, 1, 1, 36155061, 0
1, 51, 17, 16, 3788679485, 3813350633, 1, 0, 79219555, 0
1, 51, 17, 16, 3788679485, 3813350633, 0, 3, 81851723, 1
1, 51, 17, 16, 3788679485, 3813350633, 0, 2, 44355531, 1
1, 51, 17, 16, 3788679485, 3813350633, 0, 1, 1, 1
1, 52, 17, 16, 3813350634, 3824491397, 2, 3, 67713157, 1
1, 52, 17, 16, 3813350634, 3824491397, 2, 2, 63488888, 1
1, 52, 17, 16, 3813350634, 3824491397, 2, 1, 59308988, 1
1, 52, 17, 16, 3813350634, 3824491397, 2, 0, 1, 0
1, 52, 17, 16, 3813350634, 3824491397, 1, 3, 27065221, 1
1, 52, 17, 16, 3813350634, 3824491397, 1, 2, 17800226, 1
1, 52, 17, 16, 3813350634, 3824491397, 1, 1, 1, 1
1, 52, 17, 16, 3813350634, 3824491397, 1, 0, 1, 0
1, 52, 17, 16, 3813350634, 3824491397, 0, 3, 63152181, 1
1, 52, 17, 16, 3813350634, 3824491397, 0, 2, 44500565, 1
1, 52, 17, 16, 3813350634, 3824491397, 0, 1, 1, 1
1, 53, 17, 16, 3824491398, 3841145088, 2, 3, 136416149, 1
1, 53, 17, 16, 3824491398, 3841145088, 2, 2, 100049843, 1
1, 53, 17, 16, 3824491398, 3841145088, 2, 1, 49324482, 1
1, 53, 17, 16, 3824491398, 3841145088, 2, 0, 3812540, 0
1, 53, 17, 16, 3824491398, 3841145088, 1, 3, 129902436, 1
1, 53, 17, 16, 3824491398, 3841145088, 1, 2, 97464940, 1
1, 53, 17, 16, 3824491398, 3841145088, 1, 1, 49119892, 1
1, 53, 17, 16, 3824491398, 3841145088, 1, 0, 7625080, 0
1, 53, 17, 16, 3824491398, 3841145088, 0, 3, 136907095, 1
1, 53, 17, 16, 3824491398, 3841145088, 0, 2, 105387738, 1
1, 53, 17, 16, 3824491398, 3841145088, 0, 1, 110693550, 1
1, 54, 17, 16, 3841145089, 3849672218, 2, 3, 120400029, 1
1, 54, 17, 16, 3841145089, 3849672218, 2, 2, 108281368, 1
1, 54, 17, 16, 3841145089, 3849672218, 2, 1, 88732253, 1
1, 54, 17, 16, 3841145089, 3849672218, 2, 0, 1, 0
1, 54, 17, 16, 3841145089, 3849672218, 1, 3, 37157643, 1
1, 54, 17, 16, 3841145089, 3849672218, 1, 2, 47563883, 1
1, 54, 17, 16, 3841145089, 3849672218, 1, 1, 62239930, 1
1, 54, 17, 16, 3841145089, 3849672218, 1, 0, 1, 0
1, 54, 17, 16, 3841145089, 3849672218, 0, 3, 22699959, 1
1, 54, 17, 16, 3841145089, 3849672218, 0, 2, 22907897, 1
1, 54, 17, 16, 3841145089, 3849672218, 0, 1, 1, 1
1, 55, 17, 16, 3849672219, 3863926753, 2, 3, 91400258, 1
1, 55, 17, 16, 3849672219, 3863926753, 2, 2, 104226717, 1
1, 55, 17, 16, 3849672219, 3863926753, 2, 1, 101310888, 1
1, 55, 17, 16, 3849672219, 3863926753, 2, 0, 18294498, 0
1, 55, 17, 16, 3849672219, 3863926753, 1, 3, 138401977, 1
1, 55, 17, 16, 3849672219, 3863926753, 1, 2, 159444947, 1
1, 55, 17, 16, 3849672219, 3863926753, 1, 1, 156655148, 1
1, 55, 17, 16, 3849672219, 3863926753, 1, 0, 1, 0
1, 55, 17, 16, 3849672219, 3863926753, 0, 3, 122963660, 1
1, 55, 17, 16, 3849672219, 3863926753, 0, 2, 122586165, 1
1, 55, 17, 16, 3849672219, 3863926753, 0, 1, 155179995, 1
1, 56, 17, 16, 3863926754, 3866873885, 2, 3, 424114148, 0
1, 56, 17, 16, 3863926754, 3866873885, 2, 2, 350837720, 0
1, 56, 17, 16, 3863926754, 3866873885, 2, 1, 336317117, 0
1, 56, 17, 16, 3863926754, 3866873885, 2, 0, 519267443, 0
1, 56, 17, 16, 3863926754, 3866873885, 1, 3, 374082023, 1
1, 56, 17, 16, 3863926754, 3866873885, 1, 2, 250643211, 0
1, 56, 17, 16, 3863926754, 3866873885, 1, 1, 188779741, 0
1, 56, 17, 16, 3863926754, 3866873885, 1, 0, 405061392, 0
1, 56, 17, 16, 3863926754, 3866873885, 0, 3, 469159994, 1
1, 56, 17, 16, 3863926754, 3866873885, 0, 2, 343438418, 1
1, 56, 17, 16, 3863926754, 3866873885, 0, 1, 1, 1
1, 57, 17, 16, 3866873886, 3867776078, 2, 3, 304993262, 0
1, 57, 17, 16, 3866873886, 3867776078, 2, 2, 243092408, 0
1, 57, 17, 16, 3866873886, 3867776078, 2, 1, 266493759, 0
1, 57, 17, 16, 3866873886, 3867776078, 2, 0, 174570192, 0
1, 57, 17, 16, 3866873886, 3867776078, 1, 3, 212286572, 0
1, 57, 17, 16, 3866873886, 3867776078, 1, 2, 154522144, 0
1, 57, 17, 16, 3866873886, 3867776078, 1, 1, 257536906, 0
1, 57, 17, 16, 3866873886, 3867776078, 1, 0, 349140384, 0
1, 57, 17, 16, 3866873886, 3867776078, 0, 3, 1, 1
1, 57, 17, 16, 3866873886, 3867776078, 0, 2, 1, 1
1, 57, 17, 16, 3866873886, 3867776078, 0, 1, 1, 1
1, 58, 17, 16, 3867776079, 3868858667, 2, 3, 17881006, 1
1, 58, 17, 16, 3867776079, 3868858667, 2, 2, 8427011, 1
1, 58, 17, 16, 3867776079, 3868858667, 2, 1, 4914978, 1
1, 58, 17, 16, 3867776079, 3868858667, 2, 0, 1, 0
1, 58, 17, 16, 3867776079, 3868858667, 1, 3, 18343299, 1
1, 58, 17, 16, 3867776079, 3868858667, 1, 2, 6336343, 1
1, 58, 17, 16, 3867776079, 3868858667, 1, 1, 3951776, 1
1, 58, 17, 16, 3867776079, 3868858667, 1, 0, 1, 0
1, 58, 17, 16, 3867776079, 3868858667, 0, 3, 20877994, 1
1, 58, 17, 16, 3867776079, 3868858667, 0, 2, 4378100, 1
1, 58, 17, 16, 3867776079, 3868858667, 0, 1, 1, 1
1, 59, 17, 16, 3868858668, 3871462107, 2, 3, 17180866, 1
1, 59, 17, 16, 3868858668, 3871462107, 2, 2, 11435336, 1
1, 59, 17, 16, 3868858668, 3871462107, 2, 1, 5785525, 1
1, 59, 17, 16, 3868858668, 3871462107, 2, 0, 517326, 0
1, 59, 17, 16, 3868858668, 3871462107, 1, 3, 17304586, 1
1, 59, 17, 16, 3868858668, 3871462107, 1, 2, 11491747, 1
1, 59, 17, 16, 3868858668, 3871462107, 1, 1, 5616800, 1
1, 59, 17, 16, 3868858668, 3871462107, 1, 0, 1, 0
1, 59, 17, 16, 3868858668, 3871462107, 0, 3, 20241704, 1
1, 59, 17, 16, 3868858668, 3871462107, 0, 2, 13877501, 1
1, 59, 17, 16, 3868858668, 3871462107, 0, 1, 8607831, 1
1, 60, 17, 16, 3871462108, 3877428154, 2, 3, 42503103, 0
1, 60, 17, 16, 3871462108, 3877428154, 2, 2, 41276801, 0
1, 60, 17, 16, 3871462108, 3877428154, 2, 1, 51228686, 1
1, 60, 17, 16, 3871462108, 3877428154, 2, 0, 64440437, 0
1, 60, 17, 16, 3871462108, 3877428154, 1, 3, 37917280, 1
1, 60, 17, 16, 3871462108, 3877428154, 1, 2, 32291238, 1
1, 60, 17, 16, 3871462108, 3877428154, 1, 1, 37551964, 1
1, 60, 17, 16, 3871462108, 3877428154, 1, 0, 1, 0
1, 60, 17, 16, 3871462108, 3877428154, 0, 3, 53202463, 1
1, 60, 17, 16, 3871462108, 3877428154, 0, 2, 62406843, 1
1, 60, 17, 16, 3871462108, 3877428154, 0, 1, 101216032, 1
1, 61, 17, 16, 3877428155, 3886608969, 2, 3, 92629768, 0
1, 61, 17, 16, 3877428155, 3886608969, 2, 2, 90229485, 0
1, 61, 17, 16, 3877428155, 3886608969, 2, 1, 135687712, 0
1, 61, 17, 16, 3877428155, 3886608969, 2, 0, 165099418, 0
1, 61, 17, 16, 3877428155, 3886608969, 1, 3, 48641269, 1
1, 61, 17, 16, 3877428155, 3886608969, 1, 2, 8679465, 1
1, 61, 17, 16, 3877428155, 3886608969, 1, 1, 1, 1
1, 61, 17, 16, 3877428155, 3886608969, 1, 0, 1, 0
1, 61, 17, 16, 3877428155, 3886608969, 0, 3, 1, 1
1, 61, 17, 16, 3877428155, 3886608969, 0, 2, 1, 1
1, 61, 17, 16, 3877428155, 3886608969, 0, 1, 1, 1
1, 62, 17, 16, 3886608970, 3888685853, 2, 3, 78913775, 1
1, 62, 17, 16, 3886608970, 3888685853, 2, 2, 66491028, 1
1, 62, 17, 16, 3886608970, 3888685853, 2, 1, 57884371, 1
1, 62, 17, 16, 3886608970, 3888685853, 2, 0, 1, 0
1, 62, 17, 16, 3886608970, 3888685853, 1, 3, 71222952, 1
1, 62, 17, 16, 3886608970, 3888685853, 1, 2, 77227154, 1
1, 62, 17, 16, 3886608970, 3888685853, 1, 1, 92402871, 1
1, 62, 17, 16, 3886608970, 3888685853, 1, 0, 1, 0
1, 62, 17, 16, 3886608970, 3888685853, 0, 3, 118349804, 1
1, 62, 17, 16, 3886608970, 3888685853, 0, 2, 121312260, 1
1, 62, 17, 16, 3886608970, 3888685853, 0, 1, 133697363, 1
1, 63, 17, 16, 3888685854, 3889548775, 2, 3, 210513861, 1
1, 63, 17, 16, 3888685854, 3889548775, 2, 2, 187303329, 1
1, 63, 17, 16, 3888685854, 3889548775, 2, 1, 189010221, 1
1, 63, 17, 16, 3888685854, 3889548775, 2, 0, 122264049, 0
1, 63, 17, 16, 3888685854, 3889548775, 1, 3, 246903757, 1
1, 63, 17, 16, 3888685854, 3889548775, 1, 2, 201960346, 1
1, 63, 17, 16, 3888685854, 3889548775, 1, 1, 229671612, 1
1, 63, 17, 16, 3888685854, 3889548775, 1, 0, 244528098, 0
1, 63, 17, 16, 3888685854, 3889548775, 0, 3, 277095133, 1
1, 63, 17, 16, 3888685854, 3889548775, 0, 2, 305798100, 1
1, 63, 17, 16, 3888685854, 3889548775, 0, 1, 290809307, 1
1, 64, 17, 16, 3889548776, 3892611495, 2, 3, 18714763, 1
1, 64, 17, 16, 3889548776, 3892611495, 2, 2, 12943509, 1
1, 64, 17, 16, 3889548776, 3892611495, 2, 1, 7333220, 1
1, 64, 17, 16, 3889548776, 3892611495, 2, 0, 3619128, 0
1, 64, 17, 16, 3889548776, 3892611495, 1, 3, 19511396, 1
1, 64, 17, 16, 3889548776, 3892611495, 1, 2, 13958633, 1
1, 64, 17, 16, 3889548776, 3892611495, 1, 1, 8734569, 1
1, 64, 17, 16, 3889548776, 3892611495, 1, 0, 7238256, 0
1, 64, 17, 16, 3889548776, 3892611495, 0, 3, 21506546, 1
1, 64, 17, 16, 3889548776, 3892611495, 0, 2, 16144598, 1
1, 64, 17, 16, 3889548776, 3892611495, 0, 1, 9544568, 1
1, 65, 17, 16, 3892611496, 3897844939, 2, 3, 119060934, 0
1, 65, 17, 16, 3892611496, 3897844939, 2, 2, 59991037, 0
1, 65, 17, 16, 3892611496, 3897844939, 2, 1, 46494590, 0
1, 65, 17, 16, 3892611496, 3897844939, 2, 0, 59804127, 0
1, 65, 17, 16, 3892611496, 3897844939, 1, 3, 112413422, 1
1, 65, 17, 16, 3892611496, 3897844939, 1, 2, 50791191, 1
1, 65, 17, 16, 3892611496, 3897844939, 1, 1, 37621566, 1
1, 65, 17, 16, 3892611496, 3897844939, 1, 0, 1, 0
1, 65, 17, 16, 3892611496, 3897844939, 0, 3, 40357652, 1
1, 65, 17, 16, 3892611496, 3897844939, 0, 2, 1, 1
1, 65, 17, 16, 3892611496, 3897844939, 0, 1, 1, 1
1, 66, 17, 16, 3897844940, 3900488460, 2, 3, 26240561, 0
1, 66, 17, 16, 3897844940, 3900488460, 2, 2, 20153178, 0
1, 66, 17, 16, 3897844940, 3900488460, 2, 1, 21937576, 0
1, 66, 17, 16, 3897844940, 3900488460, 2, 0, 5352963, 0
1, 66, 17, 16, 3897844940, 3900488460, 1, 3, 19215986, 0
1, 66, 17, 16, 3897844940, 3900488460, 1, 2, 2654199, 0
1, 66, 17, 16, 3897844940, 3900488460, 1, 1, 3568642, 0
1, 66, 17, 16, 3897844940, 3900488460, 1, 0, 10705925, 0
1, 66, 17, 16, 3897844940, 3900488460, 0, 3, 855024, 1
1, 66, 17, 16, 3897844940, 3900488460, 0, 2, 1282536, 1
1, 66, 17, 16, 3897844940, 3900488460, 0, 1, 1, 1
1, 67, 17, 16, 3900488461, 3907376807, 2, 3, 125775114, 1
1, 67, 17, 16, 3900488461, 3907376807, 2, 2, 80244976, 1
1, 67, 17, 16, 3900488461, 3907376807, 2, 1, 32068988, 1
1, 67, 17, 16, 3900488461, 3907376807, 2, 0, 6145359, 0
1, 67, 17, 16, 3900488461, 3907376807, 1, 3, 132603337, 1
1, 67, 17, 16, 3900488461, 3907376807, 1, 2, 84755567, 1
1, 67, 17, 16, 3900488461, 3907376807, 1, 1, 31597665, 1
1, 67, 17, 16, 3900488461, 3907376807, 1, 0, 3665724, 0
1, 67, 17, 16, 3900488461, 3907376807, 0, 3, 149353991, 1
1, 67, 17, 16, 3900488461, 3907376807, 0, 2, 99921793, 1
1, 67, 17, 16, 3900488461, 3907376807, 0, 1, 38539095, 1
1, 68, 17, 16, 3907376808, 3912992425, 2, 3, 109281359, 0
1, 68, 17, 16, 3907376808, 3912992425, 2, 2, 100676949, 0
1, 68, 17, 16, 3907376808, 3912992425, 2, 1, 107469717, 1
1, 68, 17, 16, 3907376808, 3912992425, 2, 0, 136662817, 0
1, 68, 17, 16, 3907376808, 3912992425, 1, 3, 108603032, 0
1, 68, 17, 16, 3907376808, 3912992425, 1, 2, 103932325, 0
1, 68, 17, 16, 3907376808, 3912992425, 1, 1, 132709709, 0
1, 68, 17, 16, 3907376808, 3912992425, 1, 0, 175251429, 0
1, 68, 17, 16, 3907376808, 3912992425, 0, 3, 103082512, 1
1, 68, 17, 16, 3907376808, 3912992425, 0, 2, 96075082, 1
1, 68, 17, 16, 3907376808, 3912992425, 0, 1, 139340383, 1
1, 69, 17, 16, 3912992426, 3918841201, 2, 3, 27543493, 1
1, 69, 17, 16, 3912992426, 3918841201, 2, 2, 24090722, 1
1, 69, 17, 16, 3912992426, 3918841201, 2, 1, 24490722, 1
1, 69, 17, 16, 3912992426, 3918841201, 2, 0, 2617712, 0
1, 69, 17, 16, 3912992426, 3918841201, 1, 3, 33875720, 1
1, 69, 17, 16, 3912992426, 3918841201, 1, 2, 31203091, 1
1, 69, 17, 16, 3912992426, 3918841201, 1, 1, 35119939, 1
1, 69, 17, 16, 3912992426, 3918841201, 1, 0, 5235423, 0
1, 69, 17, 16, 3912992426, 3918841201, 0, 3, 28801821, 1
1, 69, 17, 16, 3912992426, 3918841201, 0, 2, 21097760, 1
1, 69, 17, 16, 3912992426, 3918841201, 0, 1, 17381003, 1
1, 70, 17, 16, 3918841202, 3925543681, 2, 3, 27236798, 1
1, 70, 17, 16, 3918841202, 3925543681, 2, 2, 21945098, 1
1, 70, 17, 16, 3918841202, 3925543681, 2, 1, 1, 1
1, 70, 17, 16, 3918841202, 3925543681, 2, 0, 1, 0
1, 70, 17, 16, 3918841202, 3925543681, 1, 3, 28446151, 1
1, 70, 17, 16, 3918841202, 3925543681, 1, 2, 15015814, 1
1, 70, 17, 16, 3918841202, 3925543681, 1, 1, 1, 1
1, 70, 17, 16, 3918841202, 3925543681, 1, 0, 1, 0
1, 70, 17, 16, 3918841202, 3925543681, 0, 3, 26086349, 1
1, 70, 17, 16, 3918841202, 3925543681, 0, 2, 33039933, 1
1, 70, 17, 16, 3918841202, 3925543681, 0, 1, 1, 1
1, 71, 17, 16, 3925543682, 3926328669, 2, 3, 59798492, 1
1, 71, 17, 16, 3925543682, 3926328669, 2, 2, 54346352, 1
1, 71, 17, 16, 3925543682, 3926328669, 2, 1, 78158129, 1
1, 71, 17, 16, 3925543682, 3926328669, 2, 0, 62703253, 0
1, 71, 17, 16, 3925543682, 3926328669, 1, 3, 80236019, 0
1, 71, 17, 16, 3925543682, 3926328669, 1, 2, 77505162, 1
1, 71, 17, 16, 3925543682, 3926328669, 1, 1, 114515214, 1
1, 71, 17, 16, 3925543682, 3926328669, 1, 0, 125406505, 0
1, 71, 17, 16, 3925543682, 3926328669, 0, 3, 115493505, 1
1, 71, 17, 16, 3925543682, 3926328669, 0, 2, 131059652, 1
1, 71, 17, 16, 3925543682, 3926328669, 0, 1, 218139137, 1
1, 72, 17, 16, 3926328670, 3927352108, 2, 3, 19536422, 1
1, 72, 17, 16, 3926328670, 3927352108, 2, 2, 13861892, 1
1, 72, 17, 16, 3926328670, 3927352108, 2, 1, 7034666, 1
1, 72, 17, 16, 3926328670, 3927352108, 2, 0, 1, 0
1, 72, 17, 16, 3926328670, 3927352108, 1, 3, 20415478, 1
1, 72, 17, 16, 3926328670, 3927352108, 1, 2, 14872315, 1
1, 72, 17, 16, 3926328670, 3927352108, 1, 1, 8335469, 1
1, 72, 17, 16, 3926328670, 3927352108, 1, 0, 1, 0
1, 72, 17, 16, 3926328670, 3927352108, 0, 3, 25710734, 1
1, 72, 17, 16, 3926328670, 3927352108, 0, 2, 21373659, 1
1, 72, 17, 16, 3926328670, 3927352108, 0, 1, 17107992, 1
1, 73, 17, 16, 3927352109, 3930798414, 2, 3, 152899928, 1
1, 73, 17, 16, 3927352109, 3930798414, 2, 2, 136642279, 1
1, 73, 17, 16, 3927352109, 3930798414, 2, 1, 10264748, 1
1, 73, 17, 16, 3927352109, 3930798414, 2, 0, 1573137, 0
1, 73, 17, 16, 3927352109, 3930798414, 1, 3, 227893583, 1
1, 73, 17, 16, 3927352109, 3930798414, 1, 2, 209350259, 1
1, 73, 17, 16, 3927352109, 3930798414, 1, 1, 12033966, 1
1, 73, 17, 16, 3927352109, 3930798414, 1, 0, 2889805, 0
1, 73, 17, 16, 3927352109, 3930798414, 0, 3, 344307929, 1
1, 73, 17, 16, 3927352109, 3930798414, 0, 2, 261690167, 1
1, 73, 17, 16, 3927352109, 3930798414, 0, 1, 20515224, 1
1, 74, 17, 16, 3930798415, 3958667054, 2, 3, 7129942, 1
1, 74, 17, 16, 3930798415, 3958667054, 2, 2, 7115687, 1
1, 74, 17, 16, 3930798415, 3958667054, 2, 1, 4471054, 1
1, 74, 17, 16, 3930798415, 3958667054, 2, 0, 1, 0
1, 74, 17, 16, 3930798415, 3958667054, 1, 3, 8010585, 1
1, 74, 17, 16, 3930798415, 3958667054, 1, 2, 6914045, 1
1, 74, 17, 16, 3930798415, 3958667054, 1, 1, 1, 1
1, 74, 17, 16, 3930798415, 3958667054, 1, 0, 1, 0
1, 74, 17, 16, 3930798415, 3958667054, 0, 3, 12109797, 1
1, 74, 17, 16, 3930798415, 3958667054, 0, 2, 7412763, 1
1, 74, 17, 16, 3930798415, 3958667054, 0, 1, 1, 1
1, 75, 17, 16, 3958667055, 3964233768, 2, 3, 1, 1
1, 75, 17, 16, 3958667055, 3964233768, 2, 2, 1, 1
1, 75, 17, 16, 3958667055, 3964233768, 2, 1, 1, 1
1, 75, 17, 16, 3958667055, 3964233768, 2, 0, 1, 0
1, 75, 17, 16, 3958667055, 3964233768, 1, 3, 1, 1
1, 75, 17, 16, 3958667055, 3964233768, 1, 2, 1, 1
1, 75, 17, 16, 3958667055, 3964233768, 1, 1, 1, 1
1, 75, 17, 16, 3958667055, 3964233768, 1, 0, 1, 0
1, 75, 17, 16, 3958667055, 3964233768, 0, 3, 1, 1
1, 75, 17, 16, 3958667055, 3964233768, 0, 2, 1, 1
1, 75, 17, 16, 3958667055, 3964233768, 0, 1, 1, 1
1, 76, 17, 16, 3964233769, 3982474729, 2, 3, 79200382, 0
1, 76, 17, 16, 3964233769, 3982474729, 2, 2, 53845172, 0
1, 76, 17, 16, 3964233769, 3982474729, 2, 1, 63608745, 0
1, 76, 17, 16, 3964233769, 3982474729, 2, 0, 89071428, 0
1, 76, 17, 16, 3964233769, 3982474729, 1, 3, 63494441, 1
1, 76, 17, 16, 3964233769, 3982474729, 1, 2, 36521514, 0
1, 76, 17, 16, 3964233769, 3982474729, 1, 1, 55733216, 0
1, 76, 17, 16, 3964233769, 3982474729, 1, 0, 27298781, 0
1, 76, 17, 16, 3964233769, 3982474729, 0, 3, 80307150, 1
1, 76, 17, 16, 3964233769, 3982474729, 0, 2, 8878998, 1
1, 76, 17, 16, 3964233769, 3982474729, 0, 1, 2350075, 1
