2, 1, 6, 18, 1, 99884900, 13, 1, 283158440, 0
2, 1, 6, 18, 1, 99884900, 13, 0, 270448873, 0
2, 1, 6, 18, 1, 99884900, 12, 1, 254372329, 0
2, 1, 6, 18, 1, 99884900, 12, 0, 236348773, 0
2, 1, 6, 18, 1, 99884900, 11, 1, 236932094, 0
2, 1, 6, 18, 1, 99884900, 11, 0, 230172581, 0
2, 1, 6, 18, 1, 99884900, 10, 1, 234155492, 0
2, 1, 6, 18, 1, 99884900, 10, 0, 239160042, 0
2, 1, 6, 18, 1, 99884900, 9, 1, 219389275, 0
2, 1, 6, 18, 1, 99884900, 9, 0, 242673475, 0
2, 1, 6, 18, 1, 99884900, 8, 1, 214387183, 0
2, 1, 6, 18, 1, 99884900, 8, 0, 240089796, 0
2, 1, 6, 18, 1, 99884900, 7, 1, 215432737, 0
2, 1, 6, 18, 1, 99884900, 7, 0, 256396909, 0
2, 1, 6, 18, 1, 99884900, 6, 1, 213612651, 0
2, 1, 6, 18, 1, 99884900, 6, 0, 223375296, 0
2, 1, 6, 18, 1, 99884900, 5, 1, 217320662, 0
2, 1, 6, 18, 1, 99884900, 5, 0, 248451076, 0
2, 1, 6, 18, 1, 99884900, 4, 1, 203481261, 0
2, 1, 6, 18, 1, 99884900, 4, 0, 220086663, 0
2, 1, 6, 18, 1, 99884900, 3, 1, 220098149, 0
2, 1, 6, 18, 1, 99884900, 3, 0, 293257059, 0
2, 1, 6, 18, 1, 99884900, 2, 1, 70923477, 0
2, 1, 6, 18, 1, 99884900, 2, 0, 153621061, 0
2, 1, 6, 18, 1, 99884900, 1, 1, 1, 1
2, 1, 6, 18, 1, 99884900, 1, 0, 1, 0
2, 1, 6, 18, 1, 99884900, 0, 1, 1, 1
2, 2, 6, 18, 99884901, 157501829, 13, 1, 1925582656, 0
2, 2, 6, 18, 99884901, 157501829, 13, 0, 2055878101, 0
2, 2, 6, 18, 99884901, 157501829, 12, 1, 1902875330, 0
2, 2, 6, 18, 99884901, 157501829, 12, 0, 2070104706, 0
2, 2, 6, 18, 99884901, 157501829, 11, 1, 1883440666, 0
2, 2, 6, 18, 99884901, 157501829, 11, 0, 2068968356, 0
2, 2, 6, 18, 99884901, 157501829, 10, 1, 1852334077, 0
2, 2, 6, 18, 99884901, 157501829, 10, 0, 2024134129, 0
2, 2, 6, 18, 99884901, 157501829, 9, 1, 1825260616, 0
2, 2, 6, 18, 99884901, 157501829, 9, 0, 1978057528, 0
2, 2, 6, 18, 99884901, 157501829, 8, 1, 1828662864, 0
2, 2, 6, 18, 99884901, 157501829, 8, 0, 2004021903, 0
2, 2, 6, 18, 99884901, 157501829, 7, 1, 1749778496, 0
2, 2, 6, 18, 99884901, 157501829, 7, 0, 1939743052, 0
2, 2, 6, 18, 99884901, 157501829, 6, 1, 1688801548, 0
2, 2, 6, 18, 99884901, 157501829, 6, 0, 1864260247, 0
2, 2, 6, 18, 99884901, 157501829, 5, 1, 1589050357, 0
2, 2, 6, 18, 99884901, 157501829, 5, 0, 1830589378, 0
2, 2, 6, 18, 99884901, 157501829, 4, 1, 1455625642, 0
2, 2, 6, 18, 99884901, 157501829, 4, 0, 1753902101, 0
2, 2, 6, 18, 99884901, 157501829, 3, 1, 1294843425, 0
2, 2, 6, 18, 99884901, 157501829, 3, 0, 1632816770, 0
2, 2, 6, 18, 99884901, 157501829, 2, 1, 897585334, 0
2, 2, 6, 18, 99884901, 157501829, 2, 0, 1224503480, 0
2, 2, 6, 18, 99884901, 157501829, 1, 1, 1, 1
2, 2, 6, 18, 99884901, 157501829, 1, 0, 1, 0
2, 2, 6, 18, 99884901, 157501829, 0, 1, 1, 1
2, 3, 6, 18, 157501830, 174257889, 13, 1, 2243985920, 0
2, 3, 6, 18, 157501830, 174257889, 13, 0, 2371199098, 0
2, 3, 6, 18, 157501830, 174257889, 12, 1, 2217814752, 0
2, 3, 6, 18, 157501830, 174257889, 12, 0, 2354831382, 0
2, 3, 6, 18, 157501830, 174257889, 11, 1, 2221118566, 0
2, 3, 6, 18, 157501830, 174257889, 11, 0, 2373584357, 0
2, 3, 6, 18, 157501830, 174257889, 10, 1, 2182892960, 0
2, 3, 6, 18, 157501830, 174257889, 10, 0, 2345429520, 0
2, 3, 6, 18, 157501830, 174257889, 9, 1, 2139378689, 0
2, 3, 6, 18, 157501830, 174257889, 9, 0, 2316989854, 0
2, 3, 6, 18, 157501830, 174257889, 8, 1, 2084786557, 0
2, 3, 6, 18, 157501830, 174257889, 8, 0, 2264942196, 0
2, 3, 6, 18, 157501830, 174257889, 7, 1, 2003721166, 0
2, 3, 6, 18, 157501830, 174257889, 7, 0, 2204904782, 0
2, 3, 6, 18, 157501830, 174257889, 6, 1, 1895750508, 0
2, 3, 6, 18, 157501830, 174257889, 6, 0, 2118567196, 0
2, 3, 6, 18, 157501830, 174257889, 5, 1, 1810266641, 0
2, 3, 6, 18, 157501830, 174257889, 5, 0, 2025940830, 0
2, 3, 6, 18, 157501830, 174257889, 4, 1, 1746230052, 0
2, 3, 6, 18, 157501830, 174257889, 4, 0, 1987853980, 0
2, 3, 6, 18, 157501830, 174257889, 3, 1, 1487895113, 0
2, 3, 6, 18, 157501830, 174257889, 3, 0, 1822540515, 0
2, 3, 6, 18, 157501830, 174257889, 2, 1, 985404794, 0
2, 3, 6, 18, 157501830, 174257889, 2, 0, 1329973570, 0
2, 3, 6, 18, 157501830, 174257889, 1, 1, 1, 1
2, 3, 6, 18, 157501830, 174257889, 1, 0, 1, 0
2, 3, 6, 18, 157501830, 174257889, 0, 1, 1, 1
2, 4, 6, 18, 174257890, 206593921, 13, 1, 1069308, 0
2, 4, 6, 18, 174257890, 206593921, 13, 0, 2220870, 0
2, 4, 6, 18, 174257890, 206593921, 12, 1, 1154853, 0
2, 4, 6, 18, 174257890, 206593921, 12, 0, 2405943, 0
2, 4, 6, 18, 174257890, 206593921, 11, 1, 1255275, 0
2, 4, 6, 18, 174257890, 206593921, 11, 0, 2624665, 0
2, 4, 6, 18, 174257890, 206593921, 10, 1, 1374825, 0
2, 4, 6, 18, 174257890, 206593921, 10, 0, 2887131, 0
2, 4, 6, 18, 174257890, 206593921, 9, 1, 1519543, 0
2, 4, 6, 18, 174257890, 206593921, 9, 0, 3207923, 0
2, 4, 6, 18, 174257890, 206593921, 8, 1, 1698313, 0
2, 4, 6, 18, 174257890, 206593921, 8, 0, 3608914, 0
2, 4, 6, 18, 174257890, 206593921, 7, 1, 1924754, 0
2, 4, 6, 18, 174257890, 206593921, 7, 0, 4124473, 0
2, 4, 6, 18, 174257890, 206593921, 6, 1, 2220870, 0
2, 4, 6, 18, 174257890, 206593921, 6, 0, 4811885, 0
2, 4, 6, 18, 174257890, 206593921, 5, 1, 1, 1
2, 4, 6, 18, 174257890, 206593921, 5, 0, 1, 0
2, 4, 6, 18, 174257890, 206593921, 4, 1, 1, 1
2, 4, 6, 18, 174257890, 206593921, 4, 0, 1, 0
2, 4, 6, 18, 174257890, 206593921, 3, 1, 1, 1
2, 4, 6, 18, 174257890, 206593921, 3, 0, 1, 0
2, 4, 6, 18, 174257890, 206593921, 2, 1, 1, 1
2, 4, 6, 18, 174257890, 206593921, 2, 0, 1, 0
2, 4, 6, 18, 174257890, 206593921, 1, 1, 1, 1
2, 4, 6, 18, 174257890, 206593921, 1, 0, 1, 0
2, 4, 6, 18, 174257890, 206593921, 0, 1, 1, 1
2, 5, 6, 18, 206593922, 228647003, 13, 1, 24498239, 1
2, 5, 6, 18, 206593922, 228647003, 13, 0, 28040921, 0
2, 5, 6, 18, 206593922, 228647003, 12, 1, 24462478, 1
2, 5, 6, 18, 206593922, 228647003, 12, 0, 26220124, 0
2, 5, 6, 18, 206593922, 228647003, 11, 1, 24347011, 1
2, 5, 6, 18, 206593922, 228647003, 11, 0, 23914616, 0
2, 5, 6, 18, 206593922, 228647003, 10, 1, 24834933, 1
2, 5, 6, 18, 206593922, 228647003, 10, 0, 22461313, 0
2, 5, 6, 18, 206593922, 228647003, 9, 1, 27197705, 1
2, 5, 6, 18, 206593922, 228647003, 9, 0, 24426214, 0
2, 5, 6, 18, 206593922, 228647003, 8, 1, 28270871, 1
2, 5, 6, 18, 206593922, 228647003, 8, 0, 22960543, 0
2, 5, 6, 18, 206593922, 228647003, 7, 1, 29079837, 1
2, 5, 6, 18, 206593922, 228647003, 7, 0, 19896726, 0
2, 5, 6, 18, 206593922, 228647003, 6, 1, 25412856, 1
2, 5, 6, 18, 206593922, 228647003, 6, 0, 11383786, 0
2, 5, 6, 18, 206593922, 228647003, 5, 1, 26297244, 1
2, 5, 6, 18, 206593922, 228647003, 5, 0, 5441054, 0
2, 5, 6, 18, 206593922, 228647003, 4, 1, 20080516, 1
2, 5, 6, 18, 206593922, 228647003, 4, 0, 1, 0
2, 5, 6, 18, 206593922, 228647003, 3, 1, 15892443, 1
2, 5, 6, 18, 206593922, 228647003, 3, 0, 1, 0
2, 5, 6, 18, 206593922, 228647003, 2, 1, 22249419, 1
2, 5, 6, 18, 206593922, 228647003, 2, 0, 1, 0
2, 5, 6, 18, 206593922, 228647003, 1, 1, 37082365, 1
2, 5, 6, 18, 206593922, 228647003, 1, 0, 1, 0
2, 5, 6, 18, 206593922, 228647003, 0, 1, 83244407, 1
2, 6, 6, 18, 228647004, 252609665, 13, 1, 1, 1
2, 6, 6, 18, 228647004, 252609665, 13, 0, 1, 0
2, 6, 6, 18, 228647004, 252609665, 12, 1, 1, 1
2, 6, 6, 18, 228647004, 252609665, 12, 0, 1, 0
2, 6, 6, 18, 228647004, 252609665, 11, 1, 1, 1
2, 6, 6, 18, 228647004, 252609665, 11, 0, 1, 0
2, 6, 6, 18, 228647004, 252609665, 10, 1, 1, 1
2, 6, 6, 18, 228647004, 252609665, 10, 0, 1, 0
2, 6, 6, 18, 228647004, 252609665, 9, 1, 1, 1
2, 6, 6, 18, 228647004, 252609665, 9, 0, 1, 0
2, 6, 6, 18, 228647004, 252609665, 8, 1, 1, 1
2, 6, 6, 18, 228647004, 252609665, 8, 0, 1, 0
2, 6, 6, 18, 228647004, 252609665, 7, 1, 1, 1
2, 6, 6, 18, 228647004, 252609665, 7, 0, 1, 0
2, 6, 6, 18, 228647004, 252609665, 6, 1, 1, 1
2, 6, 6, 18, 228647004, 252609665, 6, 0, 1, 0
2, 6, 6, 18, 228647004, 252609665, 5, 1, 1, 1
2, 6, 6, 18, 228647004, 252609665, 5, 0, 1, 0
2, 6, 6, 18, 228647004, 252609665, 4, 1, 1, 1
2, 6, 6, 18, 228647004, 252609665, 4, 0, 1, 0
2, 6, 6, 18, 228647004, 252609665, 3, 1, 1, 1
2, 6, 6, 18, 228647004, 252609665, 3, 0, 1, 0
2, 6, 6, 18, 228647004, 252609665, 2, 1, 1, 1
2, 6, 6, 18, 228647004, 252609665, 2, 0, 1, 0
2, 6, 6, 18, 228647004, 252609665, 1, 1, 1, 1
2, 6, 6, 18, 228647004, 252609665, 1, 0, 1, 0
2, 6, 6, 18, 228647004, 252609665, 0, 1, 1, 1
2, 7, 6, 18, 252609666, 279712991, 13, 1, 1, 1
2, 7, 6, 18, 252609666, 279712991, 13, 0, 1, 0
2, 7, 6, 18, 252609666, 279712991, 12, 1, 1, 1
2, 7, 6, 18, 252609666, 279712991, 12, 0, 1, 0
2, 7, 6, 18, 252609666, 279712991, 11, 1, 1, 1
2, 7, 6, 18, 252609666, 279712991, 11, 0, 1, 0
2, 7, 6, 18, 252609666, 279712991, 10, 1, 1, 1
2, 7, 6, 18, 252609666, 279712991, 10, 0, 1, 0
2, 7, 6, 18, 252609666, 279712991, 9, 1, 1, 1
2, 7, 6, 18, 252609666, 279712991, 9, 0, 1, 0
2, 7, 6, 18, 252609666, 279712991, 8, 1, 1, 1
2, 7, 6, 18, 252609666, 279712991, 8, 0, 1, 0
2, 7, 6, 18, 252609666, 279712991, 7, 1, 1, 1
2, 7, 6, 18, 252609666, 279712991, 7, 0, 1, 0
2, 7, 6, 18, 252609666, 279712991, 6, 1, 1, 1
2, 7, 6, 18, 252609666, 279712991, 6, 0, 1, 0
2, 7, 6, 18, 252609666, 279712991, 5, 1, 1, 1
2, 7, 6, 18, 252609666, 279712991, 5, 0, 1, 0
2, 7, 6, 18, 252609666, 279712991, 4, 1, 1, 1
2, 7, 6, 18, 252609666, 279712991, 4, 0, 1, 0
2, 7, 6, 18, 252609666, 279712991, 3, 1, 1, 1
2, 7, 6, 18, 252609666, 279712991, 3, 0, 1, 0
2, 7, 6, 18, 252609666, 279712991, 2, 1, 1, 1
2, 7, 6, 18, 252609666, 279712991, 2, 0, 1, 0
2, 7, 6, 18, 252609666, 279712991, 1, 1, 1, 1
2, 7, 6, 18, 252609666, 279712991, 1, 0, 1, 0
2, 7, 6, 18, 252609666, 279712991, 0, 1, 1, 1
2, 8, 6, 18, 279712992, 303573829, 13, 1, 10133257, 1
2, 8, 6, 18, 279712992, 303573829, 13, 0, 9458342, 0
2, 8, 6, 18, 279712992, 303573829, 12, 1, 10096644, 1
2, 8, 6, 18, 279712992, 303573829, 12, 0, 10246537, 0
2, 8, 6, 18, 279712992, 303573829, 11, 1, 10974613, 1
2, 8, 6, 18, 279712992, 303573829, 11, 0, 11178041, 0
2, 8, 6, 18, 279712992, 303573829, 10, 1, 11229065, 1
2, 8, 6, 18, 279712992, 303573829, 10, 0, 11717706, 0
2, 8, 6, 18, 279712992, 303573829, 9, 1, 10958112, 1
2, 8, 6, 18, 279712992, 303573829, 9, 0, 12382608, 0
2, 8, 6, 18, 279712992, 303573829, 8, 1, 11252273, 1
2, 8, 6, 18, 279712992, 303573829, 8, 0, 13468119, 0
2, 8, 6, 18, 279712992, 303573829, 7, 1, 10906716, 1
2, 8, 6, 18, 279712992, 303573829, 7, 0, 11436720, 0
2, 8, 6, 18, 279712992, 303573829, 6, 1, 10266163, 1
2, 8, 6, 18, 279712992, 303573829, 6, 0, 9286520, 0
2, 8, 6, 18, 279712992, 303573829, 5, 1, 7150133, 1
2, 8, 6, 18, 279712992, 303573829, 5, 0, 4222306, 0
2, 8, 6, 18, 279712992, 303573829, 4, 1, 8739051, 1
2, 8, 6, 18, 279712992, 303573829, 4, 0, 5277882, 0
2, 8, 6, 18, 279712992, 303573829, 3, 1, 9942454, 1
2, 8, 6, 18, 279712992, 303573829, 3, 0, 7037176, 0
2, 8, 6, 18, 279712992, 303573829, 2, 1, 13919435, 1
2, 8, 6, 18, 279712992, 303573829, 2, 0, 10555763, 0
2, 8, 6, 18, 279712992, 303573829, 1, 1, 23199058, 1
2, 8, 6, 18, 279712992, 303573829, 1, 0, 21111526, 0
2, 8, 6, 18, 279712992, 303573829, 0, 1, 48485647, 1
2, 9, 6, 18, 303573830, 356273042, 13, 1, 30400975, 1
2, 9, 6, 18, 303573830, 356273042, 13, 0, 33325484, 0
2, 9, 6, 18, 303573830, 356273042, 12, 1, 28974462, 1
2, 9, 6, 18, 303573830, 356273042, 12, 0, 30442805, 0
2, 9, 6, 18, 303573830, 356273042, 11, 1, 29847411, 1
2, 9, 6, 18, 303573830, 356273042, 11, 0, 29767504, 0
2, 9, 6, 18, 303573830, 356273042, 10, 1, 27370977, 1
2, 9, 6, 18, 303573830, 356273042, 10, 0, 25908055, 0
2, 9, 6, 18, 303573830, 356273042, 9, 1, 24732274, 1
2, 9, 6, 18, 303573830, 356273042, 9, 0, 23182347, 0
2, 9, 6, 18, 303573830, 356273042, 8, 1, 24948912, 1
2, 9, 6, 18, 303573830, 356273042, 8, 0, 20357428, 0
2, 9, 6, 18, 303573830, 356273042, 7, 1, 21614254, 1
2, 9, 6, 18, 303573830, 356273042, 7, 0, 13875230, 0
2, 9, 6, 18, 303573830, 356273042, 6, 1, 23733866, 1
2, 9, 6, 18, 303573830, 356273042, 6, 0, 16187768, 0
2, 9, 6, 18, 303573830, 356273042, 5, 1, 19407605, 1
2, 9, 6, 18, 303573830, 356273042, 5, 0, 8067076, 0
2, 9, 6, 18, 303573830, 356273042, 4, 1, 23720406, 1
2, 9, 6, 18, 303573830, 356273042, 4, 0, 10083845, 0
2, 9, 6, 18, 303573830, 356273042, 3, 1, 20849874, 1
2, 9, 6, 18, 303573830, 356273042, 3, 0, 13445127, 0
2, 9, 6, 18, 303573830, 356273042, 2, 1, 29189823, 1
2, 9, 6, 18, 303573830, 356273042, 2, 0, 20167690, 0
2, 9, 6, 18, 303573830, 356273042, 1, 1, 48649705, 1
2, 9, 6, 18, 303573830, 356273042, 1, 0, 40335380, 0
2, 9, 6, 18, 303573830, 356273042, 0, 1, 54753473, 1
2, 10, 6, 18, 356273043, 378306495, 13, 1, 1687861, 0
2, 10, 6, 18, 356273043, 378306495, 13, 0, 3505558, 0
2, 10, 6, 18, 356273043, 378306495, 12, 1, 996620, 0
2, 10, 6, 18, 356273043, 378306495, 12, 0, 2076291, 0
2, 10, 6, 18, 356273043, 378306495, 11, 1, 1083283, 0
2, 10, 6, 18, 356273043, 378306495, 11, 0, 2265045, 0
2, 10, 6, 18, 356273043, 378306495, 10, 1, 1186452, 0
2, 10, 6, 18, 356273043, 378306495, 10, 0, 2491549, 0
2, 10, 6, 18, 356273043, 378306495, 9, 1, 1311342, 0
2, 10, 6, 18, 356273043, 378306495, 9, 0, 2768388, 0
2, 10, 6, 18, 356273043, 378306495, 8, 1, 1465617, 0
2, 10, 6, 18, 356273043, 378306495, 8, 0, 3114436, 0
2, 10, 6, 18, 356273043, 378306495, 7, 1, 442877, 0
2, 10, 6, 18, 356273043, 378306495, 7, 0, 949022, 0
2, 10, 6, 18, 356273043, 378306495, 6, 1, 511012, 0
2, 10, 6, 18, 356273043, 378306495, 6, 0, 1107192, 0
2, 10, 6, 18, 356273043, 378306495, 5, 1, 603923, 0
2, 10, 6, 18, 356273043, 378306495, 5, 0, 1328631, 0
2, 10, 6, 18, 356273043, 378306495, 4, 1, 738128, 0
2, 10, 6, 18, 356273043, 378306495, 4, 0, 1660788, 0
2, 10, 6, 18, 356273043, 378306495, 3, 1, 949022, 0
2, 10, 6, 18, 356273043, 378306495, 3, 0, 2214384, 0
2, 10, 6, 18, 356273043, 378306495, 2, 1, 1328631, 0
2, 10, 6, 18, 356273043, 378306495, 2, 0, 3321576, 0
2, 10, 6, 18, 356273043, 378306495, 1, 1, 2214384, 0
2, 10, 6, 18, 356273043, 378306495, 1, 0, 6643151, 0
2, 10, 6, 18, 356273043, 378306495, 0, 1, 1, 1
2, 11, 6, 18, 378306496, 393382910, 13, 1, 164806363, 1
2, 11, 6, 18, 378306496, 393382910, 13, 0, 113677133, 0
2, 11, 6, 18, 378306496, 393382910, 12, 1, 173610141, 1
2, 11, 6, 18, 378306496, 393382910, 12, 0, 119329387, 0
2, 11, 6, 18, 378306496, 393382910, 11, 1, 180113140, 1
2, 11, 6, 18, 378306496, 393382910, 11, 0, 125804289, 0
2, 11, 6, 18, 378306496, 393382910, 10, 1, 175094469, 1
2, 11, 6, 18, 378306496, 393382910, 10, 0, 138384718, 0
2, 11, 6, 18, 378306496, 393382910, 9, 1, 175140128, 1
2, 11, 6, 18, 378306496, 393382910, 9, 0, 153760797, 0
2, 11, 6, 18, 378306496, 393382910, 8, 1, 186732876, 1
2, 11, 6, 18, 378306496, 393382910, 8, 0, 172980897, 0
2, 11, 6, 18, 378306496, 393382910, 7, 1, 169709401, 1
2, 11, 6, 18, 378306496, 393382910, 7, 0, 197692454, 0
2, 11, 6, 18, 378306496, 393382910, 6, 1, 143987300, 1
2, 11, 6, 18, 378306496, 393382910, 6, 0, 118340177, 0
2, 11, 6, 18, 378306496, 393382910, 5, 1, 135387249, 1
2, 11, 6, 18, 378306496, 393382910, 5, 0, 65493181, 0
2, 11, 6, 18, 378306496, 393382910, 4, 1, 136321180, 1
2, 11, 6, 18, 378306496, 393382910, 4, 0, 63359820, 0
2, 11, 6, 18, 378306496, 393382910, 3, 1, 127641145, 1
2, 11, 6, 18, 378306496, 393382910, 3, 0, 36126390, 0
2, 11, 6, 18, 378306496, 393382910, 2, 1, 75125426, 1
2, 11, 6, 18, 378306496, 393382910, 2, 0, 1, 0
2, 11, 6, 18, 378306496, 393382910, 1, 1, 110282824, 1
2, 11, 6, 18, 378306496, 393382910, 1, 0, 1, 0
2, 11, 6, 18, 378306496, 393382910, 0, 1, 234709920, 1
2, 12, 6, 18, 393382911, 402277318, 13, 1, 43115007, 1
2, 12, 6, 18, 393382911, 402277318, 13, 0, 28865410, 0
2, 12, 6, 18, 393382911, 402277318, 12, 1, 40668990, 1
2, 12, 6, 18, 393382911, 402277318, 12, 0, 26626411, 0
2, 12, 6, 18, 393382911, 402277318, 11, 1, 43010958, 1
2, 12, 6, 18, 393382911, 402277318, 11, 0, 27462243, 0
2, 12, 6, 18, 393382911, 402277318, 10, 1, 40185953, 1
2, 12, 6, 18, 393382911, 402277318, 10, 0, 30208467, 0
2, 12, 6, 18, 393382911, 402277318, 9, 1, 41315627, 1
2, 12, 6, 18, 393382911, 402277318, 9, 0, 33564963, 0
2, 12, 6, 18, 393382911, 402277318, 8, 1, 46176289, 1
2, 12, 6, 18, 393382911, 402277318, 8, 0, 37760584, 0
2, 12, 6, 18, 393382911, 402277318, 7, 1, 42987494, 1
2, 12, 6, 18, 393382911, 402277318, 7, 0, 43154953, 0
2, 12, 6, 18, 393382911, 402277318, 6, 1, 39170567, 1
2, 12, 6, 18, 393382911, 402277318, 6, 0, 27748272, 0
2, 12, 6, 18, 393382911, 402277318, 5, 1, 43162092, 1
2, 12, 6, 18, 393382911, 402277318, 5, 0, 26411055, 0
2, 12, 6, 18, 393382911, 402277318, 4, 1, 43318315, 1
2, 12, 6, 18, 393382911, 402277318, 4, 0, 27586719, 0
2, 12, 6, 18, 393382911, 402277318, 3, 1, 26968186, 1
2, 12, 6, 18, 393382911, 402277318, 3, 0, 1, 0
2, 12, 6, 18, 393382911, 402277318, 2, 1, 29132435, 1
2, 12, 6, 18, 393382911, 402277318, 2, 0, 1, 0
2, 12, 6, 18, 393382911, 402277318, 1, 1, 36701138, 1
2, 12, 6, 18, 393382911, 402277318, 1, 0, 1, 0
2, 12, 6, 18, 393382911, 402277318, 0, 1, 103243137, 1
2, 13, 6, 18, 402277319, 445120948, 13, 1, 167964208, 1
2, 13, 6, 18, 402277319, 445120948, 13, 0, 174131856, 0
2, 13, 6, 18, 402277319, 445120948, 12, 1, 166520857, 1
2, 13, 6, 18, 402277319, 445120948, 12, 0, 173147306, 0
2, 13, 6, 18, 402277319, 445120948, 11, 1, 167080950, 1
2, 13, 6, 18, 402277319, 445120948, 11, 0, 175133559, 0
2, 13, 6, 18, 402277319, 445120948, 10, 1, 170781866, 1
2, 13, 6, 18, 402277319, 445120948, 10, 0, 185025311, 0
2, 13, 6, 18, 402277319, 445120948, 9, 1, 171247747, 1
2, 13, 6, 18, 402277319, 445120948, 9, 0, 184777980, 0
2, 13, 6, 18, 402277319, 445120948, 8, 1, 171143065, 1
2, 13, 6, 18, 402277319, 445120948, 8, 0, 187523900, 0
2, 13, 6, 18, 402277319, 445120948, 7, 1, 168587395, 1
2, 13, 6, 18, 402277319, 445120948, 7, 0, 184325752, 0
2, 13, 6, 18, 402277319, 445120948, 6, 1, 168484995, 1
2, 13, 6, 18, 402277319, 445120948, 6, 0, 181846762, 0
2, 13, 6, 18, 402277319, 445120948, 5, 1, 173671735, 1
2, 13, 6, 18, 402277319, 445120948, 5, 0, 169754492, 0
2, 13, 6, 18, 402277319, 445120948, 4, 1, 171042458, 1
2, 13, 6, 18, 402277319, 445120948, 4, 0, 160547854, 0
2, 13, 6, 18, 402277319, 445120948, 3, 1, 163668517, 1
2, 13, 6, 18, 402277319, 445120948, 3, 0, 137638280, 0
2, 13, 6, 18, 402277319, 445120948, 2, 1, 183449387, 1
2, 13, 6, 18, 402277319, 445120948, 2, 0, 190608082, 0
2, 13, 6, 18, 402277319, 445120948, 1, 1, 208825245, 1
2, 13, 6, 18, 402277319, 445120948, 1, 0, 215884992, 0
2, 13, 6, 18, 402277319, 445120948, 0, 1, 268966092, 1
2, 14, 6, 18, 445120949, 447914535, 13, 1, 85235784, 0
2, 14, 6, 18, 445120949, 447914535, 13, 0, 92229572, 0
2, 14, 6, 18, 445120949, 447914535, 12, 1, 85776102, 0
2, 14, 6, 18, 445120949, 447914535, 12, 0, 93632883, 0
2, 14, 6, 18, 445120949, 447914535, 11, 1, 85272958, 0
2, 14, 6, 18, 445120949, 447914535, 11, 0, 93131478, 0
2, 14, 6, 18, 445120949, 447914535, 10, 1, 80689885, 0
2, 14, 6, 18, 445120949, 447914535, 10, 0, 89919989, 0
2, 14, 6, 18, 445120949, 447914535, 9, 1, 75434094, 0
2, 14, 6, 18, 445120949, 447914535, 9, 0, 84183979, 0
2, 14, 6, 18, 445120949, 447914535, 8, 1, 73779441, 0
2, 14, 6, 18, 445120949, 447914535, 8, 0, 77142197, 0
2, 14, 6, 18, 445120949, 447914535, 7, 1, 70447382, 0
2, 14, 6, 18, 445120949, 447914535, 7, 0, 73373375, 0
2, 14, 6, 18, 445120949, 447914535, 6, 1, 66357036, 0
2, 14, 6, 18, 445120949, 447914535, 6, 0, 73007762, 0
2, 14, 6, 18, 445120949, 447914535, 5, 1, 65517065, 0
2, 14, 6, 18, 445120949, 447914535, 5, 0, 65620642, 0
2, 14, 6, 18, 445120949, 447914535, 4, 1, 63840781, 0
2, 14, 6, 18, 445120949, 447914535, 4, 0, 73721690, 0
2, 14, 6, 18, 445120949, 447914535, 3, 1, 64203394, 0
2, 14, 6, 18, 445120949, 447914535, 3, 0, 67881345, 0
2, 14, 6, 18, 445120949, 447914535, 2, 1, 68295163, 0
2, 14, 6, 18, 445120949, 447914535, 2, 0, 101822017, 0
2, 14, 6, 18, 445120949, 447914535, 1, 1, 76092248, 0
2, 14, 6, 18, 445120949, 447914535, 1, 0, 127098927, 0
2, 14, 6, 18, 445120949, 447914535, 0, 1, 48339230, 1
2, 15, 6, 18, 447914536, 458830459, 13, 1, 110664480, 0
2, 15, 6, 18, 447914536, 458830459, 13, 0, 124023554, 0
2, 15, 6, 18, 447914536, 458830459, 12, 1, 105790560, 0
2, 15, 6, 18, 447914536, 458830459, 12, 0, 120345681, 0
2, 15, 6, 18, 447914536, 458830459, 11, 1, 99729914, 0
2, 15, 6, 18, 447914536, 458830459, 11, 0, 116057419, 0
2, 15, 6, 18, 447914536, 458830459, 10, 1, 95087078, 0
2, 15, 6, 18, 447914536, 458830459, 10, 0, 116243527, 0
2, 15, 6, 18, 447914536, 458830459, 9, 1, 86540933, 0
2, 15, 6, 18, 447914536, 458830459, 9, 0, 110565559, 0
2, 15, 6, 18, 447914536, 458830459, 8, 1, 76342755, 0
2, 15, 6, 18, 447914536, 458830459, 8, 0, 101053138, 0
2, 15, 6, 18, 447914536, 458830459, 7, 1, 65406976, 0
2, 15, 6, 18, 447914536, 458830459, 7, 0, 91732033, 0
2, 15, 6, 18, 447914536, 458830459, 6, 1, 57851231, 0
2, 15, 6, 18, 447914536, 458830459, 6, 0, 96174705, 0
2, 15, 6, 18, 447914536, 458830459, 5, 1, 55516596, 0
2, 15, 6, 18, 447914536, 458830459, 5, 0, 87132958, 0
2, 15, 6, 18, 447914536, 458830459, 4, 1, 51535096, 0
2, 15, 6, 18, 447914536, 458830459, 4, 0, 72199524, 0
2, 15, 6, 18, 447914536, 458830459, 3, 1, 48997610, 0
2, 15, 6, 18, 447914536, 458830459, 3, 0, 55988501, 0
2, 15, 6, 18, 447914536, 458830459, 2, 1, 48731062, 0
2, 15, 6, 18, 447914536, 458830459, 2, 0, 73493645, 0
2, 15, 6, 18, 447914536, 458830459, 1, 1, 28875945, 0
2, 15, 6, 18, 447914536, 458830459, 1, 0, 51284483, 0
2, 15, 6, 18, 447914536, 458830459, 0, 1, 10301546, 1
2, 16, 6, 18, 458830460, 463328558, 13, 1, 115371995, 0
2, 16, 6, 18, 458830460, 463328558, 13, 0, 119465705, 0
2, 16, 6, 18, 458830460, 463328558, 12, 1, 112330452, 0
2, 16, 6, 18, 458830460, 463328558, 12, 0, 116452483, 0
2, 16, 6, 18, 458830460, 463328558, 11, 1, 108226103, 0
2, 16, 6, 18, 458830460, 463328558, 11, 0, 112408042, 0
2, 16, 6, 18, 458830460, 463328558, 10, 1, 103583854, 0
2, 16, 6, 18, 458830460, 463328558, 10, 0, 108233782, 0
2, 16, 6, 18, 458830460, 463328558, 9, 1, 97545229, 0
2, 16, 6, 18, 458830460, 463328558, 9, 0, 102001647, 0
2, 16, 6, 18, 458830460, 463328558, 8, 1, 90960362, 0
2, 16, 6, 18, 458830460, 463328558, 8, 0, 97082103, 0
2, 16, 6, 18, 458830460, 463328558, 7, 1, 84037803, 0
2, 16, 6, 18, 458830460, 463328558, 7, 0, 91995287, 0
2, 16, 6, 18, 458830460, 463328558, 6, 1, 73532206, 0
2, 16, 6, 18, 458830460, 463328558, 6, 0, 81760909, 0
2, 16, 6, 18, 458830460, 463328558, 5, 1, 61725249, 0
2, 16, 6, 18, 458830460, 463328558, 5, 0, 68654870, 0
2, 16, 6, 18, 458830460, 463328558, 4, 1, 52944082, 0
2, 16, 6, 18, 458830460, 463328558, 4, 0, 55377774, 0
2, 16, 6, 18, 458830460, 463328558, 3, 1, 41417607, 0
2, 16, 6, 18, 458830460, 463328558, 3, 0, 44545913, 0
2, 16, 6, 18, 458830460, 463328558, 2, 1, 32435180, 0
2, 16, 6, 18, 458830460, 463328558, 2, 0, 35724618, 0
2, 16, 6, 18, 458830460, 463328558, 1, 1, 24089102, 0
2, 16, 6, 18, 458830460, 463328558, 1, 0, 34665122, 0
2, 16, 6, 18, 458830460, 463328558, 0, 1, 13940081, 1
2, 17, 6, 18, 463328559, 482216533, 13, 1, 119541595, 0
2, 17, 6, 18, 463328559, 482216533, 13, 0, 119761099, 0
2, 17, 6, 18, 463328559, 482216533, 12, 1, 113679198, 0
2, 17, 6, 18, 463328559, 482216533, 12, 0, 106595561, 0
2, 17, 6, 18, 463328559, 482216533, 11, 1, 103390293, 0
2, 17, 6, 18, 463328559, 482216533, 11, 0, 96073368, 0
2, 17, 6, 18, 463328559, 482216533, 10, 1, 106672761, 0
2, 17, 6, 18, 463328559, 482216533, 10, 0, 105680705, 0
2, 17, 6, 18, 463328559, 482216533, 9, 1, 91209694, 0
2, 17, 6, 18, 463328559, 482216533, 9, 0, 89416504, 0
2, 17, 6, 18, 463328559, 482216533, 8, 1, 84288380, 0
2, 17, 6, 18, 463328559, 482216533, 8, 0, 89788784, 0
2, 17, 6, 18, 463328559, 482216533, 7, 1, 66649448, 1
2, 17, 6, 18, 463328559, 482216533, 7, 0, 70130696, 0
2, 17, 6, 18, 463328559, 482216533, 6, 1, 54943842, 1
2, 17, 6, 18, 463328559, 482216533, 6, 0, 69365560, 0
2, 17, 6, 18, 463328559, 482216533, 5, 1, 50325167, 1
2, 17, 6, 18, 463328559, 482216533, 5, 0, 51100051, 0
2, 17, 6, 18, 463328559, 482216533, 4, 1, 49152224, 1
2, 17, 6, 18, 463328559, 482216533, 4, 0, 36073359, 0
2, 17, 6, 18, 463328559, 482216533, 3, 1, 51205817, 1
2, 17, 6, 18, 463328559, 482216533, 3, 0, 20121380, 0
2, 17, 6, 18, 463328559, 482216533, 2, 1, 55801977, 1
2, 17, 6, 18, 463328559, 482216533, 2, 0, 30182070, 0
2, 17, 6, 18, 463328559, 482216533, 1, 1, 67400445, 1
2, 17, 6, 18, 463328559, 482216533, 1, 0, 60364139, 0
2, 17, 6, 18, 463328559, 482216533, 0, 1, 78291616, 1
2, 18, 6, 18, 482216534, 490628307, 13, 1, 58045843, 0
2, 18, 6, 18, 482216534, 490628307, 13, 0, 59862517, 0
2, 18, 6, 18, 482216534, 490628307, 12, 1, 55511415, 0
2, 18, 6, 18, 482216534, 490628307, 12, 0, 49896695, 0
2, 18, 6, 18, 482216534, 490628307, 11, 1, 48594822, 0
2, 18, 6, 18, 482216534, 490628307, 11, 0, 44136241, 0
2, 18, 6, 18, 482216534, 490628307, 10, 1, 45702960, 0
2, 18, 6, 18, 482216534, 490628307, 10, 0, 48549865, 0
2, 18, 6, 18, 482216534, 490628307, 9, 1, 35303912, 0
2, 18, 6, 18, 482216534, 490628307, 9, 0, 38057569, 0
2, 18, 6, 18, 482216534, 490628307, 8, 1, 26875813, 0
2, 18, 6, 18, 482216534, 490628307, 8, 0, 32316147, 0
2, 18, 6, 18, 482216534, 490628307, 7, 1, 16125603, 0
2, 18, 6, 18, 482216534, 490628307, 7, 0, 20030253, 0
2, 18, 6, 18, 482216534, 490628307, 6, 1, 10785521, 0
2, 18, 6, 18, 482216534, 490628307, 6, 0, 23368629, 0
2, 18, 6, 18, 482216534, 490628307, 5, 1, 8054242, 0
2, 18, 6, 18, 482216534, 490628307, 5, 0, 17719331, 0
2, 18, 6, 18, 482216534, 490628307, 4, 1, 1, 1
2, 18, 6, 18, 482216534, 490628307, 4, 0, 1, 0
2, 18, 6, 18, 482216534, 490628307, 3, 1, 1, 1
2, 18, 6, 18, 482216534, 490628307, 3, 0, 1, 0
2, 18, 6, 18, 482216534, 490628307, 2, 1, 1, 1
2, 18, 6, 18, 482216534, 490628307, 2, 0, 1, 0
2, 18, 6, 18, 482216534, 490628307, 1, 1, 1, 1
2, 18, 6, 18, 482216534, 490628307, 1, 0, 1, 0
2, 18, 6, 18, 482216534, 490628307, 0, 1, 1, 1
2, 19, 6, 18, 490628308, 508135438, 13, 1, 125556459, 0
2, 19, 6, 18, 490628308, 508135438, 13, 0, 128575778, 0
2, 19, 6, 18, 490628308, 508135438, 12, 1, 115965542, 0
2, 19, 6, 18, 490628308, 508135438, 12, 0, 115585604, 0
2, 19, 6, 18, 490628308, 508135438, 11, 1, 105123886, 0
2, 19, 6, 18, 490628308, 508135438, 11, 0, 107533322, 0
2, 19, 6, 18, 490628308, 508135438, 10, 1, 99386154, 0
2, 19, 6, 18, 490628308, 508135438, 10, 0, 111585426, 0
2, 19, 6, 18, 490628308, 508135438, 9, 1, 88688471, 0
2, 19, 6, 18, 490628308, 508135438, 9, 0, 101889198, 0
2, 19, 6, 18, 490628308, 508135438, 8, 1, 71619683, 0
2, 19, 6, 18, 490628308, 508135438, 8, 0, 86854816, 0
2, 19, 6, 18, 490628308, 508135438, 7, 1, 58777405, 0
2, 19, 6, 18, 490628308, 508135438, 7, 0, 76221580, 0
2, 19, 6, 18, 490628308, 508135438, 6, 1, 43516274, 0
2, 19, 6, 18, 490628308, 508135438, 6, 0, 65188816, 0
2, 19, 6, 18, 490628308, 508135438, 5, 1, 38272000, 0
2, 19, 6, 18, 490628308, 508135438, 5, 0, 52938115, 0
2, 19, 6, 18, 490628308, 508135438, 4, 1, 20260988, 0
2, 19, 6, 18, 490628308, 508135438, 4, 0, 29570214, 0
2, 19, 6, 18, 490628308, 508135438, 3, 1, 12149121, 0
2, 19, 6, 18, 490628308, 508135438, 3, 0, 24980240, 0
2, 19, 6, 18, 490628308, 508135438, 2, 1, 13350973, 0
2, 19, 6, 18, 490628308, 508135438, 2, 0, 28325869, 0
2, 19, 6, 18, 490628308, 508135438, 1, 1, 8944536, 0
2, 19, 6, 18, 490628308, 508135438, 1, 0, 22948809, 0
2, 19, 6, 18, 490628308, 508135438, 0, 1, 1, 1
2, 20, 6, 18, 508135439, 532623709, 13, 1, 445648787, 0
2, 20, 6, 18, 508135439, 532623709, 13, 0, 494856124, 0
2, 20, 6, 18, 508135439, 532623709, 12, 1, 424472742, 0
2, 20, 6, 18, 508135439, 532623709, 12, 0, 470908375, 0
2, 20, 6, 18, 508135439, 532623709, 11, 1, 396225934, 0
2, 20, 6, 18, 508135439, 532623709, 11, 0, 455360686, 0
2, 20, 6, 18, 508135439, 532623709, 10, 1, 388203110, 0
2, 20, 6, 18, 508135439, 532623709, 10, 0, 460131617, 0
2, 20, 6, 18, 508135439, 532623709, 9, 1, 358998271, 0
2, 20, 6, 18, 508135439, 532623709, 9, 0, 435624991, 0
2, 20, 6, 18, 508135439, 532623709, 8, 1, 335853325, 0
2, 20, 6, 18, 508135439, 532623709, 8, 0, 436561282, 0
2, 20, 6, 18, 508135439, 532623709, 7, 1, 312360557, 0
2, 20, 6, 18, 508135439, 532623709, 7, 0, 425907835, 0
2, 20, 6, 18, 508135439, 532623709, 6, 1, 272443174, 0
2, 20, 6, 18, 508135439, 532623709, 6, 0, 393747745, 0
2, 20, 6, 18, 508135439, 532623709, 5, 1, 258537820, 0
2, 20, 6, 18, 508135439, 532623709, 5, 0, 397910644, 0
2, 20, 6, 18, 508135439, 532623709, 4, 1, 245363126, 0
2, 20, 6, 18, 508135439, 532623709, 4, 0, 409043628, 0
2, 20, 6, 18, 508135439, 532623709, 3, 1, 282131212, 0
2, 20, 6, 18, 508135439, 532623709, 3, 0, 513682487, 0
2, 20, 6, 18, 508135439, 532623709, 2, 1, 283885727, 0
2, 20, 6, 18, 508135439, 532623709, 2, 0, 492778807, 0
2, 20, 6, 18, 508135439, 532623709, 1, 1, 301640292, 0
2, 20, 6, 18, 508135439, 532623709, 1, 0, 471049853, 0
2, 20, 6, 18, 508135439, 532623709, 0, 1, 169898777, 1
2, 21, 6, 18, 532623710, 566790927, 13, 1, 692335690, 0
2, 21, 6, 18, 532623710, 566790927, 13, 0, 771685018, 0
2, 21, 6, 18, 532623710, 566790927, 12, 1, 656760695, 0
2, 21, 6, 18, 532623710, 566790927, 12, 0, 735394885, 0
2, 21, 6, 18, 532623710, 566790927, 11, 1, 666007836, 0
2, 21, 6, 18, 532623710, 566790927, 11, 0, 702172862, 0
2, 21, 6, 18, 532623710, 566790927, 10, 1, 634388776, 0
2, 21, 6, 18, 532623710, 566790927, 10, 0, 672712063, 0
2, 21, 6, 18, 532623710, 566790927, 9, 1, 595551005, 0
2, 21, 6, 18, 532623710, 566790927, 9, 0, 627217864, 0
2, 21, 6, 18, 532623710, 566790927, 8, 1, 552831811, 0
2, 21, 6, 18, 532623710, 566790927, 8, 0, 600967866, 0
2, 21, 6, 18, 532623710, 566790927, 7, 1, 509022582, 0
2, 21, 6, 18, 532623710, 566790927, 7, 0, 553074930, 0
2, 21, 6, 18, 532623710, 566790927, 6, 1, 463440410, 0
2, 21, 6, 18, 532623710, 566790927, 6, 0, 517219855, 0
2, 21, 6, 18, 532623710, 566790927, 5, 1, 423994306, 0
2, 21, 6, 18, 532623710, 566790927, 5, 0, 498371464, 0
2, 21, 6, 18, 532623710, 566790927, 4, 1, 389913113, 0
2, 21, 6, 18, 532623710, 566790927, 4, 0, 466166014, 0
2, 21, 6, 18, 532623710, 566790927, 3, 1, 412726268, 0
2, 21, 6, 18, 532623710, 566790927, 3, 0, 547704177, 0
2, 21, 6, 18, 532623710, 566790927, 2, 1, 528684104, 0
2, 21, 6, 18, 532623710, 566790927, 2, 0, 718013138, 0
2, 21, 6, 18, 532623710, 566790927, 1, 1, 612850164, 0
2, 21, 6, 18, 532623710, 566790927, 1, 0, 650466203, 0
2, 21, 6, 18, 532623710, 566790927, 0, 1, 1, 1
2, 22, 6, 18, 566790928, 687482931, 13, 1, 502139004, 1
2, 22, 6, 18, 566790928, 687482931, 13, 0, 409987272, 0
2, 22, 6, 18, 566790928, 687482931, 12, 1, 473706874, 1
2, 22, 6, 18, 566790928, 687482931, 12, 0, 363747551, 0
2, 22, 6, 18, 566790928, 687482931, 11, 1, 452866561, 1
2, 22, 6, 18, 566790928, 687482931, 11, 0, 311172550, 0
2, 22, 6, 18, 566790928, 687482931, 10, 1, 447799927, 1
2, 22, 6, 18, 566790928, 687482931, 10, 0, 315616059, 0
2, 22, 6, 18, 566790928, 687482931, 9, 1, 433719907, 1
2, 22, 6, 18, 566790928, 687482931, 9, 0, 296479597, 0
2, 22, 6, 18, 566790928, 687482931, 8, 1, 409381625, 1
2, 22, 6, 18, 566790928, 687482931, 8, 0, 261008309, 0
2, 22, 6, 18, 566790928, 687482931, 7, 1, 379104597, 1
2, 22, 6, 18, 566790928, 687482931, 7, 0, 199077658, 0
2, 22, 6, 18, 566790928, 687482931, 6, 1, 389842424, 1
2, 22, 6, 18, 566790928, 687482931, 6, 0, 232257267, 0
2, 22, 6, 18, 566790928, 687482931, 5, 1, 451542891, 1
2, 22, 6, 18, 566790928, 687482931, 5, 0, 278708721, 0
2, 22, 6, 18, 566790928, 687482931, 4, 1, 491371154, 1
2, 22, 6, 18, 566790928, 687482931, 4, 0, 348385901, 0
2, 22, 6, 18, 566790928, 687482931, 3, 1, 457258205, 1
2, 22, 6, 18, 566790928, 687482931, 3, 0, 238880692, 0
2, 22, 6, 18, 566790928, 687482931, 2, 1, 447716418, 1
2, 22, 6, 18, 566790928, 687482931, 2, 0, 215920461, 0
2, 22, 6, 18, 566790928, 687482931, 1, 1, 500830267, 1
2, 22, 6, 18, 566790928, 687482931, 1, 0, 362319168, 0
2, 22, 6, 18, 566790928, 687482931, 0, 1, 635159479, 1
2, 23, 6, 18, 687482932, 855593608, 13, 1, 392831688, 0
2, 23, 6, 18, 687482932, 855593608, 13, 0, 303678176, 0
2, 23, 6, 18, 687482932, 855593608, 12, 1, 369134769, 0
2, 23, 6, 18, 687482932, 855593608, 12, 0, 265960027, 0
2, 23, 6, 18, 687482932, 855593608, 11, 1, 358273835, 0
2, 23, 6, 18, 687482932, 855593608, 11, 0, 232699157, 0
2, 23, 6, 18, 687482932, 855593608, 10, 1, 362664498, 0
2, 23, 6, 18, 687482932, 855593608, 10, 0, 255231501, 0
2, 23, 6, 18, 687482932, 855593608, 9, 1, 353141481, 0
2, 23, 6, 18, 687482932, 855593608, 9, 0, 243655305, 0
2, 23, 6, 18, 687482932, 855593608, 8, 1, 334432438, 0
2, 23, 6, 18, 687482932, 855593608, 8, 0, 217634350, 0
2, 23, 6, 18, 687482932, 855593608, 7, 1, 316936645, 0
2, 23, 6, 18, 687482932, 855593608, 7, 0, 176582824, 0
2, 23, 6, 18, 687482932, 855593608, 6, 1, 325479933, 0
2, 23, 6, 18, 687482932, 855593608, 6, 0, 206013294, 0
2, 23, 6, 18, 687482932, 855593608, 5, 1, 339630380, 0
2, 23, 6, 18, 687482932, 855593608, 5, 0, 247215953, 0
2, 23, 6, 18, 687482932, 855593608, 4, 1, 361595203, 0
2, 23, 6, 18, 687482932, 855593608, 4, 0, 309019941, 0
2, 23, 6, 18, 687482932, 855593608, 3, 1, 396566362, 0
2, 23, 6, 18, 687482932, 855593608, 3, 0, 412026588, 0
2, 23, 6, 18, 687482932, 855593608, 2, 1, 393851528, 0
2, 23, 6, 18, 687482932, 855593608, 2, 0, 454670175, 0
2, 23, 6, 18, 687482932, 855593608, 1, 1, 353672178, 0
2, 23, 6, 18, 687482932, 855593608, 1, 0, 431280258, 0
2, 23, 6, 18, 687482932, 855593608, 0, 1, 167205226, 1
2, 24, 6, 18, 855593609, 980367343, 13, 1, 20955100, 0
2, 24, 6, 18, 855593609, 980367343, 13, 0, 11815791, 0
2, 24, 6, 18, 855593609, 980367343, 12, 1, 11577141, 1
2, 24, 6, 18, 855593609, 980367343, 12, 0, 1, 0
2, 24, 6, 18, 855593609, 980367343, 11, 1, 6734328, 1
2, 24, 6, 18, 855593609, 980367343, 11, 0, 1, 0
2, 24, 6, 18, 855593609, 980367343, 10, 1, 7375693, 1
2, 24, 6, 18, 855593609, 980367343, 10, 0, 1, 0
2, 24, 6, 18, 855593609, 980367343, 9, 1, 4699672, 1
2, 24, 6, 18, 855593609, 980367343, 9, 0, 1, 0
2, 24, 6, 18, 855593609, 980367343, 8, 1, 1462229, 1
2, 24, 6, 18, 855593609, 980367343, 8, 0, 1, 0
2, 24, 6, 18, 855593609, 980367343, 7, 1, 1657192, 1
2, 24, 6, 18, 855593609, 980367343, 7, 0, 1, 0
2, 24, 6, 18, 855593609, 980367343, 6, 1, 1912145, 1
2, 24, 6, 18, 855593609, 980367343, 6, 0, 1, 0
2, 24, 6, 18, 855593609, 980367343, 5, 1, 2259808, 1
2, 24, 6, 18, 855593609, 980367343, 5, 0, 1, 0
2, 24, 6, 18, 855593609, 980367343, 4, 1, 2184757, 1
2, 24, 6, 18, 855593609, 980367343, 4, 0, 1, 0
2, 24, 6, 18, 855593609, 980367343, 3, 1, 2808973, 1
2, 24, 6, 18, 855593609, 980367343, 3, 0, 1, 0
2, 24, 6, 18, 855593609, 980367343, 2, 1, 3932563, 1
2, 24, 6, 18, 855593609, 980367343, 2, 0, 1, 0
2, 24, 6, 18, 855593609, 980367343, 1, 1, 6554271, 1
2, 24, 6, 18, 855593609, 980367343, 1, 0, 1, 0
2, 24, 6, 18, 855593609, 980367343, 0, 1, 1, 1
2, 25, 6, 18, 980367344, 1073968318, 13, 1, 16023775, 0
2, 25, 6, 18, 980367344, 1073968318, 13, 0, 17769607, 0
2, 25, 6, 18, 980367344, 1073968318, 12, 1, 6638181, 0
2, 25, 6, 18, 980367344, 1073968318, 12, 0, 7685603, 0
2, 25, 6, 18, 980367344, 1073968318, 11, 1, 1, 1
2, 25, 6, 18, 980367344, 1073968318, 11, 0, 1, 0
2, 25, 6, 18, 980367344, 1073968318, 10, 1, 1, 1
2, 25, 6, 18, 980367344, 1073968318, 10, 0, 1, 0
2, 25, 6, 18, 980367344, 1073968318, 9, 1, 1, 1
2, 25, 6, 18, 980367344, 1073968318, 9, 0, 1, 0
2, 25, 6, 18, 980367344, 1073968318, 8, 1, 1, 1
2, 25, 6, 18, 980367344, 1073968318, 8, 0, 1, 0
2, 25, 6, 18, 980367344, 1073968318, 7, 1, 1, 1
2, 25, 6, 18, 980367344, 1073968318, 7, 0, 1, 0
2, 25, 6, 18, 980367344, 1073968318, 6, 1, 1, 1
2, 25, 6, 18, 980367344, 1073968318, 6, 0, 1, 0
2, 25, 6, 18, 980367344, 1073968318, 5, 1, 1, 1
2, 25, 6, 18, 980367344, 1073968318, 5, 0, 1, 0
2, 25, 6, 18, 980367344, 1073968318, 4, 1, 1, 1
2, 25, 6, 18, 980367344, 1073968318, 4, 0, 1, 0
2, 25, 6, 18, 980367344, 1073968318, 3, 1, 1, 1
2, 25, 6, 18, 980367344, 1073968318, 3, 0, 1, 0
2, 25, 6, 18, 980367344, 1073968318, 2, 1, 1, 1
2, 25, 6, 18, 980367344, 1073968318, 2, 0, 1, 0
2, 25, 6, 18, 980367344, 1073968318, 1, 1, 1, 1
2, 25, 6, 18, 980367344, 1073968318, 1, 0, 1, 0
2, 25, 6, 18, 980367344, 1073968318, 0, 1, 1, 1
2, 26, 6, 18, 1073968319, 1133033365, 13, 1, 9381007, 0
2, 26, 6, 18, 1073968319, 1133033365, 13, 0, 8988672, 0
2, 26, 6, 18, 1073968319, 1133033365, 12, 1, 3634194, 0
2, 26, 6, 18, 1073968319, 1133033365, 12, 0, 2707715, 0
2, 26, 6, 18, 1073968319, 1133033365, 11, 1, 687956, 1
2, 26, 6, 18, 1073968319, 1133033365, 11, 0, 1, 0
2, 26, 6, 18, 1073968319, 1133033365, 10, 1, 753476, 1
2, 26, 6, 18, 1073968319, 1133033365, 10, 0, 1, 0
2, 26, 6, 18, 1073968319, 1133033365, 9, 1, 1, 1
2, 26, 6, 18, 1073968319, 1133033365, 9, 0, 1, 0
2, 26, 6, 18, 1073968319, 1133033365, 8, 1, 1, 1
2, 26, 6, 18, 1073968319, 1133033365, 8, 0, 1, 0
2, 26, 6, 18, 1073968319, 1133033365, 7, 1, 1, 1
2, 26, 6, 18, 1073968319, 1133033365, 7, 0, 1, 0
2, 26, 6, 18, 1073968319, 1133033365, 6, 1, 1, 1
2, 26, 6, 18, 1073968319, 1133033365, 6, 0, 1, 0
2, 26, 6, 18, 1073968319, 1133033365, 5, 1, 1, 1
2, 26, 6, 18, 1073968319, 1133033365, 5, 0, 1, 0
2, 26, 6, 18, 1073968319, 1133033365, 4, 1, 1, 1
2, 26, 6, 18, 1073968319, 1133033365, 4, 0, 1, 0
2, 26, 6, 18, 1073968319, 1133033365, 3, 1, 1, 1
2, 26, 6, 18, 1073968319, 1133033365, 3, 0, 1, 0
2, 26, 6, 18, 1073968319, 1133033365, 2, 1, 1, 1
2, 26, 6, 18, 1073968319, 1133033365, 2, 0, 1, 0
2, 26, 6, 18, 1073968319, 1133033365, 1, 1, 1, 1
2, 26, 6, 18, 1073968319, 1133033365, 1, 0, 1, 0
2, 26, 6, 18, 1073968319, 1133033365, 0, 1, 1, 1
2, 27, 6, 18, 1133033366, 1250565033, 13, 1, 27530143, 0
2, 27, 6, 18, 1133033366, 1250565033, 13, 0, 29947260, 0
2, 27, 6, 18, 1133033366, 1250565033, 12, 1, 18559880, 1
2, 27, 6, 18, 1133033366, 1250565033, 12, 0, 20542663, 0
2, 27, 6, 18, 1133033366, 1250565033, 11, 1, 16220095, 1
2, 27, 6, 18, 1133033366, 1250565033, 11, 0, 14143375, 0
2, 27, 6, 18, 1133033366, 1250565033, 10, 1, 15347209, 1
2, 27, 6, 18, 1133033366, 1250565033, 10, 0, 10480633, 0
2, 27, 6, 18, 1133033366, 1250565033, 9, 1, 11982910, 1
2, 27, 6, 18, 1133033366, 1250565033, 9, 0, 9383942, 0
2, 27, 6, 18, 1133033366, 1250565033, 8, 1, 13392664, 1
2, 27, 6, 18, 1133033366, 1250565033, 8, 0, 10556935, 0
2, 27, 6, 18, 1133033366, 1250565033, 7, 1, 15178353, 1
2, 27, 6, 18, 1133033366, 1250565033, 7, 0, 12065068, 0
2, 27, 6, 18, 1133033366, 1250565033, 6, 1, 17513484, 1
2, 27, 6, 18, 1133033366, 1250565033, 6, 0, 14075913, 0
2, 27, 6, 18, 1133033366, 1250565033, 5, 1, 18561689, 1
2, 27, 6, 18, 1133033366, 1250565033, 5, 0, 12191755, 0
2, 27, 6, 18, 1133033366, 1250565033, 4, 1, 14935195, 1
2, 27, 6, 18, 1133033366, 1250565033, 4, 0, 9365518, 0
2, 27, 6, 18, 1133033366, 1250565033, 3, 1, 19202394, 1
2, 27, 6, 18, 1133033366, 1250565033, 3, 0, 12487357, 0
2, 27, 6, 18, 1133033366, 1250565033, 2, 1, 26883351, 1
2, 27, 6, 18, 1133033366, 1250565033, 2, 0, 18731036, 0
2, 27, 6, 18, 1133033366, 1250565033, 1, 1, 44805585, 0
2, 27, 6, 18, 1133033366, 1250565033, 1, 0, 37462071, 0
2, 27, 6, 18, 1133033366, 1250565033, 0, 1, 28121575, 1
2, 28, 6, 18, 1250565034, 1270595336, 13, 1, 435032025, 0
2, 28, 6, 18, 1250565034, 1270595336, 13, 0, 473120855, 0
2, 28, 6, 18, 1250565034, 1270595336, 12, 1, 456972435, 0
2, 28, 6, 18, 1250565034, 1270595336, 12, 0, 485751442, 0
2, 28, 6, 18, 1250565034, 1270595336, 11, 1, 481808106, 0
2, 28, 6, 18, 1250565034, 1270595336, 11, 0, 498753897, 0
2, 28, 6, 18, 1250565034, 1270595336, 10, 1, 484057309, 0
2, 28, 6, 18, 1250565034, 1270595336, 10, 0, 506944359, 0
2, 28, 6, 18, 1250565034, 1270595336, 9, 1, 496695300, 0
2, 28, 6, 18, 1250565034, 1270595336, 9, 0, 525724682, 0
2, 28, 6, 18, 1250565034, 1270595336, 8, 1, 498438851, 0
2, 28, 6, 18, 1250565034, 1270595336, 8, 0, 502523217, 0
2, 28, 6, 18, 1250565034, 1270595336, 7, 1, 481149159, 0
2, 28, 6, 18, 1250565034, 1270595336, 7, 0, 481441386, 0
2, 28, 6, 18, 1250565034, 1270595336, 6, 1, 422626569, 0
2, 28, 6, 18, 1250565034, 1270595336, 6, 0, 406530468, 0
2, 28, 6, 18, 1250565034, 1270595336, 5, 1, 310418564, 0
2, 28, 6, 18, 1250565034, 1270595336, 5, 0, 275798618, 0
2, 28, 6, 18, 1250565034, 1270595336, 4, 1, 141272926, 1
2, 28, 6, 18, 1250565034, 1270595336, 4, 0, 79700843, 0
2, 28, 6, 18, 1250565034, 1270595336, 3, 1, 171490940, 1
2, 28, 6, 18, 1250565034, 1270595336, 3, 0, 106267790, 0
2, 28, 6, 18, 1250565034, 1270595336, 2, 1, 134003234, 0
2, 28, 6, 18, 1250565034, 1270595336, 2, 0, 159401685, 0
2, 28, 6, 18, 1250565034, 1270595336, 1, 1, 99662682, 1
2, 28, 6, 18, 1250565034, 1270595336, 1, 0, 1, 0
2, 28, 6, 18, 1250565034, 1270595336, 0, 1, 153258906, 1
2, 29, 6, 18, 1270595337, 1278895454, 13, 1, 101042493, 0
2, 29, 6, 18, 1270595337, 1278895454, 13, 0, 163449246, 0
2, 29, 6, 18, 1270595337, 1278895454, 12, 1, 102235855, 0
2, 29, 6, 18, 1270595337, 1278895454, 12, 0, 162715771, 0
2, 29, 6, 18, 1270595337, 1278895454, 11, 1, 101584446, 0
2, 29, 6, 18, 1270595337, 1278895454, 11, 0, 157557738, 0
2, 29, 6, 18, 1270595337, 1278895454, 10, 1, 76336419, 0
2, 29, 6, 18, 1270595337, 1278895454, 10, 0, 130445629, 0
2, 29, 6, 18, 1270595337, 1278895454, 9, 1, 49948617, 1
2, 29, 6, 18, 1270595337, 1278895454, 9, 0, 72268358, 0
2, 29, 6, 18, 1270595337, 1278895454, 8, 1, 43008851, 0
2, 29, 6, 18, 1270595337, 1278895454, 8, 0, 81301903, 0
2, 29, 6, 18, 1270595337, 1278895454, 7, 1, 5382350, 1
2, 29, 6, 18, 1270595337, 1278895454, 7, 0, 1, 0
2, 29, 6, 18, 1270595337, 1278895454, 6, 1, 6210404, 1
2, 29, 6, 18, 1270595337, 1278895454, 6, 0, 1, 0
2, 29, 6, 18, 1270595337, 1278895454, 5, 1, 7339568, 1
2, 29, 6, 18, 1270595337, 1278895454, 5, 0, 1, 0
2, 29, 6, 18, 1270595337, 1278895454, 4, 1, 8970583, 1
2, 29, 6, 18, 1270595337, 1278895454, 4, 0, 1, 0
2, 29, 6, 18, 1270595337, 1278895454, 3, 1, 11533607, 1
2, 29, 6, 18, 1270595337, 1278895454, 3, 0, 1, 0
2, 29, 6, 18, 1270595337, 1278895454, 2, 1, 16147049, 1
2, 29, 6, 18, 1270595337, 1278895454, 2, 0, 1, 0
2, 29, 6, 18, 1270595337, 1278895454, 1, 1, 26911748, 1
2, 29, 6, 18, 1270595337, 1278895454, 1, 0, 1, 0
2, 29, 6, 18, 1270595337, 1278895454, 0, 1, 80735243, 1
2, 30, 6, 18, 1278895455, 1291126709, 13, 1, 6786191, 0
2, 30, 6, 18, 1278895455, 1291126709, 13, 0, 8728676, 0
2, 30, 6, 18, 1278895455, 1291126709, 12, 1, 4831769, 0
2, 30, 6, 18, 1278895455, 1291126709, 12, 0, 6854693, 0
2, 30, 6, 18, 1278895455, 1291126709, 11, 1, 3894685, 0
2, 30, 6, 18, 1278895455, 1291126709, 11, 0, 4639987, 0
2, 30, 6, 18, 1278895455, 1291126709, 10, 1, 3549719, 0
2, 30, 6, 18, 1278895455, 1291126709, 10, 0, 3600620, 0
2, 30, 6, 18, 1278895455, 1291126709, 9, 1, 2400939, 0
2, 30, 6, 18, 1278895455, 1291126709, 9, 0, 2793908, 0
2, 30, 6, 18, 1278895455, 1291126709, 8, 1, 2283148, 0
2, 30, 6, 18, 1278895455, 1291126709, 8, 0, 3143147, 0
2, 30, 6, 18, 1278895455, 1291126709, 7, 1, 1497254, 0
2, 30, 6, 18, 1278895455, 1291126709, 7, 0, 2621599, 0
2, 30, 6, 18, 1278895455, 1291126709, 6, 1, 1727601, 0
2, 30, 6, 18, 1278895455, 1291126709, 6, 0, 3058533, 0
2, 30, 6, 18, 1278895455, 1291126709, 5, 1, 2041710, 0
2, 30, 6, 18, 1278895455, 1291126709, 5, 0, 3670239, 0
2, 30, 6, 18, 1278895455, 1291126709, 4, 1, 2495423, 0
2, 30, 6, 18, 1278895455, 1291126709, 4, 0, 4587799, 0
2, 30, 6, 18, 1278895455, 1291126709, 3, 1, 2713440, 0
2, 30, 6, 18, 1278895455, 1291126709, 3, 0, 4962156, 0
2, 30, 6, 18, 1278895455, 1291126709, 2, 1, 1173238, 0
2, 30, 6, 18, 1278895455, 1291126709, 2, 0, 2933095, 0
2, 30, 6, 18, 1278895455, 1291126709, 1, 1, 1, 1
2, 30, 6, 18, 1278895455, 1291126709, 1, 0, 1, 0
2, 30, 6, 18, 1278895455, 1291126709, 0, 1, 1, 1
2, 31, 6, 18, 1291126710, 1306236926, 13, 1, 5809355, 0
2, 31, 6, 18, 1291126710, 1306236926, 13, 0, 6842415, 0
2, 31, 6, 18, 1291126710, 1306236926, 12, 1, 3285180, 0
2, 31, 6, 18, 1291126710, 1306236926, 12, 0, 4299155, 0
2, 31, 6, 18, 1291126710, 1306236926, 11, 1, 1946434, 0
2, 31, 6, 18, 1291126710, 1306236926, 11, 0, 1293483, 0
2, 31, 6, 18, 1291126710, 1306236926, 10, 1, 939999, 0
2, 31, 6, 18, 1291126710, 1306236926, 10, 0, 490986, 0
2, 31, 6, 18, 1291126710, 1306236926, 9, 1, 436188, 1
2, 31, 6, 18, 1291126710, 1306236926, 9, 0, 1, 0
2, 31, 6, 18, 1291126710, 1306236926, 8, 1, 335695, 1
2, 31, 6, 18, 1291126710, 1306236926, 8, 0, 1, 0
2, 31, 6, 18, 1291126710, 1306236926, 7, 1, 380454, 1
2, 31, 6, 18, 1291126710, 1306236926, 7, 0, 1, 0
2, 31, 6, 18, 1291126710, 1306236926, 6, 1, 438985, 1
2, 31, 6, 18, 1291126710, 1306236926, 6, 0, 1, 0
2, 31, 6, 18, 1291126710, 1306236926, 5, 1, 470979, 1
2, 31, 6, 18, 1291126710, 1306236926, 5, 0, 1, 0
2, 31, 6, 18, 1291126710, 1306236926, 4, 1, 515174, 1
2, 31, 6, 18, 1291126710, 1306236926, 4, 0, 1, 0
2, 31, 6, 18, 1291126710, 1306236926, 3, 1, 642384, 1
2, 31, 6, 18, 1291126710, 1306236926, 3, 0, 1, 0
2, 31, 6, 18, 1291126710, 1306236926, 2, 1, 843164, 1
2, 31, 6, 18, 1291126710, 1306236926, 2, 0, 1, 0
2, 31, 6, 18, 1291126710, 1306236926, 1, 1, 1, 1
2, 31, 6, 18, 1291126710, 1306236926, 1, 0, 1, 0
2, 31, 6, 18, 1291126710, 1306236926, 0, 1, 1, 1
2, 32, 6, 18, 1306236927, 1322593265, 13, 1, 6621605, 0
2, 32, 6, 18, 1306236927, 1322593265, 13, 0, 5978352, 0
2, 32, 6, 18, 1306236927, 1322593265, 12, 1, 5174985, 0
2, 32, 6, 18, 1306236927, 1322593265, 12, 0, 4417851, 0
2, 32, 6, 18, 1306236927, 1322593265, 11, 1, 2162977, 0
2, 32, 6, 18, 1306236927, 1322593265, 11, 0, 2409737, 0
2, 32, 6, 18, 1306236927, 1322593265, 10, 1, 1, 1
2, 32, 6, 18, 1306236927, 1322593265, 10, 0, 1, 0
2, 32, 6, 18, 1306236927, 1322593265, 9, 1, 1, 1
2, 32, 6, 18, 1306236927, 1322593265, 9, 0, 1, 0
2, 32, 6, 18, 1306236927, 1322593265, 8, 1, 1, 1
2, 32, 6, 18, 1306236927, 1322593265, 8, 0, 1, 0
2, 32, 6, 18, 1306236927, 1322593265, 7, 1, 1, 1
2, 32, 6, 18, 1306236927, 1322593265, 7, 0, 1, 0
2, 32, 6, 18, 1306236927, 1322593265, 6, 1, 1, 1
2, 32, 6, 18, 1306236927, 1322593265, 6, 0, 1, 0
2, 32, 6, 18, 1306236927, 1322593265, 5, 1, 1, 1
2, 32, 6, 18, 1306236927, 1322593265, 5, 0, 1, 0
2, 32, 6, 18, 1306236927, 1322593265, 4, 1, 1, 1
2, 32, 6, 18, 1306236927, 1322593265, 4, 0, 1, 0
2, 32, 6, 18, 1306236927, 1322593265, 3, 1, 1, 1
2, 32, 6, 18, 1306236927, 1322593265, 3, 0, 1, 0
2, 32, 6, 18, 1306236927, 1322593265, 2, 1, 1, 1
2, 32, 6, 18, 1306236927, 1322593265, 2, 0, 1, 0
2, 32, 6, 18, 1306236927, 1322593265, 1, 1, 1, 1
2, 32, 6, 18, 1306236927, 1322593265, 1, 0, 1, 0
2, 32, 6, 18, 1306236927, 1322593265, 0, 1, 1, 1
2, 33, 6, 18, 1322593266, 1352956904, 13, 1, 608178302, 0
2, 33, 6, 18, 1322593266, 1352956904, 13, 0, 517488669, 0
2, 33, 6, 18, 1322593266, 1352956904, 12, 1, 576951711, 0
2, 33, 6, 18, 1322593266, 1352956904, 12, 0, 560612724, 0
2, 33, 6, 18, 1322593266, 1352956904, 11, 1, 569998842, 0
2, 33, 6, 18, 1322593266, 1352956904, 11, 0, 492139389, 0
2, 33, 6, 18, 1322593266, 1352956904, 10, 1, 545376150, 0
2, 33, 6, 18, 1322593266, 1352956904, 10, 0, 457328569, 0
2, 33, 6, 18, 1322593266, 1352956904, 9, 1, 533050408, 0
2, 33, 6, 18, 1322593266, 1352956904, 9, 0, 423074380, 0
2, 33, 6, 18, 1322593266, 1352956904, 8, 1, 511509011, 0
2, 33, 6, 18, 1322593266, 1352956904, 8, 0, 386682647, 0
2, 33, 6, 18, 1322593266, 1352956904, 7, 1, 467785005, 0
2, 33, 6, 18, 1322593266, 1352956904, 7, 0, 323276534, 0
2, 33, 6, 18, 1322593266, 1352956904, 6, 1, 418473099, 0
2, 33, 6, 18, 1322593266, 1352956904, 6, 0, 244668221, 0
2, 33, 6, 18, 1322593266, 1352956904, 5, 1, 386013171, 0
2, 33, 6, 18, 1322593266, 1352956904, 5, 0, 167213193, 0
2, 33, 6, 18, 1322593266, 1352956904, 4, 1, 373905673, 0
2, 33, 6, 18, 1322593266, 1352956904, 4, 0, 209016492, 0
2, 33, 6, 18, 1322593266, 1352956904, 3, 1, 392692307, 0
2, 33, 6, 18, 1322593266, 1352956904, 3, 0, 157856341, 0
2, 33, 6, 18, 1322593266, 1352956904, 2, 1, 453227791, 0
2, 33, 6, 18, 1322593266, 1352956904, 2, 0, 54263808, 0
2, 33, 6, 18, 1322593266, 1352956904, 1, 1, 655373298, 0
2, 33, 6, 18, 1322593266, 1352956904, 1, 0, 9119873, 0
2, 33, 6, 18, 1322593266, 1352956904, 0, 1, 1, 1
2, 34, 6, 18, 1352956905, 1385262559, 13, 1, 430335684, 0
2, 34, 6, 18, 1352956905, 1385262559, 13, 0, 463693051, 0
2, 34, 6, 18, 1352956905, 1385262559, 12, 1, 461394878, 0
2, 34, 6, 18, 1352956905, 1385262559, 12, 0, 495318179, 0
2, 34, 6, 18, 1352956905, 1385262559, 11, 1, 501516171, 0
2, 34, 6, 18, 1352956905, 1385262559, 11, 0, 540347105, 0
2, 34, 6, 18, 1352956905, 1385262559, 10, 1, 451325928, 0
2, 34, 6, 18, 1352956905, 1385262559, 10, 0, 491913480, 0
2, 34, 6, 18, 1352956905, 1385262559, 9, 1, 475911758, 0
2, 34, 6, 18, 1352956905, 1385262559, 9, 0, 517380313, 0
2, 34, 6, 18, 1352956905, 1385262559, 8, 1, 466027827, 0
2, 34, 6, 18, 1352956905, 1385262559, 8, 0, 495394901, 0
2, 34, 6, 18, 1352956905, 1385262559, 7, 1, 430288148, 0
2, 34, 6, 18, 1352956905, 1385262559, 7, 0, 470376481, 0
2, 34, 6, 18, 1352956905, 1385262559, 6, 1, 402351720, 0
2, 34, 6, 18, 1352956905, 1385262559, 6, 0, 426549605, 0
2, 34, 6, 18, 1352956905, 1385262559, 5, 1, 351672201, 0
2, 34, 6, 18, 1352956905, 1385262559, 5, 0, 323091628, 0
2, 34, 6, 18, 1352956905, 1385262559, 4, 1, 243759786, 0
2, 34, 6, 18, 1352956905, 1385262559, 4, 0, 167904662, 0
2, 34, 6, 18, 1352956905, 1385262559, 3, 1, 166532857, 0
2, 34, 6, 18, 1352956905, 1385262559, 3, 0, 124742404, 0
2, 34, 6, 18, 1352956905, 1385262559, 2, 1, 158300558, 1
2, 34, 6, 18, 1352956905, 1385262559, 2, 0, 1, 0
2, 34, 6, 18, 1352956905, 1385262559, 1, 1, 1, 1
2, 34, 6, 18, 1352956905, 1385262559, 1, 0, 1, 0
2, 34, 6, 18, 1352956905, 1385262559, 0, 1, 1, 1
2, 35, 6, 18, 1385262560, 1473194598, 13, 1, 137988112, 0
2, 35, 6, 18, 1385262560, 1473194598, 13, 0, 128509012, 0
2, 35, 6, 18, 1385262560, 1473194598, 12, 1, 131096578, 0
2, 35, 6, 18, 1385262560, 1473194598, 12, 0, 139218096, 0
2, 35, 6, 18, 1385262560, 1473194598, 11, 1, 123028951, 0
2, 35, 6, 18, 1385262560, 1473194598, 11, 0, 111169871, 0
2, 35, 6, 18, 1385262560, 1473194598, 10, 1, 106475878, 0
2, 35, 6, 18, 1385262560, 1473194598, 10, 0, 99290020, 0
2, 35, 6, 18, 1385262560, 1473194598, 9, 1, 91238478, 0
2, 35, 6, 18, 1385262560, 1473194598, 9, 0, 80228726, 0
2, 35, 6, 18, 1385262560, 1473194598, 8, 1, 86952579, 0
2, 35, 6, 18, 1385262560, 1473194598, 8, 0, 90257317, 0
2, 35, 6, 18, 1385262560, 1473194598, 7, 1, 82122737, 0
2, 35, 6, 18, 1385262560, 1473194598, 7, 0, 81642928, 0
2, 35, 6, 18, 1385262560, 1473194598, 6, 1, 67358071, 0
2, 35, 6, 18, 1385262560, 1473194598, 6, 0, 71200850, 0
2, 35, 6, 18, 1385262560, 1473194598, 5, 1, 62996152, 0
2, 35, 6, 18, 1385262560, 1473194598, 5, 0, 61268418, 0
2, 35, 6, 18, 1385262560, 1473194598, 4, 1, 45227764, 0
2, 35, 6, 18, 1385262560, 1473194598, 4, 0, 43190126, 0
2, 35, 6, 18, 1385262560, 1473194598, 3, 1, 26835158, 0
2, 35, 6, 18, 1385262560, 1473194598, 3, 0, 25274742, 0
2, 35, 6, 18, 1385262560, 1473194598, 2, 1, 7685678, 1
2, 35, 6, 18, 1385262560, 1473194598, 2, 0, 8789534, 0
2, 35, 6, 18, 1385262560, 1473194598, 1, 1, 12809462, 1
2, 35, 6, 18, 1385262560, 1473194598, 1, 0, 17579067, 0
2, 35, 6, 18, 1385262560, 1473194598, 0, 1, 20849320, 1
2, 36, 6, 18, 1473194599, 1555225704, 13, 1, 113404996, 0
2, 36, 6, 18, 1473194599, 1555225704, 13, 0, 120180063, 0
2, 36, 6, 18, 1473194599, 1555225704, 12, 1, 105220140, 0
2, 36, 6, 18, 1473194599, 1555225704, 12, 0, 130195068, 0
2, 36, 6, 18, 1473194599, 1555225704, 11, 1, 92539280, 0
2, 36, 6, 18, 1473194599, 1555225704, 11, 0, 96385523, 0
2, 36, 6, 18, 1473194599, 1555225704, 10, 1, 67906097, 0
2, 36, 6, 18, 1473194599, 1555225704, 10, 0, 77592088, 0
2, 36, 6, 18, 1473194599, 1555225704, 9, 1, 63414687, 0
2, 36, 6, 18, 1473194599, 1555225704, 9, 0, 86213431, 0
2, 36, 6, 18, 1473194599, 1555225704, 8, 1, 70875238, 0
2, 36, 6, 18, 1473194599, 1555225704, 8, 0, 96990110, 0
2, 36, 6, 18, 1473194599, 1555225704, 7, 1, 56654886, 0
2, 36, 6, 18, 1473194599, 1555225704, 7, 0, 81573051, 0
2, 36, 6, 18, 1473194599, 1555225704, 6, 1, 51233546, 0
2, 36, 6, 18, 1473194599, 1555225704, 6, 0, 64537360, 0
2, 36, 6, 18, 1473194599, 1555225704, 5, 1, 37172924, 0
2, 36, 6, 18, 1473194599, 1555225704, 5, 0, 44245813, 0
2, 36, 6, 18, 1473194599, 1555225704, 4, 1, 19927329, 0
2, 36, 6, 18, 1473194599, 1555225704, 4, 0, 27097898, 0
2, 36, 6, 18, 1473194599, 1555225704, 3, 1, 13074847, 0
2, 36, 6, 18, 1473194599, 1555225704, 3, 0, 26642765, 0
2, 36, 6, 18, 1473194599, 1555225704, 2, 1, 10064659, 0
2, 36, 6, 18, 1473194599, 1555225704, 2, 0, 19363830, 0
2, 36, 6, 18, 1473194599, 1555225704, 1, 1, 15959653, 0
2, 36, 6, 18, 1473194599, 1555225704, 1, 0, 36283324, 0
2, 36, 6, 18, 1473194599, 1555225704, 0, 1, 1, 1
2, 37, 6, 18, 1555225705, 1658983764, 13, 1, 75475323, 0
2, 37, 6, 18, 1555225705, 1658983764, 13, 0, 67731967, 0
2, 37, 6, 18, 1555225705, 1658983764, 12, 1, 62635807, 0
2, 37, 6, 18, 1555225705, 1658983764, 12, 0, 73376297, 0
2, 37, 6, 18, 1555225705, 1658983764, 11, 1, 68082399, 0
2, 37, 6, 18, 1555225705, 1658983764, 11, 0, 80046869, 0
2, 37, 6, 18, 1555225705, 1658983764, 10, 1, 74566437, 0
2, 37, 6, 18, 1555225705, 1658983764, 10, 0, 88051556, 0
2, 37, 6, 18, 1555225705, 1658983764, 9, 1, 68644159, 0
2, 37, 6, 18, 1555225705, 1658983764, 9, 0, 97835063, 0
2, 37, 6, 18, 1555225705, 1658983764, 8, 1, 75256089, 0
2, 37, 6, 18, 1555225705, 1658983764, 8, 0, 106953756, 0
2, 37, 6, 18, 1555225705, 1658983764, 7, 1, 85290234, 0
2, 37, 6, 18, 1555225705, 1658983764, 7, 0, 122232863, 0
2, 37, 6, 18, 1555225705, 1658983764, 6, 1, 81158396, 0
2, 37, 6, 18, 1555225705, 1658983764, 6, 0, 105222615, 0
2, 37, 6, 18, 1555225705, 1658983764, 5, 1, 65173719, 0
2, 37, 6, 18, 1555225705, 1658983764, 5, 0, 84966687, 0
2, 37, 6, 18, 1555225705, 1658983764, 4, 1, 45148931, 0
2, 37, 6, 18, 1555225705, 1658983764, 4, 0, 67872201, 0
2, 37, 6, 18, 1555225705, 1658983764, 3, 1, 33929147, 0
2, 37, 6, 18, 1555225705, 1658983764, 3, 0, 67506116, 0
2, 37, 6, 18, 1555225705, 1658983764, 2, 1, 31159247, 0
2, 37, 6, 18, 1555225705, 1658983764, 2, 0, 60405277, 0
2, 37, 6, 18, 1555225705, 1658983764, 1, 1, 22857042, 0
2, 37, 6, 18, 1555225705, 1658983764, 1, 0, 33585443, 0
2, 37, 6, 18, 1555225705, 1658983764, 0, 1, 12150616, 1
2, 38, 6, 18, 1658983765, 2004068212, 13, 1, 14305228, 0
2, 38, 6, 18, 1658983765, 2004068212, 13, 0, 15638928, 0
2, 38, 6, 18, 1658983765, 2004068212, 12, 1, 15449646, 0
2, 38, 6, 18, 1658983765, 2004068212, 12, 0, 16942172, 0
2, 38, 6, 18, 1658983765, 2004068212, 11, 1, 16793093, 0
2, 38, 6, 18, 1658983765, 2004068212, 11, 0, 18482370, 0
2, 38, 6, 18, 1658983765, 2004068212, 10, 1, 18392436, 0
2, 38, 6, 18, 1658983765, 2004068212, 10, 0, 20330607, 0
2, 38, 6, 18, 1658983765, 2004068212, 9, 1, 20328481, 0
2, 38, 6, 18, 1658983765, 2004068212, 9, 0, 22589563, 0
2, 38, 6, 18, 1658983765, 2004068212, 8, 1, 22720067, 0
2, 38, 6, 18, 1658983765, 2004068212, 8, 0, 25413258, 0
2, 38, 6, 18, 1658983765, 2004068212, 7, 1, 25749410, 0
2, 38, 6, 18, 1658983765, 2004068212, 7, 0, 29043724, 0
2, 38, 6, 18, 1658983765, 2004068212, 6, 1, 22592650, 0
2, 38, 6, 18, 1658983765, 2004068212, 6, 0, 18461563, 0
2, 38, 6, 18, 1658983765, 2004068212, 5, 1, 11119890, 0
2, 38, 6, 18, 1658983765, 2004068212, 5, 0, 2657762, 0
2, 38, 6, 18, 1658983765, 2004068212, 4, 1, 5229302, 0
2, 38, 6, 18, 1658983765, 2004068212, 4, 0, 3322202, 0
2, 38, 6, 18, 1658983765, 2004068212, 3, 1, 4824988, 1
2, 38, 6, 18, 1658983765, 2004068212, 3, 0, 1, 0
2, 38, 6, 18, 1658983765, 2004068212, 2, 1, 6754982, 1
2, 38, 6, 18, 1658983765, 2004068212, 2, 0, 1, 0
2, 38, 6, 18, 1658983765, 2004068212, 1, 1, 1, 1
2, 38, 6, 18, 1658983765, 2004068212, 1, 0, 1, 0
2, 38, 6, 18, 1658983765, 2004068212, 0, 1, 1, 1
2, 39, 6, 18, 2004068213, 2057529922, 13, 1, 779395609, 0
2, 39, 6, 18, 2004068213, 2057529922, 13, 0, 814377291, 0
2, 39, 6, 18, 2004068213, 2057529922, 12, 1, 683170008, 0
2, 39, 6, 18, 2004068213, 2057529922, 12, 0, 722635072, 0
2, 39, 6, 18, 2004068213, 2057529922, 11, 1, 673921865, 0
2, 39, 6, 18, 2004068213, 2057529922, 11, 0, 712772138, 0
2, 39, 6, 18, 2004068213, 2057529922, 10, 1, 622985118, 0
2, 39, 6, 18, 2004068213, 2057529922, 10, 0, 679831605, 0
2, 39, 6, 18, 2004068213, 2057529922, 9, 1, 588560174, 0
2, 39, 6, 18, 2004068213, 2057529922, 9, 0, 663402397, 0
2, 39, 6, 18, 2004068213, 2057529922, 8, 1, 577696177, 0
2, 39, 6, 18, 2004068213, 2057529922, 8, 0, 672453268, 0
2, 39, 6, 18, 2004068213, 2057529922, 7, 1, 564271139, 0
2, 39, 6, 18, 2004068213, 2057529922, 7, 0, 667861384, 0
2, 39, 6, 18, 2004068213, 2057529922, 6, 1, 539939178, 0
2, 39, 6, 18, 2004068213, 2057529922, 6, 0, 650918013, 0
2, 39, 6, 18, 2004068213, 2057529922, 5, 1, 505643101, 0
2, 39, 6, 18, 2004068213, 2057529922, 5, 0, 641604311, 0
2, 39, 6, 18, 2004068213, 2057529922, 4, 1, 401935558, 0
2, 39, 6, 18, 2004068213, 2057529922, 4, 0, 566587923, 0
2, 39, 6, 18, 2004068213, 2057529922, 3, 1, 311340750, 0
2, 39, 6, 18, 2004068213, 2057529922, 3, 0, 551161779, 0
2, 39, 6, 18, 2004068213, 2057529922, 2, 1, 186210787, 0
2, 39, 6, 18, 2004068213, 2057529922, 2, 0, 465526966, 0
2, 39, 6, 18, 2004068213, 2057529922, 1, 1, 151581685, 0
2, 39, 6, 18, 2004068213, 2057529922, 1, 0, 454745055, 0
2, 39, 6, 18, 2004068213, 2057529922, 0, 1, 1, 1
2, 40, 6, 18, 2057529923, 2077640573, 13, 1, 73974376, 0
2, 40, 6, 18, 2057529923, 2077640573, 13, 0, 76492209, 0
2, 40, 6, 18, 2057529923, 2077640573, 12, 1, 67185740, 0
2, 40, 6, 18, 2057529923, 2077640573, 12, 0, 69630533, 0
2, 40, 6, 18, 2057529923, 2077640573, 11, 1, 59216472, 0
2, 40, 6, 18, 2057529923, 2077640573, 11, 0, 61521280, 0
2, 40, 6, 18, 2057529923, 2077640573, 10, 1, 49729248, 0
2, 40, 6, 18, 2057529923, 2077640573, 10, 0, 51790176, 0
2, 40, 6, 18, 2057529923, 2077640573, 9, 1, 38244714, 0
2, 40, 6, 18, 2057529923, 2077640573, 9, 0, 39896604, 0
2, 40, 6, 18, 2057529923, 2077640573, 8, 1, 24566674, 0
2, 40, 6, 18, 2057529923, 2077640573, 8, 0, 26110706, 0
2, 40, 6, 18, 2057529923, 2077640573, 7, 1, 7435840, 0
2, 40, 6, 18, 2057529923, 2077640573, 7, 0, 7150475, 0
2, 40, 6, 18, 2057529923, 2077640573, 6, 1, 1246019, 1
2, 40, 6, 18, 2057529923, 2077640573, 6, 0, 1, 0
2, 40, 6, 18, 2057529923, 2077640573, 5, 1, 1472568, 1
2, 40, 6, 18, 2057529923, 2077640573, 5, 0, 1, 0
2, 40, 6, 18, 2057529923, 2077640573, 4, 1, 1799805, 1
2, 40, 6, 18, 2057529923, 2077640573, 4, 0, 1, 0
2, 40, 6, 18, 2057529923, 2077640573, 3, 1, 2314035, 1
2, 40, 6, 18, 2057529923, 2077640573, 3, 0, 1, 0
2, 40, 6, 18, 2057529923, 2077640573, 2, 1, 3239649, 1
2, 40, 6, 18, 2057529923, 2077640573, 2, 0, 1, 0
2, 40, 6, 18, 2057529923, 2077640573, 1, 1, 1, 1
2, 40, 6, 18, 2057529923, 2077640573, 1, 0, 1, 0
2, 40, 6, 18, 2057529923, 2077640573, 0, 1, 1, 1
2, 41, 6, 18, 2077640574, 2096458027, 13, 1, 215038864, 0
2, 41, 6, 18, 2077640574, 2096458027, 13, 0, 219582163, 0
2, 41, 6, 18, 2077640574, 2096458027, 12, 1, 232241973, 0
2, 41, 6, 18, 2077640574, 2096458027, 12, 0, 237880677, 0
2, 41, 6, 18, 2077640574, 2096458027, 11, 1, 171957765, 0
2, 41, 6, 18, 2077640574, 2096458027, 11, 0, 177478218, 0
2, 41, 6, 18, 2077640574, 2096458027, 10, 1, 115003939, 0
2, 41, 6, 18, 2077640574, 2096458027, 10, 0, 116752766, 0
2, 41, 6, 18, 2077640574, 2096458027, 9, 1, 84014998, 0
2, 41, 6, 18, 2077640574, 2096458027, 9, 0, 84017690, 0
2, 41, 6, 18, 2077640574, 2096458027, 8, 1, 53079755, 1
2, 41, 6, 18, 2077640574, 2096458027, 8, 0, 55043877, 0
2, 41, 6, 18, 2077640574, 2096458027, 7, 1, 31757068, 1
2, 41, 6, 18, 2077640574, 2096458027, 7, 0, 29143094, 0
2, 41, 6, 18, 2077640574, 2096458027, 6, 1, 18750359, 1
2, 41, 6, 18, 2077640574, 2096458027, 6, 0, 13162388, 0
2, 41, 6, 18, 2077640574, 2096458027, 5, 1, 13805063, 1
2, 41, 6, 18, 2077640574, 2096458027, 5, 0, 9579647, 0
2, 41, 6, 18, 2077640574, 2096458027, 4, 1, 16436395, 1
2, 41, 6, 18, 2077640574, 2096458027, 4, 0, 10992525, 0
2, 41, 6, 18, 2077640574, 2096458027, 3, 1, 15184660, 1
2, 41, 6, 18, 2077640574, 2096458027, 3, 0, 7088424, 0
2, 41, 6, 18, 2077640574, 2096458027, 2, 1, 21258524, 1
2, 41, 6, 18, 2077640574, 2096458027, 2, 0, 10632636, 0
2, 41, 6, 18, 2077640574, 2096458027, 1, 1, 26426664, 1
2, 41, 6, 18, 2077640574, 2096458027, 1, 0, 21265272, 0
2, 41, 6, 18, 2077640574, 2096458027, 0, 1, 58014719, 1
