1,1.0,99889963.0,2054634785.2991445
2,99889964.0,142039769.0,3312924792.9339895
3,142039770.0,175019541.0,3104036719.9056044
4,175019542.0,205704369.0,3239811966.331232
5,205704370.0,275588741.0,3086481155.4460816
6,275588742.0,310258191.0,3340791221.0929832
7,310258192.0,422952092.0,3122426658.9886155
8,422952093.0,453441290.0,3707684403.387992
9,453441291.0,519558902.0,3558660917.9176764
10,519558903.0,564159751.0,3827024796.599419
11,564159752.0,632396605.0,3684146972.8607907
12,632396606.0,675664049.0,3820030288.6356697
13,675664050.0,699071260.0,4012848159.1222177
14,699071261.0,807796265.0,3593304298.87655
15,807796266.0,850621180.0,3393613377.7878356
16,850621181.0,948125007.0,3743035319.0082817
17,948125008.0,971601211.0,3658792819.4104753
18,971601212.0,1022368602.0,3527000711.2695355
19,1022368603.0,1107129540.0,3590556523.1040273
20,1107129541.0,1131168205.0,3885479664.5552573
21,1131168206.0,1165220511.0,3609229914.6725354
22,1165220512.0,1203203565.0,3771472061.490627
23,1203203566.0,1261061641.0,3603186483.2690234
24,1261061642.0,1285710068.0,3455377418.193996
25,1285710069.0,1365065695.0,3671260510.0016017
26,1365065696.0,1404292508.0,3281716378.2696867
27,1404292509.0,1458006189.0,3196150433.6097507
28,1458006190.0,1470469250.0,3846627210.086958
29,1470469251.0,1559078554.0,3293666089.666658
30,1559078555.0,1605063240.0,3171692718.7047777
31,1605063241.0,1704381618.0,3360586316.934042
32,1704381619.0,1733327934.0,3324123064.960591
33,1733327935.0,1751246509.0,3090439828.1161895
34,1751246510.0,1792327404.0,3069640207.122007
35,1792327405.0,1811760905.0,3361203155.322852
36,1811760906.0,1878227372.0,3530001189.5992923
37,1878227373.0,1913834680.0,3922628993.5735955
38,1913834681.0,1930571263.0,3771779544.9594555
39,1930571264.0,1967336331.0,3458167159.7425284
40,1967336332.0,2139307724.0,3618584533.444198
41,2139307725.0,2196025834.0,3558277298.663466
