1,1.0,99714103.0,2062465361.9880369
2,99714104.0,135968285.0,3382683775.384076
3,135968286.0,176323097.0,3112373810.8799567
4,176323098.0,203233753.0,3276696585.865167
5,203233754.0,277565250.0,3080355560.6774144
6,277565251.0,303866245.0,3376695424.7387686
7,303866246.0,417904439.0,3214027132.8362837
8,417904440.0,449694458.0,3446078805.75023
9,449694459.0,520051092.0,3180989726.3887873
10,520051093.0,563614750.0,3570359830.1250806
11,563614751.0,673056891.0,3254264520.1176586
12,673056892.0,700698447.0,4036634633.741512
13,700698448.0,743242486.0,3382976494.96235
14,743242487.0,771536782.0,3855016885.7722716
15,771536783.0,808193394.0,3664489811.5293603
16,808193395.0,839863389.0,3427579247.5573378
17,839863390.0,868548794.0,3715798726.7076573
18,868548795.0,920785196.0,3771547719.51763
19,920785197.0,945594935.0,3926142708.6711555
20,945594936.0,974498513.0,3762450505.618677
21,974498514.0,1022074026.0,3500333720.1215005
22,1022074027.0,1101831737.0,3693197487.450978
23,1101831738.0,1142245530.0,3933424674.529207
24,1142245531.0,1164701662.0,3766062305.720124
25,1164701663.0,1205210623.0,3927384279.7924747
26,1205210624.0,1249285301.0,3732686901.9828577
27,1249285302.0,1280481661.0,3572968214.768748
28,1280481662.0,1352067370.0,3705078917.403727
29,1352067371.0,1363614418.0,3961243996.6709175
30,1363614419.0,1415568885.0,3762385731.3724685
31,1415568886.0,1440948770.0,3628097980.7783475
32,1440948771.0,1481106787.0,3719430070.7649755
33,1481106788.0,1552031606.0,3644914689.175516
34,1552031607.0,1602332773.0,3523952313.021893
35,1602332774.0,1731911769.0,3725025200.856945
36,1731911770.0,1751433825.0,3474848033.681454
37,1751433826.0,1793322640.0,3367893134.0414176
38,1793322641.0,1820501284.0,3803256061.6627374
39,1820501285.0,1927658569.0,3930605009.708245
40,1927658570.0,1965069577.0,3476598906.568602
41,1965069578.0,2196025834.0,3738648390.490551
