0, 1, 15, 12, 1, 99914242, 4, 7, 3181883, 1
0, 1, 15, 12, 1, 99914242, 4, 6, 2726246, 1
0, 1, 15, 12, 1, 99914242, 4, 5, 2776274, 1
0, 1, 15, 12, 1, 99914242, 4, 4, 3354664, 1
0, 1, 15, 12, 1, 99914242, 4, 3, 3904802, 1
0, 1, 15, 12, 1, 99914242, 4, 2, 2909948, 1
0, 1, 15, 12, 1, 99914242, 4, 1, 2456038, 1
0, 1, 15, 12, 1, 99914242, 4, 0, 1, 0
0, 1, 15, 12, 1, 99914242, 3, 7, 4003013, 1
0, 1, 15, 12, 1, 99914242, 3, 6, 3433050, 1
0, 1, 15, 12, 1, 99914242, 3, 5, 3500519, 1
0, 1, 15, 12, 1, 99914242, 3, 4, 4237471, 1
0, 1, 15, 12, 1, 99914242, 3, 3, 4946083, 1
0, 1, 15, 12, 1, 99914242, 3, 2, 3703570, 1
0, 1, 15, 12, 1, 99914242, 3, 1, 3157764, 1
0, 1, 15, 12, 1, 99914242, 3, 0, 1, 0
0, 1, 15, 12, 1, 99914242, 2, 7, 4211911, 1
0, 1, 15, 12, 1, 99914242, 2, 6, 4367229, 1
0, 1, 15, 12, 1, 99914242, 2, 5, 4421422, 1
0, 1, 15, 12, 1, 99914242, 2, 4, 5368869, 1
0, 1, 15, 12, 1, 99914242, 2, 3, 6258496, 1
0, 1, 15, 12, 1, 99914242, 2, 2, 4423937, 1
0, 1, 15, 12, 1, 99914242, 2, 1, 4420869, 1
0, 1, 15, 12, 1, 99914242, 2, 0, 1, 0
0, 1, 15, 12, 1, 99914242, 1, 7, 4657958, 1
0, 1, 15, 12, 1, 99914242, 1, 6, 4641538, 1
0, 1, 15, 12, 1, 99914242, 1, 5, 4378144, 1
0, 1, 15, 12, 1, 99914242, 1, 4, 5351064, 1
0, 1, 15, 12, 1, 99914242, 1, 3, 6879940, 1
0, 1, 15, 12, 1, 99914242, 1, 2, 7078298, 1
0, 1, 15, 12, 1, 99914242, 1, 1, 7368114, 1
0, 1, 15, 12, 1, 99914242, 1, 0, 1, 0
0, 1, 15, 12, 1, 99914242, 0, 7, 4277479, 1
0, 1, 15, 12, 1, 99914242, 0, 6, 4747176, 1
0, 1, 15, 12, 1, 99914242, 0, 5, 4604608, 1
0, 1, 15, 12, 1, 99914242, 0, 4, 5755759, 1
0, 1, 15, 12, 1, 99914242, 0, 3, 7674346, 1
0, 1, 15, 12, 1, 99914242, 0, 2, 5127475, 1
0, 1, 15, 12, 1, 99914242, 0, 1, 939953, 1
0, 2, 15, 12, 99914243, 140332191, 4, 7, 15650949, 0
0, 2, 15, 12, 99914243, 140332191, 4, 6, 17952559, 0
0, 2, 15, 12, 99914243, 140332191, 4, 5, 21047828, 0
0, 2, 15, 12, 99914243, 140332191, 4, 4, 23310407, 0
0, 2, 15, 12, 99914243, 140332191, 4, 3, 20431729, 0
0, 2, 15, 12, 99914243, 140332191, 4, 2, 21485576, 0
0, 2, 15, 12, 99914243, 140332191, 4, 1, 17214956, 0
0, 2, 15, 12, 99914243, 140332191, 4, 0, 33802023, 0
0, 2, 15, 12, 99914243, 140332191, 3, 7, 7007361, 1
0, 2, 15, 12, 99914243, 140332191, 3, 6, 8045488, 1
0, 2, 15, 12, 99914243, 140332191, 3, 5, 9444703, 1
0, 2, 15, 12, 99914243, 140332191, 3, 4, 9779933, 1
0, 2, 15, 12, 99914243, 140332191, 3, 3, 8286171, 1
0, 2, 15, 12, 99914243, 140332191, 3, 2, 9747077, 1
0, 2, 15, 12, 99914243, 140332191, 3, 1, 2818074, 1
0, 2, 15, 12, 99914243, 140332191, 3, 0, 1, 0
0, 2, 15, 12, 99914243, 140332191, 2, 7, 8540344, 1
0, 2, 15, 12, 99914243, 140332191, 2, 6, 9821396, 1
0, 2, 15, 12, 99914243, 140332191, 2, 5, 11554583, 1
0, 2, 15, 12, 99914243, 140332191, 2, 4, 12053144, 1
0, 2, 15, 12, 99914243, 140332191, 2, 3, 9747077, 1
0, 2, 15, 12, 99914243, 140332191, 2, 2, 13402231, 1
0, 2, 15, 12, 99914243, 140332191, 2, 1, 3945303, 1
0, 2, 15, 12, 99914243, 140332191, 2, 0, 1, 0
0, 2, 15, 12, 99914243, 140332191, 1, 7, 4578163, 1
0, 2, 15, 12, 99914243, 140332191, 1, 6, 5282496, 1
0, 2, 15, 12, 99914243, 140332191, 1, 5, 6242950, 1
0, 2, 15, 12, 99914243, 140332191, 1, 4, 6845008, 1
0, 2, 15, 12, 99914243, 140332191, 1, 3, 11273, 1
0, 2, 15, 12, 99914243, 140332191, 1, 2, 15782, 1
0, 2, 15, 12, 99914243, 140332191, 1, 1, 1, 1
0, 2, 15, 12, 99914243, 140332191, 1, 0, 1, 0
0, 2, 15, 12, 99914243, 140332191, 0, 7, 1, 1
0, 2, 15, 12, 99914243, 140332191, 0, 6, 1, 1
0, 2, 15, 12, 99914243, 140332191, 0, 5, 1, 1
0, 2, 15, 12, 99914243, 140332191, 0, 4, 1, 1
0, 2, 15, 12, 99914243, 140332191, 0, 3, 1, 1
0, 2, 15, 12, 99914243, 140332191, 0, 2, 1, 1
0, 2, 15, 12, 99914243, 140332191, 0, 1, 1, 1
0, 3, 15, 12, 140332192, 172686450, 4, 7, 4051074, 0
0, 3, 15, 12, 140332192, 172686450, 4, 6, 4646821, 0
0, 3, 15, 12, 140332192, 172686450, 4, 5, 5447996, 0
0, 3, 15, 12, 140332192, 172686450, 4, 4, 5078161, 0
0, 3, 15, 12, 140332192, 172686450, 4, 3, 5572105, 0
0, 3, 15, 12, 140332192, 172686450, 4, 2, 5139928, 0
0, 3, 15, 12, 140332192, 172686450, 4, 1, 6412465, 0
0, 3, 15, 12, 140332192, 172686450, 4, 0, 6995922, 0
0, 3, 15, 12, 140332192, 172686450, 3, 7, 3905901, 0
0, 3, 15, 12, 140332192, 172686450, 3, 6, 4484553, 0
0, 3, 15, 12, 140332192, 172686450, 3, 5, 5264476, 0
0, 3, 15, 12, 140332192, 172686450, 3, 4, 5070253, 0
0, 3, 15, 12, 140332192, 172686450, 3, 3, 5355263, 0
0, 3, 15, 12, 140332192, 172686450, 3, 2, 5246562, 0
0, 3, 15, 12, 140332192, 172686450, 3, 1, 8244598, 0
0, 3, 15, 12, 140332192, 172686450, 3, 0, 9327895, 0
0, 3, 15, 12, 140332192, 172686450, 2, 7, 3390713, 0
0, 3, 15, 12, 140332192, 172686450, 2, 6, 3899320, 0
0, 3, 15, 12, 140332192, 172686450, 2, 5, 4587436, 0
0, 3, 15, 12, 140332192, 172686450, 2, 4, 5340913, 0
0, 3, 15, 12, 140332192, 172686450, 2, 3, 5342447, 0
0, 3, 15, 12, 140332192, 172686450, 2, 2, 5206769, 0
0, 3, 15, 12, 140332192, 172686450, 2, 1, 8330830, 0
0, 3, 15, 12, 140332192, 172686450, 2, 0, 11366374, 0
0, 3, 15, 12, 140332192, 172686450, 1, 7, 3683577, 1
0, 3, 15, 12, 140332192, 172686450, 1, 6, 4250281, 1
0, 3, 15, 12, 140332192, 172686450, 1, 5, 5023060, 1
0, 3, 15, 12, 140332192, 172686450, 1, 4, 5782225, 1
0, 3, 15, 12, 140332192, 172686450, 1, 3, 5147739, 1
0, 3, 15, 12, 140332192, 172686450, 1, 2, 3784281, 1
0, 3, 15, 12, 140332192, 172686450, 1, 1, 6307135, 1
0, 3, 15, 12, 140332192, 172686450, 1, 0, 1, 0
0, 3, 15, 12, 140332192, 172686450, 0, 7, 1054274, 1
0, 3, 15, 12, 140332192, 172686450, 0, 6, 1229986, 1
0, 3, 15, 12, 140332192, 172686450, 0, 5, 1475984, 1
0, 3, 15, 12, 140332192, 172686450, 0, 4, 1844979, 1
0, 3, 15, 12, 140332192, 172686450, 0, 3, 2459972, 1
0, 3, 15, 12, 140332192, 172686450, 0, 2, 1, 1
0, 3, 15, 12, 140332192, 172686450, 0, 1, 1, 1
0, 4, 15, 12, 172686451, 206846311, 4, 7, 1820899, 0
0, 4, 15, 12, 172686451, 206846311, 4, 6, 1888403, 0
0, 4, 15, 12, 172686451, 206846311, 4, 5, 1305738, 0
0, 4, 15, 12, 172686451, 206846311, 4, 4, 1531513, 0
0, 4, 15, 12, 172686451, 206846311, 4, 3, 1888952, 0
0, 4, 15, 12, 172686451, 206846311, 4, 2, 1401118, 0
0, 4, 15, 12, 172686451, 206846311, 4, 1, 1508241, 0
0, 4, 15, 12, 172686451, 206846311, 4, 0, 550877, 0
0, 4, 15, 12, 172686451, 206846311, 3, 7, 27847, 1
0, 4, 15, 12, 172686451, 206846311, 3, 6, 31973, 1
0, 4, 15, 12, 172686451, 206846311, 3, 5, 37533, 1
0, 4, 15, 12, 172686451, 206846311, 3, 4, 45435, 1
0, 4, 15, 12, 172686451, 206846311, 3, 3, 23778, 1
0, 4, 15, 12, 172686451, 206846311, 3, 2, 1, 1
0, 4, 15, 12, 172686451, 206846311, 3, 1, 1, 1
0, 4, 15, 12, 172686451, 206846311, 3, 0, 1, 0
0, 4, 15, 12, 172686451, 206846311, 2, 7, 15507, 1
0, 4, 15, 12, 172686451, 206846311, 2, 6, 17833, 1
0, 4, 15, 12, 172686451, 206846311, 2, 5, 20980, 1
0, 4, 15, 12, 172686451, 206846311, 2, 4, 25476, 1
0, 4, 15, 12, 172686451, 206846311, 2, 3, 32424, 1
0, 4, 15, 12, 172686451, 206846311, 2, 2, 1, 1
0, 4, 15, 12, 172686451, 206846311, 2, 1, 1, 1
0, 4, 15, 12, 172686451, 206846311, 2, 0, 1, 0
0, 4, 15, 12, 172686451, 206846311, 1, 7, 1, 1
0, 4, 15, 12, 172686451, 206846311, 1, 6, 1, 1
0, 4, 15, 12, 172686451, 206846311, 1, 5, 1, 1
0, 4, 15, 12, 172686451, 206846311, 1, 4, 1, 1
0, 4, 15, 12, 172686451, 206846311, 1, 3, 1, 1
0, 4, 15, 12, 172686451, 206846311, 1, 2, 1, 1
0, 4, 15, 12, 172686451, 206846311, 1, 1, 1, 1
0, 4, 15, 12, 172686451, 206846311, 1, 0, 1, 0
0, 4, 15, 12, 172686451, 206846311, 0, 7, 1, 1
0, 4, 15, 12, 172686451, 206846311, 0, 6, 1, 1
0, 4, 15, 12, 172686451, 206846311, 0, 5, 1, 1
0, 4, 15, 12, 172686451, 206846311, 0, 4, 1, 1
0, 4, 15, 12, 172686451, 206846311, 0, 3, 1, 1
0, 4, 15, 12, 172686451, 206846311, 0, 2, 1, 1
0, 4, 15, 12, 172686451, 206846311, 0, 1, 1, 1
0, 5, 15, 12, 206846312, 276985226, 4, 7, 2421801, 1
0, 5, 15, 12, 206846312, 276985226, 4, 6, 2777948, 1
0, 5, 15, 12, 206846312, 276985226, 4, 5, 3256904, 1
0, 5, 15, 12, 206846312, 276985226, 4, 4, 2895416, 1
0, 5, 15, 12, 206846312, 276985226, 4, 3, 2081988, 1
0, 5, 15, 12, 206846312, 276985226, 4, 2, 643183, 1
0, 5, 15, 12, 206846312, 276985226, 4, 1, 103502, 1
0, 5, 15, 12, 206846312, 276985226, 4, 0, 1, 0
0, 5, 15, 12, 206846312, 276985226, 3, 7, 1750512, 1
0, 5, 15, 12, 206846312, 276985226, 3, 6, 2009847, 1
0, 5, 15, 12, 206846312, 276985226, 3, 5, 2359385, 1
0, 5, 15, 12, 206846312, 276985226, 3, 4, 2081988, 1
0, 5, 15, 12, 206846312, 276985226, 3, 3, 2637185, 1
0, 5, 15, 12, 206846312, 276985226, 3, 2, 818597, 1
0, 5, 15, 12, 206846312, 276985226, 3, 1, 133073, 1
0, 5, 15, 12, 206846312, 276985226, 3, 0, 1, 0
0, 5, 15, 12, 206846312, 276985226, 2, 7, 1665864, 1
0, 5, 15, 12, 206846312, 276985226, 2, 6, 1915743, 1
0, 5, 15, 12, 206846312, 276985226, 2, 5, 2253816, 1
0, 5, 15, 12, 206846312, 276985226, 2, 4, 1686199, 1
0, 5, 15, 12, 206846312, 276985226, 2, 3, 2146071, 1
0, 5, 15, 12, 206846312, 276985226, 2, 2, 132496, 1
0, 5, 15, 12, 206846312, 276985226, 2, 1, 186302, 1
0, 5, 15, 12, 206846312, 276985226, 2, 0, 1, 0
0, 5, 15, 12, 206846312, 276985226, 1, 7, 2545761, 1
0, 5, 15, 12, 206846312, 276985226, 1, 6, 2937416, 1
0, 5, 15, 12, 206846312, 276985226, 1, 5, 3471492, 1
0, 5, 15, 12, 206846312, 276985226, 1, 4, 2608703, 1
0, 5, 15, 12, 206846312, 276985226, 1, 3, 3354047, 1
0, 5, 15, 12, 206846312, 276985226, 1, 2, 186302, 1
0, 5, 15, 12, 206846312, 276985226, 1, 1, 310504, 1
0, 5, 15, 12, 206846312, 276985226, 1, 0, 1, 0
0, 5, 15, 12, 206846312, 276985226, 0, 7, 2394242, 1
0, 5, 15, 12, 206846312, 276985226, 0, 6, 2793283, 1
0, 5, 15, 12, 206846312, 276985226, 0, 5, 3351939, 1
0, 5, 15, 12, 206846312, 276985226, 0, 4, 2143716, 1
0, 5, 15, 12, 206846312, 276985226, 0, 3, 2858288, 1
0, 5, 15, 12, 206846312, 276985226, 0, 2, 1, 1
0, 5, 15, 12, 206846312, 276985226, 0, 1, 1, 1
0, 6, 15, 12, 276985227, 302617485, 4, 7, 9156937, 0
0, 6, 15, 12, 276985227, 302617485, 4, 6, 10503545, 0
0, 6, 15, 12, 276985227, 302617485, 4, 5, 12314501, 0
0, 6, 15, 12, 276985227, 302617485, 4, 4, 13669609, 0
0, 6, 15, 12, 276985227, 302617485, 4, 3, 12779109, 1
0, 6, 15, 12, 276985227, 302617485, 4, 2, 12008609, 0
0, 6, 15, 12, 276985227, 302617485, 4, 1, 11818863, 0
0, 6, 15, 12, 276985227, 302617485, 4, 0, 8873865, 0
0, 6, 15, 12, 276985227, 302617485, 3, 7, 8000427, 0
0, 6, 15, 12, 276985227, 302617485, 3, 6, 9185676, 0
0, 6, 15, 12, 276985227, 302617485, 3, 5, 10783184, 0
0, 6, 15, 12, 276985227, 302617485, 3, 4, 12975537, 0
0, 6, 15, 12, 276985227, 302617485, 3, 3, 10751178, 0
0, 6, 15, 12, 276985227, 302617485, 3, 2, 13210816, 0
0, 6, 15, 12, 276985227, 302617485, 3, 1, 12333743, 0
0, 6, 15, 12, 276985227, 302617485, 3, 0, 11831820, 0
0, 6, 15, 12, 276985227, 302617485, 2, 7, 7123690, 0
0, 6, 15, 12, 276985227, 302617485, 2, 6, 8192244, 0
0, 6, 15, 12, 276985227, 302617485, 2, 5, 9637934, 0
0, 6, 15, 12, 276985227, 302617485, 2, 4, 11703205, 0
0, 6, 15, 12, 276985227, 302617485, 2, 3, 11375130, 0
0, 6, 15, 12, 276985227, 302617485, 2, 2, 13647217, 0
0, 6, 15, 12, 276985227, 302617485, 2, 1, 16345935, 0
0, 6, 15, 12, 276985227, 302617485, 2, 0, 15444466, 0
0, 6, 15, 12, 276985227, 302617485, 1, 7, 6375796, 0
0, 6, 15, 12, 276985227, 302617485, 1, 6, 7356688, 0
0, 6, 15, 12, 276985227, 302617485, 1, 5, 8694268, 0
0, 6, 15, 12, 276985227, 302617485, 1, 4, 10626327, 0
0, 6, 15, 12, 276985227, 302617485, 1, 3, 13662420, 0
0, 6, 15, 12, 276985227, 302617485, 1, 2, 15937651, 0
0, 6, 15, 12, 276985227, 302617485, 1, 1, 19120786, 0
0, 6, 15, 12, 276985227, 302617485, 1, 0, 30888932, 0
0, 6, 15, 12, 276985227, 302617485, 0, 7, 3805624, 1
0, 6, 15, 12, 276985227, 302617485, 0, 6, 4439894, 1
0, 6, 15, 12, 276985227, 302617485, 0, 5, 5327873, 1
0, 6, 15, 12, 276985227, 302617485, 0, 4, 6659841, 1
0, 6, 15, 12, 276985227, 302617485, 0, 3, 8879788, 1
0, 6, 15, 12, 276985227, 302617485, 0, 2, 5345337, 1
0, 6, 15, 12, 276985227, 302617485, 0, 1, 769797, 1
0, 7, 15, 12, 302617486, 421141008, 4, 7, 1, 1
0, 7, 15, 12, 302617486, 421141008, 4, 6, 1, 1
0, 7, 15, 12, 302617486, 421141008, 4, 5, 1, 1
0, 7, 15, 12, 302617486, 421141008, 4, 4, 1, 1
0, 7, 15, 12, 302617486, 421141008, 4, 3, 1, 1
0, 7, 15, 12, 302617486, 421141008, 4, 2, 1, 1
0, 7, 15, 12, 302617486, 421141008, 4, 1, 1, 1
0, 7, 15, 12, 302617486, 421141008, 4, 0, 1, 0
0, 7, 15, 12, 302617486, 421141008, 3, 7, 1, 1
0, 7, 15, 12, 302617486, 421141008, 3, 6, 1, 1
0, 7, 15, 12, 302617486, 421141008, 3, 5, 1, 1
0, 7, 15, 12, 302617486, 421141008, 3, 4, 1, 1
0, 7, 15, 12, 302617486, 421141008, 3, 3, 1, 1
0, 7, 15, 12, 302617486, 421141008, 3, 2, 1, 1
0, 7, 15, 12, 302617486, 421141008, 3, 1, 1, 1
0, 7, 15, 12, 302617486, 421141008, 3, 0, 1, 0
0, 7, 15, 12, 302617486, 421141008, 2, 7, 1, 1
0, 7, 15, 12, 302617486, 421141008, 2, 6, 1, 1
0, 7, 15, 12, 302617486, 421141008, 2, 5, 1, 1
0, 7, 15, 12, 302617486, 421141008, 2, 4, 1, 1
0, 7, 15, 12, 302617486, 421141008, 2, 3, 1, 1
0, 7, 15, 12, 302617486, 421141008, 2, 2, 1, 1
0, 7, 15, 12, 302617486, 421141008, 2, 1, 1, 1
0, 7, 15, 12, 302617486, 421141008, 2, 0, 1, 0
0, 7, 15, 12, 302617486, 421141008, 1, 7, 1, 1
0, 7, 15, 12, 302617486, 421141008, 1, 6, 1, 1
0, 7, 15, 12, 302617486, 421141008, 1, 5, 1, 1
0, 7, 15, 12, 302617486, 421141008, 1, 4, 1, 1
0, 7, 15, 12, 302617486, 421141008, 1, 3, 1, 1
0, 7, 15, 12, 302617486, 421141008, 1, 2, 1, 1
0, 7, 15, 12, 302617486, 421141008, 1, 1, 1, 1
0, 7, 15, 12, 302617486, 421141008, 1, 0, 1, 0
0, 7, 15, 12, 302617486, 421141008, 0, 7, 1, 1
0, 7, 15, 12, 302617486, 421141008, 0, 6, 1, 1
0, 7, 15, 12, 302617486, 421141008, 0, 5, 1, 1
0, 7, 15, 12, 302617486, 421141008, 0, 4, 1, 1
0, 7, 15, 12, 302617486, 421141008, 0, 3, 1, 1
0, 7, 15, 12, 302617486, 421141008, 0, 2, 1, 1
0, 7, 15, 12, 302617486, 421141008, 0, 1, 1, 1
0, 8, 15, 12, 421141009, 452308415, 4, 7, 28908207, 1
0, 8, 15, 12, 421141009, 452308415, 4, 6, 33159414, 1
0, 8, 15, 12, 421141009, 452308415, 4, 5, 38876554, 1
0, 8, 15, 12, 421141009, 452308415, 4, 4, 42417029, 0
0, 8, 15, 12, 421141009, 452308415, 4, 3, 40159941, 0
0, 8, 15, 12, 421141009, 452308415, 4, 2, 42185592, 0
0, 8, 15, 12, 421141009, 452308415, 4, 1, 43138508, 0
0, 8, 15, 12, 421141009, 452308415, 4, 0, 23751197, 0
0, 8, 15, 12, 421141009, 452308415, 3, 7, 23696566, 0
0, 8, 15, 12, 421141009, 452308415, 3, 6, 27207169, 1
0, 8, 15, 12, 421141009, 452308415, 3, 5, 31938850, 1
0, 8, 15, 12, 421141009, 452308415, 3, 4, 32904326, 0
0, 8, 15, 12, 421141009, 452308415, 3, 3, 33128933, 0
0, 8, 15, 12, 421141009, 452308415, 3, 2, 29926387, 0
0, 8, 15, 12, 421141009, 452308415, 3, 1, 33174502, 0
0, 8, 15, 12, 421141009, 452308415, 3, 0, 31668263, 0
0, 8, 15, 12, 421141009, 452308415, 2, 7, 31581287, 0
0, 8, 15, 12, 421141009, 452308415, 2, 6, 36318480, 0
0, 8, 15, 12, 421141009, 452308415, 2, 5, 42727623, 0
0, 8, 15, 12, 421141009, 452308415, 2, 4, 44068445, 0
0, 8, 15, 12, 421141009, 452308415, 2, 3, 44428186, 0
0, 8, 15, 12, 421141009, 452308415, 2, 2, 40120788, 0
0, 8, 15, 12, 421141009, 452308415, 2, 1, 46444303, 0
0, 8, 15, 12, 421141009, 452308415, 2, 0, 47502394, 0
0, 8, 15, 12, 421141009, 452308415, 1, 7, 33726875, 1
0, 8, 15, 12, 421141009, 452308415, 1, 6, 38915625, 1
0, 8, 15, 12, 421141009, 452308415, 1, 5, 45991193, 1
0, 8, 15, 12, 421141009, 452308415, 1, 4, 44054639, 1
0, 8, 15, 12, 421141009, 452308415, 1, 3, 47754799, 1
0, 8, 15, 12, 421141009, 452308415, 1, 2, 45159752, 1
0, 8, 15, 12, 421141009, 452308415, 1, 1, 45738909, 1
0, 8, 15, 12, 421141009, 452308415, 1, 0, 1, 0
0, 8, 15, 12, 421141009, 452308415, 0, 7, 27304714, 1
0, 8, 15, 12, 421141009, 452308415, 0, 6, 31855500, 1
0, 8, 15, 12, 421141009, 452308415, 0, 5, 38226600, 1
0, 8, 15, 12, 421141009, 452308415, 0, 4, 20430408, 1
0, 8, 15, 12, 421141009, 452308415, 0, 3, 6504490, 1
0, 8, 15, 12, 421141009, 452308415, 0, 2, 9756735, 1
0, 8, 15, 12, 421141009, 452308415, 0, 1, 19513470, 1
0, 9, 15, 12, 452308416, 519931009, 4, 7, 8241501, 0
0, 9, 15, 12, 452308416, 519931009, 4, 6, 9453486, 0
0, 9, 15, 12, 452308416, 519931009, 4, 5, 11083397, 0
0, 9, 15, 12, 452308416, 519931009, 4, 4, 11974532, 1
0, 9, 15, 12, 452308416, 519931009, 4, 3, 12695529, 1
0, 9, 15, 12, 452308416, 519931009, 4, 2, 11526916, 0
0, 9, 15, 12, 452308416, 519931009, 4, 1, 9391230, 0
0, 9, 15, 12, 452308416, 519931009, 4, 0, 9074555, 0
0, 9, 15, 12, 452308416, 519931009, 3, 7, 5664569, 0
0, 9, 15, 12, 452308416, 519931009, 3, 6, 6503765, 1
0, 9, 15, 12, 452308416, 519931009, 3, 5, 7634854, 1
0, 9, 15, 12, 452308416, 519931009, 3, 4, 8884801, 1
0, 9, 15, 12, 452308416, 519931009, 3, 3, 10613837, 1
0, 9, 15, 12, 452308416, 519931009, 3, 2, 9164069, 1
0, 9, 15, 12, 452308416, 519931009, 3, 1, 7387291, 0
0, 9, 15, 12, 452308416, 519931009, 3, 0, 6827660, 0
0, 9, 15, 12, 452308416, 519931009, 2, 7, 5394774, 1
0, 9, 15, 12, 452308416, 519931009, 2, 6, 6203990, 1
0, 9, 15, 12, 452308416, 519931009, 2, 5, 7298811, 1
0, 9, 15, 12, 452308416, 519931009, 2, 4, 8377811, 1
0, 9, 15, 12, 452308416, 519931009, 2, 3, 9789609, 1
0, 9, 15, 12, 452308416, 519931009, 2, 2, 8107216, 1
0, 9, 15, 12, 452308416, 519931009, 2, 1, 3152802, 1
0, 9, 15, 12, 452308416, 519931009, 2, 0, 1, 0
0, 9, 15, 12, 452308416, 519931009, 1, 7, 3523545, 1
0, 9, 15, 12, 452308416, 519931009, 1, 6, 4065628, 1
0, 9, 15, 12, 452308416, 519931009, 1, 5, 4804833, 1
0, 9, 15, 12, 452308416, 519931009, 1, 4, 5118081, 1
0, 9, 15, 12, 452308416, 519931009, 1, 3, 5208439, 1
0, 9, 15, 12, 452308416, 519931009, 1, 2, 3754104, 1
0, 9, 15, 12, 452308416, 519931009, 1, 1, 1, 1
0, 9, 15, 12, 452308416, 519931009, 1, 0, 1, 0
0, 9, 15, 12, 452308416, 519931009, 0, 7, 6306490, 1
0, 9, 15, 12, 452308416, 519931009, 0, 6, 7357571, 1
0, 9, 15, 12, 452308416, 519931009, 0, 5, 8829085, 1
0, 9, 15, 12, 452308416, 519931009, 0, 4, 11036357, 1
0, 9, 15, 12, 452308416, 519931009, 0, 3, 11513923, 1
0, 9, 15, 12, 452308416, 519931009, 0, 2, 8426607, 1
0, 9, 15, 12, 452308416, 519931009, 0, 1, 1, 1
0, 10, 15, 12, 519931010, 565121222, 4, 7, 5076683, 1
0, 10, 15, 12, 519931010, 565121222, 4, 6, 5823254, 1
0, 10, 15, 12, 519931010, 565121222, 4, 5, 6827263, 1
0, 10, 15, 12, 519931010, 565121222, 4, 4, 7402379, 1
0, 10, 15, 12, 519931010, 565121222, 4, 3, 7782018, 1
0, 10, 15, 12, 519931010, 565121222, 4, 2, 5095593, 1
0, 10, 15, 12, 519931010, 565121222, 4, 1, 1936041, 1
0, 10, 15, 12, 519931010, 565121222, 4, 0, 1, 0
0, 10, 15, 12, 519931010, 565121222, 3, 7, 2099774, 1
0, 10, 15, 12, 519931010, 565121222, 3, 6, 2410852, 1
0, 10, 15, 12, 519931010, 565121222, 3, 5, 2830131, 1
0, 10, 15, 12, 519931010, 565121222, 3, 4, 3070114, 1
0, 10, 15, 12, 519931010, 565121222, 3, 3, 3888811, 1
0, 10, 15, 12, 519931010, 565121222, 3, 2, 2187461, 1
0, 10, 15, 12, 519931010, 565121222, 3, 1, 167619, 1
0, 10, 15, 12, 519931010, 565121222, 3, 0, 1, 0
0, 10, 15, 12, 519931010, 565121222, 2, 7, 1446857, 1
0, 10, 15, 12, 519931010, 565121222, 2, 6, 1663886, 1
0, 10, 15, 12, 519931010, 565121222, 2, 5, 1957513, 1
0, 10, 15, 12, 519931010, 565121222, 2, 4, 1894063, 1
0, 10, 15, 12, 519931010, 565121222, 2, 3, 2410626, 1
0, 10, 15, 12, 519931010, 565121222, 2, 2, 3007759, 1
0, 10, 15, 12, 519931010, 565121222, 2, 1, 234667, 1
0, 10, 15, 12, 519931010, 565121222, 2, 0, 1, 0
0, 10, 15, 12, 519931010, 565121222, 1, 7, 528945, 1
0, 10, 15, 12, 519931010, 565121222, 1, 6, 610321, 1
0, 10, 15, 12, 519931010, 565121222, 1, 5, 721288, 1
0, 10, 15, 12, 519931010, 565121222, 1, 4, 130371, 1
0, 10, 15, 12, 519931010, 565121222, 1, 3, 167619, 1
0, 10, 15, 12, 519931010, 565121222, 1, 2, 234667, 1
0, 10, 15, 12, 519931010, 565121222, 1, 1, 391111, 1
0, 10, 15, 12, 519931010, 565121222, 1, 0, 1, 0
0, 10, 15, 12, 519931010, 565121222, 0, 7, 32281, 1
0, 10, 15, 12, 519931010, 565121222, 0, 6, 37661, 1
0, 10, 15, 12, 519931010, 565121222, 0, 5, 45194, 1
0, 10, 15, 12, 519931010, 565121222, 0, 4, 56492, 1
0, 10, 15, 12, 519931010, 565121222, 0, 3, 75322, 1
0, 10, 15, 12, 519931010, 565121222, 0, 2, 112983, 1
0, 10, 15, 12, 519931010, 565121222, 0, 1, 225966, 1
0, 11, 15, 12, 565121223, 617976951, 4, 7, 26236893, 0
0, 11, 15, 12, 565121223, 617976951, 4, 6, 25116736, 0
0, 11, 15, 12, 565121223, 617976951, 4, 5, 26548696, 0
0, 11, 15, 12, 565121223, 617976951, 4, 4, 28483297, 0
0, 11, 15, 12, 565121223, 617976951, 4, 3, 34126814, 0
0, 11, 15, 12, 565121223, 617976951, 4, 2, 31565302, 0
0, 11, 15, 12, 565121223, 617976951, 4, 1, 34608197, 0
0, 11, 15, 12, 565121223, 617976951, 4, 0, 41685599, 0
0, 11, 15, 12, 565121223, 617976951, 3, 7, 19734252, 0
0, 11, 15, 12, 565121223, 617976951, 3, 6, 18676170, 0
0, 11, 15, 12, 565121223, 617976951, 3, 5, 19140604, 0
0, 11, 15, 12, 565121223, 617976951, 3, 4, 20674559, 0
0, 11, 15, 12, 565121223, 617976951, 3, 3, 23841797, 1
0, 11, 15, 12, 565121223, 617976951, 3, 2, 22383212, 1
0, 11, 15, 12, 565121223, 617976951, 3, 1, 25135888, 1
0, 11, 15, 12, 565121223, 617976951, 3, 0, 24907810, 0
0, 11, 15, 12, 565121223, 617976951, 2, 7, 21353183, 0
0, 11, 15, 12, 565121223, 617976951, 2, 6, 19180899, 0
0, 11, 15, 12, 565121223, 617976951, 2, 5, 18799723, 0
0, 11, 15, 12, 565121223, 617976951, 2, 4, 21973358, 0
0, 11, 15, 12, 565121223, 617976951, 2, 3, 26349590, 0
0, 11, 15, 12, 565121223, 617976951, 2, 2, 26369478, 0
0, 11, 15, 12, 565121223, 617976951, 2, 1, 28138342, 0
0, 11, 15, 12, 565121223, 617976951, 2, 0, 35550906, 0
0, 11, 15, 12, 565121223, 617976951, 1, 7, 22645815, 0
0, 11, 15, 12, 565121223, 617976951, 1, 6, 20572317, 0
0, 11, 15, 12, 565121223, 617976951, 1, 5, 21660750, 0
0, 11, 15, 12, 565121223, 617976951, 1, 4, 25144441, 0
0, 11, 15, 12, 565121223, 617976951, 1, 3, 32328566, 0
0, 11, 15, 12, 565121223, 617976951, 1, 2, 34847122, 0
0, 11, 15, 12, 565121223, 617976951, 1, 1, 41045451, 0
0, 11, 15, 12, 565121223, 617976951, 1, 0, 71101811, 0
0, 11, 15, 12, 565121223, 617976951, 0, 7, 22464387, 1
0, 11, 15, 12, 565121223, 617976951, 0, 6, 19695088, 1
0, 11, 15, 12, 565121223, 617976951, 0, 5, 17799730, 1
0, 11, 15, 12, 565121223, 617976951, 0, 4, 22249662, 1
0, 11, 15, 12, 565121223, 617976951, 0, 3, 29666216, 1
0, 11, 15, 12, 565121223, 617976951, 0, 2, 28295471, 1
0, 11, 15, 12, 565121223, 617976951, 0, 1, 28044614, 1
0, 12, 15, 12, 617976952, 675774640, 4, 7, 1671366, 1
0, 12, 15, 12, 617976952, 675774640, 4, 6, 1917155, 1
0, 12, 15, 12, 617976952, 675774640, 4, 5, 2247699, 1
0, 12, 15, 12, 617976952, 675774640, 4, 4, 2715970, 1
0, 12, 15, 12, 617976952, 675774640, 4, 3, 1494370, 1
0, 12, 15, 12, 617976952, 675774640, 4, 2, 2028073, 1
0, 12, 15, 12, 617976952, 675774640, 4, 1, 3154780, 1
0, 12, 15, 12, 617976952, 675774640, 4, 0, 1, 0
0, 12, 15, 12, 617976952, 675774640, 3, 7, 2102686, 1
0, 12, 15, 12, 617976952, 675774640, 3, 6, 2414195, 1
0, 12, 15, 12, 617976952, 675774640, 3, 5, 2834055, 1
0, 12, 15, 12, 617976952, 675774640, 3, 4, 3430699, 1
0, 12, 15, 12, 617976952, 675774640, 3, 3, 1892868, 1
0, 12, 15, 12, 617976952, 675774640, 3, 2, 2581184, 1
0, 12, 15, 12, 617976952, 675774640, 3, 1, 4056146, 1
0, 12, 15, 12, 617976952, 675774640, 3, 0, 1, 0
0, 12, 15, 12, 617976952, 675774640, 2, 7, 1599577, 1
0, 12, 15, 12, 617976952, 675774640, 2, 6, 1839513, 1
0, 12, 15, 12, 617976952, 675774640, 2, 5, 2164133, 1
0, 12, 15, 12, 617976952, 675774640, 2, 4, 2627875, 1
0, 12, 15, 12, 617976952, 675774640, 2, 3, 1, 1
0, 12, 15, 12, 617976952, 675774640, 2, 2, 1, 1
0, 12, 15, 12, 617976952, 675774640, 2, 1, 1, 1
0, 12, 15, 12, 617976952, 675774640, 2, 0, 1, 0
0, 12, 15, 12, 617976952, 675774640, 1, 7, 2452684, 1
0, 12, 15, 12, 617976952, 675774640, 1, 6, 2830020, 1
0, 12, 15, 12, 617976952, 675774640, 1, 5, 3344569, 1
0, 12, 15, 12, 617976952, 675774640, 1, 4, 4087806, 1
0, 12, 15, 12, 617976952, 675774640, 1, 3, 1, 1
0, 12, 15, 12, 617976952, 675774640, 1, 2, 1, 1
0, 12, 15, 12, 617976952, 675774640, 1, 1, 1, 1
0, 12, 15, 12, 617976952, 675774640, 1, 0, 1, 0
0, 12, 15, 12, 617976952, 675774640, 0, 7, 1, 1
0, 12, 15, 12, 617976952, 675774640, 0, 6, 1, 1
0, 12, 15, 12, 617976952, 675774640, 0, 5, 1, 1
0, 12, 15, 12, 617976952, 675774640, 0, 4, 1, 1
0, 12, 15, 12, 617976952, 675774640, 0, 3, 1, 1
0, 12, 15, 12, 617976952, 675774640, 0, 2, 1, 1
0, 12, 15, 12, 617976952, 675774640, 0, 1, 1, 1
0, 13, 15, 12, 675774641, 711631018, 4, 7, 6719902, 0
0, 13, 15, 12, 675774641, 711631018, 4, 6, 6739475, 0
0, 13, 15, 12, 675774641, 711631018, 4, 5, 7771690, 0
0, 13, 15, 12, 675774641, 711631018, 4, 4, 7557917, 0
0, 13, 15, 12, 675774641, 711631018, 4, 3, 6989670, 0
0, 13, 15, 12, 675774641, 711631018, 4, 2, 7940922, 0
0, 13, 15, 12, 675774641, 711631018, 4, 1, 10542949, 0
0, 13, 15, 12, 675774641, 711631018, 4, 0, 4304466, 0
0, 13, 15, 12, 675774641, 711631018, 3, 7, 6071356, 0
0, 13, 15, 12, 675774641, 711631018, 3, 6, 6202254, 0
0, 13, 15, 12, 675774641, 711631018, 3, 5, 7117293, 0
0, 13, 15, 12, 675774641, 711631018, 3, 4, 6998451, 0
0, 13, 15, 12, 675774641, 711631018, 3, 3, 7546106, 0
0, 13, 15, 12, 675774641, 711631018, 3, 2, 8323707, 0
0, 13, 15, 12, 675774641, 711631018, 3, 1, 10794384, 0
0, 13, 15, 12, 675774641, 711631018, 3, 0, 5739287, 0
0, 13, 15, 12, 675774641, 711631018, 2, 7, 6427585, 0
0, 13, 15, 12, 675774641, 711631018, 2, 6, 6354164, 0
0, 13, 15, 12, 675774641, 711631018, 2, 5, 7254126, 0
0, 13, 15, 12, 675774641, 711631018, 2, 4, 6613784, 0
0, 13, 15, 12, 675774641, 711631018, 2, 3, 6619455, 0
0, 13, 15, 12, 675774641, 711631018, 2, 2, 8970132, 0
0, 13, 15, 12, 675774641, 711631018, 2, 1, 13027150, 0
0, 13, 15, 12, 675774641, 711631018, 2, 0, 4989656, 0
0, 13, 15, 12, 675774641, 711631018, 1, 7, 3801876, 0
0, 13, 15, 12, 675774641, 711631018, 1, 6, 2790536, 0
0, 13, 15, 12, 675774641, 711631018, 1, 5, 3297906, 0
0, 13, 15, 12, 675774641, 711631018, 1, 4, 4030774, 0
0, 13, 15, 12, 675774641, 711631018, 1, 3, 5182423, 0
0, 13, 15, 12, 675774641, 711631018, 1, 2, 7044803, 0
0, 13, 15, 12, 675774641, 711631018, 1, 1, 9532902, 0
0, 13, 15, 12, 675774641, 711631018, 1, 0, 9979311, 0
0, 13, 15, 12, 675774641, 711631018, 0, 7, 1, 1
0, 13, 15, 12, 675774641, 711631018, 0, 6, 1, 1
0, 13, 15, 12, 675774641, 711631018, 0, 5, 1, 1
0, 13, 15, 12, 675774641, 711631018, 0, 4, 1, 1
0, 13, 15, 12, 675774641, 711631018, 0, 3, 1, 1
0, 13, 15, 12, 675774641, 711631018, 0, 2, 1, 1
0, 13, 15, 12, 675774641, 711631018, 0, 1, 1, 1
0, 14, 15, 12, 711631019, 734359992, 4, 7, 6503394, 1
0, 14, 15, 12, 711631019, 734359992, 4, 6, 7304183, 1
0, 14, 15, 12, 711631019, 734359992, 4, 5, 5444067, 1
0, 14, 15, 12, 711631019, 734359992, 4, 4, 6040210, 1
0, 14, 15, 12, 711631019, 734359992, 4, 3, 6923098, 1
0, 14, 15, 12, 711631019, 734359992, 4, 2, 6314265, 1
0, 14, 15, 12, 711631019, 734359992, 4, 1, 3899592, 1
0, 14, 15, 12, 711631019, 734359992, 4, 0, 1, 0
0, 14, 15, 12, 711631019, 734359992, 3, 7, 3217265, 1
0, 14, 15, 12, 711631019, 734359992, 3, 6, 3693897, 1
0, 14, 15, 12, 711631019, 734359992, 3, 5, 2278481, 1
0, 14, 15, 12, 711631019, 734359992, 3, 4, 2448691, 1
0, 14, 15, 12, 711631019, 734359992, 3, 3, 3101676, 1
0, 14, 15, 12, 711631019, 734359992, 3, 2, 3580890, 1
0, 14, 15, 12, 711631019, 734359992, 3, 1, 3034179, 1
0, 14, 15, 12, 711631019, 734359992, 3, 0, 1, 0
0, 14, 15, 12, 711631019, 734359992, 2, 7, 3057585, 1
0, 14, 15, 12, 711631019, 734359992, 2, 6, 3516223, 1
0, 14, 15, 12, 711631019, 734359992, 2, 5, 1352607, 1
0, 14, 15, 12, 711631019, 734359992, 2, 4, 1222456, 1
0, 14, 15, 12, 711631019, 734359992, 2, 3, 1555853, 1
0, 14, 15, 12, 711631019, 734359992, 2, 2, 1247380, 1
0, 14, 15, 12, 711631019, 734359992, 2, 1, 1, 1
0, 14, 15, 12, 711631019, 734359992, 2, 0, 1, 0
0, 14, 15, 12, 711631019, 734359992, 1, 7, 777956, 1
0, 14, 15, 12, 711631019, 734359992, 1, 6, 897641, 1
0, 14, 15, 12, 711631019, 734359992, 1, 5, 1060848, 1
0, 14, 15, 12, 711631019, 734359992, 1, 4, 1108782, 1
0, 14, 15, 12, 711631019, 734359992, 1, 3, 1425577, 1
0, 14, 15, 12, 711631019, 734359992, 1, 2, 1995808, 1
0, 14, 15, 12, 711631019, 734359992, 1, 1, 1, 1
0, 14, 15, 12, 711631019, 734359992, 1, 0, 1, 0
0, 14, 15, 12, 711631019, 734359992, 0, 7, 1425577, 1
0, 14, 15, 12, 711631019, 734359992, 0, 6, 1663173, 1
0, 14, 15, 12, 711631019, 734359992, 0, 5, 1995808, 1
0, 14, 15, 12, 711631019, 734359992, 0, 4, 2494759, 1
0, 14, 15, 12, 711631019, 734359992, 0, 3, 3326346, 1
0, 14, 15, 12, 711631019, 734359992, 0, 2, 4989518, 1
0, 14, 15, 12, 711631019, 734359992, 0, 1, 1, 1
0, 15, 15, 12, 734359993, 775092521, 4, 7, 9275820, 0
0, 15, 15, 12, 734359993, 775092521, 4, 6, 10264618, 0
0, 15, 15, 12, 734359993, 775092521, 4, 5, 10850960, 0
0, 15, 15, 12, 734359993, 775092521, 4, 4, 11811443, 0
0, 15, 15, 12, 734359993, 775092521, 4, 3, 11880267, 0
0, 15, 15, 12, 734359993, 775092521, 4, 2, 9956670, 0
0, 15, 15, 12, 734359993, 775092521, 4, 1, 8228951, 0
0, 15, 15, 12, 734359993, 775092521, 4, 0, 13945883, 0
0, 15, 15, 12, 734359993, 775092521, 3, 7, 8232074, 0
0, 15, 15, 12, 734359993, 775092521, 3, 6, 9098390, 0
0, 15, 15, 12, 734359993, 775092521, 3, 5, 9188581, 0
0, 15, 15, 12, 734359993, 775092521, 3, 4, 9752576, 0
0, 15, 15, 12, 734359993, 775092521, 3, 3, 8503293, 0
0, 15, 15, 12, 734359993, 775092521, 3, 2, 6824161, 0
0, 15, 15, 12, 734359993, 775092521, 3, 1, 8109629, 0
0, 15, 15, 12, 734359993, 775092521, 3, 0, 18594511, 0
0, 15, 15, 12, 734359993, 775092521, 2, 7, 9539192, 0
0, 15, 15, 12, 734359993, 775092521, 2, 6, 10970070, 0
0, 15, 15, 12, 734359993, 775092521, 2, 5, 10887190, 0
0, 15, 15, 12, 734359993, 775092521, 2, 4, 11360274, 0
0, 15, 15, 12, 734359993, 775092521, 2, 3, 11595400, 0
0, 15, 15, 12, 734359993, 775092521, 2, 2, 9383222, 0
0, 15, 15, 12, 734359993, 775092521, 2, 1, 11353481, 0
0, 15, 15, 12, 734359993, 775092521, 2, 0, 27891766, 0
0, 15, 15, 12, 734359993, 775092521, 1, 7, 8205001, 0
0, 15, 15, 12, 734359993, 775092521, 1, 6, 9467309, 0
0, 15, 15, 12, 734359993, 775092521, 1, 5, 11172403, 0
0, 15, 15, 12, 734359993, 775092521, 1, 4, 10762003, 0
0, 15, 15, 12, 734359993, 775092521, 1, 3, 11599857, 0
0, 15, 15, 12, 734359993, 775092521, 1, 2, 6696294, 0
0, 15, 15, 12, 734359993, 775092521, 1, 1, 11160489, 0
0, 15, 15, 12, 734359993, 775092521, 1, 0, 32497595, 0
0, 15, 15, 12, 734359993, 775092521, 0, 7, 6803186, 1
0, 15, 15, 12, 734359993, 775092521, 0, 6, 7937050, 1
0, 15, 15, 12, 734359993, 775092521, 0, 5, 9488744, 1
0, 15, 15, 12, 734359993, 775092521, 0, 4, 11860929, 1
0, 15, 15, 12, 734359993, 775092521, 0, 3, 10594896, 1
0, 15, 15, 12, 734359993, 775092521, 0, 2, 491936, 1
0, 15, 15, 12, 734359993, 775092521, 0, 1, 983872, 1
0, 16, 15, 12, 775092522, 855805756, 4, 7, 30685445, 0
0, 16, 15, 12, 775092522, 855805756, 4, 6, 32504248, 0
0, 16, 15, 12, 775092522, 855805756, 4, 5, 35414101, 0
0, 16, 15, 12, 775092522, 855805756, 4, 4, 38032784, 0
0, 16, 15, 12, 775092522, 855805756, 4, 3, 38361149, 0
0, 16, 15, 12, 775092522, 855805756, 4, 2, 34919060, 0
0, 16, 15, 12, 775092522, 855805756, 4, 1, 42236291, 0
0, 16, 15, 12, 775092522, 855805756, 4, 0, 51932715, 0
0, 16, 15, 12, 775092522, 855805756, 3, 7, 20622140, 0
0, 16, 15, 12, 775092522, 855805756, 3, 6, 21981199, 0
0, 16, 15, 12, 775092522, 855805756, 3, 5, 24397862, 0
0, 16, 15, 12, 775092522, 855805756, 3, 4, 26458201, 0
0, 16, 15, 12, 775092522, 855805756, 3, 3, 27319230, 0
0, 16, 15, 12, 775092522, 855805756, 3, 2, 26421258, 0
0, 16, 15, 12, 775092522, 855805756, 3, 1, 34013114, 0
0, 16, 15, 12, 775092522, 855805756, 3, 0, 43416809, 0
0, 16, 15, 12, 775092522, 855805756, 2, 7, 22958015, 0
0, 16, 15, 12, 775092522, 855805756, 2, 6, 24112019, 0
0, 16, 15, 12, 775092522, 855805756, 2, 5, 26464637, 0
0, 16, 15, 12, 775092522, 855805756, 2, 4, 27960987, 0
0, 16, 15, 12, 775092522, 855805756, 2, 3, 28089827, 0
0, 16, 15, 12, 775092522, 855805756, 2, 2, 32022210, 0
0, 16, 15, 12, 775092522, 855805756, 2, 1, 43154089, 0
0, 16, 15, 12, 775092522, 855805756, 2, 0, 54418154, 0
0, 16, 15, 12, 775092522, 855805756, 1, 7, 22768721, 0
0, 16, 15, 12, 775092522, 855805756, 1, 6, 22748989, 0
0, 16, 15, 12, 775092522, 855805756, 1, 5, 26253559, 0
0, 16, 15, 12, 775092522, 855805756, 1, 4, 25593793, 0
0, 16, 15, 12, 775092522, 855805756, 1, 3, 26889718, 0
0, 16, 15, 12, 775092522, 855805756, 1, 2, 27083521, 0
0, 16, 15, 12, 775092522, 855805756, 1, 1, 37835529, 1
0, 16, 15, 12, 775092522, 855805756, 1, 0, 34045036, 0
0, 16, 15, 12, 775092522, 855805756, 0, 7, 18869598, 1
0, 16, 15, 12, 775092522, 855805756, 0, 6, 22014531, 1
0, 16, 15, 12, 775092522, 855805756, 0, 5, 25027896, 1
0, 16, 15, 12, 775092522, 855805756, 0, 4, 31284869, 1
0, 16, 15, 12, 775092522, 855805756, 0, 3, 30693844, 1
0, 16, 15, 12, 775092522, 855805756, 0, 2, 19635556, 1
0, 16, 15, 12, 775092522, 855805756, 0, 1, 39271112, 1
0, 17, 15, 12, 855805757, 920930903, 4, 7, 1830793, 0
0, 17, 15, 12, 855805757, 920930903, 4, 6, 1353734, 0
0, 17, 15, 12, 855805757, 920930903, 4, 5, 1552668, 0
0, 17, 15, 12, 855805757, 920930903, 4, 4, 1180079, 0
0, 17, 15, 12, 855805757, 920930903, 4, 3, 646729, 0
0, 17, 15, 12, 855805757, 920930903, 4, 2, 877704, 0
0, 17, 15, 12, 855805757, 920930903, 4, 1, 1365317, 0
0, 17, 15, 12, 855805757, 920930903, 4, 0, 3071963, 0
0, 17, 15, 12, 855805757, 920930903, 3, 7, 483537, 0
0, 17, 15, 12, 855805757, 920930903, 3, 6, 555173, 0
0, 17, 15, 12, 855805757, 920930903, 3, 5, 608264, 0
0, 17, 15, 12, 855805757, 920930903, 3, 4, 646729, 0
0, 17, 15, 12, 855805757, 920930903, 3, 3, 819191, 0
0, 17, 15, 12, 855805757, 920930903, 3, 2, 1117078, 0
0, 17, 15, 12, 855805757, 920930903, 3, 1, 1755408, 0
0, 17, 15, 12, 855805757, 920930903, 3, 0, 4095951, 0
0, 17, 15, 12, 855805757, 920930903, 2, 7, 651724, 0
0, 17, 15, 12, 855805757, 920930903, 2, 6, 749483, 0
0, 17, 15, 12, 855805757, 920930903, 2, 5, 822945, 0
0, 17, 15, 12, 855805757, 920930903, 2, 4, 877704, 0
0, 17, 15, 12, 855805757, 920930903, 2, 3, 1117078, 0
0, 17, 15, 12, 855805757, 920930903, 2, 2, 1535982, 0
0, 17, 15, 12, 855805757, 920930903, 2, 1, 2457571, 0
0, 17, 15, 12, 855805757, 920930903, 2, 0, 6143926, 0
0, 17, 15, 12, 855805757, 920930903, 1, 7, 66639, 1
0, 17, 15, 12, 855805757, 920930903, 1, 6, 76892, 1
0, 17, 15, 12, 855805757, 920930903, 1, 5, 1, 1
0, 17, 15, 12, 855805757, 920930903, 1, 4, 1, 1
0, 17, 15, 12, 855805757, 920930903, 1, 3, 1, 1
0, 17, 15, 12, 855805757, 920930903, 1, 2, 1, 1
0, 17, 15, 12, 855805757, 920930903, 1, 1, 1, 1
0, 17, 15, 12, 855805757, 920930903, 1, 0, 1, 0
0, 17, 15, 12, 855805757, 920930903, 0, 7, 142798, 1
0, 17, 15, 12, 855805757, 920930903, 0, 6, 166598, 1
0, 17, 15, 12, 855805757, 920930903, 0, 5, 1, 1
0, 17, 15, 12, 855805757, 920930903, 0, 4, 1, 1
0, 17, 15, 12, 855805757, 920930903, 0, 3, 1, 1
0, 17, 15, 12, 855805757, 920930903, 0, 2, 1, 1
0, 17, 15, 12, 855805757, 920930903, 0, 1, 1, 1
0, 18, 15, 12, 920930904, 940680860, 4, 7, 32675913, 1
0, 18, 15, 12, 920930904, 940680860, 4, 6, 30834668, 1
0, 18, 15, 12, 920930904, 940680860, 4, 5, 25875105, 1
0, 18, 15, 12, 920930904, 940680860, 4, 4, 26938031, 0
0, 18, 15, 12, 920930904, 940680860, 4, 3, 30712200, 1
0, 18, 15, 12, 920930904, 940680860, 4, 2, 21582648, 0
0, 18, 15, 12, 920930904, 940680860, 4, 1, 25960759, 0
0, 18, 15, 12, 920930904, 940680860, 4, 0, 20782558, 0
0, 18, 15, 12, 920930904, 940680860, 3, 7, 27971998, 1
0, 18, 15, 12, 920930904, 940680860, 3, 6, 28178555, 1
0, 18, 15, 12, 920930904, 940680860, 3, 5, 24584486, 0
0, 18, 15, 12, 920930904, 940680860, 3, 4, 24528467, 0
0, 18, 15, 12, 920930904, 940680860, 3, 3, 26870662, 0
0, 18, 15, 12, 920930904, 940680860, 3, 2, 13865176, 0
0, 18, 15, 12, 920930904, 940680860, 3, 1, 21788134, 0
0, 18, 15, 12, 920930904, 940680860, 3, 0, 27710078, 0
0, 18, 15, 12, 920930904, 940680860, 2, 7, 32122024, 0
0, 18, 15, 12, 920930904, 940680860, 2, 6, 31624780, 0
0, 18, 15, 12, 920930904, 940680860, 2, 5, 25712811, 0
0, 18, 15, 12, 920930904, 940680860, 2, 4, 24221688, 0
0, 18, 15, 12, 920930904, 940680860, 2, 3, 26698239, 0
0, 18, 15, 12, 920930904, 940680860, 2, 2, 15264067, 0
0, 18, 15, 12, 920930904, 940680860, 2, 1, 24422507, 0
0, 18, 15, 12, 920930904, 940680860, 2, 0, 41565116, 0
0, 18, 15, 12, 920930904, 940680860, 1, 7, 43067835, 0
0, 18, 15, 12, 920930904, 940680860, 1, 6, 41515889, 0
0, 18, 15, 12, 920930904, 940680860, 1, 5, 37230928, 0
0, 18, 15, 12, 920930904, 940680860, 1, 4, 34727668, 0
0, 18, 15, 12, 920930904, 940680860, 1, 3, 41954375, 0
0, 18, 15, 12, 920930904, 940680860, 1, 2, 24422507, 0
0, 18, 15, 12, 920930904, 940680860, 1, 1, 40704177, 0
0, 18, 15, 12, 920930904, 940680860, 1, 0, 83130232, 0
0, 18, 15, 12, 920930904, 940680860, 0, 7, 29705737, 1
0, 18, 15, 12, 920930904, 940680860, 0, 6, 28600736, 1
0, 18, 15, 12, 920930904, 940680860, 0, 5, 26035709, 1
0, 18, 15, 12, 920930904, 940680860, 0, 4, 19873610, 1
0, 18, 15, 12, 920930904, 940680860, 0, 3, 26498146, 1
0, 18, 15, 12, 920930904, 940680860, 0, 2, 10074582, 1
0, 18, 15, 12, 920930904, 940680860, 0, 1, 20149164, 1
0, 19, 15, 12, 940680861, 968752998, 4, 7, 118234700, 1
0, 19, 15, 12, 940680861, 968752998, 4, 6, 69373989, 1
0, 19, 15, 12, 940680861, 968752998, 4, 5, 1, 1
0, 19, 15, 12, 940680861, 968752998, 4, 4, 1, 1
0, 19, 15, 12, 940680861, 968752998, 4, 3, 1, 1
0, 19, 15, 12, 940680861, 968752998, 4, 2, 1, 1
0, 19, 15, 12, 940680861, 968752998, 4, 1, 1, 1
0, 19, 15, 12, 940680861, 968752998, 4, 0, 1, 0
0, 19, 15, 12, 940680861, 968752998, 3, 7, 108204202, 1
0, 19, 15, 12, 940680861, 968752998, 3, 6, 65113291, 1
0, 19, 15, 12, 940680861, 968752998, 3, 5, 1, 1
0, 19, 15, 12, 940680861, 968752998, 3, 4, 1, 1
0, 19, 15, 12, 940680861, 968752998, 3, 3, 1, 1
0, 19, 15, 12, 940680861, 968752998, 3, 2, 1, 1
0, 19, 15, 12, 940680861, 968752998, 3, 1, 1, 1
0, 19, 15, 12, 940680861, 968752998, 3, 0, 1, 0
0, 19, 15, 12, 940680861, 968752998, 2, 7, 100567841, 1
0, 19, 15, 12, 940680861, 968752998, 2, 6, 60394005, 1
0, 19, 15, 12, 940680861, 968752998, 2, 5, 1, 1
0, 19, 15, 12, 940680861, 968752998, 2, 4, 1, 1
0, 19, 15, 12, 940680861, 968752998, 2, 3, 1, 1
0, 19, 15, 12, 940680861, 968752998, 2, 2, 1, 1
0, 19, 15, 12, 940680861, 968752998, 2, 1, 1, 1
0, 19, 15, 12, 940680861, 968752998, 2, 0, 1, 0
0, 19, 15, 12, 940680861, 968752998, 1, 7, 117642593, 1
0, 19, 15, 12, 940680861, 968752998, 1, 6, 51906021, 1
0, 19, 15, 12, 940680861, 968752998, 1, 5, 1, 1
0, 19, 15, 12, 940680861, 968752998, 1, 4, 1, 1
0, 19, 15, 12, 940680861, 968752998, 1, 3, 1, 1
0, 19, 15, 12, 940680861, 968752998, 1, 2, 1, 1
0, 19, 15, 12, 940680861, 968752998, 1, 1, 1, 1
0, 19, 15, 12, 940680861, 968752998, 1, 0, 1, 0
0, 19, 15, 12, 940680861, 968752998, 0, 7, 155949497, 1
0, 19, 15, 12, 940680861, 968752998, 0, 6, 92044998, 1
0, 19, 15, 12, 940680861, 968752998, 0, 5, 1, 1
0, 19, 15, 12, 940680861, 968752998, 0, 4, 1, 1
0, 19, 15, 12, 940680861, 968752998, 0, 3, 1, 1
0, 19, 15, 12, 940680861, 968752998, 0, 2, 1, 1
0, 19, 15, 12, 940680861, 968752998, 0, 1, 1, 1
0, 20, 15, 12, 968752999, 1023005415, 4, 7, 96767796, 1
0, 20, 15, 12, 968752999, 1023005415, 4, 6, 55623516, 1
0, 20, 15, 12, 968752999, 1023005415, 4, 5, 1, 1
0, 20, 15, 12, 968752999, 1023005415, 4, 4, 1, 1
0, 20, 15, 12, 968752999, 1023005415, 4, 3, 1, 1
0, 20, 15, 12, 968752999, 1023005415, 4, 2, 1, 1
0, 20, 15, 12, 968752999, 1023005415, 4, 1, 1, 1
0, 20, 15, 12, 968752999, 1023005415, 4, 0, 1, 0
0, 20, 15, 12, 968752999, 1023005415, 3, 7, 90172855, 1
0, 20, 15, 12, 968752999, 1023005415, 3, 6, 51200610, 1
0, 20, 15, 12, 968752999, 1023005415, 3, 5, 1, 1
0, 20, 15, 12, 968752999, 1023005415, 3, 4, 1, 1
0, 20, 15, 12, 968752999, 1023005415, 3, 3, 1, 1
0, 20, 15, 12, 968752999, 1023005415, 3, 2, 1, 1
0, 20, 15, 12, 968752999, 1023005415, 3, 1, 1, 1
0, 20, 15, 12, 968752999, 1023005415, 3, 0, 1, 0
0, 20, 15, 12, 968752999, 1023005415, 2, 7, 81249845, 1
0, 20, 15, 12, 968752999, 1023005415, 2, 6, 45840714, 1
0, 20, 15, 12, 968752999, 1023005415, 2, 5, 1, 1
0, 20, 15, 12, 968752999, 1023005415, 2, 4, 1, 1
0, 20, 15, 12, 968752999, 1023005415, 2, 3, 1, 1
0, 20, 15, 12, 968752999, 1023005415, 2, 2, 1, 1
0, 20, 15, 12, 968752999, 1023005415, 2, 1, 1, 1
0, 20, 15, 12, 968752999, 1023005415, 2, 0, 1, 0
0, 20, 15, 12, 968752999, 1023005415, 1, 7, 94422276, 1
0, 20, 15, 12, 968752999, 1023005415, 1, 6, 35723230, 1
0, 20, 15, 12, 968752999, 1023005415, 1, 5, 1, 1
0, 20, 15, 12, 968752999, 1023005415, 1, 4, 1, 1
0, 20, 15, 12, 968752999, 1023005415, 1, 3, 1, 1
0, 20, 15, 12, 968752999, 1023005415, 1, 2, 1, 1
0, 20, 15, 12, 968752999, 1023005415, 1, 1, 1, 1
0, 20, 15, 12, 968752999, 1023005415, 1, 0, 1, 0
0, 20, 15, 12, 968752999, 1023005415, 0, 7, 132439056, 1
0, 20, 15, 12, 968752999, 1023005415, 0, 6, 77400331, 1
0, 20, 15, 12, 968752999, 1023005415, 0, 5, 1, 1
0, 20, 15, 12, 968752999, 1023005415, 0, 4, 1, 1
0, 20, 15, 12, 968752999, 1023005415, 0, 3, 1, 1
0, 20, 15, 12, 968752999, 1023005415, 0, 2, 1, 1
0, 20, 15, 12, 968752999, 1023005415, 0, 1, 1, 1
0, 21, 15, 12, 1023005416, 1072750812, 4, 7, 71636548, 1
0, 21, 15, 12, 1023005416, 1072750812, 4, 6, 46174727, 1
0, 21, 15, 12, 1023005416, 1072750812, 4, 5, 1, 1
0, 21, 15, 12, 1023005416, 1072750812, 4, 4, 1, 1
0, 21, 15, 12, 1023005416, 1072750812, 4, 3, 1, 1
0, 21, 15, 12, 1023005416, 1072750812, 4, 2, 1, 1
0, 21, 15, 12, 1023005416, 1072750812, 4, 1, 1, 1
0, 21, 15, 12, 1023005416, 1072750812, 4, 0, 1, 0
0, 21, 15, 12, 1023005416, 1072750812, 3, 7, 65708046, 1
0, 21, 15, 12, 1023005416, 1072750812, 3, 6, 44201420, 1
0, 21, 15, 12, 1023005416, 1072750812, 3, 5, 1, 1
0, 21, 15, 12, 1023005416, 1072750812, 3, 4, 1, 1
0, 21, 15, 12, 1023005416, 1072750812, 3, 3, 1, 1
0, 21, 15, 12, 1023005416, 1072750812, 3, 2, 1, 1
0, 21, 15, 12, 1023005416, 1072750812, 3, 1, 1, 1
0, 21, 15, 12, 1023005416, 1072750812, 3, 0, 1, 0
0, 21, 15, 12, 1023005416, 1072750812, 2, 7, 60904806, 1
0, 21, 15, 12, 1023005416, 1072750812, 2, 6, 42474967, 1
0, 21, 15, 12, 1023005416, 1072750812, 2, 5, 1, 1
0, 21, 15, 12, 1023005416, 1072750812, 2, 4, 1, 1
0, 21, 15, 12, 1023005416, 1072750812, 2, 3, 1, 1
0, 21, 15, 12, 1023005416, 1072750812, 2, 2, 1, 1
0, 21, 15, 12, 1023005416, 1072750812, 2, 1, 1, 1
0, 21, 15, 12, 1023005416, 1072750812, 2, 0, 1, 0
0, 21, 15, 12, 1023005416, 1072750812, 1, 7, 77945799, 1
0, 21, 15, 12, 1023005416, 1072750812, 1, 6, 47528908, 1
0, 21, 15, 12, 1023005416, 1072750812, 1, 5, 1, 1
0, 21, 15, 12, 1023005416, 1072750812, 1, 4, 1, 1
0, 21, 15, 12, 1023005416, 1072750812, 1, 3, 1, 1
0, 21, 15, 12, 1023005416, 1072750812, 1, 2, 1, 1
0, 21, 15, 12, 1023005416, 1072750812, 1, 1, 1, 1
0, 21, 15, 12, 1023005416, 1072750812, 1, 0, 1, 0
0, 21, 15, 12, 1023005416, 1072750812, 0, 7, 62186713, 1
0, 21, 15, 12, 1023005416, 1072750812, 0, 6, 39385190, 1
0, 21, 15, 12, 1023005416, 1072750812, 0, 5, 1, 1
0, 21, 15, 12, 1023005416, 1072750812, 0, 4, 1, 1
0, 21, 15, 12, 1023005416, 1072750812, 0, 3, 1, 1
0, 21, 15, 12, 1023005416, 1072750812, 0, 2, 1, 1
0, 21, 15, 12, 1023005416, 1072750812, 0, 1, 1, 1
0, 22, 15, 12, 1072750813, 1101598188, 4, 7, 112779090, 1
0, 22, 15, 12, 1072750813, 1101598188, 4, 6, 65551101, 1
0, 22, 15, 12, 1072750813, 1101598188, 4, 5, 1, 1
0, 22, 15, 12, 1072750813, 1101598188, 4, 4, 1, 1
0, 22, 15, 12, 1072750813, 1101598188, 4, 3, 1, 1
0, 22, 15, 12, 1072750813, 1101598188, 4, 2, 1, 1
0, 22, 15, 12, 1072750813, 1101598188, 4, 1, 1, 1
0, 22, 15, 12, 1072750813, 1101598188, 4, 0, 1, 0
0, 22, 15, 12, 1072750813, 1101598188, 3, 7, 107256854, 1
0, 22, 15, 12, 1072750813, 1101598188, 3, 6, 62682605, 1
0, 22, 15, 12, 1072750813, 1101598188, 3, 5, 1, 1
0, 22, 15, 12, 1072750813, 1101598188, 3, 4, 1, 1
0, 22, 15, 12, 1072750813, 1101598188, 3, 3, 1, 1
0, 22, 15, 12, 1072750813, 1101598188, 3, 2, 1, 1
0, 22, 15, 12, 1072750813, 1101598188, 3, 1, 1, 1
0, 22, 15, 12, 1072750813, 1101598188, 3, 0, 1, 0
0, 22, 15, 12, 1072750813, 1101598188, 2, 7, 100138916, 1
0, 22, 15, 12, 1072750813, 1101598188, 2, 6, 59515643, 1
0, 22, 15, 12, 1072750813, 1101598188, 2, 5, 1, 1
0, 22, 15, 12, 1072750813, 1101598188, 2, 4, 1, 1
0, 22, 15, 12, 1072750813, 1101598188, 2, 3, 1, 1
0, 22, 15, 12, 1072750813, 1101598188, 2, 2, 1, 1
0, 22, 15, 12, 1072750813, 1101598188, 2, 1, 1, 1
0, 22, 15, 12, 1072750813, 1101598188, 2, 0, 1, 0
0, 22, 15, 12, 1072750813, 1101598188, 1, 7, 113913170, 1
0, 22, 15, 12, 1072750813, 1101598188, 1, 6, 51112630, 1
0, 22, 15, 12, 1072750813, 1101598188, 1, 5, 1, 1
0, 22, 15, 12, 1072750813, 1101598188, 1, 4, 1, 1
0, 22, 15, 12, 1072750813, 1101598188, 1, 3, 1, 1
0, 22, 15, 12, 1072750813, 1101598188, 1, 2, 1, 1
0, 22, 15, 12, 1072750813, 1101598188, 1, 1, 1, 1
0, 22, 15, 12, 1072750813, 1101598188, 1, 0, 1, 0
0, 22, 15, 12, 1072750813, 1101598188, 0, 7, 141739073, 1
0, 22, 15, 12, 1072750813, 1101598188, 0, 6, 83158757, 1
0, 22, 15, 12, 1072750813, 1101598188, 0, 5, 1, 1
0, 22, 15, 12, 1072750813, 1101598188, 0, 4, 1, 1
0, 22, 15, 12, 1072750813, 1101598188, 0, 3, 1, 1
0, 22, 15, 12, 1072750813, 1101598188, 0, 2, 1, 1
0, 22, 15, 12, 1072750813, 1101598188, 0, 1, 1, 1
0, 23, 15, 12, 1101598189, 1142233348, 4, 7, 83012056, 1
0, 23, 15, 12, 1101598189, 1142233348, 4, 6, 45855482, 1
0, 23, 15, 12, 1101598189, 1142233348, 4, 5, 1, 1
0, 23, 15, 12, 1101598189, 1142233348, 4, 4, 1, 1
0, 23, 15, 12, 1101598189, 1142233348, 4, 3, 1, 1
0, 23, 15, 12, 1101598189, 1142233348, 4, 2, 1, 1
0, 23, 15, 12, 1101598189, 1142233348, 4, 1, 1, 1
0, 23, 15, 12, 1101598189, 1142233348, 4, 0, 1, 0
0, 23, 15, 12, 1101598189, 1142233348, 3, 7, 86969601, 1
0, 23, 15, 12, 1101598189, 1142233348, 3, 6, 51388996, 1
0, 23, 15, 12, 1101598189, 1142233348, 3, 5, 1, 1
0, 23, 15, 12, 1101598189, 1142233348, 3, 4, 1, 1
0, 23, 15, 12, 1101598189, 1142233348, 3, 3, 1, 1
0, 23, 15, 12, 1101598189, 1142233348, 3, 2, 1, 1
0, 23, 15, 12, 1101598189, 1142233348, 3, 1, 1, 1
0, 23, 15, 12, 1101598189, 1142233348, 3, 0, 1, 0
0, 23, 15, 12, 1101598189, 1142233348, 2, 7, 88369325, 1
0, 23, 15, 12, 1101598189, 1142233348, 2, 6, 52834651, 1
0, 23, 15, 12, 1101598189, 1142233348, 2, 5, 1, 1
0, 23, 15, 12, 1101598189, 1142233348, 2, 4, 1, 1
0, 23, 15, 12, 1101598189, 1142233348, 2, 3, 1, 1
0, 23, 15, 12, 1101598189, 1142233348, 2, 2, 1, 1
0, 23, 15, 12, 1101598189, 1142233348, 2, 1, 1, 1
0, 23, 15, 12, 1101598189, 1142233348, 2, 0, 1, 0
0, 23, 15, 12, 1101598189, 1142233348, 1, 7, 90238980, 1
0, 23, 15, 12, 1101598189, 1142233348, 1, 6, 53463485, 1
0, 23, 15, 12, 1101598189, 1142233348, 1, 5, 1, 1
0, 23, 15, 12, 1101598189, 1142233348, 1, 4, 1, 1
0, 23, 15, 12, 1101598189, 1142233348, 1, 3, 1, 1
0, 23, 15, 12, 1101598189, 1142233348, 1, 2, 1, 1
0, 23, 15, 12, 1101598189, 1142233348, 1, 1, 1, 1
0, 23, 15, 12, 1101598189, 1142233348, 1, 0, 1, 0
0, 23, 15, 12, 1101598189, 1142233348, 0, 7, 98977745, 1
0, 23, 15, 12, 1101598189, 1142233348, 0, 6, 56935749, 1
0, 23, 15, 12, 1101598189, 1142233348, 0, 5, 1, 1
0, 23, 15, 12, 1101598189, 1142233348, 0, 4, 1, 1
0, 23, 15, 12, 1101598189, 1142233348, 0, 3, 1, 1
0, 23, 15, 12, 1101598189, 1142233348, 0, 2, 1, 1
0, 23, 15, 12, 1101598189, 1142233348, 0, 1, 1, 1
0, 24, 15, 12, 1142233349, 1164530969, 4, 7, 134674365, 1
0, 24, 15, 12, 1142233349, 1164530969, 4, 6, 77330657, 1
0, 24, 15, 12, 1142233349, 1164530969, 4, 5, 1, 1
0, 24, 15, 12, 1142233349, 1164530969, 4, 4, 1, 1
0, 24, 15, 12, 1142233349, 1164530969, 4, 3, 1, 1
0, 24, 15, 12, 1142233349, 1164530969, 4, 2, 1, 1
0, 24, 15, 12, 1142233349, 1164530969, 4, 1, 1, 1
0, 24, 15, 12, 1142233349, 1164530969, 4, 0, 1, 0
0, 24, 15, 12, 1142233349, 1164530969, 3, 7, 135249827, 1
0, 24, 15, 12, 1142233349, 1164530969, 3, 6, 77730268, 1
0, 24, 15, 12, 1142233349, 1164530969, 3, 5, 1, 1
0, 24, 15, 12, 1142233349, 1164530969, 3, 4, 1, 1
0, 24, 15, 12, 1142233349, 1164530969, 3, 3, 1, 1
0, 24, 15, 12, 1142233349, 1164530969, 3, 2, 1, 1
0, 24, 15, 12, 1142233349, 1164530969, 3, 1, 1, 1
0, 24, 15, 12, 1142233349, 1164530969, 3, 0, 1, 0
0, 24, 15, 12, 1142233349, 1164530969, 2, 7, 136687240, 1
0, 24, 15, 12, 1142233349, 1164530969, 2, 6, 78783121, 1
0, 24, 15, 12, 1142233349, 1164530969, 2, 5, 1, 1
0, 24, 15, 12, 1142233349, 1164530969, 2, 4, 1, 1
0, 24, 15, 12, 1142233349, 1164530969, 2, 3, 1, 1
0, 24, 15, 12, 1142233349, 1164530969, 2, 2, 1, 1
0, 24, 15, 12, 1142233349, 1164530969, 2, 1, 1, 1
0, 24, 15, 12, 1142233349, 1164530969, 2, 0, 1, 0
0, 24, 15, 12, 1142233349, 1164530969, 1, 7, 138942650, 1
0, 24, 15, 12, 1142233349, 1164530969, 1, 6, 80234643, 1
0, 24, 15, 12, 1142233349, 1164530969, 1, 5, 1, 1
0, 24, 15, 12, 1142233349, 1164530969, 1, 4, 1, 1
0, 24, 15, 12, 1142233349, 1164530969, 1, 3, 1, 1
0, 24, 15, 12, 1142233349, 1164530969, 1, 2, 1, 1
0, 24, 15, 12, 1142233349, 1164530969, 1, 1, 1, 1
0, 24, 15, 12, 1142233349, 1164530969, 1, 0, 1, 0
0, 24, 15, 12, 1142233349, 1164530969, 0, 7, 149590370, 1
0, 24, 15, 12, 1142233349, 1164530969, 0, 6, 85896875, 1
0, 24, 15, 12, 1142233349, 1164530969, 0, 5, 1, 1
0, 24, 15, 12, 1142233349, 1164530969, 0, 4, 1, 1
0, 24, 15, 12, 1142233349, 1164530969, 0, 3, 1, 1
0, 24, 15, 12, 1142233349, 1164530969, 0, 2, 1, 1
0, 24, 15, 12, 1142233349, 1164530969, 0, 1, 1, 1
0, 25, 15, 12, 1164530970, 1205380352, 4, 7, 68896824, 1
0, 25, 15, 12, 1164530970, 1205380352, 4, 6, 37911243, 1
0, 25, 15, 12, 1164530970, 1205380352, 4, 5, 1, 1
0, 25, 15, 12, 1164530970, 1205380352, 4, 4, 1, 1
0, 25, 15, 12, 1164530970, 1205380352, 4, 3, 1, 1
0, 25, 15, 12, 1164530970, 1205380352, 4, 2, 1, 1
0, 25, 15, 12, 1164530970, 1205380352, 4, 1, 1, 1
0, 25, 15, 12, 1164530970, 1205380352, 4, 0, 1, 0
0, 25, 15, 12, 1164530970, 1205380352, 3, 7, 75058942, 1
0, 25, 15, 12, 1164530970, 1205380352, 3, 6, 41042982, 1
0, 25, 15, 12, 1164530970, 1205380352, 3, 5, 1, 1
0, 25, 15, 12, 1164530970, 1205380352, 3, 4, 1, 1
0, 25, 15, 12, 1164530970, 1205380352, 3, 3, 1, 1
0, 25, 15, 12, 1164530970, 1205380352, 3, 2, 1, 1
0, 25, 15, 12, 1164530970, 1205380352, 3, 1, 1, 1
0, 25, 15, 12, 1164530970, 1205380352, 3, 0, 1, 0
0, 25, 15, 12, 1164530970, 1205380352, 2, 7, 76489576, 1
0, 25, 15, 12, 1164530970, 1205380352, 2, 6, 41582532, 1
0, 25, 15, 12, 1164530970, 1205380352, 2, 5, 1, 1
0, 25, 15, 12, 1164530970, 1205380352, 2, 4, 1, 1
0, 25, 15, 12, 1164530970, 1205380352, 2, 3, 1, 1
0, 25, 15, 12, 1164530970, 1205380352, 2, 2, 1, 1
0, 25, 15, 12, 1164530970, 1205380352, 2, 1, 1, 1
0, 25, 15, 12, 1164530970, 1205380352, 2, 0, 1, 0
0, 25, 15, 12, 1164530970, 1205380352, 1, 7, 74653470, 1
0, 25, 15, 12, 1164530970, 1205380352, 1, 6, 37998518, 1
0, 25, 15, 12, 1164530970, 1205380352, 1, 5, 1, 1
0, 25, 15, 12, 1164530970, 1205380352, 1, 4, 1, 1
0, 25, 15, 12, 1164530970, 1205380352, 1, 3, 1, 1
0, 25, 15, 12, 1164530970, 1205380352, 1, 2, 1, 1
0, 25, 15, 12, 1164530970, 1205380352, 1, 1, 1, 1
0, 25, 15, 12, 1164530970, 1205380352, 1, 0, 1, 0
0, 25, 15, 12, 1164530970, 1205380352, 0, 7, 90067638, 1
0, 25, 15, 12, 1164530970, 1205380352, 0, 6, 52669159, 1
0, 25, 15, 12, 1164530970, 1205380352, 0, 5, 1, 1
0, 25, 15, 12, 1164530970, 1205380352, 0, 4, 1, 1
0, 25, 15, 12, 1164530970, 1205380352, 0, 3, 1, 1
0, 25, 15, 12, 1164530970, 1205380352, 0, 2, 1, 1
0, 25, 15, 12, 1164530970, 1205380352, 0, 1, 1, 1
0, 26, 15, 12, 1205380353, 1348850879, 4, 7, 167629287, 1
0, 26, 15, 12, 1205380353, 1348850879, 4, 6, 120342230, 1
0, 26, 15, 12, 1205380353, 1348850879, 4, 5, 56588426, 0
0, 26, 15, 12, 1205380353, 1348850879, 4, 4, 54702145, 0
0, 26, 15, 12, 1205380353, 1348850879, 4, 3, 51823085, 0
0, 26, 15, 12, 1205380353, 1348850879, 4, 2, 58609441, 0
0, 26, 15, 12, 1205380353, 1348850879, 4, 1, 72936193, 0
0, 26, 15, 12, 1205380353, 1348850879, 4, 0, 41026609, 0
0, 26, 15, 12, 1205380353, 1348850879, 3, 7, 167493739, 1
0, 26, 15, 12, 1205380353, 1348850879, 3, 6, 120883873, 1
0, 26, 15, 12, 1205380353, 1348850879, 3, 5, 57080499, 0
0, 26, 15, 12, 1205380353, 1348850879, 3, 4, 51823085, 0
0, 26, 15, 12, 1205380353, 1348850879, 3, 3, 54702145, 0
0, 26, 15, 12, 1205380353, 1348850879, 3, 2, 59675067, 0
0, 26, 15, 12, 1205380353, 1348850879, 3, 1, 70331329, 0
0, 26, 15, 12, 1205380353, 1348850879, 3, 0, 54702145, 0
0, 26, 15, 12, 1205380353, 1348850879, 2, 7, 161983331, 1
0, 26, 15, 12, 1205380353, 1348850879, 2, 6, 113495821, 1
0, 26, 15, 12, 1205380353, 1348850879, 2, 5, 48266599, 1
0, 26, 15, 12, 1205380353, 1348850879, 2, 4, 35165665, 1
0, 26, 15, 12, 1205380353, 1348850879, 2, 3, 29837534, 1
0, 26, 15, 12, 1205380353, 1348850879, 2, 2, 20513305, 1
0, 26, 15, 12, 1205380353, 1348850879, 2, 1, 32821287, 1
0, 26, 15, 12, 1205380353, 1348850879, 2, 0, 1, 0
0, 26, 15, 12, 1205380353, 1348850879, 1, 7, 152406526, 1
0, 26, 15, 12, 1205380353, 1348850879, 1, 6, 101186523, 1
0, 26, 15, 12, 1205380353, 1348850879, 1, 5, 29837534, 1
0, 26, 15, 12, 1205380353, 1348850879, 1, 4, 1, 1
0, 26, 15, 12, 1205380353, 1348850879, 1, 3, 1, 1
0, 26, 15, 12, 1205380353, 1348850879, 1, 2, 1, 1
0, 26, 15, 12, 1205380353, 1348850879, 1, 1, 1, 1
0, 26, 15, 12, 1205380353, 1348850879, 1, 0, 1, 0
0, 26, 15, 12, 1205380353, 1348850879, 0, 7, 161645597, 1
0, 26, 15, 12, 1205380353, 1348850879, 0, 6, 109320131, 1
0, 26, 15, 12, 1205380353, 1348850879, 0, 5, 32821287, 1
0, 26, 15, 12, 1205380353, 1348850879, 0, 4, 1, 1
0, 26, 15, 12, 1205380353, 1348850879, 0, 3, 1, 1
0, 26, 15, 12, 1205380353, 1348850879, 0, 2, 1, 1
0, 26, 15, 12, 1205380353, 1348850879, 0, 1, 1, 1
0, 27, 15, 12, 1348850880, 1364980632, 4, 7, 13989, 1
0, 27, 15, 12, 1348850880, 1364980632, 4, 6, 16046, 1
0, 27, 15, 12, 1348850880, 1364980632, 4, 5, 18812, 1
0, 27, 15, 12, 1348850880, 1364980632, 4, 4, 22731, 1
0, 27, 15, 12, 1348850880, 1364980632, 4, 3, 28713, 1
0, 27, 15, 12, 1348850880, 1364980632, 4, 2, 1, 1
0, 27, 15, 12, 1348850880, 1364980632, 4, 1, 1, 1
0, 27, 15, 12, 1348850880, 1364980632, 4, 0, 1, 0
0, 27, 15, 12, 1348850880, 1364980632, 3, 7, 17598, 1
0, 27, 15, 12, 1348850880, 1364980632, 3, 6, 20205, 1
0, 27, 15, 12, 1348850880, 1364980632, 3, 5, 23719, 1
0, 27, 15, 12, 1348850880, 1364980632, 3, 4, 28713, 1
0, 27, 15, 12, 1348850880, 1364980632, 3, 3, 36369, 1
0, 27, 15, 12, 1348850880, 1364980632, 3, 2, 1, 1
0, 27, 15, 12, 1348850880, 1364980632, 3, 1, 1, 1
0, 27, 15, 12, 1348850880, 1364980632, 3, 0, 1, 0
0, 27, 15, 12, 1348850880, 1364980632, 2, 7, 23719, 1
0, 27, 15, 12, 1348850880, 1364980632, 2, 6, 27277, 1
0, 27, 15, 12, 1348850880, 1364980632, 2, 5, 32091, 1
0, 27, 15, 12, 1348850880, 1364980632, 2, 4, 38967, 1
0, 27, 15, 12, 1348850880, 1364980632, 2, 3, 49594, 1
0, 27, 15, 12, 1348850880, 1364980632, 2, 2, 1, 1
0, 27, 15, 12, 1348850880, 1364980632, 2, 1, 1, 1
0, 27, 15, 12, 1348850880, 1364980632, 2, 0, 1, 0
0, 27, 15, 12, 1348850880, 1364980632, 1, 7, 36369, 1
0, 27, 15, 12, 1348850880, 1364980632, 1, 6, 41965, 1
0, 27, 15, 12, 1348850880, 1364980632, 1, 5, 49594, 1
0, 27, 15, 12, 1348850880, 1364980632, 1, 4, 60615, 1
0, 27, 15, 12, 1348850880, 1364980632, 1, 3, 77934, 1
0, 27, 15, 12, 1348850880, 1364980632, 1, 2, 1, 1
0, 27, 15, 12, 1348850880, 1364980632, 1, 1, 1, 1
0, 27, 15, 12, 1348850880, 1364980632, 1, 0, 1, 0
0, 27, 15, 12, 1348850880, 1364980632, 0, 7, 77934, 1
0, 27, 15, 12, 1348850880, 1364980632, 0, 6, 90923, 1
0, 27, 15, 12, 1348850880, 1364980632, 0, 5, 109107, 1
0, 27, 15, 12, 1348850880, 1364980632, 0, 4, 136384, 1
0, 27, 15, 12, 1348850880, 1364980632, 0, 3, 181845, 1
0, 27, 15, 12, 1348850880, 1364980632, 0, 2, 1, 1
0, 27, 15, 12, 1348850880, 1364980632, 0, 1, 1, 1
0, 28, 15, 12, 1364980633, 1413850088, 4, 7, 18226772, 1
0, 28, 15, 12, 1364980633, 1413850088, 4, 6, 14308629, 0
0, 28, 15, 12, 1364980633, 1413850088, 4, 5, 15098372, 0
0, 28, 15, 12, 1364980633, 1413850088, 4, 4, 18243866, 0
0, 28, 15, 12, 1364980633, 1413850088, 4, 3, 13392759, 0
0, 28, 15, 12, 1364980633, 1413850088, 4, 2, 14506112, 0
0, 28, 15, 12, 1364980633, 1413850088, 4, 1, 22414028, 0
0, 28, 15, 12, 1364980633, 1413850088, 4, 0, 4883937, 0
0, 28, 15, 12, 1364980633, 1413850088, 3, 7, 7576314, 1
0, 28, 15, 12, 1364980633, 1413850088, 3, 6, 1435582, 0
0, 28, 15, 12, 1364980633, 1413850088, 3, 5, 849381, 0
0, 28, 15, 12, 1364980633, 1413850088, 3, 4, 1028198, 0
0, 28, 15, 12, 1364980633, 1413850088, 3, 3, 1302383, 0
0, 28, 15, 12, 1364980633, 1413850088, 3, 2, 1775977, 0
0, 28, 15, 12, 1364980633, 1413850088, 3, 1, 2790821, 0
0, 28, 15, 12, 1364980633, 1413850088, 3, 0, 6511915, 0
0, 28, 15, 12, 1364980633, 1413850088, 2, 7, 5849014, 1
0, 28, 15, 12, 1364980633, 1413850088, 2, 6, 1938036, 0
0, 28, 15, 12, 1364980633, 1413850088, 2, 5, 1149162, 0
0, 28, 15, 12, 1364980633, 1413850088, 2, 4, 1395411, 0
0, 28, 15, 12, 1364980633, 1413850088, 2, 3, 1775977, 0
0, 28, 15, 12, 1364980633, 1413850088, 2, 2, 2441969, 0
0, 28, 15, 12, 1364980633, 1413850088, 2, 1, 3907149, 0
0, 28, 15, 12, 1364980633, 1413850088, 2, 0, 9767873, 0
0, 28, 15, 12, 1364980633, 1413850088, 1, 7, 7666105, 1
0, 28, 15, 12, 1364980633, 1413850088, 1, 6, 1478844, 1
0, 28, 15, 12, 1364980633, 1413850088, 1, 5, 1, 1
0, 28, 15, 12, 1364980633, 1413850088, 1, 4, 1, 1
0, 28, 15, 12, 1364980633, 1413850088, 1, 3, 1, 1
0, 28, 15, 12, 1364980633, 1413850088, 1, 2, 1, 1
0, 28, 15, 12, 1364980633, 1413850088, 1, 1, 1, 1
0, 28, 15, 12, 1364980633, 1413850088, 1, 0, 1, 0
0, 28, 15, 12, 1364980633, 1413850088, 0, 7, 16427367, 1
0, 28, 15, 12, 1364980633, 1413850088, 0, 6, 3204161, 1
0, 28, 15, 12, 1364980633, 1413850088, 0, 5, 1, 1
0, 28, 15, 12, 1364980633, 1413850088, 0, 4, 1, 1
0, 28, 15, 12, 1364980633, 1413850088, 0, 3, 1, 1
0, 28, 15, 12, 1364980633, 1413850088, 0, 2, 1, 1
0, 28, 15, 12, 1364980633, 1413850088, 0, 1, 1, 1
0, 29, 15, 12, 1413850089, 1440927354, 4, 7, 16480137, 0
0, 29, 15, 12, 1413850089, 1440927354, 4, 6, 15994215, 0
0, 29, 15, 12, 1413850089, 1440927354, 4, 5, 14505513, 0
0, 29, 15, 12, 1413850089, 1440927354, 4, 4, 15042738, 0
0, 29, 15, 12, 1413850089, 1440927354, 4, 3, 17964194, 0
0, 29, 15, 12, 1413850089, 1440927354, 4, 2, 15110179, 0
0, 29, 15, 12, 1413850089, 1440927354, 4, 1, 17447047, 0
0, 29, 15, 12, 1413850089, 1440927354, 4, 0, 38030507, 0
0, 29, 15, 12, 1413850089, 1440927354, 3, 7, 8898376, 0
0, 29, 15, 12, 1413850089, 1440927354, 3, 6, 9389394, 0
0, 29, 15, 12, 1413850089, 1440927354, 3, 5, 9048964, 0
0, 29, 15, 12, 1413850089, 1440927354, 3, 4, 8483869, 0
0, 29, 15, 12, 1413850089, 1440927354, 3, 3, 9432498, 0
0, 29, 15, 12, 1413850089, 1440927354, 3, 2, 10129769, 0
0, 29, 15, 12, 1413850089, 1440927354, 3, 1, 15229720, 0
0, 29, 15, 12, 1413850089, 1440927354, 3, 0, 35536012, 0
0, 29, 15, 12, 1413850089, 1440927354, 2, 7, 7081365, 0
0, 29, 15, 12, 1413850089, 1440927354, 2, 6, 7026769, 0
0, 29, 15, 12, 1413850089, 1440927354, 2, 5, 7611372, 0
0, 29, 15, 12, 1413850089, 1440927354, 2, 4, 7249472, 0
0, 29, 15, 12, 1413850089, 1440927354, 2, 3, 7435143, 0
0, 29, 15, 12, 1413850089, 1440927354, 2, 2, 9086938, 0
0, 29, 15, 12, 1413850089, 1440927354, 2, 1, 13575215, 0
0, 29, 15, 12, 1413850089, 1440927354, 2, 0, 33938037, 0
0, 29, 15, 12, 1413850089, 1440927354, 1, 7, 2983905, 1
0, 29, 15, 12, 1413850089, 1440927354, 1, 6, 3442967, 1
0, 29, 15, 12, 1413850089, 1440927354, 1, 5, 3056048, 1
0, 29, 15, 12, 1413850089, 1440927354, 1, 4, 3735170, 1
0, 29, 15, 12, 1413850089, 1440927354, 1, 3, 1987214, 1
0, 29, 15, 12, 1413850089, 1440927354, 1, 2, 963886, 1
0, 29, 15, 12, 1413850089, 1440927354, 1, 1, 1, 1
0, 29, 15, 12, 1413850089, 1440927354, 1, 0, 1, 0
0, 29, 15, 12, 1413850089, 1440927354, 0, 7, 4628830, 1
0, 29, 15, 12, 1413850089, 1440927354, 0, 6, 5400302, 1
0, 29, 15, 12, 1413850089, 1440927354, 0, 5, 6480362, 1
0, 29, 15, 12, 1413850089, 1440927354, 0, 4, 8100453, 1
0, 29, 15, 12, 1413850089, 1440927354, 0, 3, 4636831, 1
0, 29, 15, 12, 1413850089, 1440927354, 0, 2, 2409713, 1
0, 29, 15, 12, 1413850089, 1440927354, 0, 1, 1, 1
0, 30, 15, 12, 1440927355, 1481394656, 4, 7, 17497295, 0
0, 30, 15, 12, 1440927355, 1481394656, 4, 6, 18837552, 0
0, 30, 15, 12, 1440927355, 1481394656, 4, 5, 18375647, 0
0, 30, 15, 12, 1440927355, 1481394656, 4, 4, 16523064, 0
0, 30, 15, 12, 1440927355, 1481394656, 4, 3, 14241974, 0
0, 30, 15, 12, 1440927355, 1481394656, 4, 2, 17095189, 0
0, 30, 15, 12, 1440927355, 1481394656, 4, 1, 13892268, 0
0, 30, 15, 12, 1440927355, 1481394656, 4, 0, 31257603, 0
0, 30, 15, 12, 1440927355, 1481394656, 3, 7, 5831149, 1
0, 30, 15, 12, 1440927355, 1481394656, 3, 6, 5142514, 1
0, 30, 15, 12, 1440927355, 1481394656, 3, 5, 1359342, 1
0, 30, 15, 12, 1440927355, 1481394656, 3, 4, 1645519, 1
0, 30, 15, 12, 1440927355, 1481394656, 3, 3, 2084324, 1
0, 30, 15, 12, 1440927355, 1481394656, 3, 2, 1, 1
0, 30, 15, 12, 1440927355, 1481394656, 3, 1, 1, 1
0, 30, 15, 12, 1440927355, 1481394656, 3, 0, 1, 0
0, 30, 15, 12, 1440927355, 1481394656, 2, 7, 3876026, 1
0, 30, 15, 12, 1440927355, 1481394656, 2, 6, 2361543, 1
0, 30, 15, 12, 1440927355, 1481394656, 2, 5, 1839109, 1
0, 30, 15, 12, 1440927355, 1481394656, 2, 4, 2233204, 1
0, 30, 15, 12, 1440927355, 1481394656, 2, 3, 2842259, 1
0, 30, 15, 12, 1440927355, 1481394656, 2, 2, 1, 1
0, 30, 15, 12, 1440927355, 1481394656, 2, 1, 1, 1
0, 30, 15, 12, 1440927355, 1481394656, 2, 0, 1, 0
0, 30, 15, 12, 1440927355, 1481394656, 1, 7, 5943240, 1
0, 30, 15, 12, 1440927355, 1481394656, 1, 6, 3633143, 1
0, 30, 15, 12, 1440927355, 1481394656, 1, 5, 2842259, 1
0, 30, 15, 12, 1440927355, 1481394656, 1, 4, 3473873, 1
0, 30, 15, 12, 1440927355, 1481394656, 1, 3, 4466407, 1
0, 30, 15, 12, 1440927355, 1481394656, 1, 2, 1, 1
0, 30, 15, 12, 1440927355, 1481394656, 1, 1, 1, 1
0, 30, 15, 12, 1440927355, 1481394656, 1, 0, 1, 0
0, 30, 15, 12, 1440927355, 1481394656, 0, 7, 12735513, 1
0, 30, 15, 12, 1440927355, 1481394656, 0, 6, 7871810, 1
0, 30, 15, 12, 1440927355, 1481394656, 0, 5, 6252970, 1
0, 30, 15, 12, 1440927355, 1481394656, 0, 4, 7816213, 1
0, 30, 15, 12, 1440927355, 1481394656, 0, 3, 10421617, 1
0, 30, 15, 12, 1440927355, 1481394656, 0, 2, 1, 1
0, 30, 15, 12, 1440927355, 1481394656, 0, 1, 1, 1
0, 31, 15, 12, 1481394657, 1552706094, 4, 7, 4546239, 0
0, 31, 15, 12, 1481394657, 1552706094, 4, 6, 4103080, 0
0, 31, 15, 12, 1481394657, 1552706094, 4, 5, 3647877, 0
0, 31, 15, 12, 1481394657, 1552706094, 4, 4, 4407852, 0
0, 31, 15, 12, 1481394657, 1552706094, 4, 3, 5567813, 0
0, 31, 15, 12, 1481394657, 1552706094, 4, 2, 5784565, 0
0, 31, 15, 12, 1481394657, 1552706094, 4, 1, 2748715, 0
0, 31, 15, 12, 1481394657, 1552706094, 4, 0, 6184609, 0
0, 31, 15, 12, 1481394657, 1552706094, 3, 7, 2054165, 0
0, 31, 15, 12, 1481394657, 1552706094, 3, 6, 2358486, 0
0, 31, 15, 12, 1481394657, 1552706094, 3, 5, 2768657, 0
0, 31, 15, 12, 1481394657, 1552706094, 3, 4, 3351532, 0
0, 31, 15, 12, 1481394657, 1552706094, 3, 3, 4245274, 0
0, 31, 15, 12, 1481394657, 1552706094, 3, 2, 3534052, 0
0, 31, 15, 12, 1481394657, 1552706094, 3, 1, 3534062, 0
0, 31, 15, 12, 1481394657, 1552706094, 3, 0, 8246145, 0
0, 31, 15, 12, 1481394657, 1552706094, 2, 7, 590076, 0
0, 31, 15, 12, 1481394657, 1552706094, 2, 6, 678587, 0
0, 31, 15, 12, 1481394657, 1552706094, 2, 5, 798338, 0
0, 31, 15, 12, 1481394657, 1552706094, 2, 4, 969410, 0
0, 31, 15, 12, 1481394657, 1552706094, 2, 3, 1233794, 0
0, 31, 15, 12, 1481394657, 1552706094, 2, 2, 1696467, 0
0, 31, 15, 12, 1481394657, 1552706094, 2, 1, 2714346, 0
0, 31, 15, 12, 1481394657, 1552706094, 2, 0, 6785865, 0
0, 31, 15, 12, 1481394657, 1552706094, 1, 7, 1, 1
0, 31, 15, 12, 1481394657, 1552706094, 1, 6, 1, 1
0, 31, 15, 12, 1481394657, 1552706094, 1, 5, 1, 1
0, 31, 15, 12, 1481394657, 1552706094, 1, 4, 1, 1
0, 31, 15, 12, 1481394657, 1552706094, 1, 3, 1, 1
0, 31, 15, 12, 1481394657, 1552706094, 1, 2, 1, 1
0, 31, 15, 12, 1481394657, 1552706094, 1, 1, 1, 1
0, 31, 15, 12, 1481394657, 1552706094, 1, 0, 1, 0
0, 31, 15, 12, 1481394657, 1552706094, 0, 7, 1, 1
0, 31, 15, 12, 1481394657, 1552706094, 0, 6, 1, 1
0, 31, 15, 12, 1481394657, 1552706094, 0, 5, 1, 1
0, 31, 15, 12, 1481394657, 1552706094, 0, 4, 1, 1
0, 31, 15, 12, 1481394657, 1552706094, 0, 3, 1, 1
0, 31, 15, 12, 1481394657, 1552706094, 0, 2, 1, 1
0, 31, 15, 12, 1481394657, 1552706094, 0, 1, 1, 1
0, 32, 15, 12, 1552706095, 1603101945, 4, 7, 17375552, 1
0, 32, 15, 12, 1552706095, 1603101945, 4, 6, 16595502, 1
0, 32, 15, 12, 1552706095, 1603101945, 4, 5, 15948761, 1
0, 32, 15, 12, 1552706095, 1603101945, 4, 4, 17709874, 1
0, 32, 15, 12, 1552706095, 1603101945, 4, 3, 14859240, 1
0, 32, 15, 12, 1552706095, 1603101945, 4, 2, 14698787, 0
0, 32, 15, 12, 1552706095, 1603101945, 4, 1, 17092040, 1
0, 32, 15, 12, 1552706095, 1603101945, 4, 0, 15672202, 0
0, 32, 15, 12, 1552706095, 1603101945, 3, 7, 15128469, 1
0, 32, 15, 12, 1552706095, 1603101945, 3, 6, 14870690, 1
0, 32, 15, 12, 1552706095, 1603101945, 3, 5, 14431339, 1
0, 32, 15, 12, 1552706095, 1603101945, 3, 4, 15643922, 1
0, 32, 15, 12, 1552706095, 1603101945, 3, 3, 13364053, 1
0, 32, 15, 12, 1552706095, 1603101945, 3, 2, 11265294, 1
0, 32, 15, 12, 1552706095, 1603101945, 3, 1, 13440237, 1
0, 32, 15, 12, 1552706095, 1603101945, 3, 0, 8846529, 0
0, 32, 15, 12, 1552706095, 1603101945, 2, 7, 16398036, 1
0, 32, 15, 12, 1552706095, 1603101945, 2, 6, 15484046, 1
0, 32, 15, 12, 1552706095, 1603101945, 2, 5, 14123122, 1
0, 32, 15, 12, 1552706095, 1603101945, 2, 4, 14671915, 1
0, 32, 15, 12, 1552706095, 1603101945, 2, 3, 11996474, 1
0, 32, 15, 12, 1552706095, 1603101945, 2, 2, 9722869, 0
0, 32, 15, 12, 1552706095, 1603101945, 2, 1, 14830211, 1
0, 32, 15, 12, 1552706095, 1603101945, 2, 0, 13269793, 0
0, 32, 15, 12, 1552706095, 1603101945, 1, 7, 14971331, 1
0, 32, 15, 12, 1552706095, 1603101945, 1, 6, 13642120, 1
0, 32, 15, 12, 1552706095, 1603101945, 1, 5, 12613930, 1
0, 32, 15, 12, 1552706095, 1603101945, 1, 4, 11562995, 1
0, 32, 15, 12, 1552706095, 1603101945, 1, 3, 11583288, 1
0, 32, 15, 12, 1552706095, 1603101945, 1, 2, 10580817, 1
0, 32, 15, 12, 1552706095, 1603101945, 1, 1, 16424063, 1
0, 32, 15, 12, 1552706095, 1603101945, 1, 0, 8215736, 0
0, 32, 15, 12, 1552706095, 1603101945, 0, 7, 18186687, 1
0, 32, 15, 12, 1552706095, 1603101945, 0, 6, 19441853, 1
0, 32, 15, 12, 1552706095, 1603101945, 0, 5, 21774884, 1
0, 32, 15, 12, 1552706095, 1603101945, 0, 4, 18547037, 1
0, 32, 15, 12, 1552706095, 1603101945, 0, 3, 17068070, 1
0, 32, 15, 12, 1552706095, 1603101945, 0, 2, 11512639, 1
0, 32, 15, 12, 1552706095, 1603101945, 0, 1, 19393384, 1
0, 33, 15, 12, 1603101946, 1684379469, 4, 7, 36622903, 1
0, 33, 15, 12, 1603101946, 1684379469, 4, 6, 21496531, 1
0, 33, 15, 12, 1603101946, 1684379469, 4, 5, 1, 1
0, 33, 15, 12, 1603101946, 1684379469, 4, 4, 1, 1
0, 33, 15, 12, 1603101946, 1684379469, 4, 3, 1, 1
0, 33, 15, 12, 1603101946, 1684379469, 4, 2, 1, 1
0, 33, 15, 12, 1603101946, 1684379469, 4, 1, 1, 1
0, 33, 15, 12, 1603101946, 1684379469, 4, 0, 1, 0
0, 33, 15, 12, 1603101946, 1684379469, 3, 7, 36793828, 1
0, 33, 15, 12, 1603101946, 1684379469, 3, 6, 22656445, 1
0, 33, 15, 12, 1603101946, 1684379469, 3, 5, 1, 1
0, 33, 15, 12, 1603101946, 1684379469, 3, 4, 1, 1
0, 33, 15, 12, 1603101946, 1684379469, 3, 3, 1, 1
0, 33, 15, 12, 1603101946, 1684379469, 3, 2, 1, 1
0, 33, 15, 12, 1603101946, 1684379469, 3, 1, 1, 1
0, 33, 15, 12, 1603101946, 1684379469, 3, 0, 1, 0
0, 33, 15, 12, 1603101946, 1684379469, 2, 7, 40097844, 1
0, 33, 15, 12, 1603101946, 1684379469, 2, 6, 26062034, 1
0, 33, 15, 12, 1603101946, 1684379469, 2, 5, 1, 1
0, 33, 15, 12, 1603101946, 1684379469, 2, 4, 1, 1
0, 33, 15, 12, 1603101946, 1684379469, 2, 3, 1, 1
0, 33, 15, 12, 1603101946, 1684379469, 2, 2, 1, 1
0, 33, 15, 12, 1603101946, 1684379469, 2, 1, 1, 1
0, 33, 15, 12, 1603101946, 1684379469, 2, 0, 1, 0
0, 33, 15, 12, 1603101946, 1684379469, 1, 7, 46945852, 1
0, 33, 15, 12, 1603101946, 1684379469, 1, 6, 25496997, 1
0, 33, 15, 12, 1603101946, 1684379469, 1, 5, 1, 1
0, 33, 15, 12, 1603101946, 1684379469, 1, 4, 1, 1
0, 33, 15, 12, 1603101946, 1684379469, 1, 3, 1, 1
0, 33, 15, 12, 1603101946, 1684379469, 1, 2, 1, 1
0, 33, 15, 12, 1603101946, 1684379469, 1, 1, 1, 1
0, 33, 15, 12, 1603101946, 1684379469, 1, 0, 1, 0
0, 33, 15, 12, 1603101946, 1684379469, 0, 7, 46375478, 1
0, 33, 15, 12, 1603101946, 1684379469, 0, 6, 23613541, 1
0, 33, 15, 12, 1603101946, 1684379469, 0, 5, 1, 1
0, 33, 15, 12, 1603101946, 1684379469, 0, 4, 1, 1
0, 33, 15, 12, 1603101946, 1684379469, 0, 3, 1, 1
0, 33, 15, 12, 1603101946, 1684379469, 0, 2, 1, 1
0, 33, 15, 12, 1603101946, 1684379469, 0, 1, 1, 1
0, 34, 15, 12, 1684379470, 1736347437, 4, 7, 41767538, 1
0, 34, 15, 12, 1684379470, 1736347437, 4, 6, 37092822, 1
0, 34, 15, 12, 1684379470, 1736347437, 4, 5, 31952041, 1
0, 34, 15, 12, 1684379470, 1736347437, 4, 4, 31975564, 1
0, 34, 15, 12, 1684379470, 1736347437, 4, 3, 28516450, 1
0, 34, 15, 12, 1684379470, 1736347437, 4, 2, 32156554, 1
0, 34, 15, 12, 1684379470, 1736347437, 4, 1, 46561147, 1
0, 34, 15, 12, 1684379470, 1736347437, 4, 0, 15698278, 0
0, 34, 15, 12, 1684379470, 1736347437, 3, 7, 39086851, 1
0, 34, 15, 12, 1684379470, 1736347437, 3, 6, 35866460, 1
0, 34, 15, 12, 1684379470, 1736347437, 3, 5, 30824318, 1
0, 34, 15, 12, 1684379470, 1736347437, 3, 4, 28934929, 0
0, 34, 15, 12, 1684379470, 1736347437, 3, 3, 29045098, 1
0, 34, 15, 12, 1684379470, 1736347437, 3, 2, 31277788, 1
0, 34, 15, 12, 1684379470, 1736347437, 3, 1, 44702035, 1
0, 34, 15, 12, 1684379470, 1736347437, 3, 0, 20931037, 0
0, 34, 15, 12, 1684379470, 1736347437, 2, 7, 34463535, 1
0, 34, 15, 12, 1684379470, 1736347437, 2, 6, 28709811, 1
0, 34, 15, 12, 1684379470, 1736347437, 2, 5, 24042003, 1
0, 34, 15, 12, 1684379470, 1736347437, 2, 4, 25267508, 0
0, 34, 15, 12, 1684379470, 1736347437, 2, 3, 24817108, 1
0, 34, 15, 12, 1684379470, 1736347437, 2, 2, 26687065, 1
0, 34, 15, 12, 1684379470, 1736347437, 2, 1, 36471018, 1
0, 34, 15, 12, 1684379470, 1736347437, 2, 0, 21781898, 0
0, 34, 15, 12, 1684379470, 1736347437, 1, 7, 31530223, 1
0, 34, 15, 12, 1684379470, 1736347437, 1, 6, 27603220, 1
0, 34, 15, 12, 1684379470, 1736347437, 1, 5, 21273677, 1
0, 34, 15, 12, 1684379470, 1736347437, 1, 4, 19893501, 1
0, 34, 15, 12, 1684379470, 1736347437, 1, 3, 24276103, 1
0, 34, 15, 12, 1684379470, 1736347437, 1, 2, 33986544, 1
0, 34, 15, 12, 1684379470, 1736347437, 1, 1, 46263765, 1
0, 34, 15, 12, 1684379470, 1736347437, 1, 0, 1, 0
0, 34, 15, 12, 1684379470, 1736347437, 0, 7, 30006321, 1
0, 34, 15, 12, 1684379470, 1736347437, 0, 6, 25498084, 1
0, 34, 15, 12, 1684379470, 1736347437, 0, 5, 24922968, 1
0, 34, 15, 12, 1684379470, 1736347437, 0, 4, 17411477, 1
0, 34, 15, 12, 1684379470, 1736347437, 0, 3, 23215302, 1
0, 34, 15, 12, 1684379470, 1736347437, 0, 2, 34822953, 1
0, 34, 15, 12, 1684379470, 1736347437, 0, 1, 69645905, 1
0, 35, 15, 12, 1736347438, 1788760533, 4, 7, 39854269, 0
0, 35, 15, 12, 1736347438, 1788760533, 4, 6, 38230293, 0
0, 35, 15, 12, 1736347438, 1788760533, 4, 5, 38486696, 0
0, 35, 15, 12, 1736347438, 1788760533, 4, 4, 40138666, 0
0, 35, 15, 12, 1736347438, 1788760533, 4, 3, 41892965, 0
0, 35, 15, 12, 1736347438, 1788760533, 4, 2, 45900790, 1
0, 35, 15, 12, 1736347438, 1788760533, 4, 1, 51959635, 1
0, 35, 15, 12, 1736347438, 1788760533, 4, 0, 42663512, 0
0, 35, 15, 12, 1736347438, 1788760533, 3, 7, 42649610, 0
0, 35, 15, 12, 1736347438, 1788760533, 3, 6, 41016198, 0
0, 35, 15, 12, 1736347438, 1788760533, 3, 5, 40161808, 0
0, 35, 15, 12, 1736347438, 1788760533, 3, 4, 41806243, 0
0, 35, 15, 12, 1736347438, 1788760533, 3, 3, 45895705, 0
0, 35, 15, 12, 1736347438, 1788760533, 3, 2, 48643664, 0
0, 35, 15, 12, 1736347438, 1788760533, 3, 1, 59256060, 1
0, 35, 15, 12, 1736347438, 1788760533, 3, 0, 56884682, 0
0, 35, 15, 12, 1736347438, 1788760533, 2, 7, 40431624, 0
0, 35, 15, 12, 1736347438, 1788760533, 2, 6, 38006702, 0
0, 35, 15, 12, 1736347438, 1788760533, 2, 5, 35730771, 0
0, 35, 15, 12, 1736347438, 1788760533, 2, 4, 38761336, 0
0, 35, 15, 12, 1736347438, 1788760533, 2, 3, 43519773, 0
0, 35, 15, 12, 1736347438, 1788760533, 2, 2, 46101863, 0
0, 35, 15, 12, 1736347438, 1788760533, 2, 1, 61105479, 1
0, 35, 15, 12, 1736347438, 1788760533, 2, 0, 56905898, 0
0, 35, 15, 12, 1736347438, 1788760533, 1, 7, 37078792, 0
0, 35, 15, 12, 1736347438, 1788760533, 1, 6, 34076909, 0
0, 35, 15, 12, 1736347438, 1788760533, 1, 5, 30581596, 0
0, 35, 15, 12, 1736347438, 1788760533, 1, 4, 32261706, 0
0, 35, 15, 12, 1736347438, 1788760533, 1, 3, 41479336, 0
0, 35, 15, 12, 1736347438, 1788760533, 1, 2, 45975905, 0
0, 35, 15, 12, 1736347438, 1788760533, 1, 1, 55530674, 1
0, 35, 15, 12, 1736347438, 1788760533, 1, 0, 51404817, 0
0, 35, 15, 12, 1736347438, 1788760533, 0, 7, 38835270, 1
0, 35, 15, 12, 1736347438, 1788760533, 0, 6, 35860394, 1
0, 35, 15, 12, 1736347438, 1788760533, 0, 5, 32038674, 1
0, 35, 15, 12, 1736347438, 1788760533, 0, 4, 28537793, 1
0, 35, 15, 12, 1736347438, 1788760533, 0, 3, 38050390, 1
0, 35, 15, 12, 1736347438, 1788760533, 0, 2, 43479937, 1
0, 35, 15, 12, 1736347438, 1788760533, 0, 1, 68646818, 1
0, 36, 15, 12, 1788760534, 1803934324, 4, 7, 15679565, 0
0, 36, 15, 12, 1788760534, 1803934324, 4, 6, 16409508, 0
0, 36, 15, 12, 1788760534, 1803934324, 4, 5, 18114203, 0
0, 36, 15, 12, 1788760534, 1803934324, 4, 4, 16654370, 0
0, 36, 15, 12, 1788760534, 1803934324, 4, 3, 16474210, 0
0, 36, 15, 12, 1788760534, 1803934324, 4, 2, 16891189, 0
0, 36, 15, 12, 1788760534, 1803934324, 4, 1, 11671691, 0
0, 36, 15, 12, 1788760534, 1803934324, 4, 0, 7144712, 0
0, 36, 15, 12, 1788760534, 1803934324, 3, 7, 8246951, 0
0, 36, 15, 12, 1788760534, 1803934324, 3, 6, 9273954, 0
0, 36, 15, 12, 1788760534, 1803934324, 3, 5, 9541149, 0
0, 36, 15, 12, 1788760534, 1803934324, 3, 4, 8963462, 0
0, 36, 15, 12, 1788760534, 1803934324, 3, 3, 10671817, 0
0, 36, 15, 12, 1788760534, 1803934324, 3, 2, 7594901, 0
0, 36, 15, 12, 1788760534, 1803934324, 3, 1, 4082693, 0
0, 36, 15, 12, 1788760534, 1803934324, 3, 0, 9526283, 0
0, 36, 15, 12, 1788760534, 1803934324, 2, 7, 7013185, 0
0, 36, 15, 12, 1788760534, 1803934324, 2, 6, 7802227, 0
0, 36, 15, 12, 1788760534, 1803934324, 2, 5, 7358483, 0
0, 36, 15, 12, 1788760534, 1803934324, 2, 4, 5425255, 0
0, 36, 15, 12, 1788760534, 1803934324, 2, 3, 5975004, 0
0, 36, 15, 12, 1788760534, 1803934324, 2, 2, 6400190, 0
0, 36, 15, 12, 1788760534, 1803934324, 2, 1, 5715770, 0
0, 36, 15, 12, 1788760534, 1803934324, 2, 0, 14289424, 0
0, 36, 15, 12, 1788760534, 1803934324, 1, 7, 4477399, 0
0, 36, 15, 12, 1788760534, 1803934324, 1, 6, 4761713, 0
0, 36, 15, 12, 1788760534, 1803934324, 1, 5, 2813813, 0
0, 36, 15, 12, 1788760534, 1803934324, 1, 4, 1621749, 0
0, 36, 15, 12, 1788760534, 1803934324, 1, 3, 2085106, 0
0, 36, 15, 12, 1788760534, 1803934324, 1, 2, 14443, 0
0, 36, 15, 12, 1788760534, 1803934324, 1, 1, 24071, 0
0, 36, 15, 12, 1788760534, 1803934324, 1, 0, 72212, 0
0, 36, 15, 12, 1788760534, 1803934324, 0, 7, 1, 1
0, 36, 15, 12, 1788760534, 1803934324, 0, 6, 1, 1
0, 36, 15, 12, 1788760534, 1803934324, 0, 5, 1, 1
0, 36, 15, 12, 1788760534, 1803934324, 0, 4, 1, 1
0, 36, 15, 12, 1788760534, 1803934324, 0, 3, 1, 1
0, 36, 15, 12, 1788760534, 1803934324, 0, 2, 1, 1
0, 36, 15, 12, 1788760534, 1803934324, 0, 1, 1, 1
0, 37, 15, 12, 1803934325, 1919480210, 4, 7, 25479818, 1
0, 37, 15, 12, 1803934325, 1919480210, 4, 6, 20163459, 0
0, 37, 15, 12, 1803934325, 1919480210, 4, 5, 23123559, 1
0, 37, 15, 12, 1803934325, 1919480210, 4, 4, 21173418, 0
0, 37, 15, 12, 1803934325, 1919480210, 4, 3, 25112717, 1
0, 37, 15, 12, 1803934325, 1919480210, 4, 2, 23807312, 0
0, 37, 15, 12, 1803934325, 1919480210, 4, 1, 25812065, 0
0, 37, 15, 12, 1803934325, 1919480210, 4, 0, 21964188, 0
0, 37, 15, 12, 1803934325, 1919480210, 3, 7, 18277676, 0
0, 37, 15, 12, 1803934325, 1919480210, 3, 6, 16643470, 0
0, 37, 15, 12, 1803934325, 1919480210, 3, 5, 18886927, 0
0, 37, 15, 12, 1803934325, 1919480210, 3, 4, 18822672, 0
0, 37, 15, 12, 1803934325, 1919480210, 3, 3, 21774023, 0
0, 37, 15, 12, 1803934325, 1919480210, 3, 2, 16615554, 0
0, 37, 15, 12, 1803934325, 1919480210, 3, 1, 25313282, 0
0, 37, 15, 12, 1803934325, 1919480210, 3, 0, 29285584, 0
0, 37, 15, 12, 1803934325, 1919480210, 2, 7, 14788692, 1
0, 37, 15, 12, 1803934325, 1919480210, 2, 6, 11223865, 0
0, 37, 15, 12, 1803934325, 1919480210, 2, 5, 12323702, 1
0, 37, 15, 12, 1803934325, 1919480210, 2, 4, 10877257, 0
0, 37, 15, 12, 1803934325, 1919480210, 2, 3, 11023745, 1
0, 37, 15, 12, 1803934325, 1919480210, 2, 2, 6446455, 0
0, 37, 15, 12, 1803934325, 1919480210, 2, 1, 9198705, 0
0, 37, 15, 12, 1803934325, 1919480210, 2, 0, 22996761, 0
0, 37, 15, 12, 1803934325, 1919480210, 1, 7, 15284320, 1
0, 37, 15, 12, 1803934325, 1919480210, 1, 6, 11079015, 1
0, 37, 15, 12, 1803934325, 1919480210, 1, 5, 13093381, 1
0, 37, 15, 12, 1803934325, 1919480210, 1, 4, 9955213, 1
0, 37, 15, 12, 1803934325, 1919480210, 1, 3, 12799559, 1
0, 37, 15, 12, 1803934325, 1919480210, 1, 2, 3981471, 0
0, 37, 15, 12, 1803934325, 1919480210, 1, 1, 4776413, 0
0, 37, 15, 12, 1803934325, 1919480210, 1, 0, 14329239, 0
0, 37, 15, 12, 1803934325, 1919480210, 0, 7, 23034117, 1
0, 37, 15, 12, 1803934325, 1919480210, 0, 6, 20686640, 1
0, 37, 15, 12, 1803934325, 1919480210, 0, 5, 24823967, 1
0, 37, 15, 12, 1803934325, 1919480210, 0, 4, 17422389, 1
0, 37, 15, 12, 1803934325, 1919480210, 0, 3, 23229852, 1
0, 37, 15, 12, 1803934325, 1919480210, 0, 2, 1, 1
0, 37, 15, 12, 1803934325, 1919480210, 0, 1, 1, 1
0, 38, 15, 12, 1919480211, 1929514505, 4, 7, 20999663, 1
0, 38, 15, 12, 1919480211, 1929514505, 4, 6, 17535330, 1
0, 38, 15, 12, 1919480211, 1929514505, 4, 5, 13645137, 0
0, 38, 15, 12, 1919480211, 1929514505, 4, 4, 13981247, 0
0, 38, 15, 12, 1919480211, 1929514505, 4, 3, 13398233, 1
0, 38, 15, 12, 1919480211, 1929514505, 4, 2, 15830689, 1
0, 38, 15, 12, 1919480211, 1929514505, 4, 1, 19845213, 1
0, 38, 15, 12, 1919480211, 1929514505, 4, 0, 24028334, 0
0, 38, 15, 12, 1919480211, 1929514505, 3, 7, 25386655, 1
0, 38, 15, 12, 1919480211, 1929514505, 3, 6, 20896322, 1
0, 38, 15, 12, 1919480211, 1929514505, 3, 5, 15813411, 0
0, 38, 15, 12, 1919480211, 1929514505, 3, 4, 15976283, 0
0, 38, 15, 12, 1919480211, 1929514505, 3, 3, 16971094, 0
0, 38, 15, 12, 1919480211, 1929514505, 3, 2, 20148150, 0
0, 38, 15, 12, 1919480211, 1929514505, 3, 1, 25515274, 1
0, 38, 15, 12, 1919480211, 1929514505, 3, 0, 32037778, 0
0, 38, 15, 12, 1919480211, 1929514505, 2, 7, 22490609, 1
0, 38, 15, 12, 1919480211, 1929514505, 2, 6, 20085246, 1
0, 38, 15, 12, 1919480211, 1929514505, 2, 5, 14290436, 1
0, 38, 15, 12, 1919480211, 1929514505, 2, 4, 16442191, 1
0, 38, 15, 12, 1919480211, 1929514505, 2, 3, 16473428, 1
0, 38, 15, 12, 1919480211, 1929514505, 2, 2, 18533867, 1
0, 38, 15, 12, 1919480211, 1929514505, 2, 1, 21049642, 1
0, 38, 15, 12, 1919480211, 1929514505, 2, 0, 11377313, 0
0, 38, 15, 12, 1919480211, 1929514505, 1, 7, 30107752, 1
0, 38, 15, 12, 1919480211, 1929514505, 1, 6, 25849014, 1
0, 38, 15, 12, 1919480211, 1929514505, 1, 5, 18568481, 0
0, 38, 15, 12, 1919480211, 1929514505, 1, 4, 21278505, 1
0, 38, 15, 12, 1919480211, 1929514505, 1, 3, 22959529, 1
0, 38, 15, 12, 1919480211, 1929514505, 1, 2, 26414944, 1
0, 38, 15, 12, 1919480211, 1929514505, 1, 1, 29683999, 1
0, 38, 15, 12, 1919480211, 1929514505, 1, 0, 22754626, 0
0, 38, 15, 12, 1919480211, 1929514505, 0, 7, 36081726, 1
0, 38, 15, 12, 1919480211, 1929514505, 0, 6, 33036079, 1
0, 38, 15, 12, 1919480211, 1929514505, 0, 5, 19009898, 1
0, 38, 15, 12, 1919480211, 1929514505, 0, 4, 22933766, 1
0, 38, 15, 12, 1919480211, 1929514505, 0, 3, 30578355, 1
0, 38, 15, 12, 1919480211, 1929514505, 0, 2, 31546542, 1
0, 38, 15, 12, 1919480211, 1929514505, 0, 1, 37200796, 1
0, 39, 15, 12, 1929514506, 1965962501, 4, 7, 28352563, 0
0, 39, 15, 12, 1929514506, 1965962501, 4, 6, 31035820, 0
0, 39, 15, 12, 1929514506, 1965962501, 4, 5, 29330786, 0
0, 39, 15, 12, 1929514506, 1965962501, 4, 4, 30574140, 0
0, 39, 15, 12, 1929514506, 1965962501, 4, 3, 26087352, 0
0, 39, 15, 12, 1929514506, 1965962501, 4, 2, 26450364, 0
0, 39, 15, 12, 1929514506, 1965962501, 4, 1, 28331045, 0
0, 39, 15, 12, 1929514506, 1965962501, 4, 0, 35257590, 0
0, 39, 15, 12, 1929514506, 1965962501, 3, 7, 31281574, 0
0, 39, 15, 12, 1929514506, 1965962501, 3, 6, 34935405, 0
0, 39, 15, 12, 1929514506, 1965962501, 3, 5, 32114384, 0
0, 39, 15, 12, 1929514506, 1965962501, 3, 4, 34004978, 0
0, 39, 15, 12, 1929514506, 1965962501, 3, 3, 31190631, 0
0, 39, 15, 12, 1929514506, 1965962501, 3, 2, 31136806, 0
0, 39, 15, 12, 1929514506, 1965962501, 3, 1, 32454168, 0
0, 39, 15, 12, 1929514506, 1965962501, 3, 0, 47010120, 0
0, 39, 15, 12, 1929514506, 1965962501, 2, 7, 24880741, 0
0, 39, 15, 12, 1929514506, 1965962501, 2, 6, 27324972, 0
0, 39, 15, 12, 1929514506, 1965962501, 2, 5, 23806451, 0
0, 39, 15, 12, 1929514506, 1965962501, 2, 4, 26084694, 0
0, 39, 15, 12, 1929514506, 1965962501, 2, 3, 22568555, 0
0, 39, 15, 12, 1929514506, 1965962501, 2, 2, 23980941, 0
0, 39, 15, 12, 1929514506, 1965962501, 2, 1, 28039614, 0
0, 39, 15, 12, 1929514506, 1965962501, 2, 0, 34059670, 0
0, 39, 15, 12, 1929514506, 1965962501, 1, 7, 24682891, 0
0, 39, 15, 12, 1929514506, 1965962501, 1, 6, 26498904, 0
0, 39, 15, 12, 1929514506, 1965962501, 1, 5, 23966808, 0
0, 39, 15, 12, 1929514506, 1965962501, 1, 4, 28532598, 0
0, 39, 15, 12, 1929514506, 1965962501, 1, 3, 24520504, 0
0, 39, 15, 12, 1929514506, 1965962501, 1, 2, 34328706, 0
0, 39, 15, 12, 1929514506, 1965962501, 1, 1, 39998023, 0
0, 39, 15, 12, 1929514506, 1965962501, 1, 0, 47915342, 0
0, 39, 15, 12, 1929514506, 1965962501, 0, 7, 10018172, 1
0, 39, 15, 12, 1929514506, 1965962501, 0, 6, 11687867, 1
0, 39, 15, 12, 1929514506, 1965962501, 0, 5, 7347130, 1
0, 39, 15, 12, 1929514506, 1965962501, 0, 4, 7473536, 1
0, 39, 15, 12, 1929514506, 1965962501, 0, 3, 9964714, 1
0, 39, 15, 12, 1929514506, 1965962501, 0, 2, 14947071, 1
0, 39, 15, 12, 1929514506, 1965962501, 0, 1, 1, 1
0, 40, 15, 12, 1965962502, 2152560073, 4, 7, 1656718, 0
0, 40, 15, 12, 1965962502, 2152560073, 4, 6, 1900353, 0
0, 40, 15, 12, 1965962502, 2152560073, 4, 5, 2227999, 0
0, 40, 15, 12, 1965962502, 2152560073, 4, 4, 2692166, 0
0, 40, 15, 12, 1965962502, 2152560073, 4, 3, 1810442, 1
0, 40, 15, 12, 1965962502, 2152560073, 4, 2, 2457029, 1
0, 40, 15, 12, 1965962502, 2152560073, 4, 1, 3167817, 1
0, 40, 15, 12, 1965962502, 2152560073, 4, 0, 2386879, 0
0, 40, 15, 12, 1965962502, 2152560073, 3, 7, 2084258, 0
0, 40, 15, 12, 1965962502, 2152560073, 3, 6, 2393036, 0
0, 40, 15, 12, 1965962502, 2152560073, 3, 5, 2809217, 0
0, 40, 15, 12, 1965962502, 2152560073, 3, 4, 3400631, 0
0, 40, 15, 12, 1965962502, 2152560073, 3, 3, 2293227, 0
0, 40, 15, 12, 1965962502, 2152560073, 3, 2, 3127128, 1
0, 40, 15, 12, 1965962502, 2152560073, 3, 1, 4072908, 0
0, 40, 15, 12, 1965962502, 2152560073, 3, 0, 3182505, 0
0, 40, 15, 12, 1965962502, 2152560073, 2, 7, 1080474, 1
0, 40, 15, 12, 1965962502, 2152560073, 2, 6, 1242545, 1
0, 40, 15, 12, 1965962502, 2152560073, 2, 5, 1461817, 1
0, 40, 15, 12, 1965962502, 2152560073, 2, 4, 1775064, 1
0, 40, 15, 12, 1965962502, 2152560073, 2, 3, 2259172, 1
0, 40, 15, 12, 1965962502, 2152560073, 2, 2, 3106361, 1
0, 40, 15, 12, 1965962502, 2152560073, 2, 1, 3792568, 1
0, 40, 15, 12, 1965962502, 2152560073, 2, 0, 1, 0
0, 40, 15, 12, 1965962502, 2152560073, 1, 7, 1656726, 1
0, 40, 15, 12, 1965962502, 2152560073, 1, 6, 1911607, 1
0, 40, 15, 12, 1965962502, 2152560073, 1, 5, 2259172, 1
0, 40, 15, 12, 1965962502, 2152560073, 1, 4, 2761210, 1
0, 40, 15, 12, 1965962502, 2152560073, 1, 3, 3550127, 1
0, 40, 15, 12, 1965962502, 2152560073, 1, 2, 4970177, 1
0, 40, 15, 12, 1965962502, 2152560073, 1, 1, 6320946, 1
0, 40, 15, 12, 1965962502, 2152560073, 1, 0, 1, 0
0, 40, 15, 12, 1965962502, 2152560073, 0, 7, 1294266, 1
0, 40, 15, 12, 1965962502, 2152560073, 0, 6, 1509977, 1
0, 40, 15, 12, 1965962502, 2152560073, 0, 5, 1811973, 1
0, 40, 15, 12, 1965962502, 2152560073, 0, 4, 2264966, 1
0, 40, 15, 12, 1965962502, 2152560073, 0, 3, 3019954, 1
0, 40, 15, 12, 1965962502, 2152560073, 0, 2, 4529931, 1
0, 40, 15, 12, 1965962502, 2152560073, 0, 1, 3171816, 1
0, 41, 15, 12, 2152560074, 2196025834, 4, 7, 57712957, 1
0, 41, 15, 12, 2152560074, 2196025834, 4, 6, 53518866, 1
0, 41, 15, 12, 2152560074, 2196025834, 4, 5, 51932790, 1
0, 41, 15, 12, 2152560074, 2196025834, 4, 4, 46618673, 1
0, 41, 15, 12, 2152560074, 2196025834, 4, 3, 31950726, 1
0, 41, 15, 12, 2152560074, 2196025834, 4, 2, 25817436, 1
0, 41, 15, 12, 2152560074, 2196025834, 4, 1, 8479920, 1
0, 41, 15, 12, 2152560074, 2196025834, 4, 0, 13436307, 0
0, 41, 15, 12, 2152560074, 2196025834, 3, 7, 64574156, 1
0, 41, 15, 12, 2152560074, 2196025834, 3, 6, 58171665, 1
0, 41, 15, 12, 2152560074, 2196025834, 3, 5, 54654105, 1
0, 41, 15, 12, 2152560074, 2196025834, 3, 4, 52149240, 1
0, 41, 15, 12, 2152560074, 2196025834, 3, 3, 40470920, 1
0, 41, 15, 12, 2152560074, 2196025834, 3, 2, 32858555, 1
0, 41, 15, 12, 2152560074, 2196025834, 3, 1, 10902754, 0
0, 41, 15, 12, 2152560074, 2196025834, 3, 0, 17915076, 0
0, 41, 15, 12, 2152560074, 2196025834, 2, 7, 60421689, 1
0, 41, 15, 12, 2152560074, 2196025834, 2, 6, 53432310, 1
0, 41, 15, 12, 2152560074, 2196025834, 2, 5, 50363898, 1
0, 41, 15, 12, 2152560074, 2196025834, 2, 4, 50430853, 1
0, 41, 15, 12, 2152560074, 2196025834, 2, 3, 38396152, 1
0, 41, 15, 12, 2152560074, 2196025834, 2, 2, 36882485, 1
0, 41, 15, 12, 2152560074, 2196025834, 2, 1, 14624921, 0
0, 41, 15, 12, 2152560074, 2196025834, 2, 0, 25275279, 0
0, 41, 15, 12, 2152560074, 2196025834, 1, 7, 60780133, 1
0, 41, 15, 12, 2152560074, 2196025834, 1, 6, 53090533, 1
0, 41, 15, 12, 2152560074, 2196025834, 1, 5, 46986230, 1
0, 41, 15, 12, 2152560074, 2196025834, 1, 4, 47781169, 1
0, 41, 15, 12, 2152560074, 2196025834, 1, 3, 34896075, 1
0, 41, 15, 12, 2152560074, 2196025834, 1, 2, 36141609, 1
0, 41, 15, 12, 2152560074, 2196025834, 1, 1, 13305179, 0
0, 41, 15, 12, 2152560074, 2196025834, 1, 0, 17341492, 0
0, 41, 15, 12, 2152560074, 2196025834, 0, 7, 70072588, 1
0, 41, 15, 12, 2152560074, 2196025834, 0, 6, 61809026, 1
0, 41, 15, 12, 2152560074, 2196025834, 0, 5, 55073118, 1
0, 41, 15, 12, 2152560074, 2196025834, 0, 4, 47136896, 1
0, 41, 15, 12, 2152560074, 2196025834, 0, 3, 29244819, 1
0, 41, 15, 12, 2152560074, 2196025834, 0, 2, 43867228, 1
0, 41, 15, 12, 2152560074, 2196025834, 0, 1, 14900102, 1
