3, 1, 15, 7, 1, 82760018, 4, 12, 755000, 1
3, 1, 15, 7, 1, 82760018, 4, 11, 818983, 1
3, 1, 15, 7, 1, 82760018, 4, 10, 894815, 1
3, 1, 15, 7, 1, 82760018, 4, 9, 986123, 1
3, 1, 15, 7, 1, 82760018, 4, 8, 1098182, 1
3, 1, 15, 7, 1, 82760018, 4, 7, 1, 1
3, 1, 15, 7, 1, 82760018, 4, 6, 1, 1
3, 1, 15, 7, 1, 82760018, 4, 5, 1, 1
3, 1, 15, 7, 1, 82760018, 4, 4, 1, 1
3, 1, 15, 7, 1, 82760018, 4, 3, 1, 1
3, 1, 15, 7, 1, 82760018, 4, 2, 1, 1
3, 1, 15, 7, 1, 82760018, 4, 1, 1, 1
3, 1, 15, 7, 1, 82760018, 4, 0, 1, 0
3, 1, 15, 7, 1, 82760018, 3, 12, 947451, 1
3, 1, 15, 7, 1, 82760018, 3, 11, 1028085, 1
3, 1, 15, 7, 1, 82760018, 3, 10, 1123721, 1
3, 1, 15, 7, 1, 82760018, 3, 9, 1238974, 1
3, 1, 15, 7, 1, 82760018, 3, 8, 1380571, 1
3, 1, 15, 7, 1, 82760018, 3, 7, 1, 1
3, 1, 15, 7, 1, 82760018, 3, 6, 1, 1
3, 1, 15, 7, 1, 82760018, 3, 5, 1, 1
3, 1, 15, 7, 1, 82760018, 3, 4, 1, 1
3, 1, 15, 7, 1, 82760018, 3, 3, 1, 1
3, 1, 15, 7, 1, 82760018, 3, 2, 1, 1
3, 1, 15, 7, 1, 82760018, 3, 1, 1, 1
3, 1, 15, 7, 1, 82760018, 3, 0, 1, 0
3, 1, 15, 7, 1, 82760018, 2, 12, 1, 1
3, 1, 15, 7, 1, 82760018, 2, 11, 1, 1
3, 1, 15, 7, 1, 82760018, 2, 10, 1, 1
3, 1, 15, 7, 1, 82760018, 2, 9, 1, 1
3, 1, 15, 7, 1, 82760018, 2, 8, 1, 1
3, 1, 15, 7, 1, 82760018, 2, 7, 1, 1
3, 1, 15, 7, 1, 82760018, 2, 6, 1, 1
3, 1, 15, 7, 1, 82760018, 2, 5, 1, 1
3, 1, 15, 7, 1, 82760018, 2, 4, 1, 1
3, 1, 15, 7, 1, 82760018, 2, 3, 1, 1
3, 1, 15, 7, 1, 82760018, 2, 2, 1, 1
3, 1, 15, 7, 1, 82760018, 2, 1, 1, 1
3, 1, 15, 7, 1, 82760018, 2, 0, 1, 0
3, 1, 15, 7, 1, 82760018, 1, 12, 1, 1
3, 1, 15, 7, 1, 82760018, 1, 11, 1, 1
3, 1, 15, 7, 1, 82760018, 1, 10, 1, 1
3, 1, 15, 7, 1, 82760018, 1, 9, 1, 1
3, 1, 15, 7, 1, 82760018, 1, 8, 1, 1
3, 1, 15, 7, 1, 82760018, 1, 7, 1, 1
3, 1, 15, 7, 1, 82760018, 1, 6, 1, 1
3, 1, 15, 7, 1, 82760018, 1, 5, 1, 1
3, 1, 15, 7, 1, 82760018, 1, 4, 1, 1
3, 1, 15, 7, 1, 82760018, 1, 3, 1, 1
3, 1, 15, 7, 1, 82760018, 1, 2, 1, 1
3, 1, 15, 7, 1, 82760018, 1, 1, 1, 1
3, 1, 15, 7, 1, 82760018, 1, 0, 1, 0
3, 1, 15, 7, 1, 82760018, 0, 12, 1, 1
3, 1, 15, 7, 1, 82760018, 0, 11, 1, 1
3, 1, 15, 7, 1, 82760018, 0, 10, 1, 1
3, 1, 15, 7, 1, 82760018, 0, 9, 1, 1
3, 1, 15, 7, 1, 82760018, 0, 8, 1, 1
3, 1, 15, 7, 1, 82760018, 0, 7, 1, 1
3, 1, 15, 7, 1, 82760018, 0, 6, 1, 1
3, 1, 15, 7, 1, 82760018, 0, 5, 1, 1
3, 1, 15, 7, 1, 82760018, 0, 4, 1, 1
3, 1, 15, 7, 1, 82760018, 0, 3, 1, 1
3, 1, 15, 7, 1, 82760018, 0, 2, 1, 1
3, 1, 15, 7, 1, 82760018, 0, 1, 1, 1
3, 2, 15, 7, 82760019, 100186015, 4, 12, 92285638, 0
3, 2, 15, 7, 82760019, 100186015, 4, 11, 92106249, 0
3, 2, 15, 7, 82760019, 100186015, 4, 10, 97999925, 0
3, 2, 15, 7, 82760019, 100186015, 4, 9, 99948162, 0
3, 2, 15, 7, 82760019, 100186015, 4, 8, 96365321, 0
3, 2, 15, 7, 82760019, 100186015, 4, 7, 84168162, 1
3, 2, 15, 7, 82760019, 100186015, 4, 6, 82528075, 1
3, 2, 15, 7, 82760019, 100186015, 4, 5, 92169742, 0
3, 2, 15, 7, 82760019, 100186015, 4, 4, 94757400, 1
3, 2, 15, 7, 82760019, 100186015, 4, 3, 103501786, 1
3, 2, 15, 7, 82760019, 100186015, 4, 2, 111211630, 0
3, 2, 15, 7, 82760019, 100186015, 4, 1, 134629260, 1
3, 2, 15, 7, 82760019, 100186015, 4, 0, 107559661, 0
3, 2, 15, 7, 82760019, 100186015, 3, 12, 91398470, 0
3, 2, 15, 7, 82760019, 100186015, 3, 11, 91585266, 0
3, 2, 15, 7, 82760019, 100186015, 3, 10, 100104826, 0
3, 2, 15, 7, 82760019, 100186015, 3, 9, 100255679, 0
3, 2, 15, 7, 82760019, 100186015, 3, 8, 96838439, 0
3, 2, 15, 7, 82760019, 100186015, 3, 7, 86265548, 0
3, 2, 15, 7, 82760019, 100186015, 3, 6, 86002208, 0
3, 2, 15, 7, 82760019, 100186015, 3, 5, 95175112, 0
3, 2, 15, 7, 82760019, 100186015, 3, 4, 103480212, 0
3, 2, 15, 7, 82760019, 100186015, 3, 3, 121538639, 0
3, 2, 15, 7, 82760019, 100186015, 3, 2, 128500769, 0
3, 2, 15, 7, 82760019, 100186015, 3, 1, 173094763, 0
3, 2, 15, 7, 82760019, 100186015, 3, 0, 143412881, 0
3, 2, 15, 7, 82760019, 100186015, 2, 12, 89740017, 0
3, 2, 15, 7, 82760019, 100186015, 2, 11, 87237321, 0
3, 2, 15, 7, 82760019, 100186015, 2, 10, 95415819, 0
3, 2, 15, 7, 82760019, 100186015, 2, 9, 97591857, 0
3, 2, 15, 7, 82760019, 100186015, 2, 8, 88828374, 0
3, 2, 15, 7, 82760019, 100186015, 2, 7, 80133182, 1
3, 2, 15, 7, 82760019, 100186015, 2, 6, 74544540, 0
3, 2, 15, 7, 82760019, 100186015, 2, 5, 79874046, 0
3, 2, 15, 7, 82760019, 100186015, 2, 4, 94355314, 1
3, 2, 15, 7, 82760019, 100186015, 2, 3, 107084541, 1
3, 2, 15, 7, 82760019, 100186015, 2, 2, 122357479, 0
3, 2, 15, 7, 82760019, 100186015, 2, 1, 155402943, 1
3, 2, 15, 7, 82760019, 100186015, 2, 0, 108917048, 0
3, 2, 15, 7, 82760019, 100186015, 1, 12, 97261922, 1
3, 2, 15, 7, 82760019, 100186015, 1, 11, 98618572, 1
3, 2, 15, 7, 82760019, 100186015, 1, 10, 108010816, 1
3, 2, 15, 7, 82760019, 100186015, 1, 9, 107636041, 1
3, 2, 15, 7, 82760019, 100186015, 1, 8, 103408211, 1
3, 2, 15, 7, 82760019, 100186015, 1, 7, 95900358, 1
3, 2, 15, 7, 82760019, 100186015, 1, 6, 83564077, 1
3, 2, 15, 7, 82760019, 100186015, 1, 5, 86663724, 1
3, 2, 15, 7, 82760019, 100186015, 1, 4, 105922329, 1
3, 2, 15, 7, 82760019, 100186015, 1, 3, 115750931, 1
3, 2, 15, 7, 82760019, 100186015, 1, 2, 122237281, 1
3, 2, 15, 7, 82760019, 100186015, 1, 1, 136447095, 1
3, 2, 15, 7, 82760019, 100186015, 1, 0, 82361936, 0
3, 2, 15, 7, 82760019, 100186015, 0, 12, 97007550, 1
3, 2, 15, 7, 82760019, 100186015, 0, 11, 90979063, 1
3, 2, 15, 7, 82760019, 100186015, 0, 10, 100076970, 1
3, 2, 15, 7, 82760019, 100186015, 0, 9, 86403036, 1
3, 2, 15, 7, 82760019, 100186015, 0, 8, 97203415, 1
3, 2, 15, 7, 82760019, 100186015, 0, 7, 111089618, 1
3, 2, 15, 7, 82760019, 100186015, 0, 6, 107964051, 1
3, 2, 15, 7, 82760019, 100186015, 0, 5, 102950454, 1
3, 2, 15, 7, 82760019, 100186015, 0, 4, 128688068, 1
3, 2, 15, 7, 82760019, 100186015, 0, 3, 123902608, 1
3, 2, 15, 7, 82760019, 100186015, 0, 2, 86318856, 1
3, 2, 15, 7, 82760019, 100186015, 0, 1, 115718519, 1
3, 3, 15, 7, 100186016, 158636243, 4, 12, 944312040, 1
3, 3, 15, 7, 100186016, 158636243, 4, 11, 932050087, 1
3, 3, 15, 7, 100186016, 158636243, 4, 10, 922431306, 1
3, 3, 15, 7, 100186016, 158636243, 4, 9, 918012323, 1
3, 3, 15, 7, 100186016, 158636243, 4, 8, 903715912, 1
3, 3, 15, 7, 100186016, 158636243, 4, 7, 892019496, 1
3, 3, 15, 7, 100186016, 158636243, 4, 6, 868558835, 1
3, 3, 15, 7, 100186016, 158636243, 4, 5, 852907823, 1
3, 3, 15, 7, 100186016, 158636243, 4, 4, 831430751, 1
3, 3, 15, 7, 100186016, 158636243, 4, 3, 796031285, 1
3, 3, 15, 7, 100186016, 158636243, 4, 2, 726875963, 1
3, 3, 15, 7, 100186016, 158636243, 4, 1, 553461017, 1
3, 3, 15, 7, 100186016, 158636243, 4, 0, 1, 0
3, 3, 15, 7, 100186016, 158636243, 3, 12, 943775402, 1
3, 3, 15, 7, 100186016, 158636243, 3, 11, 934257300, 1
3, 3, 15, 7, 100186016, 158636243, 3, 10, 928136178, 1
3, 3, 15, 7, 100186016, 158636243, 3, 9, 927868379, 1
3, 3, 15, 7, 100186016, 158636243, 3, 8, 915338592, 1
3, 3, 15, 7, 100186016, 158636243, 3, 7, 907898272, 1
3, 3, 15, 7, 100186016, 158636243, 3, 6, 886030138, 1
3, 3, 15, 7, 100186016, 158636243, 3, 5, 868222741, 1
3, 3, 15, 7, 100186016, 158636243, 3, 4, 843795634, 1
3, 3, 15, 7, 100186016, 158636243, 3, 3, 803023753, 1
3, 3, 15, 7, 100186016, 158636243, 3, 2, 721818929, 1
3, 3, 15, 7, 100186016, 158636243, 3, 1, 556104644, 1
3, 3, 15, 7, 100186016, 158636243, 3, 0, 1, 0
3, 3, 15, 7, 100186016, 158636243, 2, 12, 989071347, 1
3, 3, 15, 7, 100186016, 158636243, 2, 11, 986334979, 1
3, 3, 15, 7, 100186016, 158636243, 2, 10, 987729748, 1
3, 3, 15, 7, 100186016, 158636243, 2, 9, 986120546, 1
3, 3, 15, 7, 100186016, 158636243, 2, 8, 971441255, 1
3, 3, 15, 7, 100186016, 158636243, 2, 7, 964150487, 1
3, 3, 15, 7, 100186016, 158636243, 2, 6, 938171069, 1
3, 3, 15, 7, 100186016, 158636243, 2, 5, 920747856, 1
3, 3, 15, 7, 100186016, 158636243, 2, 4, 897049315, 1
3, 3, 15, 7, 100186016, 158636243, 2, 3, 855901138, 1
3, 3, 15, 7, 100186016, 158636243, 2, 2, 755881792, 1
3, 3, 15, 7, 100186016, 158636243, 2, 1, 583909876, 1
3, 3, 15, 7, 100186016, 158636243, 2, 0, 1, 0
3, 3, 15, 7, 100186016, 158636243, 1, 12, 1005337012, 1
3, 3, 15, 7, 100186016, 158636243, 1, 11, 1007804570, 1
3, 3, 15, 7, 100186016, 158636243, 1, 10, 1005705555, 1
3, 3, 15, 7, 100186016, 158636243, 1, 9, 1005452967, 1
3, 3, 15, 7, 100186016, 158636243, 1, 8, 990335893, 1
3, 3, 15, 7, 100186016, 158636243, 1, 7, 988146454, 1
3, 3, 15, 7, 100186016, 158636243, 1, 6, 964809374, 1
3, 3, 15, 7, 100186016, 158636243, 1, 5, 942151377, 1
3, 3, 15, 7, 100186016, 158636243, 1, 4, 928913922, 1
3, 3, 15, 7, 100186016, 158636243, 1, 3, 898110166, 1
3, 3, 15, 7, 100186016, 158636243, 1, 2, 801993197, 1
3, 3, 15, 7, 100186016, 158636243, 1, 1, 648788751, 1
3, 3, 15, 7, 100186016, 158636243, 1, 0, 1, 0
3, 3, 15, 7, 100186016, 158636243, 0, 12, 1049760195, 1
3, 3, 15, 7, 100186016, 158636243, 0, 11, 1060328006, 1
3, 3, 15, 7, 100186016, 158636243, 0, 10, 1063368101, 1
3, 3, 15, 7, 100186016, 158636243, 0, 9, 1059469022, 1
3, 3, 15, 7, 100186016, 158636243, 0, 8, 1043046757, 1
3, 3, 15, 7, 100186016, 158636243, 0, 7, 1058646437, 1
3, 3, 15, 7, 100186016, 158636243, 0, 6, 1054218652, 1
3, 3, 15, 7, 100186016, 158636243, 0, 5, 1037244134, 1
3, 3, 15, 7, 100186016, 158636243, 0, 4, 1087312140, 1
3, 3, 15, 7, 100186016, 158636243, 0, 3, 1081915963, 1
3, 3, 15, 7, 100186016, 158636243, 0, 2, 1032242936, 1
3, 3, 15, 7, 100186016, 158636243, 0, 1, 973183127, 1
3, 4, 15, 7, 158636244, 181779080, 4, 12, 15582192, 1
3, 4, 15, 7, 158636244, 181779080, 4, 11, 15895087, 1
3, 4, 15, 7, 158636244, 181779080, 4, 10, 14428881, 0
3, 4, 15, 7, 158636244, 181779080, 4, 9, 15901216, 0
3, 4, 15, 7, 158636244, 181779080, 4, 8, 16058365, 0
3, 4, 15, 7, 158636244, 181779080, 4, 7, 15096319, 1
3, 4, 15, 7, 158636244, 181779080, 4, 6, 13577676, 1
3, 4, 15, 7, 158636244, 181779080, 4, 5, 15918654, 1
3, 4, 15, 7, 158636244, 181779080, 4, 4, 18981473, 1
3, 4, 15, 7, 158636244, 181779080, 4, 3, 23976598, 1
3, 4, 15, 7, 158636244, 181779080, 4, 2, 21895754, 0
3, 4, 15, 7, 158636244, 181779080, 4, 1, 34060061, 0
3, 4, 15, 7, 158636244, 181779080, 4, 0, 8179789, 0
3, 4, 15, 7, 158636244, 181779080, 3, 12, 16761339, 1
3, 4, 15, 7, 158636244, 181779080, 3, 11, 16922939, 1
3, 4, 15, 7, 158636244, 181779080, 3, 10, 14807618, 0
3, 4, 15, 7, 158636244, 181779080, 3, 9, 16326348, 0
3, 4, 15, 7, 158636244, 181779080, 3, 8, 18192216, 0
3, 4, 15, 7, 158636244, 181779080, 3, 7, 16739223, 0
3, 4, 15, 7, 158636244, 181779080, 3, 6, 14511128, 0
3, 4, 15, 7, 158636244, 181779080, 3, 5, 17034802, 1
3, 4, 15, 7, 158636244, 181779080, 3, 4, 20300781, 1
3, 4, 15, 7, 158636244, 181779080, 3, 3, 25714323, 1
3, 4, 15, 7, 158636244, 181779080, 3, 2, 21518186, 0
3, 4, 15, 7, 158636244, 181779080, 3, 1, 33814291, 0
3, 4, 15, 7, 158636244, 181779080, 3, 0, 10906385, 0
3, 4, 15, 7, 158636244, 181779080, 2, 12, 14404425, 1
3, 4, 15, 7, 158636244, 181779080, 2, 11, 13940513, 1
3, 4, 15, 7, 158636244, 181779080, 2, 10, 10289607, 0
3, 4, 15, 7, 158636244, 181779080, 2, 9, 11354049, 0
3, 4, 15, 7, 158636244, 181779080, 2, 8, 12664131, 0
3, 4, 15, 7, 158636244, 181779080, 2, 7, 9589459, 0
3, 4, 15, 7, 158636244, 181779080, 2, 6, 9390979, 0
3, 4, 15, 7, 158636244, 181779080, 2, 5, 11048210, 0
3, 4, 15, 7, 158636244, 181779080, 2, 4, 12980997, 0
3, 4, 15, 7, 158636244, 181779080, 2, 3, 16521269, 0
3, 4, 15, 7, 158636244, 181779080, 2, 2, 4089895, 0
3, 4, 15, 7, 158636244, 181779080, 2, 1, 6543831, 0
3, 4, 15, 7, 158636244, 181779080, 2, 0, 16359578, 0
3, 4, 15, 7, 158636244, 181779080, 1, 12, 15379011, 1
3, 4, 15, 7, 158636244, 181779080, 1, 11, 14131526, 1
3, 4, 15, 7, 158636244, 181779080, 1, 10, 7922598, 1
3, 4, 15, 7, 158636244, 181779080, 1, 9, 8756555, 1
3, 4, 15, 7, 158636244, 181779080, 1, 8, 9786738, 1
3, 4, 15, 7, 158636244, 181779080, 1, 7, 3844313, 1
3, 4, 15, 7, 158636244, 181779080, 1, 6, 4229633, 1
3, 4, 15, 7, 158636244, 181779080, 1, 5, 4998657, 1
3, 4, 15, 7, 158636244, 181779080, 1, 4, 5433291, 1
3, 4, 15, 7, 158636244, 181779080, 1, 3, 6985660, 1
3, 4, 15, 7, 158636244, 181779080, 1, 2, 1, 1
3, 4, 15, 7, 158636244, 181779080, 1, 1, 1, 1
3, 4, 15, 7, 158636244, 181779080, 1, 0, 1, 0
3, 4, 15, 7, 158636244, 181779080, 0, 12, 22689904, 1
3, 4, 15, 7, 158636244, 181779080, 0, 11, 19348060, 1
3, 4, 15, 7, 158636244, 181779080, 0, 10, 5766470, 1
3, 4, 15, 7, 158636244, 181779080, 0, 9, 6407188, 1
3, 4, 15, 7, 158636244, 181779080, 0, 8, 7208087, 1
3, 4, 15, 7, 158636244, 181779080, 0, 7, 8237814, 1
3, 4, 15, 7, 158636244, 181779080, 0, 6, 9164204, 1
3, 4, 15, 7, 158636244, 181779080, 0, 5, 10997045, 1
3, 4, 15, 7, 158636244, 181779080, 0, 4, 12224905, 1
3, 4, 15, 7, 158636244, 181779080, 0, 3, 16299873, 1
3, 4, 15, 7, 158636244, 181779080, 0, 2, 1, 1
3, 4, 15, 7, 158636244, 181779080, 0, 1, 1, 1
3, 5, 15, 7, 181779081, 242306870, 4, 12, 1385212454, 1
3, 5, 15, 7, 181779081, 242306870, 4, 11, 1346384011, 1
3, 5, 15, 7, 181779081, 242306870, 4, 10, 1324074424, 1
3, 5, 15, 7, 181779081, 242306870, 4, 9, 1273020221, 1
3, 5, 15, 7, 181779081, 242306870, 4, 8, 1251014840, 1
3, 5, 15, 7, 181779081, 242306870, 4, 7, 1222001588, 1
3, 5, 15, 7, 181779081, 242306870, 4, 6, 1162290029, 1
3, 5, 15, 7, 181779081, 242306870, 4, 5, 1118945804, 1
3, 5, 15, 7, 181779081, 242306870, 4, 4, 1073285095, 1
3, 5, 15, 7, 181779081, 242306870, 4, 3, 982799041, 1
3, 5, 15, 7, 181779081, 242306870, 4, 2, 861411625, 1
3, 5, 15, 7, 181779081, 242306870, 4, 1, 631126562, 1
3, 5, 15, 7, 181779081, 242306870, 4, 0, 1, 0
3, 5, 15, 7, 181779081, 242306870, 3, 12, 1411349594, 1
3, 5, 15, 7, 181779081, 242306870, 3, 11, 1374733127, 1
3, 5, 15, 7, 181779081, 242306870, 3, 10, 1360092164, 1
3, 5, 15, 7, 181779081, 242306870, 3, 9, 1313373550, 1
3, 5, 15, 7, 181779081, 242306870, 3, 8, 1309154439, 1
3, 5, 15, 7, 181779081, 242306870, 3, 7, 1271593353, 1
3, 5, 15, 7, 181779081, 242306870, 3, 6, 1224704109, 1
3, 5, 15, 7, 181779081, 242306870, 3, 5, 1166146949, 1
3, 5, 15, 7, 181779081, 242306870, 3, 4, 1098737331, 1
3, 5, 15, 7, 181779081, 242306870, 3, 3, 974210022, 1
3, 5, 15, 7, 181779081, 242306870, 3, 2, 794995164, 1
3, 5, 15, 7, 181779081, 242306870, 3, 1, 574675869, 1
3, 5, 15, 7, 181779081, 242306870, 3, 0, 1, 0
3, 5, 15, 7, 181779081, 242306870, 2, 12, 1548164041, 1
3, 5, 15, 7, 181779081, 242306870, 2, 11, 1520126717, 1
3, 5, 15, 7, 181779081, 242306870, 2, 10, 1526943883, 1
3, 5, 15, 7, 181779081, 242306870, 2, 9, 1499080796, 1
3, 5, 15, 7, 181779081, 242306870, 2, 8, 1497518736, 1
3, 5, 15, 7, 181779081, 242306870, 2, 7, 1452077513, 1
3, 5, 15, 7, 181779081, 242306870, 2, 6, 1395435346, 1
3, 5, 15, 7, 181779081, 242306870, 2, 5, 1322698667, 1
3, 5, 15, 7, 181779081, 242306870, 2, 4, 1234694451, 1
3, 5, 15, 7, 181779081, 242306870, 2, 3, 1076878627, 1
3, 5, 15, 7, 181779081, 242306870, 2, 2, 850032865, 1
3, 5, 15, 7, 181779081, 242306870, 2, 1, 603409663, 1
3, 5, 15, 7, 181779081, 242306870, 2, 0, 1, 0
3, 5, 15, 7, 181779081, 242306870, 1, 12, 1549056171, 1
3, 5, 15, 7, 181779081, 242306870, 1, 11, 1519948360, 1
3, 5, 15, 7, 181779081, 242306870, 1, 10, 1521870804, 1
3, 5, 15, 7, 181779081, 242306870, 1, 9, 1490158194, 1
3, 5, 15, 7, 181779081, 242306870, 1, 8, 1502738694, 1
3, 5, 15, 7, 181779081, 242306870, 1, 7, 1453980975, 1
3, 5, 15, 7, 181779081, 242306870, 1, 6, 1400790812, 1
3, 5, 15, 7, 181779081, 242306870, 1, 5, 1323132658, 1
3, 5, 15, 7, 181779081, 242306870, 1, 4, 1211902353, 1
3, 5, 15, 7, 181779081, 242306870, 1, 3, 1041526394, 1
3, 5, 15, 7, 181779081, 242306870, 1, 2, 840996249, 1
3, 5, 15, 7, 181779081, 242306870, 1, 1, 670455181, 1
3, 5, 15, 7, 181779081, 242306870, 1, 0, 1, 0
3, 5, 15, 7, 181779081, 242306870, 0, 12, 1632891684, 1
3, 5, 15, 7, 181779081, 242306870, 0, 11, 1606878794, 1
3, 5, 15, 7, 181779081, 242306870, 0, 10, 1653921121, 1
3, 5, 15, 7, 181779081, 242306870, 0, 9, 1643387234, 1
3, 5, 15, 7, 181779081, 242306870, 0, 8, 1634450933, 1
3, 5, 15, 7, 181779081, 242306870, 0, 7, 1615293918, 1
3, 5, 15, 7, 181779081, 242306870, 0, 6, 1582764998, 1
3, 5, 15, 7, 181779081, 242306870, 0, 5, 1547195246, 1
3, 5, 15, 7, 181779081, 242306870, 0, 4, 1467576834, 1
3, 5, 15, 7, 181779081, 242306870, 0, 3, 1338843469, 1
3, 5, 15, 7, 181779081, 242306870, 0, 2, 1054023750, 1
3, 5, 15, 7, 181779081, 242306870, 0, 1, 1005682771, 1
3, 6, 15, 7, 242306871, 302864961, 4, 12, 1342617496, 1
3, 6, 15, 7, 242306871, 302864961, 4, 11, 1306386392, 1
3, 6, 15, 7, 242306871, 302864961, 4, 10, 1280382876, 1
3, 6, 15, 7, 242306871, 302864961, 4, 9, 1227629431, 1
3, 6, 15, 7, 242306871, 302864961, 4, 8, 1198059938, 1
3, 6, 15, 7, 242306871, 302864961, 4, 7, 1170152037, 1
3, 6, 15, 7, 242306871, 302864961, 4, 6, 1109115093, 1
3, 6, 15, 7, 242306871, 302864961, 4, 5, 1056684852, 1
3, 6, 15, 7, 242306871, 302864961, 4, 4, 1010620762, 1
3, 6, 15, 7, 242306871, 302864961, 4, 3, 922561863, 1
3, 6, 15, 7, 242306871, 302864961, 4, 2, 799793424, 1
3, 6, 15, 7, 242306871, 302864961, 4, 1, 575795587, 1
3, 6, 15, 7, 242306871, 302864961, 4, 0, 1, 0
3, 6, 15, 7, 242306871, 302864961, 3, 12, 1367710444, 1
3, 6, 15, 7, 242306871, 302864961, 3, 11, 1334318550, 1
3, 6, 15, 7, 242306871, 302864961, 3, 10, 1313399218, 1
3, 6, 15, 7, 242306871, 302864961, 3, 9, 1262589735, 1
3, 6, 15, 7, 242306871, 302864961, 3, 8, 1249701461, 1
3, 6, 15, 7, 242306871, 302864961, 3, 7, 1209071227, 1
3, 6, 15, 7, 242306871, 302864961, 3, 6, 1156821560, 1
3, 6, 15, 7, 242306871, 302864961, 3, 5, 1089861046, 1
3, 6, 15, 7, 242306871, 302864961, 3, 4, 1016538396, 1
3, 6, 15, 7, 242306871, 302864961, 3, 3, 899112068, 1
3, 6, 15, 7, 242306871, 302864961, 3, 2, 732162539, 1
3, 6, 15, 7, 242306871, 302864961, 3, 1, 512488662, 1
3, 6, 15, 7, 242306871, 302864961, 3, 0, 1, 0
3, 6, 15, 7, 242306871, 302864961, 2, 12, 1478235616, 1
3, 6, 15, 7, 242306871, 302864961, 2, 11, 1450707761, 1
3, 6, 15, 7, 242306871, 302864961, 2, 10, 1452202975, 1
3, 6, 15, 7, 242306871, 302864961, 2, 9, 1418872744, 1
3, 6, 15, 7, 242306871, 302864961, 2, 8, 1411268563, 1
3, 6, 15, 7, 242306871, 302864961, 2, 7, 1368772224, 1
3, 6, 15, 7, 242306871, 302864961, 2, 6, 1314092842, 1
3, 6, 15, 7, 242306871, 302864961, 2, 5, 1236067832, 1
3, 6, 15, 7, 242306871, 302864961, 2, 4, 1154232356, 1
3, 6, 15, 7, 242306871, 302864961, 2, 3, 1004152583, 1
3, 6, 15, 7, 242306871, 302864961, 2, 2, 790844909, 1
3, 6, 15, 7, 242306871, 302864961, 2, 1, 538113095, 1
3, 6, 15, 7, 242306871, 302864961, 2, 0, 1, 0
3, 6, 15, 7, 242306871, 302864961, 1, 12, 1472228551, 1
3, 6, 15, 7, 242306871, 302864961, 1, 11, 1445903349, 1
3, 6, 15, 7, 242306871, 302864961, 1, 10, 1437398973, 1
3, 6, 15, 7, 242306871, 302864961, 1, 9, 1408250130, 1
3, 6, 15, 7, 242306871, 302864961, 1, 8, 1409706236, 1
3, 6, 15, 7, 242306871, 302864961, 1, 7, 1363054537, 1
3, 6, 15, 7, 242306871, 302864961, 1, 6, 1312618401, 1
3, 6, 15, 7, 242306871, 302864961, 1, 5, 1238715738, 1
3, 6, 15, 7, 242306871, 302864961, 1, 4, 1135106923, 1
3, 6, 15, 7, 242306871, 302864961, 1, 3, 973883016, 1
3, 6, 15, 7, 242306871, 302864961, 1, 2, 789826565, 1
3, 6, 15, 7, 242306871, 302864961, 1, 1, 597903439, 1
3, 6, 15, 7, 242306871, 302864961, 1, 0, 1, 0
3, 6, 15, 7, 242306871, 302864961, 0, 12, 1581661757, 1
3, 6, 15, 7, 242306871, 302864961, 0, 11, 1560885020, 1
3, 6, 15, 7, 242306871, 302864961, 0, 10, 1585357890, 1
3, 6, 15, 7, 242306871, 302864961, 0, 9, 1579297823, 1
3, 6, 15, 7, 242306871, 302864961, 0, 8, 1545584571, 1
3, 6, 15, 7, 242306871, 302864961, 0, 7, 1529279164, 1
3, 6, 15, 7, 242306871, 302864961, 0, 6, 1500552386, 1
3, 6, 15, 7, 242306871, 302864961, 0, 5, 1470305635, 1
3, 6, 15, 7, 242306871, 302864961, 0, 4, 1403614729, 1
3, 6, 15, 7, 242306871, 302864961, 0, 3, 1289836534, 1
3, 6, 15, 7, 242306871, 302864961, 0, 2, 1034927154, 1
3, 6, 15, 7, 242306871, 302864961, 0, 1, 896855158, 1
3, 7, 15, 7, 302864962, 341192896, 4, 12, 1191378337, 1
3, 7, 15, 7, 302864962, 341192896, 4, 11, 1181879425, 1
3, 7, 15, 7, 302864962, 341192896, 4, 10, 1170923904, 0
3, 7, 15, 7, 302864962, 341192896, 4, 9, 1160764512, 0
3, 7, 15, 7, 302864962, 341192896, 4, 8, 1150356553, 0
3, 7, 15, 7, 302864962, 341192896, 4, 7, 1166808703, 0
3, 7, 15, 7, 302864962, 341192896, 4, 6, 1147588904, 0
3, 7, 15, 7, 302864962, 341192896, 4, 5, 1153737366, 0
3, 7, 15, 7, 302864962, 341192896, 4, 4, 1134669147, 0
3, 7, 15, 7, 302864962, 341192896, 4, 3, 1143594862, 0
3, 7, 15, 7, 302864962, 341192896, 4, 2, 1174424454, 0
3, 7, 15, 7, 302864962, 341192896, 4, 1, 1256451472, 1
3, 7, 15, 7, 302864962, 341192896, 4, 0, 1197177105, 0
3, 7, 15, 7, 302864962, 341192896, 3, 12, 1237721191, 1
3, 7, 15, 7, 302864962, 341192896, 3, 11, 1232447995, 0
3, 7, 15, 7, 302864962, 341192896, 3, 10, 1224273088, 0
3, 7, 15, 7, 302864962, 341192896, 3, 9, 1220269269, 0
3, 7, 15, 7, 302864962, 341192896, 3, 8, 1216559229, 0
3, 7, 15, 7, 302864962, 341192896, 3, 7, 1212996024, 0
3, 7, 15, 7, 302864962, 341192896, 3, 6, 1199580411, 0
3, 7, 15, 7, 302864962, 341192896, 3, 5, 1182244370, 0
3, 7, 15, 7, 302864962, 341192896, 3, 4, 1171464597, 0
3, 7, 15, 7, 302864962, 341192896, 3, 3, 1201100478, 0
3, 7, 15, 7, 302864962, 341192896, 3, 2, 1190248700, 0
3, 7, 15, 7, 302864962, 341192896, 3, 1, 1260700768, 1
3, 7, 15, 7, 302864962, 341192896, 3, 0, 1203465420, 0
3, 7, 15, 7, 302864962, 341192896, 2, 12, 1245039537, 1
3, 7, 15, 7, 302864962, 341192896, 2, 11, 1238820822, 1
3, 7, 15, 7, 302864962, 341192896, 2, 10, 1232093644, 0
3, 7, 15, 7, 302864962, 341192896, 2, 9, 1227545666, 0
3, 7, 15, 7, 302864962, 341192896, 2, 8, 1223376152, 0
3, 7, 15, 7, 302864962, 341192896, 2, 7, 1224593220, 0
3, 7, 15, 7, 302864962, 341192896, 2, 6, 1213972070, 0
3, 7, 15, 7, 302864962, 341192896, 2, 5, 1198526324, 0
3, 7, 15, 7, 302864962, 341192896, 2, 4, 1199939969, 0
3, 7, 15, 7, 302864962, 341192896, 2, 3, 1174584359, 0
3, 7, 15, 7, 302864962, 341192896, 2, 2, 1159065081, 0
3, 7, 15, 7, 302864962, 341192896, 2, 1, 1256439308, 1
3, 7, 15, 7, 302864962, 341192896, 2, 0, 1190675588, 0
3, 7, 15, 7, 302864962, 341192896, 1, 12, 1246408338, 0
3, 7, 15, 7, 302864962, 341192896, 1, 11, 1240551297, 0
3, 7, 15, 7, 302864962, 341192896, 1, 10, 1232159797, 0
3, 7, 15, 7, 302864962, 341192896, 1, 9, 1223938476, 0
3, 7, 15, 7, 302864962, 341192896, 1, 8, 1220348360, 0
3, 7, 15, 7, 302864962, 341192896, 1, 7, 1221076767, 0
3, 7, 15, 7, 302864962, 341192896, 1, 6, 1212341172, 0
3, 7, 15, 7, 302864962, 341192896, 1, 5, 1193190060, 0
3, 7, 15, 7, 302864962, 341192896, 1, 4, 1198890782, 0
3, 7, 15, 7, 302864962, 341192896, 1, 3, 1159216216, 0
3, 7, 15, 7, 302864962, 341192896, 1, 2, 1137829783, 0
3, 7, 15, 7, 302864962, 341192896, 1, 1, 1316951415, 0
3, 7, 15, 7, 302864962, 341192896, 1, 0, 1344833495, 0
3, 7, 15, 7, 302864962, 341192896, 0, 12, 1209755291, 1
3, 7, 15, 7, 302864962, 341192896, 0, 11, 1202365585, 1
3, 7, 15, 7, 302864962, 341192896, 0, 10, 1182019793, 1
3, 7, 15, 7, 302864962, 341192896, 0, 9, 1161528142, 1
3, 7, 15, 7, 302864962, 341192896, 0, 8, 1152421607, 1
3, 7, 15, 7, 302864962, 341192896, 0, 7, 1136564701, 1
3, 7, 15, 7, 302864962, 341192896, 0, 6, 1115403077, 1
3, 7, 15, 7, 302864962, 341192896, 0, 5, 1069248396, 1
3, 7, 15, 7, 302864962, 341192896, 0, 4, 1074021195, 1
3, 7, 15, 7, 302864962, 341192896, 0, 3, 962506964, 1
3, 7, 15, 7, 302864962, 341192896, 0, 2, 887388827, 1
3, 7, 15, 7, 302864962, 341192896, 0, 1, 1288690560, 1
3, 8, 15, 7, 341192897, 453655737, 4, 12, 1362192807, 1
3, 8, 15, 7, 341192897, 453655737, 4, 11, 1337118128, 1
3, 8, 15, 7, 341192897, 453655737, 4, 10, 1304940676, 1
3, 8, 15, 7, 341192897, 453655737, 4, 9, 1251046179, 1
3, 8, 15, 7, 341192897, 453655737, 4, 8, 1222724060, 1
3, 8, 15, 7, 341192897, 453655737, 4, 7, 1187748354, 1
3, 8, 15, 7, 341192897, 453655737, 4, 6, 1122109741, 1
3, 8, 15, 7, 341192897, 453655737, 4, 5, 1070196194, 1
3, 8, 15, 7, 341192897, 453655737, 4, 4, 997212485, 1
3, 8, 15, 7, 341192897, 453655737, 4, 3, 885833355, 1
3, 8, 15, 7, 341192897, 453655737, 4, 2, 781756264, 1
3, 8, 15, 7, 341192897, 453655737, 4, 1, 567685690, 1
3, 8, 15, 7, 341192897, 453655737, 4, 0, 1, 0
3, 8, 15, 7, 341192897, 453655737, 3, 12, 1391288855, 1
3, 8, 15, 7, 341192897, 453655737, 3, 11, 1373859888, 1
3, 8, 15, 7, 341192897, 453655737, 3, 10, 1347196501, 1
3, 8, 15, 7, 341192897, 453655737, 3, 9, 1294599689, 1
3, 8, 15, 7, 341192897, 453655737, 3, 8, 1282310158, 1
3, 8, 15, 7, 341192897, 453655737, 3, 7, 1240257505, 1
3, 8, 15, 7, 341192897, 453655737, 3, 6, 1191018719, 1
3, 8, 15, 7, 341192897, 453655737, 3, 5, 1122445931, 1
3, 8, 15, 7, 341192897, 453655737, 3, 4, 1025708367, 1
3, 8, 15, 7, 341192897, 453655737, 3, 3, 877399043, 1
3, 8, 15, 7, 341192897, 453655737, 3, 2, 731775650, 1
3, 8, 15, 7, 341192897, 453655737, 3, 1, 523091920, 1
3, 8, 15, 7, 341192897, 453655737, 3, 0, 1, 0
3, 8, 15, 7, 341192897, 453655737, 2, 12, 1515354128, 1
3, 8, 15, 7, 341192897, 453655737, 2, 11, 1517055253, 1
3, 8, 15, 7, 341192897, 453655737, 2, 10, 1511669957, 1
3, 8, 15, 7, 341192897, 453655737, 2, 9, 1476881637, 1
3, 8, 15, 7, 341192897, 453655737, 2, 8, 1463092621, 1
3, 8, 15, 7, 341192897, 453655737, 2, 7, 1409865574, 1
3, 8, 15, 7, 341192897, 453655737, 2, 6, 1347790197, 1
3, 8, 15, 7, 341192897, 453655737, 2, 5, 1258196912, 1
3, 8, 15, 7, 341192897, 453655737, 2, 4, 1131167330, 1
3, 8, 15, 7, 341192897, 453655737, 2, 3, 934878351, 1
3, 8, 15, 7, 341192897, 453655737, 2, 2, 743375116, 1
3, 8, 15, 7, 341192897, 453655737, 2, 1, 549246516, 1
3, 8, 15, 7, 341192897, 453655737, 2, 0, 1, 0
3, 8, 15, 7, 341192897, 453655737, 1, 12, 1477930207, 1
3, 8, 15, 7, 341192897, 453655737, 1, 11, 1491724059, 1
3, 8, 15, 7, 341192897, 453655737, 1, 10, 1495686541, 1
3, 8, 15, 7, 341192897, 453655737, 1, 9, 1460889827, 1
3, 8, 15, 7, 341192897, 453655737, 1, 8, 1461620102, 1
3, 8, 15, 7, 341192897, 453655737, 1, 7, 1410672318, 1
3, 8, 15, 7, 341192897, 453655737, 1, 6, 1344899015, 1
3, 8, 15, 7, 341192897, 453655737, 1, 5, 1262410976, 1
3, 8, 15, 7, 341192897, 453655737, 1, 4, 1138815007, 1
3, 8, 15, 7, 341192897, 453655737, 1, 3, 937986376, 1
3, 8, 15, 7, 341192897, 453655737, 1, 2, 819698807, 1
3, 8, 15, 7, 341192897, 453655737, 1, 1, 610273907, 1
3, 8, 15, 7, 341192897, 453655737, 1, 0, 1, 0
3, 8, 15, 7, 341192897, 453655737, 0, 12, 1558734836, 1
3, 8, 15, 7, 341192897, 453655737, 0, 11, 1540167387, 1
3, 8, 15, 7, 341192897, 453655737, 0, 10, 1587571463, 1
3, 8, 15, 7, 341192897, 453655737, 0, 9, 1570359178, 1
3, 8, 15, 7, 341192897, 453655737, 0, 8, 1542421539, 1
3, 8, 15, 7, 341192897, 453655737, 0, 7, 1496971037, 1
3, 8, 15, 7, 341192897, 453655737, 0, 6, 1448788855, 1
3, 8, 15, 7, 341192897, 453655737, 0, 5, 1378740683, 1
3, 8, 15, 7, 341192897, 453655737, 0, 4, 1294075431, 1
3, 8, 15, 7, 341192897, 453655737, 0, 3, 1102350463, 1
3, 8, 15, 7, 341192897, 453655737, 0, 2, 982549805, 1
3, 8, 15, 7, 341192897, 453655737, 0, 1, 915410860, 1
3, 9, 15, 7, 453655738, 506069841, 4, 12, 749143203, 1
3, 9, 15, 7, 453655738, 506069841, 4, 11, 735024122, 1
3, 9, 15, 7, 453655738, 506069841, 4, 10, 714502225, 1
3, 9, 15, 7, 453655738, 506069841, 4, 9, 684112256, 1
3, 9, 15, 7, 453655738, 506069841, 4, 8, 692834891, 1
3, 9, 15, 7, 453655738, 506069841, 4, 7, 698371549, 1
3, 9, 15, 7, 453655738, 506069841, 4, 6, 679326930, 1
3, 9, 15, 7, 453655738, 506069841, 4, 5, 692266444, 1
3, 9, 15, 7, 453655738, 506069841, 4, 4, 715336425, 1
3, 9, 15, 7, 453655738, 506069841, 4, 3, 694289626, 1
3, 9, 15, 7, 453655738, 506069841, 4, 2, 729748392, 0
3, 9, 15, 7, 453655738, 506069841, 4, 1, 606041924, 0
3, 9, 15, 7, 453655738, 506069841, 4, 0, 627494271, 0
3, 9, 15, 7, 453655738, 506069841, 3, 12, 787158713, 1
3, 9, 15, 7, 453655738, 506069841, 3, 11, 778736585, 1
3, 9, 15, 7, 453655738, 506069841, 3, 10, 763918438, 1
3, 9, 15, 7, 453655738, 506069841, 3, 9, 736516636, 1
3, 9, 15, 7, 453655738, 506069841, 3, 8, 756186351, 1
3, 9, 15, 7, 453655738, 506069841, 3, 7, 750828019, 1
3, 9, 15, 7, 453655738, 506069841, 3, 6, 746501865, 1
3, 9, 15, 7, 453655738, 506069841, 3, 5, 744963548, 0
3, 9, 15, 7, 453655738, 506069841, 3, 4, 748763628, 0
3, 9, 15, 7, 453655738, 506069841, 3, 3, 751392890, 0
3, 9, 15, 7, 453655738, 506069841, 3, 2, 754169813, 0
3, 9, 15, 7, 453655738, 506069841, 3, 1, 634189813, 0
3, 9, 15, 7, 453655738, 506069841, 3, 0, 805398059, 0
3, 9, 15, 7, 453655738, 506069841, 2, 12, 933725632, 1
3, 9, 15, 7, 453655738, 506069841, 2, 11, 932407406, 1
3, 9, 15, 7, 453655738, 506069841, 2, 10, 933262880, 1
3, 9, 15, 7, 453655738, 506069841, 2, 9, 922185885, 1
3, 9, 15, 7, 453655738, 506069841, 2, 8, 945022935, 1
3, 9, 15, 7, 453655738, 506069841, 2, 7, 933242383, 1
3, 9, 15, 7, 453655738, 506069841, 2, 6, 921464436, 1
3, 9, 15, 7, 453655738, 506069841, 2, 5, 906347058, 0
3, 9, 15, 7, 453655738, 506069841, 2, 4, 892874808, 0
3, 9, 15, 7, 453655738, 506069841, 2, 3, 867693794, 0
3, 9, 15, 7, 453655738, 506069841, 2, 2, 821200790, 0
3, 9, 15, 7, 453655738, 506069841, 2, 1, 720198043, 0
3, 9, 15, 7, 453655738, 506069841, 2, 0, 788927851, 0
3, 9, 15, 7, 453655738, 506069841, 1, 12, 919116178, 0
3, 9, 15, 7, 453655738, 506069841, 1, 11, 911752058, 0
3, 9, 15, 7, 453655738, 506069841, 1, 10, 912100862, 0
3, 9, 15, 7, 453655738, 506069841, 1, 9, 896636705, 0
3, 9, 15, 7, 453655738, 506069841, 1, 8, 928871921, 0
3, 9, 15, 7, 453655738, 506069841, 1, 7, 914527521, 0
3, 9, 15, 7, 453655738, 506069841, 1, 6, 902475362, 0
3, 9, 15, 7, 453655738, 506069841, 1, 5, 887694625, 0
3, 9, 15, 7, 453655738, 506069841, 1, 4, 869268838, 0
3, 9, 15, 7, 453655738, 506069841, 1, 3, 847650589, 0
3, 9, 15, 7, 453655738, 506069841, 1, 2, 789954027, 0
3, 9, 15, 7, 453655738, 506069841, 1, 1, 654253235, 0
3, 9, 15, 7, 453655738, 506069841, 1, 0, 954455747, 0
3, 9, 15, 7, 453655738, 506069841, 0, 12, 921907714, 1
3, 9, 15, 7, 453655738, 506069841, 0, 11, 915126563, 1
3, 9, 15, 7, 453655738, 506069841, 0, 10, 903527587, 1
3, 9, 15, 7, 453655738, 506069841, 0, 9, 881275122, 1
3, 9, 15, 7, 453655738, 506069841, 0, 8, 865939419, 1
3, 9, 15, 7, 453655738, 506069841, 0, 7, 844828385, 1
3, 9, 15, 7, 453655738, 506069841, 0, 6, 824242901, 1
3, 9, 15, 7, 453655738, 506069841, 0, 5, 781001469, 1
3, 9, 15, 7, 453655738, 506069841, 0, 4, 737113475, 1
3, 9, 15, 7, 453655738, 506069841, 0, 3, 642583964, 1
3, 9, 15, 7, 453655738, 506069841, 0, 2, 488998915, 1
3, 9, 15, 7, 453655738, 506069841, 0, 1, 1, 1
3, 10, 15, 7, 506069842, 719690845, 4, 12, 1111739166, 1
3, 10, 15, 7, 506069842, 719690845, 4, 11, 1095782621, 1
3, 10, 15, 7, 506069842, 719690845, 4, 10, 1059227241, 1
3, 10, 15, 7, 506069842, 719690845, 4, 9, 1022800657, 1
3, 10, 15, 7, 506069842, 719690845, 4, 8, 995119777, 1
3, 10, 15, 7, 506069842, 719690845, 4, 7, 985216853, 1
3, 10, 15, 7, 506069842, 719690845, 4, 6, 927160002, 1
3, 10, 15, 7, 506069842, 719690845, 4, 5, 884993367, 1
3, 10, 15, 7, 506069842, 719690845, 4, 4, 840917463, 1
3, 10, 15, 7, 506069842, 719690845, 4, 3, 826301840, 1
3, 10, 15, 7, 506069842, 719690845, 4, 2, 799914785, 1
3, 10, 15, 7, 506069842, 719690845, 4, 1, 615243357, 1
3, 10, 15, 7, 506069842, 719690845, 4, 0, 56938929, 0
3, 10, 15, 7, 506069842, 719690845, 3, 12, 1065072094, 1
3, 10, 15, 7, 506069842, 719690845, 3, 11, 1059180567, 1
3, 10, 15, 7, 506069842, 719690845, 3, 10, 1019936828, 1
3, 10, 15, 7, 506069842, 719690845, 3, 9, 982178086, 1
3, 10, 15, 7, 506069842, 719690845, 3, 8, 968980479, 1
3, 10, 15, 7, 506069842, 719690845, 3, 7, 957442130, 1
3, 10, 15, 7, 506069842, 719690845, 3, 6, 914644724, 1
3, 10, 15, 7, 506069842, 719690845, 3, 5, 858962529, 1
3, 10, 15, 7, 506069842, 719690845, 3, 4, 799616456, 1
3, 10, 15, 7, 506069842, 719690845, 3, 3, 775319437, 1
3, 10, 15, 7, 506069842, 719690845, 3, 2, 731656966, 1
3, 10, 15, 7, 506069842, 719690845, 3, 1, 557851586, 1
3, 10, 15, 7, 506069842, 719690845, 3, 0, 37959286, 0
3, 10, 15, 7, 506069842, 719690845, 2, 12, 1064762699, 1
3, 10, 15, 7, 506069842, 719690845, 2, 11, 1050136545, 1
3, 10, 15, 7, 506069842, 719690845, 2, 10, 1024702991, 1
3, 10, 15, 7, 506069842, 719690845, 2, 9, 1005049423, 1
3, 10, 15, 7, 506069842, 719690845, 2, 8, 991670714, 1
3, 10, 15, 7, 506069842, 719690845, 2, 7, 978922609, 1
3, 10, 15, 7, 506069842, 719690845, 2, 6, 924765684, 1
3, 10, 15, 7, 506069842, 719690845, 2, 5, 851494549, 1
3, 10, 15, 7, 506069842, 719690845, 2, 4, 773667492, 1
3, 10, 15, 7, 506069842, 719690845, 2, 3, 744344256, 1
3, 10, 15, 7, 506069842, 719690845, 2, 2, 690698118, 1
3, 10, 15, 7, 506069842, 719690845, 2, 1, 580134133, 1
3, 10, 15, 7, 506069842, 719690845, 2, 0, 1, 0
3, 10, 15, 7, 506069842, 719690845, 1, 12, 1058735565, 1
3, 10, 15, 7, 506069842, 719690845, 1, 11, 1047919757, 1
3, 10, 15, 7, 506069842, 719690845, 1, 10, 1022754277, 1
3, 10, 15, 7, 506069842, 719690845, 1, 9, 1009144534, 1
3, 10, 15, 7, 506069842, 719690845, 1, 8, 1008865895, 1
3, 10, 15, 7, 506069842, 719690845, 1, 7, 1014831363, 1
3, 10, 15, 7, 506069842, 719690845, 1, 6, 964810223, 1
3, 10, 15, 7, 506069842, 719690845, 1, 5, 896599576, 1
3, 10, 15, 7, 506069842, 719690845, 1, 4, 798073086, 1
3, 10, 15, 7, 506069842, 719690845, 1, 3, 775214332, 1
3, 10, 15, 7, 506069842, 719690845, 1, 2, 730339815, 1
3, 10, 15, 7, 506069842, 719690845, 1, 1, 631847208, 1
3, 10, 15, 7, 506069842, 719690845, 1, 0, 1, 0
3, 10, 15, 7, 506069842, 719690845, 0, 12, 1097021206, 1
3, 10, 15, 7, 506069842, 719690845, 0, 11, 1074935063, 1
3, 10, 15, 7, 506069842, 719690845, 0, 10, 1053993988, 1
3, 10, 15, 7, 506069842, 719690845, 0, 9, 1063979444, 1
3, 10, 15, 7, 506069842, 719690845, 0, 8, 1079089792, 1
3, 10, 15, 7, 506069842, 719690845, 0, 7, 1095513351, 1
3, 10, 15, 7, 506069842, 719690845, 0, 6, 1054770779, 1
3, 10, 15, 7, 506069842, 719690845, 0, 5, 997731179, 1
3, 10, 15, 7, 506069842, 719690845, 0, 4, 912171779, 1
3, 10, 15, 7, 506069842, 719690845, 0, 3, 926643430, 1
3, 10, 15, 7, 506069842, 719690845, 0, 2, 946264833, 1
3, 10, 15, 7, 506069842, 719690845, 0, 1, 1005129041, 1
3, 11, 15, 7, 719690846, 1428720368, 4, 12, 948951556, 1
3, 11, 15, 7, 719690846, 1428720368, 4, 11, 956133161, 1
3, 11, 15, 7, 719690846, 1428720368, 4, 10, 970324564, 1
3, 11, 15, 7, 719690846, 1428720368, 4, 9, 981925212, 1
3, 11, 15, 7, 719690846, 1428720368, 4, 8, 990111252, 1
3, 11, 15, 7, 719690846, 1428720368, 4, 7, 985886288, 1
3, 11, 15, 7, 719690846, 1428720368, 4, 6, 968311718, 1
3, 11, 15, 7, 719690846, 1428720368, 4, 5, 920841663, 1
3, 11, 15, 7, 719690846, 1428720368, 4, 4, 841684882, 1
3, 11, 15, 7, 719690846, 1428720368, 4, 3, 770771482, 1
3, 11, 15, 7, 719690846, 1428720368, 4, 2, 693747524, 1
3, 11, 15, 7, 719690846, 1428720368, 4, 1, 502509725, 1
3, 11, 15, 7, 719690846, 1428720368, 4, 0, 1, 0
3, 11, 15, 7, 719690846, 1428720368, 3, 12, 944533769, 1
3, 11, 15, 7, 719690846, 1428720368, 3, 11, 949910025, 1
3, 11, 15, 7, 719690846, 1428720368, 3, 10, 959996623, 1
3, 11, 15, 7, 719690846, 1428720368, 3, 9, 965258395, 1
3, 11, 15, 7, 719690846, 1428720368, 3, 8, 968320834, 1
3, 11, 15, 7, 719690846, 1428720368, 3, 7, 953919077, 1
3, 11, 15, 7, 719690846, 1428720368, 3, 6, 920004320, 1
3, 11, 15, 7, 719690846, 1428720368, 3, 5, 880961743, 1
3, 11, 15, 7, 719690846, 1428720368, 3, 4, 818298478, 1
3, 11, 15, 7, 719690846, 1428720368, 3, 3, 749430307, 1
3, 11, 15, 7, 719690846, 1428720368, 3, 2, 646314788, 1
3, 11, 15, 7, 719690846, 1428720368, 3, 1, 467790454, 1
3, 11, 15, 7, 719690846, 1428720368, 3, 0, 1, 0
3, 11, 15, 7, 719690846, 1428720368, 2, 12, 839702014, 1
3, 11, 15, 7, 719690846, 1428720368, 2, 11, 833680502, 1
3, 11, 15, 7, 719690846, 1428720368, 2, 10, 830822792, 1
3, 11, 15, 7, 719690846, 1428720368, 2, 9, 821973200, 1
3, 11, 15, 7, 719690846, 1428720368, 2, 8, 808028701, 1
3, 11, 15, 7, 719690846, 1428720368, 2, 7, 800344038, 1
3, 11, 15, 7, 719690846, 1428720368, 2, 6, 776771681, 1
3, 11, 15, 7, 719690846, 1428720368, 2, 5, 751894262, 1
3, 11, 15, 7, 719690846, 1428720368, 2, 4, 710068995, 1
3, 11, 15, 7, 719690846, 1428720368, 2, 3, 664215945, 1
3, 11, 15, 7, 719690846, 1428720368, 2, 2, 611925244, 1
3, 11, 15, 7, 719690846, 1428720368, 2, 1, 490598890, 1
3, 11, 15, 7, 719690846, 1428720368, 2, 0, 1, 0
3, 11, 15, 7, 719690846, 1428720368, 1, 12, 841318286, 1
3, 11, 15, 7, 719690846, 1428720368, 1, 11, 835051058, 1
3, 11, 15, 7, 719690846, 1428720368, 1, 10, 834131537, 1
3, 11, 15, 7, 719690846, 1428720368, 1, 9, 828735648, 1
3, 11, 15, 7, 719690846, 1428720368, 1, 8, 815563504, 1
3, 11, 15, 7, 719690846, 1428720368, 1, 7, 811121492, 1
3, 11, 15, 7, 719690846, 1428720368, 1, 6, 787801689, 1
3, 11, 15, 7, 719690846, 1428720368, 1, 5, 762842451, 1
3, 11, 15, 7, 719690846, 1428720368, 1, 4, 721901030, 1
3, 11, 15, 7, 719690846, 1428720368, 1, 3, 677829494, 1
3, 11, 15, 7, 719690846, 1428720368, 1, 2, 640769623, 1
3, 11, 15, 7, 719690846, 1428720368, 1, 1, 543818575, 1
3, 11, 15, 7, 719690846, 1428720368, 1, 0, 1, 0
3, 11, 15, 7, 719690846, 1428720368, 0, 12, 866834602, 1
3, 11, 15, 7, 719690846, 1428720368, 0, 11, 863539915, 1
3, 11, 15, 7, 719690846, 1428720368, 0, 10, 859586291, 1
3, 11, 15, 7, 719690846, 1428720368, 0, 9, 867044390, 1
3, 11, 15, 7, 719690846, 1428720368, 0, 8, 853134742, 1
3, 11, 15, 7, 719690846, 1428720368, 0, 7, 861485270, 1
3, 11, 15, 7, 719690846, 1428720368, 0, 6, 847219674, 1
3, 11, 15, 7, 719690846, 1428720368, 0, 5, 836048378, 1
3, 11, 15, 7, 719690846, 1428720368, 0, 4, 808290762, 1
3, 11, 15, 7, 719690846, 1428720368, 0, 3, 783625112, 1
3, 11, 15, 7, 719690846, 1428720368, 0, 2, 756147141, 1
3, 11, 15, 7, 719690846, 1428720368, 0, 1, 809916998, 1
3, 12, 15, 7, 1428720369, 1464361201, 4, 12, 186093115, 1
3, 12, 15, 7, 1428720369, 1464361201, 4, 11, 197162052, 1
3, 12, 15, 7, 1428720369, 1464361201, 4, 10, 202173506, 1
3, 12, 15, 7, 1428720369, 1464361201, 4, 9, 211481077, 1
3, 12, 15, 7, 1428720369, 1464361201, 4, 8, 218850978, 1
3, 12, 15, 7, 1428720369, 1464361201, 4, 7, 232683242, 1
3, 12, 15, 7, 1428720369, 1464361201, 4, 6, 220066757, 1
3, 12, 15, 7, 1428720369, 1464361201, 4, 5, 217193783, 1
3, 12, 15, 7, 1428720369, 1464361201, 4, 4, 201986682, 1
3, 12, 15, 7, 1428720369, 1464361201, 4, 3, 184891180, 1
3, 12, 15, 7, 1428720369, 1464361201, 4, 2, 135310766, 1
3, 12, 15, 7, 1428720369, 1464361201, 4, 1, 1, 1
3, 12, 15, 7, 1428720369, 1464361201, 4, 0, 1, 0
3, 12, 15, 7, 1428720369, 1464361201, 3, 12, 202504567, 1
3, 12, 15, 7, 1428720369, 1464361201, 3, 11, 213836907, 1
3, 12, 15, 7, 1428720369, 1464361201, 3, 10, 217096346, 1
3, 12, 15, 7, 1428720369, 1464361201, 3, 9, 225137086, 1
3, 12, 15, 7, 1428720369, 1464361201, 3, 8, 229920474, 1
3, 12, 15, 7, 1428720369, 1464361201, 3, 7, 241690969, 1
3, 12, 15, 7, 1428720369, 1464361201, 3, 6, 218520123, 1
3, 12, 15, 7, 1428720369, 1464361201, 3, 5, 232402033, 1
3, 12, 15, 7, 1428720369, 1464361201, 3, 4, 234923695, 1
3, 12, 15, 7, 1428720369, 1464361201, 3, 3, 210539035, 1
3, 12, 15, 7, 1428720369, 1464361201, 3, 2, 139954893, 1
3, 12, 15, 7, 1428720369, 1464361201, 3, 1, 1, 1
3, 12, 15, 7, 1428720369, 1464361201, 3, 0, 1, 0
3, 12, 15, 7, 1428720369, 1464361201, 2, 12, 196189828, 1
3, 12, 15, 7, 1428720369, 1464361201, 2, 11, 205080434, 1
3, 12, 15, 7, 1428720369, 1464361201, 2, 10, 201956983, 1
3, 12, 15, 7, 1428720369, 1464361201, 2, 9, 203718169, 1
3, 12, 15, 7, 1428720369, 1464361201, 2, 8, 216554947, 1
3, 12, 15, 7, 1428720369, 1464361201, 2, 7, 220679655, 1
3, 12, 15, 7, 1428720369, 1464361201, 2, 6, 208570820, 1
3, 12, 15, 7, 1428720369, 1464361201, 2, 5, 212742344, 1
3, 12, 15, 7, 1428720369, 1464361201, 2, 4, 238515826, 1
3, 12, 15, 7, 1428720369, 1464361201, 2, 3, 225918507, 1
3, 12, 15, 7, 1428720369, 1464361201, 2, 2, 170907638, 1
3, 12, 15, 7, 1428720369, 1464361201, 2, 1, 1, 1
3, 12, 15, 7, 1428720369, 1464361201, 2, 0, 1, 0
3, 12, 15, 7, 1428720369, 1464361201, 1, 12, 171195173, 1
3, 12, 15, 7, 1428720369, 1464361201, 1, 11, 186081709, 1
3, 12, 15, 7, 1428720369, 1464361201, 1, 10, 190594335, 1
3, 12, 15, 7, 1428720369, 1464361201, 1, 9, 196056987, 1
3, 12, 15, 7, 1428720369, 1464361201, 1, 8, 219122515, 1
3, 12, 15, 7, 1428720369, 1464361201, 1, 7, 229845631, 1
3, 12, 15, 7, 1428720369, 1464361201, 1, 6, 243868169, 1
3, 12, 15, 7, 1428720369, 1464361201, 1, 5, 262989810, 1
3, 12, 15, 7, 1428720369, 1464361201, 1, 4, 290609959, 1
3, 12, 15, 7, 1428720369, 1464361201, 1, 3, 286087945, 1
3, 12, 15, 7, 1428720369, 1464361201, 1, 2, 225203424, 1
3, 12, 15, 7, 1428720369, 1464361201, 1, 1, 1, 1
3, 12, 15, 7, 1428720369, 1464361201, 1, 0, 1, 0
3, 12, 15, 7, 1428720369, 1464361201, 0, 12, 140067807, 1
3, 12, 15, 7, 1428720369, 1464361201, 0, 11, 152801244, 1
3, 12, 15, 7, 1428720369, 1464361201, 0, 10, 140341540, 1
3, 12, 15, 7, 1428720369, 1464361201, 0, 9, 155935045, 1
3, 12, 15, 7, 1428720369, 1464361201, 0, 8, 175426925, 1
3, 12, 15, 7, 1428720369, 1464361201, 0, 7, 200487915, 1
3, 12, 15, 7, 1428720369, 1464361201, 0, 6, 233902567, 1
3, 12, 15, 7, 1428720369, 1464361201, 0, 5, 225203424, 1
3, 12, 15, 7, 1428720369, 1464361201, 0, 4, 281504280, 1
3, 12, 15, 7, 1428720369, 1464361201, 0, 3, 375339040, 1
3, 12, 15, 7, 1428720369, 1464361201, 0, 2, 245331303, 1
3, 12, 15, 7, 1428720369, 1464361201, 0, 1, 1, 1
3, 13, 15, 7, 1464361202, 1674730009, 4, 12, 1228631924, 1
3, 13, 15, 7, 1464361202, 1674730009, 4, 11, 1232569842, 1
3, 13, 15, 7, 1464361202, 1674730009, 4, 10, 1233352255, 1
3, 13, 15, 7, 1464361202, 1674730009, 4, 9, 1238690322, 1
3, 13, 15, 7, 1464361202, 1674730009, 4, 8, 1236287095, 1
3, 13, 15, 7, 1464361202, 1674730009, 4, 7, 1248435454, 1
3, 13, 15, 7, 1464361202, 1674730009, 4, 6, 1214511748, 1
3, 13, 15, 7, 1464361202, 1674730009, 4, 5, 1185010206, 1
3, 13, 15, 7, 1464361202, 1674730009, 4, 4, 1120930028, 1
3, 13, 15, 7, 1464361202, 1674730009, 4, 3, 1079032753, 1
3, 13, 15, 7, 1464361202, 1674730009, 4, 2, 930706781, 1
3, 13, 15, 7, 1464361202, 1674730009, 4, 1, 540257796, 1
3, 13, 15, 7, 1464361202, 1674730009, 4, 0, 1, 0
3, 13, 15, 7, 1464361202, 1674730009, 3, 12, 1269221317, 1
3, 13, 15, 7, 1464361202, 1674730009, 3, 11, 1271053215, 1
3, 13, 15, 7, 1464361202, 1674730009, 3, 10, 1268347409, 1
3, 13, 15, 7, 1464361202, 1674730009, 3, 9, 1270609718, 1
3, 13, 15, 7, 1464361202, 1674730009, 3, 8, 1262132050, 1
3, 13, 15, 7, 1464361202, 1674730009, 3, 7, 1267642901, 1
3, 13, 15, 7, 1464361202, 1674730009, 3, 6, 1215606779, 1
3, 13, 15, 7, 1464361202, 1674730009, 3, 5, 1207685993, 1
3, 13, 15, 7, 1464361202, 1674730009, 3, 4, 1165141586, 1
3, 13, 15, 7, 1464361202, 1674730009, 3, 3, 1134727990, 1
3, 13, 15, 7, 1464361202, 1674730009, 3, 2, 943978084, 1
3, 13, 15, 7, 1464361202, 1674730009, 3, 1, 546525123, 1
3, 13, 15, 7, 1464361202, 1674730009, 3, 0, 1, 0
3, 13, 15, 7, 1464361202, 1674730009, 2, 12, 1278650802, 1
3, 13, 15, 7, 1464361202, 1674730009, 2, 11, 1278302332, 1
3, 13, 15, 7, 1464361202, 1674730009, 2, 10, 1260869151, 1
3, 13, 15, 7, 1464361202, 1674730009, 2, 9, 1251127229, 1
3, 13, 15, 7, 1464361202, 1674730009, 2, 8, 1254381103, 1
3, 13, 15, 7, 1464361202, 1674730009, 2, 7, 1248729387, 1
3, 13, 15, 7, 1464361202, 1674730009, 2, 6, 1209401744, 1
3, 13, 15, 7, 1464361202, 1674730009, 2, 5, 1176464584, 1
3, 13, 15, 7, 1464361202, 1674730009, 2, 4, 1158553808, 1
3, 13, 15, 7, 1464361202, 1674730009, 2, 3, 1164452230, 1
3, 13, 15, 7, 1464361202, 1674730009, 2, 2, 990899703, 1
3, 13, 15, 7, 1464361202, 1674730009, 2, 1, 559200420, 1
3, 13, 15, 7, 1464361202, 1674730009, 2, 0, 1, 0
3, 13, 15, 7, 1464361202, 1674730009, 1, 12, 1235479727, 1
3, 13, 15, 7, 1464361202, 1674730009, 1, 11, 1242212497, 1
3, 13, 15, 7, 1464361202, 1674730009, 1, 10, 1231931280, 1
3, 13, 15, 7, 1464361202, 1674730009, 1, 9, 1228288252, 1
3, 13, 15, 7, 1464361202, 1674730009, 1, 8, 1247102288, 1
3, 13, 15, 7, 1464361202, 1674730009, 1, 7, 1255976614, 1
3, 13, 15, 7, 1464361202, 1674730009, 1, 6, 1245259260, 1
3, 13, 15, 7, 1464361202, 1674730009, 1, 5, 1230206957, 1
3, 13, 15, 7, 1464361202, 1674730009, 1, 4, 1208464742, 1
3, 13, 15, 7, 1464361202, 1674730009, 1, 3, 1280184668, 1
3, 13, 15, 7, 1464361202, 1674730009, 1, 2, 1115080913, 1
3, 13, 15, 7, 1464361202, 1674730009, 1, 1, 646699275, 1
3, 13, 15, 7, 1464361202, 1674730009, 1, 0, 1, 0
3, 13, 15, 7, 1464361202, 1674730009, 0, 12, 1242806694, 1
3, 13, 15, 7, 1464361202, 1674730009, 0, 11, 1247420486, 1
3, 13, 15, 7, 1464361202, 1674730009, 0, 10, 1218958226, 1
3, 13, 15, 7, 1464361202, 1674730009, 0, 9, 1243171695, 1
3, 13, 15, 7, 1464361202, 1674730009, 0, 8, 1271982267, 1
3, 13, 15, 7, 1464361202, 1674730009, 0, 7, 1335258792, 1
3, 13, 15, 7, 1464361202, 1674730009, 0, 6, 1371262633, 1
3, 13, 15, 7, 1464361202, 1674730009, 0, 5, 1339106542, 1
3, 13, 15, 7, 1464361202, 1674730009, 0, 4, 1392870487, 1
3, 13, 15, 7, 1464361202, 1674730009, 0, 3, 1554993500, 1
3, 13, 15, 7, 1464361202, 1674730009, 0, 2, 1387490587, 1
3, 13, 15, 7, 1464361202, 1674730009, 0, 1, 1029673759, 1
3, 14, 15, 7, 1674730010, 1689570124, 4, 12, 1043958098, 1
3, 14, 15, 7, 1674730010, 1689570124, 4, 11, 1043876016, 1
3, 14, 15, 7, 1674730010, 1689570124, 4, 10, 1030139129, 1
3, 14, 15, 7, 1674730010, 1689570124, 4, 9, 1018222997, 1
3, 14, 15, 7, 1674730010, 1689570124, 4, 8, 1006472212, 1
3, 14, 15, 7, 1674730010, 1689570124, 4, 7, 997412310, 1
3, 14, 15, 7, 1674730010, 1689570124, 4, 6, 975969516, 1
3, 14, 15, 7, 1674730010, 1689570124, 4, 5, 940903623, 1
3, 14, 15, 7, 1674730010, 1689570124, 4, 4, 893363099, 1
3, 14, 15, 7, 1674730010, 1689570124, 4, 3, 822646344, 1
3, 14, 15, 7, 1674730010, 1689570124, 4, 2, 750887820, 1
3, 14, 15, 7, 1674730010, 1689570124, 4, 1, 507377015, 1
3, 14, 15, 7, 1674730010, 1689570124, 4, 0, 1, 0
3, 14, 15, 7, 1674730010, 1689570124, 3, 12, 1062930903, 1
3, 14, 15, 7, 1674730010, 1689570124, 3, 11, 1054041696, 1
3, 14, 15, 7, 1674730010, 1689570124, 3, 10, 1040535645, 1
3, 14, 15, 7, 1674730010, 1689570124, 3, 9, 1029143183, 1
3, 14, 15, 7, 1674730010, 1689570124, 3, 8, 1013379617, 1
3, 14, 15, 7, 1674730010, 1689570124, 3, 7, 1008350147, 1
3, 14, 15, 7, 1674730010, 1689570124, 3, 6, 990261391, 1
3, 14, 15, 7, 1674730010, 1689570124, 3, 5, 958188283, 1
3, 14, 15, 7, 1674730010, 1689570124, 3, 4, 913021407, 1
3, 14, 15, 7, 1674730010, 1689570124, 3, 3, 846939713, 1
3, 14, 15, 7, 1674730010, 1689570124, 3, 2, 748107613, 1
3, 14, 15, 7, 1674730010, 1689570124, 3, 1, 503686228, 1
3, 14, 15, 7, 1674730010, 1689570124, 3, 0, 1, 0
3, 14, 15, 7, 1674730010, 1689570124, 2, 12, 1076320265, 1
3, 14, 15, 7, 1674730010, 1689570124, 2, 11, 1070790400, 1
3, 14, 15, 7, 1674730010, 1689570124, 2, 10, 1059951276, 1
3, 14, 15, 7, 1674730010, 1689570124, 2, 9, 1050381782, 1
3, 14, 15, 7, 1674730010, 1689570124, 2, 8, 1038205463, 1
3, 14, 15, 7, 1674730010, 1689570124, 2, 7, 1017344903, 1
3, 14, 15, 7, 1674730010, 1689570124, 2, 6, 1005160709, 1
3, 14, 15, 7, 1674730010, 1689570124, 2, 5, 974454557, 1
3, 14, 15, 7, 1674730010, 1689570124, 2, 4, 930608972, 1
3, 14, 15, 7, 1674730010, 1689570124, 2, 3, 872599198, 1
3, 14, 15, 7, 1674730010, 1689570124, 2, 2, 781752821, 1
3, 14, 15, 7, 1674730010, 1689570124, 2, 1, 548925779, 1
3, 14, 15, 7, 1674730010, 1689570124, 2, 0, 1, 0
3, 14, 15, 7, 1674730010, 1689570124, 1, 12, 1073897002, 1
3, 14, 15, 7, 1674730010, 1689570124, 1, 11, 1067671157, 1
3, 14, 15, 7, 1674730010, 1689570124, 1, 10, 1056731582, 1
3, 14, 15, 7, 1674730010, 1689570124, 1, 9, 1048157207, 1
3, 14, 15, 7, 1674730010, 1689570124, 1, 8, 1037331127, 1
3, 14, 15, 7, 1674730010, 1689570124, 1, 7, 1012835990, 1
3, 14, 15, 7, 1674730010, 1689570124, 1, 6, 1001413723, 1
3, 14, 15, 7, 1674730010, 1689570124, 1, 5, 968575188, 1
3, 14, 15, 7, 1674730010, 1689570124, 1, 4, 925321784, 1
3, 14, 15, 7, 1674730010, 1689570124, 1, 3, 866751637, 1
3, 14, 15, 7, 1674730010, 1689570124, 1, 2, 770602031, 1
3, 14, 15, 7, 1674730010, 1689570124, 1, 1, 530791853, 1
3, 14, 15, 7, 1674730010, 1689570124, 1, 0, 1, 0
3, 14, 15, 7, 1674730010, 1689570124, 0, 12, 1147067440, 1
3, 14, 15, 7, 1674730010, 1689570124, 0, 11, 1141393363, 1
3, 14, 15, 7, 1674730010, 1689570124, 0, 10, 1138979924, 1
3, 14, 15, 7, 1674730010, 1689570124, 0, 9, 1136383442, 1
3, 14, 15, 7, 1674730010, 1689570124, 0, 8, 1136374739, 1
3, 14, 15, 7, 1674730010, 1689570124, 0, 7, 1120713901, 1
3, 14, 15, 7, 1674730010, 1689570124, 0, 6, 1143351829, 1
3, 14, 15, 7, 1674730010, 1689570124, 0, 5, 1129898467, 1
3, 14, 15, 7, 1674730010, 1689570124, 0, 4, 1124353323, 1
3, 14, 15, 7, 1674730010, 1689570124, 0, 3, 1122365332, 1
3, 14, 15, 7, 1674730010, 1689570124, 0, 2, 1141580992, 1
3, 14, 15, 7, 1674730010, 1689570124, 0, 1, 1152844687, 1
3, 15, 15, 7, 1689570125, 1747966340, 4, 12, 1055861283, 1
3, 15, 15, 7, 1689570125, 1747966340, 4, 11, 1058021212, 1
3, 15, 15, 7, 1689570125, 1747966340, 4, 10, 1043037664, 1
3, 15, 15, 7, 1689570125, 1747966340, 4, 9, 1028586520, 1
3, 15, 15, 7, 1689570125, 1747966340, 4, 8, 1015852659, 1
3, 15, 15, 7, 1689570125, 1747966340, 4, 7, 1008344456, 1
3, 15, 15, 7, 1689570125, 1747966340, 4, 6, 985012140, 1
3, 15, 15, 7, 1689570125, 1747966340, 4, 5, 948131814, 1
3, 15, 15, 7, 1689570125, 1747966340, 4, 4, 900596052, 1
3, 15, 15, 7, 1689570125, 1747966340, 4, 3, 823096049, 1
3, 15, 15, 7, 1689570125, 1747966340, 4, 2, 738177572, 1
3, 15, 15, 7, 1689570125, 1747966340, 4, 1, 512783369, 1
3, 15, 15, 7, 1689570125, 1747966340, 4, 0, 1, 0
3, 15, 15, 7, 1689570125, 1747966340, 3, 12, 1078471417, 1
3, 15, 15, 7, 1689570125, 1747966340, 3, 11, 1072452950, 1
3, 15, 15, 7, 1689570125, 1747966340, 3, 10, 1058835166, 1
3, 15, 15, 7, 1689570125, 1747966340, 3, 9, 1044786020, 1
3, 15, 15, 7, 1689570125, 1747966340, 3, 8, 1028093837, 1
3, 15, 15, 7, 1689570125, 1747966340, 3, 7, 1024319798, 1
3, 15, 15, 7, 1689570125, 1747966340, 3, 6, 1004563592, 1
3, 15, 15, 7, 1689570125, 1747966340, 3, 5, 970701202, 1
3, 15, 15, 7, 1689570125, 1747966340, 3, 4, 928344194, 1
3, 15, 15, 7, 1689570125, 1747966340, 3, 3, 853783699, 1
3, 15, 15, 7, 1689570125, 1747966340, 3, 2, 740486879, 1
3, 15, 15, 7, 1689570125, 1747966340, 3, 1, 510637255, 1
3, 15, 15, 7, 1689570125, 1747966340, 3, 0, 1, 0
3, 15, 15, 7, 1689570125, 1747966340, 2, 12, 1099602257, 1
3, 15, 15, 7, 1689570125, 1747966340, 2, 11, 1096761843, 1
3, 15, 15, 7, 1689570125, 1747966340, 2, 10, 1083024473, 1
3, 15, 15, 7, 1689570125, 1747966340, 2, 9, 1071693322, 1
3, 15, 15, 7, 1689570125, 1747966340, 2, 8, 1056433911, 1
3, 15, 15, 7, 1689570125, 1747966340, 2, 7, 1037084084, 1
3, 15, 15, 7, 1689570125, 1747966340, 2, 6, 1020737685, 1
3, 15, 15, 7, 1689570125, 1747966340, 2, 5, 986614248, 1
3, 15, 15, 7, 1689570125, 1747966340, 2, 4, 948233937, 1
3, 15, 15, 7, 1689570125, 1747966340, 2, 3, 882911142, 1
3, 15, 15, 7, 1689570125, 1747966340, 2, 2, 781682105, 1
3, 15, 15, 7, 1689570125, 1747966340, 2, 1, 558657217, 1
3, 15, 15, 7, 1689570125, 1747966340, 2, 0, 1, 0
3, 15, 15, 7, 1689570125, 1747966340, 1, 12, 1096235016, 1
3, 15, 15, 7, 1689570125, 1747966340, 1, 11, 1095167799, 1
3, 15, 15, 7, 1689570125, 1747966340, 1, 10, 1081402038, 1
3, 15, 15, 7, 1689570125, 1747966340, 1, 9, 1070783179, 1
3, 15, 15, 7, 1689570125, 1747966340, 1, 8, 1055181350, 1
3, 15, 15, 7, 1689570125, 1747966340, 1, 7, 1038640562, 1
3, 15, 15, 7, 1689570125, 1747966340, 1, 6, 1031415411, 1
3, 15, 15, 7, 1689570125, 1747966340, 1, 5, 995001663, 1
3, 15, 15, 7, 1689570125, 1747966340, 1, 4, 952995412, 1
3, 15, 15, 7, 1689570125, 1747966340, 1, 3, 877717635, 1
3, 15, 15, 7, 1689570125, 1747966340, 1, 2, 782962637, 1
3, 15, 15, 7, 1689570125, 1747966340, 1, 1, 528319908, 1
3, 15, 15, 7, 1689570125, 1747966340, 1, 0, 1, 0
3, 15, 15, 7, 1689570125, 1747966340, 0, 12, 1159794537, 1
3, 15, 15, 7, 1689570125, 1747966340, 0, 11, 1162002232, 1
3, 15, 15, 7, 1689570125, 1747966340, 0, 10, 1155533581, 1
3, 15, 15, 7, 1689570125, 1747966340, 0, 9, 1151267744, 1
3, 15, 15, 7, 1689570125, 1747966340, 0, 8, 1142913033, 1
3, 15, 15, 7, 1689570125, 1747966340, 0, 7, 1140255669, 1
3, 15, 15, 7, 1689570125, 1747966340, 0, 6, 1166150558, 1
3, 15, 15, 7, 1689570125, 1747966340, 0, 5, 1154446535, 1
3, 15, 15, 7, 1689570125, 1747966340, 0, 4, 1158296976, 1
3, 15, 15, 7, 1689570125, 1747966340, 0, 3, 1124863869, 1
3, 15, 15, 7, 1689570125, 1747966340, 0, 2, 1145328797, 1
3, 15, 15, 7, 1689570125, 1747966340, 0, 1, 1145428852, 1
3, 16, 15, 7, 1747966341, 1753043203, 4, 12, 7828714, 0
3, 16, 15, 7, 1747966341, 1753043203, 4, 11, 7520337, 0
3, 16, 15, 7, 1747966341, 1753043203, 4, 10, 6872131, 0
3, 16, 15, 7, 1747966341, 1753043203, 4, 9, 7200367, 0
3, 16, 15, 7, 1747966341, 1753043203, 4, 8, 7458227, 0
3, 16, 15, 7, 1747966341, 1753043203, 4, 7, 7558696, 0
3, 16, 15, 7, 1747966341, 1753043203, 4, 6, 6169965, 0
3, 16, 15, 7, 1747966341, 1753043203, 4, 5, 4012810, 0
3, 16, 15, 7, 1747966341, 1753043203, 4, 4, 4363973, 0
3, 16, 15, 7, 1747966341, 1753043203, 4, 3, 2846032, 0
3, 16, 15, 7, 1747966341, 1753043203, 4, 2, 2301678, 0
3, 16, 15, 7, 1747966341, 1753043203, 4, 1, 3580388, 0
3, 16, 15, 7, 1747966341, 1753043203, 4, 0, 8055871, 0
3, 16, 15, 7, 1747966341, 1753043203, 3, 12, 7010273, 1
3, 16, 15, 7, 1747966341, 1753043203, 3, 11, 6844838, 1
3, 16, 15, 7, 1747966341, 1753043203, 3, 10, 5828646, 1
3, 16, 15, 7, 1747966341, 1753043203, 3, 9, 5957813, 1
3, 16, 15, 7, 1747966341, 1753043203, 3, 8, 5934249, 1
3, 16, 15, 7, 1747966341, 1753043203, 3, 7, 5623415, 1
3, 16, 15, 7, 1747966341, 1753043203, 3, 6, 4478490, 1
3, 16, 15, 7, 1747966341, 1753043203, 3, 5, 2708561, 1
3, 16, 15, 7, 1747966341, 1753043203, 3, 4, 2666356, 1
3, 16, 15, 7, 1747966341, 1753043203, 3, 3, 1, 1
3, 16, 15, 7, 1747966341, 1753043203, 3, 2, 1, 1
3, 16, 15, 7, 1747966341, 1753043203, 3, 1, 1, 1
3, 16, 15, 7, 1747966341, 1753043203, 3, 0, 1, 0
3, 16, 15, 7, 1747966341, 1753043203, 2, 12, 6348577, 1
3, 16, 15, 7, 1747966341, 1753043203, 2, 11, 6892741, 1
3, 16, 15, 7, 1747966341, 1753043203, 2, 10, 5317822, 1
3, 16, 15, 7, 1747966341, 1753043203, 2, 9, 5237699, 1
3, 16, 15, 7, 1747966341, 1753043203, 2, 8, 4893741, 1
3, 16, 15, 7, 1747966341, 1753043203, 2, 7, 4081061, 1
3, 16, 15, 7, 1747966341, 1753043203, 2, 6, 3512924, 1
3, 16, 15, 7, 1747966341, 1753043203, 2, 5, 684479, 1
3, 16, 15, 7, 1747966341, 1753043203, 2, 4, 1, 1
3, 16, 15, 7, 1747966341, 1753043203, 2, 3, 1, 1
3, 16, 15, 7, 1747966341, 1753043203, 2, 2, 1, 1
3, 16, 15, 7, 1747966341, 1753043203, 2, 1, 1, 1
3, 16, 15, 7, 1747966341, 1753043203, 2, 0, 1, 0
3, 16, 15, 7, 1747966341, 1753043203, 1, 12, 6246377, 1
3, 16, 15, 7, 1747966341, 1753043203, 1, 11, 6789540, 1
3, 16, 15, 7, 1747966341, 1753043203, 1, 10, 5548463, 1
3, 16, 15, 7, 1747966341, 1753043203, 1, 9, 6132512, 1
3, 16, 15, 7, 1747966341, 1753043203, 1, 8, 6853983, 1
3, 16, 15, 7, 1747966341, 1753043203, 1, 7, 5542991, 1
3, 16, 15, 7, 1747966341, 1753043203, 1, 6, 4579919, 1
3, 16, 15, 7, 1747966341, 1753043203, 1, 5, 1057831, 1
3, 16, 15, 7, 1747966341, 1753043203, 1, 4, 1, 1
3, 16, 15, 7, 1747966341, 1753043203, 1, 3, 1, 1
3, 16, 15, 7, 1747966341, 1753043203, 1, 2, 1, 1
3, 16, 15, 7, 1747966341, 1753043203, 1, 1, 1, 1
3, 16, 15, 7, 1747966341, 1753043203, 1, 0, 1, 0
3, 16, 15, 7, 1747966341, 1753043203, 0, 12, 4226227, 1
3, 16, 15, 7, 1747966341, 1753043203, 0, 11, 4610429, 1
3, 16, 15, 7, 1747966341, 1753043203, 0, 10, 4790281, 1
3, 16, 15, 7, 1747966341, 1753043203, 0, 9, 5322534, 1
3, 16, 15, 7, 1747966341, 1753043203, 0, 8, 5987851, 1
3, 16, 15, 7, 1747966341, 1753043203, 0, 7, 6843258, 1
3, 16, 15, 7, 1747966341, 1753043203, 0, 6, 7983801, 1
3, 16, 15, 7, 1747966341, 1753043203, 0, 5, 1, 1
3, 16, 15, 7, 1747966341, 1753043203, 0, 4, 1, 1
3, 16, 15, 7, 1747966341, 1753043203, 0, 3, 1, 1
3, 16, 15, 7, 1747966341, 1753043203, 0, 2, 1, 1
3, 16, 15, 7, 1747966341, 1753043203, 0, 1, 1, 1
