1,1.0,99976084.0,2045478946.3500593
2,99976085.0,129007962.0,3441913721.704364
3,129007963.0,139806832.0,3359397977.0521502
4,139806833.0,172054851.0,3140312118.858823
5,172054852.0,206309295.0,3280923027.5445232
6,206309296.0,273495147.0,2793183876.595375
7,273495148.0,303708781.0,3010552352.1391983
8,303708782.0,421601020.0,2814881527.9176555
9,421601021.0,451778864.0,3502652661.8405867
10,451778865.0,519777179.0,3406816977.0559998
11,519777180.0,566500502.0,3694257263.941907
12,566500503.0,612788041.0,3761698159.398919
13,612788042.0,674180007.0,3905521122.919201
14,674180008.0,713030907.0,4025050717.9239182
15,713030908.0,735732976.0,3606265366.239429
16,735732977.0,776211151.0,3871078974.7998786
17,776211152.0,853442849.0,3572780410.305455
18,853442850.0,921966932.0,3807116361.179254
19,921966933.0,946750443.0,4011932412.743224
20,946750444.0,1032341907.0,3134766682.5675907
21,1032341908.0,1073537349.0,3471496979.3101645
22,1073537350.0,1102193225.0,3177271859.66773
23,1102193226.0,1140297913.0,3642544697.2461057
24,1140297914.0,1167676673.0,3283603078.0554347
25,1167676674.0,1205261945.0,3633306409.6913977
26,1205261946.0,1288711769.0,3176061760.8771873
27,1288711770.0,1314871591.0,3670030204.720896
28,1314871592.0,1335882571.0,3723638631.9518275
29,1335882572.0,1381096806.0,3889486121.298733
30,1381096807.0,1544637860.0,3659016446.6709447
31,1544637861.0,1599803644.0,3572596953.66746
32,1599803645.0,1626358006.0,3799436233.312319
33,1626358007.0,1684467336.0,3687084309.0528755
34,1684467337.0,1736603599.0,3740239503.1940455
35,1736603600.0,1788079351.0,3322731370.647409
36,1788079352.0,1805477872.0,3684911134.751632
37,1805477873.0,1880322940.0,3937168137.679962
38,1880322941.0,1918218832.0,4148228083.469007
39,1918218833.0,1930052233.0,3871569403.969037
40,1930052234.0,1966220466.0,3575294783.521197
41,1966220467.0,2196025834.0,3724268400.2026296
