1,1.0,99329265.0,2041029536.5863202
2,99329266.0,141931408.0,3326717133.053587
3,141931409.0,175846216.0,3074526798.4509916
4,175846217.0,205555154.0,3269385377.824443
5,205555155.0,278007271.0,3124824751.384175
6,278007272.0,302280830.0,3348607439.561262
7,302280831.0,429104326.0,3186776996.7343783
8,429104327.0,450841413.0,3913011675.6326733
9,450841414.0,519632389.0,3231379743.7350707
10,519632390.0,563758967.0,3568481317.134499
11,563758968.0,675222184.0,3316285486.006947
12,675222185.0,704811702.0,4058037894.4655523
13,704811703.0,743056186.0,3416392474.893915
14,743056187.0,775159651.0,3867651736.887297
15,775159652.0,854039955.0,3353744667.659881
16,854039956.0,921263495.0,3847695890.57109
17,921263496.0,941684976.0,3956186668.1246123
18,941684977.0,970069953.0,3731684517.2183785
19,970069954.0,1008346075.0,3446357845.930097
20,1008346076.0,1105272136.0,3661456310.87968
21,1105272137.0,1138215019.0,3967892115.472022
22,1138215020.0,1164390144.0,3778187969.290569
23,1164390145.0,1204972948.0,3944457379.7288156
24,1204972949.0,1248932154.0,3720623213.3916507
25,1248932155.0,1281922814.0,3530308258.7390504
26,1281922815.0,1346794072.0,3450747290.9368815
27,1346794073.0,1364128545.0,3933761706.146055
28,1364128546.0,1412110682.0,3292895535.406595
29,1412110683.0,1447077128.0,3231174357.1513314
30,1447077129.0,1480381598.0,3813868195.7568774
31,1480381599.0,1551398105.0,3269937195.5086865
32,1551398106.0,1600623281.0,3196000400.090209
33,1600623282.0,1625885763.0,3426892242.0482516
34,1625885764.0,1681550593.0,3506811720.6742277
35,1681550594.0,1732767202.0,3756784284.3405743
36,1732767203.0,1750012920.0,3579579286.0661087
37,1750012921.0,1794934103.0,3394092077.7742496
38,1794934104.0,1821167591.0,3778804942.9970827
39,1821167592.0,1928548196.0,3910306135.4926534
40,1928548197.0,1966379603.0,3484714393.4332285
41,1966379604.0,2196025834.0,3461922077.993695
