0, 1, 9, 18, 1, 99976589, 10, 1, 7420954, 1
0, 1, 9, 18, 1, 99976589, 10, 0, 4921983, 0
0, 1, 9, 18, 1, 99976589, 9, 1, 8202107, 1
0, 1, 9, 18, 1, 99976589, 9, 0, 5468870, 0
0, 1, 9, 18, 1, 99976589, 8, 1, 7756866, 1
0, 1, 9, 18, 1, 99976589, 8, 0, 6152479, 0
0, 1, 9, 18, 1, 99976589, 7, 1, 8791115, 1
0, 1, 9, 18, 1, 99976589, 7, 0, 7031405, 0
0, 1, 9, 18, 1, 99976589, 6, 1, 8682538, 1
0, 1, 9, 18, 1, 99976589, 6, 0, 6732968, 0
0, 1, 9, 18, 1, 99976589, 5, 1, 9250038, 1
0, 1, 9, 18, 1, 99976589, 5, 0, 6567233, 0
0, 1, 9, 18, 1, 99976589, 4, 1, 6640282, 1
0, 1, 9, 18, 1, 99976589, 4, 0, 49305, 0
0, 1, 9, 18, 1, 99976589, 3, 1, 5990112, 1
0, 1, 9, 18, 1, 99976589, 3, 0, 65740, 0
0, 1, 9, 18, 1, 99976589, 2, 1, 4223465, 1
0, 1, 9, 18, 1, 99976589, 2, 0, 1, 0
0, 1, 9, 18, 1, 99976589, 1, 1, 4855880, 1
0, 1, 9, 18, 1, 99976589, 1, 0, 1, 0
0, 1, 9, 18, 1, 99976589, 0, 1, 7432364, 1
0, 2, 9, 18, 99976590, 140135560, 10, 1, 1, 1
0, 2, 9, 18, 99976590, 140135560, 10, 0, 1, 0
0, 2, 9, 18, 99976590, 140135560, 9, 1, 1, 1
0, 2, 9, 18, 99976590, 140135560, 9, 0, 1, 0
0, 2, 9, 18, 99976590, 140135560, 8, 1, 1, 1
0, 2, 9, 18, 99976590, 140135560, 8, 0, 1, 0
0, 2, 9, 18, 99976590, 140135560, 7, 1, 1, 1
0, 2, 9, 18, 99976590, 140135560, 7, 0, 1, 0
0, 2, 9, 18, 99976590, 140135560, 6, 1, 1, 1
0, 2, 9, 18, 99976590, 140135560, 6, 0, 1, 0
0, 2, 9, 18, 99976590, 140135560, 5, 1, 1, 1
0, 2, 9, 18, 99976590, 140135560, 5, 0, 1, 0
0, 2, 9, 18, 99976590, 140135560, 4, 1, 1, 1
0, 2, 9, 18, 99976590, 140135560, 4, 0, 1, 0
0, 2, 9, 18, 99976590, 140135560, 3, 1, 1, 1
0, 2, 9, 18, 99976590, 140135560, 3, 0, 1, 0
0, 2, 9, 18, 99976590, 140135560, 2, 1, 1, 1
0, 2, 9, 18, 99976590, 140135560, 2, 0, 1, 0
0, 2, 9, 18, 99976590, 140135560, 1, 1, 1, 1
0, 2, 9, 18, 99976590, 140135560, 1, 0, 1, 0
0, 2, 9, 18, 99976590, 140135560, 0, 1, 1, 1
0, 3, 9, 18, 140135561, 176035505, 10, 1, 28629999, 1
0, 3, 9, 18, 140135561, 176035505, 10, 0, 23793577, 0
0, 3, 9, 18, 140135561, 176035505, 9, 1, 31643683, 1
0, 3, 9, 18, 140135561, 176035505, 9, 0, 26437307, 0
0, 3, 9, 18, 140135561, 176035505, 8, 1, 35366469, 1
0, 3, 9, 18, 140135561, 176035505, 8, 0, 29741971, 0
0, 3, 9, 18, 140135561, 176035505, 7, 1, 40081998, 1
0, 3, 9, 18, 140135561, 176035505, 7, 0, 33990824, 0
0, 3, 9, 18, 140135561, 176035505, 6, 1, 46248460, 1
0, 3, 9, 18, 140135561, 176035505, 6, 0, 39655961, 0
0, 3, 9, 18, 140135561, 176035505, 5, 1, 54657270, 1
0, 3, 9, 18, 140135561, 176035505, 5, 0, 47587153, 0
0, 3, 9, 18, 140135561, 176035505, 4, 1, 66803330, 1
0, 3, 9, 18, 140135561, 176035505, 4, 0, 59483941, 0
0, 3, 9, 18, 140135561, 176035505, 3, 1, 76619652, 1
0, 3, 9, 18, 140135561, 176035505, 3, 0, 57681118, 0
0, 3, 9, 18, 140135561, 176035505, 2, 1, 64779798, 1
0, 3, 9, 18, 140135561, 176035505, 2, 0, 36732187, 0
0, 3, 9, 18, 140135561, 176035505, 1, 1, 53397613, 1
0, 3, 9, 18, 140135561, 176035505, 1, 0, 1, 0
0, 3, 9, 18, 140135561, 176035505, 0, 1, 66497753, 1
0, 4, 9, 18, 176035506, 206105052, 10, 1, 25704340, 0
0, 4, 9, 18, 176035506, 206105052, 10, 0, 30341761, 0
0, 4, 9, 18, 176035506, 206105052, 9, 1, 21837176, 0
0, 4, 9, 18, 176035506, 206105052, 9, 0, 25690025, 0
0, 4, 9, 18, 176035506, 206105052, 8, 1, 22466045, 0
0, 4, 9, 18, 176035506, 206105052, 8, 0, 24778331, 0
0, 4, 9, 18, 176035506, 206105052, 7, 1, 20264299, 0
0, 4, 9, 18, 176035506, 206105052, 7, 0, 22874420, 0
0, 4, 9, 18, 176035506, 206105052, 6, 1, 19187251, 0
0, 4, 9, 18, 176035506, 206105052, 6, 0, 22949798, 0
0, 4, 9, 18, 176035506, 206105052, 5, 1, 17425969, 0
0, 4, 9, 18, 176035506, 206105052, 5, 0, 21923170, 0
0, 4, 9, 18, 176035506, 206105052, 4, 1, 18435236, 0
0, 4, 9, 18, 176035506, 206105052, 4, 0, 24351762, 0
0, 4, 9, 18, 176035506, 206105052, 3, 1, 23702447, 0
0, 4, 9, 18, 176035506, 206105052, 3, 0, 32469015, 0
0, 4, 9, 18, 176035506, 206105052, 2, 1, 20401789, 0
0, 4, 9, 18, 176035506, 206105052, 2, 0, 27388115, 0
0, 4, 9, 18, 176035506, 206105052, 1, 1, 18504107, 0
0, 4, 9, 18, 176035506, 206105052, 1, 0, 30150932, 0
0, 4, 9, 18, 176035506, 206105052, 0, 1, 14237447, 1
0, 5, 9, 18, 206105053, 277504804, 10, 1, 1227763, 1
0, 5, 9, 18, 206105053, 277504804, 10, 0, 1, 0
0, 5, 9, 18, 206105053, 277504804, 9, 1, 1357001, 1
0, 5, 9, 18, 206105053, 277504804, 9, 0, 1, 0
0, 5, 9, 18, 206105053, 277504804, 8, 1, 1516649, 1
0, 5, 9, 18, 206105053, 277504804, 8, 0, 1, 0
0, 5, 9, 18, 206105053, 277504804, 7, 1, 1718868, 1
0, 5, 9, 18, 206105053, 277504804, 7, 0, 1, 0
0, 5, 9, 18, 206105053, 277504804, 6, 1, 1983310, 1
0, 5, 9, 18, 206105053, 277504804, 6, 0, 1, 0
0, 5, 9, 18, 206105053, 277504804, 5, 1, 2343911, 1
0, 5, 9, 18, 206105053, 277504804, 5, 0, 1, 0
0, 5, 9, 18, 206105053, 277504804, 4, 1, 2864780, 1
0, 5, 9, 18, 206105053, 277504804, 4, 0, 1, 0
0, 5, 9, 18, 206105053, 277504804, 3, 1, 3683289, 1
0, 5, 9, 18, 206105053, 277504804, 3, 0, 1, 0
0, 5, 9, 18, 206105053, 277504804, 2, 1, 2546215, 1
0, 5, 9, 18, 206105053, 277504804, 2, 0, 1, 0
0, 5, 9, 18, 206105053, 277504804, 1, 1, 4243691, 1
0, 5, 9, 18, 206105053, 277504804, 1, 0, 1, 0
0, 5, 9, 18, 206105053, 277504804, 0, 1, 1, 1
0, 6, 9, 18, 277504805, 302745068, 10, 1, 1891420, 0
0, 6, 9, 18, 277504805, 302745068, 10, 0, 554662, 0
0, 6, 9, 18, 277504805, 302745068, 9, 1, 2090517, 0
0, 6, 9, 18, 277504805, 302745068, 9, 0, 616291, 0
0, 6, 9, 18, 277504805, 302745068, 8, 1, 2336460, 0
0, 6, 9, 18, 277504805, 302745068, 8, 0, 693327, 0
0, 6, 9, 18, 277504805, 302745068, 7, 1, 2647988, 0
0, 6, 9, 18, 277504805, 302745068, 7, 0, 792374, 0
0, 6, 9, 18, 277504805, 302745068, 6, 1, 3055371, 0
0, 6, 9, 18, 277504805, 302745068, 6, 0, 924436, 0
0, 6, 9, 18, 277504805, 302745068, 5, 1, 3610893, 0
0, 6, 9, 18, 277504805, 302745068, 5, 0, 1109323, 0
0, 6, 9, 18, 277504805, 302745068, 4, 1, 4413314, 0
0, 6, 9, 18, 277504805, 302745068, 4, 0, 1386654, 0
0, 6, 9, 18, 277504805, 302745068, 3, 1, 4154445, 0
0, 6, 9, 18, 277504805, 302745068, 3, 0, 1325009, 0
0, 6, 9, 18, 277504805, 302745068, 2, 1, 4792382, 0
0, 6, 9, 18, 277504805, 302745068, 2, 0, 1987513, 0
0, 6, 9, 18, 277504805, 302745068, 1, 1, 1325009, 0
0, 6, 9, 18, 277504805, 302745068, 1, 0, 3975025, 0
0, 6, 9, 18, 277504805, 302745068, 0, 1, 1, 1
0, 7, 9, 18, 302745069, 421847150, 10, 1, 1, 1
0, 7, 9, 18, 302745069, 421847150, 10, 0, 1, 0
0, 7, 9, 18, 302745069, 421847150, 9, 1, 1, 1
0, 7, 9, 18, 302745069, 421847150, 9, 0, 1, 0
0, 7, 9, 18, 302745069, 421847150, 8, 1, 1, 1
0, 7, 9, 18, 302745069, 421847150, 8, 0, 1, 0
0, 7, 9, 18, 302745069, 421847150, 7, 1, 1, 1
0, 7, 9, 18, 302745069, 421847150, 7, 0, 1, 0
0, 7, 9, 18, 302745069, 421847150, 6, 1, 1, 1
0, 7, 9, 18, 302745069, 421847150, 6, 0, 1, 0
0, 7, 9, 18, 302745069, 421847150, 5, 1, 1, 1
0, 7, 9, 18, 302745069, 421847150, 5, 0, 1, 0
0, 7, 9, 18, 302745069, 421847150, 4, 1, 1, 1
0, 7, 9, 18, 302745069, 421847150, 4, 0, 1, 0
0, 7, 9, 18, 302745069, 421847150, 3, 1, 1, 1
0, 7, 9, 18, 302745069, 421847150, 3, 0, 1, 0
0, 7, 9, 18, 302745069, 421847150, 2, 1, 1, 1
0, 7, 9, 18, 302745069, 421847150, 2, 0, 1, 0
0, 7, 9, 18, 302745069, 421847150, 1, 1, 1, 1
0, 7, 9, 18, 302745069, 421847150, 1, 0, 1, 0
0, 7, 9, 18, 302745069, 421847150, 0, 1, 1, 1
0, 8, 9, 18, 421847151, 450313174, 10, 1, 13659421, 1
0, 8, 9, 18, 421847151, 450313174, 10, 0, 8330507, 0
0, 8, 9, 18, 421847151, 450313174, 9, 1, 15097255, 1
0, 8, 9, 18, 421847151, 450313174, 9, 0, 9256119, 0
0, 8, 9, 18, 421847151, 450313174, 8, 1, 16873402, 1
0, 8, 9, 18, 421847151, 450313174, 8, 0, 10413134, 0
0, 8, 9, 18, 421847151, 450313174, 7, 1, 19123189, 1
0, 8, 9, 18, 421847151, 450313174, 7, 0, 11900725, 0
0, 8, 9, 18, 421847151, 450313174, 6, 1, 22065218, 1
0, 8, 9, 18, 421847151, 450313174, 6, 0, 13884179, 0
0, 8, 9, 18, 421847151, 450313174, 5, 1, 26077076, 1
0, 8, 9, 18, 421847151, 450313174, 5, 0, 16661014, 0
0, 8, 9, 18, 421847151, 450313174, 4, 1, 31871982, 1
0, 8, 9, 18, 421847151, 450313174, 4, 0, 20826268, 0
0, 8, 9, 18, 421847151, 450313174, 3, 1, 40978262, 0
0, 8, 9, 18, 421847151, 450313174, 3, 0, 27768357, 0
0, 8, 9, 18, 421847151, 450313174, 2, 1, 26889533, 1
0, 8, 9, 18, 421847151, 450313174, 2, 0, 1, 0
0, 8, 9, 18, 421847151, 450313174, 1, 1, 44815888, 1
0, 8, 9, 18, 421847151, 450313174, 1, 0, 1, 0
0, 8, 9, 18, 421847151, 450313174, 0, 1, 23837874, 1
0, 9, 9, 18, 450313175, 520684540, 10, 1, 1346211, 0
0, 9, 9, 18, 450313175, 520684540, 10, 0, 287786, 0
0, 9, 9, 18, 450313175, 520684540, 9, 1, 1487917, 0
0, 9, 9, 18, 450313175, 520684540, 9, 0, 319762, 0
0, 9, 9, 18, 450313175, 520684540, 8, 1, 1662966, 0
0, 9, 9, 18, 450313175, 520684540, 8, 0, 359732, 0
0, 9, 9, 18, 450313175, 520684540, 7, 1, 1884695, 0
0, 9, 9, 18, 450313175, 520684540, 7, 0, 411122, 0
0, 9, 9, 18, 450313175, 520684540, 6, 1, 2174648, 0
0, 9, 9, 18, 450313175, 520684540, 6, 0, 479642, 0
0, 9, 9, 18, 450313175, 520684540, 5, 1, 2570038, 0
0, 9, 9, 18, 450313175, 520684540, 5, 0, 575571, 0
0, 9, 9, 18, 450313175, 520684540, 4, 1, 3141158, 0
0, 9, 9, 18, 450313175, 520684540, 4, 0, 719463, 0
0, 9, 9, 18, 450313175, 520684540, 3, 1, 1, 1
0, 9, 9, 18, 450313175, 520684540, 3, 0, 1, 0
0, 9, 9, 18, 450313175, 520684540, 2, 1, 1, 1
0, 9, 9, 18, 450313175, 520684540, 2, 0, 1, 0
0, 9, 9, 18, 450313175, 520684540, 1, 1, 1, 1
0, 9, 9, 18, 450313175, 520684540, 1, 0, 1, 0
0, 9, 9, 18, 450313175, 520684540, 0, 1, 1, 1
0, 10, 9, 18, 520684541, 561519425, 10, 1, 1, 1
0, 10, 9, 18, 520684541, 561519425, 10, 0, 1, 0
0, 10, 9, 18, 520684541, 561519425, 9, 1, 1, 1
0, 10, 9, 18, 520684541, 561519425, 9, 0, 1, 0
0, 10, 9, 18, 520684541, 561519425, 8, 1, 1, 1
0, 10, 9, 18, 520684541, 561519425, 8, 0, 1, 0
0, 10, 9, 18, 520684541, 561519425, 7, 1, 1, 1
0, 10, 9, 18, 520684541, 561519425, 7, 0, 1, 0
0, 10, 9, 18, 520684541, 561519425, 6, 1, 1, 1
0, 10, 9, 18, 520684541, 561519425, 6, 0, 1, 0
0, 10, 9, 18, 520684541, 561519425, 5, 1, 1, 1
0, 10, 9, 18, 520684541, 561519425, 5, 0, 1, 0
0, 10, 9, 18, 520684541, 561519425, 4, 1, 1, 1
0, 10, 9, 18, 520684541, 561519425, 4, 0, 1, 0
0, 10, 9, 18, 520684541, 561519425, 3, 1, 1, 1
0, 10, 9, 18, 520684541, 561519425, 3, 0, 1, 0
0, 10, 9, 18, 520684541, 561519425, 2, 1, 1, 1
0, 10, 9, 18, 520684541, 561519425, 2, 0, 1, 0
0, 10, 9, 18, 520684541, 561519425, 1, 1, 1, 1
0, 10, 9, 18, 520684541, 561519425, 1, 0, 1, 0
0, 10, 9, 18, 520684541, 561519425, 0, 1, 1, 1
0, 11, 9, 18, 561519426, 675794096, 10, 1, 12148255, 0
0, 11, 9, 18, 561519426, 675794096, 10, 0, 9902156, 0
0, 11, 9, 18, 561519426, 675794096, 9, 1, 7544208, 0
0, 11, 9, 18, 561519426, 675794096, 9, 0, 3778086, 0
0, 11, 9, 18, 561519426, 675794096, 8, 1, 8431762, 0
0, 11, 9, 18, 561519426, 675794096, 8, 0, 4250347, 0
0, 11, 9, 18, 561519426, 675794096, 7, 1, 6883396, 0
0, 11, 9, 18, 561519426, 675794096, 7, 0, 2023132, 0
0, 11, 9, 18, 561519426, 675794096, 6, 1, 2940935, 0
0, 11, 9, 18, 561519426, 675794096, 6, 0, 2360321, 0
0, 11, 9, 18, 561519426, 675794096, 5, 1, 1, 1
0, 11, 9, 18, 561519426, 675794096, 5, 0, 1, 0
0, 11, 9, 18, 561519426, 675794096, 4, 1, 1, 1
0, 11, 9, 18, 561519426, 675794096, 4, 0, 1, 0
0, 11, 9, 18, 561519426, 675794096, 3, 1, 1, 1
0, 11, 9, 18, 561519426, 675794096, 3, 0, 1, 0
0, 11, 9, 18, 561519426, 675794096, 2, 1, 1, 1
0, 11, 9, 18, 561519426, 675794096, 2, 0, 1, 0
0, 11, 9, 18, 561519426, 675794096, 1, 1, 1, 1
0, 11, 9, 18, 561519426, 675794096, 1, 0, 1, 0
0, 11, 9, 18, 561519426, 675794096, 0, 1, 1, 1
0, 12, 9, 18, 675794097, 715669023, 10, 1, 53332857, 0
0, 12, 9, 18, 675794097, 715669023, 10, 0, 46743842, 0
0, 12, 9, 18, 675794097, 715669023, 9, 1, 51306704, 0
0, 12, 9, 18, 675794097, 715669023, 9, 0, 47092893, 0
0, 12, 9, 18, 675794097, 715669023, 8, 1, 54995767, 0
0, 12, 9, 18, 675794097, 715669023, 8, 0, 52979505, 0
0, 12, 9, 18, 675794097, 715669023, 7, 1, 52756470, 0
0, 12, 9, 18, 675794097, 715669023, 7, 0, 47242215, 0
0, 12, 9, 18, 675794097, 715669023, 6, 1, 46508045, 1
0, 12, 9, 18, 675794097, 715669023, 6, 0, 42346936, 0
0, 12, 9, 18, 675794097, 715669023, 5, 1, 42766068, 1
0, 12, 9, 18, 675794097, 715669023, 5, 0, 35671506, 0
0, 12, 9, 18, 675794097, 715669023, 4, 1, 40941824, 1
0, 12, 9, 18, 675794097, 715669023, 4, 0, 31121798, 0
0, 12, 9, 18, 675794097, 715669023, 3, 1, 52639487, 1
0, 12, 9, 18, 675794097, 715669023, 3, 0, 41495731, 0
0, 12, 9, 18, 675794097, 715669023, 2, 1, 65237315, 0
0, 12, 9, 18, 675794097, 715669023, 2, 0, 62243596, 0
0, 12, 9, 18, 675794097, 715669023, 1, 1, 66834669, 0
0, 12, 9, 18, 675794097, 715669023, 1, 0, 79011502, 0
0, 12, 9, 18, 675794097, 715669023, 0, 1, 46344777, 1
0, 13, 9, 18, 715669024, 738391832, 10, 1, 14572228, 0
0, 13, 9, 18, 715669024, 738391832, 10, 0, 20428782, 0
0, 13, 9, 18, 715669024, 738391832, 9, 1, 10060008, 0
0, 13, 9, 18, 715669024, 738391832, 9, 0, 14214166, 0
0, 13, 9, 18, 715669024, 738391832, 8, 1, 9356931, 0
0, 13, 9, 18, 715669024, 738391832, 8, 0, 13865159, 0
0, 13, 9, 18, 715669024, 738391832, 7, 1, 5234099, 0
0, 13, 9, 18, 715669024, 738391832, 7, 0, 4337847, 0
0, 13, 9, 18, 715669024, 738391832, 6, 1, 3703582, 1
0, 13, 9, 18, 715669024, 738391832, 6, 0, 1, 0
0, 13, 9, 18, 715669024, 738391832, 5, 1, 2263132, 1
0, 13, 9, 18, 715669024, 738391832, 5, 0, 1, 0
0, 13, 9, 18, 715669024, 738391832, 4, 1, 354246, 1
0, 13, 9, 18, 715669024, 738391832, 4, 0, 1, 0
0, 13, 9, 18, 715669024, 738391832, 3, 1, 455459, 1
0, 13, 9, 18, 715669024, 738391832, 3, 0, 1, 0
0, 13, 9, 18, 715669024, 738391832, 2, 1, 637643, 1
0, 13, 9, 18, 715669024, 738391832, 2, 0, 1, 0
0, 13, 9, 18, 715669024, 738391832, 1, 1, 1062738, 1
0, 13, 9, 18, 715669024, 738391832, 1, 0, 1, 0
0, 13, 9, 18, 715669024, 738391832, 0, 1, 3188213, 1
0, 14, 9, 18, 738391833, 772864040, 10, 1, 8940931, 0
0, 14, 9, 18, 738391833, 772864040, 10, 0, 11953934, 0
0, 14, 9, 18, 738391833, 772864040, 9, 1, 7672716, 0
0, 14, 9, 18, 738391833, 772864040, 9, 0, 11291895, 0
0, 14, 9, 18, 738391833, 772864040, 8, 1, 6596032, 0
0, 14, 9, 18, 738391833, 772864040, 8, 0, 12294898, 0
0, 14, 9, 18, 738391833, 772864040, 7, 1, 3809901, 0
0, 14, 9, 18, 738391833, 772864040, 7, 0, 6196451, 0
0, 14, 9, 18, 738391833, 772864040, 6, 1, 3527752, 0
0, 14, 9, 18, 738391833, 772864040, 6, 0, 7229193, 0
0, 14, 9, 18, 738391833, 772864040, 5, 1, 2078492, 0
0, 14, 9, 18, 738391833, 772864040, 5, 0, 4470627, 0
0, 14, 9, 18, 738391833, 772864040, 4, 1, 56697, 1
0, 14, 9, 18, 738391833, 772864040, 4, 0, 1, 0
0, 14, 9, 18, 738391833, 772864040, 3, 1, 72896, 1
0, 14, 9, 18, 738391833, 772864040, 3, 0, 1, 0
0, 14, 9, 18, 738391833, 772864040, 2, 1, 102055, 1
0, 14, 9, 18, 738391833, 772864040, 2, 0, 1, 0
0, 14, 9, 18, 738391833, 772864040, 1, 1, 1, 1
0, 14, 9, 18, 738391833, 772864040, 1, 0, 1, 0
0, 14, 9, 18, 738391833, 772864040, 0, 1, 1, 1
0, 15, 9, 18, 772864041, 807434682, 10, 1, 1763037, 1
0, 15, 9, 18, 772864041, 807434682, 10, 0, 1, 0
0, 15, 9, 18, 772864041, 807434682, 9, 1, 1948620, 1
0, 15, 9, 18, 772864041, 807434682, 9, 0, 1, 0
0, 15, 9, 18, 772864041, 807434682, 8, 1, 2177869, 1
0, 15, 9, 18, 772864041, 807434682, 8, 0, 1, 0
0, 15, 9, 18, 772864041, 807434682, 7, 1, 2468251, 1
0, 15, 9, 18, 772864041, 807434682, 7, 0, 1, 0
0, 15, 9, 18, 772864041, 807434682, 6, 1, 2847982, 1
0, 15, 9, 18, 772864041, 807434682, 6, 0, 1, 0
0, 15, 9, 18, 772864041, 807434682, 5, 1, 3365797, 1
0, 15, 9, 18, 772864041, 807434682, 5, 0, 1, 0
0, 15, 9, 18, 772864041, 807434682, 4, 1, 4113752, 1
0, 15, 9, 18, 772864041, 807434682, 4, 0, 1, 0
0, 15, 9, 18, 772864041, 807434682, 3, 1, 5289109, 1
0, 15, 9, 18, 772864041, 807434682, 3, 0, 1, 0
0, 15, 9, 18, 772864041, 807434682, 2, 1, 7404753, 1
0, 15, 9, 18, 772864041, 807434682, 2, 0, 1, 0
0, 15, 9, 18, 772864041, 807434682, 1, 1, 9325775, 1
0, 15, 9, 18, 772864041, 807434682, 1, 0, 1, 0
0, 15, 9, 18, 772864041, 807434682, 0, 1, 27977324, 1
0, 16, 9, 18, 807434683, 840553634, 10, 1, 34752197, 1
0, 16, 9, 18, 807434683, 840553634, 10, 0, 30855675, 0
0, 16, 9, 18, 807434683, 840553634, 9, 1, 28190440, 1
0, 16, 9, 18, 807434683, 840553634, 9, 0, 23496429, 0
0, 16, 9, 18, 807434683, 840553634, 8, 1, 27870897, 1
0, 16, 9, 18, 807434683, 840553634, 8, 0, 24953835, 0
0, 16, 9, 18, 807434683, 840553634, 7, 1, 26474431, 1
0, 16, 9, 18, 807434683, 840553634, 7, 0, 17563129, 0
0, 16, 9, 18, 807434683, 840553634, 6, 1, 23079045, 1
0, 16, 9, 18, 807434683, 840553634, 6, 0, 20490317, 0
0, 16, 9, 18, 807434683, 840553634, 5, 1, 18176704, 1
0, 16, 9, 18, 807434683, 840553634, 5, 0, 12939854, 0
0, 16, 9, 18, 807434683, 840553634, 4, 1, 15982864, 1
0, 16, 9, 18, 807434683, 840553634, 4, 0, 11008744, 0
0, 16, 9, 18, 807434683, 840553634, 3, 1, 20549396, 1
0, 16, 9, 18, 807434683, 840553634, 3, 0, 14678325, 0
0, 16, 9, 18, 807434683, 840553634, 2, 1, 15682833, 1
0, 16, 9, 18, 807434683, 840553634, 2, 0, 22017487, 0
0, 16, 9, 18, 807434683, 840553634, 1, 1, 21856227, 1
0, 16, 9, 18, 807434683, 840553634, 1, 0, 31189487, 0
0, 16, 9, 18, 807434683, 840553634, 0, 1, 34379193, 1
0, 17, 9, 18, 840553635, 870301747, 10, 1, 46028287, 0
0, 17, 9, 18, 840553635, 870301747, 10, 0, 52277516, 0
0, 17, 9, 18, 840553635, 870301747, 9, 1, 35806902, 0
0, 17, 9, 18, 840553635, 870301747, 9, 0, 44386289, 0
0, 17, 9, 18, 840553635, 870301747, 8, 1, 26114766, 0
0, 17, 9, 18, 840553635, 870301747, 8, 0, 35567156, 0
0, 17, 9, 18, 840553635, 870301747, 7, 1, 20708828, 0
0, 17, 9, 18, 840553635, 870301747, 7, 0, 21602664, 0
0, 17, 9, 18, 840553635, 870301747, 6, 1, 14021795, 0
0, 17, 9, 18, 840553635, 870301747, 6, 0, 25203108, 0
0, 17, 9, 18, 840553635, 870301747, 5, 1, 13786087, 0
0, 17, 9, 18, 840553635, 870301747, 5, 0, 30243729, 0
0, 17, 9, 18, 840553635, 870301747, 4, 1, 11430059, 0
0, 17, 9, 18, 840553635, 870301747, 4, 0, 25610554, 0
0, 17, 9, 18, 840553635, 870301747, 3, 1, 14695790, 0
0, 17, 9, 18, 840553635, 870301747, 3, 0, 34147406, 0
0, 17, 9, 18, 840553635, 870301747, 2, 1, 20574106, 0
0, 17, 9, 18, 840553635, 870301747, 2, 0, 51221108, 0
0, 17, 9, 18, 840553635, 870301747, 1, 1, 34147406, 0
0, 17, 9, 18, 840553635, 870301747, 1, 0, 102442216, 0
0, 17, 9, 18, 840553635, 870301747, 0, 1, 1, 1
0, 18, 9, 18, 870301748, 940796875, 10, 1, 5008803, 0
0, 18, 9, 18, 870301748, 940796875, 10, 0, 4681086, 0
0, 18, 9, 18, 870301748, 940796875, 9, 1, 2903970, 0
0, 18, 9, 18, 870301748, 940796875, 9, 0, 4626558, 0
0, 18, 9, 18, 870301748, 940796875, 8, 1, 3050670, 0
0, 18, 9, 18, 870301748, 940796875, 8, 0, 5204878, 0
0, 18, 9, 18, 870301748, 940796875, 7, 1, 2444634, 0
0, 18, 9, 18, 870301748, 940796875, 7, 0, 3778164, 0
0, 18, 9, 18, 870301748, 940796875, 6, 1, 2034396, 0
0, 18, 9, 18, 870301748, 940796875, 6, 0, 4407858, 0
0, 18, 9, 18, 870301748, 940796875, 5, 1, 543992, 0
0, 18, 9, 18, 870301748, 940796875, 5, 0, 1196782, 0
0, 18, 9, 18, 870301748, 940796875, 4, 1, 664879, 0
0, 18, 9, 18, 870301748, 940796875, 4, 0, 1495978, 0
0, 18, 9, 18, 870301748, 940796875, 3, 1, 854845, 0
0, 18, 9, 18, 870301748, 940796875, 3, 0, 1994637, 0
0, 18, 9, 18, 870301748, 940796875, 2, 1, 1, 1
0, 18, 9, 18, 870301748, 940796875, 2, 0, 1, 0
0, 18, 9, 18, 870301748, 940796875, 1, 1, 1, 1
0, 18, 9, 18, 870301748, 940796875, 1, 0, 1, 0
0, 18, 9, 18, 870301748, 940796875, 0, 1, 1, 1
0, 19, 9, 18, 940796876, 975022605, 10, 1, 38995414, 0
0, 19, 9, 18, 940796876, 975022605, 10, 0, 38830205, 0
0, 19, 9, 18, 940796876, 975022605, 9, 1, 27706421, 1
0, 19, 9, 18, 940796876, 975022605, 9, 0, 29979551, 0
0, 19, 9, 18, 940796876, 975022605, 8, 1, 26440789, 1
0, 19, 9, 18, 940796876, 975022605, 8, 0, 25225982, 0
0, 19, 9, 18, 940796876, 975022605, 7, 1, 26570817, 1
0, 19, 9, 18, 940796876, 975022605, 7, 0, 21553813, 0
0, 19, 9, 18, 940796876, 975022605, 6, 1, 25403753, 1
0, 19, 9, 18, 940796876, 975022605, 6, 0, 25146116, 0
0, 19, 9, 18, 940796876, 975022605, 5, 1, 18449422, 1
0, 19, 9, 18, 940796876, 975022605, 5, 0, 16155475, 0
0, 19, 9, 18, 940796876, 975022605, 4, 1, 16155192, 1
0, 19, 9, 18, 940796876, 975022605, 4, 0, 20194343, 0
0, 19, 9, 18, 940796876, 975022605, 3, 1, 20770961, 1
0, 19, 9, 18, 940796876, 975022605, 3, 0, 26925791, 0
0, 19, 9, 18, 940796876, 975022605, 2, 1, 29079346, 0
0, 19, 9, 18, 940796876, 975022605, 2, 0, 40388686, 0
0, 19, 9, 18, 940796876, 975022605, 1, 1, 24202567, 0
0, 19, 9, 18, 940796876, 975022605, 1, 0, 38012425, 0
0, 19, 9, 18, 940796876, 975022605, 0, 1, 34595275, 1
0, 20, 9, 18, 975022606, 1007152560, 10, 1, 12014315, 1
0, 20, 9, 18, 975022606, 1007152560, 10, 0, 11013487, 0
0, 20, 9, 18, 975022606, 1007152560, 9, 1, 9038607, 1
0, 20, 9, 18, 975022606, 1007152560, 9, 0, 5595667, 0
0, 20, 9, 18, 975022606, 1007152560, 8, 1, 8419996, 1
0, 20, 9, 18, 975022606, 1007152560, 8, 0, 4221008, 0
0, 20, 9, 18, 975022606, 1007152560, 7, 1, 9315791, 1
0, 20, 9, 18, 975022606, 1007152560, 7, 0, 4337857, 0
0, 20, 9, 18, 975022606, 1007152560, 6, 1, 7652719, 1
0, 20, 9, 18, 975022606, 1007152560, 6, 0, 5060833, 0
0, 20, 9, 18, 975022606, 1007152560, 5, 1, 6402766, 1
0, 20, 9, 18, 975022606, 1007152560, 5, 0, 2994450, 0
0, 20, 9, 18, 975022606, 1007152560, 4, 1, 3433889, 1
0, 20, 9, 18, 975022606, 1007152560, 4, 0, 3743062, 0
0, 20, 9, 18, 975022606, 1007152560, 3, 1, 4415000, 1
0, 20, 9, 18, 975022606, 1007152560, 3, 0, 4990749, 0
0, 20, 9, 18, 975022606, 1007152560, 2, 1, 6181000, 1
0, 20, 9, 18, 975022606, 1007152560, 2, 0, 7486124, 0
0, 20, 9, 18, 975022606, 1007152560, 1, 1, 5310917, 1
0, 20, 9, 18, 975022606, 1007152560, 1, 0, 1, 0
0, 20, 9, 18, 975022606, 1007152560, 0, 1, 15932750, 1
0, 21, 9, 18, 1007152561, 1106143824, 10, 1, 84190215, 0
0, 21, 9, 18, 1007152561, 1106143824, 10, 0, 100680668, 0
0, 21, 9, 18, 1007152561, 1106143824, 9, 1, 69670482, 0
0, 21, 9, 18, 1007152561, 1106143824, 9, 0, 87401622, 0
0, 21, 9, 18, 1007152561, 1106143824, 8, 1, 58836521, 0
0, 21, 9, 18, 1007152561, 1106143824, 8, 0, 74873237, 0
0, 21, 9, 18, 1007152561, 1106143824, 7, 1, 61660507, 0
0, 21, 9, 18, 1007152561, 1106143824, 7, 0, 74810378, 0
0, 21, 9, 18, 1007152561, 1106143824, 6, 1, 38742170, 0
0, 21, 9, 18, 1007152561, 1106143824, 6, 0, 49736381, 0
0, 21, 9, 18, 1007152561, 1106143824, 5, 1, 34632892, 0
0, 21, 9, 18, 1007152561, 1106143824, 5, 0, 43683488, 0
0, 21, 9, 18, 1007152561, 1106143824, 4, 1, 37585372, 0
0, 21, 9, 18, 1007152561, 1106143824, 4, 0, 45797725, 0
0, 21, 9, 18, 1007152561, 1106143824, 3, 1, 46239272, 0
0, 21, 9, 18, 1007152561, 1106143824, 3, 0, 56199153, 0
0, 21, 9, 18, 1007152561, 1106143824, 2, 1, 43050616, 0
0, 21, 9, 18, 1007152561, 1106143824, 2, 0, 56895298, 0
0, 21, 9, 18, 1007152561, 1106143824, 1, 1, 29844937, 0
0, 21, 9, 18, 1007152561, 1106143824, 1, 0, 53462541, 0
0, 21, 9, 18, 1007152561, 1106143824, 0, 1, 36072270, 1
0, 22, 9, 18, 1106143825, 1136077548, 10, 1, 8908869, 0
0, 22, 9, 18, 1106143825, 1136077548, 10, 0, 9195246, 0
0, 22, 9, 18, 1106143825, 1136077548, 9, 1, 7751999, 0
0, 22, 9, 18, 1106143825, 1136077548, 9, 0, 10216940, 0
0, 22, 9, 18, 1106143825, 1136077548, 8, 1, 8458024, 0
0, 22, 9, 18, 1106143825, 1136077548, 8, 0, 11396672, 0
0, 22, 9, 18, 1106143825, 1136077548, 7, 1, 7476631, 0
0, 22, 9, 18, 1106143825, 1136077548, 7, 0, 8505206, 0
0, 22, 9, 18, 1106143825, 1136077548, 6, 1, 6828419, 0
0, 22, 9, 18, 1106143825, 1136077548, 6, 0, 6026070, 0
0, 22, 9, 18, 1106143825, 1136077548, 5, 1, 5089710, 0
0, 22, 9, 18, 1106143825, 1136077548, 5, 0, 4914543, 0
0, 22, 9, 18, 1106143825, 1136077548, 4, 1, 6220756, 0
0, 22, 9, 18, 1106143825, 1136077548, 4, 0, 6143178, 0
0, 22, 9, 18, 1106143825, 1136077548, 3, 1, 1, 1
0, 22, 9, 18, 1106143825, 1136077548, 3, 0, 1, 0
0, 22, 9, 18, 1106143825, 1136077548, 2, 1, 1, 1
0, 22, 9, 18, 1106143825, 1136077548, 2, 0, 1, 0
0, 22, 9, 18, 1106143825, 1136077548, 1, 1, 1, 1
0, 22, 9, 18, 1106143825, 1136077548, 1, 0, 1, 0
0, 22, 9, 18, 1106143825, 1136077548, 0, 1, 1, 1
0, 23, 9, 18, 1136077549, 1169962522, 10, 1, 18504182, 1
0, 23, 9, 18, 1136077549, 1169962522, 10, 0, 17746107, 0
0, 23, 9, 18, 1136077549, 1169962522, 9, 1, 16650884, 1
0, 23, 9, 18, 1136077549, 1169962522, 9, 0, 15622583, 0
0, 23, 9, 18, 1136077549, 1169962522, 8, 1, 14986074, 1
0, 23, 9, 18, 1136077549, 1169962522, 8, 0, 13901965, 0
0, 23, 9, 18, 1136077549, 1169962522, 7, 1, 12162071, 1
0, 23, 9, 18, 1136077549, 1169962522, 7, 0, 10324420, 0
0, 23, 9, 18, 1136077549, 1169962522, 6, 1, 10212190, 1
0, 23, 9, 18, 1136077549, 1169962522, 6, 0, 6378187, 0
0, 23, 9, 18, 1136077549, 1169962522, 5, 1, 6632769, 1
0, 23, 9, 18, 1136077549, 1169962522, 5, 0, 3311033, 0
0, 23, 9, 18, 1136077549, 1169962522, 4, 1, 4263877, 1
0, 23, 9, 18, 1136077549, 1169962522, 4, 0, 4138791, 0
0, 23, 9, 18, 1136077549, 1169962522, 3, 1, 3117104, 1
0, 23, 9, 18, 1136077549, 1169962522, 3, 0, 1, 0
0, 23, 9, 18, 1136077549, 1169962522, 2, 1, 4363946, 1
0, 23, 9, 18, 1136077549, 1169962522, 2, 0, 1, 0
0, 23, 9, 18, 1136077549, 1169962522, 1, 1, 7273243, 1
0, 23, 9, 18, 1136077549, 1169962522, 1, 0, 1, 0
0, 23, 9, 18, 1136077549, 1169962522, 0, 1, 21819727, 1
0, 24, 9, 18, 1169962523, 1205492886, 10, 1, 3833302, 0
0, 24, 9, 18, 1169962523, 1205492886, 10, 0, 5631256, 0
0, 24, 9, 18, 1169962523, 1205492886, 9, 1, 4236807, 0
0, 24, 9, 18, 1169962523, 1205492886, 9, 0, 6256951, 0
0, 24, 9, 18, 1169962523, 1205492886, 8, 1, 4735255, 0
0, 24, 9, 18, 1169962523, 1205492886, 8, 0, 7039069, 0
0, 24, 9, 18, 1169962523, 1205492886, 7, 1, 3201550, 0
0, 24, 9, 18, 1169962523, 1205492886, 7, 0, 3405211, 0
0, 24, 9, 18, 1169962523, 1205492886, 6, 1, 3219560, 0
0, 24, 9, 18, 1169962523, 1205492886, 6, 0, 3972747, 0
0, 24, 9, 18, 1169962523, 1205492886, 5, 1, 1978952, 0
0, 24, 9, 18, 1169962523, 1205492886, 5, 0, 2603071, 0
0, 24, 9, 18, 1169962523, 1205492886, 4, 1, 1160015, 0
0, 24, 9, 18, 1169962523, 1205492886, 4, 0, 421754, 0
0, 24, 9, 18, 1169962523, 1205492886, 3, 1, 241002, 0
0, 24, 9, 18, 1169962523, 1205492886, 3, 0, 562338, 0
0, 24, 9, 18, 1169962523, 1205492886, 2, 1, 1, 1
0, 24, 9, 18, 1169962523, 1205492886, 2, 0, 1, 0
0, 24, 9, 18, 1169962523, 1205492886, 1, 1, 1, 1
0, 24, 9, 18, 1169962523, 1205492886, 1, 0, 1, 0
0, 24, 9, 18, 1169962523, 1205492886, 0, 1, 1, 1
0, 25, 9, 18, 1205492887, 1249309942, 10, 1, 3529093, 0
0, 25, 9, 18, 1205492887, 1249309942, 10, 0, 6010201, 0
0, 25, 9, 18, 1205492887, 1249309942, 9, 1, 3307553, 0
0, 25, 9, 18, 1205492887, 1249309942, 9, 0, 5426064, 0
0, 25, 9, 18, 1205492887, 1249309942, 8, 1, 3696677, 0
0, 25, 9, 18, 1205492887, 1249309942, 8, 0, 6104322, 0
0, 25, 9, 18, 1205492887, 1249309942, 7, 1, 4189567, 0
0, 25, 9, 18, 1205492887, 1249309942, 7, 0, 6976367, 0
0, 25, 9, 18, 1205492887, 1249309942, 6, 1, 4834116, 0
0, 25, 9, 18, 1205492887, 1249309942, 6, 0, 8139095, 0
0, 25, 9, 18, 1205492887, 1249309942, 5, 1, 4688733, 0
0, 25, 9, 18, 1205492887, 1249309942, 5, 0, 7513427, 0
0, 25, 9, 18, 1205492887, 1249309942, 4, 1, 3226798, 0
0, 25, 9, 18, 1205492887, 1249309942, 4, 0, 6574924, 0
0, 25, 9, 18, 1205492887, 1249309942, 3, 1, 3893452, 0
0, 25, 9, 18, 1205492887, 1249309942, 3, 0, 8170890, 0
0, 25, 9, 18, 1205492887, 1249309942, 2, 1, 548298, 1
0, 25, 9, 18, 1205492887, 1249309942, 2, 0, 1, 0
0, 25, 9, 18, 1205492887, 1249309942, 1, 1, 1, 1
0, 25, 9, 18, 1205492887, 1249309942, 1, 0, 1, 0
0, 25, 9, 18, 1205492887, 1249309942, 0, 1, 1, 1
0, 26, 9, 18, 1249309943, 1281904206, 10, 1, 31380416, 0
0, 26, 9, 18, 1249309943, 1281904206, 10, 0, 33594880, 0
0, 26, 9, 18, 1249309943, 1281904206, 9, 1, 27163320, 0
0, 26, 9, 18, 1249309943, 1281904206, 9, 0, 30384366, 0
0, 26, 9, 18, 1249309943, 1281904206, 8, 1, 24462990, 0
0, 26, 9, 18, 1249309943, 1281904206, 8, 0, 26112417, 0
0, 26, 9, 18, 1249309943, 1281904206, 7, 1, 22853944, 0
0, 26, 9, 18, 1249309943, 1281904206, 7, 0, 26256557, 0
0, 26, 9, 18, 1249309943, 1281904206, 6, 1, 17421126, 0
0, 26, 9, 18, 1249309943, 1281904206, 6, 0, 20911200, 0
0, 26, 9, 18, 1249309943, 1281904206, 5, 1, 12109059, 0
0, 26, 9, 18, 1249309943, 1281904206, 5, 0, 14144345, 0
0, 26, 9, 18, 1249309943, 1281904206, 4, 1, 8531573, 0
0, 26, 9, 18, 1249309943, 1281904206, 4, 0, 10144948, 0
0, 26, 9, 18, 1249309943, 1281904206, 3, 1, 6388822, 0
0, 26, 9, 18, 1249309943, 1281904206, 3, 0, 4888240, 0
0, 26, 9, 18, 1249309943, 1281904206, 2, 1, 8254019, 0
0, 26, 9, 18, 1249309943, 1281904206, 2, 0, 5606532, 0
0, 26, 9, 18, 1249309943, 1281904206, 1, 1, 10925551, 0
0, 26, 9, 18, 1249309943, 1281904206, 1, 0, 2719623, 0
0, 26, 9, 18, 1249309943, 1281904206, 0, 1, 1, 1
0, 27, 9, 18, 1281904207, 1352146092, 10, 1, 37270400, 0
0, 27, 9, 18, 1281904207, 1352146092, 10, 0, 36001176, 0
0, 27, 9, 18, 1281904207, 1352146092, 9, 1, 25994525, 0
0, 27, 9, 18, 1281904207, 1352146092, 9, 0, 33748680, 0
0, 27, 9, 18, 1281904207, 1352146092, 8, 1, 26571641, 0
0, 27, 9, 18, 1281904207, 1352146092, 8, 0, 32695004, 0
0, 27, 9, 18, 1281904207, 1352146092, 7, 1, 16664876, 1
0, 27, 9, 18, 1281904207, 1352146092, 7, 0, 8545041, 0
0, 27, 9, 18, 1281904207, 1352146092, 6, 1, 14452139, 1
0, 27, 9, 18, 1281904207, 1352146092, 6, 0, 5702635, 0
0, 27, 9, 18, 1281904207, 1352146092, 5, 1, 6117961, 1
0, 27, 9, 18, 1281904207, 1352146092, 5, 0, 6843162, 0
0, 27, 9, 18, 1281904207, 1352146092, 4, 1, 5596686, 1
0, 27, 9, 18, 1281904207, 1352146092, 4, 0, 4748446, 0
0, 27, 9, 18, 1281904207, 1352146092, 3, 1, 4862722, 1
0, 27, 9, 18, 1281904207, 1352146092, 3, 0, 3011701, 0
0, 27, 9, 18, 1281904207, 1352146092, 2, 1, 6807810, 1
0, 27, 9, 18, 1281904207, 1352146092, 2, 0, 4517552, 0
0, 27, 9, 18, 1281904207, 1352146092, 1, 1, 10675516, 1
0, 27, 9, 18, 1281904207, 1352146092, 1, 0, 7022601, 0
0, 27, 9, 18, 1281904207, 1352146092, 0, 1, 11819096, 1
0, 28, 9, 18, 1352146093, 1363449693, 10, 1, 1872446, 0
0, 28, 9, 18, 1352146093, 1363449693, 10, 0, 1430680, 0
0, 28, 9, 18, 1352146093, 1363449693, 9, 1, 2069545, 0
0, 28, 9, 18, 1352146093, 1363449693, 9, 0, 1589645, 0
0, 28, 9, 18, 1352146093, 1363449693, 8, 1, 2313021, 0
0, 28, 9, 18, 1352146093, 1363449693, 8, 0, 1788350, 0
0, 28, 9, 18, 1352146093, 1363449693, 7, 1, 2621424, 0
0, 28, 9, 18, 1352146093, 1363449693, 7, 0, 2043829, 0
0, 28, 9, 18, 1352146093, 1363449693, 6, 1, 3024720, 0
0, 28, 9, 18, 1352146093, 1363449693, 6, 0, 2384467, 0
0, 28, 9, 18, 1352146093, 1363449693, 5, 1, 3574669, 0
0, 28, 9, 18, 1352146093, 1363449693, 5, 0, 2861360, 0
0, 28, 9, 18, 1352146093, 1363449693, 4, 1, 4369040, 0
0, 28, 9, 18, 1352146093, 1363449693, 4, 0, 3576700, 0
0, 28, 9, 18, 1352146093, 1363449693, 3, 1, 827938, 0
0, 28, 9, 18, 1352146093, 1363449693, 3, 0, 721055, 0
0, 28, 9, 18, 1352146093, 1363449693, 2, 1, 1159113, 0
0, 28, 9, 18, 1352146093, 1363449693, 2, 0, 1081582, 0
0, 28, 9, 18, 1352146093, 1363449693, 1, 1, 1210801, 1
0, 28, 9, 18, 1352146093, 1363449693, 1, 0, 1, 0
0, 28, 9, 18, 1352146093, 1363449693, 0, 1, 1, 1
0, 29, 9, 18, 1363449694, 1417086311, 10, 1, 7887798, 1
0, 29, 9, 18, 1363449694, 1417086311, 10, 0, 496424, 0
0, 29, 9, 18, 1363449694, 1417086311, 9, 1, 8718092, 1
0, 29, 9, 18, 1363449694, 1417086311, 9, 0, 551583, 0
0, 29, 9, 18, 1363449694, 1417086311, 8, 1, 7011655, 1
0, 29, 9, 18, 1363449694, 1417086311, 8, 0, 620530, 0
0, 29, 9, 18, 1363449694, 1417086311, 7, 1, 7946543, 1
0, 29, 9, 18, 1363449694, 1417086311, 7, 0, 709178, 0
0, 29, 9, 18, 1363449694, 1417086311, 6, 1, 9169088, 1
0, 29, 9, 18, 1363449694, 1417086311, 6, 0, 827374, 0
0, 29, 9, 18, 1363449694, 1417086311, 5, 1, 7029486, 1
0, 29, 9, 18, 1363449694, 1417086311, 5, 0, 992848, 0
0, 29, 9, 18, 1363449694, 1417086311, 4, 1, 5541001, 1
0, 29, 9, 18, 1363449694, 1417086311, 4, 0, 1241060, 0
0, 29, 9, 18, 1363449694, 1417086311, 3, 1, 5493501, 1
0, 29, 9, 18, 1363449694, 1417086311, 3, 0, 1, 0
0, 29, 9, 18, 1363449694, 1417086311, 2, 1, 2441960, 1
0, 29, 9, 18, 1363449694, 1417086311, 2, 0, 1, 0
0, 29, 9, 18, 1363449694, 1417086311, 1, 1, 3286313, 1
0, 29, 9, 18, 1363449694, 1417086311, 1, 0, 1, 0
0, 29, 9, 18, 1363449694, 1417086311, 0, 1, 9858937, 1
0, 30, 9, 18, 1417086312, 1440176011, 10, 1, 30270611, 0
0, 30, 9, 18, 1417086312, 1440176011, 10, 0, 32417815, 0
0, 30, 9, 18, 1417086312, 1440176011, 9, 1, 21548999, 0
0, 30, 9, 18, 1417086312, 1440176011, 9, 0, 23385249, 0
0, 30, 9, 18, 1417086312, 1440176011, 8, 1, 18143786, 0
0, 30, 9, 18, 1417086312, 1440176011, 8, 0, 17533359, 0
0, 30, 9, 18, 1417086312, 1440176011, 7, 1, 14949090, 0
0, 30, 9, 18, 1417086312, 1440176011, 7, 0, 16335688, 0
0, 30, 9, 18, 1417086312, 1440176011, 6, 1, 11453035, 1
0, 30, 9, 18, 1417086312, 1440176011, 6, 0, 11208804, 0
0, 30, 9, 18, 1417086312, 1440176011, 5, 1, 8821444, 1
0, 30, 9, 18, 1417086312, 1440176011, 5, 0, 7726073, 0
0, 30, 9, 18, 1417086312, 1440176011, 4, 1, 6276814, 1
0, 30, 9, 18, 1417086312, 1440176011, 4, 0, 3440988, 0
0, 30, 9, 18, 1417086312, 1440176011, 3, 1, 5253108, 1
0, 30, 9, 18, 1417086312, 1440176011, 3, 0, 1, 0
0, 30, 9, 18, 1417086312, 1440176011, 2, 1, 5033944, 1
0, 30, 9, 18, 1417086312, 1440176011, 2, 0, 1, 0
0, 30, 9, 18, 1417086312, 1440176011, 1, 1, 6306174, 1
0, 30, 9, 18, 1417086312, 1440176011, 1, 0, 1, 0
0, 30, 9, 18, 1417086312, 1440176011, 0, 1, 11959600, 1
0, 31, 9, 18, 1440176012, 1480825534, 10, 1, 248916914, 0
0, 31, 9, 18, 1440176012, 1480825534, 10, 0, 258472772, 0
0, 31, 9, 18, 1440176012, 1480825534, 9, 1, 246413523, 0
0, 31, 9, 18, 1440176012, 1480825534, 9, 0, 256827068, 0
0, 31, 9, 18, 1440176012, 1480825534, 8, 1, 236265940, 0
0, 31, 9, 18, 1440176012, 1480825534, 8, 0, 239453959, 0
0, 31, 9, 18, 1440176012, 1480825534, 7, 1, 240877771, 0
0, 31, 9, 18, 1440176012, 1480825534, 7, 0, 247163060, 0
0, 31, 9, 18, 1440176012, 1480825534, 6, 1, 247590253, 0
0, 31, 9, 18, 1440176012, 1480825534, 6, 0, 253911873, 0
0, 31, 9, 18, 1440176012, 1480825534, 5, 1, 232036335, 0
0, 31, 9, 18, 1440176012, 1480825534, 5, 0, 240662060, 0
0, 31, 9, 18, 1440176012, 1480825534, 4, 1, 223027587, 0
0, 31, 9, 18, 1440176012, 1480825534, 4, 0, 250045813, 0
0, 31, 9, 18, 1440176012, 1480825534, 3, 1, 186801297, 0
0, 31, 9, 18, 1440176012, 1480825534, 3, 0, 219604430, 0
0, 31, 9, 18, 1440176012, 1480825534, 2, 1, 222898479, 0
0, 31, 9, 18, 1440176012, 1480825534, 2, 0, 329406645, 0
0, 31, 9, 18, 1440176012, 1480825534, 1, 1, 173135409, 0
0, 31, 9, 18, 1440176012, 1480825534, 1, 0, 320883613, 0
0, 31, 9, 18, 1440176012, 1480825534, 0, 1, 1, 1
0, 32, 9, 18, 1480825535, 1553863679, 10, 1, 433424829, 0
0, 32, 9, 18, 1480825535, 1553863679, 10, 0, 441972124, 0
0, 32, 9, 18, 1480825535, 1553863679, 9, 1, 423541146, 0
0, 32, 9, 18, 1480825535, 1553863679, 9, 0, 432715842, 0
0, 32, 9, 18, 1480825535, 1553863679, 8, 1, 421366463, 0
0, 32, 9, 18, 1480825535, 1553863679, 8, 0, 436798070, 0
0, 32, 9, 18, 1480825535, 1553863679, 7, 1, 412622616, 0
0, 32, 9, 18, 1480825535, 1553863679, 7, 0, 429546725, 0
0, 32, 9, 18, 1480825535, 1553863679, 6, 1, 404454459, 0
0, 32, 9, 18, 1480825535, 1553863679, 6, 0, 421947983, 0
0, 32, 9, 18, 1480825535, 1553863679, 5, 1, 407113407, 0
0, 32, 9, 18, 1480825535, 1553863679, 5, 0, 428659431, 0
0, 32, 9, 18, 1480825535, 1553863679, 4, 1, 391669533, 0
0, 32, 9, 18, 1480825535, 1553863679, 4, 0, 417925278, 0
0, 32, 9, 18, 1480825535, 1553863679, 3, 1, 368976135, 0
0, 32, 9, 18, 1480825535, 1553863679, 3, 0, 401048521, 0
0, 32, 9, 18, 1480825535, 1553863679, 2, 1, 373047295, 0
0, 32, 9, 18, 1480825535, 1553863679, 2, 0, 473567384, 0
0, 32, 9, 18, 1480825535, 1553863679, 1, 1, 318312413, 0
0, 32, 9, 18, 1480825535, 1553863679, 1, 0, 487945630, 0
0, 32, 9, 18, 1480825535, 1553863679, 0, 1, 1, 1
0, 33, 9, 18, 1553863680, 1600707232, 10, 1, 440435400, 0
0, 33, 9, 18, 1553863680, 1600707232, 10, 0, 458252298, 0
0, 33, 9, 18, 1553863680, 1600707232, 9, 1, 433240393, 0
0, 33, 9, 18, 1553863680, 1600707232, 9, 0, 453402800, 0
0, 33, 9, 18, 1553863680, 1600707232, 8, 1, 429384188, 0
0, 33, 9, 18, 1553863680, 1600707232, 8, 0, 451554698, 0
0, 33, 9, 18, 1553863680, 1600707232, 7, 1, 420585397, 0
0, 33, 9, 18, 1553863680, 1600707232, 7, 0, 444527353, 0
0, 33, 9, 18, 1553863680, 1600707232, 6, 1, 407837798, 0
0, 33, 9, 18, 1553863680, 1600707232, 6, 0, 435186870, 0
0, 33, 9, 18, 1553863680, 1600707232, 5, 1, 394904887, 0
0, 33, 9, 18, 1553863680, 1600707232, 5, 0, 426718383, 0
0, 33, 9, 18, 1553863680, 1600707232, 4, 1, 378227630, 0
0, 33, 9, 18, 1553863680, 1600707232, 4, 0, 406458549, 0
0, 33, 9, 18, 1553863680, 1600707232, 3, 1, 349143052, 0
0, 33, 9, 18, 1553863680, 1600707232, 3, 0, 379412185, 0
0, 33, 9, 18, 1553863680, 1600707232, 2, 1, 310502944, 0
0, 33, 9, 18, 1553863680, 1600707232, 2, 0, 349928809, 0
0, 33, 9, 18, 1553863680, 1600707232, 1, 1, 288848525, 0
0, 33, 9, 18, 1553863680, 1600707232, 1, 0, 433174756, 0
0, 33, 9, 18, 1553863680, 1600707232, 0, 1, 1, 1
0, 34, 9, 18, 1600707233, 1683710049, 10, 1, 423849979, 0
0, 34, 9, 18, 1600707233, 1683710049, 10, 0, 457828037, 0
0, 34, 9, 18, 1600707233, 1683710049, 9, 1, 422878586, 0
0, 34, 9, 18, 1600707233, 1683710049, 9, 0, 463320709, 0
0, 34, 9, 18, 1600707233, 1683710049, 8, 1, 425756649, 0
0, 34, 9, 18, 1600707233, 1683710049, 8, 0, 473770892, 0
0, 34, 9, 18, 1600707233, 1683710049, 7, 1, 429421903, 0
0, 34, 9, 18, 1600707233, 1683710049, 7, 0, 473021641, 0
0, 34, 9, 18, 1600707233, 1683710049, 6, 1, 421792095, 0
0, 34, 9, 18, 1600707233, 1683710049, 6, 0, 472022639, 0
0, 34, 9, 18, 1600707233, 1683710049, 5, 1, 416381549, 0
0, 34, 9, 18, 1600707233, 1683710049, 5, 0, 480243733, 0
0, 34, 9, 18, 1600707233, 1683710049, 4, 1, 409691628, 0
0, 34, 9, 18, 1600707233, 1683710049, 4, 0, 496815483, 0
0, 34, 9, 18, 1600707233, 1683710049, 3, 1, 394270354, 0
0, 34, 9, 18, 1600707233, 1683710049, 3, 0, 497451983, 0
0, 34, 9, 18, 1600707233, 1683710049, 2, 1, 378071105, 0
0, 34, 9, 18, 1600707233, 1683710049, 2, 0, 522213505, 0
0, 34, 9, 18, 1600707233, 1683710049, 1, 1, 344573167, 0
0, 34, 9, 18, 1600707233, 1683710049, 1, 0, 514967808, 0
0, 34, 9, 18, 1600707233, 1683710049, 0, 1, 1, 1
0, 35, 9, 18, 1683710050, 1729542099, 10, 1, 410130423, 0
0, 35, 9, 18, 1683710050, 1729542099, 10, 0, 420621924, 0
0, 35, 9, 18, 1683710050, 1729542099, 9, 1, 402622363, 0
0, 35, 9, 18, 1683710050, 1729542099, 9, 0, 416605162, 0
0, 35, 9, 18, 1683710050, 1729542099, 8, 1, 398100990, 0
0, 35, 9, 18, 1683710050, 1729542099, 8, 0, 409229048, 0
0, 35, 9, 18, 1683710050, 1729542099, 7, 1, 390626015, 0
0, 35, 9, 18, 1683710050, 1729542099, 7, 0, 407360072, 0
0, 35, 9, 18, 1683710050, 1729542099, 6, 1, 380196497, 0
0, 35, 9, 18, 1683710050, 1729542099, 6, 0, 395566937, 0
0, 35, 9, 18, 1683710050, 1729542099, 5, 1, 372163891, 0
0, 35, 9, 18, 1683710050, 1729542099, 5, 0, 392673367, 0
0, 35, 9, 18, 1683710050, 1729542099, 4, 1, 370114606, 0
0, 35, 9, 18, 1683710050, 1729542099, 4, 0, 409828090, 0
0, 35, 9, 18, 1683710050, 1729542099, 3, 1, 350486965, 0
0, 35, 9, 18, 1683710050, 1729542099, 3, 0, 401166311, 0
0, 35, 9, 18, 1683710050, 1729542099, 2, 1, 330310413, 0
0, 35, 9, 18, 1683710050, 1729542099, 2, 0, 431294742, 0
0, 35, 9, 18, 1683710050, 1729542099, 1, 1, 282562129, 0
0, 35, 9, 18, 1683710050, 1729542099, 1, 0, 434279413, 0
0, 35, 9, 18, 1683710050, 1729542099, 0, 1, 1, 1
0, 36, 9, 18, 1729542100, 1751036384, 10, 1, 254183368, 0
0, 36, 9, 18, 1729542100, 1751036384, 10, 0, 263846385, 0
0, 36, 9, 18, 1729542100, 1751036384, 9, 1, 241013885, 0
0, 36, 9, 18, 1729542100, 1751036384, 9, 0, 255897110, 0
0, 36, 9, 18, 1729542100, 1751036384, 8, 1, 241722224, 0
0, 36, 9, 18, 1729542100, 1751036384, 8, 0, 244907474, 0
0, 36, 9, 18, 1729542100, 1751036384, 7, 1, 239539414, 0
0, 36, 9, 18, 1729542100, 1751036384, 7, 0, 261698075, 0
0, 36, 9, 18, 1729542100, 1751036384, 6, 1, 239769436, 0
0, 36, 9, 18, 1729542100, 1751036384, 6, 0, 248926682, 0
0, 36, 9, 18, 1729542100, 1751036384, 5, 1, 248751739, 0
0, 36, 9, 18, 1729542100, 1751036384, 5, 0, 271465305, 0
0, 36, 9, 18, 1729542100, 1751036384, 4, 1, 237678037, 0
0, 36, 9, 18, 1729542100, 1751036384, 4, 0, 261730735, 0
0, 36, 9, 18, 1729542100, 1751036384, 3, 1, 214477242, 0
0, 36, 9, 18, 1729542100, 1751036384, 3, 0, 238322688, 0
0, 36, 9, 18, 1729542100, 1751036384, 2, 1, 173027436, 0
0, 36, 9, 18, 1729542100, 1751036384, 2, 0, 198228242, 0
0, 36, 9, 18, 1729542100, 1751036384, 1, 1, 176431051, 0
0, 36, 9, 18, 1729542100, 1751036384, 1, 0, 273506456, 0
0, 36, 9, 18, 1729542100, 1751036384, 0, 1, 1, 1
0, 37, 9, 18, 1751036385, 1797163702, 10, 1, 307515548, 0
0, 37, 9, 18, 1751036385, 1797163702, 10, 0, 304627772, 0
0, 37, 9, 18, 1751036385, 1797163702, 9, 1, 322175962, 0
0, 37, 9, 18, 1751036385, 1797163702, 9, 0, 338475302, 0
0, 37, 9, 18, 1751036385, 1797163702, 8, 1, 320708039, 0
0, 37, 9, 18, 1751036385, 1797163702, 8, 0, 339821953, 0
0, 37, 9, 18, 1751036385, 1797163702, 7, 1, 317061479, 0
0, 37, 9, 18, 1751036385, 1797163702, 7, 0, 339395666, 0
0, 37, 9, 18, 1751036385, 1797163702, 6, 1, 311876681, 0
0, 37, 9, 18, 1751036385, 1797163702, 6, 0, 337906522, 0
0, 37, 9, 18, 1751036385, 1797163702, 5, 1, 304486253, 0
0, 37, 9, 18, 1751036385, 1797163702, 5, 0, 335154573, 0
0, 37, 9, 18, 1751036385, 1797163702, 4, 1, 297742165, 0
0, 37, 9, 18, 1751036385, 1797163702, 4, 0, 339920523, 0
0, 37, 9, 18, 1751036385, 1797163702, 3, 1, 290119490, 0
0, 37, 9, 18, 1751036385, 1797163702, 3, 0, 342606219, 0
0, 37, 9, 18, 1751036385, 1797163702, 2, 1, 268067951, 0
0, 37, 9, 18, 1751036385, 1797163702, 2, 0, 331185974, 0
0, 37, 9, 18, 1751036385, 1797163702, 1, 1, 226861745, 0
0, 37, 9, 18, 1751036385, 1797163702, 1, 0, 323989224, 0
0, 37, 9, 18, 1751036385, 1797163702, 0, 1, 1, 1
0, 38, 9, 18, 1797163703, 1820492554, 10, 1, 69320253, 0
0, 38, 9, 18, 1797163703, 1820492554, 10, 0, 64310274, 0
0, 38, 9, 18, 1797163703, 1820492554, 9, 1, 70057663, 0
0, 38, 9, 18, 1797163703, 1820492554, 9, 0, 71455860, 0
0, 38, 9, 18, 1797163703, 1820492554, 8, 1, 72691386, 0
0, 38, 9, 18, 1797163703, 1820492554, 8, 0, 68470088, 0
0, 38, 9, 18, 1797163703, 1820492554, 7, 1, 63224530, 0
0, 38, 9, 18, 1797163703, 1820492554, 7, 0, 58827603, 0
0, 38, 9, 18, 1797163703, 1820492554, 6, 1, 51776391, 0
0, 38, 9, 18, 1797163703, 1820492554, 6, 0, 50938350, 0
0, 38, 9, 18, 1797163703, 1820492554, 5, 1, 36041432, 0
0, 38, 9, 18, 1797163703, 1820492554, 5, 0, 37420975, 0
0, 38, 9, 18, 1797163703, 1820492554, 4, 1, 33391652, 0
0, 38, 9, 18, 1797163703, 1820492554, 4, 0, 46776218, 0
0, 38, 9, 18, 1797163703, 1820492554, 3, 1, 13336915, 0
0, 38, 9, 18, 1797163703, 1820492554, 3, 0, 27605481, 0
0, 38, 9, 18, 1797163703, 1820492554, 2, 1, 1, 1
0, 38, 9, 18, 1797163703, 1820492554, 2, 0, 1, 0
0, 38, 9, 18, 1797163703, 1820492554, 1, 1, 1, 1
0, 38, 9, 18, 1797163703, 1820492554, 1, 0, 1, 0
0, 38, 9, 18, 1797163703, 1820492554, 0, 1, 1, 1
0, 39, 9, 18, 1820492555, 1928140167, 10, 1, 60033611, 0
0, 39, 9, 18, 1820492555, 1928140167, 10, 0, 43741166, 0
0, 39, 9, 18, 1820492555, 1928140167, 9, 1, 52587025, 0
0, 39, 9, 18, 1820492555, 1928140167, 9, 0, 48601296, 0
0, 39, 9, 18, 1820492555, 1928140167, 8, 1, 51880605, 0
0, 39, 9, 18, 1820492555, 1928140167, 8, 0, 49053930, 0
0, 39, 9, 18, 1820492555, 1928140167, 7, 1, 46353886, 0
0, 39, 9, 18, 1820492555, 1928140167, 7, 0, 43832251, 0
0, 39, 9, 18, 1820492555, 1928140167, 6, 1, 40058234, 0
0, 39, 9, 18, 1820492555, 1928140167, 6, 0, 41837408, 0
0, 39, 9, 18, 1820492555, 1928140167, 5, 1, 31349395, 0
0, 39, 9, 18, 1820492555, 1928140167, 5, 0, 36572207, 0
0, 39, 9, 18, 1820492555, 1928140167, 4, 1, 33252695, 0
0, 39, 9, 18, 1820492555, 1928140167, 4, 0, 45715258, 0
0, 39, 9, 18, 1820492555, 1928140167, 3, 1, 27547345, 0
0, 39, 9, 18, 1820492555, 1928140167, 3, 0, 42978137, 0
0, 39, 9, 18, 1820492555, 1928140167, 2, 1, 32075357, 0
0, 39, 9, 18, 1820492555, 1928140167, 2, 0, 48239890, 0
0, 39, 9, 18, 1820492555, 1928140167, 1, 1, 29868311, 0
0, 39, 9, 18, 1820492555, 1928140167, 1, 0, 80529806, 0
0, 39, 9, 18, 1820492555, 1928140167, 0, 1, 9075127, 1
0, 40, 9, 18, 1928140168, 1965220720, 10, 1, 9951596, 0
0, 40, 9, 18, 1928140168, 1965220720, 10, 0, 17801084, 0
0, 40, 9, 18, 1928140168, 1965220720, 9, 1, 10228757, 0
0, 40, 9, 18, 1928140168, 1965220720, 9, 0, 19778983, 0
0, 40, 9, 18, 1928140168, 1965220720, 8, 1, 8290185, 0
0, 40, 9, 18, 1928140168, 1965220720, 8, 0, 15574700, 0
0, 40, 9, 18, 1928140168, 1965220720, 7, 1, 5961087, 0
0, 40, 9, 18, 1928140168, 1965220720, 7, 0, 10440109, 0
0, 40, 9, 18, 1928140168, 1965220720, 6, 1, 2695656, 0
0, 40, 9, 18, 1928140168, 1965220720, 6, 0, 5840588, 0
0, 40, 9, 18, 1928140168, 1965220720, 5, 1, 1006732, 0
0, 40, 9, 18, 1928140168, 1965220720, 5, 0, 2214809, 0
0, 40, 9, 18, 1928140168, 1965220720, 4, 1, 984163, 0
0, 40, 9, 18, 1928140168, 1965220720, 4, 0, 2214366, 0
0, 40, 9, 18, 1928140168, 1965220720, 3, 1, 1061981, 0
0, 40, 9, 18, 1928140168, 1965220720, 3, 0, 2477955, 0
0, 40, 9, 18, 1928140168, 1965220720, 2, 1, 1, 1
0, 40, 9, 18, 1928140168, 1965220720, 2, 0, 1, 0
0, 40, 9, 18, 1928140168, 1965220720, 1, 1, 1, 1
0, 40, 9, 18, 1928140168, 1965220720, 1, 0, 1, 0
0, 40, 9, 18, 1928140168, 1965220720, 0, 1, 1, 1
0, 41, 9, 18, 1965220721, 2196025834, 10, 1, 38582131, 0
0, 41, 9, 18, 1965220721, 2196025834, 10, 0, 32926051, 0
0, 41, 9, 18, 1965220721, 2196025834, 9, 1, 42643408, 0
0, 41, 9, 18, 1965220721, 2196025834, 9, 0, 36584501, 0
0, 41, 9, 18, 1965220721, 2196025834, 8, 1, 39210760, 0
0, 41, 9, 18, 1965220721, 2196025834, 8, 0, 33711232, 0
0, 41, 9, 18, 1965220721, 2196025834, 7, 1, 40574354, 0
0, 41, 9, 18, 1965220721, 2196025834, 7, 0, 38527123, 0
0, 41, 9, 18, 1965220721, 2196025834, 6, 1, 39386484, 0
0, 41, 9, 18, 1965220721, 2196025834, 6, 0, 38901666, 0
0, 41, 9, 18, 1965220721, 2196025834, 5, 1, 34545609, 0
0, 41, 9, 18, 1965220721, 2196025834, 5, 0, 35896278, 0
0, 41, 9, 18, 1965220721, 2196025834, 4, 1, 31462460, 0
0, 41, 9, 18, 1965220721, 2196025834, 4, 0, 38852828, 0
0, 41, 9, 18, 1965220721, 2196025834, 3, 1, 30070225, 0
0, 41, 9, 18, 1965220721, 2196025834, 3, 0, 34596107, 0
0, 41, 9, 18, 1965220721, 2196025834, 2, 1, 30900806, 0
0, 41, 9, 18, 1965220721, 2196025834, 2, 0, 23900386, 0
0, 41, 9, 18, 1965220721, 2196025834, 1, 1, 29430623, 0
0, 41, 9, 18, 1965220721, 2196025834, 1, 0, 39353510, 0
0, 41, 9, 18, 1965220721, 2196025834, 0, 1, 17577581, 1
