3, 1, 12, 13, 1, 99849986, 7, 6, 196394735, 1
3, 1, 12, 13, 1, 99849986, 7, 5, 198551875, 0
3, 1, 12, 13, 1, 99849986, 7, 4, 201859569, 0
3, 1, 12, 13, 1, 99849986, 7, 3, 216090334, 1
3, 1, 12, 13, 1, 99849986, 7, 2, 214617780, 1
3, 1, 12, 13, 1, 99849986, 7, 1, 209325931, 0
3, 1, 12, 13, 1, 99849986, 7, 0, 199213156, 0
3, 1, 12, 13, 1, 99849986, 6, 6, 193859161, 0
3, 1, 12, 13, 1, 99849986, 6, 5, 198844483, 0
3, 1, 12, 13, 1, 99849986, 6, 4, 203859401, 0
3, 1, 12, 13, 1, 99849986, 6, 3, 213240623, 0
3, 1, 12, 13, 1, 99849986, 6, 2, 213572043, 1
3, 1, 12, 13, 1, 99849986, 6, 1, 212150026, 0
3, 1, 12, 13, 1, 99849986, 6, 0, 230062516, 0
3, 1, 12, 13, 1, 99849986, 5, 6, 182123154, 0
3, 1, 12, 13, 1, 99849986, 5, 5, 189926868, 0
3, 1, 12, 13, 1, 99849986, 5, 4, 193849156, 0
3, 1, 12, 13, 1, 99849986, 5, 3, 207460328, 0
3, 1, 12, 13, 1, 99849986, 5, 2, 208723179, 1
3, 1, 12, 13, 1, 99849986, 5, 1, 230143268, 0
3, 1, 12, 13, 1, 99849986, 5, 0, 249096480, 0
3, 1, 12, 13, 1, 99849986, 4, 6, 194816401, 0
3, 1, 12, 13, 1, 99849986, 4, 5, 200143059, 0
3, 1, 12, 13, 1, 99849986, 4, 4, 199097243, 0
3, 1, 12, 13, 1, 99849986, 4, 3, 219543220, 1
3, 1, 12, 13, 1, 99849986, 4, 2, 226671061, 1
3, 1, 12, 13, 1, 99849986, 4, 1, 239630750, 0
3, 1, 12, 13, 1, 99849986, 4, 0, 217645800, 0
3, 1, 12, 13, 1, 99849986, 3, 6, 214063503, 1
3, 1, 12, 13, 1, 99849986, 3, 5, 216526983, 1
3, 1, 12, 13, 1, 99849986, 3, 4, 208121354, 1
3, 1, 12, 13, 1, 99849986, 3, 3, 238601101, 1
3, 1, 12, 13, 1, 99849986, 3, 2, 239372372, 1
3, 1, 12, 13, 1, 99849986, 3, 1, 230911142, 0
3, 1, 12, 13, 1, 99849986, 3, 0, 182969336, 0
3, 1, 12, 13, 1, 99849986, 2, 6, 229512624, 0
3, 1, 12, 13, 1, 99849986, 2, 5, 226819729, 0
3, 1, 12, 13, 1, 99849986, 2, 4, 223416304, 0
3, 1, 12, 13, 1, 99849986, 2, 3, 251346023, 1
3, 1, 12, 13, 1, 99849986, 2, 2, 227360728, 1
3, 1, 12, 13, 1, 99849986, 2, 1, 223559142, 0
3, 1, 12, 13, 1, 99849986, 2, 0, 209426563, 0
3, 1, 12, 13, 1, 99849986, 1, 6, 238912642, 1
3, 1, 12, 13, 1, 99849986, 1, 5, 233478333, 1
3, 1, 12, 13, 1, 99849986, 1, 4, 218943577, 1
3, 1, 12, 13, 1, 99849986, 1, 3, 250889104, 1
3, 1, 12, 13, 1, 99849986, 1, 2, 236525753, 1
3, 1, 12, 13, 1, 99849986, 1, 1, 179036309, 1
3, 1, 12, 13, 1, 99849986, 1, 0, 110662009, 0
3, 1, 12, 13, 1, 99849986, 0, 6, 204202944, 1
3, 1, 12, 13, 1, 99849986, 0, 5, 191789137, 1
3, 1, 12, 13, 1, 99849986, 0, 4, 196913511, 1
3, 1, 12, 13, 1, 99849986, 0, 3, 224307919, 1
3, 1, 12, 13, 1, 99849986, 0, 2, 272120083, 1
3, 1, 12, 13, 1, 99849986, 0, 1, 150246147, 1
3, 2, 12, 13, 99849987, 147295692, 7, 6, 27007219, 1
3, 2, 12, 13, 99849987, 147295692, 7, 5, 22447888, 1
3, 2, 12, 13, 99849987, 147295692, 7, 4, 24166793, 1
3, 2, 12, 13, 99849987, 147295692, 7, 3, 25932536, 1
3, 2, 12, 13, 99849987, 147295692, 7, 2, 25644393, 1
3, 2, 12, 13, 99849987, 147295692, 7, 1, 23150202, 1
3, 2, 12, 13, 99849987, 147295692, 7, 0, 8959716, 0
3, 2, 12, 13, 99849987, 147295692, 6, 6, 25009720, 1
3, 2, 12, 13, 99849987, 147295692, 6, 5, 22349025, 1
3, 2, 12, 13, 99849987, 147295692, 6, 4, 26671120, 1
3, 2, 12, 13, 99849987, 147295692, 6, 3, 29538755, 1
3, 2, 12, 13, 99849987, 147295692, 6, 2, 29172940, 1
3, 2, 12, 13, 99849987, 147295692, 6, 1, 26711771, 1
3, 2, 12, 13, 99849987, 147295692, 6, 0, 10453001, 0
3, 2, 12, 13, 99849987, 147295692, 5, 6, 27021521, 1
3, 2, 12, 13, 99849987, 147295692, 5, 5, 25909088, 1
3, 2, 12, 13, 99849987, 147295692, 5, 4, 31269589, 1
3, 2, 12, 13, 99849987, 147295692, 5, 3, 34675930, 1
3, 2, 12, 13, 99849987, 147295692, 5, 2, 34321105, 1
3, 2, 12, 13, 99849987, 147295692, 5, 1, 31568457, 1
3, 2, 12, 13, 99849987, 147295692, 5, 0, 12543602, 0
3, 2, 12, 13, 99849987, 147295692, 4, 6, 29976388, 1
3, 2, 12, 13, 99849987, 147295692, 4, 5, 29338842, 1
3, 2, 12, 13, 99849987, 147295692, 4, 4, 35451101, 1
3, 2, 12, 13, 99849987, 147295692, 4, 3, 39029197, 1
3, 2, 12, 13, 99849987, 147295692, 4, 2, 37676224, 1
3, 2, 12, 13, 99849987, 147295692, 4, 1, 32362375, 1
3, 2, 12, 13, 99849987, 147295692, 4, 0, 15679502, 0
3, 2, 12, 13, 99849987, 147295692, 3, 6, 33227470, 1
3, 2, 12, 13, 99849987, 147295692, 3, 5, 31685692, 1
3, 2, 12, 13, 99849987, 147295692, 3, 4, 38356364, 1
3, 2, 12, 13, 99849987, 147295692, 3, 3, 41299948, 1
3, 2, 12, 13, 99849987, 147295692, 3, 2, 36917040, 1
3, 2, 12, 13, 99849987, 147295692, 3, 1, 24738972, 1
3, 2, 12, 13, 99849987, 147295692, 3, 0, 20906002, 0
3, 2, 12, 13, 99849987, 147295692, 2, 6, 34451165, 1
3, 2, 12, 13, 99849987, 147295692, 2, 5, 30626619, 1
3, 2, 12, 13, 99849987, 147295692, 2, 4, 37189465, 1
3, 2, 12, 13, 99849987, 147295692, 2, 3, 39406127, 1
3, 2, 12, 13, 99849987, 147295692, 2, 2, 41816191, 1
3, 2, 12, 13, 99849987, 147295692, 2, 1, 20322978, 1
3, 2, 12, 13, 99849987, 147295692, 2, 0, 1, 0
3, 2, 12, 13, 99849987, 147295692, 1, 6, 42164159, 1
3, 2, 12, 13, 99849987, 147295692, 1, 5, 39240670, 1
3, 2, 12, 13, 99849987, 147295692, 1, 4, 47960819, 1
3, 2, 12, 13, 99849987, 147295692, 1, 3, 53436955, 1
3, 2, 12, 13, 99849987, 147295692, 1, 2, 55024163, 1
3, 2, 12, 13, 99849987, 147295692, 1, 1, 33871630, 1
3, 2, 12, 13, 99849987, 147295692, 1, 0, 1, 0
3, 2, 12, 13, 99849987, 147295692, 0, 6, 84673201, 1
3, 2, 12, 13, 99849987, 147295692, 0, 5, 86329473, 1
3, 2, 12, 13, 99849987, 147295692, 0, 4, 107911841, 1
3, 2, 12, 13, 99849987, 147295692, 0, 3, 124686228, 1
3, 2, 12, 13, 99849987, 147295692, 0, 2, 137560407, 1
3, 2, 12, 13, 99849987, 147295692, 0, 1, 101614888, 1
3, 3, 12, 13, 147295693, 186626683, 7, 6, 7488736, 1
3, 3, 12, 13, 147295693, 186626683, 7, 5, 8287410, 1
3, 3, 12, 13, 147295693, 186626683, 7, 4, 4980819, 1
3, 3, 12, 13, 147295693, 186626683, 7, 3, 6266192, 1
3, 3, 12, 13, 147295693, 186626683, 7, 2, 6901669, 1
3, 3, 12, 13, 147295693, 186626683, 7, 1, 3819968, 1
3, 3, 12, 13, 147295693, 186626683, 7, 0, 1, 0
3, 3, 12, 13, 147295693, 186626683, 6, 6, 7840978, 1
3, 3, 12, 13, 147295693, 186626683, 6, 5, 8634017, 1
3, 3, 12, 13, 147295693, 186626683, 6, 4, 4668776, 1
3, 3, 12, 13, 147295693, 186626683, 6, 3, 5879199, 1
3, 3, 12, 13, 147295693, 186626683, 6, 2, 7936919, 1
3, 3, 12, 13, 147295693, 186626683, 6, 1, 4407656, 1
3, 3, 12, 13, 147295693, 186626683, 6, 0, 1, 0
3, 3, 12, 13, 147295693, 186626683, 5, 6, 7782132, 1
3, 3, 12, 13, 147295693, 186626683, 5, 5, 8477005, 1
3, 3, 12, 13, 147295693, 186626683, 5, 4, 3497892, 1
3, 3, 12, 13, 147295693, 186626683, 5, 3, 4410386, 1
3, 3, 12, 13, 147295693, 186626683, 5, 2, 5966992, 1
3, 3, 12, 13, 147295693, 186626683, 5, 1, 1, 1
3, 3, 12, 13, 147295693, 186626683, 5, 0, 1, 0
3, 3, 12, 13, 147295693, 186626683, 4, 6, 9384336, 1
3, 3, 12, 13, 147295693, 186626683, 4, 5, 10230868, 1
3, 3, 12, 13, 147295693, 186626683, 4, 4, 4226620, 1
3, 3, 12, 13, 147295693, 186626683, 4, 3, 5338888, 1
3, 3, 12, 13, 147295693, 186626683, 4, 2, 7245633, 1
3, 3, 12, 13, 147295693, 186626683, 4, 1, 1, 1
3, 3, 12, 13, 147295693, 186626683, 4, 0, 1, 0
3, 3, 12, 13, 147295693, 186626683, 3, 6, 9164278, 1
3, 3, 12, 13, 147295693, 186626683, 3, 5, 9785360, 1
3, 3, 12, 13, 147295693, 186626683, 3, 4, 1568788, 1
3, 3, 12, 13, 147295693, 186626683, 3, 3, 1987131, 1
3, 3, 12, 13, 147295693, 186626683, 3, 2, 2709724, 1
3, 3, 12, 13, 147295693, 186626683, 3, 1, 1, 1
3, 3, 12, 13, 147295693, 186626683, 3, 0, 1, 0
3, 3, 12, 13, 147295693, 186626683, 2, 6, 5348864, 1
3, 3, 12, 13, 147295693, 186626683, 2, 5, 6292781, 1
3, 3, 12, 13, 147295693, 186626683, 2, 4, 2129069, 1
3, 3, 12, 13, 147295693, 186626683, 2, 3, 2709724, 1
3, 3, 12, 13, 147295693, 186626683, 2, 2, 3725870, 1
3, 3, 12, 13, 147295693, 186626683, 2, 1, 1, 1
3, 3, 12, 13, 147295693, 186626683, 2, 0, 1, 0
3, 3, 12, 13, 147295693, 186626683, 1, 6, 2292843, 1
3, 3, 12, 13, 147295693, 186626683, 1, 5, 2709724, 1
3, 3, 12, 13, 147295693, 186626683, 1, 4, 3311885, 1
3, 3, 12, 13, 147295693, 186626683, 1, 3, 4258137, 1
3, 3, 12, 13, 147295693, 186626683, 1, 2, 5961392, 1
3, 3, 12, 13, 147295693, 186626683, 1, 1, 1, 1
3, 3, 12, 13, 147295693, 186626683, 1, 0, 1, 0
3, 3, 12, 13, 147295693, 186626683, 0, 6, 1, 1
3, 3, 12, 13, 147295693, 186626683, 0, 5, 1, 1
3, 3, 12, 13, 147295693, 186626683, 0, 4, 1, 1
3, 3, 12, 13, 147295693, 186626683, 0, 3, 1, 1
3, 3, 12, 13, 147295693, 186626683, 0, 2, 1, 1
3, 3, 12, 13, 147295693, 186626683, 0, 1, 1, 1
3, 4, 12, 13, 186626684, 242034290, 7, 6, 3429506, 1
3, 4, 12, 13, 186626684, 242034290, 7, 5, 3757111, 1
3, 4, 12, 13, 186626684, 242034290, 7, 4, 2975606, 1
3, 4, 12, 13, 186626684, 242034290, 7, 3, 3743504, 1
3, 4, 12, 13, 186626684, 242034290, 7, 2, 3950813, 1
3, 4, 12, 13, 186626684, 242034290, 7, 1, 1, 1
3, 4, 12, 13, 186626684, 242034290, 7, 0, 1, 0
3, 4, 12, 13, 186626684, 242034290, 6, 6, 3405061, 1
3, 4, 12, 13, 186626684, 242034290, 6, 5, 3692789, 1
3, 4, 12, 13, 186626684, 242034290, 6, 4, 2672609, 1
3, 4, 12, 13, 186626684, 242034290, 6, 3, 3365508, 1
3, 4, 12, 13, 186626684, 242034290, 6, 2, 4543435, 1
3, 4, 12, 13, 186626684, 242034290, 6, 1, 1, 1
3, 4, 12, 13, 186626684, 242034290, 6, 0, 1, 0
3, 4, 12, 13, 186626684, 242034290, 5, 6, 3986413, 1
3, 4, 12, 13, 186626684, 242034290, 5, 5, 4325838, 1
3, 4, 12, 13, 186626684, 242034290, 5, 4, 3133404, 1
3, 4, 12, 13, 186626684, 242034290, 5, 3, 3950813, 1
3, 4, 12, 13, 186626684, 242034290, 5, 2, 5345218, 1
3, 4, 12, 13, 186626684, 242034290, 5, 1, 1, 1
3, 4, 12, 13, 186626684, 242034290, 5, 0, 1, 0
3, 4, 12, 13, 186626684, 242034290, 4, 6, 4807144, 1
3, 4, 12, 13, 186626684, 242034290, 4, 5, 5220839, 1
3, 4, 12, 13, 186626684, 242034290, 4, 4, 3786196, 1
3, 4, 12, 13, 186626684, 242034290, 4, 3, 4782564, 1
3, 4, 12, 13, 186626684, 242034290, 4, 2, 6490622, 1
3, 4, 12, 13, 186626684, 242034290, 4, 1, 1, 1
3, 4, 12, 13, 186626684, 242034290, 4, 0, 1, 0
3, 4, 12, 13, 186626684, 242034290, 3, 6, 3783136, 1
3, 4, 12, 13, 186626684, 242034290, 3, 5, 3917656, 1
3, 4, 12, 13, 186626684, 242034290, 3, 4, 1556340, 1
3, 4, 12, 13, 186626684, 242034290, 3, 3, 1971364, 1
3, 4, 12, 13, 186626684, 242034290, 3, 2, 2688223, 1
3, 4, 12, 13, 186626684, 242034290, 3, 1, 1, 1
3, 4, 12, 13, 186626684, 242034290, 3, 0, 1, 0
3, 4, 12, 13, 186626684, 242034290, 2, 6, 4505304, 1
3, 4, 12, 13, 186626684, 242034290, 2, 5, 5300357, 1
3, 4, 12, 13, 186626684, 242034290, 2, 4, 2112176, 1
3, 4, 12, 13, 186626684, 242034290, 2, 3, 2688223, 1
3, 4, 12, 13, 186626684, 242034290, 2, 2, 3696307, 1
3, 4, 12, 13, 186626684, 242034290, 2, 1, 1, 1
3, 4, 12, 13, 186626684, 242034290, 2, 0, 1, 0
3, 4, 12, 13, 186626684, 242034290, 1, 6, 2274651, 1
3, 4, 12, 13, 186626684, 242034290, 1, 5, 2688223, 1
3, 4, 12, 13, 186626684, 242034290, 1, 4, 3285606, 1
3, 4, 12, 13, 186626684, 242034290, 1, 3, 4224351, 1
3, 4, 12, 13, 186626684, 242034290, 1, 2, 5914091, 1
3, 4, 12, 13, 186626684, 242034290, 1, 1, 1, 1
3, 4, 12, 13, 186626684, 242034290, 1, 0, 1, 0
3, 4, 12, 13, 186626684, 242034290, 0, 6, 4928409, 1
3, 4, 12, 13, 186626684, 242034290, 0, 5, 5914091, 1
3, 4, 12, 13, 186626684, 242034290, 0, 4, 7392613, 1
3, 4, 12, 13, 186626684, 242034290, 0, 3, 9856818, 1
3, 4, 12, 13, 186626684, 242034290, 0, 2, 14785226, 1
3, 4, 12, 13, 186626684, 242034290, 0, 1, 1, 1
3, 5, 12, 13, 242034291, 317122087, 7, 6, 3726391, 1
3, 5, 12, 13, 242034291, 317122087, 7, 5, 4360670, 1
3, 5, 12, 13, 242034291, 317122087, 7, 4, 3293599, 1
3, 5, 12, 13, 242034291, 317122087, 7, 3, 1950489, 1
3, 5, 12, 13, 242034291, 317122087, 7, 2, 1266338, 1
3, 5, 12, 13, 242034291, 317122087, 7, 1, 1, 1
3, 5, 12, 13, 242034291, 317122087, 7, 0, 1, 0
3, 5, 12, 13, 242034291, 317122087, 6, 6, 3616920, 1
3, 5, 12, 13, 242034291, 317122087, 6, 5, 4234442, 1
3, 5, 12, 13, 242034291, 317122087, 6, 4, 2856206, 1
3, 5, 12, 13, 242034291, 317122087, 6, 3, 1078733, 1
3, 5, 12, 13, 242034291, 317122087, 6, 2, 1456289, 1
3, 5, 12, 13, 242034291, 317122087, 6, 1, 1, 1
3, 5, 12, 13, 242034291, 317122087, 6, 0, 1, 0
3, 5, 12, 13, 242034291, 317122087, 5, 6, 3461853, 1
3, 5, 12, 13, 242034291, 317122087, 5, 5, 4055313, 1
3, 5, 12, 13, 242034291, 317122087, 5, 4, 3156790, 1
3, 5, 12, 13, 242034291, 317122087, 5, 3, 1266338, 1
3, 5, 12, 13, 242034291, 317122087, 5, 2, 1713281, 1
3, 5, 12, 13, 242034291, 317122087, 5, 1, 1, 1
3, 5, 12, 13, 242034291, 317122087, 5, 0, 1, 0
3, 5, 12, 13, 242034291, 317122087, 4, 6, 4174587, 1
3, 5, 12, 13, 242034291, 317122087, 4, 5, 4894343, 1
3, 5, 12, 13, 242034291, 317122087, 4, 4, 3814455, 1
3, 5, 12, 13, 242034291, 317122087, 4, 3, 1532936, 1
3, 5, 12, 13, 242034291, 317122087, 4, 2, 2080413, 1
3, 5, 12, 13, 242034291, 317122087, 4, 1, 1, 1
3, 5, 12, 13, 242034291, 317122087, 4, 0, 1, 0
3, 5, 12, 13, 242034291, 317122087, 3, 6, 5256887, 1
3, 5, 12, 13, 242034291, 317122087, 3, 5, 6171128, 1
3, 5, 12, 13, 242034291, 317122087, 3, 4, 4818258, 1
3, 5, 12, 13, 242034291, 317122087, 3, 3, 1941719, 1
3, 5, 12, 13, 242034291, 317122087, 3, 2, 2647798, 1
3, 5, 12, 13, 242034291, 317122087, 3, 1, 1, 1
3, 5, 12, 13, 242034291, 317122087, 3, 0, 1, 0
3, 5, 12, 13, 242034291, 317122087, 2, 6, 7096797, 1
3, 5, 12, 13, 242034291, 317122087, 2, 5, 8349173, 1
3, 5, 12, 13, 242034291, 317122087, 2, 4, 6539065, 1
3, 5, 12, 13, 242034291, 317122087, 2, 3, 2647798, 1
3, 5, 12, 13, 242034291, 317122087, 2, 2, 3640722, 1
3, 5, 12, 13, 242034291, 317122087, 2, 1, 1, 1
3, 5, 12, 13, 242034291, 317122087, 2, 0, 1, 0
3, 5, 12, 13, 242034291, 317122087, 1, 6, 5844948, 1
3, 5, 12, 13, 242034291, 317122087, 1, 5, 6907666, 1
3, 5, 12, 13, 242034291, 317122087, 1, 4, 8442703, 1
3, 5, 12, 13, 242034291, 317122087, 1, 3, 4160825, 1
3, 5, 12, 13, 242034291, 317122087, 1, 2, 5825155, 1
3, 5, 12, 13, 242034291, 317122087, 1, 1, 1, 1
3, 5, 12, 13, 242034291, 317122087, 1, 0, 1, 0
3, 5, 12, 13, 242034291, 317122087, 0, 6, 12664054, 1
3, 5, 12, 13, 242034291, 317122087, 0, 5, 15196865, 1
3, 5, 12, 13, 242034291, 317122087, 0, 4, 18996081, 1
3, 5, 12, 13, 242034291, 317122087, 0, 3, 9708591, 1
3, 5, 12, 13, 242034291, 317122087, 0, 2, 14562886, 1
3, 5, 12, 13, 242034291, 317122087, 0, 1, 1, 1
3, 6, 12, 13, 317122088, 360611928, 7, 6, 1122523, 1
3, 6, 12, 13, 317122088, 360611928, 7, 5, 1313591, 1
3, 6, 12, 13, 317122088, 360611928, 7, 4, 163080, 1
3, 6, 12, 13, 317122088, 360611928, 7, 3, 1, 1
3, 6, 12, 13, 317122088, 360611928, 7, 2, 1, 1
3, 6, 12, 13, 317122088, 360611928, 7, 1, 1, 1
3, 6, 12, 13, 317122088, 360611928, 7, 0, 1, 0
3, 6, 12, 13, 317122088, 360611928, 6, 6, 1286225, 1
3, 6, 12, 13, 317122088, 360611928, 6, 5, 1505824, 1
3, 6, 12, 13, 317122088, 360611928, 6, 4, 187062, 1
3, 6, 12, 13, 317122088, 360611928, 6, 3, 1, 1
3, 6, 12, 13, 317122088, 360611928, 6, 2, 1, 1
3, 6, 12, 13, 317122088, 360611928, 6, 1, 1, 1
3, 6, 12, 13, 317122088, 360611928, 6, 0, 1, 0
3, 6, 12, 13, 317122088, 360611928, 5, 6, 1505824, 1
3, 6, 12, 13, 317122088, 360611928, 5, 5, 1763965, 1
3, 6, 12, 13, 317122088, 360611928, 5, 4, 219314, 1
3, 6, 12, 13, 317122088, 360611928, 5, 3, 1, 1
3, 6, 12, 13, 317122088, 360611928, 5, 2, 1, 1
3, 6, 12, 13, 317122088, 360611928, 5, 1, 1, 1
3, 6, 12, 13, 317122088, 360611928, 5, 0, 1, 0
3, 6, 12, 13, 317122088, 360611928, 4, 6, 1815846, 1
3, 6, 12, 13, 317122088, 360611928, 4, 5, 2128923, 1
3, 6, 12, 13, 317122088, 360611928, 4, 4, 265004, 1
3, 6, 12, 13, 317122088, 360611928, 4, 3, 1, 1
3, 6, 12, 13, 317122088, 360611928, 4, 2, 1, 1
3, 6, 12, 13, 317122088, 360611928, 4, 1, 1, 1
3, 6, 12, 13, 317122088, 360611928, 4, 0, 1, 0
3, 6, 12, 13, 317122088, 360611928, 3, 6, 2286621, 1
3, 6, 12, 13, 317122088, 360611928, 3, 5, 2684294, 1
3, 6, 12, 13, 317122088, 360611928, 3, 4, 334742, 1
3, 6, 12, 13, 317122088, 360611928, 3, 3, 1, 1
3, 6, 12, 13, 317122088, 360611928, 3, 2, 1, 1
3, 6, 12, 13, 317122088, 360611928, 3, 1, 1, 1
3, 6, 12, 13, 317122088, 360611928, 3, 0, 1, 0
3, 6, 12, 13, 317122088, 360611928, 2, 6, 481987, 1
3, 6, 12, 13, 317122088, 360611928, 2, 5, 567044, 1
3, 6, 12, 13, 317122088, 360611928, 2, 4, 1, 1
3, 6, 12, 13, 317122088, 360611928, 2, 3, 1, 1
3, 6, 12, 13, 317122088, 360611928, 2, 2, 1, 1
3, 6, 12, 13, 317122088, 360611928, 2, 1, 1, 1
3, 6, 12, 13, 317122088, 360611928, 2, 0, 1, 0
3, 6, 12, 13, 317122088, 360611928, 1, 6, 741519, 1
3, 6, 12, 13, 317122088, 360611928, 1, 5, 876340, 1
3, 6, 12, 13, 317122088, 360611928, 1, 4, 1, 1
3, 6, 12, 13, 317122088, 360611928, 1, 3, 1, 1
3, 6, 12, 13, 317122088, 360611928, 1, 2, 1, 1
3, 6, 12, 13, 317122088, 360611928, 1, 1, 1, 1
3, 6, 12, 13, 317122088, 360611928, 1, 0, 1, 0
3, 6, 12, 13, 317122088, 360611928, 0, 6, 1606623, 1
3, 6, 12, 13, 317122088, 360611928, 0, 5, 1927947, 1
3, 6, 12, 13, 317122088, 360611928, 0, 4, 1, 1
3, 6, 12, 13, 317122088, 360611928, 0, 3, 1, 1
3, 6, 12, 13, 317122088, 360611928, 0, 2, 1, 1
3, 6, 12, 13, 317122088, 360611928, 0, 1, 1, 1
3, 7, 12, 13, 360611929, 436518483, 7, 6, 27249561, 0
3, 7, 12, 13, 360611929, 436518483, 7, 5, 28344939, 1
3, 7, 12, 13, 360611929, 436518483, 7, 4, 28808780, 1
3, 7, 12, 13, 360611929, 436518483, 7, 3, 26480541, 1
3, 7, 12, 13, 360611929, 436518483, 7, 2, 21862985, 1
3, 7, 12, 13, 360611929, 436518483, 7, 1, 20877751, 0
3, 7, 12, 13, 360611929, 436518483, 7, 0, 20124540, 0
3, 7, 12, 13, 360611929, 436518483, 6, 6, 27189125, 0
3, 7, 12, 13, 360611929, 436518483, 6, 5, 29663399, 0
3, 7, 12, 13, 360611929, 436518483, 6, 4, 29633226, 1
3, 7, 12, 13, 360611929, 436518483, 6, 3, 26106816, 1
3, 7, 12, 13, 360611929, 436518483, 6, 2, 22564475, 1
3, 7, 12, 13, 360611929, 436518483, 6, 1, 20123623, 0
3, 7, 12, 13, 360611929, 436518483, 6, 0, 23478630, 0
3, 7, 12, 13, 360611929, 436518483, 5, 6, 26289713, 0
3, 7, 12, 13, 360611929, 436518483, 5, 5, 30239293, 0
3, 7, 12, 13, 360611929, 436518483, 5, 4, 32405425, 0
3, 7, 12, 13, 360611929, 436518483, 5, 3, 30647131, 1
3, 7, 12, 13, 360611929, 436518483, 5, 2, 26546441, 1
3, 7, 12, 13, 360611929, 436518483, 5, 1, 23782464, 0
3, 7, 12, 13, 360611929, 436518483, 5, 0, 28174356, 0
3, 7, 12, 13, 360611929, 436518483, 4, 6, 20751772, 1
3, 7, 12, 13, 360611929, 436518483, 4, 5, 24329663, 1
3, 7, 12, 13, 360611929, 436518483, 4, 4, 24455930, 1
3, 7, 12, 13, 360611929, 436518483, 4, 3, 21842700, 1
3, 7, 12, 13, 360611929, 436518483, 4, 2, 15199496, 1
3, 7, 12, 13, 360611929, 436518483, 4, 1, 13415036, 1
3, 7, 12, 13, 360611929, 436518483, 4, 0, 1, 0
3, 7, 12, 13, 360611929, 436518483, 3, 6, 20605311, 1
3, 7, 12, 13, 360611929, 436518483, 3, 5, 24188843, 1
3, 7, 12, 13, 360611929, 436518483, 3, 4, 23337717, 1
3, 7, 12, 13, 360611929, 436518483, 3, 3, 23539736, 1
3, 7, 12, 13, 360611929, 436518483, 3, 2, 13716154, 1
3, 7, 12, 13, 360611929, 436518483, 3, 1, 8402868, 1
3, 7, 12, 13, 360611929, 436518483, 3, 0, 1, 0
3, 7, 12, 13, 360611929, 436518483, 2, 6, 26209327, 1
3, 7, 12, 13, 360611929, 436518483, 2, 5, 30834502, 1
3, 7, 12, 13, 360611929, 436518483, 2, 4, 29375698, 1
3, 7, 12, 13, 360611929, 436518483, 2, 3, 29176290, 1
3, 7, 12, 13, 360611929, 436518483, 2, 2, 14840105, 1
3, 7, 12, 13, 360611929, 436518483, 2, 1, 11764014, 1
3, 7, 12, 13, 360611929, 436518483, 2, 0, 1, 0
3, 7, 12, 13, 360611929, 436518483, 1, 6, 13366625, 1
3, 7, 12, 13, 360611929, 436518483, 1, 5, 15796921, 1
3, 7, 12, 13, 360611929, 436518483, 1, 4, 16741054, 1
3, 7, 12, 13, 360611929, 436518483, 1, 3, 21107400, 1
3, 7, 12, 13, 360611929, 436518483, 1, 2, 11980154, 1
3, 7, 12, 13, 360611929, 436518483, 1, 1, 1, 1
3, 7, 12, 13, 360611929, 436518483, 1, 0, 1, 0
3, 7, 12, 13, 360611929, 436518483, 0, 6, 17186010, 1
3, 7, 12, 13, 360611929, 436518483, 0, 5, 20623212, 1
3, 7, 12, 13, 360611929, 436518483, 0, 4, 25779014, 1
3, 7, 12, 13, 360611929, 436518483, 0, 3, 34372019, 1
3, 7, 12, 13, 360611929, 436518483, 0, 2, 29950385, 1
3, 7, 12, 13, 360611929, 436518483, 0, 1, 1, 1
3, 8, 12, 13, 436518484, 504542542, 7, 6, 1277334, 1
3, 8, 12, 13, 436518484, 504542542, 7, 5, 1494753, 1
3, 8, 12, 13, 436518484, 504542542, 7, 4, 1801368, 1
3, 8, 12, 13, 436518484, 504542542, 7, 3, 669980, 1
3, 8, 12, 13, 436518484, 504542542, 7, 2, 903017, 1
3, 8, 12, 13, 436518484, 504542542, 7, 1, 1, 1
3, 8, 12, 13, 436518484, 504542542, 7, 0, 1, 0
3, 8, 12, 13, 436518484, 504542542, 6, 6, 1463612, 1
3, 8, 12, 13, 436518484, 504542542, 6, 5, 1713497, 1
3, 8, 12, 13, 436518484, 504542542, 6, 4, 2066276, 1
3, 8, 12, 13, 436518484, 504542542, 6, 3, 769237, 1
3, 8, 12, 13, 436518484, 504542542, 6, 2, 1038469, 1
3, 8, 12, 13, 436518484, 504542542, 6, 1, 1, 1
3, 8, 12, 13, 436518484, 504542542, 6, 0, 1, 0
3, 8, 12, 13, 436518484, 504542542, 5, 6, 1713497, 1
3, 8, 12, 13, 436518484, 504542542, 5, 5, 2007239, 1
3, 8, 12, 13, 436518484, 504542542, 5, 4, 2422530, 1
3, 8, 12, 13, 436518484, 504542542, 5, 3, 903017, 1
3, 8, 12, 13, 436518484, 504542542, 5, 2, 1221729, 1
3, 8, 12, 13, 436518484, 504542542, 5, 1, 1, 1
3, 8, 12, 13, 436518484, 504542542, 5, 0, 1, 0
3, 8, 12, 13, 436518484, 504542542, 4, 6, 2066276, 1
3, 8, 12, 13, 436518484, 504542542, 4, 5, 2422530, 1
3, 8, 12, 13, 436518484, 504542542, 4, 4, 2927223, 1
3, 8, 12, 13, 436518484, 504542542, 4, 3, 1093126, 1
3, 8, 12, 13, 436518484, 504542542, 4, 2, 1483528, 1
3, 8, 12, 13, 436518484, 504542542, 4, 1, 1, 1
3, 8, 12, 13, 436518484, 504542542, 4, 0, 1, 0
3, 8, 12, 13, 436518484, 504542542, 3, 6, 2601976, 1
3, 8, 12, 13, 436518484, 504542542, 3, 5, 3054494, 1
3, 8, 12, 13, 436518484, 504542542, 3, 4, 3697545, 1
3, 8, 12, 13, 436518484, 504542542, 3, 3, 1384626, 1
3, 8, 12, 13, 436518484, 504542542, 3, 2, 1888126, 1
3, 8, 12, 13, 436518484, 504542542, 3, 1, 1, 1
3, 8, 12, 13, 436518484, 504542542, 3, 0, 1, 0
3, 8, 12, 13, 436518484, 504542542, 2, 6, 1038469, 1
3, 8, 12, 13, 436518484, 504542542, 2, 5, 1221729, 1
3, 8, 12, 13, 436518484, 504542542, 2, 4, 1483528, 1
3, 8, 12, 13, 436518484, 504542542, 2, 3, 1888126, 1
3, 8, 12, 13, 436518484, 504542542, 2, 2, 2596173, 1
3, 8, 12, 13, 436518484, 504542542, 2, 1, 1, 1
3, 8, 12, 13, 436518484, 504542542, 2, 0, 1, 0
3, 8, 12, 13, 436518484, 504542542, 1, 6, 1597645, 1
3, 8, 12, 13, 436518484, 504542542, 1, 5, 1888126, 1
3, 8, 12, 13, 436518484, 504542542, 1, 4, 2307709, 1
3, 8, 12, 13, 436518484, 504542542, 1, 3, 2967055, 1
3, 8, 12, 13, 436518484, 504542542, 1, 2, 4153876, 1
3, 8, 12, 13, 436518484, 504542542, 1, 1, 1, 1
3, 8, 12, 13, 436518484, 504542542, 1, 0, 1, 0
3, 8, 12, 13, 436518484, 504542542, 0, 6, 249892, 1
3, 8, 12, 13, 436518484, 504542542, 0, 5, 299870, 1
3, 8, 12, 13, 436518484, 504542542, 0, 4, 374837, 1
3, 8, 12, 13, 436518484, 504542542, 0, 3, 499783, 1
3, 8, 12, 13, 436518484, 504542542, 0, 2, 749674, 1
3, 8, 12, 13, 436518484, 504542542, 0, 1, 1, 1
3, 9, 12, 13, 504542543, 670975743, 7, 6, 73699373, 1
3, 9, 12, 13, 504542543, 670975743, 7, 5, 72989203, 1
3, 9, 12, 13, 504542543, 670975743, 7, 4, 67225893, 1
3, 9, 12, 13, 504542543, 670975743, 7, 3, 60153902, 1
3, 9, 12, 13, 504542543, 670975743, 7, 2, 24989127, 1
3, 9, 12, 13, 504542543, 670975743, 7, 1, 38316662, 1
3, 9, 12, 13, 504542543, 670975743, 7, 0, 1, 0
3, 9, 12, 13, 504542543, 670975743, 6, 6, 39102383, 1
3, 9, 12, 13, 504542543, 670975743, 6, 5, 45778399, 1
3, 9, 12, 13, 504542543, 670975743, 6, 4, 36969515, 1
3, 9, 12, 13, 504542543, 670975743, 6, 3, 25505796, 1
3, 9, 12, 13, 504542543, 670975743, 6, 2, 1, 1
3, 9, 12, 13, 504542543, 670975743, 6, 1, 1, 1
3, 9, 12, 13, 504542543, 670975743, 6, 0, 1, 0
3, 9, 12, 13, 504542543, 670975743, 5, 6, 1, 1
3, 9, 12, 13, 504542543, 670975743, 5, 5, 1, 1
3, 9, 12, 13, 504542543, 670975743, 5, 4, 1, 1
3, 9, 12, 13, 504542543, 670975743, 5, 3, 1, 1
3, 9, 12, 13, 504542543, 670975743, 5, 2, 1, 1
3, 9, 12, 13, 504542543, 670975743, 5, 1, 1, 1
3, 9, 12, 13, 504542543, 670975743, 5, 0, 1, 0
3, 9, 12, 13, 504542543, 670975743, 4, 6, 1, 1
3, 9, 12, 13, 504542543, 670975743, 4, 5, 1, 1
3, 9, 12, 13, 504542543, 670975743, 4, 4, 1, 1
3, 9, 12, 13, 504542543, 670975743, 4, 3, 1, 1
3, 9, 12, 13, 504542543, 670975743, 4, 2, 1, 1
3, 9, 12, 13, 504542543, 670975743, 4, 1, 1, 1
3, 9, 12, 13, 504542543, 670975743, 4, 0, 1, 0
3, 9, 12, 13, 504542543, 670975743, 3, 6, 1, 1
3, 9, 12, 13, 504542543, 670975743, 3, 5, 1, 1
3, 9, 12, 13, 504542543, 670975743, 3, 4, 1, 1
3, 9, 12, 13, 504542543, 670975743, 3, 3, 1, 1
3, 9, 12, 13, 504542543, 670975743, 3, 2, 1, 1
3, 9, 12, 13, 504542543, 670975743, 3, 1, 1, 1
3, 9, 12, 13, 504542543, 670975743, 3, 0, 1, 0
3, 9, 12, 13, 504542543, 670975743, 2, 6, 1, 1
3, 9, 12, 13, 504542543, 670975743, 2, 5, 1, 1
3, 9, 12, 13, 504542543, 670975743, 2, 4, 1, 1
3, 9, 12, 13, 504542543, 670975743, 2, 3, 1, 1
3, 9, 12, 13, 504542543, 670975743, 2, 2, 1, 1
3, 9, 12, 13, 504542543, 670975743, 2, 1, 1, 1
3, 9, 12, 13, 504542543, 670975743, 2, 0, 1, 0
3, 9, 12, 13, 504542543, 670975743, 1, 6, 1, 1
3, 9, 12, 13, 504542543, 670975743, 1, 5, 1, 1
3, 9, 12, 13, 504542543, 670975743, 1, 4, 1, 1
3, 9, 12, 13, 504542543, 670975743, 1, 3, 1, 1
3, 9, 12, 13, 504542543, 670975743, 1, 2, 1, 1
3, 9, 12, 13, 504542543, 670975743, 1, 1, 1, 1
3, 9, 12, 13, 504542543, 670975743, 1, 0, 1, 0
3, 9, 12, 13, 504542543, 670975743, 0, 6, 1, 1
3, 9, 12, 13, 504542543, 670975743, 0, 5, 1, 1
3, 9, 12, 13, 504542543, 670975743, 0, 4, 1, 1
3, 9, 12, 13, 504542543, 670975743, 0, 3, 1, 1
3, 9, 12, 13, 504542543, 670975743, 0, 2, 1, 1
3, 9, 12, 13, 504542543, 670975743, 0, 1, 1, 1
3, 10, 12, 13, 670975744, 797723098, 7, 6, 54499528, 0
3, 10, 12, 13, 670975744, 797723098, 7, 5, 42373112, 0
3, 10, 12, 13, 670975744, 797723098, 7, 4, 25614792, 0
3, 10, 12, 13, 670975744, 797723098, 7, 3, 13334610, 0
3, 10, 12, 13, 670975744, 797723098, 7, 2, 17003365, 0
3, 10, 12, 13, 670975744, 797723098, 7, 1, 24585459, 0
3, 10, 12, 13, 670975744, 797723098, 7, 0, 49498055, 0
3, 10, 12, 13, 670975744, 797723098, 6, 6, 50247293, 0
3, 10, 12, 13, 670975744, 797723098, 6, 5, 34291032, 0
3, 10, 12, 13, 670975744, 797723098, 6, 4, 12158027, 0
3, 10, 12, 13, 670975744, 797723098, 6, 3, 15310108, 0
3, 10, 12, 13, 670975744, 797723098, 6, 2, 19553870, 0
3, 10, 12, 13, 670975744, 797723098, 6, 1, 28367838, 0
3, 10, 12, 13, 670975744, 797723098, 6, 0, 57747730, 0
3, 10, 12, 13, 670975744, 797723098, 5, 6, 24535067, 1
3, 10, 12, 13, 670975744, 797723098, 5, 5, 1, 1
3, 10, 12, 13, 670975744, 797723098, 5, 4, 1, 1
3, 10, 12, 13, 670975744, 797723098, 5, 3, 1, 1
3, 10, 12, 13, 670975744, 797723098, 5, 2, 1, 1
3, 10, 12, 13, 670975744, 797723098, 5, 1, 1, 1
3, 10, 12, 13, 670975744, 797723098, 5, 0, 1, 0
3, 10, 12, 13, 670975744, 797723098, 4, 6, 29586405, 1
3, 10, 12, 13, 670975744, 797723098, 4, 5, 1, 1
3, 10, 12, 13, 670975744, 797723098, 4, 4, 1, 1
3, 10, 12, 13, 670975744, 797723098, 4, 3, 1, 1
3, 10, 12, 13, 670975744, 797723098, 4, 2, 1, 1
3, 10, 12, 13, 670975744, 797723098, 4, 1, 1, 1
3, 10, 12, 13, 670975744, 797723098, 4, 0, 1, 0
3, 10, 12, 13, 670975744, 797723098, 3, 6, 37256954, 1
3, 10, 12, 13, 670975744, 797723098, 3, 5, 1, 1
3, 10, 12, 13, 670975744, 797723098, 3, 4, 1, 1
3, 10, 12, 13, 670975744, 797723098, 3, 3, 1, 1
3, 10, 12, 13, 670975744, 797723098, 3, 2, 1, 1
3, 10, 12, 13, 670975744, 797723098, 3, 1, 1, 1
3, 10, 12, 13, 670975744, 797723098, 3, 0, 1, 0
3, 10, 12, 13, 670975744, 797723098, 2, 6, 1, 1
3, 10, 12, 13, 670975744, 797723098, 2, 5, 1, 1
3, 10, 12, 13, 670975744, 797723098, 2, 4, 1, 1
3, 10, 12, 13, 670975744, 797723098, 2, 3, 1, 1
3, 10, 12, 13, 670975744, 797723098, 2, 2, 1, 1
3, 10, 12, 13, 670975744, 797723098, 2, 1, 1, 1
3, 10, 12, 13, 670975744, 797723098, 2, 0, 1, 0
3, 10, 12, 13, 670975744, 797723098, 1, 6, 1, 1
3, 10, 12, 13, 670975744, 797723098, 1, 5, 1, 1
3, 10, 12, 13, 670975744, 797723098, 1, 4, 1, 1
3, 10, 12, 13, 670975744, 797723098, 1, 3, 1, 1
3, 10, 12, 13, 670975744, 797723098, 1, 2, 1, 1
3, 10, 12, 13, 670975744, 797723098, 1, 1, 1, 1
3, 10, 12, 13, 670975744, 797723098, 1, 0, 1, 0
3, 10, 12, 13, 670975744, 797723098, 0, 6, 1, 1
3, 10, 12, 13, 670975744, 797723098, 0, 5, 1, 1
3, 10, 12, 13, 670975744, 797723098, 0, 4, 1, 1
3, 10, 12, 13, 670975744, 797723098, 0, 3, 1, 1
3, 10, 12, 13, 670975744, 797723098, 0, 2, 1, 1
3, 10, 12, 13, 670975744, 797723098, 0, 1, 1, 1
3, 11, 12, 13, 797723099, 1135757343, 7, 6, 59739751, 0
3, 11, 12, 13, 797723099, 1135757343, 7, 5, 69908219, 0
3, 11, 12, 13, 797723099, 1135757343, 7, 4, 84248367, 0
3, 11, 12, 13, 797723099, 1135757343, 7, 3, 104982051, 0
3, 11, 12, 13, 797723099, 1135757343, 7, 2, 141497547, 0
3, 11, 12, 13, 797723099, 1135757343, 7, 1, 165507867, 0
3, 11, 12, 13, 797723099, 1135757343, 7, 0, 224400192, 0
3, 11, 12, 13, 797723099, 1135757343, 6, 6, 54011907, 0
3, 11, 12, 13, 797723099, 1135757343, 6, 5, 63233452, 0
3, 11, 12, 13, 797723099, 1135757343, 6, 4, 76252104, 0
3, 11, 12, 13, 797723099, 1135757343, 6, 3, 94864030, 0
3, 11, 12, 13, 797723099, 1135757343, 6, 2, 128066440, 0
3, 11, 12, 13, 797723099, 1135757343, 6, 1, 137654094, 0
3, 11, 12, 13, 797723099, 1135757343, 6, 0, 146281095, 0
3, 11, 12, 13, 797723099, 1135757343, 5, 6, 762018, 1
3, 11, 12, 13, 797723099, 1135757343, 5, 5, 892650, 1
3, 11, 12, 13, 797723099, 1135757343, 5, 4, 1077336, 1
3, 11, 12, 13, 797723099, 1135757343, 5, 3, 1, 1
3, 11, 12, 13, 797723099, 1135757343, 5, 2, 1, 1
3, 11, 12, 13, 797723099, 1135757343, 5, 1, 1, 1
3, 11, 12, 13, 797723099, 1135757343, 5, 0, 1, 0
3, 11, 12, 13, 797723099, 1135757343, 4, 6, 918904, 1
3, 11, 12, 13, 797723099, 1135757343, 4, 5, 1077336, 1
3, 11, 12, 13, 797723099, 1135757343, 4, 4, 1301781, 1
3, 11, 12, 13, 797723099, 1135757343, 4, 3, 1, 1
3, 11, 12, 13, 797723099, 1135757343, 4, 2, 1, 1
3, 11, 12, 13, 797723099, 1135757343, 4, 1, 1, 1
3, 11, 12, 13, 797723099, 1135757343, 4, 0, 1, 0
3, 11, 12, 13, 797723099, 1135757343, 3, 6, 1, 1
3, 11, 12, 13, 797723099, 1135757343, 3, 5, 1, 1
3, 11, 12, 13, 797723099, 1135757343, 3, 4, 1, 1
3, 11, 12, 13, 797723099, 1135757343, 3, 3, 1, 1
3, 11, 12, 13, 797723099, 1135757343, 3, 2, 1, 1
3, 11, 12, 13, 797723099, 1135757343, 3, 1, 1, 1
3, 11, 12, 13, 797723099, 1135757343, 3, 0, 1, 0
3, 11, 12, 13, 797723099, 1135757343, 2, 6, 1, 1
3, 11, 12, 13, 797723099, 1135757343, 2, 5, 1, 1
3, 11, 12, 13, 797723099, 1135757343, 2, 4, 1, 1
3, 11, 12, 13, 797723099, 1135757343, 2, 3, 1, 1
3, 11, 12, 13, 797723099, 1135757343, 2, 2, 1, 1
3, 11, 12, 13, 797723099, 1135757343, 2, 1, 1, 1
3, 11, 12, 13, 797723099, 1135757343, 2, 0, 1, 0
3, 11, 12, 13, 797723099, 1135757343, 1, 6, 1, 1
3, 11, 12, 13, 797723099, 1135757343, 1, 5, 1, 1
3, 11, 12, 13, 797723099, 1135757343, 1, 4, 1, 1
3, 11, 12, 13, 797723099, 1135757343, 1, 3, 1, 1
3, 11, 12, 13, 797723099, 1135757343, 1, 2, 1, 1
3, 11, 12, 13, 797723099, 1135757343, 1, 1, 1, 1
3, 11, 12, 13, 797723099, 1135757343, 1, 0, 1, 0
3, 11, 12, 13, 797723099, 1135757343, 0, 6, 1, 1
3, 11, 12, 13, 797723099, 1135757343, 0, 5, 1, 1
3, 11, 12, 13, 797723099, 1135757343, 0, 4, 1, 1
3, 11, 12, 13, 797723099, 1135757343, 0, 3, 1, 1
3, 11, 12, 13, 797723099, 1135757343, 0, 2, 1, 1
3, 11, 12, 13, 797723099, 1135757343, 0, 1, 1, 1
3, 12, 12, 13, 1135757344, 1498318904, 7, 6, 253988987, 0
3, 12, 12, 13, 1135757344, 1498318904, 7, 5, 267345953, 0
3, 12, 12, 13, 1135757344, 1498318904, 7, 4, 285555152, 1
3, 12, 12, 13, 1135757344, 1498318904, 7, 3, 291148888, 1
3, 12, 12, 13, 1135757344, 1498318904, 7, 2, 308568101, 1
3, 12, 12, 13, 1135757344, 1498318904, 7, 1, 364339801, 1
3, 12, 12, 13, 1135757344, 1498318904, 7, 0, 283346356, 0
3, 12, 12, 13, 1135757344, 1498318904, 6, 6, 275207224, 1
3, 12, 12, 13, 1135757344, 1498318904, 6, 5, 287946641, 1
3, 12, 12, 13, 1135757344, 1498318904, 6, 4, 305211865, 1
3, 12, 12, 13, 1135757344, 1498318904, 6, 3, 306154371, 1
3, 12, 12, 13, 1135757344, 1498318904, 6, 2, 316880941, 1
3, 12, 12, 13, 1135757344, 1498318904, 6, 1, 361973039, 1
3, 12, 12, 13, 1135757344, 1498318904, 6, 0, 203996164, 0
3, 12, 12, 13, 1135757344, 1498318904, 5, 6, 287923564, 1
3, 12, 12, 13, 1135757344, 1498318904, 5, 5, 297163761, 1
3, 12, 12, 13, 1135757344, 1498318904, 5, 4, 309383544, 1
3, 12, 12, 13, 1135757344, 1498318904, 5, 3, 298308148, 1
3, 12, 12, 13, 1135757344, 1498318904, 5, 2, 324639041, 1
3, 12, 12, 13, 1135757344, 1498318904, 5, 1, 353354035, 1
3, 12, 12, 13, 1135757344, 1498318904, 5, 0, 244795396, 0
3, 12, 12, 13, 1135757344, 1498318904, 4, 6, 248208987, 1
3, 12, 12, 13, 1135757344, 1498318904, 4, 5, 256653911, 1
3, 12, 12, 13, 1135757344, 1498318904, 4, 4, 274280919, 1
3, 12, 12, 13, 1135757344, 1498318904, 4, 3, 256826263, 1
3, 12, 12, 13, 1135757344, 1498318904, 4, 2, 281819116, 1
3, 12, 12, 13, 1135757344, 1498318904, 4, 1, 302387849, 1
3, 12, 12, 13, 1135757344, 1498318904, 4, 0, 203996164, 0
3, 12, 12, 13, 1135757344, 1498318904, 3, 6, 265588589, 1
3, 12, 12, 13, 1135757344, 1498318904, 3, 5, 268467380, 0
3, 12, 12, 13, 1135757344, 1498318904, 3, 4, 282040267, 1
3, 12, 12, 13, 1135757344, 1498318904, 3, 3, 270914289, 1
3, 12, 12, 13, 1135757344, 1498318904, 3, 2, 284498451, 1
3, 12, 12, 13, 1135757344, 1498318904, 3, 1, 330499759, 1
3, 12, 12, 13, 1135757344, 1498318904, 3, 0, 271994885, 0
3, 12, 12, 13, 1135757344, 1498318904, 2, 6, 314345151, 1
3, 12, 12, 13, 1135757344, 1498318904, 2, 5, 315221475, 1
3, 12, 12, 13, 1135757344, 1498318904, 2, 4, 353626625, 1
3, 12, 12, 13, 1135757344, 1498318904, 2, 3, 332338365, 1
3, 12, 12, 13, 1135757344, 1498318904, 2, 2, 340186330, 1
3, 12, 12, 13, 1135757344, 1498318904, 2, 1, 381101197, 1
3, 12, 12, 13, 1135757344, 1498318904, 2, 0, 203996164, 0
3, 12, 12, 13, 1135757344, 1498318904, 1, 6, 289836561, 0
3, 12, 12, 13, 1135757344, 1498318904, 1, 5, 295248153, 0
3, 12, 12, 13, 1135757344, 1498318904, 1, 4, 360858854, 0
3, 12, 12, 13, 1135757344, 1498318904, 1, 3, 405676765, 1
3, 12, 12, 13, 1135757344, 1498318904, 1, 2, 462699662, 1
3, 12, 12, 13, 1135757344, 1498318904, 1, 1, 499171219, 1
3, 12, 12, 13, 1135757344, 1498318904, 1, 0, 407992327, 0
3, 12, 12, 13, 1135757344, 1498318904, 0, 6, 271994885, 1
3, 12, 12, 13, 1135757344, 1498318904, 0, 5, 244795396, 1
3, 12, 12, 13, 1135757344, 1498318904, 0, 4, 305994245, 1
3, 12, 12, 13, 1135757344, 1498318904, 0, 3, 407992327, 1
3, 12, 12, 13, 1135757344, 1498318904, 0, 2, 407992327, 1
3, 12, 12, 13, 1135757344, 1498318904, 0, 1, 407992327, 1
3, 13, 12, 13, 1498318905, 1677386900, 7, 6, 9463273, 0
3, 13, 12, 13, 1498318905, 1677386900, 7, 5, 11074043, 0
3, 13, 12, 13, 1498318905, 1677386900, 7, 4, 11289307, 0
3, 13, 12, 13, 1498318905, 1677386900, 7, 3, 14202677, 0
3, 13, 12, 13, 1498318905, 1677386900, 7, 2, 19142738, 0
3, 13, 12, 13, 1498318905, 1677386900, 7, 1, 29352199, 0
3, 13, 12, 13, 1498318905, 1677386900, 7, 0, 16461785, 0
3, 13, 12, 13, 1498318905, 1677386900, 6, 6, 8442657, 1
3, 13, 12, 13, 1498318905, 1677386900, 6, 5, 9884086, 1
3, 13, 12, 13, 1498318905, 1677386900, 6, 4, 9560309, 1
3, 13, 12, 13, 1498318905, 1677386900, 6, 3, 12038907, 1
3, 13, 12, 13, 1498318905, 1677386900, 6, 2, 16252525, 1
3, 13, 12, 13, 1498318905, 1677386900, 6, 1, 25003884, 1
3, 13, 12, 13, 1498318905, 1677386900, 6, 0, 1, 0
3, 13, 12, 13, 1498318905, 1677386900, 5, 6, 5627010, 1
3, 13, 12, 13, 1498318905, 1677386900, 5, 5, 6591641, 1
3, 13, 12, 13, 1498318905, 1677386900, 5, 4, 5190014, 1
3, 13, 12, 13, 1498318905, 1677386900, 5, 3, 6543930, 1
3, 13, 12, 13, 1498318905, 1677386900, 5, 2, 8853553, 1
3, 13, 12, 13, 1498318905, 1677386900, 5, 1, 13682763, 1
3, 13, 12, 13, 1498318905, 1677386900, 5, 0, 1, 0
3, 13, 12, 13, 1498318905, 1677386900, 4, 6, 3456207, 1
3, 13, 12, 13, 1498318905, 1677386900, 4, 5, 4052104, 1
3, 13, 12, 13, 1498318905, 1677386900, 4, 4, 1554750, 1
3, 13, 12, 13, 1498318905, 1677386900, 4, 3, 1963894, 1
3, 13, 12, 13, 1498318905, 1677386900, 4, 2, 2665285, 1
3, 13, 12, 13, 1498318905, 1677386900, 4, 1, 4145999, 1
3, 13, 12, 13, 1498318905, 1677386900, 4, 0, 1, 0
3, 13, 12, 13, 1498318905, 1677386900, 3, 6, 4352260, 1
3, 13, 12, 13, 1498318905, 1677386900, 3, 5, 5109175, 1
3, 13, 12, 13, 1498318905, 1677386900, 3, 4, 1963894, 1
3, 13, 12, 13, 1498318905, 1677386900, 3, 3, 2487599, 1
3, 13, 12, 13, 1498318905, 1677386900, 3, 2, 3392181, 1
3, 13, 12, 13, 1498318905, 1677386900, 3, 1, 5330570, 1
3, 13, 12, 13, 1498318905, 1677386900, 3, 0, 1, 0
3, 13, 12, 13, 1498318905, 1677386900, 2, 6, 5875551, 1
3, 13, 12, 13, 1498318905, 1677386900, 2, 5, 6912413, 1
3, 13, 12, 13, 1498318905, 1677386900, 2, 4, 2665285, 1
3, 13, 12, 13, 1498318905, 1677386900, 2, 3, 3392181, 1
3, 13, 12, 13, 1498318905, 1677386900, 2, 2, 4664248, 1
3, 13, 12, 13, 1498318905, 1677386900, 2, 1, 7462797, 1
3, 13, 12, 13, 1498318905, 1677386900, 2, 0, 1, 0
3, 13, 12, 13, 1498318905, 1677386900, 1, 6, 2870307, 1
3, 13, 12, 13, 1498318905, 1677386900, 1, 5, 3392181, 1
3, 13, 12, 13, 1498318905, 1677386900, 1, 4, 4145999, 1
3, 13, 12, 13, 1498318905, 1677386900, 1, 3, 5330570, 1
3, 13, 12, 13, 1498318905, 1677386900, 1, 2, 7462797, 1
3, 13, 12, 13, 1498318905, 1677386900, 1, 1, 12437995, 1
3, 13, 12, 13, 1498318905, 1677386900, 1, 0, 1, 0
3, 13, 12, 13, 1498318905, 1677386900, 0, 6, 1, 1
3, 13, 12, 13, 1498318905, 1677386900, 0, 5, 1, 1
3, 13, 12, 13, 1498318905, 1677386900, 0, 4, 1, 1
3, 13, 12, 13, 1498318905, 1677386900, 0, 3, 1, 1
3, 13, 12, 13, 1498318905, 1677386900, 0, 2, 1, 1
3, 13, 12, 13, 1498318905, 1677386900, 0, 1, 1, 1
3, 14, 12, 13, 1677386901, 1689770071, 7, 6, 850804, 1
3, 14, 12, 13, 1677386901, 1689770071, 7, 5, 995621, 1
3, 14, 12, 13, 1677386901, 1689770071, 7, 4, 1199851, 1
3, 14, 12, 13, 1677386901, 1689770071, 7, 3, 1, 1
3, 14, 12, 13, 1677386901, 1689770071, 7, 2, 1, 1
3, 14, 12, 13, 1677386901, 1689770071, 7, 1, 1, 1
3, 14, 12, 13, 1677386901, 1689770071, 7, 0, 1, 0
3, 14, 12, 13, 1677386901, 1689770071, 6, 6, 974879, 1
3, 14, 12, 13, 1677386901, 1689770071, 6, 5, 1141322, 1
3, 14, 12, 13, 1677386901, 1689770071, 6, 4, 1376300, 1
3, 14, 12, 13, 1677386901, 1689770071, 6, 3, 1, 1
3, 14, 12, 13, 1677386901, 1689770071, 6, 2, 1, 1
3, 14, 12, 13, 1677386901, 1689770071, 6, 1, 1, 1
3, 14, 12, 13, 1677386901, 1689770071, 6, 0, 1, 0
3, 14, 12, 13, 1677386901, 1689770071, 5, 6, 1141322, 1
3, 14, 12, 13, 1677386901, 1689770071, 5, 5, 1336977, 1
3, 14, 12, 13, 1677386901, 1689770071, 5, 4, 1613593, 1
3, 14, 12, 13, 1677386901, 1689770071, 5, 3, 1, 1
3, 14, 12, 13, 1677386901, 1689770071, 5, 2, 1, 1
3, 14, 12, 13, 1677386901, 1689770071, 5, 1, 1, 1
3, 14, 12, 13, 1677386901, 1689770071, 5, 0, 1, 0
3, 14, 12, 13, 1677386901, 1689770071, 4, 6, 1376300, 1
3, 14, 12, 13, 1677386901, 1689770071, 4, 5, 1613593, 1
3, 14, 12, 13, 1677386901, 1689770071, 4, 4, 1949758, 1
3, 14, 12, 13, 1677386901, 1689770071, 4, 3, 1, 1
3, 14, 12, 13, 1677386901, 1689770071, 4, 2, 1, 1
3, 14, 12, 13, 1677386901, 1689770071, 4, 1, 1, 1
3, 14, 12, 13, 1677386901, 1689770071, 4, 0, 1, 0
3, 14, 12, 13, 1677386901, 1689770071, 3, 6, 1733118, 1
3, 14, 12, 13, 1677386901, 1689770071, 3, 5, 2034530, 1
3, 14, 12, 13, 1677386901, 1689770071, 3, 4, 2462852, 1
3, 14, 12, 13, 1677386901, 1689770071, 3, 3, 1, 1
3, 14, 12, 13, 1677386901, 1689770071, 3, 2, 1, 1
3, 14, 12, 13, 1677386901, 1689770071, 3, 1, 1, 1
3, 14, 12, 13, 1677386901, 1689770071, 3, 0, 1, 0
3, 14, 12, 13, 1677386901, 1689770071, 2, 6, 2339709, 1
3, 14, 12, 13, 1677386901, 1689770071, 2, 5, 2752599, 1
3, 14, 12, 13, 1677386901, 1689770071, 2, 4, 3342442, 1
3, 14, 12, 13, 1677386901, 1689770071, 2, 3, 1, 1
3, 14, 12, 13, 1677386901, 1689770071, 2, 2, 1, 1
3, 14, 12, 13, 1677386901, 1689770071, 2, 1, 1, 1
3, 14, 12, 13, 1677386901, 1689770071, 2, 0, 1, 0
3, 14, 12, 13, 1677386901, 1689770071, 1, 6, 3599552, 1
3, 14, 12, 13, 1677386901, 1689770071, 1, 5, 4254016, 1
3, 14, 12, 13, 1677386901, 1689770071, 1, 4, 5199353, 1
3, 14, 12, 13, 1677386901, 1689770071, 1, 3, 1, 1
3, 14, 12, 13, 1677386901, 1689770071, 1, 2, 1, 1
3, 14, 12, 13, 1677386901, 1689770071, 1, 1, 1, 1
3, 14, 12, 13, 1677386901, 1689770071, 1, 0, 1, 0
3, 14, 12, 13, 1677386901, 1689770071, 0, 6, 1, 1
3, 14, 12, 13, 1677386901, 1689770071, 0, 5, 1, 1
3, 14, 12, 13, 1677386901, 1689770071, 0, 4, 1, 1
3, 14, 12, 13, 1677386901, 1689770071, 0, 3, 1, 1
3, 14, 12, 13, 1677386901, 1689770071, 0, 2, 1, 1
3, 14, 12, 13, 1677386901, 1689770071, 0, 1, 1, 1
3, 15, 12, 13, 1689770072, 1748971995, 7, 6, 9974171, 1
3, 15, 12, 13, 1689770072, 1748971995, 7, 5, 11159914, 1
3, 15, 12, 13, 1689770072, 1748971995, 7, 4, 8587197, 1
3, 15, 12, 13, 1689770072, 1748971995, 7, 3, 10199687, 1
3, 15, 12, 13, 1689770072, 1748971995, 7, 2, 11119816, 1
3, 15, 12, 13, 1689770072, 1748971995, 7, 1, 11084104, 1
3, 15, 12, 13, 1689770072, 1748971995, 7, 0, 9056785, 0
3, 15, 12, 13, 1689770072, 1748971995, 6, 6, 10841637, 1
3, 15, 12, 13, 1689770072, 1748971995, 6, 5, 12105734, 1
3, 15, 12, 13, 1689770072, 1748971995, 6, 4, 9722610, 1
3, 15, 12, 13, 1689770072, 1748971995, 6, 3, 11550308, 1
3, 15, 12, 13, 1689770072, 1748971995, 6, 2, 12571189, 1
3, 15, 12, 13, 1689770072, 1748971995, 6, 1, 12456122, 1
3, 15, 12, 13, 1689770072, 1748971995, 6, 0, 10566249, 0
3, 15, 12, 13, 1689770072, 1748971995, 5, 6, 12556348, 1
3, 15, 12, 13, 1689770072, 1748971995, 5, 5, 14021338, 1
3, 15, 12, 13, 1689770072, 1748971995, 5, 4, 11206223, 1
3, 15, 12, 13, 1689770072, 1748971995, 5, 3, 13559057, 1
3, 15, 12, 13, 1689770072, 1748971995, 5, 2, 14789634, 1
3, 15, 12, 13, 1689770072, 1748971995, 5, 1, 14720871, 1
3, 15, 12, 13, 1689770072, 1748971995, 5, 0, 12679498, 0
3, 15, 12, 13, 1689770072, 1748971995, 4, 6, 9509409, 0
3, 15, 12, 13, 1689770072, 1748971995, 4, 5, 10319188, 1
3, 15, 12, 13, 1689770072, 1748971995, 4, 4, 7665108, 0
3, 15, 12, 13, 1689770072, 1748971995, 4, 3, 9682242, 1
3, 15, 12, 13, 1689770072, 1748971995, 4, 2, 9183069, 1
3, 15, 12, 13, 1689770072, 1748971995, 4, 1, 10549969, 1
3, 15, 12, 13, 1689770072, 1748971995, 4, 0, 15849373, 0
3, 15, 12, 13, 1689770072, 1748971995, 3, 6, 8587602, 1
3, 15, 12, 13, 1689770072, 1748971995, 3, 5, 9034861, 1
3, 15, 12, 13, 1689770072, 1748971995, 3, 4, 7644395, 1
3, 15, 12, 13, 1689770072, 1748971995, 3, 3, 9682900, 1
3, 15, 12, 13, 1689770072, 1748971995, 3, 2, 8167625, 1
3, 15, 12, 13, 1689770072, 1748971995, 3, 1, 8032946, 1
3, 15, 12, 13, 1689770072, 1748971995, 3, 0, 8226132, 0
3, 15, 12, 13, 1689770072, 1748971995, 2, 6, 8118862, 1
3, 15, 12, 13, 1689770072, 1748971995, 2, 5, 8136106, 1
3, 15, 12, 13, 1689770072, 1748971995, 2, 4, 7317996, 1
3, 15, 12, 13, 1689770072, 1748971995, 2, 3, 9313814, 1
3, 15, 12, 13, 1689770072, 1748971995, 2, 2, 8145684, 1
3, 15, 12, 13, 1689770072, 1748971995, 2, 1, 6310445, 1
3, 15, 12, 13, 1689770072, 1748971995, 2, 0, 1, 0
3, 15, 12, 13, 1689770072, 1748971995, 1, 6, 10935730, 1
3, 15, 12, 13, 1689770072, 1748971995, 1, 5, 10736459, 1
3, 15, 12, 13, 1689770072, 1748971995, 1, 4, 9137689, 1
3, 15, 12, 13, 1689770072, 1748971995, 1, 3, 11748457, 1
3, 15, 12, 13, 1689770072, 1748971995, 1, 2, 10932896, 1
3, 15, 12, 13, 1689770072, 1748971995, 1, 1, 7017078, 1
3, 15, 12, 13, 1689770072, 1748971995, 1, 0, 1, 0
3, 15, 12, 13, 1689770072, 1748971995, 0, 6, 15087722, 1
3, 15, 12, 13, 1689770072, 1748971995, 0, 5, 18105266, 1
3, 15, 12, 13, 1689770072, 1748971995, 0, 4, 13666120, 1
3, 15, 12, 13, 1689770072, 1748971995, 0, 3, 18221493, 1
3, 15, 12, 13, 1689770072, 1748971995, 0, 2, 27332240, 1
3, 15, 12, 13, 1689770072, 1748971995, 0, 1, 21051233, 1
3, 16, 12, 13, 1748971996, 1753043203, 7, 6, 1093240, 1
3, 16, 12, 13, 1748971996, 1753043203, 7, 5, 1279324, 1
3, 16, 12, 13, 1748971996, 1753043203, 7, 4, 894457, 1
3, 16, 12, 13, 1748971996, 1753043203, 7, 3, 1125285, 1
3, 16, 12, 13, 1748971996, 1753043203, 7, 2, 1516688, 1
3, 16, 12, 13, 1748971996, 1753043203, 7, 1, 1408491, 0
3, 16, 12, 13, 1748971996, 1753043203, 7, 0, 1518052, 0
3, 16, 12, 13, 1748971996, 1753043203, 6, 6, 1252671, 1
3, 16, 12, 13, 1748971996, 1753043203, 6, 5, 1466542, 1
3, 16, 12, 13, 1748971996, 1753043203, 6, 4, 1025995, 1
3, 16, 12, 13, 1748971996, 1753043203, 6, 3, 1291994, 1
3, 16, 12, 13, 1748971996, 1753043203, 6, 2, 1744191, 1
3, 16, 12, 13, 1748971996, 1753043203, 6, 1, 1625182, 0
3, 16, 12, 13, 1748971996, 1753043203, 6, 0, 1771061, 0
3, 16, 12, 13, 1748971996, 1753043203, 5, 6, 1466542, 1
3, 16, 12, 13, 1748971996, 1753043203, 5, 5, 1717949, 1
3, 16, 12, 13, 1748971996, 1753043203, 5, 4, 1202891, 1
3, 16, 12, 13, 1748971996, 1753043203, 5, 3, 1516688, 1
3, 16, 12, 13, 1748971996, 1753043203, 5, 2, 2051990, 1
3, 16, 12, 13, 1748971996, 1753043203, 5, 1, 1920669, 0
3, 16, 12, 13, 1748971996, 1753043203, 5, 0, 2125273, 0
3, 16, 12, 13, 1748971996, 1753043203, 4, 6, 1768477, 1
3, 16, 12, 13, 1748971996, 1753043203, 4, 5, 2073386, 1
3, 16, 12, 13, 1748971996, 1753043203, 4, 4, 1453493, 1
3, 16, 12, 13, 1748971996, 1753043203, 4, 3, 1835991, 1
3, 16, 12, 13, 1748971996, 1753043203, 4, 2, 2491702, 1
3, 16, 12, 13, 1748971996, 1753043203, 4, 1, 2347484, 0
3, 16, 12, 13, 1748971996, 1753043203, 4, 0, 2656591, 0
3, 16, 12, 13, 1748971996, 1753043203, 3, 6, 2226971, 1
3, 16, 12, 13, 1748971996, 1753043203, 3, 5, 2614270, 1
3, 16, 12, 13, 1748971996, 1753043203, 3, 4, 1835991, 0
3, 16, 12, 13, 1748971996, 1753043203, 3, 3, 2325588, 1
3, 16, 12, 13, 1748971996, 1753043203, 3, 2, 3171256, 1
3, 16, 12, 13, 1748971996, 1753043203, 3, 1, 3018194, 0
3, 16, 12, 13, 1748971996, 1753043203, 3, 0, 3542121, 0
3, 16, 12, 13, 1748971996, 1753043203, 2, 6, 2475092, 1
3, 16, 12, 13, 1748971996, 1753043203, 2, 5, 2911873, 1
3, 16, 12, 13, 1748971996, 1753043203, 2, 4, 1732676, 1
3, 16, 12, 13, 1748971996, 1753043203, 2, 3, 2205224, 1
3, 16, 12, 13, 1748971996, 1753043203, 2, 2, 3032182, 1
3, 16, 12, 13, 1748971996, 1753043203, 2, 1, 2100199, 1
3, 16, 12, 13, 1748971996, 1753043203, 2, 0, 1, 0
3, 16, 12, 13, 1748971996, 1753043203, 1, 6, 3000065, 1
3, 16, 12, 13, 1748971996, 1753043203, 1, 5, 3545531, 1
3, 16, 12, 13, 1748971996, 1753043203, 1, 4, 1528496, 1
3, 16, 12, 13, 1748971996, 1753043203, 1, 3, 1965209, 1
3, 16, 12, 13, 1748971996, 1753043203, 1, 2, 2751293, 1
3, 16, 12, 13, 1748971996, 1753043203, 1, 1, 1, 1
3, 16, 12, 13, 1748971996, 1753043203, 1, 0, 1, 0
3, 16, 12, 13, 1748971996, 1753043203, 0, 6, 6500140, 1
3, 16, 12, 13, 1748971996, 1753043203, 0, 5, 7800168, 1
3, 16, 12, 13, 1748971996, 1753043203, 0, 4, 3439116, 1
3, 16, 12, 13, 1748971996, 1753043203, 0, 3, 4585488, 1
3, 16, 12, 13, 1748971996, 1753043203, 0, 2, 6878232, 1
3, 16, 12, 13, 1748971996, 1753043203, 0, 1, 1, 1
