1,1.0,99901939.0,2074892266.5608215
2,99901940.0,140407391.0,3323065933.098202
3,140407392.0,172324561.0,3083427877.453496
4,172324562.0,206214632.0,3273978729.8999143
5,206214633.0,279502891.0,3062916915.893461
6,279502892.0,303174578.0,3381482834.7950726
7,303174579.0,419852978.0,3206902717.3046327
8,419852979.0,451662275.0,3725243196.8362103
9,451662276.0,519558068.0,3686234112.0193477
10,519558069.0,564112789.0,3892622203.1220436
11,564112790.0,674783682.0,3498777594.8156953
12,674783683.0,703163286.0,4031875475.56657
13,703163287.0,740195082.0,3307776126.6288614
14,740195083.0,798927862.0,3267959560.1314845
15,798927863.0,847619006.0,3246246796.045393
16,847619007.0,917590766.0,3399795771.240099
17,917590767.0,942910948.0,3948335618.093874
18,942910949.0,968544917.0,3437301524.3717275
19,968544918.0,1006028603.0,3223112871.324694
20,1006028604.0,1106598134.0,3689930208.6834345
21,1106598135.0,1136276735.0,3951957340.4737806
22,1136276736.0,1164353325.0,3753664755.2495584
23,1164353326.0,1205107446.0,3906641849.259756
24,1205107447.0,1248420415.0,3770818257.74795
25,1248420416.0,1280067358.0,3636407085.0703983
26,1280067359.0,1352752021.0,3682939288.0653667
27,1352752022.0,1364973648.0,3978409571.035419
28,1364973649.0,1413843511.0,3735283689.739354
29,1413843512.0,1439744680.0,3621222187.102229
30,1439744681.0,1479934728.0,3806064132.5711503
31,1479934729.0,1552030940.0,3655863297.2870054
32,1552030941.0,1598772195.0,3536115031.8214726
33,1598772196.0,1626243713.0,3769483936.435784
34,1626243714.0,1680693463.0,3901519618.5112824
35,1680693464.0,1732325023.0,3317432667.6827607
36,1732325024.0,1751167131.0,3069433910.9353757
37,1751167132.0,1795678028.0,2912662175.267169
38,1795678029.0,1820700503.0,3505136672.097858
39,1820700504.0,1929026231.0,3468964882.302967
40,1929026232.0,1965481661.0,3062986074.630033
41,1965481662.0,2196025834.0,3321920829.454016
