3, 1, 12, 8, 1, 87752410, 7, 11, 85893567, 1
3, 1, 12, 8, 1, 87752410, 7, 10, 84396766, 1
3, 1, 12, 8, 1, 87752410, 7, 9, 83084001, 1
3, 1, 12, 8, 1, 87752410, 7, 8, 85476465, 1
3, 1, 12, 8, 1, 87752410, 7, 7, 79980569, 1
3, 1, 12, 8, 1, 87752410, 7, 6, 70275208, 1
3, 1, 12, 8, 1, 87752410, 7, 5, 61526673, 1
3, 1, 12, 8, 1, 87752410, 7, 4, 56132073, 1
3, 1, 12, 8, 1, 87752410, 7, 3, 56132229, 1
3, 1, 12, 8, 1, 87752410, 7, 2, 62061524, 1
3, 1, 12, 8, 1, 87752410, 7, 1, 82180297, 1
3, 1, 12, 8, 1, 87752410, 7, 0, 43896438, 0
3, 1, 12, 8, 1, 87752410, 6, 11, 85498604, 1
3, 1, 12, 8, 1, 87752410, 6, 10, 85299319, 1
3, 1, 12, 8, 1, 87752410, 6, 9, 84470354, 1
3, 1, 12, 8, 1, 87752410, 6, 8, 86026569, 1
3, 1, 12, 8, 1, 87752410, 6, 7, 81212864, 1
3, 1, 12, 8, 1, 87752410, 6, 6, 72134907, 1
3, 1, 12, 8, 1, 87752410, 6, 5, 66914446, 1
3, 1, 12, 8, 1, 87752410, 6, 4, 60026162, 1
3, 1, 12, 8, 1, 87752410, 6, 3, 58956953, 1
3, 1, 12, 8, 1, 87752410, 6, 2, 63957685, 1
3, 1, 12, 8, 1, 87752410, 6, 1, 83418700, 1
3, 1, 12, 8, 1, 87752410, 6, 0, 30207428, 0
3, 1, 12, 8, 1, 87752410, 5, 11, 78045836, 1
3, 1, 12, 8, 1, 87752410, 5, 10, 79187745, 1
3, 1, 12, 8, 1, 87752410, 5, 9, 77543675, 1
3, 1, 12, 8, 1, 87752410, 5, 8, 80953443, 1
3, 1, 12, 8, 1, 87752410, 5, 7, 76019854, 1
3, 1, 12, 8, 1, 87752410, 5, 6, 72001256, 1
3, 1, 12, 8, 1, 87752410, 5, 5, 63801950, 1
3, 1, 12, 8, 1, 87752410, 5, 4, 53515038, 1
3, 1, 12, 8, 1, 87752410, 5, 3, 56787649, 1
3, 1, 12, 8, 1, 87752410, 5, 2, 66874944, 1
3, 1, 12, 8, 1, 87752410, 5, 1, 85651222, 1
3, 1, 12, 8, 1, 87752410, 5, 0, 36248914, 0
3, 1, 12, 8, 1, 87752410, 4, 11, 83797951, 1
3, 1, 12, 8, 1, 87752410, 4, 10, 84259781, 1
3, 1, 12, 8, 1, 87752410, 4, 9, 81181664, 1
3, 1, 12, 8, 1, 87752410, 4, 8, 86885465, 1
3, 1, 12, 8, 1, 87752410, 4, 7, 82495031, 1
3, 1, 12, 8, 1, 87752410, 4, 6, 76365429, 1
3, 1, 12, 8, 1, 87752410, 4, 5, 64739357, 1
3, 1, 12, 8, 1, 87752410, 4, 4, 60741097, 1
3, 1, 12, 8, 1, 87752410, 4, 3, 63787693, 1
3, 1, 12, 8, 1, 87752410, 4, 2, 74480305, 1
3, 1, 12, 8, 1, 87752410, 4, 1, 98038615, 1
3, 1, 12, 8, 1, 87752410, 4, 0, 45311142, 0
3, 1, 12, 8, 1, 87752410, 3, 11, 91820308, 1
3, 1, 12, 8, 1, 87752410, 3, 10, 91197758, 1
3, 1, 12, 8, 1, 87752410, 3, 9, 85881460, 1
3, 1, 12, 8, 1, 87752410, 3, 8, 94649636, 1
3, 1, 12, 8, 1, 87752410, 3, 7, 87325258, 1
3, 1, 12, 8, 1, 87752410, 3, 6, 77266718, 0
3, 1, 12, 8, 1, 87752410, 3, 5, 64018245, 1
3, 1, 12, 8, 1, 87752410, 3, 4, 66369356, 1
3, 1, 12, 8, 1, 87752410, 3, 3, 75026888, 1
3, 1, 12, 8, 1, 87752410, 3, 2, 94793115, 1
3, 1, 12, 8, 1, 87752410, 3, 1, 126049648, 1
3, 1, 12, 8, 1, 87752410, 3, 0, 60414856, 0
3, 1, 12, 8, 1, 87752410, 2, 11, 90898158, 1
3, 1, 12, 8, 1, 87752410, 2, 10, 87105770, 1
3, 1, 12, 8, 1, 87752410, 2, 9, 82742886, 1
3, 1, 12, 8, 1, 87752410, 2, 8, 90880922, 1
3, 1, 12, 8, 1, 87752410, 2, 7, 76402162, 1
3, 1, 12, 8, 1, 87752410, 2, 6, 66928701, 1
3, 1, 12, 8, 1, 87752410, 2, 5, 57641037, 1
3, 1, 12, 8, 1, 87752410, 2, 4, 56080612, 1
3, 1, 12, 8, 1, 87752410, 2, 3, 59046739, 1
3, 1, 12, 8, 1, 87752410, 2, 2, 79464874, 1
3, 1, 12, 8, 1, 87752410, 2, 1, 95068452, 1
3, 1, 12, 8, 1, 87752410, 2, 0, 1, 0
3, 1, 12, 8, 1, 87752410, 1, 11, 85648054, 1
3, 1, 12, 8, 1, 87752410, 1, 10, 79006986, 1
3, 1, 12, 8, 1, 87752410, 1, 9, 67801124, 1
3, 1, 12, 8, 1, 87752410, 1, 8, 75700772, 1
3, 1, 12, 8, 1, 87752410, 1, 7, 62677486, 1
3, 1, 12, 8, 1, 87752410, 1, 6, 40114352, 1
3, 1, 12, 8, 1, 87752410, 1, 5, 29262162, 1
3, 1, 12, 8, 1, 87752410, 1, 4, 35764865, 1
3, 1, 12, 8, 1, 87752410, 1, 3, 45983397, 1
3, 1, 12, 8, 1, 87752410, 1, 2, 61617730, 1
3, 1, 12, 8, 1, 87752410, 1, 1, 102696216, 1
3, 1, 12, 8, 1, 87752410, 1, 0, 1, 0
3, 1, 12, 8, 1, 87752410, 0, 11, 77161014, 1
3, 1, 12, 8, 1, 87752410, 0, 10, 69592124, 1
3, 1, 12, 8, 1, 87752410, 0, 9, 70894629, 1
3, 1, 12, 8, 1, 87752410, 0, 8, 79592929, 1
3, 1, 12, 8, 1, 87752410, 0, 7, 88783129, 1
3, 1, 12, 8, 1, 87752410, 0, 6, 56818325, 1
3, 1, 12, 8, 1, 87752410, 0, 5, 60817173, 1
3, 1, 12, 8, 1, 87752410, 0, 4, 76021466, 1
3, 1, 12, 8, 1, 87752410, 0, 3, 101361954, 1
3, 1, 12, 8, 1, 87752410, 0, 2, 152042931, 1
3, 1, 12, 8, 1, 87752410, 0, 1, 304085862, 1
3, 2, 12, 8, 87752411, 100041307, 7, 11, 4841858, 1
3, 2, 12, 8, 87752411, 100041307, 7, 10, 3505916, 0
3, 2, 12, 8, 87752411, 100041307, 7, 9, 3860945, 0
3, 2, 12, 8, 87752411, 100041307, 7, 8, 4228800, 0
3, 2, 12, 8, 87752411, 100041307, 7, 7, 3434346, 0
3, 2, 12, 8, 87752411, 100041307, 7, 6, 393765, 0
3, 2, 12, 8, 87752411, 100041307, 7, 5, 376601, 0
3, 2, 12, 8, 87752411, 100041307, 7, 4, 453853, 0
3, 2, 12, 8, 87752411, 100041307, 7, 3, 570976, 0
3, 2, 12, 8, 87752411, 100041307, 7, 2, 769576, 0
3, 2, 12, 8, 87752411, 100041307, 7, 1, 1180017, 0
3, 2, 12, 8, 87752411, 100041307, 7, 0, 2528606, 0
3, 2, 12, 8, 87752411, 100041307, 6, 11, 5252370, 1
3, 2, 12, 8, 87752411, 100041307, 6, 10, 3697168, 0
3, 2, 12, 8, 87752411, 100041307, 6, 9, 4072243, 0
3, 2, 12, 8, 87752411, 100041307, 6, 8, 4455080, 0
3, 2, 12, 8, 87752411, 100041307, 6, 7, 3496981, 0
3, 2, 12, 8, 87752411, 100041307, 6, 6, 451189, 0
3, 2, 12, 8, 87752411, 100041307, 6, 5, 431714, 0
3, 2, 12, 8, 87752411, 100041307, 6, 4, 520596, 0
3, 2, 12, 8, 87752411, 100041307, 6, 3, 655565, 0
3, 2, 12, 8, 87752411, 100041307, 6, 2, 885013, 0
3, 2, 12, 8, 87752411, 100041307, 6, 1, 1361558, 0
3, 2, 12, 8, 87752411, 100041307, 6, 0, 2950041, 0
3, 2, 12, 8, 87752411, 100041307, 5, 11, 5659280, 1
3, 2, 12, 8, 87752411, 100041307, 5, 10, 3797646, 0
3, 2, 12, 8, 87752411, 100041307, 5, 9, 4183847, 0
3, 2, 12, 8, 87752411, 100041307, 5, 8, 4567493, 0
3, 2, 12, 8, 87752411, 100041307, 5, 7, 3365875, 0
3, 2, 12, 8, 87752411, 100041307, 5, 6, 433794, 0
3, 2, 12, 8, 87752411, 100041307, 5, 5, 395107, 0
3, 2, 12, 8, 87752411, 100041307, 5, 4, 476853, 0
3, 2, 12, 8, 87752411, 100041307, 5, 3, 601249, 0
3, 2, 12, 8, 87752411, 100041307, 5, 2, 813454, 0
3, 2, 12, 8, 87752411, 100041307, 5, 1, 1257157, 0
3, 2, 12, 8, 87752411, 100041307, 5, 0, 2765744, 0
3, 2, 12, 8, 87752411, 100041307, 4, 11, 6319861, 1
3, 2, 12, 8, 87752411, 100041307, 4, 10, 4035368, 1
3, 2, 12, 8, 87752411, 100041307, 4, 9, 4447140, 1
3, 2, 12, 8, 87752411, 100041307, 4, 8, 4844092, 1
3, 2, 12, 8, 87752411, 100041307, 4, 7, 3701728, 1
3, 2, 12, 8, 87752411, 100041307, 4, 6, 116377, 1
3, 2, 12, 8, 87752411, 100041307, 4, 5, 1, 1
3, 2, 12, 8, 87752411, 100041307, 4, 4, 1, 1
3, 2, 12, 8, 87752411, 100041307, 4, 3, 1, 1
3, 2, 12, 8, 87752411, 100041307, 4, 2, 1, 1
3, 2, 12, 8, 87752411, 100041307, 4, 1, 1, 1
3, 2, 12, 8, 87752411, 100041307, 4, 0, 1, 0
3, 2, 12, 8, 87752411, 100041307, 3, 11, 4235759, 1
3, 2, 12, 8, 87752411, 100041307, 3, 10, 1026018, 1
3, 2, 12, 8, 87752411, 100041307, 3, 9, 1131251, 1
3, 2, 12, 8, 87752411, 100041307, 3, 8, 1124256, 1
3, 2, 12, 8, 87752411, 100041307, 3, 7, 1269321, 1
3, 2, 12, 8, 87752411, 100041307, 3, 6, 1, 1
3, 2, 12, 8, 87752411, 100041307, 3, 5, 1, 1
3, 2, 12, 8, 87752411, 100041307, 3, 4, 1, 1
3, 2, 12, 8, 87752411, 100041307, 3, 3, 1, 1
3, 2, 12, 8, 87752411, 100041307, 3, 2, 1, 1
3, 2, 12, 8, 87752411, 100041307, 3, 1, 1, 1
3, 2, 12, 8, 87752411, 100041307, 3, 0, 1, 0
3, 2, 12, 8, 87752411, 100041307, 2, 11, 5551739, 1
3, 2, 12, 8, 87752411, 100041307, 2, 10, 1229655, 1
3, 2, 12, 8, 87752411, 100041307, 2, 9, 1356860, 1
3, 2, 12, 8, 87752411, 100041307, 2, 8, 1513421, 1
3, 2, 12, 8, 87752411, 100041307, 2, 7, 1710824, 1
3, 2, 12, 8, 87752411, 100041307, 2, 6, 1, 1
3, 2, 12, 8, 87752411, 100041307, 2, 5, 1, 1
3, 2, 12, 8, 87752411, 100041307, 2, 4, 1, 1
3, 2, 12, 8, 87752411, 100041307, 2, 3, 1, 1
3, 2, 12, 8, 87752411, 100041307, 2, 2, 1, 1
3, 2, 12, 8, 87752411, 100041307, 2, 1, 1, 1
3, 2, 12, 8, 87752411, 100041307, 2, 0, 1, 0
3, 2, 12, 8, 87752411, 100041307, 1, 11, 6737474, 1
3, 2, 12, 8, 87752411, 100041307, 1, 10, 1, 1
3, 2, 12, 8, 87752411, 100041307, 1, 9, 1, 1
3, 2, 12, 8, 87752411, 100041307, 1, 8, 1, 1
3, 2, 12, 8, 87752411, 100041307, 1, 7, 1, 1
3, 2, 12, 8, 87752411, 100041307, 1, 6, 1, 1
3, 2, 12, 8, 87752411, 100041307, 1, 5, 1, 1
3, 2, 12, 8, 87752411, 100041307, 1, 4, 1, 1
3, 2, 12, 8, 87752411, 100041307, 1, 3, 1, 1
3, 2, 12, 8, 87752411, 100041307, 1, 2, 1, 1
3, 2, 12, 8, 87752411, 100041307, 1, 1, 1, 1
3, 2, 12, 8, 87752411, 100041307, 1, 0, 1, 0
3, 2, 12, 8, 87752411, 100041307, 0, 11, 6152801, 1
3, 2, 12, 8, 87752411, 100041307, 0, 10, 1, 1
3, 2, 12, 8, 87752411, 100041307, 0, 9, 1, 1
3, 2, 12, 8, 87752411, 100041307, 0, 8, 1, 1
3, 2, 12, 8, 87752411, 100041307, 0, 7, 1, 1
3, 2, 12, 8, 87752411, 100041307, 0, 6, 1, 1
3, 2, 12, 8, 87752411, 100041307, 0, 5, 1, 1
3, 2, 12, 8, 87752411, 100041307, 0, 4, 1, 1
3, 2, 12, 8, 87752411, 100041307, 0, 3, 1, 1
3, 2, 12, 8, 87752411, 100041307, 0, 2, 1, 1
3, 2, 12, 8, 87752411, 100041307, 0, 1, 1, 1
3, 3, 12, 8, 100041308, 163074698, 7, 11, 203575691, 1
3, 3, 12, 8, 100041308, 163074698, 7, 10, 195896438, 1
3, 3, 12, 8, 100041308, 163074698, 7, 9, 195555231, 1
3, 3, 12, 8, 100041308, 163074698, 7, 8, 194567476, 1
3, 3, 12, 8, 100041308, 163074698, 7, 7, 189297070, 1
3, 3, 12, 8, 100041308, 163074698, 7, 6, 185052082, 1
3, 3, 12, 8, 100041308, 163074698, 7, 5, 178227987, 0
3, 3, 12, 8, 100041308, 163074698, 7, 4, 186099996, 0
3, 3, 12, 8, 100041308, 163074698, 7, 3, 191098777, 1
3, 3, 12, 8, 100041308, 163074698, 7, 2, 197116692, 0
3, 3, 12, 8, 100041308, 163074698, 7, 1, 190433254, 0
3, 3, 12, 8, 100041308, 163074698, 7, 0, 171419392, 0
3, 3, 12, 8, 100041308, 163074698, 6, 11, 203071971, 1
3, 3, 12, 8, 100041308, 163074698, 6, 10, 196876452, 1
3, 3, 12, 8, 100041308, 163074698, 6, 9, 198980942, 1
3, 3, 12, 8, 100041308, 163074698, 6, 8, 199719109, 1
3, 3, 12, 8, 100041308, 163074698, 6, 7, 195361297, 1
3, 3, 12, 8, 100041308, 163074698, 6, 6, 192948547, 1
3, 3, 12, 8, 100041308, 163074698, 6, 5, 187265431, 1
3, 3, 12, 8, 100041308, 163074698, 6, 4, 193641892, 0
3, 3, 12, 8, 100041308, 163074698, 6, 3, 195360881, 1
3, 3, 12, 8, 100041308, 163074698, 6, 2, 195456140, 0
3, 3, 12, 8, 100041308, 163074698, 6, 1, 173591914, 0
3, 3, 12, 8, 100041308, 163074698, 6, 0, 154957461, 0
3, 3, 12, 8, 100041308, 163074698, 5, 11, 224159439, 1
3, 3, 12, 8, 100041308, 163074698, 5, 10, 220987643, 1
3, 3, 12, 8, 100041308, 163074698, 5, 9, 227100184, 1
3, 3, 12, 8, 100041308, 163074698, 5, 8, 227392654, 1
3, 3, 12, 8, 100041308, 163074698, 5, 7, 221576536, 1
3, 3, 12, 8, 100041308, 163074698, 5, 6, 217823321, 1
3, 3, 12, 8, 100041308, 163074698, 5, 5, 209917388, 1
3, 3, 12, 8, 100041308, 163074698, 5, 4, 216476118, 0
3, 3, 12, 8, 100041308, 163074698, 5, 3, 217108002, 1
3, 3, 12, 8, 100041308, 163074698, 5, 2, 214860014, 0
3, 3, 12, 8, 100041308, 163074698, 5, 1, 181835667, 0
3, 3, 12, 8, 100041308, 163074698, 5, 0, 154957461, 0
3, 3, 12, 8, 100041308, 163074698, 4, 11, 225131225, 1
3, 3, 12, 8, 100041308, 163074698, 4, 10, 222638147, 1
3, 3, 12, 8, 100041308, 163074698, 4, 9, 226400658, 1
3, 3, 12, 8, 100041308, 163074698, 4, 8, 225498913, 1
3, 3, 12, 8, 100041308, 163074698, 4, 7, 218926669, 1
3, 3, 12, 8, 100041308, 163074698, 4, 6, 214855041, 1
3, 3, 12, 8, 100041308, 163074698, 4, 5, 208122864, 1
3, 3, 12, 8, 100041308, 163074698, 4, 4, 211661973, 0
3, 3, 12, 8, 100041308, 163074698, 4, 3, 214101137, 1
3, 3, 12, 8, 100041308, 163074698, 4, 2, 212796849, 0
3, 3, 12, 8, 100041308, 163074698, 4, 1, 177728368, 0
3, 3, 12, 8, 100041308, 163074698, 4, 0, 154957461, 0
3, 3, 12, 8, 100041308, 163074698, 3, 11, 224790369, 1
3, 3, 12, 8, 100041308, 163074698, 3, 10, 221094075, 1
3, 3, 12, 8, 100041308, 163074698, 3, 9, 225378289, 1
3, 3, 12, 8, 100041308, 163074698, 3, 8, 220502800, 1
3, 3, 12, 8, 100041308, 163074698, 3, 7, 212664816, 1
3, 3, 12, 8, 100041308, 163074698, 3, 6, 208184419, 1
3, 3, 12, 8, 100041308, 163074698, 3, 5, 205552483, 1
3, 3, 12, 8, 100041308, 163074698, 3, 4, 210187957, 0
3, 3, 12, 8, 100041308, 163074698, 3, 3, 221989835, 1
3, 3, 12, 8, 100041308, 163074698, 3, 2, 217528146, 0
3, 3, 12, 8, 100041308, 163074698, 3, 1, 184360933, 0
3, 3, 12, 8, 100041308, 163074698, 3, 0, 154957461, 0
3, 3, 12, 8, 100041308, 163074698, 2, 11, 222478085, 1
3, 3, 12, 8, 100041308, 163074698, 2, 10, 213872484, 1
3, 3, 12, 8, 100041308, 163074698, 2, 9, 218563066, 1
3, 3, 12, 8, 100041308, 163074698, 2, 8, 213323377, 1
3, 3, 12, 8, 100041308, 163074698, 2, 7, 208436546, 1
3, 3, 12, 8, 100041308, 163074698, 2, 6, 196901696, 1
3, 3, 12, 8, 100041308, 163074698, 2, 5, 194808776, 1
3, 3, 12, 8, 100041308, 163074698, 2, 4, 207034204, 0
3, 3, 12, 8, 100041308, 163074698, 2, 3, 204863785, 1
3, 3, 12, 8, 100041308, 163074698, 2, 2, 200217340, 0
3, 3, 12, 8, 100041308, 163074698, 2, 1, 172498398, 0
3, 3, 12, 8, 100041308, 163074698, 2, 0, 154957461, 0
3, 3, 12, 8, 100041308, 163074698, 1, 11, 215666608, 1
3, 3, 12, 8, 100041308, 163074698, 1, 10, 206073817, 1
3, 3, 12, 8, 100041308, 163074698, 1, 9, 210098272, 1
3, 3, 12, 8, 100041308, 163074698, 1, 8, 205158238, 1
3, 3, 12, 8, 100041308, 163074698, 1, 7, 192678609, 1
3, 3, 12, 8, 100041308, 163074698, 1, 6, 180902213, 1
3, 3, 12, 8, 100041308, 163074698, 1, 5, 179913234, 1
3, 3, 12, 8, 100041308, 163074698, 1, 4, 180376267, 0
3, 3, 12, 8, 100041308, 163074698, 1, 3, 187762867, 1
3, 3, 12, 8, 100041308, 163074698, 1, 2, 160853049, 0
3, 3, 12, 8, 100041308, 163074698, 1, 1, 132348042, 0
3, 3, 12, 8, 100041308, 163074698, 1, 0, 154957461, 0
3, 3, 12, 8, 100041308, 163074698, 0, 11, 261220680, 1
3, 3, 12, 8, 100041308, 163074698, 0, 10, 253888807, 1
3, 3, 12, 8, 100041308, 163074698, 0, 9, 257555946, 1
3, 3, 12, 8, 100041308, 163074698, 0, 8, 250283408, 1
3, 3, 12, 8, 100041308, 163074698, 0, 7, 235025976, 1
3, 3, 12, 8, 100041308, 163074698, 0, 6, 202254722, 1
3, 3, 12, 8, 100041308, 163074698, 0, 5, 170753176, 1
3, 3, 12, 8, 100041308, 163074698, 0, 4, 148904577, 1
3, 3, 12, 8, 100041308, 163074698, 0, 3, 176127745, 1
3, 3, 12, 8, 100041308, 163074698, 0, 2, 131645021, 1
3, 3, 12, 8, 100041308, 163074698, 0, 1, 3320666, 1
3, 4, 12, 8, 163074699, 312824482, 7, 11, 546460398, 1
3, 4, 12, 8, 163074699, 312824482, 7, 10, 531753247, 1
3, 4, 12, 8, 163074699, 312824482, 7, 9, 514540410, 1
3, 4, 12, 8, 163074699, 312824482, 7, 8, 478786971, 1
3, 4, 12, 8, 163074699, 312824482, 7, 7, 463340861, 1
3, 4, 12, 8, 163074699, 312824482, 7, 6, 463603153, 1
3, 4, 12, 8, 163074699, 312824482, 7, 5, 436845120, 1
3, 4, 12, 8, 163074699, 312824482, 7, 4, 418330797, 1
3, 4, 12, 8, 163074699, 312824482, 7, 3, 381675014, 1
3, 4, 12, 8, 163074699, 312824482, 7, 2, 338970438, 1
3, 4, 12, 8, 163074699, 312824482, 7, 1, 229048039, 1
3, 4, 12, 8, 163074699, 312824482, 7, 0, 93103600, 0
3, 4, 12, 8, 163074699, 312824482, 6, 11, 559018602, 1
3, 4, 12, 8, 163074699, 312824482, 6, 10, 547266104, 1
3, 4, 12, 8, 163074699, 312824482, 6, 9, 533055724, 1
3, 4, 12, 8, 163074699, 312824482, 6, 8, 499677066, 1
3, 4, 12, 8, 163074699, 312824482, 6, 7, 492783081, 1
3, 4, 12, 8, 163074699, 312824482, 6, 6, 487724346, 1
3, 4, 12, 8, 163074699, 312824482, 6, 5, 468937829, 1
3, 4, 12, 8, 163074699, 312824482, 6, 4, 441459749, 1
3, 4, 12, 8, 163074699, 312824482, 6, 3, 389876141, 1
3, 4, 12, 8, 163074699, 312824482, 6, 2, 324552522, 1
3, 4, 12, 8, 163074699, 312824482, 6, 1, 164020784, 1
3, 4, 12, 8, 163074699, 312824482, 6, 0, 1, 0
3, 4, 12, 8, 163074699, 312824482, 5, 11, 619761548, 1
3, 4, 12, 8, 163074699, 312824482, 5, 10, 614491903, 1
3, 4, 12, 8, 163074699, 312824482, 5, 9, 608663983, 1
3, 4, 12, 8, 163074699, 312824482, 5, 8, 584493564, 1
3, 4, 12, 8, 163074699, 312824482, 5, 7, 576622345, 1
3, 4, 12, 8, 163074699, 312824482, 5, 6, 570949984, 1
3, 4, 12, 8, 163074699, 312824482, 5, 5, 549275194, 1
3, 4, 12, 8, 163074699, 312824482, 5, 4, 517510767, 1
3, 4, 12, 8, 163074699, 312824482, 5, 3, 457680687, 1
3, 4, 12, 8, 163074699, 312824482, 5, 2, 381826497, 1
3, 4, 12, 8, 163074699, 312824482, 5, 1, 193842744, 1
3, 4, 12, 8, 163074699, 312824482, 5, 0, 1, 0
3, 4, 12, 8, 163074699, 312824482, 4, 11, 606063825, 1
3, 4, 12, 8, 163074699, 312824482, 4, 10, 602762836, 1
3, 4, 12, 8, 163074699, 312824482, 4, 9, 588886064, 1
3, 4, 12, 8, 163074699, 312824482, 4, 8, 560438596, 1
3, 4, 12, 8, 163074699, 312824482, 4, 7, 552515765, 1
3, 4, 12, 8, 163074699, 312824482, 4, 6, 548558599, 1
3, 4, 12, 8, 163074699, 312824482, 4, 5, 530618797, 1
3, 4, 12, 8, 163074699, 312824482, 4, 4, 504367000, 1
3, 4, 12, 8, 163074699, 312824482, 4, 3, 430041356, 1
3, 4, 12, 8, 163074699, 312824482, 4, 2, 353794187, 1
3, 4, 12, 8, 163074699, 312824482, 4, 1, 172039340, 1
3, 4, 12, 8, 163074699, 312824482, 4, 0, 1, 0
3, 4, 12, 8, 163074699, 312824482, 3, 11, 610516061, 1
3, 4, 12, 8, 163074699, 312824482, 3, 10, 612292048, 1
3, 4, 12, 8, 163074699, 312824482, 3, 9, 602363312, 1
3, 4, 12, 8, 163074699, 312824482, 3, 8, 576797788, 1
3, 4, 12, 8, 163074699, 312824482, 3, 7, 552342796, 1
3, 4, 12, 8, 163074699, 312824482, 3, 6, 562522762, 1
3, 4, 12, 8, 163074699, 312824482, 3, 5, 552537007, 1
3, 4, 12, 8, 163074699, 312824482, 3, 4, 542880992, 1
3, 4, 12, 8, 163074699, 312824482, 3, 3, 477113533, 1
3, 4, 12, 8, 163074699, 312824482, 3, 2, 426910234, 1
3, 4, 12, 8, 163074699, 312824482, 3, 1, 208969408, 1
3, 4, 12, 8, 163074699, 312824482, 3, 0, 1, 0
3, 4, 12, 8, 163074699, 312824482, 2, 11, 604792797, 1
3, 4, 12, 8, 163074699, 312824482, 2, 10, 616106307, 1
3, 4, 12, 8, 163074699, 312824482, 2, 9, 586544334, 1
3, 4, 12, 8, 163074699, 312824482, 2, 8, 555714708, 1
3, 4, 12, 8, 163074699, 312824482, 2, 7, 525760059, 1
3, 4, 12, 8, 163074699, 312824482, 2, 6, 546041827, 1
3, 4, 12, 8, 163074699, 312824482, 2, 5, 543873988, 1
3, 4, 12, 8, 163074699, 312824482, 2, 4, 543369748, 1
3, 4, 12, 8, 163074699, 312824482, 2, 3, 482647886, 1
3, 4, 12, 8, 163074699, 312824482, 2, 2, 462066311, 1
3, 4, 12, 8, 163074699, 312824482, 2, 1, 273220779, 1
3, 4, 12, 8, 163074699, 312824482, 2, 0, 1, 0
3, 4, 12, 8, 163074699, 312824482, 1, 11, 595923531, 1
3, 4, 12, 8, 163074699, 312824482, 1, 10, 608199447, 1
3, 4, 12, 8, 163074699, 312824482, 1, 9, 580443156, 1
3, 4, 12, 8, 163074699, 312824482, 1, 8, 549559409, 1
3, 4, 12, 8, 163074699, 312824482, 1, 7, 522555451, 1
3, 4, 12, 8, 163074699, 312824482, 1, 6, 512822072, 1
3, 4, 12, 8, 163074699, 312824482, 1, 5, 523840742, 1
3, 4, 12, 8, 163074699, 312824482, 1, 4, 471168837, 1
3, 4, 12, 8, 163074699, 312824482, 1, 3, 409679203, 1
3, 4, 12, 8, 163074699, 312824482, 1, 2, 381021191, 1
3, 4, 12, 8, 163074699, 312824482, 1, 1, 139158916, 1
3, 4, 12, 8, 163074699, 312824482, 1, 0, 1, 0
3, 4, 12, 8, 163074699, 312824482, 0, 11, 592483543, 1
3, 4, 12, 8, 163074699, 312824482, 0, 10, 636991538, 1
3, 4, 12, 8, 163074699, 312824482, 0, 9, 619994138, 1
3, 4, 12, 8, 163074699, 312824482, 0, 8, 589135937, 1
3, 4, 12, 8, 163074699, 312824482, 0, 7, 576503677, 1
3, 4, 12, 8, 163074699, 312824482, 0, 6, 517440527, 1
3, 4, 12, 8, 163074699, 312824482, 0, 5, 465262500, 1
3, 4, 12, 8, 163074699, 312824482, 0, 4, 356250095, 1
3, 4, 12, 8, 163074699, 312824482, 0, 3, 337035235, 1
3, 4, 12, 8, 163074699, 312824482, 0, 2, 469834200, 1
3, 4, 12, 8, 163074699, 312824482, 0, 1, 158151439, 1
3, 5, 12, 8, 312824483, 335151058, 7, 11, 12837059, 1
3, 5, 12, 8, 312824483, 335151058, 7, 10, 12462916, 1
3, 5, 12, 8, 312824483, 335151058, 7, 9, 11597703, 1
3, 5, 12, 8, 312824483, 335151058, 7, 8, 11800017, 1
3, 5, 12, 8, 312824483, 335151058, 7, 7, 11886195, 1
3, 5, 12, 8, 312824483, 335151058, 7, 6, 12835116, 1
3, 5, 12, 8, 312824483, 335151058, 7, 5, 12541904, 1
3, 5, 12, 8, 312824483, 335151058, 7, 4, 10418975, 0
3, 5, 12, 8, 312824483, 335151058, 7, 3, 7420535, 0
3, 5, 12, 8, 312824483, 335151058, 7, 2, 4480194, 0
3, 5, 12, 8, 312824483, 335151058, 7, 1, 3965737, 0
3, 5, 12, 8, 312824483, 335151058, 7, 0, 7995110, 0
3, 5, 12, 8, 312824483, 335151058, 6, 11, 14191661, 1
3, 5, 12, 8, 312824483, 335151058, 6, 10, 14047221, 1
3, 5, 12, 8, 312824483, 335151058, 6, 9, 13036720, 1
3, 5, 12, 8, 312824483, 335151058, 6, 8, 13332744, 1
3, 5, 12, 8, 312824483, 335151058, 6, 7, 13411985, 1
3, 5, 12, 8, 312824483, 335151058, 6, 6, 14474173, 1
3, 5, 12, 8, 312824483, 335151058, 6, 5, 14104839, 1
3, 5, 12, 8, 312824483, 335151058, 6, 4, 11622616, 0
3, 5, 12, 8, 312824483, 335151058, 6, 3, 8106129, 0
3, 5, 12, 8, 312824483, 335151058, 6, 2, 4593669, 0
3, 5, 12, 8, 312824483, 335151058, 6, 1, 3716536, 0
3, 5, 12, 8, 312824483, 335151058, 6, 0, 7465780, 0
3, 5, 12, 8, 312824483, 335151058, 5, 11, 13555884, 1
3, 5, 12, 8, 312824483, 335151058, 5, 10, 13109980, 1
3, 5, 12, 8, 312824483, 335151058, 5, 9, 12542370, 1
3, 5, 12, 8, 312824483, 335151058, 5, 8, 12586722, 1
3, 5, 12, 8, 312824483, 335151058, 5, 7, 12300539, 1
3, 5, 12, 8, 312824483, 335151058, 5, 6, 14051516, 1
3, 5, 12, 8, 312824483, 335151058, 5, 5, 14113676, 1
3, 5, 12, 8, 312824483, 335151058, 5, 4, 10718937, 0
3, 5, 12, 8, 312824483, 335151058, 5, 3, 8646798, 0
3, 5, 12, 8, 312824483, 335151058, 5, 2, 4228485, 0
3, 5, 12, 8, 312824483, 335151058, 5, 1, 2575077, 0
3, 5, 12, 8, 312824483, 335151058, 5, 0, 4961111, 0
3, 5, 12, 8, 312824483, 335151058, 4, 11, 15134502, 1
3, 5, 12, 8, 312824483, 335151058, 4, 10, 15077536, 1
3, 5, 12, 8, 312824483, 335151058, 4, 9, 14327307, 1
3, 5, 12, 8, 312824483, 335151058, 4, 8, 14298512, 1
3, 5, 12, 8, 312824483, 335151058, 4, 7, 13850348, 1
3, 5, 12, 8, 312824483, 335151058, 4, 6, 15827953, 1
3, 5, 12, 8, 312824483, 335151058, 4, 5, 16994092, 1
3, 5, 12, 8, 312824483, 335151058, 4, 4, 12904133, 0
3, 5, 12, 8, 312824483, 335151058, 4, 3, 10406651, 0
3, 5, 12, 8, 312824483, 335151058, 4, 2, 5052447, 0
3, 5, 12, 8, 312824483, 335151058, 4, 1, 3019539, 0
3, 5, 12, 8, 312824483, 335151058, 4, 0, 5913891, 0
3, 5, 12, 8, 312824483, 335151058, 3, 11, 17181306, 1
3, 5, 12, 8, 312824483, 335151058, 3, 10, 17943829, 1
3, 5, 12, 8, 312824483, 335151058, 3, 9, 16908609, 1
3, 5, 12, 8, 312824483, 335151058, 3, 8, 16758063, 1
3, 5, 12, 8, 312824483, 335151058, 3, 7, 16050364, 1
3, 5, 12, 8, 312824483, 335151058, 3, 6, 18353633, 1
3, 5, 12, 8, 312824483, 335151058, 3, 5, 19575059, 1
3, 5, 12, 8, 312824483, 335151058, 3, 4, 14057731, 1
3, 5, 12, 8, 312824483, 335151058, 3, 3, 10341605, 1
3, 5, 12, 8, 312824483, 335151058, 3, 2, 2557450, 1
3, 5, 12, 8, 312824483, 335151058, 3, 1, 502898, 1
3, 5, 12, 8, 312824483, 335151058, 3, 0, 1, 0
3, 5, 12, 8, 312824483, 335151058, 2, 11, 10272796, 1
3, 5, 12, 8, 312824483, 335151058, 2, 10, 10112848, 1
3, 5, 12, 8, 312824483, 335151058, 2, 9, 11159004, 1
3, 5, 12, 8, 312824483, 335151058, 2, 8, 12441446, 1
3, 5, 12, 8, 312824483, 335151058, 2, 7, 10195942, 1
3, 5, 12, 8, 312824483, 335151058, 2, 6, 11624675, 1
3, 5, 12, 8, 312824483, 335151058, 2, 5, 11010103, 1
3, 5, 12, 8, 312824483, 335151058, 2, 4, 4038866, 1
3, 5, 12, 8, 312824483, 335151058, 2, 3, 1420285, 1
3, 5, 12, 8, 312824483, 335151058, 2, 2, 440036, 1
3, 5, 12, 8, 312824483, 335151058, 2, 1, 704057, 1
3, 5, 12, 8, 312824483, 335151058, 2, 0, 1, 0
3, 5, 12, 8, 312824483, 335151058, 1, 11, 12815121, 1
3, 5, 12, 8, 312824483, 335151058, 1, 10, 12324336, 1
3, 5, 12, 8, 312824483, 335151058, 1, 9, 13621634, 1
3, 5, 12, 8, 312824483, 335151058, 1, 8, 15216326, 1
3, 5, 12, 8, 312824483, 335151058, 1, 7, 12243431, 1
3, 5, 12, 8, 312824483, 335151058, 1, 6, 14127035, 1
3, 5, 12, 8, 312824483, 335151058, 1, 5, 16695587, 1
3, 5, 12, 8, 312824483, 335151058, 1, 4, 5891537, 1
3, 5, 12, 8, 312824483, 335151058, 1, 3, 1728979, 1
3, 5, 12, 8, 312824483, 335151058, 1, 2, 1, 1
3, 5, 12, 8, 312824483, 335151058, 1, 1, 1, 1
3, 5, 12, 8, 312824483, 335151058, 1, 0, 1, 0
3, 5, 12, 8, 312824483, 335151058, 0, 11, 9495928, 1
3, 5, 12, 8, 312824483, 335151058, 0, 10, 10445521, 1
3, 5, 12, 8, 312824483, 335151058, 0, 9, 11606134, 1
3, 5, 12, 8, 312824483, 335151058, 0, 8, 13056901, 1
3, 5, 12, 8, 312824483, 335151058, 0, 7, 9487135, 1
3, 5, 12, 8, 312824483, 335151058, 0, 6, 11068324, 1
3, 5, 12, 8, 312824483, 335151058, 0, 5, 13281989, 1
3, 5, 12, 8, 312824483, 335151058, 0, 4, 1, 1
3, 5, 12, 8, 312824483, 335151058, 0, 3, 1, 1
3, 5, 12, 8, 312824483, 335151058, 0, 2, 1, 1
3, 5, 12, 8, 312824483, 335151058, 0, 1, 1, 1
3, 6, 12, 8, 335151059, 403888132, 7, 11, 668251670, 1
3, 6, 12, 8, 335151059, 403888132, 7, 10, 660796534, 1
3, 6, 12, 8, 335151059, 403888132, 7, 9, 638765480, 1
3, 6, 12, 8, 335151059, 403888132, 7, 8, 605246617, 1
3, 6, 12, 8, 335151059, 403888132, 7, 7, 586791702, 1
3, 6, 12, 8, 335151059, 403888132, 7, 6, 574187875, 1
3, 6, 12, 8, 335151059, 403888132, 7, 5, 534860209, 1
3, 6, 12, 8, 335151059, 403888132, 7, 4, 522322686, 1
3, 6, 12, 8, 335151059, 403888132, 7, 3, 479872634, 1
3, 6, 12, 8, 335151059, 403888132, 7, 2, 422987010, 1
3, 6, 12, 8, 335151059, 403888132, 7, 1, 297929296, 1
3, 6, 12, 8, 335151059, 403888132, 7, 0, 76016702, 0
3, 6, 12, 8, 335151059, 403888132, 6, 11, 692755373, 1
3, 6, 12, 8, 335151059, 403888132, 6, 10, 690720108, 1
3, 6, 12, 8, 335151059, 403888132, 6, 9, 671502893, 1
3, 6, 12, 8, 335151059, 403888132, 6, 8, 639577383, 1
3, 6, 12, 8, 335151059, 403888132, 6, 7, 629575020, 1
3, 6, 12, 8, 335151059, 403888132, 6, 6, 613642526, 1
3, 6, 12, 8, 335151059, 403888132, 6, 5, 584817182, 1
3, 6, 12, 8, 335151059, 403888132, 6, 4, 564989982, 1
3, 6, 12, 8, 335151059, 403888132, 6, 3, 507967640, 1
3, 6, 12, 8, 335151059, 403888132, 6, 2, 428388792, 1
3, 6, 12, 8, 335151059, 403888132, 6, 1, 254462620, 1
3, 6, 12, 8, 335151059, 403888132, 6, 0, 1, 0
3, 6, 12, 8, 335151059, 403888132, 5, 11, 763092555, 1
3, 6, 12, 8, 335151059, 403888132, 5, 10, 771661332, 1
3, 6, 12, 8, 335151059, 403888132, 5, 9, 764564382, 1
3, 6, 12, 8, 335151059, 403888132, 5, 8, 743058268, 1
3, 6, 12, 8, 335151059, 403888132, 5, 7, 730955672, 1
3, 6, 12, 8, 335151059, 403888132, 5, 6, 711783701, 1
3, 6, 12, 8, 335151059, 403888132, 5, 5, 677308427, 1
3, 6, 12, 8, 335151059, 403888132, 5, 4, 653032755, 1
3, 6, 12, 8, 335151059, 403888132, 5, 3, 584496382, 1
3, 6, 12, 8, 335151059, 403888132, 5, 2, 488003903, 1
3, 6, 12, 8, 335151059, 403888132, 5, 1, 276027687, 1
3, 6, 12, 8, 335151059, 403888132, 5, 0, 1, 0
3, 6, 12, 8, 335151059, 403888132, 4, 11, 748214262, 1
3, 6, 12, 8, 335151059, 403888132, 4, 10, 763167803, 1
3, 6, 12, 8, 335151059, 403888132, 4, 9, 756535137, 1
3, 6, 12, 8, 335151059, 403888132, 4, 8, 734521841, 1
3, 6, 12, 8, 335151059, 403888132, 4, 7, 724517254, 1
3, 6, 12, 8, 335151059, 403888132, 4, 6, 708677064, 1
3, 6, 12, 8, 335151059, 403888132, 4, 5, 679687222, 1
3, 6, 12, 8, 335151059, 403888132, 4, 4, 666540145, 1
3, 6, 12, 8, 335151059, 403888132, 4, 3, 605573914, 1
3, 6, 12, 8, 335151059, 403888132, 4, 2, 523181550, 1
3, 6, 12, 8, 335151059, 403888132, 4, 1, 335402154, 1
3, 6, 12, 8, 335151059, 403888132, 4, 0, 1, 0
3, 6, 12, 8, 335151059, 403888132, 3, 11, 778555252, 1
3, 6, 12, 8, 335151059, 403888132, 3, 10, 782756204, 1
3, 6, 12, 8, 335151059, 403888132, 3, 9, 780419887, 1
3, 6, 12, 8, 335151059, 403888132, 3, 8, 762278077, 1
3, 6, 12, 8, 335151059, 403888132, 3, 7, 736033496, 1
3, 6, 12, 8, 335151059, 403888132, 3, 6, 724716915, 1
3, 6, 12, 8, 335151059, 403888132, 3, 5, 706009021, 1
3, 6, 12, 8, 335151059, 403888132, 3, 4, 705629864, 1
3, 6, 12, 8, 335151059, 403888132, 3, 3, 664238960, 1
3, 6, 12, 8, 335151059, 403888132, 3, 2, 619265548, 1
3, 6, 12, 8, 335151059, 403888132, 3, 1, 388006668, 1
3, 6, 12, 8, 335151059, 403888132, 3, 0, 1, 0
3, 6, 12, 8, 335151059, 403888132, 2, 11, 758862652, 1
3, 6, 12, 8, 335151059, 403888132, 2, 10, 771262952, 1
3, 6, 12, 8, 335151059, 403888132, 2, 9, 745137554, 1
3, 6, 12, 8, 335151059, 403888132, 2, 8, 718439127, 1
3, 6, 12, 8, 335151059, 403888132, 2, 7, 682398802, 1
3, 6, 12, 8, 335151059, 403888132, 2, 6, 669532748, 1
3, 6, 12, 8, 335151059, 403888132, 2, 5, 652223521, 1
3, 6, 12, 8, 335151059, 403888132, 2, 4, 652869903, 1
3, 6, 12, 8, 335151059, 403888132, 2, 3, 620389250, 1
3, 6, 12, 8, 335151059, 403888132, 2, 2, 578307233, 1
3, 6, 12, 8, 335151059, 403888132, 2, 1, 322325895, 1
3, 6, 12, 8, 335151059, 403888132, 2, 0, 1, 0
3, 6, 12, 8, 335151059, 403888132, 1, 11, 739721649, 1
3, 6, 12, 8, 335151059, 403888132, 1, 10, 758871070, 1
3, 6, 12, 8, 335151059, 403888132, 1, 9, 729879184, 1
3, 6, 12, 8, 335151059, 403888132, 1, 8, 702267235, 1
3, 6, 12, 8, 335151059, 403888132, 1, 7, 668311820, 1
3, 6, 12, 8, 335151059, 403888132, 1, 6, 616702788, 1
3, 6, 12, 8, 335151059, 403888132, 1, 5, 619639744, 1
3, 6, 12, 8, 335151059, 403888132, 1, 4, 575625973, 1
3, 6, 12, 8, 335151059, 403888132, 1, 3, 554014126, 1
3, 6, 12, 8, 335151059, 403888132, 1, 2, 543755783, 1
3, 6, 12, 8, 335151059, 403888132, 1, 1, 219263334, 1
3, 6, 12, 8, 335151059, 403888132, 1, 0, 1, 0
3, 6, 12, 8, 335151059, 403888132, 0, 11, 741219487, 1
3, 6, 12, 8, 335151059, 403888132, 0, 10, 789707225, 1
3, 6, 12, 8, 335151059, 403888132, 0, 9, 751620919, 1
3, 6, 12, 8, 335151059, 403888132, 0, 8, 718918973, 1
3, 6, 12, 8, 335151059, 403888132, 0, 7, 685018452, 1
3, 6, 12, 8, 335151059, 403888132, 0, 6, 637036843, 1
3, 6, 12, 8, 335151059, 403888132, 0, 5, 557106947, 1
3, 6, 12, 8, 335151059, 403888132, 0, 4, 468131850, 1
3, 6, 12, 8, 335151059, 403888132, 0, 3, 555782604, 1
3, 6, 12, 8, 335151059, 403888132, 0, 2, 788282498, 1
3, 6, 12, 8, 335151059, 403888132, 0, 1, 534893149, 1
3, 7, 12, 8, 403888133, 470073260, 7, 11, 731748494, 1
3, 7, 12, 8, 403888133, 470073260, 7, 10, 721425640, 1
3, 7, 12, 8, 403888133, 470073260, 7, 9, 709087905, 1
3, 7, 12, 8, 403888133, 470073260, 7, 8, 674903315, 1
3, 7, 12, 8, 403888133, 470073260, 7, 7, 667503253, 1
3, 7, 12, 8, 403888133, 470073260, 7, 6, 678998134, 1
3, 7, 12, 8, 403888133, 470073260, 7, 5, 648017374, 1
3, 7, 12, 8, 403888133, 470073260, 7, 4, 611407038, 1
3, 7, 12, 8, 403888133, 470073260, 7, 3, 595897617, 1
3, 7, 12, 8, 403888133, 470073260, 7, 2, 535829759, 1
3, 7, 12, 8, 403888133, 470073260, 7, 1, 421255932, 1
3, 7, 12, 8, 403888133, 470073260, 7, 0, 134941958, 0
3, 7, 12, 8, 403888133, 470073260, 6, 11, 719566651, 1
3, 7, 12, 8, 403888133, 470073260, 6, 10, 710915142, 1
3, 7, 12, 8, 403888133, 470073260, 6, 9, 698560003, 1
3, 7, 12, 8, 403888133, 470073260, 6, 8, 662059972, 1
3, 7, 12, 8, 403888133, 470073260, 6, 7, 654268266, 1
3, 7, 12, 8, 403888133, 470073260, 6, 6, 653284712, 1
3, 7, 12, 8, 403888133, 470073260, 6, 5, 622248047, 1
3, 7, 12, 8, 403888133, 470073260, 6, 4, 585702909, 1
3, 7, 12, 8, 403888133, 470073260, 6, 3, 538587058, 1
3, 7, 12, 8, 403888133, 470073260, 6, 2, 471869629, 1
3, 7, 12, 8, 403888133, 470073260, 6, 1, 341950490, 1
3, 7, 12, 8, 403888133, 470073260, 6, 0, 1, 0
3, 7, 12, 8, 403888133, 470073260, 5, 11, 785007807, 1
3, 7, 12, 8, 403888133, 470073260, 5, 10, 780947093, 1
3, 7, 12, 8, 403888133, 470073260, 5, 9, 778614544, 1
3, 7, 12, 8, 403888133, 470073260, 5, 8, 751169560, 1
3, 7, 12, 8, 403888133, 470073260, 5, 7, 741642196, 1
3, 7, 12, 8, 403888133, 470073260, 5, 6, 739957436, 1
3, 7, 12, 8, 403888133, 470073260, 5, 5, 702883394, 1
3, 7, 12, 8, 403888133, 470073260, 5, 4, 655263717, 1
3, 7, 12, 8, 403888133, 470073260, 5, 3, 592634758, 1
3, 7, 12, 8, 403888133, 470073260, 5, 2, 501537732, 1
3, 7, 12, 8, 403888133, 470073260, 5, 1, 321282295, 1
3, 7, 12, 8, 403888133, 470073260, 5, 0, 1, 0
3, 7, 12, 8, 403888133, 470073260, 4, 11, 782462222, 1
3, 7, 12, 8, 403888133, 470073260, 4, 10, 778783584, 1
3, 7, 12, 8, 403888133, 470073260, 4, 9, 779755232, 1
3, 7, 12, 8, 403888133, 470073260, 4, 8, 752455994, 1
3, 7, 12, 8, 403888133, 470073260, 4, 7, 746259176, 1
3, 7, 12, 8, 403888133, 470073260, 4, 6, 751727829, 1
3, 7, 12, 8, 403888133, 470073260, 4, 5, 713729717, 1
3, 7, 12, 8, 403888133, 470073260, 4, 4, 666363043, 1
3, 7, 12, 8, 403888133, 470073260, 4, 3, 610217232, 1
3, 7, 12, 8, 403888133, 470073260, 4, 2, 536540861, 1
3, 7, 12, 8, 403888133, 470073260, 4, 1, 392678360, 1
3, 7, 12, 8, 403888133, 470073260, 4, 0, 1, 0
3, 7, 12, 8, 403888133, 470073260, 3, 11, 805187023, 1
3, 7, 12, 8, 403888133, 470073260, 3, 10, 808541098, 1
3, 7, 12, 8, 403888133, 470073260, 3, 9, 813573101, 1
3, 7, 12, 8, 403888133, 470073260, 3, 8, 789599729, 1
3, 7, 12, 8, 403888133, 470073260, 3, 7, 770860536, 1
3, 7, 12, 8, 403888133, 470073260, 3, 6, 790701904, 1
3, 7, 12, 8, 403888133, 470073260, 3, 5, 762134209, 1
3, 7, 12, 8, 403888133, 470073260, 3, 4, 722007241, 1
3, 7, 12, 8, 403888133, 470073260, 3, 3, 688503190, 1
3, 7, 12, 8, 403888133, 470073260, 3, 2, 648862171, 1
3, 7, 12, 8, 403888133, 470073260, 3, 1, 470234553, 1
3, 7, 12, 8, 403888133, 470073260, 3, 0, 1, 0
3, 7, 12, 8, 403888133, 470073260, 2, 11, 824862063, 1
3, 7, 12, 8, 403888133, 470073260, 2, 10, 834219284, 1
3, 7, 12, 8, 403888133, 470073260, 2, 9, 818761332, 1
3, 7, 12, 8, 403888133, 470073260, 2, 8, 796822016, 1
3, 7, 12, 8, 403888133, 470073260, 2, 7, 773756462, 1
3, 7, 12, 8, 403888133, 470073260, 2, 6, 811548390, 1
3, 7, 12, 8, 403888133, 470073260, 2, 5, 788398382, 1
3, 7, 12, 8, 403888133, 470073260, 2, 4, 747122183, 1
3, 7, 12, 8, 403888133, 470073260, 2, 3, 731727477, 1
3, 7, 12, 8, 403888133, 470073260, 2, 2, 737871034, 1
3, 7, 12, 8, 403888133, 470073260, 2, 1, 606041662, 1
3, 7, 12, 8, 403888133, 470073260, 2, 0, 1, 0
3, 7, 12, 8, 403888133, 470073260, 1, 11, 805086191, 1
3, 7, 12, 8, 403888133, 470073260, 1, 10, 828176067, 1
3, 7, 12, 8, 403888133, 470073260, 1, 9, 815073687, 1
3, 7, 12, 8, 403888133, 470073260, 1, 8, 793279691, 1
3, 7, 12, 8, 403888133, 470073260, 1, 7, 775507817, 1
3, 7, 12, 8, 403888133, 470073260, 1, 6, 798436559, 1
3, 7, 12, 8, 403888133, 470073260, 1, 5, 770877341, 1
3, 7, 12, 8, 403888133, 470073260, 1, 4, 718850624, 1
3, 7, 12, 8, 403888133, 470073260, 1, 3, 715634038, 1
3, 7, 12, 8, 403888133, 470073260, 1, 2, 770022199, 1
3, 7, 12, 8, 403888133, 470073260, 1, 1, 663980863, 1
3, 7, 12, 8, 403888133, 470073260, 1, 0, 1, 0
3, 7, 12, 8, 403888133, 470073260, 0, 11, 786651119, 1
3, 7, 12, 8, 403888133, 470073260, 0, 10, 832332253, 1
3, 7, 12, 8, 403888133, 470073260, 0, 9, 821026231, 1
3, 7, 12, 8, 403888133, 470073260, 0, 8, 796446872, 1
3, 7, 12, 8, 403888133, 470073260, 0, 7, 782208812, 1
3, 7, 12, 8, 403888133, 470073260, 0, 6, 751127321, 1
3, 7, 12, 8, 403888133, 470073260, 0, 5, 726276135, 1
3, 7, 12, 8, 403888133, 470073260, 0, 4, 638434224, 1
3, 7, 12, 8, 403888133, 470073260, 0, 3, 705069567, 1
3, 7, 12, 8, 403888133, 470073260, 0, 2, 963043251, 1
3, 7, 12, 8, 403888133, 470073260, 0, 1, 1032356360, 1
3, 8, 12, 8, 470073261, 488951030, 7, 11, 4062749, 1
3, 8, 12, 8, 470073261, 488951030, 7, 10, 4358564, 1
3, 8, 12, 8, 470073261, 488951030, 7, 9, 4707647, 1
3, 8, 12, 8, 470073261, 488951030, 7, 8, 4163454, 1
3, 8, 12, 8, 470073261, 488951030, 7, 7, 4598480, 1
3, 8, 12, 8, 470073261, 488951030, 7, 6, 3151732, 1
3, 8, 12, 8, 470073261, 488951030, 7, 5, 3219004, 1
3, 8, 12, 8, 470073261, 488951030, 7, 4, 2184103, 1
3, 8, 12, 8, 470073261, 488951030, 7, 3, 2747743, 1
3, 8, 12, 8, 470073261, 488951030, 7, 2, 1823048, 1
3, 8, 12, 8, 470073261, 488951030, 7, 1, 1, 1
3, 8, 12, 8, 470073261, 488951030, 7, 0, 1, 0
3, 8, 12, 8, 470073261, 488951030, 6, 11, 4524333, 1
3, 8, 12, 8, 470073261, 488951030, 6, 10, 4941047, 1
3, 8, 12, 8, 470073261, 488951030, 6, 9, 5389915, 1
3, 8, 12, 8, 470073261, 488951030, 6, 8, 4767827, 1
3, 8, 12, 8, 470073261, 488951030, 6, 7, 5267349, 1
3, 8, 12, 8, 470073261, 488951030, 6, 6, 3611360, 1
3, 8, 12, 8, 470073261, 488951030, 6, 5, 3690077, 1
3, 8, 12, 8, 470073261, 488951030, 6, 4, 2505295, 1
3, 8, 12, 8, 470073261, 488951030, 6, 3, 3154816, 1
3, 8, 12, 8, 470073261, 488951030, 6, 2, 2096505, 1
3, 8, 12, 8, 470073261, 488951030, 6, 1, 1, 1
3, 8, 12, 8, 470073261, 488951030, 6, 0, 1, 0
3, 8, 12, 8, 470073261, 488951030, 5, 11, 5289008, 1
3, 8, 12, 8, 470073261, 488951030, 5, 10, 5777225, 1
3, 8, 12, 8, 470073261, 488951030, 5, 9, 6303460, 1
3, 8, 12, 8, 470073261, 488951030, 5, 8, 5577457, 1
3, 8, 12, 8, 470073261, 488951030, 5, 7, 6163920, 1
3, 8, 12, 8, 470073261, 488951030, 5, 6, 4227934, 1
3, 8, 12, 8, 470073261, 488951030, 5, 5, 4322662, 1
3, 8, 12, 8, 470073261, 488951030, 5, 4, 2937242, 1
3, 8, 12, 8, 470073261, 488951030, 5, 3, 3703479, 1
3, 8, 12, 8, 470073261, 488951030, 5, 2, 2466477, 1
3, 8, 12, 8, 470073261, 488951030, 5, 1, 1, 1
3, 8, 12, 8, 470073261, 488951030, 5, 0, 1, 0
3, 8, 12, 8, 470073261, 488951030, 4, 11, 4800990, 1
3, 8, 12, 8, 470073261, 488951030, 4, 10, 5245526, 1
3, 8, 12, 8, 470073261, 488951030, 4, 9, 5706999, 1
3, 8, 12, 8, 470073261, 488951030, 4, 8, 4621455, 1
3, 8, 12, 8, 470073261, 488951030, 4, 7, 5062641, 1
3, 8, 12, 8, 470073261, 488951030, 4, 6, 2549848, 1
3, 8, 12, 8, 470073261, 488951030, 4, 5, 2989477, 1
3, 8, 12, 8, 470073261, 488951030, 4, 4, 1955447, 1
3, 8, 12, 8, 470073261, 488951030, 4, 3, 2470039, 1
3, 8, 12, 8, 470073261, 488951030, 4, 2, 2995007, 1
3, 8, 12, 8, 470073261, 488951030, 4, 1, 1, 1
3, 8, 12, 8, 470073261, 488951030, 4, 0, 1, 0
3, 8, 12, 8, 470073261, 488951030, 3, 11, 5213553, 1
3, 8, 12, 8, 470073261, 488951030, 3, 10, 5698535, 1
3, 8, 12, 8, 470073261, 488951030, 3, 9, 6190296, 1
3, 8, 12, 8, 470073261, 488951030, 3, 8, 4717790, 1
3, 8, 12, 8, 470073261, 488951030, 3, 7, 5136182, 1
3, 8, 12, 8, 470073261, 488951030, 3, 6, 2969103, 1
3, 8, 12, 8, 470073261, 488951030, 3, 5, 3485469, 1
3, 8, 12, 8, 470073261, 488951030, 3, 4, 2126404, 1
3, 8, 12, 8, 470073261, 488951030, 3, 3, 2693445, 1
3, 8, 12, 8, 470073261, 488951030, 3, 2, 3218277, 1
3, 8, 12, 8, 470073261, 488951030, 3, 1, 1, 1
3, 8, 12, 8, 470073261, 488951030, 3, 0, 1, 0
3, 8, 12, 8, 470073261, 488951030, 2, 11, 4347813, 1
3, 8, 12, 8, 470073261, 488951030, 2, 10, 4755421, 1
3, 8, 12, 8, 470073261, 488951030, 2, 9, 5247361, 1
3, 8, 12, 8, 470073261, 488951030, 2, 8, 5852826, 1
3, 8, 12, 8, 470073261, 488951030, 2, 7, 6359671, 1
3, 8, 12, 8, 470073261, 488951030, 2, 6, 3360830, 1
3, 8, 12, 8, 470073261, 488951030, 2, 5, 3953917, 1
3, 8, 12, 8, 470073261, 488951030, 2, 4, 2885834, 1
3, 8, 12, 8, 470073261, 488951030, 2, 3, 3672879, 1
3, 8, 12, 8, 470073261, 488951030, 2, 2, 4425130, 1
3, 8, 12, 8, 470073261, 488951030, 2, 1, 1, 1
3, 8, 12, 8, 470073261, 488951030, 2, 0, 1, 0
3, 8, 12, 8, 470073261, 488951030, 1, 11, 6157210, 1
3, 8, 12, 8, 470073261, 488951030, 1, 10, 6743611, 1
3, 8, 12, 8, 470073261, 488951030, 1, 9, 7453464, 1
3, 8, 12, 8, 470073261, 488951030, 1, 8, 8330343, 1
3, 8, 12, 8, 470073261, 488951030, 1, 7, 9441055, 1
3, 8, 12, 8, 470073261, 488951030, 1, 6, 5170507, 1
3, 8, 12, 8, 470073261, 488951030, 1, 5, 6110599, 1
3, 8, 12, 8, 470073261, 488951030, 1, 4, 4489074, 1
3, 8, 12, 8, 470073261, 488951030, 1, 3, 5771667, 1
3, 8, 12, 8, 470073261, 488951030, 1, 2, 7080208, 1
3, 8, 12, 8, 470073261, 488951030, 1, 1, 1, 1
3, 8, 12, 8, 470073261, 488951030, 1, 0, 1, 0
3, 8, 12, 8, 470073261, 488951030, 0, 11, 8684624, 1
3, 8, 12, 8, 470073261, 488951030, 0, 10, 9553086, 1
3, 8, 12, 8, 470073261, 488951030, 0, 9, 10614540, 1
3, 8, 12, 8, 470073261, 488951030, 0, 8, 11941358, 1
3, 8, 12, 8, 470073261, 488951030, 0, 7, 13647266, 1
3, 8, 12, 8, 470073261, 488951030, 0, 6, 11202765, 1
3, 8, 12, 8, 470073261, 488951030, 0, 5, 13443318, 1
3, 8, 12, 8, 470073261, 488951030, 0, 4, 10100417, 1
3, 8, 12, 8, 470073261, 488951030, 0, 3, 13467222, 1
3, 8, 12, 8, 470073261, 488951030, 0, 2, 17700520, 1
3, 8, 12, 8, 470073261, 488951030, 0, 1, 1, 1
3, 9, 12, 8, 488951031, 714609582, 7, 11, 207003508, 1
3, 9, 12, 8, 488951031, 714609582, 7, 10, 201655925, 1
3, 9, 12, 8, 488951031, 714609582, 7, 9, 178636555, 1
3, 9, 12, 8, 488951031, 714609582, 7, 8, 159805783, 1
3, 9, 12, 8, 488951031, 714609582, 7, 7, 142434003, 1
3, 9, 12, 8, 488951031, 714609582, 7, 6, 144723923, 1
3, 9, 12, 8, 488951031, 714609582, 7, 5, 107259312, 1
3, 9, 12, 8, 488951031, 714609582, 7, 4, 83464810, 1
3, 9, 12, 8, 488951031, 714609582, 7, 3, 50997707, 0
3, 9, 12, 8, 488951031, 714609582, 7, 2, 68736039, 0
3, 9, 12, 8, 488951031, 714609582, 7, 1, 105395260, 0
3, 9, 12, 8, 488951031, 714609582, 7, 0, 79212069, 0
3, 9, 12, 8, 488951031, 714609582, 6, 11, 176687540, 1
3, 9, 12, 8, 488951031, 714609582, 6, 10, 177652774, 1
3, 9, 12, 8, 488951031, 714609582, 6, 9, 153527605, 1
3, 9, 12, 8, 488951031, 714609582, 6, 8, 134691919, 1
3, 9, 12, 8, 488951031, 714609582, 6, 7, 125713363, 1
3, 9, 12, 8, 488951031, 714609582, 6, 6, 125495452, 1
3, 9, 12, 8, 488951031, 714609582, 6, 5, 97920567, 1
3, 9, 12, 8, 488951031, 714609582, 6, 4, 65549505, 1
3, 9, 12, 8, 488951031, 714609582, 6, 3, 20536463, 0
3, 9, 12, 8, 488951031, 714609582, 6, 2, 27724224, 0
3, 9, 12, 8, 488951031, 714609582, 6, 1, 42652653, 0
3, 9, 12, 8, 488951031, 714609582, 6, 0, 6877046, 0
3, 9, 12, 8, 488951031, 714609582, 5, 11, 172836639, 1
3, 9, 12, 8, 488951031, 714609582, 5, 10, 170891482, 1
3, 9, 12, 8, 488951031, 714609582, 5, 9, 155161540, 1
3, 9, 12, 8, 488951031, 714609582, 5, 8, 147456074, 1
3, 9, 12, 8, 488951031, 714609582, 5, 7, 136191760, 1
3, 9, 12, 8, 488951031, 714609582, 5, 6, 134403890, 1
3, 9, 12, 8, 488951031, 714609582, 5, 5, 100043458, 1
3, 9, 12, 8, 488951031, 714609582, 5, 4, 59153827, 1
3, 9, 12, 8, 488951031, 714609582, 5, 3, 1794012, 0
3, 9, 12, 8, 488951031, 714609582, 5, 2, 2427193, 0
3, 9, 12, 8, 488951031, 714609582, 5, 1, 3751116, 0
3, 9, 12, 8, 488951031, 714609582, 5, 0, 8252455, 0
3, 9, 12, 8, 488951031, 714609582, 4, 11, 168263105, 1
3, 9, 12, 8, 488951031, 714609582, 4, 10, 168498295, 1
3, 9, 12, 8, 488951031, 714609582, 4, 9, 152659840, 1
3, 9, 12, 8, 488951031, 714609582, 4, 8, 147177567, 1
3, 9, 12, 8, 488951031, 714609582, 4, 7, 138371629, 1
3, 9, 12, 8, 488951031, 714609582, 4, 6, 142378823, 1
3, 9, 12, 8, 488951031, 714609582, 4, 5, 109195907, 1
3, 9, 12, 8, 488951031, 714609582, 4, 4, 71477541, 1
3, 9, 12, 8, 488951031, 714609582, 4, 3, 2171699, 0
3, 9, 12, 8, 488951031, 714609582, 4, 2, 2947306, 0
3, 9, 12, 8, 488951031, 714609582, 4, 1, 4584697, 0
3, 9, 12, 8, 488951031, 714609582, 4, 0, 10315568, 0
3, 9, 12, 8, 488951031, 714609582, 3, 11, 173561433, 1
3, 9, 12, 8, 488951031, 714609582, 3, 10, 170928116, 1
3, 9, 12, 8, 488951031, 714609582, 3, 9, 155542897, 1
3, 9, 12, 8, 488951031, 714609582, 3, 8, 154185529, 1
3, 9, 12, 8, 488951031, 714609582, 3, 7, 141676590, 1
3, 9, 12, 8, 488951031, 714609582, 3, 6, 142087436, 1
3, 9, 12, 8, 488951031, 714609582, 3, 5, 108565297, 1
3, 9, 12, 8, 488951031, 714609582, 3, 4, 72664275, 1
3, 9, 12, 8, 488951031, 714609582, 3, 3, 2750819, 0
3, 9, 12, 8, 488951031, 714609582, 3, 2, 3751116, 0
3, 9, 12, 8, 488951031, 714609582, 3, 1, 5894611, 0
3, 9, 12, 8, 488951031, 714609582, 3, 0, 13754091, 0
3, 9, 12, 8, 488951031, 714609582, 2, 11, 186823189, 1
3, 9, 12, 8, 488951031, 714609582, 2, 10, 189567906, 1
3, 9, 12, 8, 488951031, 714609582, 2, 9, 174539785, 1
3, 9, 12, 8, 488951031, 714609582, 2, 8, 168922088, 1
3, 9, 12, 8, 488951031, 714609582, 2, 7, 147280656, 1
3, 9, 12, 8, 488951031, 714609582, 2, 6, 141592078, 1
3, 9, 12, 8, 488951031, 714609582, 2, 5, 107489550, 1
3, 9, 12, 8, 488951031, 714609582, 2, 4, 74698678, 1
3, 9, 12, 8, 488951031, 714609582, 2, 3, 3751116, 0
3, 9, 12, 8, 488951031, 714609582, 2, 2, 5157784, 0
3, 9, 12, 8, 488951031, 714609582, 2, 1, 8252455, 0
3, 9, 12, 8, 488951031, 714609582, 2, 0, 20631136, 0
3, 9, 12, 8, 488951031, 714609582, 1, 11, 192083123, 1
3, 9, 12, 8, 488951031, 714609582, 1, 10, 203814901, 1
3, 9, 12, 8, 488951031, 714609582, 1, 9, 190022813, 1
3, 9, 12, 8, 488951031, 714609582, 1, 8, 192681983, 1
3, 9, 12, 8, 488951031, 714609582, 1, 7, 173727615, 1
3, 9, 12, 8, 488951031, 714609582, 1, 6, 157715439, 1
3, 9, 12, 8, 488951031, 714609582, 1, 5, 125511021, 1
3, 9, 12, 8, 488951031, 714609582, 1, 4, 78993528, 1
3, 9, 12, 8, 488951031, 714609582, 1, 3, 5894611, 0
3, 9, 12, 8, 488951031, 714609582, 1, 2, 8252455, 0
3, 9, 12, 8, 488951031, 714609582, 1, 1, 13754091, 0
3, 9, 12, 8, 488951031, 714609582, 1, 0, 41262272, 0
3, 9, 12, 8, 488951031, 714609582, 0, 11, 195167030, 1
3, 9, 12, 8, 488951031, 714609582, 0, 10, 200903843, 1
3, 9, 12, 8, 488951031, 714609582, 0, 9, 186022077, 1
3, 9, 12, 8, 488951031, 714609582, 0, 8, 209274837, 1
3, 9, 12, 8, 488951031, 714609582, 0, 7, 191336994, 1
3, 9, 12, 8, 488951031, 714609582, 0, 6, 167419870, 1
3, 9, 12, 8, 488951031, 714609582, 0, 5, 133935896, 1
3, 9, 12, 8, 488951031, 714609582, 0, 4, 83709935, 1
3, 9, 12, 8, 488951031, 714609582, 0, 3, 1, 1
3, 9, 12, 8, 488951031, 714609582, 0, 2, 1, 1
3, 9, 12, 8, 488951031, 714609582, 0, 1, 1, 1
3, 10, 12, 8, 714609583, 1389871427, 7, 11, 165257269, 1
3, 10, 12, 8, 714609583, 1389871427, 7, 10, 173831106, 1
3, 10, 12, 8, 714609583, 1389871427, 7, 9, 184424114, 1
3, 10, 12, 8, 714609583, 1389871427, 7, 8, 195284691, 1
3, 10, 12, 8, 714609583, 1389871427, 7, 7, 206440496, 1
3, 10, 12, 8, 714609583, 1389871427, 7, 6, 211472146, 1
3, 10, 12, 8, 714609583, 1389871427, 7, 5, 207910180, 0
3, 10, 12, 8, 714609583, 1389871427, 7, 4, 184729427, 0
3, 10, 12, 8, 714609583, 1389871427, 7, 3, 144212391, 0
3, 10, 12, 8, 714609583, 1389871427, 7, 2, 122593421, 0
3, 10, 12, 8, 714609583, 1389871427, 7, 1, 114595248, 0
3, 10, 12, 8, 714609583, 1389871427, 7, 0, 69232038, 0
3, 10, 12, 8, 714609583, 1389871427, 6, 11, 150201743, 1
3, 10, 12, 8, 714609583, 1389871427, 6, 10, 156455399, 1
3, 10, 12, 8, 714609583, 1389871427, 6, 9, 164301582, 1
3, 10, 12, 8, 714609583, 1389871427, 6, 8, 171492212, 1
3, 10, 12, 8, 714609583, 1389871427, 6, 7, 177691916, 1
3, 10, 12, 8, 714609583, 1389871427, 6, 6, 174964003, 1
3, 10, 12, 8, 714609583, 1389871427, 6, 5, 159489818, 1
3, 10, 12, 8, 714609583, 1389871427, 6, 4, 141236130, 1
3, 10, 12, 8, 714609583, 1389871427, 6, 3, 112880367, 1
3, 10, 12, 8, 714609583, 1389871427, 6, 2, 91824000, 1
3, 10, 12, 8, 714609583, 1389871427, 6, 1, 56596926, 0
3, 10, 12, 8, 714609583, 1389871427, 6, 0, 7747819, 0
3, 10, 12, 8, 714609583, 1389871427, 5, 11, 84239592, 1
3, 10, 12, 8, 714609583, 1389871427, 5, 10, 83151949, 1
3, 10, 12, 8, 714609583, 1389871427, 5, 9, 82221619, 1
3, 10, 12, 8, 714609583, 1389871427, 5, 8, 78241198, 1
3, 10, 12, 8, 714609583, 1389871427, 5, 7, 72399498, 1
3, 10, 12, 8, 714609583, 1389871427, 5, 6, 71633674, 1
3, 10, 12, 8, 714609583, 1389871427, 5, 5, 60764843, 1
3, 10, 12, 8, 714609583, 1389871427, 5, 4, 48433233, 1
3, 10, 12, 8, 714609583, 1389871427, 5, 3, 31026120, 1
3, 10, 12, 8, 714609583, 1389871427, 5, 2, 21412929, 1
3, 10, 12, 8, 714609583, 1389871427, 5, 1, 14096492, 0
3, 10, 12, 8, 714609583, 1389871427, 5, 0, 6973037, 0
3, 10, 12, 8, 714609583, 1389871427, 4, 11, 81767722, 1
3, 10, 12, 8, 714609583, 1389871427, 4, 10, 80394823, 1
3, 10, 12, 8, 714609583, 1389871427, 4, 9, 79197519, 1
3, 10, 12, 8, 714609583, 1389871427, 4, 8, 76017977, 1
3, 10, 12, 8, 714609583, 1389871427, 4, 7, 70203737, 1
3, 10, 12, 8, 714609583, 1389871427, 4, 6, 69567915, 1
3, 10, 12, 8, 714609583, 1389871427, 4, 5, 58353788, 1
3, 10, 12, 8, 714609583, 1389871427, 4, 4, 44300552, 1
3, 10, 12, 8, 714609583, 1389871427, 4, 3, 26811163, 1
3, 10, 12, 8, 714609583, 1389871427, 4, 2, 16585846, 1
3, 10, 12, 8, 714609583, 1389871427, 4, 1, 9260175, 0
3, 10, 12, 8, 714609583, 1389871427, 4, 0, 5810865, 0
3, 10, 12, 8, 714609583, 1389871427, 3, 11, 80451848, 1
3, 10, 12, 8, 714609583, 1389871427, 3, 10, 79350031, 1
3, 10, 12, 8, 714609583, 1389871427, 3, 9, 75677162, 1
3, 10, 12, 8, 714609583, 1389871427, 3, 8, 73826471, 1
3, 10, 12, 8, 714609583, 1389871427, 3, 7, 66781947, 1
3, 10, 12, 8, 714609583, 1389871427, 3, 6, 66324552, 1
3, 10, 12, 8, 714609583, 1389871427, 3, 5, 55918183, 1
3, 10, 12, 8, 714609583, 1389871427, 3, 4, 41801761, 1
3, 10, 12, 8, 714609583, 1389871427, 3, 3, 25172943, 1
3, 10, 12, 8, 714609583, 1389871427, 3, 2, 14589274, 1
3, 10, 12, 8, 714609583, 1389871427, 3, 1, 1660247, 0
3, 10, 12, 8, 714609583, 1389871427, 3, 0, 3873910, 0
3, 10, 12, 8, 714609583, 1389871427, 2, 11, 82634065, 1
3, 10, 12, 8, 714609583, 1389871427, 2, 10, 81755185, 1
3, 10, 12, 8, 714609583, 1389871427, 2, 9, 77540795, 1
3, 10, 12, 8, 714609583, 1389871427, 2, 8, 72353855, 1
3, 10, 12, 8, 714609583, 1389871427, 2, 7, 69640119, 1
3, 10, 12, 8, 714609583, 1389871427, 2, 6, 66112264, 1
3, 10, 12, 8, 714609583, 1389871427, 2, 5, 56162496, 1
3, 10, 12, 8, 714609583, 1389871427, 2, 4, 39716918, 1
3, 10, 12, 8, 714609583, 1389871427, 2, 3, 25141761, 1
3, 10, 12, 8, 714609583, 1389871427, 2, 2, 16477244, 1
3, 10, 12, 8, 714609583, 1389871427, 2, 1, 2324346, 0
3, 10, 12, 8, 714609583, 1389871427, 2, 0, 5810865, 0
3, 10, 12, 8, 714609583, 1389871427, 1, 11, 83952979, 1
3, 10, 12, 8, 714609583, 1389871427, 1, 10, 85335905, 1
3, 10, 12, 8, 714609583, 1389871427, 1, 9, 79880542, 1
3, 10, 12, 8, 714609583, 1389871427, 1, 8, 75729959, 1
3, 10, 12, 8, 714609583, 1389871427, 1, 7, 73406066, 1
3, 10, 12, 8, 714609583, 1389871427, 1, 6, 70367129, 1
3, 10, 12, 8, 714609583, 1389871427, 1, 5, 62222879, 1
3, 10, 12, 8, 714609583, 1389871427, 1, 4, 42098361, 1
3, 10, 12, 8, 714609583, 1389871427, 1, 3, 27509562, 1
3, 10, 12, 8, 714609583, 1389871427, 1, 2, 24039245, 1
3, 10, 12, 8, 714609583, 1389871427, 1, 1, 1, 1
3, 10, 12, 8, 714609583, 1389871427, 1, 0, 1, 0
3, 10, 12, 8, 714609583, 1389871427, 0, 11, 89216557, 1
3, 10, 12, 8, 714609583, 1389871427, 0, 10, 88822297, 1
3, 10, 12, 8, 714609583, 1389871427, 0, 9, 83451236, 1
3, 10, 12, 8, 714609583, 1389871427, 0, 8, 76737409, 1
3, 10, 12, 8, 714609583, 1389871427, 0, 7, 74391445, 1
3, 10, 12, 8, 714609583, 1389871427, 0, 6, 71263493, 1
3, 10, 12, 8, 714609583, 1389871427, 0, 5, 58083823, 1
3, 10, 12, 8, 714609583, 1389871427, 0, 4, 38314317, 1
3, 10, 12, 8, 714609583, 1389871427, 0, 3, 20032704, 1
3, 10, 12, 8, 714609583, 1389871427, 0, 2, 30049056, 1
3, 10, 12, 8, 714609583, 1389871427, 0, 1, 1, 1
3, 11, 12, 8, 1389871428, 1442681078, 7, 11, 670181888, 1
3, 11, 12, 8, 1389871428, 1442681078, 7, 10, 675973503, 1
3, 11, 12, 8, 1389871428, 1442681078, 7, 9, 689995858, 1
3, 11, 12, 8, 1389871428, 1442681078, 7, 8, 711486655, 1
3, 11, 12, 8, 1389871428, 1442681078, 7, 7, 724987676, 1
3, 11, 12, 8, 1389871428, 1442681078, 7, 6, 747853914, 1
3, 11, 12, 8, 1389871428, 1442681078, 7, 5, 728090300, 1
3, 11, 12, 8, 1389871428, 1442681078, 7, 4, 736128104, 1
3, 11, 12, 8, 1389871428, 1442681078, 7, 3, 744459915, 1
3, 11, 12, 8, 1389871428, 1442681078, 7, 2, 748800273, 1
3, 11, 12, 8, 1389871428, 1442681078, 7, 1, 640554440, 1
3, 11, 12, 8, 1389871428, 1442681078, 7, 0, 294794446, 0
3, 11, 12, 8, 1389871428, 1442681078, 6, 11, 696330307, 1
3, 11, 12, 8, 1389871428, 1442681078, 6, 10, 699851004, 1
3, 11, 12, 8, 1389871428, 1442681078, 6, 9, 712166662, 1
3, 11, 12, 8, 1389871428, 1442681078, 6, 8, 732197174, 1
3, 11, 12, 8, 1389871428, 1442681078, 6, 7, 741922568, 1
3, 11, 12, 8, 1389871428, 1442681078, 6, 6, 758838532, 1
3, 11, 12, 8, 1389871428, 1442681078, 6, 5, 725935946, 1
3, 11, 12, 8, 1389871428, 1442681078, 6, 4, 749012735, 1
3, 11, 12, 8, 1389871428, 1442681078, 6, 3, 777421884, 1
3, 11, 12, 8, 1389871428, 1442681078, 6, 2, 787463843, 1
3, 11, 12, 8, 1389871428, 1442681078, 6, 1, 638504816, 1
3, 11, 12, 8, 1389871428, 1442681078, 6, 0, 282684637, 0
3, 11, 12, 8, 1389871428, 1442681078, 5, 11, 697572154, 1
3, 11, 12, 8, 1389871428, 1442681078, 5, 10, 698374306, 1
3, 11, 12, 8, 1389871428, 1442681078, 5, 9, 703114508, 1
3, 11, 12, 8, 1389871428, 1442681078, 5, 8, 716817481, 1
3, 11, 12, 8, 1389871428, 1442681078, 5, 7, 732809110, 1
3, 11, 12, 8, 1389871428, 1442681078, 5, 6, 740875720, 1
3, 11, 12, 8, 1389871428, 1442681078, 5, 5, 713961247, 1
3, 11, 12, 8, 1389871428, 1442681078, 5, 4, 725362350, 1
3, 11, 12, 8, 1389871428, 1442681078, 5, 3, 771705135, 1
3, 11, 12, 8, 1389871428, 1442681078, 5, 2, 796759092, 1
3, 11, 12, 8, 1389871428, 1442681078, 5, 1, 652943939, 1
3, 11, 12, 8, 1389871428, 1442681078, 5, 0, 267125015, 0
3, 11, 12, 8, 1389871428, 1442681078, 4, 11, 675528436, 1
3, 11, 12, 8, 1389871428, 1442681078, 4, 10, 677513645, 1
3, 11, 12, 8, 1389871428, 1442681078, 4, 9, 687722656, 1
3, 11, 12, 8, 1389871428, 1442681078, 4, 8, 706109834, 1
3, 11, 12, 8, 1389871428, 1442681078, 4, 7, 727753500, 1
3, 11, 12, 8, 1389871428, 1442681078, 4, 6, 740562204, 1
3, 11, 12, 8, 1389871428, 1442681078, 4, 5, 724280180, 1
3, 11, 12, 8, 1389871428, 1442681078, 4, 4, 746410075, 1
3, 11, 12, 8, 1389871428, 1442681078, 4, 3, 793811132, 1
3, 11, 12, 8, 1389871428, 1442681078, 4, 2, 836056839, 1
3, 11, 12, 8, 1389871428, 1442681078, 4, 1, 685441366, 1
3, 11, 12, 8, 1389871428, 1442681078, 4, 0, 287227953, 0
3, 11, 12, 8, 1389871428, 1442681078, 3, 11, 681216275, 1
3, 11, 12, 8, 1389871428, 1442681078, 3, 10, 679106599, 1
3, 11, 12, 8, 1389871428, 1442681078, 3, 9, 687521886, 1
3, 11, 12, 8, 1389871428, 1442681078, 3, 8, 715617948, 1
3, 11, 12, 8, 1389871428, 1442681078, 3, 7, 735969088, 1
3, 11, 12, 8, 1389871428, 1442681078, 3, 6, 758319342, 1
3, 11, 12, 8, 1389871428, 1442681078, 3, 5, 746194982, 1
3, 11, 12, 8, 1389871428, 1442681078, 3, 4, 764582154, 1
3, 11, 12, 8, 1389871428, 1442681078, 3, 3, 837232181, 1
3, 11, 12, 8, 1389871428, 1442681078, 3, 2, 856005146, 1
3, 11, 12, 8, 1389871428, 1442681078, 3, 1, 672418704, 1
3, 11, 12, 8, 1389871428, 1442681078, 3, 0, 302559586, 0
3, 11, 12, 8, 1389871428, 1442681078, 2, 11, 718107907, 1
3, 11, 12, 8, 1389871428, 1442681078, 2, 10, 713783111, 1
3, 11, 12, 8, 1389871428, 1442681078, 2, 9, 735023497, 1
3, 11, 12, 8, 1389871428, 1442681078, 2, 8, 764646232, 1
3, 11, 12, 8, 1389871428, 1442681078, 2, 7, 782291812, 1
3, 11, 12, 8, 1389871428, 1442681078, 2, 6, 790607388, 1
3, 11, 12, 8, 1389871428, 1442681078, 2, 5, 761767933, 1
3, 11, 12, 8, 1389871428, 1442681078, 2, 4, 798391662, 1
3, 11, 12, 8, 1389871428, 1442681078, 2, 3, 878524074, 1
3, 11, 12, 8, 1389871428, 1442681078, 2, 2, 844831143, 1
3, 11, 12, 8, 1389871428, 1442681078, 2, 1, 654066355, 1
3, 11, 12, 8, 1389871428, 1442681078, 2, 0, 273598005, 0
3, 11, 12, 8, 1389871428, 1442681078, 1, 11, 773351579, 1
3, 11, 12, 8, 1389871428, 1442681078, 1, 10, 778915295, 1
3, 11, 12, 8, 1389871428, 1442681078, 1, 9, 826036586, 1
3, 11, 12, 8, 1389871428, 1442681078, 1, 8, 845704900, 1
3, 11, 12, 8, 1389871428, 1442681078, 1, 7, 890116335, 1
3, 11, 12, 8, 1389871428, 1442681078, 1, 6, 894310836, 1
3, 11, 12, 8, 1389871428, 1442681078, 1, 5, 875163640, 1
3, 11, 12, 8, 1389871428, 1442681078, 1, 4, 923232023, 1
3, 11, 12, 8, 1389871428, 1442681078, 1, 3, 998768054, 1
3, 11, 12, 8, 1389871428, 1442681078, 1, 2, 982591696, 1
3, 11, 12, 8, 1389871428, 1442681078, 1, 1, 841113804, 1
3, 11, 12, 8, 1389871428, 1442681078, 1, 0, 360482748, 0
3, 11, 12, 8, 1389871428, 1442681078, 0, 11, 790322659, 1
3, 11, 12, 8, 1389871428, 1442681078, 0, 10, 783069717, 1
3, 11, 12, 8, 1389871428, 1442681078, 0, 9, 819537491, 1
3, 11, 12, 8, 1389871428, 1442681078, 0, 8, 865122209, 1
3, 11, 12, 8, 1389871428, 1442681078, 0, 7, 865446513, 1
3, 11, 12, 8, 1389871428, 1442681078, 0, 6, 865878919, 1
3, 11, 12, 8, 1389871428, 1442681078, 0, 5, 866484287, 1
3, 11, 12, 8, 1389871428, 1442681078, 0, 4, 969390421, 1
3, 11, 12, 8, 1389871428, 1442681078, 0, 3, 1140900644, 1
3, 11, 12, 8, 1389871428, 1442681078, 0, 2, 1085490906, 1
3, 11, 12, 8, 1389871428, 1442681078, 0, 1, 1002173056, 1
3, 12, 12, 8, 1442681079, 1466042748, 7, 11, 173611, 0
3, 12, 12, 8, 1442681079, 1466042748, 7, 10, 189575, 0
3, 12, 12, 8, 1442681079, 1466042748, 7, 9, 208773, 0
3, 12, 12, 8, 1442681079, 1466042748, 7, 8, 232296, 0
3, 12, 12, 8, 1442681079, 1466042748, 7, 7, 261794, 0
3, 12, 12, 8, 1442681079, 1466042748, 7, 6, 299873, 0
3, 12, 12, 8, 1442681079, 1466042748, 7, 5, 350916, 0
3, 12, 12, 8, 1442681079, 1466042748, 7, 4, 422898, 0
3, 12, 12, 8, 1442681079, 1466042748, 7, 3, 532033, 0
3, 12, 12, 8, 1442681079, 1466042748, 7, 2, 717088, 0
3, 12, 12, 8, 1442681079, 1466042748, 7, 1, 1099535, 0
3, 12, 12, 8, 1442681079, 1466042748, 7, 0, 2356145, 0
3, 12, 12, 8, 1442681079, 1466042748, 6, 11, 198711, 0
3, 12, 12, 8, 1442681079, 1466042748, 6, 10, 217014, 0
3, 12, 12, 8, 1442681079, 1466042748, 6, 9, 239030, 0
3, 12, 12, 8, 1442681079, 1466042748, 6, 8, 266017, 0
3, 12, 12, 8, 1442681079, 1466042748, 6, 7, 299873, 0
3, 12, 12, 8, 1442681079, 1466042748, 6, 6, 343605, 0
3, 12, 12, 8, 1442681079, 1466042748, 6, 5, 402269, 0
3, 12, 12, 8, 1442681079, 1466042748, 6, 4, 485089, 0
3, 12, 12, 8, 1442681079, 1466042748, 6, 3, 610853, 0
3, 12, 12, 8, 1442681079, 1466042748, 6, 2, 824651, 0
3, 12, 12, 8, 1442681079, 1466042748, 6, 1, 1268694, 0
3, 12, 12, 8, 1442681079, 1466042748, 6, 0, 2748836, 0
3, 12, 12, 8, 1442681079, 1466042748, 5, 11, 232296, 0
3, 12, 12, 8, 1442681079, 1466042748, 5, 10, 253739, 0
3, 12, 12, 8, 1442681079, 1466042748, 5, 9, 279543, 0
3, 12, 12, 8, 1442681079, 1466042748, 5, 8, 311189, 0
3, 12, 12, 8, 1442681079, 1466042748, 5, 7, 350916, 0
3, 12, 12, 8, 1442681079, 1466042748, 5, 6, 402269, 0
3, 12, 12, 8, 1442681079, 1466042748, 5, 5, 471229, 0
3, 12, 12, 8, 1442681079, 1466042748, 5, 4, 568725, 0
3, 12, 12, 8, 1442681079, 1466042748, 5, 3, 717088, 0
3, 12, 12, 8, 1442681079, 1466042748, 5, 2, 970178, 0
3, 12, 12, 8, 1442681079, 1466042748, 5, 1, 1499365, 0
3, 12, 12, 8, 1442681079, 1466042748, 5, 0, 3298603, 0
3, 12, 12, 8, 1442681079, 1466042748, 4, 11, 279543, 0
3, 12, 12, 8, 1442681079, 1466042748, 4, 10, 305427, 0
3, 12, 12, 8, 1442681079, 1466042748, 4, 9, 336593, 0
3, 12, 12, 8, 1442681079, 1466042748, 4, 8, 374842, 0
3, 12, 12, 8, 1442681079, 1466042748, 4, 7, 422898, 0
3, 12, 12, 8, 1442681079, 1466042748, 4, 6, 485089, 0
3, 12, 12, 8, 1442681079, 1466042748, 4, 5, 568725, 0
3, 12, 12, 8, 1442681079, 1466042748, 4, 4, 687209, 0
3, 12, 12, 8, 1442681079, 1466042748, 4, 3, 868054, 0
3, 12, 12, 8, 1442681079, 1466042748, 4, 2, 1178073, 0
3, 12, 12, 8, 1442681079, 1466042748, 4, 1, 1832557, 0
3, 12, 12, 8, 1442681079, 1466042748, 4, 0, 4123254, 0
3, 12, 12, 8, 1442681079, 1466042748, 3, 11, 350916, 0
3, 12, 12, 8, 1442681079, 1466042748, 3, 10, 383559, 0
3, 12, 12, 8, 1442681079, 1466042748, 3, 9, 422898, 0
3, 12, 12, 8, 1442681079, 1466042748, 3, 8, 471229, 0
3, 12, 12, 8, 1442681079, 1466042748, 3, 7, 532033, 0
3, 12, 12, 8, 1442681079, 1466042748, 3, 6, 610853, 0
3, 12, 12, 8, 1442681079, 1466042748, 3, 5, 717088, 0
3, 12, 12, 8, 1442681079, 1466042748, 3, 4, 868054, 0
3, 12, 12, 8, 1442681079, 1466042748, 3, 3, 1099535, 0
3, 12, 12, 8, 1442681079, 1466042748, 3, 2, 1499365, 0
3, 12, 12, 8, 1442681079, 1466042748, 3, 1, 2356145, 0
3, 12, 12, 8, 1442681079, 1466042748, 3, 0, 5497671, 0
3, 12, 12, 8, 1442681079, 1466042748, 2, 11, 471229, 0
3, 12, 12, 8, 1442681079, 1466042748, 2, 10, 515407, 0
3, 12, 12, 8, 1442681079, 1466042748, 2, 9, 568725, 0
3, 12, 12, 8, 1442681079, 1466042748, 2, 8, 634347, 0
3, 12, 12, 8, 1442681079, 1466042748, 2, 7, 717088, 0
3, 12, 12, 8, 1442681079, 1466042748, 2, 6, 824651, 0
3, 12, 12, 8, 1442681079, 1466042748, 2, 5, 970178, 0
3, 12, 12, 8, 1442681079, 1466042748, 2, 4, 1178073, 0
3, 12, 12, 8, 1442681079, 1466042748, 2, 3, 1499365, 0
3, 12, 12, 8, 1442681079, 1466042748, 2, 2, 2061627, 0
3, 12, 12, 8, 1442681079, 1466042748, 2, 1, 3298603, 0
3, 12, 12, 8, 1442681079, 1466042748, 2, 0, 8246507, 0
3, 12, 12, 8, 1442681079, 1466042748, 1, 11, 717088, 0
3, 12, 12, 8, 1442681079, 1466042748, 1, 10, 785382, 0
3, 12, 12, 8, 1442681079, 1466042748, 1, 9, 868054, 0
3, 12, 12, 8, 1442681079, 1466042748, 1, 8, 970178, 0
3, 12, 12, 8, 1442681079, 1466042748, 1, 7, 1099535, 0
3, 12, 12, 8, 1442681079, 1466042748, 1, 6, 1268694, 0
3, 12, 12, 8, 1442681079, 1466042748, 1, 5, 1499365, 0
3, 12, 12, 8, 1442681079, 1466042748, 1, 4, 1832557, 0
3, 12, 12, 8, 1442681079, 1466042748, 1, 3, 2356145, 0
3, 12, 12, 8, 1442681079, 1466042748, 1, 2, 3298603, 0
3, 12, 12, 8, 1442681079, 1466042748, 1, 1, 5497671, 0
3, 12, 12, 8, 1442681079, 1466042748, 1, 0, 16493013, 0
3, 12, 12, 8, 1442681079, 1466042748, 0, 11, 1, 1
3, 12, 12, 8, 1442681079, 1466042748, 0, 10, 1, 1
3, 12, 12, 8, 1442681079, 1466042748, 0, 9, 1, 1
3, 12, 12, 8, 1442681079, 1466042748, 0, 8, 1, 1
3, 12, 12, 8, 1442681079, 1466042748, 0, 7, 1, 1
3, 12, 12, 8, 1442681079, 1466042748, 0, 6, 1, 1
3, 12, 12, 8, 1442681079, 1466042748, 0, 5, 1, 1
3, 12, 12, 8, 1442681079, 1466042748, 0, 4, 1, 1
3, 12, 12, 8, 1442681079, 1466042748, 0, 3, 1, 1
3, 12, 12, 8, 1442681079, 1466042748, 0, 2, 1, 1
3, 12, 12, 8, 1442681079, 1466042748, 0, 1, 1, 1
3, 13, 12, 8, 1466042749, 1675901549, 7, 11, 344437994, 1
3, 13, 12, 8, 1466042749, 1675901549, 7, 10, 352815650, 1
3, 13, 12, 8, 1466042749, 1675901549, 7, 9, 360994388, 1
3, 13, 12, 8, 1466042749, 1675901549, 7, 8, 379570120, 1
3, 13, 12, 8, 1466042749, 1675901549, 7, 7, 392187297, 1
3, 13, 12, 8, 1466042749, 1675901549, 7, 6, 411717345, 1
3, 13, 12, 8, 1466042749, 1675901549, 7, 5, 394971693, 1
3, 13, 12, 8, 1466042749, 1675901549, 7, 4, 393130849, 1
3, 13, 12, 8, 1466042749, 1675901549, 7, 3, 402498787, 1
3, 13, 12, 8, 1466042749, 1675901549, 7, 2, 405936089, 1
3, 13, 12, 8, 1466042749, 1675901549, 7, 1, 297860474, 1
3, 13, 12, 8, 1466042749, 1675901549, 7, 0, 1, 0
3, 13, 12, 8, 1466042749, 1675901549, 6, 11, 364721756, 1
3, 13, 12, 8, 1466042749, 1675901549, 6, 10, 371648130, 1
3, 13, 12, 8, 1466042749, 1675901549, 6, 9, 377809463, 1
3, 13, 12, 8, 1466042749, 1675901549, 6, 8, 395157659, 1
3, 13, 12, 8, 1466042749, 1675901549, 6, 7, 404692654, 1
3, 13, 12, 8, 1466042749, 1675901549, 6, 6, 420723964, 1
3, 13, 12, 8, 1466042749, 1675901549, 6, 5, 393023557, 1
3, 13, 12, 8, 1466042749, 1675901549, 6, 4, 403768300, 1
3, 13, 12, 8, 1466042749, 1675901549, 6, 3, 431836799, 1
3, 13, 12, 8, 1466042749, 1675901549, 6, 2, 438240691, 1
3, 13, 12, 8, 1466042749, 1675901549, 6, 1, 299706992, 1
3, 13, 12, 8, 1466042749, 1675901549, 6, 0, 1, 0
3, 13, 12, 8, 1466042749, 1675901549, 5, 11, 366102939, 1
3, 13, 12, 8, 1466042749, 1675901549, 5, 10, 370331115, 1
3, 13, 12, 8, 1466042749, 1675901549, 5, 9, 371103687, 1
3, 13, 12, 8, 1466042749, 1675901549, 5, 8, 383510179, 1
3, 13, 12, 8, 1466042749, 1675901549, 5, 7, 399084285, 1
3, 13, 12, 8, 1466042749, 1675901549, 5, 6, 407161359, 1
3, 13, 12, 8, 1466042749, 1675901549, 5, 5, 386224619, 1
3, 13, 12, 8, 1466042749, 1675901549, 5, 4, 383862690, 1
3, 13, 12, 8, 1466042749, 1675901549, 5, 3, 429767694, 1
3, 13, 12, 8, 1466042749, 1675901549, 5, 2, 450476072, 1
3, 13, 12, 8, 1466042749, 1675901549, 5, 1, 318825350, 1
3, 13, 12, 8, 1466042749, 1675901549, 5, 0, 1, 0
3, 13, 12, 8, 1466042749, 1675901549, 4, 11, 348525525, 1
3, 13, 12, 8, 1466042749, 1675901549, 4, 10, 354360878, 1
3, 13, 12, 8, 1466042749, 1675901549, 4, 9, 359464189, 1
3, 13, 12, 8, 1466042749, 1675901549, 4, 8, 375884881, 1
3, 13, 12, 8, 1466042749, 1675901549, 4, 7, 396516008, 1
3, 13, 12, 8, 1466042749, 1675901549, 4, 6, 408677830, 1
3, 13, 12, 8, 1466042749, 1675901549, 4, 5, 398723409, 1
3, 13, 12, 8, 1466042749, 1675901549, 4, 4, 402975118, 1
3, 13, 12, 8, 1466042749, 1675901549, 4, 3, 447911424, 1
3, 13, 12, 8, 1466042749, 1675901549, 4, 2, 481561902, 1
3, 13, 12, 8, 1466042749, 1675901549, 4, 1, 338773949, 1
3, 13, 12, 8, 1466042749, 1675901549, 4, 0, 1, 0
3, 13, 12, 8, 1466042749, 1675901549, 3, 11, 359282141, 1
3, 13, 12, 8, 1466042749, 1675901549, 3, 10, 361512032, 1
3, 13, 12, 8, 1466042749, 1675901549, 3, 9, 362917620, 1
3, 13, 12, 8, 1466042749, 1675901549, 3, 8, 387806979, 1
3, 13, 12, 8, 1466042749, 1675901549, 3, 7, 405958357, 1
3, 13, 12, 8, 1466042749, 1675901549, 3, 6, 426292541, 1
3, 13, 12, 8, 1466042749, 1675901549, 3, 5, 420526037, 1
3, 13, 12, 8, 1466042749, 1675901549, 3, 4, 414042004, 1
3, 13, 12, 8, 1466042749, 1675901549, 3, 3, 479998662, 1
3, 13, 12, 8, 1466042749, 1675901549, 3, 2, 493775407, 1
3, 13, 12, 8, 1466042749, 1675901549, 3, 1, 313820243, 1
3, 13, 12, 8, 1466042749, 1675901549, 3, 0, 1, 0
3, 13, 12, 8, 1466042749, 1675901549, 2, 11, 400455846, 1
3, 13, 12, 8, 1466042749, 1675901549, 2, 10, 400905964, 1
3, 13, 12, 8, 1466042749, 1675901549, 2, 9, 411449250, 1
3, 13, 12, 8, 1466042749, 1675901549, 2, 8, 436595591, 1
3, 13, 12, 8, 1466042749, 1675901549, 2, 7, 450563051, 1
3, 13, 12, 8, 1466042749, 1675901549, 2, 6, 464406985, 1
3, 13, 12, 8, 1466042749, 1675901549, 2, 5, 443047071, 1
3, 13, 12, 8, 1466042749, 1675901549, 2, 4, 444340502, 1
3, 13, 12, 8, 1466042749, 1675901549, 2, 3, 512747651, 1
3, 13, 12, 8, 1466042749, 1675901549, 2, 2, 483971714, 1
3, 13, 12, 8, 1466042749, 1675901549, 2, 1, 297841955, 1
3, 13, 12, 8, 1466042749, 1675901549, 2, 0, 1, 0
3, 13, 12, 8, 1466042749, 1675901549, 1, 11, 442173574, 1
3, 13, 12, 8, 1466042749, 1675901549, 1, 10, 451299811, 1
3, 13, 12, 8, 1466042749, 1675901549, 1, 9, 494264250, 1
3, 13, 12, 8, 1466042749, 1675901549, 1, 8, 518263404, 1
3, 13, 12, 8, 1466042749, 1675901549, 1, 7, 554414018, 1
3, 13, 12, 8, 1466042749, 1675901549, 1, 6, 563667313, 1
3, 13, 12, 8, 1466042749, 1675901549, 1, 5, 551418471, 1
3, 13, 12, 8, 1466042749, 1675901549, 1, 4, 537871699, 1
3, 13, 12, 8, 1466042749, 1675901549, 1, 3, 608614630, 1
3, 13, 12, 8, 1466042749, 1675901549, 1, 2, 589993054, 1
3, 13, 12, 8, 1466042749, 1675901549, 1, 1, 432505717, 1
3, 13, 12, 8, 1466042749, 1675901549, 1, 0, 1, 0
3, 13, 12, 8, 1466042749, 1675901549, 0, 11, 477493021, 1
3, 13, 12, 8, 1466042749, 1675901549, 0, 10, 475815563, 1
3, 13, 12, 8, 1466042749, 1675901549, 0, 9, 519097817, 1
3, 13, 12, 8, 1466042749, 1675901549, 0, 8, 573200635, 1
3, 13, 12, 8, 1466042749, 1675901549, 0, 7, 584476782, 1
3, 13, 12, 8, 1466042749, 1675901549, 0, 6, 599511645, 1
3, 13, 12, 8, 1466042749, 1675901549, 0, 5, 620560454, 1
3, 13, 12, 8, 1466042749, 1675901549, 0, 4, 593077993, 1
3, 13, 12, 8, 1466042749, 1675901549, 0, 3, 762012233, 1
3, 13, 12, 8, 1466042749, 1675901549, 0, 2, 716906430, 1
3, 13, 12, 8, 1466042749, 1675901549, 0, 1, 633588580, 1
3, 14, 12, 8, 1675901550, 1689929430, 7, 11, 35983017, 1
3, 14, 12, 8, 1675901550, 1689929430, 7, 10, 36021731, 1
3, 14, 12, 8, 1675901550, 1689929430, 7, 9, 34320296, 1
3, 14, 12, 8, 1675901550, 1689929430, 7, 8, 34383463, 1
3, 14, 12, 8, 1675901550, 1689929430, 7, 7, 34294566, 1
3, 14, 12, 8, 1675901550, 1689929430, 7, 6, 32234386, 1
3, 14, 12, 8, 1675901550, 1689929430, 7, 5, 28879847, 1
3, 14, 12, 8, 1675901550, 1689929430, 7, 4, 22713303, 0
3, 14, 12, 8, 1675901550, 1689929430, 7, 3, 21398451, 0
3, 14, 12, 8, 1675901550, 1689929430, 7, 2, 20951769, 0
3, 14, 12, 8, 1675901550, 1689929430, 7, 1, 32126046, 0
3, 14, 12, 8, 1675901550, 1689929430, 7, 0, 23663867, 0
3, 14, 12, 8, 1675901550, 1689929430, 6, 11, 37215094, 1
3, 14, 12, 8, 1675901550, 1689929430, 6, 10, 36899432, 1
3, 14, 12, 8, 1675901550, 1689929430, 6, 9, 34895298, 1
3, 14, 12, 8, 1675901550, 1689929430, 6, 8, 34479001, 1
3, 14, 12, 8, 1675901550, 1689929430, 6, 7, 33764179, 1
3, 14, 12, 8, 1675901550, 1689929430, 6, 6, 31403949, 1
3, 14, 12, 8, 1675901550, 1689929430, 6, 5, 27998332, 0
3, 14, 12, 8, 1675901550, 1689929430, 6, 4, 21652648, 0
3, 14, 12, 8, 1675901550, 1689929430, 6, 3, 19631521, 0
3, 14, 12, 8, 1675901550, 1689929430, 6, 2, 18873677, 0
3, 14, 12, 8, 1675901550, 1689929430, 6, 1, 29036427, 0
3, 14, 12, 8, 1675901550, 1689929430, 6, 0, 27607845, 0
3, 14, 12, 8, 1675901550, 1689929430, 5, 11, 35918861, 1
3, 14, 12, 8, 1675901550, 1689929430, 5, 10, 36530991, 1
3, 14, 12, 8, 1675901550, 1689929430, 5, 9, 35210133, 1
3, 14, 12, 8, 1675901550, 1689929430, 5, 8, 34304919, 1
3, 14, 12, 8, 1675901550, 1689929430, 5, 7, 34038753, 1
3, 14, 12, 8, 1675901550, 1689929430, 5, 6, 30492222, 0
3, 14, 12, 8, 1675901550, 1689929430, 5, 5, 27958929, 0
3, 14, 12, 8, 1675901550, 1689929430, 5, 4, 20338697, 0
3, 14, 12, 8, 1675901550, 1689929430, 5, 3, 17355048, 0
3, 14, 12, 8, 1675901550, 1689929430, 5, 2, 18925066, 0
3, 14, 12, 8, 1675901550, 1689929430, 5, 1, 29247830, 0
3, 14, 12, 8, 1675901550, 1689929430, 5, 0, 33129414, 0
3, 14, 12, 8, 1675901550, 1689929430, 4, 11, 36017586, 1
3, 14, 12, 8, 1675901550, 1689929430, 4, 10, 36098387, 1
3, 14, 12, 8, 1675901550, 1689929430, 4, 9, 34859328, 1
3, 14, 12, 8, 1675901550, 1689929430, 4, 8, 33900540, 1
3, 14, 12, 8, 1675901550, 1689929430, 4, 7, 33908134, 0
3, 14, 12, 8, 1675901550, 1689929430, 4, 6, 29025231, 0
3, 14, 12, 8, 1675901550, 1689929430, 4, 5, 24663423, 0
3, 14, 12, 8, 1675901550, 1689929430, 4, 4, 15070638, 0
3, 14, 12, 8, 1675901550, 1689929430, 4, 3, 12819526, 0
3, 14, 12, 8, 1675901550, 1689929430, 4, 2, 14085129, 0
3, 14, 12, 8, 1675901550, 1689929430, 4, 1, 21910201, 0
3, 14, 12, 8, 1675901550, 1689929430, 4, 0, 37908196, 0
3, 14, 12, 8, 1675901550, 1689929430, 3, 11, 40380278, 0
3, 14, 12, 8, 1675901550, 1689929430, 3, 10, 40049962, 0
3, 14, 12, 8, 1675901550, 1689929430, 3, 9, 39544850, 0
3, 14, 12, 8, 1675901550, 1689929430, 3, 8, 37879024, 0
3, 14, 12, 8, 1675901550, 1689929430, 3, 7, 37491127, 0
3, 14, 12, 8, 1675901550, 1689929430, 3, 6, 32759824, 0
3, 14, 12, 8, 1675901550, 1689929430, 3, 5, 28866640, 0
3, 14, 12, 8, 1675901550, 1689929430, 3, 4, 17135914, 0
3, 14, 12, 8, 1675901550, 1689929430, 3, 3, 16238066, 0
3, 14, 12, 8, 1675901550, 1689929430, 3, 2, 17926528, 0
3, 14, 12, 8, 1675901550, 1689929430, 3, 1, 28170258, 0
3, 14, 12, 8, 1675901550, 1689929430, 3, 0, 50544261, 0
3, 14, 12, 8, 1675901550, 1689929430, 2, 11, 44761290, 0
3, 14, 12, 8, 1675901550, 1689929430, 2, 10, 45692616, 0
3, 14, 12, 8, 1675901550, 1689929430, 2, 9, 45157005, 0
3, 14, 12, 8, 1675901550, 1689929430, 2, 8, 42968426, 0
3, 14, 12, 8, 1675901550, 1689929430, 2, 7, 41462529, 0
3, 14, 12, 8, 1675901550, 1689929430, 2, 6, 39184501, 0
3, 14, 12, 8, 1675901550, 1689929430, 2, 5, 33123971, 0
3, 14, 12, 8, 1675901550, 1689929430, 2, 4, 21224053, 0
3, 14, 12, 8, 1675901550, 1689929430, 2, 3, 20815032, 0
3, 14, 12, 8, 1675901550, 1689929430, 2, 2, 22823272, 0
3, 14, 12, 8, 1675901550, 1689929430, 2, 1, 36517234, 0
3, 14, 12, 8, 1675901550, 1689929430, 2, 0, 68513574, 0
3, 14, 12, 8, 1675901550, 1689929430, 1, 11, 47235810, 0
3, 14, 12, 8, 1675901550, 1689929430, 1, 10, 49315197, 0
3, 14, 12, 8, 1675901550, 1689929430, 1, 9, 47903325, 0
3, 14, 12, 8, 1675901550, 1689929430, 1, 8, 42222888, 0
3, 14, 12, 8, 1675901550, 1689929430, 1, 7, 40253258, 0
3, 14, 12, 8, 1675901550, 1689929430, 1, 6, 35807353, 0
3, 14, 12, 8, 1675901550, 1689929430, 1, 5, 31222911, 0
3, 14, 12, 8, 1675901550, 1689929430, 1, 4, 20094455, 0
3, 14, 12, 8, 1675901550, 1689929430, 1, 3, 20401067, 0
3, 14, 12, 8, 1675901550, 1689929430, 1, 2, 28561493, 0
3, 14, 12, 8, 1675901550, 1689929430, 1, 1, 47602489, 0
3, 14, 12, 8, 1675901550, 1689929430, 1, 0, 97248443, 0
3, 14, 12, 8, 1675901550, 1689929430, 0, 11, 39772208, 1
3, 14, 12, 8, 1675901550, 1689929430, 0, 10, 43749428, 1
3, 14, 12, 8, 1675901550, 1689929430, 0, 9, 38944075, 1
3, 14, 12, 8, 1675901550, 1689929430, 0, 8, 39292415, 1
3, 14, 12, 8, 1675901550, 1689929430, 0, 7, 35856735, 1
3, 14, 12, 8, 1675901550, 1689929430, 0, 6, 29247908, 1
3, 14, 12, 8, 1675901550, 1689929430, 0, 5, 25403655, 1
3, 14, 12, 8, 1675901550, 1689929430, 0, 4, 4398929, 1
3, 14, 12, 8, 1675901550, 1689929430, 0, 3, 1, 1
3, 14, 12, 8, 1675901550, 1689929430, 0, 2, 1, 1
3, 14, 12, 8, 1675901550, 1689929430, 0, 1, 1, 1
3, 15, 12, 8, 1689929431, 1748656563, 7, 11, 9965475, 1
3, 15, 12, 8, 1689929431, 1748656563, 7, 10, 10581147, 1
3, 15, 12, 8, 1689929431, 1748656563, 7, 9, 9139906, 0
3, 15, 12, 8, 1689929431, 1748656563, 7, 8, 9856132, 0
3, 15, 12, 8, 1689929431, 1748656563, 7, 7, 10035512, 1
3, 15, 12, 8, 1689929431, 1748656563, 7, 6, 9803386, 0
3, 15, 12, 8, 1689929431, 1748656563, 7, 5, 9132098, 0
3, 15, 12, 8, 1689929431, 1748656563, 7, 4, 9242973, 0
3, 15, 12, 8, 1689929431, 1748656563, 7, 3, 9088544, 0
3, 15, 12, 8, 1689929431, 1748656563, 7, 2, 6567161, 1
3, 15, 12, 8, 1689929431, 1748656563, 7, 1, 6741743, 1
3, 15, 12, 8, 1689929431, 1748656563, 7, 0, 10753091, 0
3, 15, 12, 8, 1689929431, 1748656563, 6, 11, 11023885, 0
3, 15, 12, 8, 1689929431, 1748656563, 6, 10, 11695028, 0
3, 15, 12, 8, 1689929431, 1748656563, 6, 9, 10375973, 0
3, 15, 12, 8, 1689929431, 1748656563, 6, 8, 11188306, 0
3, 15, 12, 8, 1689929431, 1748656563, 6, 7, 11384125, 0
3, 15, 12, 8, 1689929431, 1748656563, 6, 6, 11105747, 0
3, 15, 12, 8, 1689929431, 1748656563, 6, 5, 10468503, 0
3, 15, 12, 8, 1689929431, 1748656563, 6, 4, 10602233, 0
3, 15, 12, 8, 1689929431, 1748656563, 6, 3, 10434995, 0
3, 15, 12, 8, 1689929431, 1748656563, 6, 2, 7552235, 1
3, 15, 12, 8, 1689929431, 1748656563, 6, 1, 7778934, 1
3, 15, 12, 8, 1689929431, 1748656563, 6, 0, 12545273, 0
3, 15, 12, 8, 1689929431, 1748656563, 5, 11, 11723371, 0
3, 15, 12, 8, 1689929431, 1748656563, 5, 10, 12407961, 0
3, 15, 12, 8, 1689929431, 1748656563, 5, 9, 10739619, 0
3, 15, 12, 8, 1689929431, 1748656563, 5, 8, 11674283, 0
3, 15, 12, 8, 1689929431, 1748656563, 5, 7, 11727423, 0
3, 15, 12, 8, 1689929431, 1748656563, 5, 6, 11174095, 0
3, 15, 12, 8, 1689929431, 1748656563, 5, 5, 10122018, 0
3, 15, 12, 8, 1689929431, 1748656563, 5, 4, 9846137, 0
3, 15, 12, 8, 1689929431, 1748656563, 5, 3, 8991604, 0
3, 15, 12, 8, 1689929431, 1748656563, 5, 2, 8613205, 0
3, 15, 12, 8, 1689929431, 1748656563, 5, 1, 9193285, 1
3, 15, 12, 8, 1689929431, 1748656563, 5, 0, 15054328, 0
3, 15, 12, 8, 1689929431, 1748656563, 4, 11, 10012253, 0
3, 15, 12, 8, 1689929431, 1748656563, 4, 10, 10460761, 0
3, 15, 12, 8, 1689929431, 1748656563, 4, 9, 9066368, 0
3, 15, 12, 8, 1689929431, 1748656563, 4, 8, 10096638, 0
3, 15, 12, 8, 1689929431, 1748656563, 4, 7, 9833776, 0
3, 15, 12, 8, 1689929431, 1748656563, 4, 6, 10238988, 0
3, 15, 12, 8, 1689929431, 1748656563, 4, 5, 10793676, 0
3, 15, 12, 8, 1689929431, 1748656563, 4, 4, 10178497, 0
3, 15, 12, 8, 1689929431, 1748656563, 4, 3, 8713308, 0
3, 15, 12, 8, 1689929431, 1748656563, 4, 2, 7512175, 0
3, 15, 12, 8, 1689929431, 1748656563, 4, 1, 10112630, 1
3, 15, 12, 8, 1689929431, 1748656563, 4, 0, 16289792, 0
3, 15, 12, 8, 1689929431, 1748656563, 3, 11, 9891715, 0
3, 15, 12, 8, 1689929431, 1748656563, 3, 10, 10210901, 0
3, 15, 12, 8, 1689929431, 1748656563, 3, 9, 9562914, 0
3, 15, 12, 8, 1689929431, 1748656563, 3, 8, 10655818, 0
3, 15, 12, 8, 1689929431, 1748656563, 3, 7, 10071575, 0
3, 15, 12, 8, 1689929431, 1748656563, 3, 6, 10252859, 0
3, 15, 12, 8, 1689929431, 1748656563, 3, 5, 10509486, 0
3, 15, 12, 8, 1689929431, 1748656563, 3, 4, 11235948, 0
3, 15, 12, 8, 1689929431, 1748656563, 3, 3, 11036857, 0
3, 15, 12, 8, 1689929431, 1748656563, 3, 2, 9560949, 0
3, 15, 12, 8, 1689929431, 1748656563, 3, 1, 13001953, 1
3, 15, 12, 8, 1689929431, 1748656563, 3, 0, 21719722, 0
3, 15, 12, 8, 1689929431, 1748656563, 2, 11, 9420142, 0
3, 15, 12, 8, 1689929431, 1748656563, 2, 10, 9495723, 0
3, 15, 12, 8, 1689929431, 1748656563, 2, 9, 9180100, 0
3, 15, 12, 8, 1689929431, 1748656563, 2, 8, 10239342, 0
3, 15, 12, 8, 1689929431, 1748656563, 2, 7, 9799115, 0
3, 15, 12, 8, 1689929431, 1748656563, 2, 6, 9499400, 0
3, 15, 12, 8, 1689929431, 1748656563, 2, 5, 9110529, 0
3, 15, 12, 8, 1689929431, 1748656563, 2, 4, 10935757, 0
3, 15, 12, 8, 1689929431, 1748656563, 2, 3, 9560949, 0
3, 15, 12, 8, 1689929431, 1748656563, 2, 2, 13146305, 0
3, 15, 12, 8, 1689929431, 1748656563, 2, 1, 18202733, 0
3, 15, 12, 8, 1689929431, 1748656563, 2, 0, 32579583, 0
3, 15, 12, 8, 1689929431, 1748656563, 1, 11, 11129519, 0
3, 15, 12, 8, 1689929431, 1748656563, 1, 10, 10958910, 0
3, 15, 12, 8, 1689929431, 1748656563, 1, 9, 10131414, 0
3, 15, 12, 8, 1689929431, 1748656563, 1, 8, 11323344, 0
3, 15, 12, 8, 1689929431, 1748656563, 1, 7, 10876250, 0
3, 15, 12, 8, 1689929431, 1748656563, 1, 6, 9827085, 0
3, 15, 12, 8, 1689929431, 1748656563, 1, 5, 9538407, 0
3, 15, 12, 8, 1689929431, 1748656563, 1, 4, 11460454, 0
3, 15, 12, 8, 1689929431, 1748656563, 1, 3, 12966710, 0
3, 15, 12, 8, 1689929431, 1748656563, 1, 2, 18153394, 0
3, 15, 12, 8, 1689929431, 1748656563, 1, 1, 30255657, 0
3, 15, 12, 8, 1689929431, 1748656563, 1, 0, 65159166, 0
3, 15, 12, 8, 1689929431, 1748656563, 0, 11, 11204337, 1
3, 15, 12, 8, 1689929431, 1748656563, 0, 10, 12324771, 1
3, 15, 12, 8, 1689929431, 1748656563, 0, 9, 9511941, 1
3, 15, 12, 8, 1689929431, 1748656563, 0, 8, 10700933, 1
3, 15, 12, 8, 1689929431, 1748656563, 0, 7, 12229638, 1
3, 15, 12, 8, 1689929431, 1748656563, 0, 6, 8369304, 1
3, 15, 12, 8, 1689929431, 1748656563, 0, 5, 5477240, 1
3, 15, 12, 8, 1689929431, 1748656563, 0, 4, 6401952, 1
3, 15, 12, 8, 1689929431, 1748656563, 0, 3, 8535935, 1
3, 15, 12, 8, 1689929431, 1748656563, 0, 2, 12803903, 1
3, 15, 12, 8, 1689929431, 1748656563, 0, 1, 25607805, 1
3, 16, 12, 8, 1748656564, 1753043203, 7, 11, 23491497, 1
3, 16, 12, 8, 1748656564, 1753043203, 7, 10, 23228958, 1
3, 16, 12, 8, 1748656564, 1753043203, 7, 9, 21488437, 1
3, 16, 12, 8, 1748656564, 1753043203, 7, 8, 21878624, 1
3, 16, 12, 8, 1748656564, 1753043203, 7, 7, 21843124, 1
3, 16, 12, 8, 1748656564, 1753043203, 7, 6, 20886097, 0
3, 16, 12, 8, 1748656564, 1753043203, 7, 5, 17117718, 0
3, 16, 12, 8, 1748656564, 1753043203, 7, 4, 11511373, 0
3, 16, 12, 8, 1748656564, 1753043203, 7, 3, 10065896, 0
3, 16, 12, 8, 1748656564, 1753043203, 7, 2, 10062964, 0
3, 16, 12, 8, 1748656564, 1753043203, 7, 1, 12341351, 0
3, 16, 12, 8, 1748656564, 1753043203, 7, 0, 24974073, 0
3, 16, 12, 8, 1748656564, 1753043203, 6, 11, 23349137, 1
3, 16, 12, 8, 1748656564, 1753043203, 6, 10, 23331627, 1
3, 16, 12, 8, 1748656564, 1753043203, 6, 9, 21389518, 0
3, 16, 12, 8, 1748656564, 1753043203, 6, 8, 21478590, 0
3, 16, 12, 8, 1748656564, 1753043203, 6, 7, 21152156, 1
3, 16, 12, 8, 1748656564, 1753043203, 6, 6, 19592932, 0
3, 16, 12, 8, 1748656564, 1753043203, 6, 5, 15910699, 0
3, 16, 12, 8, 1748656564, 1753043203, 6, 4, 10470919, 0
3, 16, 12, 8, 1748656564, 1753043203, 6, 3, 8719938, 0
3, 16, 12, 8, 1748656564, 1753043203, 6, 2, 8015039, 0
3, 16, 12, 8, 1748656564, 1753043203, 6, 1, 12330830, 0
3, 16, 12, 8, 1748656564, 1753043203, 6, 0, 26716797, 0
3, 16, 12, 8, 1748656564, 1753043203, 5, 11, 23494021, 1
3, 16, 12, 8, 1748656564, 1753043203, 5, 10, 24055293, 1
3, 16, 12, 8, 1748656564, 1753043203, 5, 9, 21585140, 0
3, 16, 12, 8, 1748656564, 1753043203, 5, 8, 21512443, 0
3, 16, 12, 8, 1748656564, 1753043203, 5, 7, 20960900, 0
3, 16, 12, 8, 1748656564, 1753043203, 5, 6, 18651759, 0
3, 16, 12, 8, 1748656564, 1753043203, 5, 5, 15167929, 0
3, 16, 12, 8, 1748656564, 1753043203, 5, 4, 8658237, 0
3, 16, 12, 8, 1748656564, 1753043203, 5, 3, 6347776, 0
3, 16, 12, 8, 1748656564, 1753043203, 5, 2, 8588167, 0
3, 16, 12, 8, 1748656564, 1753043203, 5, 1, 13272621, 0
3, 16, 12, 8, 1748656564, 1753043203, 5, 0, 29199767, 0
3, 16, 12, 8, 1748656564, 1753043203, 4, 11, 24694689, 0
3, 16, 12, 8, 1748656564, 1753043203, 4, 10, 25046392, 0
3, 16, 12, 8, 1748656564, 1753043203, 4, 9, 22823369, 0
3, 16, 12, 8, 1748656564, 1753043203, 4, 8, 23357617, 0
3, 16, 12, 8, 1748656564, 1753043203, 4, 7, 23637712, 0
3, 16, 12, 8, 1748656564, 1753043203, 4, 6, 21044456, 0
3, 16, 12, 8, 1748656564, 1753043203, 4, 5, 16609203, 0
3, 16, 12, 8, 1748656564, 1753043203, 4, 4, 9878108, 0
3, 16, 12, 8, 1748656564, 1753043203, 4, 3, 6946556, 0
3, 16, 12, 8, 1748656564, 1753043203, 4, 2, 9427468, 0
3, 16, 12, 8, 1748656564, 1753043203, 4, 1, 14664950, 0
3, 16, 12, 8, 1748656564, 1753043203, 4, 0, 32996137, 0
3, 16, 12, 8, 1748656564, 1753043203, 3, 11, 26229265, 0
3, 16, 12, 8, 1748656564, 1753043203, 3, 10, 26239396, 0
3, 16, 12, 8, 1748656564, 1753043203, 3, 9, 24498474, 0
3, 16, 12, 8, 1748656564, 1753043203, 3, 8, 24709444, 0
3, 16, 12, 8, 1748656564, 1753043203, 3, 7, 24665544, 0
3, 16, 12, 8, 1748656564, 1753043203, 3, 6, 22819342, 0
3, 16, 12, 8, 1748656564, 1753043203, 3, 5, 18711319, 0
3, 16, 12, 8, 1748656564, 1753043203, 3, 4, 10576930, 0
3, 16, 12, 8, 1748656564, 1753043203, 3, 3, 8798970, 0
3, 16, 12, 8, 1748656564, 1753043203, 3, 2, 11998596, 0
3, 16, 12, 8, 1748656564, 1753043203, 3, 1, 18854936, 0
3, 16, 12, 8, 1748656564, 1753043203, 3, 0, 43994850, 0
3, 16, 12, 8, 1748656564, 1753043203, 2, 11, 30099402, 0
3, 16, 12, 8, 1748656564, 1753043203, 2, 10, 29656176, 0
3, 16, 12, 8, 1748656564, 1753043203, 2, 9, 27704579, 0
3, 16, 12, 8, 1748656564, 1753043203, 2, 8, 28343541, 0
3, 16, 12, 8, 1748656564, 1753043203, 2, 7, 27684060, 0
3, 16, 12, 8, 1748656564, 1753043203, 2, 6, 25574964, 0
3, 16, 12, 8, 1748656564, 1753043203, 2, 5, 20587366, 0
3, 16, 12, 8, 1748656564, 1753043203, 2, 4, 13783296, 0
3, 16, 12, 8, 1748656564, 1753043203, 2, 3, 11344978, 0
3, 16, 12, 8, 1748656564, 1753043203, 2, 2, 15599344, 0
3, 16, 12, 8, 1748656564, 1753043203, 2, 1, 24958950, 0
3, 16, 12, 8, 1748656564, 1753043203, 2, 0, 62397374, 0
3, 16, 12, 8, 1748656564, 1753043203, 1, 11, 30992860, 0
3, 16, 12, 8, 1748656564, 1753043203, 1, 10, 31525299, 0
3, 16, 12, 8, 1748656564, 1753043203, 1, 9, 28611633, 0
3, 16, 12, 8, 1748656564, 1753043203, 1, 8, 28454162, 0
3, 16, 12, 8, 1748656564, 1753043203, 1, 7, 28871513, 0
3, 16, 12, 8, 1748656564, 1753043203, 1, 6, 26114115, 0
3, 16, 12, 8, 1748656564, 1753043203, 1, 5, 22747606, 0
3, 16, 12, 8, 1748656564, 1753043203, 1, 4, 15032342, 0
3, 16, 12, 8, 1748656564, 1753043203, 1, 3, 13892635, 0
3, 16, 12, 8, 1748656564, 1753043203, 1, 2, 19449689, 0
3, 16, 12, 8, 1748656564, 1753043203, 1, 1, 32416148, 0
3, 16, 12, 8, 1748656564, 1753043203, 1, 0, 97248443, 0
3, 16, 12, 8, 1748656564, 1753043203, 0, 11, 29680252, 1
3, 16, 12, 8, 1748656564, 1753043203, 0, 10, 32648278, 1
3, 16, 12, 8, 1748656564, 1753043203, 0, 9, 26609463, 1
3, 16, 12, 8, 1748656564, 1753043203, 0, 8, 25415977, 1
3, 16, 12, 8, 1748656564, 1753043203, 0, 7, 29046831, 1
3, 16, 12, 8, 1748656564, 1753043203, 0, 6, 21303020, 1
3, 16, 12, 8, 1748656564, 1753043203, 0, 5, 15869790, 1
3, 16, 12, 8, 1748656564, 1753043203, 0, 4, 4398929, 1
3, 16, 12, 8, 1748656564, 1753043203, 0, 3, 1, 1
3, 16, 12, 8, 1748656564, 1753043203, 0, 2, 1, 1
3, 16, 12, 8, 1748656564, 1753043203, 0, 1, 1, 1
