1,1.0,99582586.0,2055938236.1437056
2,99582587.0,142543439.0,2969379275.328295
3,142543440.0,175386621.0,2689104094.24574
4,175386622.0,207488879.0,2881418038.213699
5,207488880.0,276119450.0,2748025966.224057
6,276119451.0,420690275.0,2890959196.162422
7,420690276.0,452617184.0,3644020966.2025056
8,452617185.0,519905129.0,3351304514.697581
9,519905130.0,562196067.0,3904674805.5909166
10,562196068.0,675580341.0,3683431770.0809417
11,675580342.0,703153725.0,4008995411.3208923
12,703153726.0,736500298.0,3687208907.1250362
13,736500299.0,775867460.0,3639700506.661289
14,775867461.0,856107194.0,3571955609.460062
15,856107195.0,946612963.0,3797204161.812844
16,946612964.0,969736099.0,3766419773.564655
17,969736100.0,1008346161.0,3552426551.4707994
18,1008346162.0,1105611589.0,3672378386.920356
19,1105611590.0,1141819616.0,3963315431.315633
20,1141819617.0,1166015867.0,3757843111.0598807
21,1166015868.0,1204432404.0,3938026423.84519
22,1204432405.0,1249095234.0,3741767460.0806284
23,1249095235.0,1281444120.0,3625733597.530562
24,1281444121.0,1348881786.0,3696496246.3653455
25,1348881787.0,1363293145.0,3912738356.1661386
26,1363293146.0,1419867942.0,3735684414.9312587
27,1419867943.0,1439726026.0,3602816476.1461406
28,1439726027.0,1480787349.0,3800491308.0482197
29,1480787350.0,1552165165.0,3639235977.3648396
30,1552165166.0,1598731208.0,3512577987.7168384
31,1598731209.0,1626484638.0,3768498305.5103936
32,1626484639.0,1683811932.0,3869394816.718958
33,1683811933.0,1736388211.0,3705282399.9372983
34,1736388212.0,1795984158.0,3362711582.265835
35,1795984159.0,1819856894.0,3749764273.9125247
36,1819856895.0,1929026588.0,3837597125.4949555
37,1929026589.0,1966652673.0,3470787683.129073
38,1966652674.0,2149326500.0,3678947730.7979164
39,2149326501.0,2154935664.0,3233388823.1016665
40,2154935665.0,2187488611.0,3233388823.1016665
41,2187488612.0,2196025834.0,3264590573.9482007
