3, 1, 14, 15, 1, 88317320, 5, 4, 134392154, 0
3, 1, 14, 15, 1, 88317320, 5, 3, 139456473, 0
3, 1, 14, 15, 1, 88317320, 5, 2, 151066736, 1
3, 1, 14, 15, 1, 88317320, 5, 1, 167566226, 1
3, 1, 14, 15, 1, 88317320, 5, 0, 185703804, 0
3, 1, 14, 15, 1, 88317320, 4, 4, 125213396, 0
3, 1, 14, 15, 1, 88317320, 4, 3, 135622845, 0
3, 1, 14, 15, 1, 88317320, 4, 2, 151422156, 1
3, 1, 14, 15, 1, 88317320, 4, 1, 155000460, 1
3, 1, 14, 15, 1, 88317320, 4, 0, 175314966, 0
3, 1, 14, 15, 1, 88317320, 3, 4, 87955624, 1
3, 1, 14, 15, 1, 88317320, 3, 3, 101353742, 1
3, 1, 14, 15, 1, 88317320, 3, 2, 109400115, 1
3, 1, 14, 15, 1, 88317320, 3, 1, 106658541, 1
3, 1, 14, 15, 1, 88317320, 3, 0, 86685904, 0
3, 1, 14, 15, 1, 88317320, 2, 4, 93850352, 1
3, 1, 14, 15, 1, 88317320, 2, 3, 105732199, 1
3, 1, 14, 15, 1, 88317320, 2, 2, 105768667, 1
3, 1, 14, 15, 1, 88317320, 2, 1, 115362580, 1
3, 1, 14, 15, 1, 88317320, 2, 0, 130028855, 0
3, 1, 14, 15, 1, 88317320, 1, 4, 126416862, 0
3, 1, 14, 15, 1, 88317320, 1, 3, 140985860, 0
3, 1, 14, 15, 1, 88317320, 1, 2, 133999232, 0
3, 1, 14, 15, 1, 88317320, 1, 1, 192270966, 1
3, 1, 14, 15, 1, 88317320, 1, 0, 260057710, 0
3, 1, 14, 15, 1, 88317320, 0, 4, 156462495, 1
3, 1, 14, 15, 1, 88317320, 0, 3, 161568614, 1
3, 1, 14, 15, 1, 88317320, 0, 2, 204969226, 1
3, 1, 14, 15, 1, 88317320, 0, 1, 316755189, 1
3, 2, 14, 15, 88317321, 100055588, 5, 4, 3142636, 0
3, 2, 14, 15, 88317321, 100055588, 5, 3, 3962454, 0
3, 2, 14, 15, 88317321, 100055588, 5, 2, 5360967, 0
3, 2, 14, 15, 88317321, 100055588, 5, 1, 8285130, 0
3, 2, 14, 15, 88317321, 100055588, 5, 0, 12342545, 0
3, 2, 14, 15, 88317321, 100055588, 4, 4, 3797352, 0
3, 2, 14, 15, 88317321, 100055588, 4, 3, 4796654, 0
3, 2, 14, 15, 88317321, 100055588, 4, 2, 6509745, 0
3, 2, 14, 15, 88317321, 100055588, 4, 1, 10126270, 0
3, 2, 14, 15, 88317321, 100055588, 4, 0, 15428181, 0
3, 2, 14, 15, 88317321, 100055588, 3, 4, 4796654, 0
3, 2, 14, 15, 88317321, 100055588, 3, 3, 6075762, 0
3, 2, 14, 15, 88317321, 100055588, 3, 2, 8285130, 0
3, 2, 14, 15, 88317321, 100055588, 3, 1, 13019490, 0
3, 2, 14, 15, 88317321, 100055588, 3, 0, 20570908, 0
3, 2, 14, 15, 88317321, 100055588, 2, 4, 6509745, 0
3, 2, 14, 15, 88317321, 100055588, 2, 3, 8285130, 0
3, 2, 14, 15, 88317321, 100055588, 2, 2, 11392054, 0
3, 2, 14, 15, 88317321, 100055588, 2, 1, 18227286, 0
3, 2, 14, 15, 88317321, 100055588, 2, 0, 30856361, 0
3, 2, 14, 15, 88317321, 100055588, 1, 4, 1, 1
3, 2, 14, 15, 88317321, 100055588, 1, 3, 1, 1
3, 2, 14, 15, 88317321, 100055588, 1, 2, 1, 1
3, 2, 14, 15, 88317321, 100055588, 1, 1, 1, 1
3, 2, 14, 15, 88317321, 100055588, 1, 0, 1, 0
3, 2, 14, 15, 88317321, 100055588, 0, 4, 1, 1
3, 2, 14, 15, 88317321, 100055588, 0, 3, 1, 1
3, 2, 14, 15, 88317321, 100055588, 0, 2, 1, 1
3, 2, 14, 15, 88317321, 100055588, 0, 1, 1, 1
3, 3, 14, 15, 100055589, 162831985, 5, 4, 7212932, 1
3, 3, 14, 15, 100055589, 162831985, 5, 3, 4291757, 1
3, 3, 14, 15, 100055589, 162831985, 5, 2, 3239130, 1
3, 3, 14, 15, 100055589, 162831985, 5, 1, 5005927, 1
3, 3, 14, 15, 100055589, 162831985, 5, 0, 1, 0
3, 3, 14, 15, 100055589, 162831985, 4, 4, 3281197, 1
3, 3, 14, 15, 100055589, 162831985, 4, 3, 2898169, 1
3, 3, 14, 15, 100055589, 162831985, 4, 2, 3933229, 1
3, 3, 14, 15, 100055589, 162831985, 4, 1, 6118356, 1
3, 3, 14, 15, 100055589, 162831985, 4, 0, 1, 0
3, 3, 14, 15, 100055589, 162831985, 3, 4, 2898169, 1
3, 3, 14, 15, 100055589, 162831985, 3, 3, 3671014, 1
3, 3, 14, 15, 100055589, 162831985, 3, 2, 5005927, 1
3, 3, 14, 15, 100055589, 162831985, 3, 1, 7866457, 1
3, 3, 14, 15, 100055589, 162831985, 3, 0, 1, 0
3, 3, 14, 15, 100055589, 162831985, 2, 4, 3933229, 1
3, 3, 14, 15, 100055589, 162831985, 2, 3, 5005927, 1
3, 3, 14, 15, 100055589, 162831985, 2, 2, 6883150, 1
3, 3, 14, 15, 100055589, 162831985, 2, 1, 11013040, 1
3, 3, 14, 15, 100055589, 162831985, 2, 0, 1, 0
3, 3, 14, 15, 100055589, 162831985, 1, 4, 6118356, 1
3, 3, 14, 15, 100055589, 162831985, 1, 3, 7866457, 1
3, 3, 14, 15, 100055589, 162831985, 1, 2, 11013040, 1
3, 3, 14, 15, 100055589, 162831985, 1, 1, 18355066, 1
3, 3, 14, 15, 100055589, 162831985, 1, 0, 1, 0
3, 3, 14, 15, 100055589, 162831985, 0, 4, 1, 1
3, 3, 14, 15, 100055589, 162831985, 0, 3, 1, 1
3, 3, 14, 15, 100055589, 162831985, 0, 2, 1, 1
3, 3, 14, 15, 100055589, 162831985, 0, 1, 1, 1
3, 4, 14, 15, 162831986, 180098976, 5, 4, 47448380, 1
3, 4, 14, 15, 162831986, 180098976, 5, 3, 48127514, 1
3, 4, 14, 15, 162831986, 180098976, 5, 2, 36377685, 1
3, 4, 14, 15, 162831986, 180098976, 5, 1, 42138121, 1
3, 4, 14, 15, 162831986, 180098976, 5, 0, 51875820, 0
3, 4, 14, 15, 162831986, 180098976, 4, 4, 47057498, 1
3, 4, 14, 15, 162831986, 180098976, 4, 3, 48318824, 1
3, 4, 14, 15, 162831986, 180098976, 4, 2, 31776377, 1
3, 4, 14, 15, 162831986, 180098976, 4, 1, 36018292, 0
3, 4, 14, 15, 162831986, 180098976, 4, 0, 64844775, 0
3, 4, 14, 15, 162831986, 180098976, 3, 4, 55448156, 1
3, 4, 14, 15, 162831986, 180098976, 3, 3, 56146178, 1
3, 4, 14, 15, 162831986, 180098976, 3, 2, 33545845, 1
3, 4, 14, 15, 162831986, 180098976, 3, 1, 35471377, 1
3, 4, 14, 15, 162831986, 180098976, 3, 0, 61171370, 0
3, 4, 14, 15, 162831986, 180098976, 2, 4, 70006253, 0
3, 4, 14, 15, 162831986, 180098976, 2, 3, 75831964, 1
3, 4, 14, 15, 162831986, 180098976, 2, 2, 45120403, 0
3, 4, 14, 15, 162831986, 180098976, 2, 1, 48051714, 0
3, 4, 14, 15, 162831986, 180098976, 2, 0, 87736523, 0
3, 4, 14, 15, 162831986, 180098976, 1, 4, 75788161, 1
3, 4, 14, 15, 162831986, 180098976, 1, 3, 79411438, 1
3, 4, 14, 15, 162831986, 180098976, 1, 2, 30588293, 1
3, 4, 14, 15, 162831986, 180098976, 1, 1, 21595176, 1
3, 4, 14, 15, 162831986, 180098976, 1, 0, 1, 0
3, 4, 14, 15, 162831986, 180098976, 0, 4, 83488228, 1
3, 4, 14, 15, 162831986, 180098976, 0, 3, 111317638, 1
3, 4, 14, 15, 162831986, 180098976, 0, 2, 76470732, 1
3, 4, 14, 15, 162831986, 180098976, 0, 1, 64785526, 1
3, 5, 14, 15, 180098977, 248450472, 5, 4, 676646077, 1
3, 5, 14, 15, 180098977, 248450472, 5, 3, 645938923, 1
3, 5, 14, 15, 180098977, 248450472, 5, 2, 642776605, 1
3, 5, 14, 15, 180098977, 248450472, 5, 1, 536270323, 1
3, 5, 14, 15, 180098977, 248450472, 5, 0, 510063331, 0
3, 5, 14, 15, 180098977, 248450472, 4, 4, 673141653, 1
3, 5, 14, 15, 180098977, 248450472, 4, 3, 644422672, 1
3, 5, 14, 15, 180098977, 248450472, 4, 2, 651927559, 1
3, 5, 14, 15, 180098977, 248450472, 4, 1, 551399405, 1
3, 5, 14, 15, 180098977, 248450472, 4, 0, 637579163, 0
3, 5, 14, 15, 180098977, 248450472, 3, 4, 723285103, 0
3, 5, 14, 15, 180098977, 248450472, 3, 3, 705055071, 1
3, 5, 14, 15, 180098977, 248450472, 3, 2, 749931661, 1
3, 5, 14, 15, 180098977, 248450472, 3, 1, 708942092, 1
3, 5, 14, 15, 180098977, 248450472, 3, 0, 850105551, 0
3, 5, 14, 15, 180098977, 248450472, 2, 4, 728973950, 0
3, 5, 14, 15, 180098977, 248450472, 2, 3, 718314090, 1
3, 5, 14, 15, 180098977, 248450472, 2, 2, 740223345, 1
3, 5, 14, 15, 180098977, 248450472, 2, 1, 676383440, 0
3, 5, 14, 15, 180098977, 248450472, 2, 0, 872625694, 0
3, 5, 14, 15, 180098977, 248450472, 1, 4, 728396435, 1
3, 5, 14, 15, 180098977, 248450472, 1, 3, 729164316, 1
3, 5, 14, 15, 180098977, 248450472, 1, 2, 798351193, 1
3, 5, 14, 15, 180098977, 248450472, 1, 1, 784548538, 1
3, 5, 14, 15, 180098977, 248450472, 1, 0, 772754142, 0
3, 5, 14, 15, 180098977, 248450472, 0, 4, 811726151, 1
3, 5, 14, 15, 180098977, 248450472, 0, 3, 906241493, 1
3, 5, 14, 15, 180098977, 248450472, 0, 2, 873494933, 1
3, 5, 14, 15, 180098977, 248450472, 0, 1, 861809727, 1
3, 6, 14, 15, 248450473, 317473693, 5, 4, 386639262, 1
3, 6, 14, 15, 248450473, 317473693, 5, 3, 378447886, 1
3, 6, 14, 15, 248450473, 317473693, 5, 2, 382938017, 1
3, 6, 14, 15, 248450473, 317473693, 5, 1, 305342486, 1
3, 6, 14, 15, 248450473, 317473693, 5, 0, 266480917, 0
3, 6, 14, 15, 248450473, 317473693, 4, 4, 382712229, 1
3, 6, 14, 15, 248450473, 317473693, 4, 3, 378651534, 1
3, 6, 14, 15, 248450473, 317473693, 4, 2, 386171526, 1
3, 6, 14, 15, 248450473, 317473693, 4, 1, 301549998, 1
3, 6, 14, 15, 248450473, 317473693, 4, 0, 333101146, 0
3, 6, 14, 15, 248450473, 317473693, 3, 4, 398806381, 1
3, 6, 14, 15, 248450473, 317473693, 3, 3, 395716464, 1
3, 6, 14, 15, 248450473, 317473693, 3, 2, 435214481, 1
3, 6, 14, 15, 248450473, 317473693, 3, 1, 387707140, 1
3, 6, 14, 15, 248450473, 317473693, 3, 0, 444134862, 0
3, 6, 14, 15, 248450473, 317473693, 2, 4, 403689890, 1
3, 6, 14, 15, 248450473, 317473693, 2, 3, 415035473, 1
3, 6, 14, 15, 248450473, 317473693, 2, 2, 427125316, 1
3, 6, 14, 15, 248450473, 317473693, 2, 1, 389042783, 0
3, 6, 14, 15, 248450473, 317473693, 2, 0, 466655005, 0
3, 6, 14, 15, 248450473, 317473693, 1, 4, 409027574, 1
3, 6, 14, 15, 248450473, 317473693, 1, 3, 434538834, 1
3, 6, 14, 15, 248450473, 317473693, 1, 2, 470937491, 1
3, 6, 14, 15, 248450473, 317473693, 1, 1, 459562453, 1
3, 6, 14, 15, 248450473, 317473693, 1, 0, 366783453, 0
3, 6, 14, 15, 248450473, 317473693, 0, 4, 467739021, 1
3, 6, 14, 15, 248450473, 317473693, 0, 3, 582915549, 1
3, 6, 14, 15, 248450473, 317473693, 0, 2, 542439807, 1
3, 6, 14, 15, 248450473, 317473693, 0, 1, 455839038, 1
3, 7, 14, 15, 317473694, 364404125, 5, 4, 12716261, 1
3, 7, 14, 15, 317473694, 364404125, 5, 3, 11978300, 1
3, 7, 14, 15, 317473694, 364404125, 5, 2, 5069950, 1
3, 7, 14, 15, 317473694, 364404125, 5, 1, 1084698, 1
3, 7, 14, 15, 317473694, 364404125, 5, 0, 1, 0
3, 7, 14, 15, 317473694, 364404125, 4, 4, 14264843, 1
3, 7, 14, 15, 317473694, 364404125, 4, 3, 14315803, 1
3, 7, 14, 15, 317473694, 364404125, 4, 2, 5906323, 1
3, 7, 14, 15, 317473694, 364404125, 4, 1, 1325741, 1
3, 7, 14, 15, 317473694, 364404125, 4, 0, 1, 0
3, 7, 14, 15, 317473694, 364404125, 3, 4, 15182273, 1
3, 7, 14, 15, 317473694, 364404125, 3, 3, 14540481, 1
3, 7, 14, 15, 317473694, 364404125, 3, 2, 7517138, 1
3, 7, 14, 15, 317473694, 364404125, 3, 1, 1704524, 1
3, 7, 14, 15, 317473694, 364404125, 3, 0, 1, 0
3, 7, 14, 15, 317473694, 364404125, 2, 4, 18493283, 1
3, 7, 14, 15, 317473694, 364404125, 2, 3, 19827929, 1
3, 7, 14, 15, 317473694, 364404125, 2, 2, 10336064, 1
3, 7, 14, 15, 317473694, 364404125, 2, 1, 2386334, 1
3, 7, 14, 15, 317473694, 364404125, 2, 0, 1, 0
3, 7, 14, 15, 317473694, 364404125, 1, 4, 24234135, 1
3, 7, 14, 15, 317473694, 364404125, 1, 3, 31158174, 1
3, 7, 14, 15, 317473694, 364404125, 1, 2, 16537703, 1
3, 7, 14, 15, 317473694, 364404125, 1, 1, 3977223, 1
3, 7, 14, 15, 317473694, 364404125, 1, 0, 1, 0
3, 7, 14, 15, 317473694, 364404125, 0, 4, 9303668, 1
3, 7, 14, 15, 317473694, 364404125, 0, 3, 12404890, 1
3, 7, 14, 15, 317473694, 364404125, 0, 2, 5965834, 1
3, 7, 14, 15, 317473694, 364404125, 0, 1, 11931668, 1
3, 8, 14, 15, 364404126, 404872390, 5, 4, 509922736, 1
3, 8, 14, 15, 364404126, 404872390, 5, 3, 508673674, 1
3, 8, 14, 15, 364404126, 404872390, 5, 2, 499184490, 1
3, 8, 14, 15, 364404126, 404872390, 5, 1, 425373207, 1
3, 8, 14, 15, 364404126, 404872390, 5, 0, 395267603, 0
3, 8, 14, 15, 364404126, 404872390, 4, 4, 513820984, 1
3, 8, 14, 15, 364404126, 404872390, 4, 3, 523005512, 1
3, 8, 14, 15, 364404126, 404872390, 4, 2, 520897646, 1
3, 8, 14, 15, 364404126, 404872390, 4, 1, 444291198, 1
3, 8, 14, 15, 364404126, 404872390, 4, 0, 494084503, 0
3, 8, 14, 15, 364404126, 404872390, 3, 4, 539811114, 1
3, 8, 14, 15, 364404126, 404872390, 3, 3, 569814588, 1
3, 8, 14, 15, 364404126, 404872390, 3, 2, 600796710, 1
3, 8, 14, 15, 364404126, 404872390, 3, 1, 571231540, 1
3, 8, 14, 15, 364404126, 404872390, 3, 0, 658779338, 0
3, 8, 14, 15, 364404126, 404872390, 2, 4, 496426389, 1
3, 8, 14, 15, 364404126, 404872390, 2, 3, 534210087, 1
3, 8, 14, 15, 364404126, 404872390, 2, 2, 568590986, 1
3, 8, 14, 15, 364404126, 404872390, 2, 1, 523511609, 1
3, 8, 14, 15, 364404126, 404872390, 2, 0, 631341173, 0
3, 8, 14, 15, 364404126, 404872390, 1, 4, 557345718, 1
3, 8, 14, 15, 364404126, 404872390, 1, 3, 563207568, 1
3, 8, 14, 15, 364404126, 404872390, 1, 2, 647318392, 1
3, 8, 14, 15, 364404126, 404872390, 1, 1, 667687814, 1
3, 8, 14, 15, 364404126, 404872390, 1, 0, 648187743, 0
3, 8, 14, 15, 364404126, 404872390, 0, 4, 676441634, 1
3, 8, 14, 15, 364404126, 404872390, 0, 3, 727565838, 1
3, 8, 14, 15, 364404126, 404872390, 0, 2, 738418251, 1
3, 8, 14, 15, 364404126, 404872390, 0, 1, 773402710, 1
3, 9, 14, 15, 404872391, 470666953, 5, 4, 537000761, 1
3, 9, 14, 15, 404872391, 470666953, 5, 3, 513963650, 1
3, 9, 14, 15, 404872391, 470666953, 5, 2, 507635125, 1
3, 9, 14, 15, 404872391, 470666953, 5, 1, 400506033, 1
3, 9, 14, 15, 404872391, 470666953, 5, 0, 403206189, 0
3, 9, 14, 15, 404872391, 470666953, 4, 4, 545785537, 1
3, 9, 14, 15, 404872391, 470666953, 4, 3, 531163202, 1
3, 9, 14, 15, 404872391, 470666953, 4, 2, 536101488, 1
3, 9, 14, 15, 404872391, 470666953, 4, 1, 435065382, 1
3, 9, 14, 15, 404872391, 470666953, 4, 0, 504007736, 0
3, 9, 14, 15, 404872391, 470666953, 3, 4, 593872279, 1
3, 9, 14, 15, 404872391, 470666953, 3, 3, 578988027, 1
3, 9, 14, 15, 404872391, 470666953, 3, 2, 617387196, 1
3, 9, 14, 15, 404872391, 470666953, 3, 1, 559369776, 1
3, 9, 14, 15, 404872391, 470666953, 3, 0, 672010315, 0
3, 9, 14, 15, 404872391, 470666953, 2, 4, 575374502, 1
3, 9, 14, 15, 404872391, 470666953, 2, 3, 546094272, 1
3, 9, 14, 15, 404872391, 470666953, 2, 2, 597247836, 1
3, 9, 14, 15, 404872391, 470666953, 2, 1, 523230374, 1
3, 9, 14, 15, 404872391, 470666953, 2, 0, 677476578, 0
3, 9, 14, 15, 404872391, 470666953, 1, 4, 606461570, 1
3, 9, 14, 15, 404872391, 470666953, 1, 3, 590270568, 1
3, 9, 14, 15, 404872391, 470666953, 1, 2, 679748341, 1
3, 9, 14, 15, 404872391, 470666953, 1, 1, 643668089, 1
3, 9, 14, 15, 404872391, 470666953, 1, 0, 669805553, 0
3, 9, 14, 15, 404872391, 470666953, 0, 4, 734863267, 1
3, 9, 14, 15, 404872391, 470666953, 0, 3, 734023923, 1
3, 9, 14, 15, 404872391, 470666953, 0, 2, 734459751, 1
3, 9, 14, 15, 404872391, 470666953, 0, 1, 755347460, 1
3, 10, 14, 15, 470666954, 489803061, 5, 4, 3551242, 0
3, 10, 14, 15, 470666954, 489803061, 5, 3, 4385938, 0
3, 10, 14, 15, 470666954, 489803061, 5, 2, 5933916, 0
3, 10, 14, 15, 470666954, 489803061, 5, 1, 2657662, 0
3, 10, 14, 15, 470666954, 489803061, 5, 0, 5597975, 0
3, 10, 14, 15, 470666954, 489803061, 4, 4, 4203191, 0
3, 10, 14, 15, 470666954, 489803061, 4, 3, 5309293, 0
3, 10, 14, 15, 470666954, 489803061, 4, 2, 7205469, 0
3, 10, 14, 15, 470666954, 489803061, 4, 1, 3248254, 0
3, 10, 14, 15, 470666954, 489803061, 4, 0, 6997469, 0
3, 10, 14, 15, 470666954, 489803061, 3, 4, 5309293, 0
3, 10, 14, 15, 470666954, 489803061, 3, 3, 6725105, 0
3, 10, 14, 15, 470666954, 489803061, 3, 2, 9170597, 0
3, 10, 14, 15, 470666954, 489803061, 3, 1, 4176326, 0
3, 10, 14, 15, 470666954, 489803061, 3, 0, 9329958, 0
3, 10, 14, 15, 470666954, 489803061, 2, 4, 7137314, 0
3, 10, 14, 15, 470666954, 489803061, 2, 3, 9083854, 0
3, 10, 14, 15, 470666954, 489803061, 2, 2, 12490299, 0
3, 10, 14, 15, 470666954, 489803061, 2, 1, 5656022, 0
3, 10, 14, 15, 470666954, 489803061, 2, 0, 13517851, 0
3, 10, 14, 15, 470666954, 489803061, 1, 4, 8098522, 1
3, 10, 14, 15, 470666954, 489803061, 1, 3, 10412385, 1
3, 10, 14, 15, 470666954, 489803061, 1, 2, 14577339, 1
3, 10, 14, 15, 470666954, 489803061, 1, 1, 414804, 1
3, 10, 14, 15, 470666954, 489803061, 1, 0, 1, 0
3, 10, 14, 15, 470666954, 489803061, 0, 4, 311103, 1
3, 10, 14, 15, 470666954, 489803061, 0, 3, 414804, 1
3, 10, 14, 15, 470666954, 489803061, 0, 2, 622205, 1
3, 10, 14, 15, 470666954, 489803061, 0, 1, 1244410, 1
3, 11, 14, 15, 489803062, 731544295, 5, 4, 354561008, 1
3, 11, 14, 15, 489803062, 731544295, 5, 3, 351903461, 1
3, 11, 14, 15, 489803062, 731544295, 5, 2, 299156264, 1
3, 11, 14, 15, 489803062, 731544295, 5, 1, 222672561, 1
3, 11, 14, 15, 489803062, 731544295, 5, 0, 108237701, 0
3, 11, 14, 15, 489803062, 731544295, 4, 4, 292208962, 1
3, 11, 14, 15, 489803062, 731544295, 4, 3, 306491702, 1
3, 11, 14, 15, 489803062, 731544295, 4, 2, 241413927, 1
3, 11, 14, 15, 489803062, 731544295, 4, 1, 145345819, 1
3, 11, 14, 15, 489803062, 731544295, 4, 0, 94277793, 0
3, 11, 14, 15, 489803062, 731544295, 3, 4, 263594374, 1
3, 11, 14, 15, 489803062, 731544295, 3, 3, 254574691, 1
3, 11, 14, 15, 489803062, 731544295, 3, 2, 215533432, 1
3, 11, 14, 15, 489803062, 731544295, 3, 1, 177619438, 1
3, 11, 14, 15, 489803062, 731544295, 3, 0, 125281299, 0
3, 11, 14, 15, 489803062, 731544295, 2, 4, 223505259, 1
3, 11, 14, 15, 489803062, 731544295, 2, 3, 210476799, 1
3, 11, 14, 15, 489803062, 731544295, 2, 2, 155417009, 1
3, 11, 14, 15, 489803062, 731544295, 2, 1, 98329656, 1
3, 11, 14, 15, 489803062, 731544295, 2, 0, 1, 0
3, 11, 14, 15, 489803062, 731544295, 1, 4, 244382267, 1
3, 11, 14, 15, 489803062, 731544295, 1, 3, 206821802, 1
3, 11, 14, 15, 489803062, 731544295, 1, 2, 150337558, 1
3, 11, 14, 15, 489803062, 731544295, 1, 1, 125281299, 1
3, 11, 14, 15, 489803062, 731544295, 1, 0, 1, 0
3, 11, 14, 15, 489803062, 731544295, 0, 4, 375843895, 1
3, 11, 14, 15, 489803062, 731544295, 0, 3, 375843895, 1
3, 11, 14, 15, 489803062, 731544295, 0, 2, 375843895, 1
3, 11, 14, 15, 489803062, 731544295, 0, 1, 375843895, 1
3, 12, 14, 15, 731544296, 1136751369, 5, 4, 75673238, 0
3, 12, 14, 15, 731544296, 1136751369, 5, 3, 92603944, 0
3, 12, 14, 15, 731544296, 1136751369, 5, 2, 125287689, 0
3, 12, 14, 15, 731544296, 1136751369, 5, 1, 182785691, 0
3, 12, 14, 15, 731544296, 1136751369, 5, 0, 163165653, 0
3, 12, 14, 15, 731544296, 1136751369, 4, 4, 46250435, 0
3, 12, 14, 15, 731544296, 1136751369, 4, 3, 55019855, 0
3, 12, 14, 15, 731544296, 1136751369, 4, 2, 74669804, 0
3, 12, 14, 15, 731544296, 1136751369, 4, 1, 102903238, 0
3, 12, 14, 15, 731544296, 1136751369, 4, 0, 203957066, 0
3, 12, 14, 15, 731544296, 1136751369, 3, 4, 14309825, 1
3, 12, 14, 15, 731544296, 1136751369, 3, 3, 13816899, 1
3, 12, 14, 15, 731544296, 1136751369, 3, 2, 18841226, 1
3, 12, 14, 15, 731544296, 1136751369, 3, 1, 12572197, 1
3, 12, 14, 15, 731544296, 1136751369, 3, 0, 1, 0
3, 12, 14, 15, 731544296, 1136751369, 2, 4, 16277428, 1
3, 12, 14, 15, 731544296, 1136751369, 2, 3, 14840981, 1
3, 12, 14, 15, 731544296, 1136751369, 2, 2, 20406349, 1
3, 12, 14, 15, 731544296, 1136751369, 2, 1, 8800538, 1
3, 12, 14, 15, 731544296, 1136751369, 2, 0, 1, 0
3, 12, 14, 15, 731544296, 1136751369, 1, 4, 14667563, 1
3, 12, 14, 15, 731544296, 1136751369, 1, 3, 12572197, 1
3, 12, 14, 15, 731544296, 1136751369, 1, 2, 17601075, 1
3, 12, 14, 15, 731544296, 1136751369, 1, 1, 14667563, 1
3, 12, 14, 15, 731544296, 1136751369, 1, 0, 1, 0
3, 12, 14, 15, 731544296, 1136751369, 0, 4, 22001344, 1
3, 12, 14, 15, 731544296, 1136751369, 0, 3, 14667563, 1
3, 12, 14, 15, 731544296, 1136751369, 0, 2, 22001344, 1
3, 12, 14, 15, 731544296, 1136751369, 0, 1, 1, 1
3, 13, 14, 15, 1136751370, 1675252172, 5, 4, 185015989, 1
3, 13, 14, 15, 1136751370, 1675252172, 5, 3, 194038623, 1
3, 13, 14, 15, 1136751370, 1675252172, 5, 2, 178487028, 1
3, 13, 14, 15, 1136751370, 1675252172, 5, 1, 201663165, 1
3, 13, 14, 15, 1136751370, 1675252172, 5, 0, 163196931, 0
3, 13, 14, 15, 1136751370, 1675252172, 4, 4, 223560986, 1
3, 13, 14, 15, 1136751370, 1675252172, 4, 3, 234888859, 1
3, 13, 14, 15, 1136751370, 1675252172, 4, 2, 216734248, 1
3, 13, 14, 15, 1136751370, 1675252172, 4, 1, 246477202, 1
3, 13, 14, 15, 1136751370, 1675252172, 4, 0, 203996164, 0
3, 13, 14, 15, 1136751370, 1675252172, 3, 4, 250555352, 1
3, 13, 14, 15, 1136751370, 1675252172, 3, 3, 258437521, 1
3, 13, 14, 15, 1136751370, 1675252172, 3, 2, 222541269, 0
3, 13, 14, 15, 1136751370, 1675252172, 3, 1, 233138473, 1
3, 13, 14, 15, 1136751370, 1675252172, 3, 0, 271994885, 0
3, 13, 14, 15, 1136751370, 1675252172, 2, 4, 182871063, 1
3, 13, 14, 15, 1136751370, 1675252172, 2, 3, 189472576, 1
3, 13, 14, 15, 1136751370, 1675252172, 2, 2, 152997123, 1
3, 13, 14, 15, 1136751370, 1675252172, 2, 1, 163196931, 1
3, 13, 14, 15, 1136751370, 1675252172, 2, 0, 203996164, 0
3, 13, 14, 15, 1136751370, 1675252172, 1, 4, 188885948, 1
3, 13, 14, 15, 1136751370, 1675252172, 1, 3, 174853855, 1
3, 13, 14, 15, 1136751370, 1675252172, 1, 2, 81598466, 1
3, 13, 14, 15, 1136751370, 1675252172, 1, 1, 135997443, 1
3, 13, 14, 15, 1136751370, 1675252172, 1, 0, 1, 0
3, 13, 14, 15, 1136751370, 1675252172, 0, 4, 305994245, 1
3, 13, 14, 15, 1136751370, 1675252172, 0, 3, 271994885, 1
3, 13, 14, 15, 1136751370, 1675252172, 0, 2, 203996164, 1
3, 13, 14, 15, 1136751370, 1675252172, 0, 1, 407992327, 1
3, 14, 14, 15, 1675252173, 1689928285, 5, 4, 15392878, 0
3, 14, 14, 15, 1675252173, 1689928285, 5, 3, 13375507, 0
3, 14, 14, 15, 1675252173, 1689928285, 5, 2, 10934663, 0
3, 14, 14, 15, 1675252173, 1689928285, 5, 1, 15889120, 0
3, 14, 14, 15, 1675252173, 1689928285, 5, 0, 21740535, 0
3, 14, 14, 15, 1675252173, 1689928285, 4, 4, 18333842, 0
3, 14, 14, 15, 1675252173, 1689928285, 4, 3, 15855548, 0
3, 14, 14, 15, 1675252173, 1689928285, 4, 2, 12822002, 0
3, 14, 14, 15, 1675252173, 1689928285, 4, 1, 18711008, 0
3, 14, 14, 15, 1675252173, 1689928285, 4, 0, 25580357, 0
3, 14, 14, 15, 1675252173, 1689928285, 3, 4, 13914843, 0
3, 14, 14, 15, 1675252173, 1689928285, 3, 3, 13516773, 0
3, 14, 14, 15, 1675252173, 1689928285, 3, 2, 13529460, 0
3, 14, 14, 15, 1675252173, 1689928285, 3, 1, 19673587, 0
3, 14, 14, 15, 1675252173, 1689928285, 3, 0, 34107143, 0
3, 14, 14, 15, 1675252173, 1689928285, 2, 4, 15108524, 0
3, 14, 14, 15, 1675252173, 1689928285, 2, 3, 13626264, 0
3, 14, 14, 15, 1675252173, 1689928285, 2, 2, 15028401, 0
3, 14, 14, 15, 1675252173, 1689928285, 2, 1, 24045441, 0
3, 14, 14, 15, 1675252173, 1689928285, 2, 0, 51160714, 0
3, 14, 14, 15, 1675252173, 1689928285, 1, 4, 17294764, 0
3, 14, 14, 15, 1675252173, 1689928285, 1, 3, 13431778, 0
3, 14, 14, 15, 1675252173, 1689928285, 1, 2, 18804489, 0
3, 14, 14, 15, 1675252173, 1689928285, 1, 1, 31340814, 0
3, 14, 14, 15, 1675252173, 1689928285, 1, 0, 76116667, 0
3, 14, 14, 15, 1675252173, 1689928285, 0, 4, 9984462, 1
3, 14, 14, 15, 1675252173, 1689928285, 0, 3, 5968592, 1
3, 14, 14, 15, 1675252173, 1689928285, 0, 2, 8952888, 1
3, 14, 14, 15, 1675252173, 1689928285, 0, 1, 17905776, 1
3, 15, 14, 15, 1689928286, 1748757083, 5, 4, 13861426, 0
3, 15, 14, 15, 1689928286, 1748757083, 5, 3, 16786651, 0
3, 15, 14, 15, 1689928286, 1748757083, 5, 2, 11039839, 0
3, 15, 14, 15, 1689928286, 1748757083, 5, 1, 12866936, 1
3, 15, 14, 15, 1689928286, 1748757083, 5, 0, 15035952, 0
3, 15, 14, 15, 1689928286, 1748757083, 4, 4, 15290287, 0
3, 15, 14, 15, 1689928286, 1748757083, 4, 3, 18477816, 0
3, 15, 14, 15, 1689928286, 1748757083, 4, 2, 13405518, 0
3, 15, 14, 15, 1689928286, 1748757083, 4, 1, 15726255, 1
3, 15, 14, 15, 1689928286, 1748757083, 4, 0, 18794939, 0
3, 15, 14, 15, 1689928286, 1748757083, 3, 4, 17921441, 0
3, 15, 14, 15, 1689928286, 1748757083, 3, 3, 22288311, 0
3, 15, 14, 15, 1689928286, 1748757083, 3, 2, 15538492, 0
3, 15, 14, 15, 1689928286, 1748757083, 3, 1, 20219470, 0
3, 15, 14, 15, 1689928286, 1748757083, 3, 0, 25059919, 0
3, 15, 14, 15, 1689928286, 1748757083, 2, 4, 12238183, 1
3, 15, 14, 15, 1689928286, 1748757083, 2, 3, 15013804, 1
3, 15, 14, 15, 1689928286, 1748757083, 2, 2, 7923587, 1
3, 15, 14, 15, 1689928286, 1748757083, 2, 1, 11657857, 1
3, 15, 14, 15, 1689928286, 1748757083, 2, 0, 4066615, 0
3, 15, 14, 15, 1689928286, 1748757083, 1, 4, 11033357, 1
3, 15, 14, 15, 1689928286, 1748757083, 1, 3, 13302500, 1
3, 15, 14, 15, 1689928286, 1748757083, 1, 2, 11051093, 1
3, 15, 14, 15, 1689928286, 1748757083, 1, 1, 16718686, 1
3, 15, 14, 15, 1689928286, 1748757083, 1, 0, 1, 0
3, 15, 14, 15, 1689928286, 1748757083, 0, 4, 6765012, 1
3, 15, 14, 15, 1689928286, 1748757083, 0, 3, 6959111, 1
3, 15, 14, 15, 1689928286, 1748757083, 0, 2, 10438666, 1
3, 15, 14, 15, 1689928286, 1748757083, 0, 1, 20877332, 1
3, 16, 14, 15, 1748757084, 1753043203, 5, 4, 6609263, 1
3, 16, 14, 15, 1748757084, 1753043203, 5, 3, 5505867, 1
3, 16, 14, 15, 1748757084, 1753043203, 5, 2, 4276906, 1
3, 16, 14, 15, 1748757084, 1753043203, 5, 1, 5599859, 1
3, 16, 14, 15, 1748757084, 1753043203, 5, 0, 5240953, 0
3, 16, 14, 15, 1748757084, 1753043203, 4, 4, 7388143, 1
3, 16, 14, 15, 1748757084, 1753043203, 4, 3, 6664996, 0
3, 16, 14, 15, 1748757084, 1753043203, 4, 2, 5193386, 1
3, 16, 14, 15, 1748757084, 1753043203, 4, 1, 6844272, 1
3, 16, 14, 15, 1748757084, 1753043203, 4, 0, 6551191, 0
3, 16, 14, 15, 1748757084, 1753043203, 3, 4, 7824579, 1
3, 16, 14, 15, 1748757084, 1753043203, 3, 3, 8442329, 0
3, 16, 14, 15, 1748757084, 1753043203, 3, 2, 6609764, 1
3, 16, 14, 15, 1748757084, 1753043203, 3, 1, 8799778, 1
3, 16, 14, 15, 1748757084, 1753043203, 3, 0, 8734921, 0
3, 16, 14, 15, 1748757084, 1753043203, 2, 4, 6843165, 0
3, 16, 14, 15, 1748757084, 1753043203, 2, 3, 6706567, 0
3, 16, 14, 15, 1748757084, 1753043203, 2, 2, 5513817, 0
3, 16, 14, 15, 1748757084, 1753043203, 2, 1, 8822108, 1
3, 16, 14, 15, 1748757084, 1753043203, 2, 0, 13102381, 0
3, 16, 14, 15, 1748757084, 1753043203, 1, 4, 4437539, 1
3, 16, 14, 15, 1748757084, 1753043203, 1, 3, 2557968, 1
3, 16, 14, 15, 1748757084, 1753043203, 1, 2, 3581156, 1
3, 16, 14, 15, 1748757084, 1753043203, 1, 1, 5968592, 1
3, 16, 14, 15, 1748757084, 1753043203, 1, 0, 1, 0
3, 16, 14, 15, 1748757084, 1753043203, 0, 4, 9984462, 1
3, 16, 14, 15, 1748757084, 1753043203, 0, 3, 5968592, 1
3, 16, 14, 15, 1748757084, 1753043203, 0, 2, 8952888, 1
3, 16, 14, 15, 1748757084, 1753043203, 0, 1, 17905776, 1
