1,1.0,99976315.0,2052458212.9405131
2,99976316.0,140134438.0,3384652138.3270793
3,140134439.0,173511682.0,3106311603.226544
4,173511683.0,205432567.0,3309030647.976572
5,205432568.0,281565425.0,3093401825.2649417
6,281565426.0,302723735.0,3436428266.821176
7,302723736.0,420824872.0,3177537089.4363375
8,420824873.0,453362102.0,3760826645.505857
9,453362103.0,520563969.0,3730611192.160626
10,520563970.0,561897372.0,3958267518.5841575
11,561897373.0,669127966.0,3827259096.9265404
12,669127967.0,710903412.0,4099301997.659748
13,710903413.0,734426332.0,3216497648.161661
14,734426333.0,776611004.0,3464946140.080157
15,776611005.0,846943071.0,3089713365.721786
16,846943072.0,863908311.0,3381504906.2784004
17,863908312.0,921671700.0,3444691364.009365
18,921671701.0,948138880.0,3558948632.8517404
19,948138881.0,1032361932.0,3079215689.8399897
20,1032361933.0,1064927911.0,3471496979.3101645
21,1064927912.0,1104408603.0,3177271859.66773
22,1104408604.0,1204950905.0,3283603078.0554347
23,1204950906.0,1248786607.0,3176061760.8771873
24,1248786608.0,1287364457.0,3340168195.4176755
25,1287364458.0,1316243007.0,3670030204.720896
26,1316243008.0,1335882571.0,3664326813.7893186
27,1335882572.0,1382125044.0,3890068419.0809617
28,1382125045.0,1487256876.0,3704410212.7927523
29,1487256877.0,1522297925.0,3696641993.1912165
30,1522297926.0,1546955518.0,3798993667.4277744
31,1546955519.0,1601363443.0,3624485526.8635683
32,1601363444.0,1727863264.0,3687084309.0528755
33,1727863265.0,1746638835.0,3673886433.6304455
34,1746638836.0,1793510071.0,3390573023.388516
35,1793510072.0,1812742599.0,3768966162.919587
36,1812742600.0,1881479824.0,4003762730.215595
37,1881479825.0,1900693900.0,4174438354.616427
38,1900693901.0,1930506275.0,3820145692.0371523
39,1930506276.0,1969289202.0,3557072273.4910192
40,1969289203.0,2147109470.0,3811045951.0142307
41,2147109471.0,2196025834.0,3568087628.058995
