0, 1, 14, 13, 1, 99877881, 5, 6, 10802818, 1
0, 1, 14, 13, 1, 99877881, 5, 5, 9678186, 1
0, 1, 14, 13, 1, 99877881, 5, 4, 8328747, 0
0, 1, 14, 13, 1, 99877881, 5, 3, 10005806, 0
0, 1, 14, 13, 1, 99877881, 5, 2, 11669047, 0
0, 1, 14, 13, 1, 99877881, 5, 1, 11804999, 1
0, 1, 14, 13, 1, 99877881, 5, 0, 10868155, 0
0, 1, 14, 13, 1, 99877881, 4, 6, 12734360, 1
0, 1, 14, 13, 1, 99877881, 4, 5, 11337559, 0
0, 1, 14, 13, 1, 99877881, 4, 4, 9649432, 0
0, 1, 14, 13, 1, 99877881, 4, 3, 11588749, 0
0, 1, 14, 13, 1, 99877881, 4, 2, 14114879, 0
0, 1, 14, 13, 1, 99877881, 4, 1, 14343278, 0
0, 1, 14, 13, 1, 99877881, 4, 0, 13585194, 0
0, 1, 14, 13, 1, 99877881, 3, 6, 13727394, 0
0, 1, 14, 13, 1, 99877881, 3, 5, 13162178, 0
0, 1, 14, 13, 1, 99877881, 3, 4, 10880970, 0
0, 1, 14, 13, 1, 99877881, 3, 3, 13133321, 0
0, 1, 14, 13, 1, 99877881, 3, 2, 15856535, 0
0, 1, 14, 13, 1, 99877881, 3, 1, 15129012, 0
0, 1, 14, 13, 1, 99877881, 3, 0, 16966642, 0
0, 1, 14, 13, 1, 99877881, 2, 6, 14840971, 0
0, 1, 14, 13, 1, 99877881, 2, 5, 13932315, 0
0, 1, 14, 13, 1, 99877881, 2, 4, 10781305, 0
0, 1, 14, 13, 1, 99877881, 2, 3, 12836331, 0
0, 1, 14, 13, 1, 99877881, 2, 2, 17417527, 0
0, 1, 14, 13, 1, 99877881, 2, 1, 21180616, 0
0, 1, 14, 13, 1, 99877881, 2, 0, 25449962, 0
0, 1, 14, 13, 1, 99877881, 1, 6, 14705427, 0
0, 1, 14, 13, 1, 99877881, 1, 5, 13969852, 0
0, 1, 14, 13, 1, 99877881, 1, 4, 9875051, 0
0, 1, 14, 13, 1, 99877881, 1, 3, 11305263, 0
0, 1, 14, 13, 1, 99877881, 1, 2, 15827367, 0
0, 1, 14, 13, 1, 99877881, 1, 1, 17323653, 0
0, 1, 14, 13, 1, 99877881, 1, 0, 15337744, 0
0, 1, 14, 13, 1, 99877881, 0, 6, 14575866, 1
0, 1, 14, 13, 1, 99877881, 0, 5, 13162021, 1
0, 1, 14, 13, 1, 99877881, 0, 4, 5218751, 1
0, 1, 14, 13, 1, 99877881, 0, 3, 4306809, 1
0, 1, 14, 13, 1, 99877881, 0, 2, 6460214, 1
0, 1, 14, 13, 1, 99877881, 0, 1, 12920427, 1
0, 2, 14, 13, 99877882, 141307816, 5, 6, 42150924, 0
0, 2, 14, 13, 99877882, 141307816, 5, 5, 49376796, 0
0, 2, 14, 13, 99877882, 141307816, 5, 4, 59592685, 0
0, 2, 14, 13, 99877882, 141307816, 5, 3, 62224008, 0
0, 2, 14, 13, 99877882, 141307816, 5, 2, 59691681, 0
0, 2, 14, 13, 99877882, 141307816, 5, 1, 59424468, 0
0, 2, 14, 13, 99877882, 141307816, 5, 0, 53498425, 0
0, 2, 14, 13, 99877882, 141307816, 4, 6, 35536461, 0
0, 2, 14, 13, 99877882, 141307816, 4, 5, 41663436, 0
0, 2, 14, 13, 99877882, 141307816, 4, 4, 50343319, 0
0, 2, 14, 13, 99877882, 141307816, 4, 3, 51865978, 0
0, 2, 14, 13, 99877882, 141307816, 4, 2, 52393042, 0
0, 2, 14, 13, 99877882, 141307816, 4, 1, 55273895, 0
0, 2, 14, 13, 99877882, 141307816, 4, 0, 56095496, 0
0, 2, 14, 13, 99877882, 141307816, 3, 6, 34680843, 0
0, 2, 14, 13, 99877882, 141307816, 3, 5, 40712294, 0
0, 2, 14, 13, 99877882, 141307816, 3, 4, 49283304, 0
0, 2, 14, 13, 99877882, 141307816, 3, 3, 51469606, 0
0, 2, 14, 13, 99877882, 141307816, 3, 2, 50438185, 0
0, 2, 14, 13, 99877882, 141307816, 3, 1, 55797006, 0
0, 2, 14, 13, 99877882, 141307816, 3, 0, 57177943, 0
0, 2, 14, 13, 99877882, 141307816, 2, 6, 27554192, 0
0, 2, 14, 13, 99877882, 141307816, 2, 5, 32416696, 0
0, 2, 14, 13, 99877882, 141307816, 2, 4, 39363131, 0
0, 2, 14, 13, 99877882, 141307816, 2, 3, 42007591, 0
0, 2, 14, 13, 99877882, 141307816, 2, 2, 36460439, 0
0, 2, 14, 13, 99877882, 141307816, 2, 1, 34799288, 0
0, 2, 14, 13, 99877882, 141307816, 2, 0, 48542742, 0
0, 2, 14, 13, 99877882, 141307816, 1, 6, 16902545, 0
0, 2, 14, 13, 99877882, 141307816, 1, 5, 19975735, 0
0, 2, 14, 13, 99877882, 141307816, 1, 4, 24414787, 0
0, 2, 14, 13, 99877882, 141307816, 1, 3, 27503139, 0
0, 2, 14, 13, 99877882, 141307816, 1, 2, 27673993, 0
0, 2, 14, 13, 99877882, 141307816, 1, 1, 23555003, 0
0, 2, 14, 13, 99877882, 141307816, 1, 0, 48554794, 0
0, 2, 14, 13, 99877882, 141307816, 0, 6, 7495357, 1
0, 2, 14, 13, 99877882, 141307816, 0, 5, 8994429, 1
0, 2, 14, 13, 99877882, 141307816, 0, 4, 11243036, 1
0, 2, 14, 13, 99877882, 141307816, 0, 3, 14990714, 1
0, 2, 14, 13, 99877882, 141307816, 0, 2, 22486071, 1
0, 2, 14, 13, 99877882, 141307816, 0, 1, 22110215, 1
0, 3, 14, 13, 141307817, 277907750, 5, 6, 6278210, 0
0, 3, 14, 13, 141307817, 277907750, 5, 5, 7354474, 0
0, 3, 14, 13, 141307817, 277907750, 5, 4, 8876090, 0
0, 3, 14, 13, 141307817, 277907750, 5, 3, 7821512, 0
0, 3, 14, 13, 141307817, 277907750, 5, 2, 7964008, 0
0, 3, 14, 13, 141307817, 277907750, 5, 1, 5555603, 0
0, 3, 14, 13, 141307817, 277907750, 5, 0, 4777943, 0
0, 3, 14, 13, 141307817, 277907750, 4, 6, 5284988, 0
0, 3, 14, 13, 141307817, 277907750, 4, 5, 6196193, 0
0, 3, 14, 13, 141307817, 277907750, 4, 4, 7487067, 0
0, 3, 14, 13, 141307817, 277907750, 4, 3, 6684440, 0
0, 3, 14, 13, 141307817, 277907750, 4, 2, 9071740, 0
0, 3, 14, 13, 141307817, 277907750, 4, 1, 5858651, 0
0, 3, 14, 13, 141307817, 277907750, 4, 0, 3876486, 0
0, 3, 14, 13, 141307817, 277907750, 3, 6, 4811182, 0
0, 3, 14, 13, 141307817, 277907750, 3, 5, 5647909, 0
0, 3, 14, 13, 141307817, 277907750, 3, 4, 6836942, 0
0, 3, 14, 13, 141307817, 277907750, 3, 3, 5460301, 0
0, 3, 14, 13, 141307817, 277907750, 3, 2, 7445864, 0
0, 3, 14, 13, 141307817, 277907750, 3, 1, 4315547, 0
0, 3, 14, 13, 141307817, 277907750, 3, 0, 5168648, 0
0, 3, 14, 13, 141307817, 277907750, 2, 6, 5552929, 0
0, 3, 14, 13, 141307817, 277907750, 2, 5, 6532857, 0
0, 3, 14, 13, 141307817, 277907750, 2, 4, 7932755, 0
0, 3, 14, 13, 141307817, 277907750, 2, 3, 6109239, 0
0, 3, 14, 13, 141307817, 277907750, 2, 2, 8400203, 0
0, 3, 14, 13, 141307817, 277907750, 2, 1, 3101189, 0
0, 3, 14, 13, 141307817, 277907750, 2, 0, 7752971, 0
0, 3, 14, 13, 141307817, 277907750, 1, 6, 3531428, 1
0, 3, 14, 13, 141307817, 277907750, 1, 5, 4173506, 1
0, 3, 14, 13, 141307817, 277907750, 1, 4, 5100951, 1
0, 3, 14, 13, 141307817, 277907750, 1, 3, 3307043, 1
0, 3, 14, 13, 141307817, 277907750, 1, 2, 4629860, 1
0, 3, 14, 13, 141307817, 277907750, 1, 1, 1, 1
0, 3, 14, 13, 141307817, 277907750, 1, 0, 1, 0
0, 3, 14, 13, 141307817, 277907750, 0, 6, 1, 1
0, 3, 14, 13, 141307817, 277907750, 0, 5, 1, 1
0, 3, 14, 13, 141307817, 277907750, 0, 4, 1, 1
0, 3, 14, 13, 141307817, 277907750, 0, 3, 1, 1
0, 3, 14, 13, 141307817, 277907750, 0, 2, 1, 1
0, 3, 14, 13, 141307817, 277907750, 0, 1, 1, 1
0, 4, 14, 13, 277907751, 311847723, 5, 6, 4547074, 0
0, 4, 14, 13, 277907751, 311847723, 5, 5, 4353936, 0
0, 4, 14, 13, 277907751, 311847723, 5, 4, 5254751, 0
0, 4, 14, 13, 277907751, 311847723, 5, 3, 5941436, 0
0, 4, 14, 13, 277907751, 311847723, 5, 2, 4859974, 0
0, 4, 14, 13, 277907751, 311847723, 5, 1, 3561008, 0
0, 4, 14, 13, 277907751, 311847723, 5, 0, 4650680, 0
0, 4, 14, 13, 277907751, 311847723, 4, 6, 2732340, 0
0, 4, 14, 13, 277907751, 311847723, 4, 5, 3203433, 0
0, 4, 14, 13, 277907751, 311847723, 4, 4, 3870815, 0
0, 4, 14, 13, 277907751, 311847723, 4, 3, 4690510, 0
0, 4, 14, 13, 277907751, 311847723, 4, 2, 2506158, 0
0, 4, 14, 13, 277907751, 311847723, 4, 1, 3861617, 0
0, 4, 14, 13, 277907751, 311847723, 4, 0, 4709219, 0
0, 4, 14, 13, 277907751, 311847723, 3, 6, 1705549, 0
0, 4, 14, 13, 277907751, 311847723, 3, 5, 2002166, 0
0, 4, 14, 13, 277907751, 311847723, 3, 4, 2423675, 0
0, 4, 14, 13, 277907751, 311847723, 3, 3, 2817996, 0
0, 4, 14, 13, 277907751, 311847723, 3, 2, 1742594, 0
0, 4, 14, 13, 277907751, 311847723, 3, 1, 2690982, 0
0, 4, 14, 13, 277907751, 311847723, 3, 0, 6278958, 0
0, 4, 14, 13, 277907751, 311847723, 2, 6, 709906, 0
0, 4, 14, 13, 277907751, 311847723, 2, 5, 835184, 0
0, 4, 14, 13, 277907751, 311847723, 2, 4, 1014152, 0
0, 4, 14, 13, 277907751, 311847723, 2, 3, 947114, 0
0, 4, 14, 13, 277907751, 311847723, 2, 2, 1302281, 0
0, 4, 14, 13, 277907751, 311847723, 2, 1, 2017319, 0
0, 4, 14, 13, 277907751, 311847723, 2, 0, 5043297, 0
0, 4, 14, 13, 277907751, 311847723, 1, 6, 316272, 1
0, 4, 14, 13, 277907751, 311847723, 1, 5, 373776, 1
0, 4, 14, 13, 277907751, 311847723, 1, 4, 456837, 1
0, 4, 14, 13, 277907751, 311847723, 1, 3, 47379, 1
0, 4, 14, 13, 277907751, 311847723, 1, 2, 66331, 1
0, 4, 14, 13, 277907751, 311847723, 1, 1, 1, 1
0, 4, 14, 13, 277907751, 311847723, 1, 0, 1, 0
0, 4, 14, 13, 277907751, 311847723, 0, 6, 629980, 1
0, 4, 14, 13, 277907751, 311847723, 0, 5, 755975, 1
0, 4, 14, 13, 277907751, 311847723, 0, 4, 944969, 1
0, 4, 14, 13, 277907751, 311847723, 0, 3, 1, 1
0, 4, 14, 13, 277907751, 311847723, 0, 2, 1, 1
0, 4, 14, 13, 277907751, 311847723, 0, 1, 1, 1
0, 5, 14, 13, 311847724, 404146916, 5, 6, 1, 1
0, 5, 14, 13, 311847724, 404146916, 5, 5, 1, 1
0, 5, 14, 13, 311847724, 404146916, 5, 4, 1, 1
0, 5, 14, 13, 311847724, 404146916, 5, 3, 1, 1
0, 5, 14, 13, 311847724, 404146916, 5, 2, 1, 1
0, 5, 14, 13, 311847724, 404146916, 5, 1, 1, 1
0, 5, 14, 13, 311847724, 404146916, 5, 0, 1, 0
0, 5, 14, 13, 311847724, 404146916, 4, 6, 1, 1
0, 5, 14, 13, 311847724, 404146916, 4, 5, 1, 1
0, 5, 14, 13, 311847724, 404146916, 4, 4, 1, 1
0, 5, 14, 13, 311847724, 404146916, 4, 3, 1, 1
0, 5, 14, 13, 311847724, 404146916, 4, 2, 1, 1
0, 5, 14, 13, 311847724, 404146916, 4, 1, 1, 1
0, 5, 14, 13, 311847724, 404146916, 4, 0, 1, 0
0, 5, 14, 13, 311847724, 404146916, 3, 6, 1, 1
0, 5, 14, 13, 311847724, 404146916, 3, 5, 1, 1
0, 5, 14, 13, 311847724, 404146916, 3, 4, 1, 1
0, 5, 14, 13, 311847724, 404146916, 3, 3, 1, 1
0, 5, 14, 13, 311847724, 404146916, 3, 2, 1, 1
0, 5, 14, 13, 311847724, 404146916, 3, 1, 1, 1
0, 5, 14, 13, 311847724, 404146916, 3, 0, 1, 0
0, 5, 14, 13, 311847724, 404146916, 2, 6, 1, 1
0, 5, 14, 13, 311847724, 404146916, 2, 5, 1, 1
0, 5, 14, 13, 311847724, 404146916, 2, 4, 1, 1
0, 5, 14, 13, 311847724, 404146916, 2, 3, 1, 1
0, 5, 14, 13, 311847724, 404146916, 2, 2, 1, 1
0, 5, 14, 13, 311847724, 404146916, 2, 1, 1, 1
0, 5, 14, 13, 311847724, 404146916, 2, 0, 1, 0
0, 5, 14, 13, 311847724, 404146916, 1, 6, 1, 1
0, 5, 14, 13, 311847724, 404146916, 1, 5, 1, 1
0, 5, 14, 13, 311847724, 404146916, 1, 4, 1, 1
0, 5, 14, 13, 311847724, 404146916, 1, 3, 1, 1
0, 5, 14, 13, 311847724, 404146916, 1, 2, 1, 1
0, 5, 14, 13, 311847724, 404146916, 1, 1, 1, 1
0, 5, 14, 13, 311847724, 404146916, 1, 0, 1, 0
0, 5, 14, 13, 311847724, 404146916, 0, 6, 1, 1
0, 5, 14, 13, 311847724, 404146916, 0, 5, 1, 1
0, 5, 14, 13, 311847724, 404146916, 0, 4, 1, 1
0, 5, 14, 13, 311847724, 404146916, 0, 3, 1, 1
0, 5, 14, 13, 311847724, 404146916, 0, 2, 1, 1
0, 5, 14, 13, 311847724, 404146916, 0, 1, 1, 1
0, 6, 14, 13, 404146917, 422847743, 5, 6, 16526530, 1
0, 6, 14, 13, 404146917, 422847743, 5, 5, 12348411, 0
0, 6, 14, 13, 404146917, 422847743, 5, 4, 14903255, 0
0, 6, 14, 13, 404146917, 422847743, 5, 3, 16946254, 0
0, 6, 14, 13, 404146917, 422847743, 5, 2, 17736976, 0
0, 6, 14, 13, 404146917, 422847743, 5, 1, 17892717, 0
0, 6, 14, 13, 404146917, 422847743, 5, 0, 11082672, 0
0, 6, 14, 13, 404146917, 422847743, 4, 6, 13134575, 1
0, 6, 14, 13, 404146917, 422847743, 4, 5, 6937318, 0
0, 6, 14, 13, 404146917, 422847743, 4, 4, 8382592, 0
0, 6, 14, 13, 404146917, 422847743, 4, 3, 8355351, 0
0, 6, 14, 13, 404146917, 422847743, 4, 2, 9583785, 0
0, 6, 14, 13, 404146917, 422847743, 4, 1, 8311223, 0
0, 6, 14, 13, 404146917, 422847743, 4, 0, 1912874, 0
0, 6, 14, 13, 404146917, 422847743, 3, 6, 15248577, 1
0, 6, 14, 13, 404146917, 422847743, 3, 5, 7231228, 0
0, 6, 14, 13, 404146917, 422847743, 3, 4, 8753592, 0
0, 6, 14, 13, 404146917, 422847743, 3, 3, 8259180, 0
0, 6, 14, 13, 404146917, 422847743, 3, 2, 9028093, 0
0, 6, 14, 13, 404146917, 422847743, 3, 1, 5705291, 0
0, 6, 14, 13, 404146917, 422847743, 3, 0, 2550499, 0
0, 6, 14, 13, 404146917, 422847743, 2, 6, 16966584, 1
0, 6, 14, 13, 404146917, 422847743, 2, 5, 5525784, 0
0, 6, 14, 13, 404146917, 422847743, 2, 4, 6709881, 0
0, 6, 14, 13, 404146917, 422847743, 2, 3, 4682527, 0
0, 6, 14, 13, 404146917, 422847743, 2, 2, 3366138, 0
0, 6, 14, 13, 404146917, 422847743, 2, 1, 1530299, 0
0, 6, 14, 13, 404146917, 422847743, 2, 0, 3825748, 0
0, 6, 14, 13, 404146917, 422847743, 1, 6, 24280609, 1
0, 6, 14, 13, 404146917, 422847743, 1, 5, 6386780, 0
0, 6, 14, 13, 404146917, 422847743, 1, 4, 7806064, 0
0, 6, 14, 13, 404146917, 422847743, 1, 3, 4604312, 0
0, 6, 14, 13, 404146917, 422847743, 1, 2, 1530299, 0
0, 6, 14, 13, 404146917, 422847743, 1, 1, 2550499, 0
0, 6, 14, 13, 404146917, 422847743, 1, 0, 7651495, 0
0, 6, 14, 13, 404146917, 422847743, 0, 6, 40898891, 1
0, 6, 14, 13, 404146917, 422847743, 0, 5, 1, 1
0, 6, 14, 13, 404146917, 422847743, 0, 4, 1, 1
0, 6, 14, 13, 404146917, 422847743, 0, 3, 1, 1
0, 6, 14, 13, 404146917, 422847743, 0, 2, 1, 1
0, 6, 14, 13, 404146917, 422847743, 0, 1, 1, 1
0, 7, 14, 13, 422847744, 451533855, 5, 6, 11984050, 0
0, 7, 14, 13, 422847744, 451533855, 5, 5, 14038459, 0
0, 7, 14, 13, 422847744, 451533855, 5, 4, 16942968, 0
0, 7, 14, 13, 422847744, 451533855, 5, 3, 18816605, 0
0, 7, 14, 13, 422847744, 451533855, 5, 2, 19432573, 0
0, 7, 14, 13, 422847744, 451533855, 5, 1, 24027676, 0
0, 7, 14, 13, 422847744, 451533855, 5, 0, 34406774, 0
0, 7, 14, 13, 422847744, 451533855, 4, 6, 7522295, 0
0, 7, 14, 13, 422847744, 451533855, 4, 5, 8819243, 0
0, 7, 14, 13, 422847744, 451533855, 4, 4, 10656585, 0
0, 7, 14, 13, 422847744, 451533855, 4, 3, 10378626, 0
0, 7, 14, 13, 422847744, 451533855, 4, 2, 12188582, 0
0, 7, 14, 13, 422847744, 451533855, 4, 1, 11621206, 0
0, 7, 14, 13, 422847744, 451533855, 4, 0, 16714009, 0
0, 7, 14, 13, 422847744, 451533855, 3, 6, 9472520, 0
0, 7, 14, 13, 422847744, 451533855, 3, 5, 11119915, 0
0, 7, 14, 13, 422847744, 451533855, 3, 4, 13460949, 0
0, 7, 14, 13, 422847744, 451533855, 3, 3, 13146259, 0
0, 7, 14, 13, 422847744, 451533855, 3, 2, 15512741, 0
0, 7, 14, 13, 422847744, 451533855, 3, 1, 14941550, 0
0, 7, 14, 13, 422847744, 451533855, 3, 0, 22285346, 0
0, 7, 14, 13, 422847744, 451533855, 2, 6, 11607677, 0
0, 7, 14, 13, 422847744, 451533855, 2, 5, 13656091, 0
0, 7, 14, 13, 422847744, 451533855, 2, 4, 16582396, 0
0, 7, 14, 13, 422847744, 451533855, 2, 3, 15780854, 0
0, 7, 14, 13, 422847744, 451533855, 2, 2, 20278557, 0
0, 7, 14, 13, 422847744, 451533855, 2, 1, 20918170, 0
0, 7, 14, 13, 422847744, 451533855, 2, 0, 33428018, 0
0, 7, 14, 13, 422847744, 451533855, 1, 6, 5378853, 1
0, 7, 14, 13, 422847744, 451533855, 1, 5, 6356826, 1
0, 7, 14, 13, 422847744, 451533855, 1, 4, 7769454, 1
0, 7, 14, 13, 422847744, 451533855, 1, 3, 1622992, 1
0, 7, 14, 13, 422847744, 451533855, 1, 2, 1, 1
0, 7, 14, 13, 422847744, 451533855, 1, 1, 1, 1
0, 7, 14, 13, 422847744, 451533855, 1, 0, 1, 0
0, 7, 14, 13, 422847744, 451533855, 0, 6, 1, 1
0, 7, 14, 13, 422847744, 451533855, 0, 5, 1, 1
0, 7, 14, 13, 422847744, 451533855, 0, 4, 1, 1
0, 7, 14, 13, 422847744, 451533855, 0, 3, 1, 1
0, 7, 14, 13, 422847744, 451533855, 0, 2, 1, 1
0, 7, 14, 13, 422847744, 451533855, 0, 1, 1, 1
0, 8, 14, 13, 451533856, 519784344, 5, 6, 28791184, 0
0, 8, 14, 13, 451533856, 519784344, 5, 5, 33726816, 0
0, 8, 14, 13, 451533856, 519784344, 5, 4, 40704777, 0
0, 8, 14, 13, 451533856, 519784344, 5, 3, 44359992, 0
0, 8, 14, 13, 451533856, 519784344, 5, 2, 46843441, 0
0, 8, 14, 13, 451533856, 519784344, 5, 1, 47811006, 0
0, 8, 14, 13, 451533856, 519784344, 5, 0, 47743350, 0
0, 8, 14, 13, 451533856, 519784344, 4, 6, 24839342, 0
0, 8, 14, 13, 451533856, 519784344, 4, 5, 29121987, 0
0, 8, 14, 13, 451533856, 519784344, 4, 4, 35189067, 0
0, 8, 14, 13, 451533856, 519784344, 4, 3, 39620949, 0
0, 8, 14, 13, 451533856, 519784344, 4, 2, 43329047, 0
0, 8, 14, 13, 451533856, 519784344, 4, 1, 44311612, 0
0, 8, 14, 13, 451533856, 519784344, 4, 0, 45135524, 0
0, 8, 14, 13, 451533856, 519784344, 3, 6, 23759166, 0
0, 8, 14, 13, 451533856, 519784344, 3, 5, 27891195, 0
0, 8, 14, 13, 451533856, 519784344, 3, 4, 33763025, 0
0, 8, 14, 13, 451533856, 519784344, 3, 3, 38127724, 0
0, 8, 14, 13, 451533856, 519784344, 3, 2, 41546360, 0
0, 8, 14, 13, 451533856, 519784344, 3, 1, 43708928, 0
0, 8, 14, 13, 451533856, 519784344, 3, 0, 41299395, 0
0, 8, 14, 13, 451533856, 519784344, 2, 6, 20391428, 0
0, 8, 14, 13, 451533856, 519784344, 2, 5, 23989915, 0
0, 8, 14, 13, 451533856, 519784344, 2, 4, 29130611, 0
0, 8, 14, 13, 451533856, 519784344, 2, 3, 30749720, 0
0, 8, 14, 13, 451533856, 519784344, 2, 2, 32780469, 0
0, 8, 14, 13, 451533856, 519784344, 2, 1, 35503113, 0
0, 8, 14, 13, 451533856, 519784344, 2, 0, 33477158, 0
0, 8, 14, 13, 451533856, 519784344, 1, 6, 21778368, 0
0, 8, 14, 13, 451533856, 519784344, 1, 5, 25738071, 0
0, 8, 14, 13, 451533856, 519784344, 1, 4, 31457642, 0
0, 8, 14, 13, 451533856, 519784344, 1, 3, 37358206, 0
0, 8, 14, 13, 451533856, 519784344, 1, 2, 37100855, 0
0, 8, 14, 13, 451533856, 519784344, 1, 1, 33592030, 0
0, 8, 14, 13, 451533856, 519784344, 1, 0, 33312008, 0
0, 8, 14, 13, 451533856, 519784344, 0, 6, 10085072, 1
0, 8, 14, 13, 451533856, 519784344, 0, 5, 12102086, 1
0, 8, 14, 13, 451533856, 519784344, 0, 4, 15127607, 1
0, 8, 14, 13, 451533856, 519784344, 0, 3, 20170143, 1
0, 8, 14, 13, 451533856, 519784344, 0, 2, 17645389, 1
0, 8, 14, 13, 451533856, 519784344, 0, 1, 9431008, 1
0, 9, 14, 13, 519784345, 561337189, 5, 6, 14697697, 0
0, 9, 14, 13, 519784345, 561337189, 5, 5, 17217302, 0
0, 9, 14, 13, 519784345, 561337189, 5, 4, 20779502, 0
0, 9, 14, 13, 519784345, 561337189, 5, 3, 21928597, 0
0, 9, 14, 13, 519784345, 561337189, 5, 2, 23805069, 0
0, 9, 14, 13, 519784345, 561337189, 5, 1, 20404048, 0
0, 9, 14, 13, 519784345, 561337189, 5, 0, 20153216, 0
0, 9, 14, 13, 519784345, 561337189, 4, 6, 10566640, 0
0, 9, 14, 13, 519784345, 561337189, 4, 5, 12388475, 0
0, 9, 14, 13, 519784345, 561337189, 4, 4, 14969407, 0
0, 9, 14, 13, 519784345, 561337189, 4, 3, 15614688, 0
0, 9, 14, 13, 519784345, 561337189, 4, 2, 17778192, 0
0, 9, 14, 13, 519784345, 561337189, 4, 1, 14776824, 0
0, 9, 14, 13, 519784345, 561337189, 4, 0, 15606652, 0
0, 9, 14, 13, 519784345, 561337189, 3, 6, 9919644, 0
0, 9, 14, 13, 519784345, 561337189, 3, 5, 11644799, 0
0, 9, 14, 13, 519784345, 561337189, 3, 4, 14096336, 0
0, 9, 14, 13, 519784345, 561337189, 3, 3, 13682913, 0
0, 9, 14, 13, 519784345, 561337189, 3, 2, 15594599, 0
0, 9, 14, 13, 519784345, 561337189, 3, 1, 15648720, 0
0, 9, 14, 13, 519784345, 561337189, 3, 0, 15116737, 0
0, 9, 14, 13, 519784345, 561337189, 2, 6, 8222570, 0
0, 9, 14, 13, 519784345, 561337189, 2, 5, 9673612, 0
0, 9, 14, 13, 519784345, 561337189, 2, 4, 11746529, 0
0, 9, 14, 13, 519784345, 561337189, 2, 3, 10801669, 0
0, 9, 14, 13, 519784345, 561337189, 2, 2, 12752521, 0
0, 9, 14, 13, 519784345, 561337189, 2, 1, 12912773, 0
0, 9, 14, 13, 519784345, 561337189, 2, 0, 22675105, 0
0, 9, 14, 13, 519784345, 561337189, 1, 6, 7353560, 0
0, 9, 14, 13, 519784345, 561337189, 1, 5, 8690571, 0
0, 9, 14, 13, 519784345, 561337189, 1, 4, 10621809, 0
0, 9, 14, 13, 519784345, 561337189, 1, 3, 11258928, 0
0, 9, 14, 13, 519784345, 561337189, 1, 2, 12402862, 0
0, 9, 14, 13, 519784345, 561337189, 1, 1, 13842687, 0
0, 9, 14, 13, 519784345, 561337189, 1, 0, 22314404, 0
0, 9, 14, 13, 519784345, 561337189, 0, 6, 2797297, 1
0, 9, 14, 13, 519784345, 561337189, 0, 5, 3356757, 1
0, 9, 14, 13, 519784345, 561337189, 0, 4, 4195946, 1
0, 9, 14, 13, 519784345, 561337189, 0, 3, 1, 1
0, 9, 14, 13, 519784345, 561337189, 0, 2, 1, 1
0, 9, 14, 13, 519784345, 561337189, 0, 1, 1, 1
0, 10, 14, 13, 561337190, 674783482, 5, 6, 30388568, 0
0, 10, 14, 13, 561337190, 674783482, 5, 5, 29937760, 0
0, 10, 14, 13, 561337190, 674783482, 5, 4, 31735116, 0
0, 10, 14, 13, 561337190, 674783482, 5, 3, 36258138, 0
0, 10, 14, 13, 561337190, 674783482, 5, 2, 34954310, 0
0, 10, 14, 13, 561337190, 674783482, 5, 1, 35751695, 0
0, 10, 14, 13, 561337190, 674783482, 5, 0, 56978492, 0
0, 10, 14, 13, 561337190, 674783482, 4, 6, 26458090, 0
0, 10, 14, 13, 561337190, 674783482, 4, 5, 26128064, 0
0, 10, 14, 13, 561337190, 674783482, 4, 4, 29363471, 0
0, 10, 14, 13, 561337190, 674783482, 4, 3, 34301150, 0
0, 10, 14, 13, 561337190, 674783482, 4, 2, 29429138, 0
0, 10, 14, 13, 561337190, 674783482, 4, 1, 33402316, 0
0, 10, 14, 13, 561337190, 674783482, 4, 0, 61726234, 0
0, 10, 14, 13, 561337190, 674783482, 3, 6, 26160062, 0
0, 10, 14, 13, 561337190, 674783482, 3, 5, 24541760, 0
0, 10, 14, 13, 561337190, 674783482, 3, 4, 26919470, 0
0, 10, 14, 13, 561337190, 674783482, 3, 3, 32560093, 0
0, 10, 14, 13, 561337190, 674783482, 3, 2, 23689051, 0
0, 10, 14, 13, 561337190, 674783482, 3, 1, 25171195, 0
0, 10, 14, 13, 561337190, 674783482, 3, 0, 40827486, 0
0, 10, 14, 13, 561337190, 674783482, 2, 6, 25262272, 0
0, 10, 14, 13, 561337190, 674783482, 2, 5, 23125076, 0
0, 10, 14, 13, 561337190, 674783482, 2, 4, 26390749, 0
0, 10, 14, 13, 561337190, 674783482, 2, 3, 31491087, 0
0, 10, 14, 13, 561337190, 674783482, 2, 2, 26697780, 0
0, 10, 14, 13, 561337190, 674783482, 2, 1, 30102059, 0
0, 10, 14, 13, 561337190, 674783482, 2, 0, 55221585, 0
0, 10, 14, 13, 561337190, 674783482, 1, 6, 18600734, 0
0, 10, 14, 13, 561337190, 674783482, 1, 5, 18563915, 0
0, 10, 14, 13, 561337190, 674783482, 1, 4, 20060806, 0
0, 10, 14, 13, 561337190, 674783482, 1, 3, 23418706, 0
0, 10, 14, 13, 561337190, 674783482, 1, 2, 32786188, 0
0, 10, 14, 13, 561337190, 674783482, 1, 1, 38333190, 0
0, 10, 14, 13, 561337190, 674783482, 1, 0, 91969309, 0
0, 10, 14, 13, 561337190, 674783482, 0, 6, 7116402, 1
0, 10, 14, 13, 561337190, 674783482, 0, 5, 7731210, 1
0, 10, 14, 13, 561337190, 674783482, 0, 4, 9664013, 1
0, 10, 14, 13, 561337190, 674783482, 0, 3, 7346578, 1
0, 10, 14, 13, 561337190, 674783482, 0, 2, 11019867, 1
0, 10, 14, 13, 561337190, 674783482, 0, 1, 1, 1
0, 11, 14, 13, 674783483, 715705066, 5, 6, 205961486, 0
0, 11, 14, 13, 674783483, 715705066, 5, 5, 205971031, 0
0, 11, 14, 13, 674783483, 715705066, 5, 4, 208939206, 0
0, 11, 14, 13, 674783483, 715705066, 5, 3, 218135799, 0
0, 11, 14, 13, 674783483, 715705066, 5, 2, 220006228, 0
0, 11, 14, 13, 674783483, 715705066, 5, 1, 220535354, 0
0, 11, 14, 13, 674783483, 715705066, 5, 0, 232671827, 0
0, 11, 14, 13, 674783483, 715705066, 4, 6, 200768628, 0
0, 11, 14, 13, 674783483, 715705066, 4, 5, 201036926, 0
0, 11, 14, 13, 674783483, 715705066, 4, 4, 202572341, 0
0, 11, 14, 13, 674783483, 715705066, 4, 3, 213688100, 0
0, 11, 14, 13, 674783483, 715705066, 4, 2, 217075227, 0
0, 11, 14, 13, 674783483, 715705066, 4, 1, 216877533, 0
0, 11, 14, 13, 674783483, 715705066, 4, 0, 229210950, 0
0, 11, 14, 13, 674783483, 715705066, 3, 6, 201221777, 0
0, 11, 14, 13, 674783483, 715705066, 3, 5, 200636386, 0
0, 11, 14, 13, 674783483, 715705066, 3, 4, 198107354, 0
0, 11, 14, 13, 674783483, 715705066, 3, 3, 208948372, 0
0, 11, 14, 13, 674783483, 715705066, 3, 2, 211304156, 0
0, 11, 14, 13, 674783483, 715705066, 3, 1, 212136811, 0
0, 11, 14, 13, 674783483, 715705066, 3, 0, 228822645, 0
0, 11, 14, 13, 674783483, 715705066, 2, 6, 192919330, 0
0, 11, 14, 13, 674783483, 715705066, 2, 5, 189899297, 0
0, 11, 14, 13, 674783483, 715705066, 2, 4, 186331679, 0
0, 11, 14, 13, 674783483, 715705066, 2, 3, 203340546, 0
0, 11, 14, 13, 674783483, 715705066, 2, 2, 209229322, 0
0, 11, 14, 13, 674783483, 715705066, 2, 1, 204913276, 0
0, 11, 14, 13, 674783483, 715705066, 2, 0, 211370708, 0
0, 11, 14, 13, 674783483, 715705066, 1, 6, 180989880, 1
0, 11, 14, 13, 674783483, 715705066, 1, 5, 179155503, 1
0, 11, 14, 13, 674783483, 715705066, 1, 4, 173943551, 1
0, 11, 14, 13, 674783483, 715705066, 1, 3, 188920697, 0
0, 11, 14, 13, 674783483, 715705066, 1, 2, 193193700, 1
0, 11, 14, 13, 674783483, 715705066, 1, 1, 181647575, 0
0, 11, 14, 13, 674783483, 715705066, 1, 0, 176932544, 0
0, 11, 14, 13, 674783483, 715705066, 0, 6, 191210422, 1
0, 11, 14, 13, 674783483, 715705066, 0, 5, 192274092, 1
0, 11, 14, 13, 674783483, 715705066, 0, 4, 192422011, 1
0, 11, 14, 13, 674783483, 715705066, 0, 3, 175546989, 1
0, 11, 14, 13, 674783483, 715705066, 0, 2, 186920683, 1
0, 11, 14, 13, 674783483, 715705066, 0, 1, 172234784, 1
0, 12, 14, 13, 715705067, 734402400, 5, 6, 397255709, 0
0, 12, 14, 13, 715705067, 734402400, 5, 5, 399730533, 0
0, 12, 14, 13, 715705067, 734402400, 5, 4, 396074905, 0
0, 12, 14, 13, 715705067, 734402400, 5, 3, 409178402, 0
0, 12, 14, 13, 715705067, 734402400, 5, 2, 418348546, 0
0, 12, 14, 13, 715705067, 734402400, 5, 1, 420031855, 0
0, 12, 14, 13, 715705067, 734402400, 5, 0, 421616937, 0
0, 12, 14, 13, 715705067, 734402400, 4, 6, 388233810, 0
0, 12, 14, 13, 715705067, 734402400, 4, 5, 390600528, 0
0, 12, 14, 13, 715705067, 734402400, 4, 4, 386885171, 0
0, 12, 14, 13, 715705067, 734402400, 4, 3, 401910480, 0
0, 12, 14, 13, 715705067, 734402400, 4, 2, 412117029, 0
0, 12, 14, 13, 715705067, 734402400, 4, 1, 414795376, 0
0, 12, 14, 13, 715705067, 734402400, 4, 0, 418784139, 0
0, 12, 14, 13, 715705067, 734402400, 3, 6, 383814925, 0
0, 12, 14, 13, 715705067, 734402400, 3, 5, 386582595, 0
0, 12, 14, 13, 715705067, 734402400, 3, 4, 381689450, 0
0, 12, 14, 13, 715705067, 734402400, 3, 3, 400405647, 0
0, 12, 14, 13, 715705067, 734402400, 3, 2, 409778573, 0
0, 12, 14, 13, 715705067, 734402400, 3, 1, 409366504, 0
0, 12, 14, 13, 715705067, 734402400, 3, 0, 411602084, 0
0, 12, 14, 13, 715705067, 734402400, 2, 6, 378446794, 0
0, 12, 14, 13, 715705067, 734402400, 2, 5, 375320526, 0
0, 12, 14, 13, 715705067, 734402400, 2, 4, 371969287, 0
0, 12, 14, 13, 715705067, 734402400, 2, 3, 398621442, 0
0, 12, 14, 13, 715705067, 734402400, 2, 2, 410596435, 0
0, 12, 14, 13, 715705067, 734402400, 2, 1, 413799819, 0
0, 12, 14, 13, 715705067, 734402400, 2, 0, 417410077, 0
0, 12, 14, 13, 715705067, 734402400, 1, 6, 369949772, 0
0, 12, 14, 13, 715705067, 734402400, 1, 5, 362968996, 0
0, 12, 14, 13, 715705067, 734402400, 1, 4, 359556647, 0
0, 12, 14, 13, 715705067, 734402400, 1, 3, 404865287, 0
0, 12, 14, 13, 715705067, 734402400, 1, 2, 409178074, 0
0, 12, 14, 13, 715705067, 734402400, 1, 1, 413759135, 0
0, 12, 14, 13, 715705067, 734402400, 1, 0, 417523429, 0
0, 12, 14, 13, 715705067, 734402400, 0, 6, 391983763, 1
0, 12, 14, 13, 715705067, 734402400, 0, 5, 388866295, 1
0, 12, 14, 13, 715705067, 734402400, 0, 4, 392431905, 1
0, 12, 14, 13, 715705067, 734402400, 0, 3, 390411043, 1
0, 12, 14, 13, 715705067, 734402400, 0, 2, 393059750, 1
0, 12, 14, 13, 715705067, 734402400, 0, 1, 394683886, 1
0, 13, 14, 13, 734402401, 775221460, 5, 6, 369952152, 0
0, 13, 14, 13, 734402401, 775221460, 5, 5, 378575847, 0
0, 13, 14, 13, 734402401, 775221460, 5, 4, 381167398, 0
0, 13, 14, 13, 734402401, 775221460, 5, 3, 398056759, 0
0, 13, 14, 13, 734402401, 775221460, 5, 2, 407205745, 1
0, 13, 14, 13, 734402401, 775221460, 5, 1, 394366540, 1
0, 13, 14, 13, 734402401, 775221460, 5, 0, 383069289, 0
0, 13, 14, 13, 734402401, 775221460, 4, 6, 361149760, 0
0, 13, 14, 13, 734402401, 775221460, 4, 5, 371924904, 0
0, 13, 14, 13, 734402401, 775221460, 4, 4, 375332614, 0
0, 13, 14, 13, 734402401, 775221460, 4, 3, 396631063, 0
0, 13, 14, 13, 734402401, 775221460, 4, 2, 397153339, 1
0, 13, 14, 13, 734402401, 775221460, 4, 1, 381213427, 1
0, 13, 14, 13, 734402401, 775221460, 4, 0, 369165385, 0
0, 13, 14, 13, 734402401, 775221460, 3, 6, 347298060, 0
0, 13, 14, 13, 734402401, 775221460, 3, 5, 361509021, 0
0, 13, 14, 13, 734402401, 775221460, 3, 4, 365299167, 0
0, 13, 14, 13, 734402401, 775221460, 3, 3, 389687951, 1
0, 13, 14, 13, 734402401, 775221460, 3, 2, 392465698, 1
0, 13, 14, 13, 734402401, 775221460, 3, 1, 369960134, 1
0, 13, 14, 13, 734402401, 775221460, 3, 0, 352119997, 0
0, 13, 14, 13, 734402401, 775221460, 2, 6, 348443001, 0
0, 13, 14, 13, 734402401, 775221460, 2, 5, 347442347, 0
0, 13, 14, 13, 734402401, 775221460, 2, 4, 356287780, 0
0, 13, 14, 13, 734402401, 775221460, 2, 3, 391063178, 0
0, 13, 14, 13, 734402401, 775221460, 2, 2, 401340691, 1
0, 13, 14, 13, 734402401, 775221460, 2, 1, 381896324, 1
0, 13, 14, 13, 734402401, 775221460, 2, 0, 407905397, 0
0, 13, 14, 13, 734402401, 775221460, 1, 6, 336778018, 0
0, 13, 14, 13, 734402401, 775221460, 1, 5, 338873652, 0
0, 13, 14, 13, 734402401, 775221460, 1, 4, 320348711, 0
0, 13, 14, 13, 734402401, 775221460, 1, 3, 377747798, 0
0, 13, 14, 13, 734402401, 775221460, 1, 2, 394077164, 0
0, 13, 14, 13, 734402401, 775221460, 1, 1, 369150126, 0
0, 13, 14, 13, 734402401, 775221460, 1, 0, 422375620, 0
0, 13, 14, 13, 734402401, 775221460, 0, 6, 329549289, 1
0, 13, 14, 13, 734402401, 775221460, 0, 5, 345863063, 1
0, 13, 14, 13, 734402401, 775221460, 0, 4, 326603469, 1
0, 13, 14, 13, 734402401, 775221460, 0, 3, 355836689, 1
0, 13, 14, 13, 734402401, 775221460, 0, 2, 415356040, 1
0, 13, 14, 13, 734402401, 775221460, 0, 1, 419969200, 1
0, 14, 14, 13, 775221461, 854014389, 5, 6, 404848309, 0
0, 14, 14, 13, 775221461, 854014389, 5, 5, 412167464, 0
0, 14, 14, 13, 775221461, 854014389, 5, 4, 424477538, 0
0, 14, 14, 13, 775221461, 854014389, 5, 3, 438037074, 0
0, 14, 14, 13, 775221461, 854014389, 5, 2, 432885074, 0
0, 14, 14, 13, 775221461, 854014389, 5, 1, 439742909, 0
0, 14, 14, 13, 775221461, 854014389, 5, 0, 456072251, 0
0, 14, 14, 13, 775221461, 854014389, 4, 6, 387284218, 0
0, 14, 14, 13, 775221461, 854014389, 4, 5, 395245897, 0
0, 14, 14, 13, 775221461, 854014389, 4, 4, 408896061, 0
0, 14, 14, 13, 775221461, 854014389, 4, 3, 423993670, 0
0, 14, 14, 13, 775221461, 854014389, 4, 2, 418048144, 0
0, 14, 14, 13, 775221461, 854014389, 4, 1, 430359248, 0
0, 14, 14, 13, 775221461, 854014389, 4, 0, 448553442, 0
0, 14, 14, 13, 775221461, 854014389, 3, 6, 376636791, 0
0, 14, 14, 13, 775221461, 854014389, 3, 5, 386258048, 0
0, 14, 14, 13, 775221461, 854014389, 3, 4, 400918152, 0
0, 14, 14, 13, 775221461, 854014389, 3, 3, 418644630, 0
0, 14, 14, 13, 775221461, 854014389, 3, 2, 409864408, 0
0, 14, 14, 13, 775221461, 854014389, 3, 1, 431000713, 0
0, 14, 14, 13, 775221461, 854014389, 3, 0, 457237812, 0
0, 14, 14, 13, 775221461, 854014389, 2, 6, 384013453, 0
0, 14, 14, 13, 775221461, 854014389, 2, 5, 376177105, 0
0, 14, 14, 13, 775221461, 854014389, 2, 4, 398250537, 0
0, 14, 14, 13, 775221461, 854014389, 2, 3, 418811996, 0
0, 14, 14, 13, 775221461, 854014389, 2, 2, 412214213, 0
0, 14, 14, 13, 775221461, 854014389, 2, 1, 425569998, 0
0, 14, 14, 13, 775221461, 854014389, 2, 0, 461323875, 0
0, 14, 14, 13, 775221461, 854014389, 1, 6, 389038093, 0
0, 14, 14, 13, 775221461, 854014389, 1, 5, 385420363, 0
0, 14, 14, 13, 775221461, 854014389, 1, 4, 380013414, 0
0, 14, 14, 13, 775221461, 854014389, 1, 3, 418797611, 0
0, 14, 14, 13, 775221461, 854014389, 1, 2, 410603258, 0
0, 14, 14, 13, 775221461, 854014389, 1, 1, 407520779, 0
0, 14, 14, 13, 775221461, 854014389, 1, 0, 460864211, 0
0, 14, 14, 13, 775221461, 854014389, 0, 6, 399894943, 1
0, 14, 14, 13, 775221461, 854014389, 0, 5, 398727562, 1
0, 14, 14, 13, 775221461, 854014389, 0, 4, 400668837, 1
0, 14, 14, 13, 775221461, 854014389, 0, 3, 395639747, 1
0, 14, 14, 13, 775221461, 854014389, 0, 2, 381501649, 1
0, 14, 14, 13, 775221461, 854014389, 0, 1, 406952864, 1
0, 15, 14, 13, 854014390, 922165795, 5, 6, 391930808, 1
0, 15, 14, 13, 854014390, 922165795, 5, 5, 398826854, 1
0, 15, 14, 13, 854014390, 922165795, 5, 4, 406266779, 1
0, 15, 14, 13, 854014390, 922165795, 5, 3, 424372900, 1
0, 15, 14, 13, 854014390, 922165795, 5, 2, 417361143, 1
0, 15, 14, 13, 854014390, 922165795, 5, 1, 405522997, 1
0, 15, 14, 13, 854014390, 922165795, 5, 0, 372729625, 0
0, 15, 14, 13, 854014390, 922165795, 4, 6, 377760377, 1
0, 15, 14, 13, 854014390, 922165795, 4, 5, 386905172, 1
0, 15, 14, 13, 854014390, 922165795, 4, 4, 395416722, 1
0, 15, 14, 13, 854014390, 922165795, 4, 3, 418162693, 1
0, 15, 14, 13, 854014390, 922165795, 4, 2, 411209599, 1
0, 15, 14, 13, 854014390, 922165795, 4, 1, 395030210, 1
0, 15, 14, 13, 854014390, 922165795, 4, 0, 352590896, 0
0, 15, 14, 13, 854014390, 922165795, 3, 6, 365315039, 1
0, 15, 14, 13, 854014390, 922165795, 3, 5, 377608700, 1
0, 15, 14, 13, 854014390, 922165795, 3, 4, 389123519, 1
0, 15, 14, 13, 854014390, 922165795, 3, 3, 409037982, 1
0, 15, 14, 13, 854014390, 922165795, 3, 2, 400206965, 1
0, 15, 14, 13, 854014390, 922165795, 3, 1, 379799448, 1
0, 15, 14, 13, 854014390, 922165795, 3, 0, 318998739, 0
0, 15, 14, 13, 854014390, 922165795, 2, 6, 370362297, 1
0, 15, 14, 13, 854014390, 922165795, 2, 5, 366396470, 1
0, 15, 14, 13, 854014390, 922165795, 2, 4, 385290103, 1
0, 15, 14, 13, 854014390, 922165795, 2, 3, 418112090, 1
0, 15, 14, 13, 854014390, 922165795, 2, 2, 412150147, 1
0, 15, 14, 13, 854014390, 922165795, 2, 1, 398330484, 1
0, 15, 14, 13, 854014390, 922165795, 2, 0, 353044245, 0
0, 15, 14, 13, 854014390, 922165795, 1, 6, 382364422, 1
0, 15, 14, 13, 854014390, 922165795, 1, 5, 385839701, 1
0, 15, 14, 13, 854014390, 922165795, 1, 4, 378839795, 1
0, 15, 14, 13, 854014390, 922165795, 1, 3, 415625730, 1
0, 15, 14, 13, 854014390, 922165795, 1, 2, 404550066, 1
0, 15, 14, 13, 854014390, 922165795, 1, 1, 381746060, 1
0, 15, 14, 13, 854014390, 922165795, 1, 0, 275254254, 0
0, 15, 14, 13, 854014390, 922165795, 0, 6, 418934391, 1
0, 15, 14, 13, 854014390, 922165795, 0, 5, 428279604, 1
0, 15, 14, 13, 854014390, 922165795, 0, 4, 442241377, 1
0, 15, 14, 13, 854014390, 922165795, 0, 3, 433780283, 1
0, 15, 14, 13, 854014390, 922165795, 0, 2, 432134587, 1
0, 15, 14, 13, 854014390, 922165795, 0, 1, 433137105, 1
0, 16, 14, 13, 922165796, 940682992, 5, 6, 70657962, 0
0, 16, 14, 13, 922165796, 940682992, 5, 5, 67565736, 0
0, 16, 14, 13, 922165796, 940682992, 5, 4, 63187810, 0
0, 16, 14, 13, 922165796, 940682992, 5, 3, 63168781, 0
0, 16, 14, 13, 922165796, 940682992, 5, 2, 68392952, 0
0, 16, 14, 13, 922165796, 940682992, 5, 1, 53742487, 0
0, 16, 14, 13, 922165796, 940682992, 5, 0, 71573374, 0
0, 16, 14, 13, 922165796, 940682992, 4, 6, 64080070, 0
0, 16, 14, 13, 922165796, 940682992, 4, 5, 62691559, 0
0, 16, 14, 13, 922165796, 940682992, 4, 4, 60006723, 0
0, 16, 14, 13, 922165796, 940682992, 4, 3, 58784074, 0
0, 16, 14, 13, 922165796, 940682992, 4, 2, 59049687, 0
0, 16, 14, 13, 922165796, 940682992, 4, 1, 37539121, 0
0, 16, 14, 13, 922165796, 940682992, 4, 0, 56224852, 0
0, 16, 14, 13, 922165796, 940682992, 3, 6, 65904698, 0
0, 16, 14, 13, 922165796, 940682992, 3, 5, 63313230, 0
0, 16, 14, 13, 922165796, 940682992, 3, 4, 58130826, 0
0, 16, 14, 13, 922165796, 940682992, 3, 3, 55629831, 0
0, 16, 14, 13, 922165796, 940682992, 3, 2, 55785563, 0
0, 16, 14, 13, 922165796, 940682992, 3, 1, 36515731, 0
0, 16, 14, 13, 922165796, 940682992, 3, 0, 47552478, 0
0, 16, 14, 13, 922165796, 940682992, 2, 6, 73138988, 0
0, 16, 14, 13, 922165796, 940682992, 2, 5, 68922611, 0
0, 16, 14, 13, 922165796, 940682992, 2, 4, 66929629, 0
0, 16, 14, 13, 922165796, 940682992, 2, 3, 65439736, 0
0, 16, 14, 13, 922165796, 940682992, 2, 2, 72177877, 0
0, 16, 14, 13, 922165796, 940682992, 2, 1, 51122023, 0
0, 16, 14, 13, 922165796, 940682992, 2, 0, 71328717, 0
0, 16, 14, 13, 922165796, 940682992, 1, 6, 57726234, 0
0, 16, 14, 13, 922165796, 940682992, 1, 5, 52832586, 0
0, 16, 14, 13, 922165796, 940682992, 1, 4, 54118547, 0
0, 16, 14, 13, 922165796, 940682992, 1, 3, 52576268, 0
0, 16, 14, 13, 922165796, 940682992, 1, 2, 59265148, 0
0, 16, 14, 13, 922165796, 940682992, 1, 1, 46191076, 0
0, 16, 14, 13, 922165796, 940682992, 1, 0, 71986731, 0
0, 16, 14, 13, 922165796, 940682992, 0, 6, 31632153, 1
0, 16, 14, 13, 922165796, 940682992, 0, 5, 21736729, 1
0, 16, 14, 13, 922165796, 940682992, 0, 4, 26963888, 1
0, 16, 14, 13, 922165796, 940682992, 0, 3, 30448059, 1
0, 16, 14, 13, 922165796, 940682992, 0, 2, 30961314, 1
0, 16, 14, 13, 922165796, 940682992, 0, 1, 15352957, 1
0, 17, 14, 13, 940682993, 975044866, 5, 6, 135188801, 1
0, 17, 14, 13, 940682993, 975044866, 5, 5, 78588160, 1
0, 17, 14, 13, 940682993, 975044866, 5, 4, 1, 1
0, 17, 14, 13, 940682993, 975044866, 5, 3, 1, 1
0, 17, 14, 13, 940682993, 975044866, 5, 2, 1, 1
0, 17, 14, 13, 940682993, 975044866, 5, 1, 1, 1
0, 17, 14, 13, 940682993, 975044866, 5, 0, 1, 0
0, 17, 14, 13, 940682993, 975044866, 4, 6, 126056406, 1
0, 17, 14, 13, 940682993, 975044866, 4, 5, 74135478, 1
0, 17, 14, 13, 940682993, 975044866, 4, 4, 1, 1
0, 17, 14, 13, 940682993, 975044866, 4, 3, 1, 1
0, 17, 14, 13, 940682993, 975044866, 4, 2, 1, 1
0, 17, 14, 13, 940682993, 975044866, 4, 1, 1, 1
0, 17, 14, 13, 940682993, 975044866, 4, 0, 1, 0
0, 17, 14, 13, 940682993, 975044866, 3, 6, 120172144, 1
0, 17, 14, 13, 940682993, 975044866, 3, 5, 69554351, 1
0, 17, 14, 13, 940682993, 975044866, 3, 4, 1, 1
0, 17, 14, 13, 940682993, 975044866, 3, 3, 1, 1
0, 17, 14, 13, 940682993, 975044866, 3, 2, 1, 1
0, 17, 14, 13, 940682993, 975044866, 3, 1, 1, 1
0, 17, 14, 13, 940682993, 975044866, 3, 0, 1, 0
0, 17, 14, 13, 940682993, 975044866, 2, 6, 134811322, 1
0, 17, 14, 13, 940682993, 975044866, 2, 5, 62744015, 1
0, 17, 14, 13, 940682993, 975044866, 2, 4, 1, 1
0, 17, 14, 13, 940682993, 975044866, 2, 3, 1, 1
0, 17, 14, 13, 940682993, 975044866, 2, 2, 1, 1
0, 17, 14, 13, 940682993, 975044866, 2, 1, 1, 1
0, 17, 14, 13, 940682993, 975044866, 2, 0, 1, 0
0, 17, 14, 13, 940682993, 975044866, 1, 6, 155633388, 1
0, 17, 14, 13, 940682993, 975044866, 1, 5, 85830906, 1
0, 17, 14, 13, 940682993, 975044866, 1, 4, 1, 1
0, 17, 14, 13, 940682993, 975044866, 1, 3, 1, 1
0, 17, 14, 13, 940682993, 975044866, 1, 2, 1, 1
0, 17, 14, 13, 940682993, 975044866, 1, 1, 1, 1
0, 17, 14, 13, 940682993, 975044866, 1, 0, 1, 0
0, 17, 14, 13, 940682993, 975044866, 0, 6, 155264594, 1
0, 17, 14, 13, 940682993, 975044866, 0, 5, 78373997, 1
0, 17, 14, 13, 940682993, 975044866, 0, 4, 1, 1
0, 17, 14, 13, 940682993, 975044866, 0, 3, 1, 1
0, 17, 14, 13, 940682993, 975044866, 0, 2, 1, 1
0, 17, 14, 13, 940682993, 975044866, 0, 1, 1, 1
0, 18, 14, 13, 975044867, 1019286898, 5, 6, 156500488, 1
0, 18, 14, 13, 975044867, 1019286898, 5, 5, 108044195, 1
0, 18, 14, 13, 975044867, 1019286898, 5, 4, 42584175, 1
0, 18, 14, 13, 975044867, 1019286898, 5, 3, 43749926, 1
0, 18, 14, 13, 975044867, 1019286898, 5, 2, 43048055, 1
0, 18, 14, 13, 975044867, 1019286898, 5, 1, 41580508, 1
0, 18, 14, 13, 975044867, 1019286898, 5, 0, 36590847, 0
0, 18, 14, 13, 975044867, 1019286898, 4, 6, 151867739, 1
0, 18, 14, 13, 975044867, 1019286898, 4, 5, 104967963, 1
0, 18, 14, 13, 975044867, 1019286898, 4, 4, 43832785, 1
0, 18, 14, 13, 975044867, 1019286898, 4, 3, 43331266, 1
0, 18, 14, 13, 975044867, 1019286898, 4, 2, 42471519, 1
0, 18, 14, 13, 975044867, 1019286898, 4, 1, 40656497, 1
0, 18, 14, 13, 975044867, 1019286898, 4, 0, 34303919, 0
0, 18, 14, 13, 975044867, 1019286898, 3, 6, 145063746, 1
0, 18, 14, 13, 975044867, 1019286898, 3, 5, 100175540, 1
0, 18, 14, 13, 975044867, 1019286898, 3, 4, 43331266, 1
0, 18, 14, 13, 975044867, 1019286898, 3, 3, 42689321, 1
0, 18, 14, 13, 975044867, 1019286898, 3, 2, 41580508, 1
0, 18, 14, 13, 975044867, 1019286898, 3, 1, 39204479, 1
0, 18, 14, 13, 975044867, 1019286898, 3, 0, 30492373, 0
0, 18, 14, 13, 975044867, 1019286898, 2, 6, 157743812, 1
0, 18, 14, 13, 975044867, 1019286898, 2, 5, 92776104, 1
0, 18, 14, 13, 975044867, 1019286898, 2, 4, 42471519, 1
0, 18, 14, 13, 975044867, 1019286898, 2, 3, 41580508, 1
0, 18, 14, 13, 975044867, 1019286898, 2, 2, 40021239, 1
0, 18, 14, 13, 975044867, 1019286898, 2, 1, 36590847, 1
0, 18, 14, 13, 975044867, 1019286898, 2, 0, 22869280, 0
0, 18, 14, 13, 975044867, 1019286898, 1, 6, 180857821, 1
0, 18, 14, 13, 975044867, 1019286898, 1, 5, 118951682, 1
0, 18, 14, 13, 975044867, 1019286898, 1, 4, 40656497, 1
0, 18, 14, 13, 975044867, 1019286898, 1, 3, 39204479, 1
0, 18, 14, 13, 975044867, 1019286898, 1, 2, 36590847, 1
0, 18, 14, 13, 975044867, 1019286898, 1, 1, 30492373, 1
0, 18, 14, 13, 975044867, 1019286898, 1, 0, 1, 0
0, 18, 14, 13, 975044867, 1019286898, 0, 6, 191607823, 1
0, 18, 14, 13, 975044867, 1019286898, 0, 5, 123074745, 1
0, 18, 14, 13, 975044867, 1019286898, 0, 4, 45738559, 1
0, 18, 14, 13, 975044867, 1019286898, 0, 3, 45738559, 1
0, 18, 14, 13, 975044867, 1019286898, 0, 2, 45738559, 1
0, 18, 14, 13, 975044867, 1019286898, 0, 1, 45738559, 1
0, 19, 14, 13, 1019286899, 1073249770, 5, 6, 76808279, 1
0, 19, 14, 13, 1019286899, 1073249770, 5, 5, 50327930, 1
0, 19, 14, 13, 1019286899, 1073249770, 5, 4, 1, 1
0, 19, 14, 13, 1019286899, 1073249770, 5, 3, 1, 1
0, 19, 14, 13, 1019286899, 1073249770, 5, 2, 1, 1
0, 19, 14, 13, 1019286899, 1073249770, 5, 1, 1, 1
0, 19, 14, 13, 1019286899, 1073249770, 5, 0, 1, 0
0, 19, 14, 13, 1019286899, 1073249770, 4, 6, 70360691, 1
0, 19, 14, 13, 1019286899, 1073249770, 4, 5, 47757765, 1
0, 19, 14, 13, 1019286899, 1073249770, 4, 4, 1, 1
0, 19, 14, 13, 1019286899, 1073249770, 4, 3, 1, 1
0, 19, 14, 13, 1019286899, 1073249770, 4, 2, 1, 1
0, 19, 14, 13, 1019286899, 1073249770, 4, 1, 1, 1
0, 19, 14, 13, 1019286899, 1073249770, 4, 0, 1, 0
0, 19, 14, 13, 1019286899, 1073249770, 3, 6, 65041652, 1
0, 19, 14, 13, 1019286899, 1073249770, 3, 5, 45262443, 1
0, 19, 14, 13, 1019286899, 1073249770, 3, 4, 1, 1
0, 19, 14, 13, 1019286899, 1073249770, 3, 3, 1, 1
0, 19, 14, 13, 1019286899, 1073249770, 3, 2, 1, 1
0, 19, 14, 13, 1019286899, 1073249770, 3, 1, 1, 1
0, 19, 14, 13, 1019286899, 1073249770, 3, 0, 1, 0
0, 19, 14, 13, 1019286899, 1073249770, 2, 6, 76225052, 1
0, 19, 14, 13, 1019286899, 1073249770, 2, 5, 47612508, 1
0, 19, 14, 13, 1019286899, 1073249770, 2, 4, 1, 1
0, 19, 14, 13, 1019286899, 1073249770, 2, 3, 1, 1
0, 19, 14, 13, 1019286899, 1073249770, 2, 2, 1, 1
0, 19, 14, 13, 1019286899, 1073249770, 2, 1, 1, 1
0, 19, 14, 13, 1019286899, 1073249770, 2, 0, 1, 0
0, 19, 14, 13, 1019286899, 1073249770, 1, 6, 60817004, 1
0, 19, 14, 13, 1019286899, 1073249770, 1, 5, 38895271, 1
0, 19, 14, 13, 1019286899, 1073249770, 1, 4, 1, 1
0, 19, 14, 13, 1019286899, 1073249770, 1, 3, 1, 1
0, 19, 14, 13, 1019286899, 1073249770, 1, 2, 1, 1
0, 19, 14, 13, 1019286899, 1073249770, 1, 1, 1, 1
0, 19, 14, 13, 1019286899, 1073249770, 1, 0, 1, 0
0, 19, 14, 13, 1019286899, 1073249770, 0, 6, 59219010, 1
0, 19, 14, 13, 1019286899, 1073249770, 0, 5, 38307368, 1
0, 19, 14, 13, 1019286899, 1073249770, 0, 4, 1, 1
0, 19, 14, 13, 1019286899, 1073249770, 0, 3, 1, 1
0, 19, 14, 13, 1019286899, 1073249770, 0, 2, 1, 1
0, 19, 14, 13, 1019286899, 1073249770, 0, 1, 1, 1
0, 20, 14, 13, 1073249771, 1096464686, 5, 6, 130296312, 1
0, 20, 14, 13, 1073249771, 1096464686, 5, 5, 77557125, 1
0, 20, 14, 13, 1073249771, 1096464686, 5, 4, 1, 1
0, 20, 14, 13, 1073249771, 1096464686, 5, 3, 1, 1
0, 20, 14, 13, 1073249771, 1096464686, 5, 2, 1, 1
0, 20, 14, 13, 1073249771, 1096464686, 5, 1, 1, 1
0, 20, 14, 13, 1073249771, 1096464686, 5, 0, 1, 0
0, 20, 14, 13, 1073249771, 1096464686, 4, 6, 125550787, 1
0, 20, 14, 13, 1073249771, 1096464686, 4, 5, 75110079, 1
0, 20, 14, 13, 1073249771, 1096464686, 4, 4, 1, 1
0, 20, 14, 13, 1073249771, 1096464686, 4, 3, 1, 1
0, 20, 14, 13, 1073249771, 1096464686, 4, 2, 1, 1
0, 20, 14, 13, 1073249771, 1096464686, 4, 1, 1, 1
0, 20, 14, 13, 1073249771, 1096464686, 4, 0, 1, 0
0, 20, 14, 13, 1073249771, 1096464686, 3, 6, 120257754, 1
0, 20, 14, 13, 1073249771, 1096464686, 3, 5, 72872818, 1
0, 20, 14, 13, 1073249771, 1096464686, 3, 4, 1, 1
0, 20, 14, 13, 1073249771, 1096464686, 3, 3, 1, 1
0, 20, 14, 13, 1073249771, 1096464686, 3, 2, 1, 1
0, 20, 14, 13, 1073249771, 1096464686, 3, 1, 1, 1
0, 20, 14, 13, 1073249771, 1096464686, 3, 0, 1, 0
0, 20, 14, 13, 1073249771, 1096464686, 2, 6, 132623092, 1
0, 20, 14, 13, 1073249771, 1096464686, 2, 5, 67660362, 1
0, 20, 14, 13, 1073249771, 1096464686, 2, 4, 1, 1
0, 20, 14, 13, 1073249771, 1096464686, 2, 3, 1, 1
0, 20, 14, 13, 1073249771, 1096464686, 2, 2, 1, 1
0, 20, 14, 13, 1073249771, 1096464686, 2, 1, 1, 1
0, 20, 14, 13, 1073249771, 1096464686, 2, 0, 1, 0
0, 20, 14, 13, 1073249771, 1096464686, 1, 6, 148918293, 1
0, 20, 14, 13, 1073249771, 1096464686, 1, 5, 89519500, 1
0, 20, 14, 13, 1073249771, 1096464686, 1, 4, 1, 1
0, 20, 14, 13, 1073249771, 1096464686, 1, 3, 1, 1
0, 20, 14, 13, 1073249771, 1096464686, 1, 2, 1, 1
0, 20, 14, 13, 1073249771, 1096464686, 1, 1, 1, 1
0, 20, 14, 13, 1073249771, 1096464686, 1, 0, 1, 0
0, 20, 14, 13, 1073249771, 1096464686, 0, 6, 157294050, 1
0, 20, 14, 13, 1073249771, 1096464686, 0, 5, 97152392, 1
0, 20, 14, 13, 1073249771, 1096464686, 0, 4, 1, 1
0, 20, 14, 13, 1073249771, 1096464686, 0, 3, 1, 1
0, 20, 14, 13, 1073249771, 1096464686, 0, 2, 1, 1
0, 20, 14, 13, 1073249771, 1096464686, 0, 1, 1, 1
0, 21, 14, 13, 1096464687, 1136981140, 5, 6, 94563988, 1
0, 21, 14, 13, 1096464687, 1136981140, 5, 5, 53842007, 1
0, 21, 14, 13, 1096464687, 1136981140, 5, 4, 1, 1
0, 21, 14, 13, 1096464687, 1136981140, 5, 3, 1, 1
0, 21, 14, 13, 1096464687, 1136981140, 5, 2, 1, 1
0, 21, 14, 13, 1096464687, 1136981140, 5, 1, 1, 1
0, 21, 14, 13, 1096464687, 1136981140, 5, 0, 1, 0
0, 21, 14, 13, 1096464687, 1136981140, 4, 6, 98109146, 1
0, 21, 14, 13, 1096464687, 1136981140, 4, 5, 59065060, 1
0, 21, 14, 13, 1096464687, 1136981140, 4, 4, 1, 1
0, 21, 14, 13, 1096464687, 1136981140, 4, 3, 1, 1
0, 21, 14, 13, 1096464687, 1136981140, 4, 2, 1, 1
0, 21, 14, 13, 1096464687, 1136981140, 4, 1, 1, 1
0, 21, 14, 13, 1096464687, 1136981140, 4, 0, 1, 0
0, 21, 14, 13, 1096464687, 1136981140, 3, 6, 98968437, 1
0, 21, 14, 13, 1096464687, 1136981140, 3, 5, 60090299, 1
0, 21, 14, 13, 1096464687, 1136981140, 3, 4, 1, 1
0, 21, 14, 13, 1096464687, 1136981140, 3, 3, 1, 1
0, 21, 14, 13, 1096464687, 1136981140, 3, 2, 1, 1
0, 21, 14, 13, 1096464687, 1136981140, 3, 1, 1, 1
0, 21, 14, 13, 1096464687, 1136981140, 3, 0, 1, 0
0, 21, 14, 13, 1096464687, 1136981140, 2, 6, 99661902, 1
0, 21, 14, 13, 1096464687, 1136981140, 2, 5, 60024068, 1
0, 21, 14, 13, 1096464687, 1136981140, 2, 4, 1, 1
0, 21, 14, 13, 1096464687, 1136981140, 2, 3, 1, 1
0, 21, 14, 13, 1096464687, 1136981140, 2, 2, 1, 1
0, 21, 14, 13, 1096464687, 1136981140, 2, 1, 1, 1
0, 21, 14, 13, 1096464687, 1136981140, 2, 0, 1, 0
0, 21, 14, 13, 1096464687, 1136981140, 1, 6, 102499811, 1
0, 21, 14, 13, 1096464687, 1136981140, 1, 5, 60636213, 1
0, 21, 14, 13, 1096464687, 1136981140, 1, 4, 1, 1
0, 21, 14, 13, 1096464687, 1136981140, 1, 3, 1, 1
0, 21, 14, 13, 1096464687, 1136981140, 1, 2, 1, 1
0, 21, 14, 13, 1096464687, 1136981140, 1, 1, 1, 1
0, 21, 14, 13, 1096464687, 1136981140, 1, 0, 1, 0
0, 21, 14, 13, 1096464687, 1136981140, 0, 6, 106608888, 1
0, 21, 14, 13, 1096464687, 1136981140, 0, 5, 65076770, 1
0, 21, 14, 13, 1096464687, 1136981140, 0, 4, 1, 1
0, 21, 14, 13, 1096464687, 1136981140, 0, 3, 1, 1
0, 21, 14, 13, 1096464687, 1136981140, 0, 2, 1, 1
0, 21, 14, 13, 1096464687, 1136981140, 0, 1, 1, 1
0, 22, 14, 13, 1136981141, 1164854038, 5, 6, 152854736, 1
0, 22, 14, 13, 1136981141, 1164854038, 5, 5, 89020955, 1
0, 22, 14, 13, 1136981141, 1164854038, 5, 4, 1, 1
0, 22, 14, 13, 1136981141, 1164854038, 5, 3, 1, 1
0, 22, 14, 13, 1136981141, 1164854038, 5, 2, 1, 1
0, 22, 14, 13, 1136981141, 1164854038, 5, 1, 1, 1
0, 22, 14, 13, 1136981141, 1164854038, 5, 0, 1, 0
0, 22, 14, 13, 1136981141, 1164854038, 4, 6, 153161428, 1
0, 22, 14, 13, 1136981141, 1164854038, 4, 5, 89145114, 1
0, 22, 14, 13, 1136981141, 1164854038, 4, 4, 1, 1
0, 22, 14, 13, 1136981141, 1164854038, 4, 3, 1, 1
0, 22, 14, 13, 1136981141, 1164854038, 4, 2, 1, 1
0, 22, 14, 13, 1136981141, 1164854038, 4, 1, 1, 1
0, 22, 14, 13, 1136981141, 1164854038, 4, 0, 1, 0
0, 22, 14, 13, 1136981141, 1164854038, 3, 6, 154020387, 1
0, 22, 14, 13, 1136981141, 1164854038, 3, 5, 89658848, 1
0, 22, 14, 13, 1136981141, 1164854038, 3, 4, 1, 1
0, 22, 14, 13, 1136981141, 1164854038, 3, 3, 1, 1
0, 22, 14, 13, 1136981141, 1164854038, 3, 2, 1, 1
0, 22, 14, 13, 1136981141, 1164854038, 3, 1, 1, 1
0, 22, 14, 13, 1136981141, 1164854038, 3, 0, 1, 0
0, 22, 14, 13, 1136981141, 1164854038, 2, 6, 154944184, 1
0, 22, 14, 13, 1136981141, 1164854038, 2, 5, 89973025, 1
0, 22, 14, 13, 1136981141, 1164854038, 2, 4, 1, 1
0, 22, 14, 13, 1136981141, 1164854038, 2, 3, 1, 1
0, 22, 14, 13, 1136981141, 1164854038, 2, 2, 1, 1
0, 22, 14, 13, 1136981141, 1164854038, 2, 1, 1, 1
0, 22, 14, 13, 1136981141, 1164854038, 2, 0, 1, 0
0, 22, 14, 13, 1136981141, 1164854038, 1, 6, 158605886, 1
0, 22, 14, 13, 1136981141, 1164854038, 1, 5, 91079302, 1
0, 22, 14, 13, 1136981141, 1164854038, 1, 4, 1, 1
0, 22, 14, 13, 1136981141, 1164854038, 1, 3, 1, 1
0, 22, 14, 13, 1136981141, 1164854038, 1, 2, 1, 1
0, 22, 14, 13, 1136981141, 1164854038, 1, 1, 1, 1
0, 22, 14, 13, 1136981141, 1164854038, 1, 0, 1, 0
0, 22, 14, 13, 1136981141, 1164854038, 0, 6, 169123988, 1
0, 22, 14, 13, 1136981141, 1164854038, 0, 5, 97298216, 1
0, 22, 14, 13, 1136981141, 1164854038, 0, 4, 1, 1
0, 22, 14, 13, 1136981141, 1164854038, 0, 3, 1, 1
0, 22, 14, 13, 1136981141, 1164854038, 0, 2, 1, 1
0, 22, 14, 13, 1136981141, 1164854038, 0, 1, 1, 1
0, 23, 14, 13, 1164854039, 1205194549, 5, 6, 79988739, 1
0, 23, 14, 13, 1164854039, 1205194549, 5, 5, 45871556, 1
0, 23, 14, 13, 1164854039, 1205194549, 5, 4, 1, 1
0, 23, 14, 13, 1164854039, 1205194549, 5, 3, 1, 1
0, 23, 14, 13, 1164854039, 1205194549, 5, 2, 1, 1
0, 23, 14, 13, 1164854039, 1205194549, 5, 1, 1, 1
0, 23, 14, 13, 1164854039, 1205194549, 5, 0, 1, 0
0, 23, 14, 13, 1164854039, 1205194549, 4, 6, 85864394, 1
0, 23, 14, 13, 1164854039, 1205194549, 4, 5, 49126989, 1
0, 23, 14, 13, 1164854039, 1205194549, 4, 4, 1, 1
0, 23, 14, 13, 1164854039, 1205194549, 4, 3, 1, 1
0, 23, 14, 13, 1164854039, 1205194549, 4, 2, 1, 1
0, 23, 14, 13, 1164854039, 1205194549, 4, 1, 1, 1
0, 23, 14, 13, 1164854039, 1205194549, 4, 0, 1, 0
0, 23, 14, 13, 1164854039, 1205194549, 3, 6, 87104534, 1
0, 23, 14, 13, 1164854039, 1205194549, 3, 5, 49920557, 1
0, 23, 14, 13, 1164854039, 1205194549, 3, 4, 1, 1
0, 23, 14, 13, 1164854039, 1205194549, 3, 3, 1, 1
0, 23, 14, 13, 1164854039, 1205194549, 3, 2, 1, 1
0, 23, 14, 13, 1164854039, 1205194549, 3, 1, 1, 1
0, 23, 14, 13, 1164854039, 1205194549, 3, 0, 1, 0
0, 23, 14, 13, 1164854039, 1205194549, 2, 6, 85618211, 1
0, 23, 14, 13, 1164854039, 1205194549, 2, 5, 47676641, 1
0, 23, 14, 13, 1164854039, 1205194549, 2, 4, 1, 1
0, 23, 14, 13, 1164854039, 1205194549, 2, 3, 1, 1
0, 23, 14, 13, 1164854039, 1205194549, 2, 2, 1, 1
0, 23, 14, 13, 1164854039, 1205194549, 2, 1, 1, 1
0, 23, 14, 13, 1164854039, 1205194549, 2, 0, 1, 0
0, 23, 14, 13, 1164854039, 1205194549, 1, 6, 94079664, 1
0, 23, 14, 13, 1164854039, 1205194549, 1, 5, 57503375, 1
0, 23, 14, 13, 1164854039, 1205194549, 1, 4, 1, 1
0, 23, 14, 13, 1164854039, 1205194549, 1, 3, 1, 1
0, 23, 14, 13, 1164854039, 1205194549, 1, 2, 1, 1
0, 23, 14, 13, 1164854039, 1205194549, 1, 1, 1, 1
0, 23, 14, 13, 1164854039, 1205194549, 1, 0, 1, 0
0, 23, 14, 13, 1164854039, 1205194549, 0, 6, 98760362, 1
0, 23, 14, 13, 1164854039, 1205194549, 0, 5, 63304435, 1
0, 23, 14, 13, 1164854039, 1205194549, 0, 4, 1, 1
0, 23, 14, 13, 1164854039, 1205194549, 0, 3, 1, 1
0, 23, 14, 13, 1164854039, 1205194549, 0, 2, 1, 1
0, 23, 14, 13, 1164854039, 1205194549, 0, 1, 1, 1
0, 24, 14, 13, 1205194550, 1249017557, 5, 6, 151984307, 1
0, 24, 14, 13, 1205194550, 1249017557, 5, 5, 90132915, 1
0, 24, 14, 13, 1205194550, 1249017557, 5, 4, 1, 1
0, 24, 14, 13, 1205194550, 1249017557, 5, 3, 1, 1
0, 24, 14, 13, 1205194550, 1249017557, 5, 2, 1, 1
0, 24, 14, 13, 1205194550, 1249017557, 5, 1, 1, 1
0, 24, 14, 13, 1205194550, 1249017557, 5, 0, 1, 0
0, 24, 14, 13, 1205194550, 1249017557, 4, 6, 151433542, 1
0, 24, 14, 13, 1205194550, 1249017557, 4, 5, 89293135, 1
0, 24, 14, 13, 1205194550, 1249017557, 4, 4, 1, 1
0, 24, 14, 13, 1205194550, 1249017557, 4, 3, 1, 1
0, 24, 14, 13, 1205194550, 1249017557, 4, 2, 1, 1
0, 24, 14, 13, 1205194550, 1249017557, 4, 1, 1, 1
0, 24, 14, 13, 1205194550, 1249017557, 4, 0, 1, 0
0, 24, 14, 13, 1205194550, 1249017557, 3, 6, 154606312, 1
0, 24, 14, 13, 1205194550, 1249017557, 3, 5, 90777047, 1
0, 24, 14, 13, 1205194550, 1249017557, 3, 4, 1, 1
0, 24, 14, 13, 1205194550, 1249017557, 3, 3, 1, 1
0, 24, 14, 13, 1205194550, 1249017557, 3, 2, 1, 1
0, 24, 14, 13, 1205194550, 1249017557, 3, 1, 1, 1
0, 24, 14, 13, 1205194550, 1249017557, 3, 0, 1, 0
0, 24, 14, 13, 1205194550, 1249017557, 2, 6, 161358551, 1
0, 24, 14, 13, 1205194550, 1249017557, 2, 5, 95629398, 1
0, 24, 14, 13, 1205194550, 1249017557, 2, 4, 1, 1
0, 24, 14, 13, 1205194550, 1249017557, 2, 3, 1, 1
0, 24, 14, 13, 1205194550, 1249017557, 2, 2, 1, 1
0, 24, 14, 13, 1205194550, 1249017557, 2, 1, 1, 1
0, 24, 14, 13, 1205194550, 1249017557, 2, 0, 1, 0
0, 24, 14, 13, 1205194550, 1249017557, 1, 6, 172053749, 1
0, 24, 14, 13, 1205194550, 1249017557, 1, 5, 102754744, 1
0, 24, 14, 13, 1205194550, 1249017557, 1, 4, 1, 1
0, 24, 14, 13, 1205194550, 1249017557, 1, 3, 1, 1
0, 24, 14, 13, 1205194550, 1249017557, 1, 2, 1, 1
0, 24, 14, 13, 1205194550, 1249017557, 1, 1, 1, 1
0, 24, 14, 13, 1205194550, 1249017557, 1, 0, 1, 0
0, 24, 14, 13, 1205194550, 1249017557, 0, 6, 188383697, 1
0, 24, 14, 13, 1205194550, 1249017557, 0, 5, 113030218, 1
0, 24, 14, 13, 1205194550, 1249017557, 0, 4, 1, 1
0, 24, 14, 13, 1205194550, 1249017557, 0, 3, 1, 1
0, 24, 14, 13, 1205194550, 1249017557, 0, 2, 1, 1
0, 24, 14, 13, 1205194550, 1249017557, 0, 1, 1, 1
0, 25, 14, 13, 1249017558, 1285417668, 5, 6, 94091558, 1
0, 25, 14, 13, 1249017558, 1285417668, 5, 5, 55232676, 1
0, 25, 14, 13, 1249017558, 1285417668, 5, 4, 1, 1
0, 25, 14, 13, 1249017558, 1285417668, 5, 3, 1, 1
0, 25, 14, 13, 1249017558, 1285417668, 5, 2, 1, 1
0, 25, 14, 13, 1249017558, 1285417668, 5, 1, 1, 1
0, 25, 14, 13, 1249017558, 1285417668, 5, 0, 1, 0
0, 25, 14, 13, 1249017558, 1285417668, 4, 6, 93204216, 1
0, 25, 14, 13, 1249017558, 1285417668, 4, 5, 55092818, 1
0, 25, 14, 13, 1249017558, 1285417668, 4, 4, 1, 1
0, 25, 14, 13, 1249017558, 1285417668, 4, 3, 1, 1
0, 25, 14, 13, 1249017558, 1285417668, 4, 2, 1, 1
0, 25, 14, 13, 1249017558, 1285417668, 4, 1, 1, 1
0, 25, 14, 13, 1249017558, 1285417668, 4, 0, 1, 0
0, 25, 14, 13, 1249017558, 1285417668, 3, 6, 93436526, 1
0, 25, 14, 13, 1249017558, 1285417668, 3, 5, 54789970, 1
0, 25, 14, 13, 1249017558, 1285417668, 3, 4, 1, 1
0, 25, 14, 13, 1249017558, 1285417668, 3, 3, 1, 1
0, 25, 14, 13, 1249017558, 1285417668, 3, 2, 1, 1
0, 25, 14, 13, 1249017558, 1285417668, 3, 1, 1, 1
0, 25, 14, 13, 1249017558, 1285417668, 3, 0, 1, 0
0, 25, 14, 13, 1249017558, 1285417668, 2, 6, 95189982, 1
0, 25, 14, 13, 1249017558, 1285417668, 2, 5, 56594320, 1
0, 25, 14, 13, 1249017558, 1285417668, 2, 4, 1, 1
0, 25, 14, 13, 1249017558, 1285417668, 2, 3, 1, 1
0, 25, 14, 13, 1249017558, 1285417668, 2, 2, 1, 1
0, 25, 14, 13, 1249017558, 1285417668, 2, 1, 1, 1
0, 25, 14, 13, 1249017558, 1285417668, 2, 0, 1, 0
0, 25, 14, 13, 1249017558, 1285417668, 1, 6, 95503096, 1
0, 25, 14, 13, 1249017558, 1285417668, 1, 5, 57346572, 1
0, 25, 14, 13, 1249017558, 1285417668, 1, 4, 1, 1
0, 25, 14, 13, 1249017558, 1285417668, 1, 3, 1, 1
0, 25, 14, 13, 1249017558, 1285417668, 1, 2, 1, 1
0, 25, 14, 13, 1249017558, 1285417668, 1, 1, 1, 1
0, 25, 14, 13, 1249017558, 1285417668, 1, 0, 1, 0
0, 25, 14, 13, 1249017558, 1285417668, 0, 6, 100390061, 1
0, 25, 14, 13, 1249017558, 1285417668, 0, 5, 60620875, 1
0, 25, 14, 13, 1249017558, 1285417668, 0, 4, 1, 1
0, 25, 14, 13, 1249017558, 1285417668, 0, 3, 1, 1
0, 25, 14, 13, 1249017558, 1285417668, 0, 2, 1, 1
0, 25, 14, 13, 1249017558, 1285417668, 0, 1, 1, 1
0, 26, 14, 13, 1285417669, 1315302277, 5, 6, 57736249, 1
0, 26, 14, 13, 1285417669, 1315302277, 5, 5, 40102473, 1
0, 26, 14, 13, 1285417669, 1315302277, 5, 4, 1, 1
0, 26, 14, 13, 1285417669, 1315302277, 5, 3, 1, 1
0, 26, 14, 13, 1285417669, 1315302277, 5, 2, 1, 1
0, 26, 14, 13, 1285417669, 1315302277, 5, 1, 1, 1
0, 26, 14, 13, 1285417669, 1315302277, 5, 0, 1, 0
0, 26, 14, 13, 1285417669, 1315302277, 4, 6, 54148767, 1
0, 26, 14, 13, 1285417669, 1315302277, 4, 5, 39728814, 1
0, 26, 14, 13, 1285417669, 1315302277, 4, 4, 1, 1
0, 26, 14, 13, 1285417669, 1315302277, 4, 3, 1, 1
0, 26, 14, 13, 1285417669, 1315302277, 4, 2, 1, 1
0, 26, 14, 13, 1285417669, 1315302277, 4, 1, 1, 1
0, 26, 14, 13, 1285417669, 1315302277, 4, 0, 1, 0
0, 26, 14, 13, 1285417669, 1315302277, 3, 6, 58924160, 1
0, 26, 14, 13, 1285417669, 1315302277, 3, 5, 39218690, 1
0, 26, 14, 13, 1285417669, 1315302277, 3, 4, 1, 1
0, 26, 14, 13, 1285417669, 1315302277, 3, 3, 1, 1
0, 26, 14, 13, 1285417669, 1315302277, 3, 2, 1, 1
0, 26, 14, 13, 1285417669, 1315302277, 3, 1, 1, 1
0, 26, 14, 13, 1285417669, 1315302277, 3, 0, 1, 0
0, 26, 14, 13, 1285417669, 1315302277, 2, 6, 55199669, 1
0, 26, 14, 13, 1285417669, 1315302277, 2, 5, 38712748, 1
0, 26, 14, 13, 1285417669, 1315302277, 2, 4, 1, 1
0, 26, 14, 13, 1285417669, 1315302277, 2, 3, 1, 1
0, 26, 14, 13, 1285417669, 1315302277, 2, 2, 1, 1
0, 26, 14, 13, 1285417669, 1315302277, 2, 1, 1, 1
0, 26, 14, 13, 1285417669, 1315302277, 2, 0, 1, 0
0, 26, 14, 13, 1285417669, 1315302277, 1, 6, 48797016, 1
0, 26, 14, 13, 1285417669, 1315302277, 1, 5, 38885345, 1
0, 26, 14, 13, 1285417669, 1315302277, 1, 4, 1, 1
0, 26, 14, 13, 1285417669, 1315302277, 1, 3, 1, 1
0, 26, 14, 13, 1285417669, 1315302277, 1, 2, 1, 1
0, 26, 14, 13, 1285417669, 1315302277, 1, 1, 1, 1
0, 26, 14, 13, 1285417669, 1315302277, 1, 0, 1, 0
0, 26, 14, 13, 1285417669, 1315302277, 0, 6, 42698284, 1
0, 26, 14, 13, 1285417669, 1315302277, 0, 5, 42463187, 1
0, 26, 14, 13, 1285417669, 1315302277, 0, 4, 1, 1
0, 26, 14, 13, 1285417669, 1315302277, 0, 3, 1, 1
0, 26, 14, 13, 1285417669, 1315302277, 0, 2, 1, 1
0, 26, 14, 13, 1285417669, 1315302277, 0, 1, 1, 1
0, 27, 14, 13, 1315302278, 1345039507, 5, 6, 8540342, 0
0, 27, 14, 13, 1315302278, 1345039507, 5, 5, 9550530, 0
0, 27, 14, 13, 1315302278, 1345039507, 5, 4, 9196501, 0
0, 27, 14, 13, 1315302278, 1345039507, 5, 3, 8975253, 0
0, 27, 14, 13, 1315302278, 1345039507, 5, 2, 10345883, 0
0, 27, 14, 13, 1315302278, 1345039507, 5, 1, 11585035, 0
0, 27, 14, 13, 1315302278, 1345039507, 5, 0, 12726080, 0
0, 27, 14, 13, 1315302278, 1345039507, 4, 6, 4011498, 0
0, 27, 14, 13, 1315302278, 1345039507, 4, 5, 4343784, 0
0, 27, 14, 13, 1315302278, 1345039507, 4, 4, 3691612, 0
0, 27, 14, 13, 1315302278, 1345039507, 4, 3, 3937643, 0
0, 27, 14, 13, 1315302278, 1345039507, 4, 2, 4824789, 0
0, 27, 14, 13, 1315302278, 1345039507, 4, 1, 5647879, 0
0, 27, 14, 13, 1315302278, 1345039507, 4, 0, 9260432, 0
0, 27, 14, 13, 1315302278, 1345039507, 3, 6, 3944306, 0
0, 27, 14, 13, 1315302278, 1345039507, 3, 5, 4177177, 0
0, 27, 14, 13, 1315302278, 1345039507, 3, 4, 3937234, 0
0, 27, 14, 13, 1315302278, 1345039507, 3, 3, 4068266, 0
0, 27, 14, 13, 1315302278, 1345039507, 3, 2, 4886892, 0
0, 27, 14, 13, 1315302278, 1345039507, 3, 1, 5291383, 0
0, 27, 14, 13, 1315302278, 1345039507, 3, 0, 8146561, 0
0, 27, 14, 13, 1315302278, 1345039507, 2, 6, 1846835, 0
0, 27, 14, 13, 1315302278, 1345039507, 2, 5, 1559735, 0
0, 27, 14, 13, 1315302278, 1345039507, 2, 4, 1893964, 0
0, 27, 14, 13, 1315302278, 1345039507, 2, 3, 2221790, 0
0, 27, 14, 13, 1315302278, 1345039507, 2, 2, 3054961, 0
0, 27, 14, 13, 1315302278, 1345039507, 2, 1, 4887937, 0
0, 27, 14, 13, 1315302278, 1345039507, 2, 0, 12219842, 0
0, 27, 14, 13, 1315302278, 1345039507, 1, 6, 14357, 1
0, 27, 14, 13, 1315302278, 1345039507, 1, 5, 16967, 1
0, 27, 14, 13, 1315302278, 1345039507, 1, 4, 20737, 1
0, 27, 14, 13, 1315302278, 1345039507, 1, 3, 1, 1
0, 27, 14, 13, 1315302278, 1345039507, 1, 2, 1, 1
0, 27, 14, 13, 1315302278, 1345039507, 1, 1, 1, 1
0, 27, 14, 13, 1315302278, 1345039507, 1, 0, 1, 0
0, 27, 14, 13, 1315302278, 1345039507, 0, 6, 1, 1
0, 27, 14, 13, 1315302278, 1345039507, 0, 5, 1, 1
0, 27, 14, 13, 1315302278, 1345039507, 0, 4, 1, 1
0, 27, 14, 13, 1315302278, 1345039507, 0, 3, 1, 1
0, 27, 14, 13, 1315302278, 1345039507, 0, 2, 1, 1
0, 27, 14, 13, 1315302278, 1345039507, 0, 1, 1, 1
0, 28, 14, 13, 1345039508, 1364785766, 5, 6, 3220180, 1
0, 28, 14, 13, 1345039508, 1364785766, 5, 5, 3772211, 1
0, 28, 14, 13, 1345039508, 1364785766, 5, 4, 4552668, 1
0, 28, 14, 13, 1345039508, 1364785766, 5, 3, 2564002, 1
0, 28, 14, 13, 1345039508, 1364785766, 5, 2, 1934920, 1
0, 28, 14, 13, 1345039508, 1364785766, 5, 1, 561229, 1
0, 28, 14, 13, 1345039508, 1364785766, 5, 0, 1, 0
0, 28, 14, 13, 1345039508, 1364785766, 4, 6, 3883158, 1
0, 28, 14, 13, 1345039508, 1364785766, 4, 5, 4552668, 1
0, 28, 14, 13, 1345039508, 1364785766, 4, 4, 5501141, 1
0, 28, 14, 13, 1345039508, 1364785766, 4, 3, 3103791, 1
0, 28, 14, 13, 1345039508, 1364785766, 4, 2, 2349546, 1
0, 28, 14, 13, 1345039508, 1364785766, 4, 1, 685946, 1
0, 28, 14, 13, 1345039508, 1364785766, 4, 0, 1, 0
0, 28, 14, 13, 1345039508, 1364785766, 3, 6, 4889903, 1
0, 28, 14, 13, 1345039508, 1364785766, 3, 5, 5740321, 1
0, 28, 14, 13, 1345039508, 1364785766, 3, 4, 6948809, 1
0, 28, 14, 13, 1345039508, 1364785766, 3, 3, 3931469, 1
0, 28, 14, 13, 1345039508, 1364785766, 3, 2, 2990331, 1
0, 28, 14, 13, 1345039508, 1364785766, 3, 1, 881931, 1
0, 28, 14, 13, 1345039508, 1364785766, 3, 0, 1, 0
0, 28, 14, 13, 1345039508, 1364785766, 2, 6, 6601369, 1
0, 28, 14, 13, 1345039508, 1364785766, 2, 5, 7766316, 1
0, 28, 14, 13, 1345039508, 1364785766, 2, 4, 9430527, 1
0, 28, 14, 13, 1345039508, 1364785766, 2, 3, 5361094, 1
0, 28, 14, 13, 1345039508, 1364785766, 2, 2, 4111705, 1
0, 28, 14, 13, 1345039508, 1364785766, 2, 1, 1234703, 1
0, 28, 14, 13, 1345039508, 1364785766, 2, 0, 1, 0
0, 28, 14, 13, 1345039508, 1364785766, 1, 6, 10155952, 1
0, 28, 14, 13, 1345039508, 1364785766, 1, 5, 12002488, 1
0, 28, 14, 13, 1345039508, 1364785766, 1, 4, 14669708, 1
0, 28, 14, 13, 1345039508, 1364785766, 1, 3, 8424575, 1
0, 28, 14, 13, 1345039508, 1364785766, 1, 2, 6578728, 1
0, 28, 14, 13, 1345039508, 1364785766, 1, 1, 2057837, 1
0, 28, 14, 13, 1345039508, 1364785766, 1, 0, 1, 0
0, 28, 14, 13, 1345039508, 1364785766, 0, 6, 17551207, 1
0, 28, 14, 13, 1345039508, 1364785766, 0, 5, 21061448, 1
0, 28, 14, 13, 1345039508, 1364785766, 0, 4, 26326810, 1
0, 28, 14, 13, 1345039508, 1364785766, 0, 3, 10750633, 1
0, 28, 14, 13, 1345039508, 1364785766, 0, 2, 3086756, 1
0, 28, 14, 13, 1345039508, 1364785766, 0, 1, 6173511, 1
0, 29, 14, 13, 1364785767, 1414311957, 5, 6, 7547766, 0
0, 29, 14, 13, 1364785767, 1414311957, 5, 5, 7191442, 0
0, 29, 14, 13, 1364785767, 1414311957, 5, 4, 8679327, 0
0, 29, 14, 13, 1364785767, 1414311957, 5, 3, 10313579, 0
0, 29, 14, 13, 1364785767, 1414311957, 5, 2, 7473747, 0
0, 29, 14, 13, 1364785767, 1414311957, 5, 1, 9905341, 0
0, 29, 14, 13, 1364785767, 1414311957, 5, 0, 21791751, 0
0, 29, 14, 13, 1364785767, 1414311957, 4, 6, 2657089, 1
0, 29, 14, 13, 1364785767, 1414311957, 4, 5, 1123556, 1
0, 29, 14, 13, 1364785767, 1414311957, 4, 4, 1357629, 1
0, 29, 14, 13, 1364785767, 1414311957, 4, 3, 952366, 1
0, 29, 14, 13, 1364785767, 1414311957, 4, 2, 1292496, 1
0, 29, 14, 13, 1364785767, 1414311957, 4, 1, 1, 1
0, 29, 14, 13, 1364785767, 1414311957, 4, 0, 1, 0
0, 29, 14, 13, 1364785767, 1414311957, 3, 6, 2342013, 1
0, 29, 14, 13, 1364785767, 1414311957, 3, 5, 1416657, 1
0, 29, 14, 13, 1364785767, 1414311957, 3, 4, 1714900, 1
0, 29, 14, 13, 1364785767, 1414311957, 3, 3, 1206330, 1
0, 29, 14, 13, 1364785767, 1414311957, 3, 2, 1644995, 1
0, 29, 14, 13, 1364785767, 1414311957, 3, 1, 1, 1
0, 29, 14, 13, 1364785767, 1414311957, 3, 0, 1, 0
0, 29, 14, 13, 1364785767, 1414311957, 2, 6, 3161718, 1
0, 29, 14, 13, 1364785767, 1414311957, 2, 5, 1916653, 1
0, 29, 14, 13, 1364785767, 1414311957, 2, 4, 2327364, 1
0, 29, 14, 13, 1364785767, 1414311957, 2, 3, 1644995, 1
0, 29, 14, 13, 1364785767, 1414311957, 2, 2, 2261868, 1
0, 29, 14, 13, 1364785767, 1414311957, 2, 1, 1, 1
0, 29, 14, 13, 1364785767, 1414311957, 2, 0, 1, 0
0, 29, 14, 13, 1364785767, 1414311957, 1, 6, 4864181, 1
0, 29, 14, 13, 1364785767, 1414311957, 1, 5, 2962100, 1
0, 29, 14, 13, 1364785767, 1414311957, 1, 4, 3620344, 1
0, 29, 14, 13, 1364785767, 1414311957, 1, 3, 2584992, 1
0, 29, 14, 13, 1364785767, 1414311957, 1, 2, 3618988, 1
0, 29, 14, 13, 1364785767, 1414311957, 1, 1, 1, 1
0, 29, 14, 13, 1364785767, 1414311957, 1, 0, 1, 0
0, 29, 14, 13, 1364785767, 1414311957, 0, 6, 6783250, 1
0, 29, 14, 13, 1364785767, 1414311957, 0, 5, 6516620, 1
0, 29, 14, 13, 1364785767, 1414311957, 0, 4, 8145774, 1
0, 29, 14, 13, 1364785767, 1414311957, 0, 3, 6031646, 1
0, 29, 14, 13, 1364785767, 1414311957, 0, 2, 9047469, 1
0, 29, 14, 13, 1364785767, 1414311957, 0, 1, 1, 1
0, 30, 14, 13, 1414311958, 1440163171, 5, 6, 45704128, 0
0, 30, 14, 13, 1414311958, 1440163171, 5, 5, 43797367, 0
0, 30, 14, 13, 1414311958, 1440163171, 5, 4, 39665846, 0
0, 30, 14, 13, 1414311958, 1440163171, 5, 3, 39135987, 0
0, 30, 14, 13, 1414311958, 1440163171, 5, 2, 41088312, 0
0, 30, 14, 13, 1414311958, 1440163171, 5, 1, 32259747, 0
0, 30, 14, 13, 1414311958, 1440163171, 5, 0, 34001674, 0
0, 30, 14, 13, 1414311958, 1440163171, 4, 6, 37193934, 0
0, 30, 14, 13, 1414311958, 1440163171, 4, 5, 36144965, 0
0, 30, 14, 13, 1414311958, 1440163171, 4, 4, 32972803, 0
0, 30, 14, 13, 1414311958, 1440163171, 4, 3, 31676452, 0
0, 30, 14, 13, 1414311958, 1440163171, 4, 2, 28587585, 0
0, 30, 14, 13, 1414311958, 1440163171, 4, 1, 22698323, 0
0, 30, 14, 13, 1414311958, 1440163171, 4, 0, 29280335, 0
0, 30, 14, 13, 1414311958, 1440163171, 3, 6, 32967206, 0
0, 30, 14, 13, 1414311958, 1440163171, 3, 5, 31153987, 0
0, 30, 14, 13, 1414311958, 1440163171, 3, 4, 28521897, 0
0, 30, 14, 13, 1414311958, 1440163171, 3, 3, 27962596, 0
0, 30, 14, 13, 1414311958, 1440163171, 3, 2, 23467264, 0
0, 30, 14, 13, 1414311958, 1440163171, 3, 1, 18736169, 0
0, 30, 14, 13, 1414311958, 1440163171, 3, 0, 26116040, 0
0, 30, 14, 13, 1414311958, 1440163171, 2, 6, 28470335, 0
0, 30, 14, 13, 1414311958, 1440163171, 2, 5, 27420910, 0
0, 30, 14, 13, 1414311958, 1440163171, 2, 4, 23534111, 0
0, 30, 14, 13, 1414311958, 1440163171, 2, 3, 25716983, 0
0, 30, 14, 13, 1414311958, 1440163171, 2, 2, 20901188, 0
0, 30, 14, 13, 1414311958, 1440163171, 2, 1, 17114646, 0
0, 30, 14, 13, 1414311958, 1440163171, 2, 0, 16384085, 0
0, 30, 14, 13, 1414311958, 1440163171, 1, 6, 29189650, 1
0, 30, 14, 13, 1414311958, 1440163171, 1, 5, 28772256, 1
0, 30, 14, 13, 1414311958, 1440163171, 1, 4, 26549397, 1
0, 30, 14, 13, 1414311958, 1440163171, 1, 3, 28702612, 1
0, 30, 14, 13, 1414311958, 1440163171, 1, 2, 26888267, 1
0, 30, 14, 13, 1414311958, 1440163171, 1, 1, 17601687, 1
0, 30, 14, 13, 1414311958, 1440163171, 1, 0, 1, 0
0, 30, 14, 13, 1414311958, 1440163171, 0, 6, 14860918, 1
0, 30, 14, 13, 1414311958, 1440163171, 0, 5, 12291335, 1
0, 30, 14, 13, 1414311958, 1440163171, 0, 4, 6139894, 1
0, 30, 14, 13, 1414311958, 1440163171, 0, 3, 8186526, 1
0, 30, 14, 13, 1414311958, 1440163171, 0, 2, 12279788, 1
0, 30, 14, 13, 1414311958, 1440163171, 0, 1, 1, 1
0, 31, 14, 13, 1440163172, 1544908659, 5, 6, 19791530, 1
0, 31, 14, 13, 1440163172, 1544908659, 5, 5, 18832770, 1
0, 31, 14, 13, 1440163172, 1544908659, 5, 4, 18227016, 1
0, 31, 14, 13, 1440163172, 1544908659, 5, 3, 18663689, 1
0, 31, 14, 13, 1440163172, 1544908659, 5, 2, 18202611, 1
0, 31, 14, 13, 1440163172, 1544908659, 5, 1, 14961479, 1
0, 31, 14, 13, 1440163172, 1544908659, 5, 0, 3197211, 0
0, 31, 14, 13, 1440163172, 1544908659, 4, 6, 14410756, 1
0, 31, 14, 13, 1440163172, 1544908659, 4, 5, 14129963, 1
0, 31, 14, 13, 1440163172, 1544908659, 4, 4, 14468006, 1
0, 31, 14, 13, 1440163172, 1544908659, 4, 3, 13048080, 1
0, 31, 14, 13, 1440163172, 1544908659, 4, 2, 13792365, 1
0, 31, 14, 13, 1440163172, 1544908659, 4, 1, 8501105, 1
0, 31, 14, 13, 1440163172, 1544908659, 4, 0, 1084872, 0
0, 31, 14, 13, 1440163172, 1544908659, 3, 6, 12217969, 1
0, 31, 14, 13, 1440163172, 1544908659, 3, 5, 12018709, 1
0, 31, 14, 13, 1440163172, 1544908659, 3, 4, 11257553, 1
0, 31, 14, 13, 1440163172, 1544908659, 3, 3, 9356800, 1
0, 31, 14, 13, 1440163172, 1544908659, 3, 2, 7775599, 1
0, 31, 14, 13, 1440163172, 1544908659, 3, 1, 4009056, 1
0, 31, 14, 13, 1440163172, 1544908659, 3, 0, 1446496, 0
0, 31, 14, 13, 1440163172, 1544908659, 2, 6, 11472200, 1
0, 31, 14, 13, 1440163172, 1544908659, 2, 5, 12062960, 1
0, 31, 14, 13, 1440163172, 1544908659, 2, 4, 12345646, 1
0, 31, 14, 13, 1440163172, 1544908659, 2, 3, 11592842, 1
0, 31, 14, 13, 1440163172, 1544908659, 2, 2, 9635265, 1
0, 31, 14, 13, 1440163172, 1544908659, 2, 1, 4744781, 1
0, 31, 14, 13, 1440163172, 1544908659, 2, 0, 1, 0
0, 31, 14, 13, 1440163172, 1544908659, 1, 6, 15661299, 1
0, 31, 14, 13, 1440163172, 1544908659, 1, 5, 16293020, 1
0, 31, 14, 13, 1440163172, 1544908659, 1, 4, 18319905, 1
0, 31, 14, 13, 1440163172, 1544908659, 1, 3, 17080197, 1
0, 31, 14, 13, 1440163172, 1544908659, 1, 2, 15416424, 1
0, 31, 14, 13, 1440163172, 1544908659, 1, 1, 7907968, 1
0, 31, 14, 13, 1440163172, 1544908659, 1, 0, 1, 0
0, 31, 14, 13, 1440163172, 1544908659, 0, 6, 23574987, 1
0, 31, 14, 13, 1440163172, 1544908659, 0, 5, 23415251, 1
0, 31, 14, 13, 1440163172, 1544908659, 0, 4, 25683045, 1
0, 31, 14, 13, 1440163172, 1544908659, 0, 3, 19138137, 1
0, 31, 14, 13, 1440163172, 1544908659, 0, 2, 20085821, 1
0, 31, 14, 13, 1440163172, 1544908659, 0, 1, 12159308, 1
0, 32, 14, 13, 1544908660, 1603808913, 5, 6, 74553362, 0
0, 32, 14, 13, 1544908660, 1603808913, 5, 5, 73667168, 0
0, 32, 14, 13, 1544908660, 1603808913, 5, 4, 70059691, 0
0, 32, 14, 13, 1544908660, 1603808913, 5, 3, 74554485, 0
0, 32, 14, 13, 1544908660, 1603808913, 5, 2, 68955501, 0
0, 32, 14, 13, 1544908660, 1603808913, 5, 1, 72497894, 0
0, 32, 14, 13, 1544908660, 1603808913, 5, 0, 86302364, 0
0, 32, 14, 13, 1544908660, 1603808913, 4, 6, 71384818, 0
0, 32, 14, 13, 1544908660, 1603808913, 4, 5, 71129201, 0
0, 32, 14, 13, 1544908660, 1603808913, 4, 4, 67347776, 0
0, 32, 14, 13, 1544908660, 1603808913, 4, 3, 72117579, 0
0, 32, 14, 13, 1544908660, 1603808913, 4, 2, 67266893, 0
0, 32, 14, 13, 1544908660, 1603808913, 4, 1, 68401375, 0
0, 32, 14, 13, 1544908660, 1603808913, 4, 0, 84959972, 0
0, 32, 14, 13, 1544908660, 1603808913, 3, 6, 69185524, 0
0, 32, 14, 13, 1544908660, 1603808913, 3, 5, 68080116, 0
0, 32, 14, 13, 1544908660, 1603808913, 3, 4, 62418522, 0
0, 32, 14, 13, 1544908660, 1603808913, 3, 3, 67073898, 0
0, 32, 14, 13, 1544908660, 1603808913, 3, 2, 60819415, 0
0, 32, 14, 13, 1544908660, 1603808913, 3, 1, 61904026, 0
0, 32, 14, 13, 1544908660, 1603808913, 3, 0, 83944944, 0
0, 32, 14, 13, 1544908660, 1603808913, 2, 6, 68111218, 0
0, 32, 14, 13, 1544908660, 1603808913, 2, 5, 67551989, 0
0, 32, 14, 13, 1544908660, 1603808913, 2, 4, 61968644, 0
0, 32, 14, 13, 1544908660, 1603808913, 2, 3, 65351737, 0
0, 32, 14, 13, 1544908660, 1603808913, 2, 2, 62538788, 0
0, 32, 14, 13, 1544908660, 1603808913, 2, 1, 71739742, 0
0, 32, 14, 13, 1544908660, 1603808913, 2, 0, 88602680, 0
0, 32, 14, 13, 1544908660, 1603808913, 1, 6, 72223292, 0
0, 32, 14, 13, 1544908660, 1603808913, 1, 5, 75427585, 0
0, 32, 14, 13, 1544908660, 1603808913, 1, 4, 71974748, 0
0, 32, 14, 13, 1544908660, 1603808913, 1, 3, 71297259, 0
0, 32, 14, 13, 1544908660, 1603808913, 1, 2, 69354955, 0
0, 32, 14, 13, 1544908660, 1603808913, 1, 1, 68387728, 0
0, 32, 14, 13, 1544908660, 1603808913, 1, 0, 87467838, 0
0, 32, 14, 13, 1544908660, 1603808913, 0, 6, 55845801, 1
0, 32, 14, 13, 1544908660, 1603808913, 0, 5, 60921119, 1
0, 32, 14, 13, 1544908660, 1603808913, 0, 4, 49631509, 1
0, 32, 14, 13, 1544908660, 1603808913, 0, 3, 50864950, 1
0, 32, 14, 13, 1544908660, 1603808913, 0, 2, 45673603, 1
0, 32, 14, 13, 1544908660, 1603808913, 0, 1, 45988998, 1
0, 33, 14, 13, 1603808914, 1683951626, 5, 6, 42507164, 1
0, 33, 14, 13, 1603808914, 1683951626, 5, 5, 24445796, 1
0, 33, 14, 13, 1603808914, 1683951626, 5, 4, 1, 1
0, 33, 14, 13, 1603808914, 1683951626, 5, 3, 1, 1
0, 33, 14, 13, 1603808914, 1683951626, 5, 2, 1, 1
0, 33, 14, 13, 1603808914, 1683951626, 5, 1, 1, 1
0, 33, 14, 13, 1603808914, 1683951626, 5, 0, 1, 0
0, 33, 14, 13, 1603808914, 1683951626, 4, 6, 42797329, 1
0, 33, 14, 13, 1603808914, 1683951626, 4, 5, 25394648, 1
0, 33, 14, 13, 1603808914, 1683951626, 4, 4, 1, 1
0, 33, 14, 13, 1603808914, 1683951626, 4, 3, 1, 1
0, 33, 14, 13, 1603808914, 1683951626, 4, 2, 1, 1
0, 33, 14, 13, 1603808914, 1683951626, 4, 1, 1, 1
0, 33, 14, 13, 1603808914, 1683951626, 4, 0, 1, 0
0, 33, 14, 13, 1603808914, 1683951626, 3, 6, 45805590, 1
0, 33, 14, 13, 1603808914, 1683951626, 3, 5, 28085282, 1
0, 33, 14, 13, 1603808914, 1683951626, 3, 4, 1, 1
0, 33, 14, 13, 1603808914, 1683951626, 3, 3, 1, 1
0, 33, 14, 13, 1603808914, 1683951626, 3, 2, 1, 1
0, 33, 14, 13, 1603808914, 1683951626, 3, 1, 1, 1
0, 33, 14, 13, 1603808914, 1683951626, 3, 0, 1, 0
0, 33, 14, 13, 1603808914, 1683951626, 2, 6, 50934416, 1
0, 33, 14, 13, 1603808914, 1683951626, 2, 5, 26834222, 1
0, 33, 14, 13, 1603808914, 1683951626, 2, 4, 1, 1
0, 33, 14, 13, 1603808914, 1683951626, 2, 3, 1, 1
0, 33, 14, 13, 1603808914, 1683951626, 2, 2, 1, 1
0, 33, 14, 13, 1603808914, 1683951626, 2, 1, 1, 1
0, 33, 14, 13, 1603808914, 1683951626, 2, 0, 1, 0
0, 33, 14, 13, 1603808914, 1683951626, 1, 6, 49163759, 1
0, 33, 14, 13, 1603808914, 1683951626, 1, 5, 24218368, 1
0, 33, 14, 13, 1603808914, 1683951626, 1, 4, 1, 1
0, 33, 14, 13, 1603808914, 1683951626, 1, 3, 1, 1
0, 33, 14, 13, 1603808914, 1683951626, 1, 2, 1, 1
0, 33, 14, 13, 1603808914, 1683951626, 1, 1, 1, 1
0, 33, 14, 13, 1603808914, 1683951626, 1, 0, 1, 0
0, 33, 14, 13, 1603808914, 1683951626, 0, 6, 52416754, 1
0, 33, 14, 13, 1603808914, 1683951626, 0, 5, 24944161, 1
0, 33, 14, 13, 1603808914, 1683951626, 0, 4, 1, 1
0, 33, 14, 13, 1603808914, 1683951626, 0, 3, 1, 1
0, 33, 14, 13, 1603808914, 1683951626, 0, 2, 1, 1
0, 33, 14, 13, 1603808914, 1683951626, 0, 1, 1, 1
0, 34, 14, 13, 1683951627, 1730823038, 5, 6, 9935790, 0
0, 34, 14, 13, 1683951627, 1730823038, 5, 5, 8580175, 0
0, 34, 14, 13, 1683951627, 1730823038, 5, 4, 7498014, 0
0, 34, 14, 13, 1683951627, 1730823038, 5, 3, 7569648, 0
0, 34, 14, 13, 1683951627, 1730823038, 5, 2, 6630140, 0
0, 34, 14, 13, 1683951627, 1730823038, 5, 1, 10246579, 0
0, 34, 14, 13, 1683951627, 1730823038, 5, 0, 22542474, 0
0, 34, 14, 13, 1683951627, 1730823038, 4, 6, 6872665, 0
0, 34, 14, 13, 1683951627, 1730823038, 4, 5, 6558732, 0
0, 34, 14, 13, 1683951627, 1730823038, 4, 4, 5065207, 0
0, 34, 14, 13, 1683951627, 1730823038, 4, 3, 4117076, 0
0, 34, 14, 13, 1683951627, 1730823038, 4, 2, 4818750, 0
0, 34, 14, 13, 1683951627, 1730823038, 4, 1, 7495834, 0
0, 34, 14, 13, 1683951627, 1730823038, 4, 0, 16865625, 0
0, 34, 14, 13, 1683951627, 1730823038, 3, 6, 3956287, 0
0, 34, 14, 13, 1683951627, 1730823038, 3, 5, 2754450, 0
0, 34, 14, 13, 1683951627, 1730823038, 3, 4, 1462148, 0
0, 34, 14, 13, 1683951627, 1730823038, 3, 3, 1852054, 0
0, 34, 14, 13, 1683951627, 1730823038, 3, 2, 1547170, 0
0, 34, 14, 13, 1683951627, 1730823038, 3, 1, 2431268, 0
0, 34, 14, 13, 1683951627, 1730823038, 3, 0, 5672957, 0
0, 34, 14, 13, 1683951627, 1730823038, 2, 6, 2629521, 0
0, 34, 14, 13, 1683951627, 1730823038, 2, 5, 3093554, 0
0, 34, 14, 13, 1683951627, 1730823038, 2, 4, 1215634, 0
0, 34, 14, 13, 1683951627, 1730823038, 2, 3, 1547170, 0
0, 34, 14, 13, 1683951627, 1730823038, 2, 2, 2127359, 0
0, 34, 14, 13, 1683951627, 1730823038, 2, 1, 3403774, 0
0, 34, 14, 13, 1683951627, 1730823038, 2, 0, 8509435, 0
0, 34, 14, 13, 1683951627, 1730823038, 1, 6, 673823, 0
0, 34, 14, 13, 1683951627, 1730823038, 1, 5, 796336, 0
0, 34, 14, 13, 1683951627, 1730823038, 1, 4, 973300, 0
0, 34, 14, 13, 1683951627, 1730823038, 1, 3, 1251385, 0
0, 34, 14, 13, 1683951627, 1730823038, 1, 2, 1751939, 0
0, 34, 14, 13, 1683951627, 1730823038, 1, 1, 2919898, 0
0, 34, 14, 13, 1683951627, 1730823038, 1, 0, 8759693, 0
0, 34, 14, 13, 1683951627, 1730823038, 0, 6, 1, 1
0, 34, 14, 13, 1683951627, 1730823038, 0, 5, 1, 1
0, 34, 14, 13, 1683951627, 1730823038, 0, 4, 1, 1
0, 34, 14, 13, 1683951627, 1730823038, 0, 3, 1, 1
0, 34, 14, 13, 1683951627, 1730823038, 0, 2, 1, 1
0, 34, 14, 13, 1683951627, 1730823038, 0, 1, 1, 1
0, 35, 14, 13, 1730823039, 1751601937, 5, 6, 10229098, 0
0, 35, 14, 13, 1730823039, 1751601937, 5, 5, 7923544, 0
0, 35, 14, 13, 1730823039, 1751601937, 5, 4, 9127783, 0
0, 35, 14, 13, 1730823039, 1751601937, 5, 3, 8059117, 0
0, 35, 14, 13, 1730823039, 1751601937, 5, 2, 8646321, 0
0, 35, 14, 13, 1730823039, 1751601937, 5, 1, 7448381, 0
0, 35, 14, 13, 1730823039, 1751601937, 5, 0, 16386438, 0
0, 35, 14, 13, 1730823039, 1751601937, 4, 6, 3094333, 0
0, 35, 14, 13, 1730823039, 1751601937, 4, 5, 1771197, 0
0, 35, 14, 13, 1730823039, 1751601937, 4, 4, 1631895, 0
0, 35, 14, 13, 1730823039, 1751601937, 4, 3, 2061341, 0
0, 35, 14, 13, 1730823039, 1751601937, 4, 2, 2571222, 0
0, 35, 14, 13, 1730823039, 1751601937, 4, 1, 1397839, 0
0, 35, 14, 13, 1730823039, 1751601937, 4, 0, 3145138, 0
0, 35, 14, 13, 1730823039, 1751601937, 3, 6, 3103084, 1
0, 35, 14, 13, 1730823039, 1751601937, 3, 5, 1301768, 1
0, 35, 14, 13, 1730823039, 1751601937, 3, 4, 1399207, 1
0, 35, 14, 13, 1730823039, 1751601937, 3, 3, 1772329, 1
0, 35, 14, 13, 1730823039, 1751601937, 3, 2, 2128778, 1
0, 35, 14, 13, 1730823039, 1751601937, 3, 1, 1, 1
0, 35, 14, 13, 1730823039, 1751601937, 3, 0, 1, 0
0, 35, 14, 13, 1730823039, 1751601937, 2, 6, 1497033, 1
0, 35, 14, 13, 1730823039, 1751601937, 2, 5, 1761215, 1
0, 35, 14, 13, 1730823039, 1751601937, 2, 4, 1898924, 1
0, 35, 14, 13, 1730823039, 1751601937, 2, 3, 2416812, 1
0, 35, 14, 13, 1730823039, 1751601937, 2, 2, 2927069, 1
0, 35, 14, 13, 1730823039, 1751601937, 2, 1, 1, 1
0, 35, 14, 13, 1730823039, 1751601937, 2, 0, 1, 0
0, 35, 14, 13, 1730823039, 1751601937, 1, 6, 243722, 1
0, 35, 14, 13, 1730823039, 1751601937, 1, 5, 288035, 1
0, 35, 14, 13, 1730823039, 1751601937, 1, 4, 352043, 1
0, 35, 14, 13, 1730823039, 1751601937, 1, 3, 452626, 1
0, 35, 14, 13, 1730823039, 1751601937, 1, 2, 1, 1
0, 35, 14, 13, 1730823039, 1751601937, 1, 1, 1, 1
0, 35, 14, 13, 1730823039, 1751601937, 1, 0, 1, 0
0, 35, 14, 13, 1730823039, 1751601937, 0, 6, 528064, 1
0, 35, 14, 13, 1730823039, 1751601937, 0, 5, 633676, 1
0, 35, 14, 13, 1730823039, 1751601937, 0, 4, 792095, 1
0, 35, 14, 13, 1730823039, 1751601937, 0, 3, 1056127, 1
0, 35, 14, 13, 1730823039, 1751601937, 0, 2, 1, 1
0, 35, 14, 13, 1730823039, 1751601937, 0, 1, 1, 1
0, 36, 14, 13, 1751601938, 1787272401, 5, 6, 21086709, 0
0, 36, 14, 13, 1751601938, 1787272401, 5, 5, 19457355, 0
0, 36, 14, 13, 1751601938, 1787272401, 5, 4, 20086382, 0
0, 36, 14, 13, 1751601938, 1787272401, 5, 3, 22248492, 0
0, 36, 14, 13, 1751601938, 1787272401, 5, 2, 24015514, 0
0, 36, 14, 13, 1751601938, 1787272401, 5, 1, 29695389, 1
0, 36, 14, 13, 1751601938, 1787272401, 5, 0, 38093178, 0
0, 36, 14, 13, 1751601938, 1787272401, 4, 6, 21732156, 0
0, 36, 14, 13, 1751601938, 1787272401, 4, 5, 19787181, 0
0, 36, 14, 13, 1751601938, 1787272401, 4, 4, 19805246, 0
0, 36, 14, 13, 1751601938, 1787272401, 4, 3, 21400843, 0
0, 36, 14, 13, 1751601938, 1787272401, 4, 2, 24524263, 0
0, 36, 14, 13, 1751601938, 1787272401, 4, 1, 29080582, 1
0, 36, 14, 13, 1751601938, 1787272401, 4, 0, 39731238, 0
0, 36, 14, 13, 1751601938, 1787272401, 3, 6, 20468463, 0
0, 36, 14, 13, 1751601938, 1787272401, 3, 5, 17877710, 0
0, 36, 14, 13, 1751601938, 1787272401, 3, 4, 16967708, 0
0, 36, 14, 13, 1751601938, 1787272401, 3, 3, 19800785, 0
0, 36, 14, 13, 1751601938, 1787272401, 3, 2, 23124903, 0
0, 36, 14, 13, 1751601938, 1787272401, 3, 1, 27844114, 1
0, 36, 14, 13, 1751601938, 1787272401, 3, 0, 42601845, 0
0, 36, 14, 13, 1751601938, 1787272401, 2, 6, 18327448, 0
0, 36, 14, 13, 1751601938, 1787272401, 2, 5, 15317394, 0
0, 36, 14, 13, 1751601938, 1787272401, 2, 4, 14028583, 0
0, 36, 14, 13, 1751601938, 1787272401, 2, 3, 15547771, 0
0, 36, 14, 13, 1751601938, 1787272401, 2, 2, 21378185, 0
0, 36, 14, 13, 1751601938, 1787272401, 2, 1, 27936751, 1
0, 36, 14, 13, 1751601938, 1787272401, 2, 0, 36290247, 0
0, 36, 14, 13, 1751601938, 1787272401, 1, 6, 18471967, 0
0, 36, 14, 13, 1751601938, 1787272401, 1, 5, 15379681, 0
0, 36, 14, 13, 1751601938, 1787272401, 1, 4, 15056762, 0
0, 36, 14, 13, 1751601938, 1787272401, 1, 3, 15733740, 0
0, 36, 14, 13, 1751601938, 1787272401, 1, 2, 22027235, 0
0, 36, 14, 13, 1751601938, 1787272401, 1, 1, 30258544, 0
0, 36, 14, 13, 1751601938, 1787272401, 1, 0, 47343462, 0
0, 36, 14, 13, 1751601938, 1787272401, 0, 6, 15519752, 1
0, 36, 14, 13, 1751601938, 1787272401, 0, 5, 11508122, 1
0, 36, 14, 13, 1751601938, 1787272401, 0, 4, 14385152, 1
0, 36, 14, 13, 1751601938, 1787272401, 0, 3, 18968258, 1
0, 36, 14, 13, 1751601938, 1787272401, 0, 2, 28452387, 1
0, 36, 14, 13, 1751601938, 1787272401, 0, 1, 43432170, 1
0, 37, 14, 13, 1787272402, 1811557929, 5, 6, 63768019, 0
0, 37, 14, 13, 1787272402, 1811557929, 5, 5, 65316180, 0
0, 37, 14, 13, 1787272402, 1811557929, 5, 4, 66854280, 0
0, 37, 14, 13, 1787272402, 1811557929, 5, 3, 65405060, 0
0, 37, 14, 13, 1787272402, 1811557929, 5, 2, 68610694, 0
0, 37, 14, 13, 1787272402, 1811557929, 5, 1, 74372446, 0
0, 37, 14, 13, 1787272402, 1811557929, 5, 0, 75284640, 0
0, 37, 14, 13, 1787272402, 1811557929, 4, 6, 54552775, 0
0, 37, 14, 13, 1787272402, 1811557929, 4, 5, 56620716, 0
0, 37, 14, 13, 1787272402, 1811557929, 4, 4, 56819892, 0
0, 37, 14, 13, 1787272402, 1811557929, 4, 3, 56473361, 0
0, 37, 14, 13, 1787272402, 1811557929, 4, 2, 62773818, 0
0, 37, 14, 13, 1787272402, 1811557929, 4, 1, 58949840, 0
0, 37, 14, 13, 1787272402, 1811557929, 4, 0, 58162257, 0
0, 37, 14, 13, 1787272402, 1811557929, 3, 6, 51100920, 0
0, 37, 14, 13, 1787272402, 1811557929, 3, 5, 51727692, 0
0, 37, 14, 13, 1787272402, 1811557929, 3, 4, 50815599, 0
0, 37, 14, 13, 1787272402, 1811557929, 3, 3, 48445199, 0
0, 37, 14, 13, 1787272402, 1811557929, 3, 2, 53583865, 0
0, 37, 14, 13, 1787272402, 1811557929, 3, 1, 52922178, 0
0, 37, 14, 13, 1787272402, 1811557929, 3, 0, 57401973, 0
0, 37, 14, 13, 1787272402, 1811557929, 2, 6, 44183678, 0
0, 37, 14, 13, 1787272402, 1811557929, 2, 5, 44326552, 0
0, 37, 14, 13, 1787272402, 1811557929, 2, 4, 41560438, 0
0, 37, 14, 13, 1787272402, 1811557929, 2, 3, 40283636, 0
0, 37, 14, 13, 1787272402, 1811557929, 2, 2, 47925107, 0
0, 37, 14, 13, 1787272402, 1811557929, 2, 1, 44344001, 0
0, 37, 14, 13, 1787272402, 1811557929, 2, 0, 56700577, 0
0, 37, 14, 13, 1787272402, 1811557929, 1, 6, 28072515, 0
0, 37, 14, 13, 1787272402, 1811557929, 1, 5, 27944275, 0
0, 37, 14, 13, 1787272402, 1811557929, 1, 4, 25993325, 0
0, 37, 14, 13, 1787272402, 1811557929, 1, 3, 25553971, 0
0, 37, 14, 13, 1787272402, 1811557929, 1, 2, 35775559, 0
0, 37, 14, 13, 1787272402, 1811557929, 1, 1, 33009427, 0
0, 37, 14, 13, 1787272402, 1811557929, 1, 0, 50102668, 0
0, 37, 14, 13, 1787272402, 1811557929, 0, 6, 11148475, 1
0, 37, 14, 13, 1787272402, 1811557929, 0, 5, 10563512, 1
0, 37, 14, 13, 1787272402, 1811557929, 0, 4, 5453746, 1
0, 37, 14, 13, 1787272402, 1811557929, 0, 3, 7271661, 1
0, 37, 14, 13, 1787272402, 1811557929, 0, 2, 10907491, 1
0, 37, 14, 13, 1787272402, 1811557929, 0, 1, 1, 1
0, 38, 14, 13, 1811557930, 1928867723, 5, 6, 41247428, 0
0, 38, 14, 13, 1811557930, 1928867723, 5, 5, 35076668, 0
0, 38, 14, 13, 1811557930, 1928867723, 5, 4, 39152159, 0
0, 38, 14, 13, 1811557930, 1928867723, 5, 3, 35132616, 0
0, 38, 14, 13, 1811557930, 1928867723, 5, 2, 42714904, 0
0, 38, 14, 13, 1811557930, 1928867723, 5, 1, 42154385, 0
0, 38, 14, 13, 1811557930, 1928867723, 5, 0, 49853836, 0
0, 38, 14, 13, 1811557930, 1928867723, 4, 6, 33641006, 0
0, 38, 14, 13, 1811557930, 1928867723, 4, 5, 31079843, 0
0, 38, 14, 13, 1811557930, 1928867723, 4, 4, 33710194, 0
0, 38, 14, 13, 1811557930, 1928867723, 4, 3, 31441904, 0
0, 38, 14, 13, 1811557930, 1928867723, 4, 2, 36821385, 0
0, 38, 14, 13, 1811557930, 1928867723, 4, 1, 28116029, 0
0, 38, 14, 13, 1811557930, 1928867723, 4, 0, 41023057, 0
0, 38, 14, 13, 1811557930, 1928867723, 3, 6, 30607544, 1
0, 38, 14, 13, 1811557930, 1928867723, 3, 5, 26763387, 1
0, 38, 14, 13, 1811557930, 1928867723, 3, 4, 27773547, 1
0, 38, 14, 13, 1811557930, 1928867723, 3, 3, 24377166, 1
0, 38, 14, 13, 1811557930, 1928867723, 3, 2, 25796427, 1
0, 38, 14, 13, 1811557930, 1928867723, 3, 1, 17930947, 1
0, 38, 14, 13, 1811557930, 1928867723, 3, 0, 14898219, 0
0, 38, 14, 13, 1811557930, 1928867723, 2, 6, 31347373, 0
0, 38, 14, 13, 1811557930, 1928867723, 2, 5, 28034590, 0
0, 38, 14, 13, 1811557930, 1928867723, 2, 4, 30983088, 1
0, 38, 14, 13, 1811557930, 1928867723, 2, 3, 27688704, 0
0, 38, 14, 13, 1811557930, 1928867723, 2, 2, 35470087, 1
0, 38, 14, 13, 1811557930, 1928867723, 2, 1, 25103325, 0
0, 38, 14, 13, 1811557930, 1928867723, 2, 0, 22347329, 0
0, 38, 14, 13, 1811557930, 1928867723, 1, 6, 32891209, 1
0, 38, 14, 13, 1811557930, 1928867723, 1, 5, 32309661, 1
0, 38, 14, 13, 1811557930, 1928867723, 1, 4, 36423646, 1
0, 38, 14, 13, 1811557930, 1928867723, 1, 3, 28375046, 1
0, 38, 14, 13, 1811557930, 1928867723, 1, 2, 39725064, 1
0, 38, 14, 13, 1811557930, 1928867723, 1, 1, 20534231, 1
0, 38, 14, 13, 1811557930, 1928867723, 1, 0, 16420190, 0
0, 38, 14, 13, 1811557930, 1928867723, 0, 6, 17922328, 1
0, 38, 14, 13, 1811557930, 1928867723, 0, 5, 20506970, 1
0, 38, 14, 13, 1811557930, 1928867723, 0, 4, 25633713, 1
0, 38, 14, 13, 1811557930, 1928867723, 0, 3, 19279660, 1
0, 38, 14, 13, 1811557930, 1928867723, 0, 2, 28919490, 1
0, 38, 14, 13, 1811557930, 1928867723, 0, 1, 20567260, 1
0, 39, 14, 13, 1928867724, 1965040127, 5, 6, 33355784, 0
0, 39, 14, 13, 1928867724, 1965040127, 5, 5, 36578357, 0
0, 39, 14, 13, 1928867724, 1965040127, 5, 4, 34670401, 0
0, 39, 14, 13, 1928867724, 1965040127, 5, 3, 34751432, 0
0, 39, 14, 13, 1928867724, 1965040127, 5, 2, 28015308, 0
0, 39, 14, 13, 1928867724, 1965040127, 5, 1, 28284110, 0
0, 39, 14, 13, 1928867724, 1965040127, 5, 0, 32135447, 0
0, 39, 14, 13, 1928867724, 1965040127, 4, 6, 34845185, 0
0, 39, 14, 13, 1928867724, 1965040127, 4, 5, 39074424, 0
0, 39, 14, 13, 1928867724, 1965040127, 4, 4, 35764892, 0
0, 39, 14, 13, 1928867724, 1965040127, 4, 3, 36220175, 0
0, 39, 14, 13, 1928867724, 1965040127, 4, 2, 31196613, 0
0, 39, 14, 13, 1928867724, 1965040127, 4, 1, 30179728, 0
0, 39, 14, 13, 1928867724, 1965040127, 4, 0, 30292395, 0
0, 39, 14, 13, 1928867724, 1965040127, 3, 6, 28823096, 0
0, 39, 14, 13, 1928867724, 1965040127, 3, 5, 32133402, 0
0, 39, 14, 13, 1928867724, 1965040127, 3, 4, 28358427, 0
0, 39, 14, 13, 1928867724, 1965040127, 3, 3, 28890384, 0
0, 39, 14, 13, 1928867724, 1965040127, 3, 2, 23175996, 0
0, 39, 14, 13, 1928867724, 1965040127, 3, 1, 24350912, 0
0, 39, 14, 13, 1928867724, 1965040127, 3, 0, 31797355, 0
0, 39, 14, 13, 1928867724, 1965040127, 2, 6, 27479209, 0
0, 39, 14, 13, 1928867724, 1965040127, 2, 5, 30025226, 0
0, 39, 14, 13, 1928867724, 1965040127, 2, 4, 27344074, 0
0, 39, 14, 13, 1928867724, 1965040127, 2, 3, 29250233, 0
0, 39, 14, 13, 1928867724, 1965040127, 2, 2, 23352744, 0
0, 39, 14, 13, 1928867724, 1965040127, 2, 1, 34091276, 0
0, 39, 14, 13, 1928867724, 1965040127, 2, 0, 47696032, 0
0, 39, 14, 13, 1928867724, 1965040127, 1, 6, 18086311, 1
0, 39, 14, 13, 1928867724, 1965040127, 1, 5, 21221068, 1
0, 39, 14, 13, 1928867724, 1965040127, 1, 4, 18331854, 1
0, 39, 14, 13, 1928867724, 1965040127, 1, 3, 14846030, 1
0, 39, 14, 13, 1928867724, 1965040127, 1, 2, 13169776, 0
0, 39, 14, 13, 1928867724, 1965040127, 1, 1, 17735826, 0
0, 39, 14, 13, 1928867724, 1965040127, 1, 0, 11605909, 0
0, 39, 14, 13, 1928867724, 1965040127, 0, 6, 19711109, 1
0, 39, 14, 13, 1928867724, 1965040127, 0, 5, 23315271, 1
0, 39, 14, 13, 1928867724, 1965040127, 0, 4, 23307568, 1
0, 39, 14, 13, 1928867724, 1965040127, 0, 3, 16904910, 1
0, 39, 14, 13, 1928867724, 1965040127, 0, 2, 6320700, 1
0, 39, 14, 13, 1928867724, 1965040127, 0, 1, 1, 1
0, 40, 14, 13, 1965040128, 2144197249, 5, 6, 1638381, 0
0, 40, 14, 13, 1965040128, 2144197249, 5, 5, 1919247, 0
0, 40, 14, 13, 1965040128, 2144197249, 5, 4, 2316332, 0
0, 40, 14, 13, 1965040128, 2144197249, 5, 3, 2920592, 0
0, 40, 14, 13, 1965040128, 2144197249, 5, 2, 2137244, 1
0, 40, 14, 13, 1965040128, 2144197249, 5, 1, 2430142, 0
0, 40, 14, 13, 1965040128, 2144197249, 5, 0, 4043325, 0
0, 40, 14, 13, 1965040128, 2144197249, 4, 6, 1975695, 0
0, 40, 14, 13, 1965040128, 2144197249, 4, 5, 2316332, 0
0, 40, 14, 13, 1965040128, 2144197249, 4, 4, 2798901, 0
0, 40, 14, 13, 1965040128, 2144197249, 4, 3, 3535454, 0
0, 40, 14, 13, 1965040128, 2144197249, 4, 2, 2595225, 0
0, 40, 14, 13, 1965040128, 2144197249, 4, 1, 2970174, 0
0, 40, 14, 13, 1965040128, 2144197249, 4, 0, 5054156, 0
0, 40, 14, 13, 1965040128, 2144197249, 3, 6, 1345673, 0
0, 40, 14, 13, 1965040128, 2144197249, 3, 5, 1579702, 0
0, 40, 14, 13, 1965040128, 2144197249, 3, 4, 1912271, 0
0, 40, 14, 13, 1965040128, 2144197249, 3, 3, 2422210, 0
0, 40, 14, 13, 1965040128, 2144197249, 3, 2, 3303014, 0
0, 40, 14, 13, 1965040128, 2144197249, 3, 1, 3818795, 0
0, 40, 14, 13, 1965040128, 2144197249, 3, 0, 6738874, 0
0, 40, 14, 13, 1965040128, 2144197249, 2, 6, 1816658, 0
0, 40, 14, 13, 1965040128, 2144197249, 2, 5, 2137244, 0
0, 40, 14, 13, 1965040128, 2144197249, 2, 4, 2595225, 0
0, 40, 14, 13, 1965040128, 2144197249, 2, 3, 3303014, 0
0, 40, 14, 13, 1965040128, 2144197249, 2, 2, 4541644, 0
0, 40, 14, 13, 1965040128, 2144197249, 2, 1, 5346312, 0
0, 40, 14, 13, 1965040128, 2144197249, 2, 0, 10108311, 0
0, 40, 14, 13, 1965040128, 2144197249, 1, 6, 1531941, 0
0, 40, 14, 13, 1965040128, 2144197249, 1, 5, 1810476, 0
0, 40, 14, 13, 1965040128, 2144197249, 1, 4, 2212804, 0
0, 40, 14, 13, 1965040128, 2144197249, 1, 3, 2845034, 0
0, 40, 14, 13, 1965040128, 2144197249, 1, 2, 3983047, 1
0, 40, 14, 13, 1965040128, 2144197249, 1, 1, 3437882, 0
0, 40, 14, 13, 1965040128, 2144197249, 1, 0, 3798708, 0
0, 40, 14, 13, 1965040128, 2144197249, 0, 6, 1600265, 1
0, 40, 14, 13, 1965040128, 2144197249, 0, 5, 1920318, 1
0, 40, 14, 13, 1965040128, 2144197249, 0, 4, 2400397, 1
0, 40, 14, 13, 1965040128, 2144197249, 0, 3, 3200529, 1
0, 40, 14, 13, 1965040128, 2144197249, 0, 2, 4800794, 1
0, 40, 14, 13, 1965040128, 2144197249, 0, 1, 1, 1
0, 41, 14, 13, 2144197250, 2196025834, 5, 6, 29742384, 1
0, 41, 14, 13, 2144197250, 2196025834, 5, 5, 26045247, 1
0, 41, 14, 13, 2144197250, 2196025834, 5, 4, 26262274, 1
0, 41, 14, 13, 2144197250, 2196025834, 5, 3, 23005964, 1
0, 41, 14, 13, 2144197250, 2196025834, 5, 2, 12627106, 1
0, 41, 14, 13, 2144197250, 2196025834, 5, 1, 8637588, 1
0, 41, 14, 13, 2144197250, 2196025834, 5, 0, 1, 0
0, 41, 14, 13, 2144197250, 2196025834, 4, 6, 31337851, 1
0, 41, 14, 13, 2144197250, 2196025834, 4, 5, 26125270, 1
0, 41, 14, 13, 2144197250, 2196025834, 4, 4, 25318964, 1
0, 41, 14, 13, 2144197250, 2196025834, 4, 3, 23613286, 1
0, 41, 14, 13, 2144197250, 2196025834, 4, 2, 15332914, 1
0, 41, 14, 13, 2144197250, 2196025834, 4, 1, 10557052, 1
0, 41, 14, 13, 2144197250, 2196025834, 4, 0, 1, 0
0, 41, 14, 13, 2144197250, 2196025834, 3, 6, 27472173, 1
0, 41, 14, 13, 2144197250, 2196025834, 3, 5, 21585998, 1
0, 41, 14, 13, 2144197250, 2196025834, 3, 4, 21058054, 1
0, 41, 14, 13, 2144197250, 2196025834, 3, 3, 20641801, 1
0, 41, 14, 13, 2144197250, 2196025834, 3, 2, 11655003, 1
0, 41, 14, 13, 2144197250, 2196025834, 3, 1, 11335965, 1
0, 41, 14, 13, 2144197250, 2196025834, 3, 0, 1, 0
0, 41, 14, 13, 2144197250, 2196025834, 2, 6, 28686582, 1
0, 41, 14, 13, 2144197250, 2196025834, 2, 5, 22380038, 1
0, 41, 14, 13, 2144197250, 2196025834, 2, 4, 20291838, 1
0, 41, 14, 13, 2144197250, 2196025834, 2, 3, 19038016, 1
0, 41, 14, 13, 2144197250, 2196025834, 2, 2, 9798079, 1
0, 41, 14, 13, 2144197250, 2196025834, 2, 1, 9147365, 1
0, 41, 14, 13, 2144197250, 2196025834, 2, 0, 1, 0
0, 41, 14, 13, 2144197250, 2196025834, 1, 6, 31937876, 1
0, 41, 14, 13, 2144197250, 2196025834, 1, 5, 25114970, 1
0, 41, 14, 13, 2144197250, 2196025834, 1, 4, 23355749, 1
0, 41, 14, 13, 2144197250, 2196025834, 1, 3, 19362028, 1
0, 41, 14, 13, 2144197250, 2196025834, 1, 2, 8383536, 1
0, 41, 14, 13, 2144197250, 2196025834, 1, 1, 8435505, 1
0, 41, 14, 13, 2144197250, 2196025834, 1, 0, 1, 0
0, 41, 14, 13, 2144197250, 2196025834, 0, 6, 29537263, 1
0, 41, 14, 13, 2144197250, 2196025834, 0, 5, 22084396, 1
0, 41, 14, 13, 2144197250, 2196025834, 0, 4, 23079945, 1
0, 41, 14, 13, 2144197250, 2196025834, 0, 3, 18980798, 1
0, 41, 14, 13, 2144197250, 2196025834, 0, 2, 8305584, 1
0, 41, 14, 13, 2144197250, 2196025834, 0, 1, 1, 1
