1,1.0,99970791.0,2084139725.6125085
2,99970792.0,140558544.0,3319017112.457164
3,140558545.0,174961024.0,3111691785.000321
4,174961025.0,207721355.0,3280164464.4475517
5,207721356.0,274978504.0,3072977817.777489
6,274978505.0,302407984.0,3348287957.586345
7,302407985.0,419912582.0,3187127123.3708057
8,419912583.0,451594369.0,3773097832.7784224
9,451594370.0,519551139.0,3678073446.0290737
10,519551140.0,562772873.0,3904188103.815358
11,562772874.0,675297519.0,3761510722.324773
12,675297520.0,715876356.0,3902156015.893863
13,715876357.0,736183246.0,3681212092.610779
14,736183247.0,775749167.0,3851000502.6521897
15,775749168.0,807920045.0,3688196571.1871924
16,807920046.0,848870755.0,3544501976.278346
17,848870756.0,944459169.0,3819184004.7105503
18,944459170.0,968397454.0,3775670613.0804605
19,968397455.0,1007208032.0,3600439446.2736373
20,1007208033.0,1105306057.0,3678519157.7476997
21,1105306058.0,1136837973.0,3931942218.8149056
22,1136837974.0,1165651105.0,3748840738.4388695
23,1165651106.0,1204684129.0,3466402867.2495847
24,1204684130.0,1253706224.0,3246561168.119356
25,1253706225.0,1279695842.0,3207067915.1207533
26,1279695843.0,1346243010.0,3190238544.77532
27,1346243011.0,1365972369.0,3455764452.6132946
28,1365972370.0,1415058559.0,3357144277.3933277
29,1415058560.0,1439658405.0,3158619742.192455
30,1439658406.0,1480988740.0,3506890851.049481
31,1480988741.0,1558581895.0,3186530127.336315
32,1558581896.0,1602787565.0,3398572106.1572094
33,1602787566.0,1625587110.0,3691267595.014008
34,1625587111.0,1681253686.0,3878971232.7163553
35,1681253687.0,1733083129.0,3317432667.6827607
36,1733083130.0,1750130879.0,3069433910.9353757
37,1750130880.0,1793512738.0,2912662175.267169
38,1793512739.0,1819233786.0,3505136672.097858
39,1819233787.0,1927660964.0,3468964882.302967
40,1927660965.0,1966232420.0,3062986074.630033
41,1966232421.0,2196025834.0,3321920829.454016
