3, 1, 9, 11, 1, 86103914, 10, 8, 112237352, 1
3, 1, 9, 11, 1, 86103914, 10, 7, 112573469, 1
3, 1, 9, 11, 1, 86103914, 10, 6, 113077700, 1
3, 1, 9, 11, 1, 86103914, 10, 5, 115608925, 1
3, 1, 9, 11, 1, 86103914, 10, 4, 115213531, 1
3, 1, 9, 11, 1, 86103914, 10, 3, 104297174, 1
3, 1, 9, 11, 1, 86103914, 10, 2, 84005682, 1
3, 1, 9, 11, 1, 86103914, 10, 1, 51264137, 0
3, 1, 9, 11, 1, 86103914, 10, 0, 54816905, 0
3, 1, 9, 11, 1, 86103914, 9, 8, 112205452, 1
3, 1, 9, 11, 1, 86103914, 9, 7, 113977181, 1
3, 1, 9, 11, 1, 86103914, 9, 6, 115193417, 1
3, 1, 9, 11, 1, 86103914, 9, 5, 116424079, 1
3, 1, 9, 11, 1, 86103914, 9, 4, 117523082, 1
3, 1, 9, 11, 1, 86103914, 9, 3, 107970065, 1
3, 1, 9, 11, 1, 86103914, 9, 2, 92695925, 1
3, 1, 9, 11, 1, 86103914, 9, 1, 56660362, 0
3, 1, 9, 11, 1, 86103914, 9, 0, 60907672, 0
3, 1, 9, 11, 1, 86103914, 8, 8, 105213302, 1
3, 1, 9, 11, 1, 86103914, 8, 7, 108086022, 1
3, 1, 9, 11, 1, 86103914, 8, 6, 108386607, 1
3, 1, 9, 11, 1, 86103914, 8, 5, 110763276, 1
3, 1, 9, 11, 1, 86103914, 8, 4, 112021609, 1
3, 1, 9, 11, 1, 86103914, 8, 3, 108115688, 1
3, 1, 9, 11, 1, 86103914, 8, 2, 86976860, 1
3, 1, 9, 11, 1, 86103914, 8, 1, 40634142, 0
3, 1, 9, 11, 1, 86103914, 8, 0, 48147566, 0
3, 1, 9, 11, 1, 86103914, 7, 8, 110639431, 1
3, 1, 9, 11, 1, 86103914, 7, 7, 112895920, 1
3, 1, 9, 11, 1, 86103914, 7, 6, 111969182, 1
3, 1, 9, 11, 1, 86103914, 7, 5, 116126355, 1
3, 1, 9, 11, 1, 86103914, 7, 4, 119177623, 1
3, 1, 9, 11, 1, 86103914, 7, 3, 113000825, 1
3, 1, 9, 11, 1, 86103914, 7, 2, 86103254, 1
3, 1, 9, 11, 1, 86103914, 7, 1, 46052028, 0
3, 1, 9, 11, 1, 86103914, 7, 0, 55025789, 0
3, 1, 9, 11, 1, 86103914, 6, 8, 114986180, 1
3, 1, 9, 11, 1, 86103914, 6, 7, 116112482, 1
3, 1, 9, 11, 1, 86103914, 6, 6, 113167679, 1
3, 1, 9, 11, 1, 86103914, 6, 5, 118769024, 1
3, 1, 9, 11, 1, 86103914, 6, 4, 119397606, 1
3, 1, 9, 11, 1, 86103914, 6, 3, 107948774, 1
3, 1, 9, 11, 1, 86103914, 6, 2, 75835702, 1
3, 1, 9, 11, 1, 86103914, 6, 1, 34993778, 0
3, 1, 9, 11, 1, 86103914, 6, 0, 46511886, 0
3, 1, 9, 11, 1, 86103914, 5, 8, 118652207, 1
3, 1, 9, 11, 1, 86103914, 5, 7, 117991710, 1
3, 1, 9, 11, 1, 86103914, 5, 6, 116958645, 1
3, 1, 9, 11, 1, 86103914, 5, 5, 120936740, 1
3, 1, 9, 11, 1, 86103914, 5, 4, 118026707, 1
3, 1, 9, 11, 1, 86103914, 5, 3, 108679351, 1
3, 1, 9, 11, 1, 86103914, 5, 2, 80963172, 1
3, 1, 9, 11, 1, 86103914, 5, 1, 31887107, 0
3, 1, 9, 11, 1, 86103914, 5, 0, 38128207, 0
3, 1, 9, 11, 1, 86103914, 4, 8, 119723692, 1
3, 1, 9, 11, 1, 86103914, 4, 7, 118659604, 1
3, 1, 9, 11, 1, 86103914, 4, 6, 115114136, 1
3, 1, 9, 11, 1, 86103914, 4, 5, 117456548, 1
3, 1, 9, 11, 1, 86103914, 4, 4, 119778262, 1
3, 1, 9, 11, 1, 86103914, 4, 3, 102712045, 1
3, 1, 9, 11, 1, 86103914, 4, 2, 71921264, 1
3, 1, 9, 11, 1, 86103914, 4, 1, 21733041, 0
3, 1, 9, 11, 1, 86103914, 4, 0, 47660258, 0
3, 1, 9, 11, 1, 86103914, 3, 8, 114599547, 1
3, 1, 9, 11, 1, 86103914, 3, 7, 114461976, 1
3, 1, 9, 11, 1, 86103914, 3, 6, 117299239, 1
3, 1, 9, 11, 1, 86103914, 3, 5, 115873966, 1
3, 1, 9, 11, 1, 86103914, 3, 4, 130767119, 1
3, 1, 9, 11, 1, 86103914, 3, 3, 114605064, 1
3, 1, 9, 11, 1, 86103914, 3, 2, 86979080, 1
3, 1, 9, 11, 1, 86103914, 3, 1, 23179409, 0
3, 1, 9, 11, 1, 86103914, 3, 0, 52433177, 0
3, 1, 9, 11, 1, 86103914, 2, 8, 128808486, 1
3, 1, 9, 11, 1, 86103914, 2, 7, 132989306, 1
3, 1, 9, 11, 1, 86103914, 2, 6, 137746409, 1
3, 1, 9, 11, 1, 86103914, 2, 5, 133753208, 1
3, 1, 9, 11, 1, 86103914, 2, 4, 152006178, 1
3, 1, 9, 11, 1, 86103914, 2, 3, 151155046, 1
3, 1, 9, 11, 1, 86103914, 2, 2, 119596234, 1
3, 1, 9, 11, 1, 86103914, 2, 1, 32451173, 0
3, 1, 9, 11, 1, 86103914, 2, 0, 78649766, 0
3, 1, 9, 11, 1, 86103914, 1, 8, 122848257, 0
3, 1, 9, 11, 1, 86103914, 1, 7, 130842180, 0
3, 1, 9, 11, 1, 86103914, 1, 6, 127995471, 0
3, 1, 9, 11, 1, 86103914, 1, 5, 112535211, 0
3, 1, 9, 11, 1, 86103914, 1, 4, 130963732, 1
3, 1, 9, 11, 1, 86103914, 1, 3, 126011463, 1
3, 1, 9, 11, 1, 86103914, 1, 2, 104468153, 0
3, 1, 9, 11, 1, 86103914, 1, 1, 53283030, 0
3, 1, 9, 11, 1, 86103914, 1, 0, 154892758, 0
3, 1, 9, 11, 1, 86103914, 0, 8, 124847773, 1
3, 1, 9, 11, 1, 86103914, 0, 7, 127894121, 1
3, 1, 9, 11, 1, 86103914, 0, 6, 133769091, 1
3, 1, 9, 11, 1, 86103914, 0, 5, 133285689, 1
3, 1, 9, 11, 1, 86103914, 0, 4, 166607111, 1
3, 1, 9, 11, 1, 86103914, 0, 3, 185428421, 1
3, 1, 9, 11, 1, 86103914, 0, 2, 146356283, 1
3, 1, 9, 11, 1, 86103914, 0, 1, 1, 1
3, 2, 9, 11, 86103915, 100282243, 10, 8, 16194243, 0
3, 2, 9, 11, 86103915, 100282243, 10, 7, 14402828, 0
3, 2, 9, 11, 86103915, 100282243, 10, 6, 16487448, 0
3, 2, 9, 11, 86103915, 100282243, 10, 5, 17284096, 0
3, 2, 9, 11, 86103915, 100282243, 10, 4, 16853814, 0
3, 2, 9, 11, 86103915, 100282243, 10, 3, 9156163, 0
3, 2, 9, 11, 86103915, 100282243, 10, 2, 8450789, 0
3, 2, 9, 11, 86103915, 100282243, 10, 1, 6077564, 0
3, 2, 9, 11, 86103915, 100282243, 10, 0, 5576327, 0
3, 2, 9, 11, 86103915, 100282243, 9, 8, 16461703, 0
3, 2, 9, 11, 86103915, 100282243, 9, 7, 14317744, 0
3, 2, 9, 11, 86103915, 100282243, 9, 6, 16392779, 0
3, 2, 9, 11, 86103915, 100282243, 9, 5, 16974949, 0
3, 2, 9, 11, 86103915, 100282243, 9, 4, 16084932, 0
3, 2, 9, 11, 86103915, 100282243, 9, 3, 9244622, 0
3, 2, 9, 11, 86103915, 100282243, 9, 2, 8181051, 0
3, 2, 9, 11, 86103915, 100282243, 9, 1, 4971267, 0
3, 2, 9, 11, 86103915, 100282243, 9, 0, 4977439, 0
3, 2, 9, 11, 86103915, 100282243, 8, 8, 16499233, 0
3, 2, 9, 11, 86103915, 100282243, 8, 7, 13886603, 0
3, 2, 9, 11, 86103915, 100282243, 8, 6, 15902400, 0
3, 2, 9, 11, 86103915, 100282243, 8, 5, 16493014, 0
3, 2, 9, 11, 86103915, 100282243, 8, 4, 15017488, 0
3, 2, 9, 11, 86103915, 100282243, 8, 3, 9375828, 0
3, 2, 9, 11, 86103915, 100282243, 8, 2, 7879392, 0
3, 2, 9, 11, 86103915, 100282243, 8, 1, 3651047, 0
3, 2, 9, 11, 86103915, 100282243, 8, 0, 5599619, 0
3, 2, 9, 11, 86103915, 100282243, 7, 8, 16904647, 0
3, 2, 9, 11, 86103915, 100282243, 7, 7, 14382552, 0
3, 2, 9, 11, 86103915, 100282243, 7, 6, 16474559, 0
3, 2, 9, 11, 86103915, 100282243, 7, 5, 16899611, 0
3, 2, 9, 11, 86103915, 100282243, 7, 4, 16942806, 0
3, 2, 9, 11, 86103915, 100282243, 7, 3, 10585613, 0
3, 2, 9, 11, 86103915, 100282243, 7, 2, 8907139, 0
3, 2, 9, 11, 86103915, 100282243, 7, 1, 4137854, 0
3, 2, 9, 11, 86103915, 100282243, 7, 0, 6399565, 0
3, 2, 9, 11, 86103915, 100282243, 6, 8, 13422902, 0
3, 2, 9, 11, 86103915, 100282243, 6, 7, 9783468, 0
3, 2, 9, 11, 86103915, 100282243, 6, 6, 11210224, 0
3, 2, 9, 11, 86103915, 100282243, 6, 5, 10396871, 0
3, 2, 9, 11, 86103915, 100282243, 6, 4, 12537403, 0
3, 2, 9, 11, 86103915, 100282243, 6, 3, 9609539, 0
3, 2, 9, 11, 86103915, 100282243, 6, 2, 10243210, 0
3, 2, 9, 11, 86103915, 100282243, 6, 1, 4774446, 0
3, 2, 9, 11, 86103915, 100282243, 6, 0, 7466159, 0
3, 2, 9, 11, 86103915, 100282243, 5, 8, 14207971, 0
3, 2, 9, 11, 86103915, 100282243, 5, 7, 9969814, 0
3, 2, 9, 11, 86103915, 100282243, 5, 6, 11428811, 0
3, 2, 9, 11, 86103915, 100282243, 5, 5, 12179191, 0
3, 2, 9, 11, 86103915, 100282243, 5, 4, 14699024, 0
3, 2, 9, 11, 86103915, 100282243, 5, 3, 11280763, 0
3, 2, 9, 11, 86103915, 100282243, 5, 2, 12050835, 0
3, 2, 9, 11, 86103915, 100282243, 5, 1, 5642527, 0
3, 2, 9, 11, 86103915, 100282243, 5, 0, 8959390, 0
3, 2, 9, 11, 86103915, 100282243, 4, 8, 12383413, 1
3, 2, 9, 11, 86103915, 100282243, 4, 7, 6677667, 1
3, 2, 9, 11, 86103915, 100282243, 4, 6, 7659676, 1
3, 2, 9, 11, 86103915, 100282243, 4, 5, 7521360, 1
3, 2, 9, 11, 86103915, 100282243, 4, 4, 9088309, 1
3, 2, 9, 11, 86103915, 100282243, 4, 3, 8178624, 1
3, 2, 9, 11, 86103915, 100282243, 4, 2, 7200036, 1
3, 2, 9, 11, 86103915, 100282243, 4, 1, 1918984, 1
3, 2, 9, 11, 86103915, 100282243, 4, 0, 1, 0
3, 2, 9, 11, 86103915, 100282243, 3, 8, 11224270, 1
3, 2, 9, 11, 86103915, 100282243, 3, 7, 8400935, 1
3, 2, 9, 11, 86103915, 100282243, 3, 6, 9645518, 1
3, 2, 9, 11, 86103915, 100282243, 3, 5, 9483453, 1
3, 2, 9, 11, 86103915, 100282243, 3, 4, 11479970, 1
3, 2, 9, 11, 86103915, 100282243, 3, 3, 10359590, 1
3, 2, 9, 11, 86103915, 100282243, 3, 2, 9163682, 1
3, 2, 9, 11, 86103915, 100282243, 3, 1, 2467265, 1
3, 2, 9, 11, 86103915, 100282243, 3, 0, 1, 0
3, 2, 9, 11, 86103915, 100282243, 2, 8, 7916756, 1
3, 2, 9, 11, 86103915, 100282243, 2, 7, 8949376, 1
3, 2, 9, 11, 86103915, 100282243, 2, 6, 10291783, 1
3, 2, 9, 11, 86103915, 100282243, 2, 5, 9619181, 1
3, 2, 9, 11, 86103915, 100282243, 2, 4, 11680435, 1
3, 2, 9, 11, 86103915, 100282243, 2, 3, 9163682, 1
3, 2, 9, 11, 86103915, 100282243, 2, 2, 12600063, 1
3, 2, 9, 11, 86103915, 100282243, 2, 1, 3454170, 1
3, 2, 9, 11, 86103915, 100282243, 2, 0, 1, 0
3, 2, 9, 11, 86103915, 100282243, 1, 8, 4161756, 1
3, 2, 9, 11, 86103915, 100282243, 1, 7, 4716657, 1
3, 2, 9, 11, 86103915, 100282243, 1, 6, 5442296, 1
3, 2, 9, 11, 86103915, 100282243, 1, 5, 2585480, 1
3, 2, 9, 11, 86103915, 100282243, 1, 4, 3160031, 1
3, 2, 9, 11, 86103915, 100282243, 1, 3, 4062897, 1
3, 2, 9, 11, 86103915, 100282243, 1, 2, 5688056, 1
3, 2, 9, 11, 86103915, 100282243, 1, 1, 1, 1
3, 2, 9, 11, 86103915, 100282243, 1, 0, 1, 0
3, 2, 9, 11, 86103915, 100282243, 0, 8, 1, 1
3, 2, 9, 11, 86103915, 100282243, 0, 7, 1, 1
3, 2, 9, 11, 86103915, 100282243, 0, 6, 1, 1
3, 2, 9, 11, 86103915, 100282243, 0, 5, 1, 1
3, 2, 9, 11, 86103915, 100282243, 0, 4, 1, 1
3, 2, 9, 11, 86103915, 100282243, 0, 3, 1, 1
3, 2, 9, 11, 86103915, 100282243, 0, 2, 1, 1
3, 2, 9, 11, 86103915, 100282243, 0, 1, 1, 1
3, 3, 9, 11, 100282244, 161788166, 10, 8, 25323937, 0
3, 3, 9, 11, 100282244, 161788166, 10, 7, 22955219, 0
3, 3, 9, 11, 100282244, 161788166, 10, 6, 24237894, 0
3, 3, 9, 11, 100282244, 161788166, 10, 5, 25650564, 0
3, 3, 9, 11, 100282244, 161788166, 10, 4, 23392155, 0
3, 3, 9, 11, 100282244, 161788166, 10, 3, 22142712, 0
3, 3, 9, 11, 100282244, 161788166, 10, 2, 19041057, 0
3, 3, 9, 11, 100282244, 161788166, 10, 1, 25166539, 1
3, 3, 9, 11, 100282244, 161788166, 10, 0, 25797848, 0
3, 3, 9, 11, 100282244, 161788166, 9, 8, 24256794, 0
3, 3, 9, 11, 100282244, 161788166, 9, 7, 23157620, 0
3, 3, 9, 11, 100282244, 161788166, 9, 6, 25891753, 0
3, 3, 9, 11, 100282244, 161788166, 9, 5, 27967991, 0
3, 3, 9, 11, 100282244, 161788166, 9, 4, 25464590, 0
3, 3, 9, 11, 100282244, 161788166, 9, 3, 24413760, 0
3, 3, 9, 11, 100282244, 161788166, 9, 2, 21010821, 0
3, 3, 9, 11, 100282244, 161788166, 9, 1, 27815648, 1
3, 3, 9, 11, 100282244, 161788166, 9, 0, 28664275, 0
3, 3, 9, 11, 100282244, 161788166, 8, 8, 25602150, 0
3, 3, 9, 11, 100282244, 161788166, 8, 7, 25505786, 0
3, 3, 9, 11, 100282244, 161788166, 8, 6, 28815015, 0
3, 3, 9, 11, 100282244, 161788166, 8, 5, 31134179, 0
3, 3, 9, 11, 100282244, 161788166, 8, 4, 28358293, 0
3, 3, 9, 11, 100282244, 161788166, 8, 3, 27203904, 0
3, 3, 9, 11, 100282244, 161788166, 8, 2, 23435147, 0
3, 3, 9, 11, 100282244, 161788166, 8, 1, 31088077, 1
3, 3, 9, 11, 100282244, 161788166, 8, 0, 32247310, 0
3, 3, 9, 11, 100282244, 161788166, 7, 8, 26889468, 0
3, 3, 9, 11, 100282244, 161788166, 7, 7, 27200535, 0
3, 3, 9, 11, 100282244, 161788166, 7, 6, 30713707, 0
3, 3, 9, 11, 100282244, 161788166, 7, 5, 33039031, 0
3, 3, 9, 11, 100282244, 161788166, 7, 4, 29622842, 0
3, 3, 9, 11, 100282244, 161788166, 7, 3, 27768925, 0
3, 3, 9, 11, 100282244, 161788166, 7, 2, 25350206, 0
3, 3, 9, 11, 100282244, 161788166, 7, 1, 33482550, 1
3, 3, 9, 11, 100282244, 161788166, 7, 0, 36425531, 0
3, 3, 9, 11, 100282244, 161788166, 6, 8, 26787181, 0
3, 3, 9, 11, 100282244, 161788166, 6, 7, 26641577, 0
3, 3, 9, 11, 100282244, 161788166, 6, 6, 30018893, 0
3, 3, 9, 11, 100282244, 161788166, 6, 5, 31816767, 0
3, 3, 9, 11, 100282244, 161788166, 6, 4, 26960851, 0
3, 3, 9, 11, 100282244, 161788166, 6, 3, 23502041, 0
3, 3, 9, 11, 100282244, 161788166, 6, 2, 24195550, 0
3, 3, 9, 11, 100282244, 161788166, 6, 1, 31007269, 1
3, 3, 9, 11, 100282244, 161788166, 6, 0, 42496453, 0
3, 3, 9, 11, 100282244, 161788166, 5, 8, 26043645, 0
3, 3, 9, 11, 100282244, 161788166, 5, 7, 25208398, 0
3, 3, 9, 11, 100282244, 161788166, 5, 6, 28302801, 0
3, 3, 9, 11, 100282244, 161788166, 5, 5, 30146607, 0
3, 3, 9, 11, 100282244, 161788166, 5, 4, 27270202, 0
3, 3, 9, 11, 100282244, 161788166, 5, 3, 22118349, 0
3, 3, 9, 11, 100282244, 161788166, 5, 2, 22115710, 0
3, 3, 9, 11, 100282244, 161788166, 5, 1, 33356166, 1
3, 3, 9, 11, 100282244, 161788166, 5, 0, 43760408, 0
3, 3, 9, 11, 100282244, 161788166, 4, 8, 25475920, 0
3, 3, 9, 11, 100282244, 161788166, 4, 7, 25291161, 0
3, 3, 9, 11, 100282244, 161788166, 4, 6, 28293395, 0
3, 3, 9, 11, 100282244, 161788166, 4, 5, 30873708, 0
3, 3, 9, 11, 100282244, 161788166, 4, 4, 26293422, 0
3, 3, 9, 11, 100282244, 161788166, 4, 3, 21967698, 0
3, 3, 9, 11, 100282244, 161788166, 4, 2, 20652465, 0
3, 3, 9, 11, 100282244, 161788166, 4, 1, 31120586, 0
3, 3, 9, 11, 100282244, 161788166, 4, 0, 54700510, 0
3, 3, 9, 11, 100282244, 161788166, 3, 8, 30622754, 0
3, 3, 9, 11, 100282244, 161788166, 3, 7, 31817913, 0
3, 3, 9, 11, 100282244, 161788166, 3, 6, 35628720, 0
3, 3, 9, 11, 100282244, 161788166, 3, 5, 38927718, 0
3, 3, 9, 11, 100282244, 161788166, 3, 4, 33212744, 0
3, 3, 9, 11, 100282244, 161788166, 3, 3, 27825751, 0
3, 3, 9, 11, 100282244, 161788166, 3, 2, 26284956, 0
3, 3, 9, 11, 100282244, 161788166, 3, 1, 40012181, 0
3, 3, 9, 11, 100282244, 161788166, 3, 0, 72934013, 0
3, 3, 9, 11, 100282244, 161788166, 2, 8, 18979494, 0
3, 3, 9, 11, 100282244, 161788166, 2, 7, 21455080, 0
3, 3, 9, 11, 100282244, 161788166, 2, 6, 23454350, 0
3, 3, 9, 11, 100282244, 161788166, 2, 5, 27593352, 0
3, 3, 9, 11, 100282244, 161788166, 2, 4, 22341337, 0
3, 3, 9, 11, 100282244, 161788166, 2, 3, 25607092, 0
3, 3, 9, 11, 100282244, 161788166, 2, 2, 33011300, 0
3, 3, 9, 11, 100282244, 161788166, 2, 1, 52818080, 0
3, 3, 9, 11, 100282244, 161788166, 2, 0, 101403586, 0
3, 3, 9, 11, 100282244, 161788166, 1, 8, 18604181, 0
3, 3, 9, 11, 100282244, 161788166, 1, 7, 21084738, 0
3, 3, 9, 11, 100282244, 161788166, 1, 6, 24328544, 0
3, 3, 9, 11, 100282244, 161788166, 1, 5, 28751916, 0
3, 3, 9, 11, 100282244, 161788166, 1, 4, 21791992, 0
3, 3, 9, 11, 100282244, 161788166, 1, 3, 23575318, 0
3, 3, 9, 11, 100282244, 161788166, 1, 2, 29487923, 0
3, 3, 9, 11, 100282244, 161788166, 1, 1, 49146538, 0
3, 3, 9, 11, 100282244, 161788166, 1, 0, 103231070, 0
3, 3, 9, 11, 100282244, 161788166, 0, 8, 5526068, 1
3, 3, 9, 11, 100282244, 161788166, 0, 7, 6315507, 1
3, 3, 9, 11, 100282244, 161788166, 0, 6, 7368091, 1
3, 3, 9, 11, 100282244, 161788166, 0, 5, 8841709, 1
3, 3, 9, 11, 100282244, 161788166, 0, 4, 11052136, 1
3, 3, 9, 11, 100282244, 161788166, 0, 3, 14736182, 1
3, 3, 9, 11, 100282244, 161788166, 0, 2, 22104272, 1
3, 3, 9, 11, 100282244, 161788166, 0, 1, 44208544, 1
3, 4, 9, 11, 161788167, 176728624, 10, 8, 100655664, 0
3, 4, 9, 11, 161788167, 176728624, 10, 7, 101665801, 0
3, 4, 9, 11, 161788167, 176728624, 10, 6, 102350561, 1
3, 4, 9, 11, 161788167, 176728624, 10, 5, 103957837, 1
3, 4, 9, 11, 161788167, 176728624, 10, 4, 106659662, 1
3, 4, 9, 11, 161788167, 176728624, 10, 3, 99438570, 1
3, 4, 9, 11, 161788167, 176728624, 10, 2, 94703798, 1
3, 4, 9, 11, 161788167, 176728624, 10, 1, 104520160, 1
3, 4, 9, 11, 161788167, 176728624, 10, 0, 78656902, 0
3, 4, 9, 11, 161788167, 176728624, 9, 8, 103221117, 0
3, 4, 9, 11, 161788167, 176728624, 9, 7, 105218834, 0
3, 4, 9, 11, 161788167, 176728624, 9, 6, 106500298, 0
3, 4, 9, 11, 161788167, 176728624, 9, 5, 109297032, 1
3, 4, 9, 11, 161788167, 176728624, 9, 4, 115865978, 1
3, 4, 9, 11, 161788167, 176728624, 9, 3, 107529993, 1
3, 4, 9, 11, 161788167, 176728624, 9, 2, 104500742, 1
3, 4, 9, 11, 161788167, 176728624, 9, 1, 115522282, 1
3, 4, 9, 11, 161788167, 176728624, 9, 0, 87396558, 0
3, 4, 9, 11, 161788167, 176728624, 8, 8, 107984511, 0
3, 4, 9, 11, 161788167, 176728624, 8, 7, 109849494, 0
3, 4, 9, 11, 161788167, 176728624, 8, 6, 111551301, 0
3, 4, 9, 11, 161788167, 176728624, 8, 5, 113908252, 0
3, 4, 9, 11, 161788167, 176728624, 8, 4, 119682850, 1
3, 4, 9, 11, 161788167, 176728624, 8, 3, 112723946, 1
3, 4, 9, 11, 161788167, 176728624, 8, 2, 116558520, 1
3, 4, 9, 11, 161788167, 176728624, 8, 1, 129113138, 1
3, 4, 9, 11, 161788167, 176728624, 8, 0, 98321128, 0
3, 4, 9, 11, 161788167, 176728624, 7, 8, 111617439, 0
3, 4, 9, 11, 161788167, 176728624, 7, 7, 114888392, 0
3, 4, 9, 11, 161788167, 176728624, 7, 6, 115542459, 0
3, 4, 9, 11, 161788167, 176728624, 7, 5, 117292400, 0
3, 4, 9, 11, 161788167, 176728624, 7, 4, 123267430, 1
3, 4, 9, 11, 161788167, 176728624, 7, 3, 115546919, 1
3, 4, 9, 11, 161788167, 176728624, 7, 2, 123963068, 1
3, 4, 9, 11, 161788167, 176728624, 7, 1, 138462101, 1
3, 4, 9, 11, 161788167, 176728624, 7, 0, 95511026, 0
3, 4, 9, 11, 161788167, 176728624, 6, 8, 112462701, 0
3, 4, 9, 11, 161788167, 176728624, 6, 7, 116231482, 0
3, 4, 9, 11, 161788167, 176728624, 6, 6, 118063309, 0
3, 4, 9, 11, 161788167, 176728624, 6, 5, 120602098, 0
3, 4, 9, 11, 161788167, 176728624, 6, 4, 125483993, 0
3, 4, 9, 11, 161788167, 176728624, 6, 3, 122357203, 1
3, 4, 9, 11, 161788167, 176728624, 6, 2, 132808902, 1
3, 4, 9, 11, 161788167, 176728624, 6, 1, 149527781, 1
3, 4, 9, 11, 161788167, 176728624, 6, 0, 101924473, 0
3, 4, 9, 11, 161788167, 176728624, 5, 8, 109718735, 0
3, 4, 9, 11, 161788167, 176728624, 5, 7, 115926411, 0
3, 4, 9, 11, 161788167, 176728624, 5, 6, 122730896, 0
3, 4, 9, 11, 161788167, 176728624, 5, 5, 124363168, 1
3, 4, 9, 11, 161788167, 176728624, 5, 4, 127025142, 1
3, 4, 9, 11, 161788167, 176728624, 5, 3, 121036467, 1
3, 4, 9, 11, 161788167, 176728624, 5, 2, 134882700, 1
3, 4, 9, 11, 161788167, 176728624, 5, 1, 148697602, 1
3, 4, 9, 11, 161788167, 176728624, 5, 0, 92679810, 0
3, 4, 9, 11, 161788167, 176728624, 4, 8, 109919191, 0
3, 4, 9, 11, 161788167, 176728624, 4, 7, 114612636, 0
3, 4, 9, 11, 161788167, 176728624, 4, 6, 127103547, 0
3, 4, 9, 11, 161788167, 176728624, 4, 5, 131641781, 0
3, 4, 9, 11, 161788167, 176728624, 4, 4, 137525265, 0
3, 4, 9, 11, 161788167, 176728624, 4, 3, 130942469, 0
3, 4, 9, 11, 161788167, 176728624, 4, 2, 147690547, 1
3, 4, 9, 11, 161788167, 176728624, 4, 1, 156703931, 1
3, 4, 9, 11, 161788167, 176728624, 4, 0, 115849763, 0
3, 4, 9, 11, 161788167, 176728624, 3, 8, 108891589, 0
3, 4, 9, 11, 161788167, 176728624, 3, 7, 113914737, 0
3, 4, 9, 11, 161788167, 176728624, 3, 6, 127456855, 0
3, 4, 9, 11, 161788167, 176728624, 3, 5, 132435682, 1
3, 4, 9, 11, 161788167, 176728624, 3, 4, 139772918, 1
3, 4, 9, 11, 161788167, 176728624, 3, 3, 137588338, 1
3, 4, 9, 11, 161788167, 176728624, 3, 2, 149416892, 1
3, 4, 9, 11, 161788167, 176728624, 3, 1, 140893362, 1
3, 4, 9, 11, 161788167, 176728624, 3, 0, 90711422, 0
3, 4, 9, 11, 161788167, 176728624, 2, 8, 119530800, 0
3, 4, 9, 11, 161788167, 176728624, 2, 7, 122954436, 0
3, 4, 9, 11, 161788167, 176728624, 2, 6, 141397601, 0
3, 4, 9, 11, 161788167, 176728624, 2, 5, 152914765, 0
3, 4, 9, 11, 161788167, 176728624, 2, 4, 157801126, 0
3, 4, 9, 11, 161788167, 176728624, 2, 3, 163128063, 0
3, 4, 9, 11, 161788167, 176728624, 2, 2, 181569215, 1
3, 4, 9, 11, 161788167, 176728624, 2, 1, 197250706, 1
3, 4, 9, 11, 161788167, 176728624, 2, 0, 136067133, 0
3, 4, 9, 11, 161788167, 176728624, 1, 8, 110032543, 0
3, 4, 9, 11, 161788167, 176728624, 1, 7, 119603646, 0
3, 4, 9, 11, 161788167, 176728624, 1, 6, 138004207, 0
3, 4, 9, 11, 161788167, 176728624, 1, 5, 153026574, 1
3, 4, 9, 11, 161788167, 176728624, 1, 4, 154998292, 1
3, 4, 9, 11, 161788167, 176728624, 1, 3, 163205139, 1
3, 4, 9, 11, 161788167, 176728624, 1, 2, 178305608, 1
3, 4, 9, 11, 161788167, 176728624, 1, 1, 192512232, 1
3, 4, 9, 11, 161788167, 176728624, 1, 0, 88837055, 0
3, 4, 9, 11, 161788167, 176728624, 0, 8, 60317355, 1
3, 4, 9, 11, 161788167, 176728624, 0, 7, 68934120, 1
3, 4, 9, 11, 161788167, 176728624, 0, 6, 80423140, 1
3, 4, 9, 11, 161788167, 176728624, 0, 5, 94188322, 1
3, 4, 9, 11, 161788167, 176728624, 0, 4, 100488363, 1
3, 4, 9, 11, 161788167, 176728624, 0, 3, 112311839, 1
3, 4, 9, 11, 161788167, 176728624, 0, 2, 155982681, 1
3, 4, 9, 11, 161788167, 176728624, 0, 1, 210218014, 1
3, 5, 9, 11, 176728625, 283170673, 10, 8, 545376425, 1
3, 5, 9, 11, 176728625, 283170673, 10, 7, 543856691, 1
3, 5, 9, 11, 176728625, 283170673, 10, 6, 556243647, 1
3, 5, 9, 11, 176728625, 283170673, 10, 5, 539088113, 1
3, 5, 9, 11, 176728625, 283170673, 10, 4, 527219215, 1
3, 5, 9, 11, 176728625, 283170673, 10, 3, 534588038, 1
3, 5, 9, 11, 176728625, 283170673, 10, 2, 519316253, 1
3, 5, 9, 11, 176728625, 283170673, 10, 1, 525166636, 1
3, 5, 9, 11, 176728625, 283170673, 10, 0, 480371546, 0
3, 5, 9, 11, 176728625, 283170673, 9, 8, 559905547, 1
3, 5, 9, 11, 176728625, 283170673, 9, 7, 562356908, 1
3, 5, 9, 11, 176728625, 283170673, 9, 6, 580706033, 1
3, 5, 9, 11, 176728625, 283170673, 9, 5, 568982228, 1
3, 5, 9, 11, 176728625, 283170673, 9, 4, 567482206, 1
3, 5, 9, 11, 176728625, 283170673, 9, 3, 572412208, 1
3, 5, 9, 11, 176728625, 283170673, 9, 2, 573038624, 1
3, 5, 9, 11, 176728625, 283170673, 9, 1, 580447334, 1
3, 5, 9, 11, 176728625, 283170673, 9, 0, 533746162, 0
3, 5, 9, 11, 176728625, 283170673, 8, 8, 597563107, 0
3, 5, 9, 11, 176728625, 283170673, 8, 7, 605853748, 1
3, 5, 9, 11, 176728625, 283170673, 8, 6, 634190181, 1
3, 5, 9, 11, 176728625, 283170673, 8, 5, 633395310, 1
3, 5, 9, 11, 176728625, 283170673, 8, 4, 631968820, 1
3, 5, 9, 11, 176728625, 283170673, 8, 3, 637830746, 1
3, 5, 9, 11, 176728625, 283170673, 8, 2, 639158465, 1
3, 5, 9, 11, 176728625, 283170673, 8, 1, 648735256, 1
3, 5, 9, 11, 176728625, 283170673, 8, 0, 600464432, 0
3, 5, 9, 11, 176728625, 283170673, 7, 8, 596868666, 1
3, 5, 9, 11, 176728625, 283170673, 7, 7, 608283188, 1
3, 5, 9, 11, 176728625, 283170673, 7, 6, 633529328, 1
3, 5, 9, 11, 176728625, 283170673, 7, 5, 632175420, 1
3, 5, 9, 11, 176728625, 283170673, 7, 4, 630659514, 1
3, 5, 9, 11, 176728625, 283170673, 7, 3, 638368446, 1
3, 5, 9, 11, 176728625, 283170673, 7, 2, 645586920, 1
3, 5, 9, 11, 176728625, 283170673, 7, 1, 660085217, 1
3, 5, 9, 11, 176728625, 283170673, 7, 0, 586386128, 0
3, 5, 9, 11, 176728625, 283170673, 6, 8, 589815537, 1
3, 5, 9, 11, 176728625, 283170673, 6, 7, 604303253, 1
3, 5, 9, 11, 176728625, 283170673, 6, 6, 635362761, 1
3, 5, 9, 11, 176728625, 283170673, 6, 5, 637524169, 1
3, 5, 9, 11, 176728625, 283170673, 6, 4, 618293154, 1
3, 5, 9, 11, 176728625, 283170673, 6, 3, 631827877, 1
3, 5, 9, 11, 176728625, 283170673, 6, 2, 639139411, 1
3, 5, 9, 11, 176728625, 283170673, 6, 1, 662012805, 1
3, 5, 9, 11, 176728625, 283170673, 6, 0, 577775306, 0
3, 5, 9, 11, 176728625, 283170673, 5, 8, 587016402, 1
3, 5, 9, 11, 176728625, 283170673, 5, 7, 607966171, 1
3, 5, 9, 11, 176728625, 283170673, 5, 6, 630414408, 1
3, 5, 9, 11, 176728625, 283170673, 5, 5, 631776766, 1
3, 5, 9, 11, 176728625, 283170673, 5, 4, 606411459, 1
3, 5, 9, 11, 176728625, 283170673, 5, 3, 620315626, 1
3, 5, 9, 11, 176728625, 283170673, 5, 2, 628032585, 1
3, 5, 9, 11, 176728625, 283170673, 5, 1, 648721591, 1
3, 5, 9, 11, 176728625, 283170673, 5, 0, 547496667, 0
3, 5, 9, 11, 176728625, 283170673, 4, 8, 599800443, 1
3, 5, 9, 11, 176728625, 283170673, 4, 7, 621875071, 1
3, 5, 9, 11, 176728625, 283170673, 4, 6, 657900899, 1
3, 5, 9, 11, 176728625, 283170673, 4, 5, 668627387, 1
3, 5, 9, 11, 176728625, 283170673, 4, 4, 649872372, 1
3, 5, 9, 11, 176728625, 283170673, 4, 3, 646224421, 1
3, 5, 9, 11, 176728625, 283170673, 4, 2, 667083775, 1
3, 5, 9, 11, 176728625, 283170673, 4, 1, 644284046, 1
3, 5, 9, 11, 176728625, 283170673, 4, 0, 551615300, 0
3, 5, 9, 11, 176728625, 283170673, 3, 8, 606801878, 1
3, 5, 9, 11, 176728625, 283170673, 3, 7, 637667664, 1
3, 5, 9, 11, 176728625, 283170673, 3, 6, 693262037, 1
3, 5, 9, 11, 176728625, 283170673, 3, 5, 714772317, 1
3, 5, 9, 11, 176728625, 283170673, 3, 4, 702852461, 1
3, 5, 9, 11, 176728625, 283170673, 3, 3, 677157361, 1
3, 5, 9, 11, 176728625, 283170673, 3, 2, 656859248, 1
3, 5, 9, 11, 176728625, 283170673, 3, 1, 598046590, 1
3, 5, 9, 11, 176728625, 283170673, 3, 0, 478058566, 0
3, 5, 9, 11, 176728625, 283170673, 2, 8, 641663759, 0
3, 5, 9, 11, 176728625, 283170673, 2, 7, 662668154, 0
3, 5, 9, 11, 176728625, 283170673, 2, 6, 743139371, 1
3, 5, 9, 11, 176728625, 283170673, 2, 5, 784259399, 1
3, 5, 9, 11, 176728625, 283170673, 2, 4, 771819954, 1
3, 5, 9, 11, 176728625, 283170673, 2, 3, 765509085, 0
3, 5, 9, 11, 176728625, 283170673, 2, 2, 768512031, 1
3, 5, 9, 11, 176728625, 283170673, 2, 1, 778271422, 1
3, 5, 9, 11, 176728625, 283170673, 2, 0, 717087849, 0
3, 5, 9, 11, 176728625, 283170673, 1, 8, 632102030, 0
3, 5, 9, 11, 176728625, 283170673, 1, 7, 672547684, 1
3, 5, 9, 11, 176728625, 283170673, 1, 6, 776016558, 1
3, 5, 9, 11, 176728625, 283170673, 1, 5, 777985239, 1
3, 5, 9, 11, 176728625, 283170673, 1, 4, 766506451, 1
3, 5, 9, 11, 176728625, 283170673, 1, 3, 750993969, 1
3, 5, 9, 11, 176728625, 283170673, 1, 2, 768801685, 1
3, 5, 9, 11, 176728625, 283170673, 1, 1, 773532948, 1
3, 5, 9, 11, 176728625, 283170673, 1, 0, 669857771, 0
3, 5, 9, 11, 176728625, 283170673, 0, 8, 588694299, 1
3, 5, 9, 11, 176728625, 283170673, 0, 7, 672793485, 1
3, 5, 9, 11, 176728625, 283170673, 0, 6, 784925732, 1
3, 5, 9, 11, 176728625, 283170673, 0, 5, 771872526, 1
3, 5, 9, 11, 176728625, 283170673, 0, 4, 750105827, 1
3, 5, 9, 11, 176728625, 283170673, 0, 3, 709124822, 1
3, 5, 9, 11, 176728625, 283170673, 0, 2, 760691797, 1
3, 5, 9, 11, 176728625, 283170673, 0, 1, 791238730, 1
3, 6, 9, 11, 283170674, 332840114, 10, 8, 1086764, 1
3, 6, 9, 11, 283170674, 332840114, 10, 7, 1224171, 1
3, 6, 9, 11, 283170674, 332840114, 10, 6, 1401354, 1
3, 6, 9, 11, 283170674, 332840114, 10, 5, 1638506, 1
3, 6, 9, 11, 283170674, 332840114, 10, 4, 1395926, 1
3, 6, 9, 11, 283170674, 332840114, 10, 3, 1753023, 1
3, 6, 9, 11, 283170674, 332840114, 10, 2, 1430722, 1
3, 6, 9, 11, 283170674, 332840114, 10, 1, 2180148, 1
3, 6, 9, 11, 283170674, 332840114, 10, 0, 1, 0
3, 6, 9, 11, 283170674, 332840114, 9, 8, 1196662, 1
3, 6, 9, 11, 283170674, 332840114, 9, 7, 1348138, 1
3, 6, 9, 11, 283170674, 332840114, 9, 6, 1543520, 1
3, 6, 9, 11, 283170674, 332840114, 9, 5, 1805134, 1
3, 6, 9, 11, 283170674, 332840114, 9, 4, 1538367, 1
3, 6, 9, 11, 283170674, 332840114, 9, 3, 1932820, 1
3, 6, 9, 11, 283170674, 332840114, 9, 2, 1578728, 1
3, 6, 9, 11, 283170674, 332840114, 9, 1, 2409637, 1
3, 6, 9, 11, 283170674, 332840114, 9, 0, 1, 0
3, 6, 9, 11, 283170674, 332840114, 8, 8, 1331286, 1
3, 6, 9, 11, 283170674, 332840114, 8, 7, 1500041, 1
3, 6, 9, 11, 283170674, 332840114, 8, 6, 1717788, 1
3, 6, 9, 11, 283170674, 332840114, 8, 5, 2009488, 1
3, 6, 9, 11, 283170674, 332840114, 8, 4, 1713182, 1
3, 6, 9, 11, 283170674, 332840114, 8, 3, 2153714, 1
3, 6, 9, 11, 283170674, 332840114, 8, 2, 1760889, 1
3, 6, 9, 11, 283170674, 332840114, 8, 1, 2693123, 1
3, 6, 9, 11, 283170674, 332840114, 8, 0, 1, 0
3, 6, 9, 11, 283170674, 332840114, 7, 8, 1500041, 1
3, 6, 9, 11, 283170674, 332840114, 7, 7, 1690522, 1
3, 6, 9, 11, 283170674, 332840114, 7, 6, 1936416, 1
3, 6, 9, 11, 283170674, 332840114, 7, 5, 2266019, 1
3, 6, 9, 11, 283170674, 332840114, 7, 4, 1932820, 1
3, 6, 9, 11, 283170674, 332840114, 7, 3, 2431613, 1
3, 6, 9, 11, 283170674, 332840114, 7, 2, 1990570, 1
3, 6, 9, 11, 283170674, 332840114, 7, 1, 3052206, 1
3, 6, 9, 11, 283170674, 332840114, 7, 0, 1, 0
3, 6, 9, 11, 283170674, 332840114, 6, 8, 1464801, 1
3, 6, 9, 11, 283170674, 332840114, 6, 7, 1651230, 1
3, 6, 9, 11, 283170674, 332840114, 6, 6, 1892034, 1
3, 6, 9, 11, 283170674, 332840114, 6, 5, 2215065, 1
3, 6, 9, 11, 283170674, 332840114, 6, 4, 1755728, 1
3, 6, 9, 11, 283170674, 332840114, 6, 3, 2210917, 1
3, 6, 9, 11, 283170674, 332840114, 6, 2, 2289155, 1
3, 6, 9, 11, 283170674, 332840114, 6, 1, 3521777, 1
3, 6, 9, 11, 283170674, 332840114, 6, 0, 1, 0
3, 6, 9, 11, 283170674, 332840114, 5, 8, 1713541, 1
3, 6, 9, 11, 283170674, 332840114, 5, 7, 1932290, 1
3, 6, 9, 11, 283170674, 332840114, 5, 6, 2215065, 1
3, 6, 9, 11, 283170674, 332840114, 5, 5, 2594790, 1
3, 6, 9, 11, 283170674, 332840114, 5, 4, 2058440, 1
3, 6, 9, 11, 283170674, 332840114, 5, 3, 2595424, 1
3, 6, 9, 11, 283170674, 332840114, 5, 2, 2693123, 1
3, 6, 9, 11, 283170674, 332840114, 5, 1, 4162099, 1
3, 6, 9, 11, 283170674, 332840114, 5, 0, 1, 0
3, 6, 9, 11, 283170674, 332840114, 4, 8, 1356699, 1
3, 6, 9, 11, 283170674, 332840114, 4, 7, 1530635, 1
3, 6, 9, 11, 283170674, 332840114, 4, 6, 1755728, 1
3, 6, 9, 11, 283170674, 332840114, 4, 5, 2058440, 1
3, 6, 9, 11, 283170674, 332840114, 4, 4, 2487282, 1
3, 6, 9, 11, 283170674, 332840114, 4, 3, 3141829, 1
3, 6, 9, 11, 283170674, 332840114, 4, 2, 3270221, 1
3, 6, 9, 11, 283170674, 332840114, 4, 1, 5087010, 1
3, 6, 9, 11, 283170674, 332840114, 4, 0, 1, 0
3, 6, 9, 11, 283170674, 332840114, 3, 8, 1696439, 1
3, 6, 9, 11, 283170674, 332840114, 3, 7, 1915334, 1
3, 6, 9, 11, 283170674, 332840114, 3, 6, 2199087, 1
3, 6, 9, 11, 283170674, 332840114, 3, 5, 2581537, 1
3, 6, 9, 11, 283170674, 332840114, 3, 4, 3125019, 1
3, 6, 9, 11, 283170674, 332840114, 3, 3, 3958357, 1
3, 6, 9, 11, 283170674, 332840114, 3, 2, 4133063, 1
3, 6, 9, 11, 283170674, 332840114, 3, 1, 6494813, 1
3, 6, 9, 11, 283170674, 332840114, 3, 0, 1, 0
3, 6, 9, 11, 283170674, 332840114, 2, 8, 2283668, 1
3, 6, 9, 11, 283170674, 332840114, 2, 7, 2581537, 1
3, 6, 9, 11, 283170674, 332840114, 2, 6, 2968768, 1
3, 6, 9, 11, 283170674, 332840114, 2, 5, 3492668, 1
3, 6, 9, 11, 283170674, 332840114, 2, 4, 4241097, 1
3, 6, 9, 11, 283170674, 332840114, 2, 3, 5397759, 1
3, 6, 9, 11, 283170674, 332840114, 2, 2, 5682962, 1
3, 6, 9, 11, 283170674, 332840114, 2, 1, 9092738, 1
3, 6, 9, 11, 283170674, 332840114, 2, 0, 1, 0
3, 6, 9, 11, 283170674, 332840114, 1, 8, 2674335, 1
3, 6, 9, 11, 283170674, 332840114, 1, 7, 3030913, 1
3, 6, 9, 11, 283170674, 332840114, 1, 6, 3497207, 1
3, 6, 9, 11, 283170674, 332840114, 1, 5, 4133063, 1
3, 6, 9, 11, 283170674, 332840114, 1, 4, 5051522, 1
3, 6, 9, 11, 283170674, 332840114, 1, 3, 6494813, 1
3, 6, 9, 11, 283170674, 332840114, 1, 2, 9092738, 1
3, 6, 9, 11, 283170674, 332840114, 1, 1, 15154564, 1
3, 6, 9, 11, 283170674, 332840114, 1, 0, 1, 0
3, 6, 9, 11, 283170674, 332840114, 0, 8, 5682962, 1
3, 6, 9, 11, 283170674, 332840114, 0, 7, 6494813, 1
3, 6, 9, 11, 283170674, 332840114, 0, 6, 7577282, 1
3, 6, 9, 11, 283170674, 332840114, 0, 5, 9092738, 1
3, 6, 9, 11, 283170674, 332840114, 0, 4, 11365923, 1
3, 6, 9, 11, 283170674, 332840114, 0, 3, 15154564, 1
3, 6, 9, 11, 283170674, 332840114, 0, 2, 22731845, 1
3, 6, 9, 11, 283170674, 332840114, 0, 1, 45463690, 1
3, 7, 9, 11, 332840115, 403481000, 10, 8, 770403838, 1
3, 7, 9, 11, 332840115, 403481000, 10, 7, 770575625, 1
3, 7, 9, 11, 332840115, 403481000, 10, 6, 766446593, 1
3, 7, 9, 11, 332840115, 403481000, 10, 5, 738274278, 1
3, 7, 9, 11, 332840115, 403481000, 10, 4, 725133621, 1
3, 7, 9, 11, 332840115, 403481000, 10, 3, 722052127, 1
3, 7, 9, 11, 332840115, 403481000, 10, 2, 704234263, 1
3, 7, 9, 11, 332840115, 403481000, 10, 1, 750451342, 1
3, 7, 9, 11, 332840115, 403481000, 10, 0, 754067121, 0
3, 7, 9, 11, 332840115, 403481000, 9, 8, 791497479, 1
3, 7, 9, 11, 332840115, 403481000, 9, 7, 797634052, 1
3, 7, 9, 11, 332840115, 403481000, 9, 6, 798948081, 1
3, 7, 9, 11, 332840115, 403481000, 9, 5, 774814148, 1
3, 7, 9, 11, 332840115, 403481000, 9, 4, 773460246, 1
3, 7, 9, 11, 332840115, 403481000, 9, 3, 770384772, 1
3, 7, 9, 11, 332840115, 403481000, 9, 2, 777086083, 1
3, 7, 9, 11, 332840115, 403481000, 9, 1, 829446220, 1
3, 7, 9, 11, 332840115, 403481000, 9, 0, 837852356, 0
3, 7, 9, 11, 332840115, 403481000, 8, 8, 840998173, 0
3, 7, 9, 11, 332840115, 403481000, 8, 7, 857334088, 0
3, 7, 9, 11, 332840115, 403481000, 8, 6, 873162212, 1
3, 7, 9, 11, 332840115, 403481000, 8, 5, 862528957, 1
3, 7, 9, 11, 332840115, 403481000, 8, 4, 861353455, 1
3, 7, 9, 11, 332840115, 403481000, 8, 3, 858428746, 1
3, 7, 9, 11, 332840115, 403481000, 8, 2, 866749862, 1
3, 7, 9, 11, 332840115, 403481000, 8, 1, 927028128, 1
3, 7, 9, 11, 332840115, 403481000, 8, 0, 942583901, 0
3, 7, 9, 11, 332840115, 403481000, 7, 8, 815048291, 0
3, 7, 9, 11, 332840115, 403481000, 7, 7, 834697915, 0
3, 7, 9, 11, 332840115, 403481000, 7, 6, 850869505, 1
3, 7, 9, 11, 332840115, 403481000, 7, 5, 838094019, 1
3, 7, 9, 11, 332840115, 403481000, 7, 4, 835358682, 1
3, 7, 9, 11, 332840115, 403481000, 7, 3, 831411085, 1
3, 7, 9, 11, 332840115, 403481000, 7, 2, 843310822, 1
3, 7, 9, 11, 332840115, 403481000, 7, 1, 914178577, 1
3, 7, 9, 11, 332840115, 403481000, 7, 0, 933716364, 0
3, 7, 9, 11, 332840115, 403481000, 6, 8, 814825059, 0
3, 7, 9, 11, 332840115, 403481000, 6, 7, 822485339, 1
3, 7, 9, 11, 332840115, 403481000, 6, 6, 841789899, 1
3, 7, 9, 11, 332840115, 403481000, 6, 5, 830043852, 1
3, 7, 9, 11, 332840115, 403481000, 6, 4, 807621480, 1
3, 7, 9, 11, 332840115, 403481000, 6, 3, 800149086, 1
3, 7, 9, 11, 332840115, 403481000, 6, 2, 816002048, 1
3, 7, 9, 11, 332840115, 403481000, 6, 1, 889074268, 1
3, 7, 9, 11, 332840115, 403481000, 6, 0, 911274394, 0
3, 7, 9, 11, 332840115, 403481000, 5, 8, 798579110, 0
3, 7, 9, 11, 332840115, 403481000, 5, 7, 811376669, 1
3, 7, 9, 11, 332840115, 403481000, 5, 6, 816909991, 1
3, 7, 9, 11, 332840115, 403481000, 5, 5, 799569498, 1
3, 7, 9, 11, 332840115, 403481000, 5, 4, 769978730, 1
3, 7, 9, 11, 332840115, 403481000, 5, 3, 759048313, 1
3, 7, 9, 11, 332840115, 403481000, 5, 2, 778769991, 1
3, 7, 9, 11, 332840115, 403481000, 5, 1, 854482011, 1
3, 7, 9, 11, 332840115, 403481000, 5, 0, 895027601, 0
3, 7, 9, 11, 332840115, 403481000, 4, 8, 780403568, 1
3, 7, 9, 11, 332840115, 403481000, 4, 7, 794587419, 1
3, 7, 9, 11, 332840115, 403481000, 4, 6, 805559466, 1
3, 7, 9, 11, 332840115, 403481000, 4, 5, 790335302, 1
3, 7, 9, 11, 332840115, 403481000, 4, 4, 765550939, 1
3, 7, 9, 11, 332840115, 403481000, 4, 3, 728294521, 1
3, 7, 9, 11, 332840115, 403481000, 4, 2, 768499964, 1
3, 7, 9, 11, 332840115, 403481000, 4, 1, 807788713, 1
3, 7, 9, 11, 332840115, 403481000, 4, 0, 849491301, 0
3, 7, 9, 11, 332840115, 403481000, 3, 8, 750621925, 1
3, 7, 9, 11, 332840115, 403481000, 3, 7, 767179097, 1
3, 7, 9, 11, 332840115, 403481000, 3, 6, 783608791, 1
3, 7, 9, 11, 332840115, 403481000, 3, 5, 767075356, 1
3, 7, 9, 11, 332840115, 403481000, 3, 4, 741712837, 1
3, 7, 9, 11, 332840115, 403481000, 3, 3, 708681274, 1
3, 7, 9, 11, 332840115, 403481000, 3, 2, 704973119, 1
3, 7, 9, 11, 332840115, 403481000, 3, 1, 718124031, 1
3, 7, 9, 11, 332840115, 403481000, 3, 0, 763586390, 0
3, 7, 9, 11, 332840115, 403481000, 2, 8, 744111465, 0
3, 7, 9, 11, 332840115, 403481000, 2, 7, 745769291, 0
3, 7, 9, 11, 332840115, 403481000, 2, 6, 784936596, 0
3, 7, 9, 11, 332840115, 403481000, 2, 5, 778584300, 0
3, 7, 9, 11, 332840115, 403481000, 2, 4, 762902524, 0
3, 7, 9, 11, 332840115, 403481000, 2, 3, 748171593, 0
3, 7, 9, 11, 332840115, 403481000, 2, 2, 803715991, 0
3, 7, 9, 11, 332840115, 403481000, 2, 1, 930713610, 0
3, 7, 9, 11, 332840115, 403481000, 2, 0, 1080653737, 0
3, 7, 9, 11, 332840115, 403481000, 1, 8, 746369426, 0
3, 7, 9, 11, 332840115, 403481000, 1, 7, 755596921, 0
3, 7, 9, 11, 332840115, 403481000, 1, 6, 838711201, 1
3, 7, 9, 11, 332840115, 403481000, 1, 5, 800299320, 1
3, 7, 9, 11, 332840115, 403481000, 1, 4, 737937053, 1
3, 7, 9, 11, 332840115, 403481000, 1, 3, 746999290, 1
3, 7, 9, 11, 332840115, 403481000, 1, 2, 764454831, 1
3, 7, 9, 11, 332840115, 403481000, 1, 1, 813184333, 1
3, 7, 9, 11, 332840115, 403481000, 1, 0, 1006936169, 0
3, 7, 9, 11, 332840115, 403481000, 0, 8, 858018194, 1
3, 7, 9, 11, 332840115, 403481000, 0, 7, 928387617, 1
3, 7, 9, 11, 332840115, 403481000, 0, 6, 1036483699, 1
3, 7, 9, 11, 332840115, 403481000, 0, 5, 1026101229, 1
3, 7, 9, 11, 332840115, 403481000, 0, 4, 1015185611, 1
3, 7, 9, 11, 332840115, 403481000, 0, 3, 1013914238, 1
3, 7, 9, 11, 332840115, 403481000, 0, 2, 1014230277, 1
3, 7, 9, 11, 332840115, 403481000, 0, 1, 1039178113, 1
3, 8, 9, 11, 403481001, 467789058, 10, 8, 765632857, 1
3, 8, 9, 11, 403481001, 467789058, 10, 7, 758269985, 1
3, 8, 9, 11, 403481001, 467789058, 10, 6, 737990660, 1
3, 8, 9, 11, 403481001, 467789058, 10, 5, 696765924, 1
3, 8, 9, 11, 403481001, 467789058, 10, 4, 701025945, 1
3, 8, 9, 11, 403481001, 467789058, 10, 3, 733287567, 1
3, 8, 9, 11, 403481001, 467789058, 10, 2, 723487474, 1
3, 8, 9, 11, 403481001, 467789058, 10, 1, 723477247, 1
3, 8, 9, 11, 403481001, 467789058, 10, 0, 829589039, 0
3, 8, 9, 11, 403481001, 467789058, 9, 8, 762355116, 1
3, 8, 9, 11, 403481001, 467789058, 9, 7, 757965797, 1
3, 8, 9, 11, 403481001, 467789058, 9, 6, 738389913, 1
3, 8, 9, 11, 403481001, 467789058, 9, 5, 697168052, 1
3, 8, 9, 11, 403481001, 467789058, 9, 4, 704808709, 1
3, 8, 9, 11, 403481001, 467789058, 9, 3, 726331774, 1
3, 8, 9, 11, 403481001, 467789058, 9, 2, 724978843, 1
3, 8, 9, 11, 403481001, 467789058, 9, 1, 742847871, 1
3, 8, 9, 11, 403481001, 467789058, 9, 0, 801886416, 0
3, 8, 9, 11, 403481001, 467789058, 8, 8, 807057563, 1
3, 8, 9, 11, 403481001, 467789058, 8, 7, 807738233, 1
3, 8, 9, 11, 403481001, 467789058, 8, 6, 797729955, 1
3, 8, 9, 11, 403481001, 467789058, 8, 5, 768010335, 1
3, 8, 9, 11, 403481001, 467789058, 8, 4, 778410194, 1
3, 8, 9, 11, 403481001, 467789058, 8, 3, 805261431, 1
3, 8, 9, 11, 403481001, 467789058, 8, 2, 808630248, 1
3, 8, 9, 11, 403481001, 467789058, 8, 1, 830241738, 1
3, 8, 9, 11, 403481001, 467789058, 8, 0, 902122218, 0
3, 8, 9, 11, 403481001, 467789058, 7, 8, 786288554, 1
3, 8, 9, 11, 403481001, 467789058, 7, 7, 785856533, 1
3, 8, 9, 11, 403481001, 467789058, 7, 6, 772748585, 1
3, 8, 9, 11, 403481001, 467789058, 7, 5, 740583414, 1
3, 8, 9, 11, 403481001, 467789058, 7, 4, 752266611, 1
3, 8, 9, 11, 403481001, 467789058, 7, 3, 783248225, 1
3, 8, 9, 11, 403481001, 467789058, 7, 2, 784013565, 1
3, 8, 9, 11, 403481001, 467789058, 7, 1, 803299085, 1
3, 8, 9, 11, 403481001, 467789058, 7, 0, 880063739, 0
3, 8, 9, 11, 403481001, 467789058, 6, 8, 767216675, 1
3, 8, 9, 11, 403481001, 467789058, 6, 7, 769435851, 1
3, 8, 9, 11, 403481001, 467789058, 6, 6, 753212547, 1
3, 8, 9, 11, 403481001, 467789058, 6, 5, 719552724, 1
3, 8, 9, 11, 403481001, 467789058, 6, 4, 715644411, 1
3, 8, 9, 11, 403481001, 467789058, 6, 3, 752091575, 1
3, 8, 9, 11, 403481001, 467789058, 6, 2, 756671915, 1
3, 8, 9, 11, 403481001, 467789058, 6, 1, 775364700, 1
3, 8, 9, 11, 403481001, 467789058, 6, 0, 872220970, 0
3, 8, 9, 11, 403481001, 467789058, 5, 8, 745597567, 1
3, 8, 9, 11, 403481001, 467789058, 5, 7, 749025651, 1
3, 8, 9, 11, 403481001, 467789058, 5, 6, 711244947, 1
3, 8, 9, 11, 403481001, 467789058, 5, 5, 674565299, 1
3, 8, 9, 11, 403481001, 467789058, 5, 4, 665275959, 1
3, 8, 9, 11, 403481001, 467789058, 5, 3, 708021249, 1
3, 8, 9, 11, 403481001, 467789058, 5, 2, 713985454, 1
3, 8, 9, 11, 403481001, 467789058, 5, 1, 726051978, 1
3, 8, 9, 11, 403481001, 467789058, 5, 0, 830933375, 0
3, 8, 9, 11, 403481001, 467789058, 4, 8, 702379042, 1
3, 8, 9, 11, 403481001, 467789058, 4, 7, 709659270, 1
3, 8, 9, 11, 403481001, 467789058, 4, 6, 668053495, 1
3, 8, 9, 11, 403481001, 467789058, 4, 5, 628387977, 1
3, 8, 9, 11, 403481001, 467789058, 4, 4, 625372248, 1
3, 8, 9, 11, 403481001, 467789058, 4, 3, 649870402, 1
3, 8, 9, 11, 403481001, 467789058, 4, 2, 654542957, 1
3, 8, 9, 11, 403481001, 467789058, 4, 1, 664457354, 1
3, 8, 9, 11, 403481001, 467789058, 4, 0, 783332803, 0
3, 8, 9, 11, 403481001, 467789058, 3, 8, 647234905, 1
3, 8, 9, 11, 403481001, 467789058, 3, 7, 653397726, 1
3, 8, 9, 11, 403481001, 467789058, 3, 6, 603639877, 1
3, 8, 9, 11, 403481001, 467789058, 3, 5, 557622709, 1
3, 8, 9, 11, 403481001, 467789058, 3, 4, 558034636, 1
3, 8, 9, 11, 403481001, 467789058, 3, 3, 550675665, 1
3, 8, 9, 11, 403481001, 467789058, 3, 2, 557769904, 1
3, 8, 9, 11, 403481001, 467789058, 3, 1, 559852007, 1
3, 8, 9, 11, 403481001, 467789058, 3, 0, 709499062, 0
3, 8, 9, 11, 403481001, 467789058, 2, 8, 609201194, 0
3, 8, 9, 11, 403481001, 467789058, 2, 7, 600252505, 1
3, 8, 9, 11, 403481001, 467789058, 2, 6, 540873509, 1
3, 8, 9, 11, 403481001, 467789058, 2, 5, 493929757, 1
3, 8, 9, 11, 403481001, 467789058, 2, 4, 507491707, 1
3, 8, 9, 11, 403481001, 467789058, 2, 3, 524153409, 1
3, 8, 9, 11, 403481001, 467789058, 2, 2, 568879210, 1
3, 8, 9, 11, 403481001, 467789058, 2, 1, 644411148, 1
3, 8, 9, 11, 403481001, 467789058, 2, 0, 952373016, 0
3, 8, 9, 11, 403481001, 467789058, 1, 8, 702202424, 1
3, 8, 9, 11, 403481001, 467789058, 1, 7, 718148597, 1
3, 8, 9, 11, 403481001, 467789058, 1, 6, 677765809, 1
3, 8, 9, 11, 403481001, 467789058, 1, 5, 610119150, 1
3, 8, 9, 11, 403481001, 467789058, 1, 4, 616905459, 1
3, 8, 9, 11, 403481001, 467789058, 1, 3, 620816170, 1
3, 8, 9, 11, 403481001, 467789058, 1, 2, 652763966, 1
3, 8, 9, 11, 403481001, 467789058, 1, 1, 689200784, 1
3, 8, 9, 11, 403481001, 467789058, 1, 0, 883053100, 0
3, 8, 9, 11, 403481001, 467789058, 0, 8, 923386735, 1
3, 8, 9, 11, 403481001, 467789058, 0, 7, 1021190821, 1
3, 8, 9, 11, 403481001, 467789058, 0, 6, 1040387655, 1
3, 8, 9, 11, 403481001, 467789058, 0, 5, 1032891054, 1
3, 8, 9, 11, 403481001, 467789058, 0, 4, 1034513551, 1
3, 8, 9, 11, 403481001, 467789058, 0, 3, 1021459573, 1
3, 8, 9, 11, 403481001, 467789058, 0, 2, 1057622909, 1
3, 8, 9, 11, 403481001, 467789058, 0, 1, 1051788794, 1
3, 9, 9, 11, 467789059, 492589634, 10, 8, 58689, 1
3, 9, 9, 11, 467789059, 492589634, 10, 7, 66109, 1
3, 9, 9, 11, 467789059, 492589634, 10, 6, 75678, 1
3, 9, 9, 11, 467789059, 492589634, 10, 5, 1, 1
3, 9, 9, 11, 467789059, 492589634, 10, 4, 1, 1
3, 9, 9, 11, 467789059, 492589634, 10, 3, 1, 1
3, 9, 9, 11, 467789059, 492589634, 10, 2, 1, 1
3, 9, 9, 11, 467789059, 492589634, 10, 1, 1, 1
3, 9, 9, 11, 467789059, 492589634, 10, 0, 1, 0
3, 9, 9, 11, 467789059, 492589634, 9, 8, 64624, 1
3, 9, 9, 11, 467789059, 492589634, 9, 7, 72804, 1
3, 9, 9, 11, 467789059, 492589634, 9, 6, 83355, 1
3, 9, 9, 11, 467789059, 492589634, 9, 5, 1, 1
3, 9, 9, 11, 467789059, 492589634, 9, 4, 1, 1
3, 9, 9, 11, 467789059, 492589634, 9, 3, 1, 1
3, 9, 9, 11, 467789059, 492589634, 9, 2, 1, 1
3, 9, 9, 11, 467789059, 492589634, 9, 1, 1, 1
3, 9, 9, 11, 467789059, 492589634, 9, 0, 1, 0
3, 9, 9, 11, 467789059, 492589634, 8, 8, 71894, 1
3, 9, 9, 11, 467789059, 492589634, 8, 7, 81007, 1
3, 9, 9, 11, 467789059, 492589634, 8, 6, 92766, 1
3, 9, 9, 11, 467789059, 492589634, 8, 5, 1, 1
3, 9, 9, 11, 467789059, 492589634, 8, 4, 1, 1
3, 9, 9, 11, 467789059, 492589634, 8, 3, 1, 1
3, 9, 9, 11, 467789059, 492589634, 8, 2, 1, 1
3, 9, 9, 11, 467789059, 492589634, 8, 1, 1, 1
3, 9, 9, 11, 467789059, 492589634, 8, 0, 1, 0
3, 9, 9, 11, 467789059, 492589634, 7, 8, 81007, 1
3, 9, 9, 11, 467789059, 492589634, 7, 7, 91294, 1
3, 9, 9, 11, 467789059, 492589634, 7, 6, 104573, 1
3, 9, 9, 11, 467789059, 492589634, 7, 5, 1, 1
3, 9, 9, 11, 467789059, 492589634, 7, 4, 1, 1
3, 9, 9, 11, 467789059, 492589634, 7, 3, 1, 1
3, 9, 9, 11, 467789059, 492589634, 7, 2, 1, 1
3, 9, 9, 11, 467789059, 492589634, 7, 1, 1, 1
3, 9, 9, 11, 467789059, 492589634, 7, 0, 1, 0
3, 9, 9, 11, 467789059, 492589634, 6, 8, 92766, 1
3, 9, 9, 11, 467789059, 492589634, 6, 7, 104573, 1
3, 9, 9, 11, 467789059, 492589634, 6, 6, 119823, 1
3, 9, 9, 11, 467789059, 492589634, 6, 5, 1, 1
3, 9, 9, 11, 467789059, 492589634, 6, 4, 1, 1
3, 9, 9, 11, 467789059, 492589634, 6, 3, 1, 1
3, 9, 9, 11, 467789059, 492589634, 6, 2, 1, 1
3, 9, 9, 11, 467789059, 492589634, 6, 1, 1, 1
3, 9, 9, 11, 467789059, 492589634, 6, 0, 1, 0
3, 9, 9, 11, 467789059, 492589634, 5, 8, 1, 1
3, 9, 9, 11, 467789059, 492589634, 5, 7, 1, 1
3, 9, 9, 11, 467789059, 492589634, 5, 6, 1, 1
3, 9, 9, 11, 467789059, 492589634, 5, 5, 1, 1
3, 9, 9, 11, 467789059, 492589634, 5, 4, 1, 1
3, 9, 9, 11, 467789059, 492589634, 5, 3, 1, 1
3, 9, 9, 11, 467789059, 492589634, 5, 2, 1, 1
3, 9, 9, 11, 467789059, 492589634, 5, 1, 1, 1
3, 9, 9, 11, 467789059, 492589634, 5, 0, 1, 0
3, 9, 9, 11, 467789059, 492589634, 4, 8, 1, 1
3, 9, 9, 11, 467789059, 492589634, 4, 7, 1, 1
3, 9, 9, 11, 467789059, 492589634, 4, 6, 1, 1
3, 9, 9, 11, 467789059, 492589634, 4, 5, 1, 1
3, 9, 9, 11, 467789059, 492589634, 4, 4, 1, 1
3, 9, 9, 11, 467789059, 492589634, 4, 3, 1, 1
3, 9, 9, 11, 467789059, 492589634, 4, 2, 1, 1
3, 9, 9, 11, 467789059, 492589634, 4, 1, 1, 1
3, 9, 9, 11, 467789059, 492589634, 4, 0, 1, 0
3, 9, 9, 11, 467789059, 492589634, 3, 8, 1, 1
3, 9, 9, 11, 467789059, 492589634, 3, 7, 1, 1
3, 9, 9, 11, 467789059, 492589634, 3, 6, 1, 1
3, 9, 9, 11, 467789059, 492589634, 3, 5, 1, 1
3, 9, 9, 11, 467789059, 492589634, 3, 4, 1, 1
3, 9, 9, 11, 467789059, 492589634, 3, 3, 1, 1
3, 9, 9, 11, 467789059, 492589634, 3, 2, 1, 1
3, 9, 9, 11, 467789059, 492589634, 3, 1, 1, 1
3, 9, 9, 11, 467789059, 492589634, 3, 0, 1, 0
3, 9, 9, 11, 467789059, 492589634, 2, 8, 1, 1
3, 9, 9, 11, 467789059, 492589634, 2, 7, 1, 1
3, 9, 9, 11, 467789059, 492589634, 2, 6, 1, 1
3, 9, 9, 11, 467789059, 492589634, 2, 5, 1, 1
3, 9, 9, 11, 467789059, 492589634, 2, 4, 1, 1
3, 9, 9, 11, 467789059, 492589634, 2, 3, 1, 1
3, 9, 9, 11, 467789059, 492589634, 2, 2, 1, 1
3, 9, 9, 11, 467789059, 492589634, 2, 1, 1, 1
3, 9, 9, 11, 467789059, 492589634, 2, 0, 1, 0
3, 9, 9, 11, 467789059, 492589634, 1, 8, 1, 1
3, 9, 9, 11, 467789059, 492589634, 1, 7, 1, 1
3, 9, 9, 11, 467789059, 492589634, 1, 6, 1, 1
3, 9, 9, 11, 467789059, 492589634, 1, 5, 1, 1
3, 9, 9, 11, 467789059, 492589634, 1, 4, 1, 1
3, 9, 9, 11, 467789059, 492589634, 1, 3, 1, 1
3, 9, 9, 11, 467789059, 492589634, 1, 2, 1, 1
3, 9, 9, 11, 467789059, 492589634, 1, 1, 1, 1
3, 9, 9, 11, 467789059, 492589634, 1, 0, 1, 0
3, 9, 9, 11, 467789059, 492589634, 0, 8, 1, 1
3, 9, 9, 11, 467789059, 492589634, 0, 7, 1, 1
3, 9, 9, 11, 467789059, 492589634, 0, 6, 1, 1
3, 9, 9, 11, 467789059, 492589634, 0, 5, 1, 1
3, 9, 9, 11, 467789059, 492589634, 0, 4, 1, 1
3, 9, 9, 11, 467789059, 492589634, 0, 3, 1, 1
3, 9, 9, 11, 467789059, 492589634, 0, 2, 1, 1
3, 9, 9, 11, 467789059, 492589634, 0, 1, 1, 1
3, 10, 9, 11, 492589635, 643375902, 10, 8, 165690937, 1
3, 10, 9, 11, 492589635, 643375902, 10, 7, 170227271, 1
3, 10, 9, 11, 492589635, 643375902, 10, 6, 165891759, 1
3, 10, 9, 11, 492589635, 643375902, 10, 5, 156567983, 1
3, 10, 9, 11, 492589635, 643375902, 10, 4, 134710156, 1
3, 10, 9, 11, 492589635, 643375902, 10, 3, 142192440, 1
3, 10, 9, 11, 492589635, 643375902, 10, 2, 115094891, 1
3, 10, 9, 11, 492589635, 643375902, 10, 1, 104670098, 1
3, 10, 9, 11, 492589635, 643375902, 10, 0, 69443907, 0
3, 10, 9, 11, 492589635, 643375902, 9, 8, 148946005, 1
3, 10, 9, 11, 492589635, 643375902, 9, 7, 159648373, 1
3, 10, 9, 11, 492589635, 643375902, 9, 6, 155941270, 1
3, 10, 9, 11, 492589635, 643375902, 9, 5, 147098608, 1
3, 10, 9, 11, 492589635, 643375902, 9, 4, 133440924, 1
3, 10, 9, 11, 492589635, 643375902, 9, 3, 137911071, 1
3, 10, 9, 11, 492589635, 643375902, 9, 2, 127001259, 1
3, 10, 9, 11, 492589635, 643375902, 9, 1, 115688003, 1
3, 10, 9, 11, 492589635, 643375902, 9, 0, 77159897, 0
3, 10, 9, 11, 492589635, 643375902, 8, 8, 136203754, 1
3, 10, 9, 11, 492589635, 643375902, 8, 7, 144398977, 1
3, 10, 9, 11, 492589635, 643375902, 8, 6, 148080607, 1
3, 10, 9, 11, 492589635, 643375902, 8, 5, 147720154, 1
3, 10, 9, 11, 492589635, 643375902, 8, 4, 148604665, 1
3, 10, 9, 11, 492589635, 643375902, 8, 3, 153672336, 1
3, 10, 9, 11, 492589635, 643375902, 8, 2, 141655251, 1
3, 10, 9, 11, 492589635, 643375902, 8, 1, 129298356, 1
3, 10, 9, 11, 492589635, 643375902, 8, 0, 86804884, 0
3, 10, 9, 11, 492589635, 643375902, 7, 8, 137596446, 1
3, 10, 9, 11, 492589635, 643375902, 7, 7, 147402665, 1
3, 10, 9, 11, 492589635, 643375902, 7, 6, 152291480, 1
3, 10, 9, 11, 492589635, 643375902, 7, 5, 152876494, 1
3, 10, 9, 11, 492589635, 643375902, 7, 4, 155272449, 1
3, 10, 9, 11, 492589635, 643375902, 7, 3, 163114363, 1
3, 10, 9, 11, 492589635, 643375902, 7, 2, 153132316, 1
3, 10, 9, 11, 492589635, 643375902, 7, 1, 146538136, 1
3, 10, 9, 11, 492589635, 643375902, 7, 0, 99205582, 0
3, 10, 9, 11, 492589635, 643375902, 6, 8, 144586797, 1
3, 10, 9, 11, 492589635, 643375902, 6, 7, 154207304, 1
3, 10, 9, 11, 492589635, 643375902, 6, 6, 161084551, 1
3, 10, 9, 11, 492589635, 643375902, 6, 5, 163468670, 1
3, 10, 9, 11, 492589635, 643375902, 6, 4, 163901347, 1
3, 10, 9, 11, 492589635, 643375902, 6, 3, 169391316, 1
3, 10, 9, 11, 492589635, 643375902, 6, 2, 160002839, 1
3, 10, 9, 11, 492589635, 643375902, 6, 1, 156698369, 1
3, 10, 9, 11, 492589635, 643375902, 6, 0, 115739845, 0
3, 10, 9, 11, 492589635, 643375902, 5, 8, 141898096, 1
3, 10, 9, 11, 492589635, 643375902, 5, 7, 153161971, 1
3, 10, 9, 11, 492589635, 643375902, 5, 6, 159869260, 1
3, 10, 9, 11, 492589635, 643375902, 5, 5, 157851333, 1
3, 10, 9, 11, 492589635, 643375902, 5, 4, 151559552, 1
3, 10, 9, 11, 492589635, 643375902, 5, 3, 147658554, 1
3, 10, 9, 11, 492589635, 643375902, 5, 2, 128448896, 1
3, 10, 9, 11, 492589635, 643375902, 5, 1, 107422408, 1
3, 10, 9, 11, 492589635, 643375902, 5, 0, 1, 0
3, 10, 9, 11, 492589635, 643375902, 4, 8, 148969083, 1
3, 10, 9, 11, 492589635, 643375902, 4, 7, 163939651, 1
3, 10, 9, 11, 492589635, 643375902, 4, 6, 173843137, 1
3, 10, 9, 11, 492589635, 643375902, 4, 5, 173855756, 1
3, 10, 9, 11, 492589635, 643375902, 4, 4, 169718354, 1
3, 10, 9, 11, 492589635, 643375902, 4, 3, 161797908, 1
3, 10, 9, 11, 492589635, 643375902, 4, 2, 144474142, 1
3, 10, 9, 11, 492589635, 643375902, 4, 1, 113405916, 1
3, 10, 9, 11, 492589635, 643375902, 4, 0, 1, 0
3, 10, 9, 11, 492589635, 643375902, 3, 8, 158335797, 1
3, 10, 9, 11, 492589635, 643375902, 3, 7, 173572892, 1
3, 10, 9, 11, 492589635, 643375902, 3, 6, 187361969, 1
3, 10, 9, 11, 492589635, 643375902, 3, 5, 189170290, 1
3, 10, 9, 11, 492589635, 643375902, 3, 4, 186491236, 1
3, 10, 9, 11, 492589635, 643375902, 3, 3, 172745368, 1
3, 10, 9, 11, 492589635, 643375902, 3, 2, 154604681, 1
3, 10, 9, 11, 492589635, 643375902, 3, 1, 122808572, 1
3, 10, 9, 11, 492589635, 643375902, 3, 0, 1, 0
3, 10, 9, 11, 492589635, 643375902, 2, 8, 175992055, 1
3, 10, 9, 11, 492589635, 643375902, 2, 7, 191947834, 1
3, 10, 9, 11, 492589635, 643375902, 2, 6, 212690347, 1
3, 10, 9, 11, 492589635, 643375902, 2, 5, 208585321, 1
3, 10, 9, 11, 492589635, 643375902, 2, 4, 207097180, 1
3, 10, 9, 11, 492589635, 643375902, 2, 3, 191654617, 1
3, 10, 9, 11, 492589635, 643375902, 2, 2, 172333126, 1
3, 10, 9, 11, 492589635, 643375902, 2, 1, 139733351, 1
3, 10, 9, 11, 492589635, 643375902, 2, 0, 1, 0
3, 10, 9, 11, 492589635, 643375902, 1, 8, 248506899, 1
3, 10, 9, 11, 492589635, 643375902, 1, 7, 281641152, 1
3, 10, 9, 11, 492589635, 643375902, 1, 6, 324970560, 1
3, 10, 9, 11, 492589635, 643375902, 1, 5, 322359132, 1
3, 10, 9, 11, 492589635, 643375902, 1, 4, 322151168, 1
3, 10, 9, 11, 492589635, 643375902, 1, 3, 301171540, 1
3, 10, 9, 11, 492589635, 643375902, 1, 2, 275733001, 1
3, 10, 9, 11, 492589635, 643375902, 1, 1, 232888919, 1
3, 10, 9, 11, 492589635, 643375902, 1, 0, 1, 0
3, 10, 9, 11, 492589635, 643375902, 0, 8, 528077160, 1
3, 10, 9, 11, 492589635, 643375902, 0, 7, 603516755, 1
3, 10, 9, 11, 492589635, 643375902, 0, 6, 704102880, 1
3, 10, 9, 11, 492589635, 643375902, 0, 5, 709190089, 1
3, 10, 9, 11, 492589635, 643375902, 0, 4, 724840127, 1
3, 10, 9, 11, 492589635, 643375902, 0, 3, 702733593, 1
3, 10, 9, 11, 492589635, 643375902, 0, 2, 689332502, 1
3, 10, 9, 11, 492589635, 643375902, 0, 1, 698666755, 1
3, 11, 9, 11, 643375903, 787269887, 10, 8, 93964230, 1
3, 11, 9, 11, 643375903, 787269887, 10, 7, 96240182, 1
3, 11, 9, 11, 643375903, 787269887, 10, 6, 93886980, 1
3, 11, 9, 11, 643375903, 787269887, 10, 5, 91937520, 1
3, 11, 9, 11, 643375903, 787269887, 10, 4, 78330067, 1
3, 11, 9, 11, 643375903, 787269887, 10, 3, 94339456, 1
3, 11, 9, 11, 643375903, 787269887, 10, 2, 121355299, 1
3, 11, 9, 11, 643375903, 787269887, 10, 1, 58898336, 0
3, 11, 9, 11, 643375903, 787269887, 10, 0, 17614738, 0
3, 11, 9, 11, 643375903, 787269887, 9, 8, 82630614, 1
3, 11, 9, 11, 643375903, 787269887, 9, 7, 82512986, 1
3, 11, 9, 11, 643375903, 787269887, 9, 6, 82555151, 1
3, 11, 9, 11, 643375903, 787269887, 9, 5, 83933877, 1
3, 11, 9, 11, 643375903, 787269887, 9, 4, 65428236, 1
3, 11, 9, 11, 643375903, 787269887, 9, 3, 77762988, 1
3, 11, 9, 11, 643375903, 787269887, 9, 2, 98604466, 1
3, 11, 9, 11, 643375903, 787269887, 9, 1, 11211842, 1
3, 11, 9, 11, 643375903, 787269887, 9, 0, 1, 0
3, 11, 9, 11, 643375903, 787269887, 8, 8, 77245118, 1
3, 11, 9, 11, 643375903, 787269887, 8, 7, 75267756, 1
3, 11, 9, 11, 643375903, 787269887, 8, 6, 86193721, 1
3, 11, 9, 11, 643375903, 787269887, 8, 5, 86788754, 1
3, 11, 9, 11, 643375903, 787269887, 8, 4, 64856563, 1
3, 11, 9, 11, 643375903, 787269887, 8, 3, 76584622, 1
3, 11, 9, 11, 643375903, 787269887, 8, 2, 96432106, 1
3, 11, 9, 11, 643375903, 787269887, 8, 1, 2169272, 1
3, 11, 9, 11, 643375903, 787269887, 8, 0, 1, 0
3, 11, 9, 11, 643375903, 787269887, 7, 8, 87036753, 1
3, 11, 9, 11, 643375903, 787269887, 7, 7, 84825567, 1
3, 11, 9, 11, 643375903, 787269887, 7, 6, 97163831, 1
3, 11, 9, 11, 643375903, 787269887, 7, 5, 97868169, 1
3, 11, 9, 11, 643375903, 787269887, 7, 4, 73171507, 1
3, 11, 9, 11, 643375903, 787269887, 7, 3, 86466509, 1
3, 11, 9, 11, 643375903, 787269887, 7, 2, 109010207, 1
3, 11, 9, 11, 643375903, 787269887, 7, 1, 2458508, 1
3, 11, 9, 11, 643375903, 787269887, 7, 0, 1, 0
3, 11, 9, 11, 643375903, 787269887, 6, 8, 87472591, 1
3, 11, 9, 11, 643375903, 787269887, 6, 7, 83412761, 1
3, 11, 9, 11, 643375903, 787269887, 6, 6, 95577122, 1
3, 11, 9, 11, 643375903, 787269887, 6, 5, 93743784, 1
3, 11, 9, 11, 643375903, 787269887, 6, 4, 83932023, 1
3, 11, 9, 11, 643375903, 787269887, 6, 3, 99276362, 1
3, 11, 9, 11, 643375903, 787269887, 6, 2, 125361738, 1
3, 11, 9, 11, 643375903, 787269887, 6, 1, 2836740, 1
3, 11, 9, 11, 643375903, 787269887, 6, 0, 1, 0
3, 11, 9, 11, 643375903, 787269887, 5, 8, 69784309, 1
3, 11, 9, 11, 643375903, 787269887, 5, 7, 78692944, 1
3, 11, 9, 11, 643375903, 787269887, 5, 6, 90208985, 1
3, 11, 9, 11, 643375903, 787269887, 5, 5, 84410333, 1
3, 11, 9, 11, 643375903, 787269887, 5, 4, 67743287, 1
3, 11, 9, 11, 643375903, 787269887, 5, 3, 77883839, 1
3, 11, 9, 11, 643375903, 787269887, 5, 2, 95182429, 1
3, 11, 9, 11, 643375903, 787269887, 5, 1, 3352510, 1
3, 11, 9, 11, 643375903, 787269887, 5, 0, 1, 0
3, 11, 9, 11, 643375903, 787269887, 4, 8, 65903647, 1
3, 11, 9, 11, 643375903, 787269887, 4, 7, 74352832, 1
3, 11, 9, 11, 643375903, 787269887, 4, 6, 85287072, 1
3, 11, 9, 11, 643375903, 787269887, 4, 5, 74329439, 1
3, 11, 9, 11, 643375903, 787269887, 4, 4, 48572807, 1
3, 11, 9, 11, 643375903, 787269887, 4, 3, 52237914, 1
3, 11, 9, 11, 643375903, 787269887, 4, 2, 58520954, 1
3, 11, 9, 11, 643375903, 787269887, 4, 1, 4097513, 1
3, 11, 9, 11, 643375903, 787269887, 4, 0, 1, 0
3, 11, 9, 11, 643375903, 787269887, 3, 8, 82850299, 1
3, 11, 9, 11, 643375903, 787269887, 3, 7, 93540660, 1
3, 11, 9, 11, 643375903, 787269887, 3, 6, 107398535, 1
3, 11, 9, 11, 643375903, 787269887, 3, 5, 93719727, 1
3, 11, 9, 11, 643375903, 787269887, 3, 4, 61355125, 1
3, 11, 9, 11, 643375903, 787269887, 3, 3, 66168024, 1
3, 11, 9, 11, 643375903, 787269887, 3, 2, 74481214, 1
3, 11, 9, 11, 643375903, 787269887, 3, 1, 5268230, 1
3, 11, 9, 11, 643375903, 787269887, 3, 0, 1, 0
3, 11, 9, 11, 643375903, 787269887, 2, 8, 78703981, 1
3, 11, 9, 11, 643375903, 787269887, 2, 7, 88969717, 1
3, 11, 9, 11, 643375903, 787269887, 2, 6, 102315175, 1
3, 11, 9, 11, 643375903, 787269887, 2, 5, 76593928, 1
3, 11, 9, 11, 643375903, 787269887, 2, 4, 83267669, 1
3, 11, 9, 11, 643375903, 787269887, 2, 3, 90229124, 1
3, 11, 9, 11, 643375903, 787269887, 2, 2, 102411669, 1
3, 11, 9, 11, 643375903, 787269887, 2, 1, 7375522, 1
3, 11, 9, 11, 643375903, 787269887, 2, 0, 1, 0
3, 11, 9, 11, 643375903, 787269887, 1, 8, 120370794, 1
3, 11, 9, 11, 643375903, 787269887, 1, 7, 136420233, 1
3, 11, 9, 11, 643375903, 787269887, 1, 6, 157407961, 1
3, 11, 9, 11, 643375903, 787269887, 1, 5, 118372434, 1
3, 11, 9, 11, 643375903, 787269887, 1, 4, 129527486, 1
3, 11, 9, 11, 643375903, 787269887, 1, 3, 141788623, 1
3, 11, 9, 11, 643375903, 787269887, 1, 2, 163858670, 1
3, 11, 9, 11, 643375903, 787269887, 1, 1, 12292537, 1
3, 11, 9, 11, 643375903, 787269887, 1, 0, 1, 0
3, 11, 9, 11, 643375903, 787269887, 0, 8, 237349132, 1
3, 11, 9, 11, 643375903, 787269887, 0, 7, 271256151, 1
3, 11, 9, 11, 643375903, 787269887, 0, 6, 316465510, 1
3, 11, 9, 11, 643375903, 787269887, 0, 5, 230917267, 1
3, 11, 9, 11, 643375903, 787269887, 0, 4, 254559234, 1
3, 11, 9, 11, 643375903, 787269887, 0, 3, 293962511, 1
3, 11, 9, 11, 643375903, 787269887, 0, 2, 372769066, 1
3, 11, 9, 11, 643375903, 787269887, 0, 1, 1, 1
3, 12, 9, 11, 787269888, 913239868, 10, 8, 128658466, 0
3, 12, 9, 11, 787269888, 913239868, 10, 7, 135516596, 0
3, 12, 9, 11, 787269888, 913239868, 10, 6, 145050020, 0
3, 12, 9, 11, 787269888, 913239868, 10, 5, 158560158, 0
3, 12, 9, 11, 787269888, 913239868, 10, 4, 170476789, 0
3, 12, 9, 11, 787269888, 913239868, 10, 3, 173926102, 0
3, 12, 9, 11, 787269888, 913239868, 10, 2, 190239849, 0
3, 12, 9, 11, 787269888, 913239868, 10, 1, 140309457, 0
3, 12, 9, 11, 787269888, 913239868, 10, 0, 67569199, 0
3, 12, 9, 11, 787269888, 913239868, 9, 8, 112083029, 1
3, 12, 9, 11, 787269888, 913239868, 9, 7, 115908907, 1
3, 12, 9, 11, 787269888, 913239868, 9, 6, 121603787, 0
3, 12, 9, 11, 787269888, 913239868, 9, 5, 130055425, 0
3, 12, 9, 11, 787269888, 913239868, 9, 4, 134134825, 0
3, 12, 9, 11, 787269888, 913239868, 9, 3, 124248262, 1
3, 12, 9, 11, 787269888, 913239868, 9, 2, 124433549, 1
3, 12, 9, 11, 787269888, 913239868, 9, 1, 79002547, 0
3, 12, 9, 11, 787269888, 913239868, 9, 0, 27770981, 0
3, 12, 9, 11, 787269888, 913239868, 8, 8, 88411889, 1
3, 12, 9, 11, 787269888, 913239868, 8, 7, 88089652, 1
3, 12, 9, 11, 787269888, 913239868, 8, 6, 88519725, 1
3, 12, 9, 11, 787269888, 913239868, 8, 5, 90015692, 1
3, 12, 9, 11, 787269888, 913239868, 8, 4, 85721144, 1
3, 12, 9, 11, 787269888, 913239868, 8, 3, 83997177, 1
3, 12, 9, 11, 787269888, 913239868, 8, 2, 79636235, 1
3, 12, 9, 11, 787269888, 913239868, 8, 1, 56704331, 0
3, 12, 9, 11, 787269888, 913239868, 8, 0, 17327153, 0
3, 12, 9, 11, 787269888, 913239868, 7, 8, 88828293, 1
3, 12, 9, 11, 787269888, 913239868, 7, 7, 88372853, 1
3, 12, 9, 11, 787269888, 913239868, 7, 6, 88738439, 0
3, 12, 9, 11, 787269888, 913239868, 7, 5, 90265738, 1
3, 12, 9, 11, 787269888, 913239868, 7, 4, 86324560, 1
3, 12, 9, 11, 787269888, 913239868, 7, 3, 84325660, 1
3, 12, 9, 11, 787269888, 913239868, 7, 2, 81217645, 1
3, 12, 9, 11, 787269888, 913239868, 7, 1, 56046943, 0
3, 12, 9, 11, 787269888, 913239868, 7, 0, 19802460, 0
3, 12, 9, 11, 787269888, 913239868, 6, 8, 89566080, 1
3, 12, 9, 11, 787269888, 913239868, 6, 7, 89339549, 1
3, 12, 9, 11, 787269888, 913239868, 6, 6, 88058326, 1
3, 12, 9, 11, 787269888, 913239868, 6, 5, 90535235, 1
3, 12, 9, 11, 787269888, 913239868, 6, 4, 85746458, 1
3, 12, 9, 11, 787269888, 913239868, 6, 3, 83040147, 1
3, 12, 9, 11, 787269888, 913239868, 6, 2, 78763057, 1
3, 12, 9, 11, 787269888, 913239868, 6, 1, 51632995, 0
3, 12, 9, 11, 787269888, 913239868, 6, 0, 15401914, 0
3, 12, 9, 11, 787269888, 913239868, 5, 8, 93311098, 1
3, 12, 9, 11, 787269888, 913239868, 5, 7, 93304962, 1
3, 12, 9, 11, 787269888, 913239868, 5, 6, 92139620, 0
3, 12, 9, 11, 787269888, 913239868, 5, 5, 93224841, 1
3, 12, 9, 11, 787269888, 913239868, 5, 4, 89295650, 1
3, 12, 9, 11, 787269888, 913239868, 5, 3, 83316445, 1
3, 12, 9, 11, 787269888, 913239868, 5, 2, 80748523, 1
3, 12, 9, 11, 787269888, 913239868, 5, 1, 49814496, 0
3, 12, 9, 11, 787269888, 913239868, 5, 0, 18482296, 0
3, 12, 9, 11, 787269888, 913239868, 4, 8, 94985133, 1
3, 12, 9, 11, 787269888, 913239868, 4, 7, 95960521, 1
3, 12, 9, 11, 787269888, 913239868, 4, 6, 94532892, 0
3, 12, 9, 11, 787269888, 913239868, 4, 5, 97328718, 0
3, 12, 9, 11, 787269888, 913239868, 4, 4, 92854333, 1
3, 12, 9, 11, 787269888, 913239868, 4, 3, 86025010, 1
3, 12, 9, 11, 787269888, 913239868, 4, 2, 86727951, 1
3, 12, 9, 11, 787269888, 913239868, 4, 1, 52076964, 0
3, 12, 9, 11, 787269888, 913239868, 4, 0, 23102870, 0
3, 12, 9, 11, 787269888, 913239868, 3, 8, 100070198, 1
3, 12, 9, 11, 787269888, 913239868, 3, 7, 99915626, 1
3, 12, 9, 11, 787269888, 913239868, 3, 6, 99715255, 1
3, 12, 9, 11, 787269888, 913239868, 3, 5, 103477963, 1
3, 12, 9, 11, 787269888, 913239868, 3, 4, 98170059, 1
3, 12, 9, 11, 787269888, 913239868, 3, 3, 90031273, 1
3, 12, 9, 11, 787269888, 913239868, 3, 2, 91768364, 1
3, 12, 9, 11, 787269888, 913239868, 3, 1, 49031449, 0
3, 12, 9, 11, 787269888, 913239868, 3, 0, 15401914, 0
3, 12, 9, 11, 787269888, 913239868, 2, 8, 103550457, 1
3, 12, 9, 11, 787269888, 913239868, 2, 7, 102891571, 1
3, 12, 9, 11, 787269888, 913239868, 2, 6, 104235155, 0
3, 12, 9, 11, 787269888, 913239868, 2, 5, 111509049, 0
3, 12, 9, 11, 787269888, 913239868, 2, 4, 104297042, 1
3, 12, 9, 11, 787269888, 913239868, 2, 3, 93151214, 1
3, 12, 9, 11, 787269888, 913239868, 2, 2, 100864468, 1
3, 12, 9, 11, 787269888, 913239868, 2, 1, 52790672, 0
3, 12, 9, 11, 787269888, 913239868, 2, 0, 23102870, 0
3, 12, 9, 11, 787269888, 913239868, 1, 8, 87841919, 1
3, 12, 9, 11, 787269888, 913239868, 1, 7, 83118244, 1
3, 12, 9, 11, 787269888, 913239868, 1, 6, 80325954, 1
3, 12, 9, 11, 787269888, 913239868, 1, 5, 88950693, 1
3, 12, 9, 11, 787269888, 913239868, 1, 4, 84523334, 1
3, 12, 9, 11, 787269888, 913239868, 1, 3, 77566055, 1
3, 12, 9, 11, 787269888, 913239868, 1, 2, 65042953, 1
3, 12, 9, 11, 787269888, 913239868, 1, 1, 1, 1
3, 12, 9, 11, 787269888, 913239868, 1, 0, 1, 0
3, 12, 9, 11, 787269888, 913239868, 0, 8, 44250762, 1
3, 12, 9, 11, 787269888, 913239868, 0, 7, 32962375, 1
3, 12, 9, 11, 787269888, 913239868, 0, 6, 17911192, 1
3, 12, 9, 11, 787269888, 913239868, 0, 5, 21493430, 1
3, 12, 9, 11, 787269888, 913239868, 0, 4, 26866787, 1
3, 12, 9, 11, 787269888, 913239868, 0, 3, 35822383, 1
3, 12, 9, 11, 787269888, 913239868, 0, 2, 53733574, 1
3, 12, 9, 11, 787269888, 913239868, 0, 1, 1, 1
3, 13, 9, 11, 913239869, 1674729411, 10, 8, 489868676, 0
3, 13, 9, 11, 913239869, 1674729411, 10, 7, 492500732, 0
3, 13, 9, 11, 913239869, 1674729411, 10, 6, 512307975, 0
3, 13, 9, 11, 913239869, 1674729411, 10, 5, 519320472, 0
3, 13, 9, 11, 913239869, 1674729411, 10, 4, 531325704, 0
3, 13, 9, 11, 913239869, 1674729411, 10, 3, 559145617, 0
3, 13, 9, 11, 913239869, 1674729411, 10, 2, 555582104, 1
3, 13, 9, 11, 913239869, 1674729411, 10, 1, 596573255, 1
3, 13, 9, 11, 913239869, 1674729411, 10, 0, 545560438, 0
3, 13, 9, 11, 913239869, 1674729411, 9, 8, 513982194, 0
3, 13, 9, 11, 913239869, 1674729411, 9, 7, 513782120, 0
3, 13, 9, 11, 913239869, 1674729411, 9, 6, 531602444, 0
3, 13, 9, 11, 913239869, 1674729411, 9, 5, 533981898, 0
3, 13, 9, 11, 913239869, 1674729411, 9, 4, 539686287, 0
3, 13, 9, 11, 913239869, 1674729411, 9, 3, 558879528, 0
3, 13, 9, 11, 913239869, 1674729411, 9, 2, 535710558, 1
3, 13, 9, 11, 913239869, 1674729411, 9, 1, 592232520, 1
3, 13, 9, 11, 913239869, 1674729411, 9, 0, 565308211, 0
3, 13, 9, 11, 913239869, 1674729411, 8, 8, 511968247, 0
3, 13, 9, 11, 913239869, 1674729411, 8, 7, 519236087, 0
3, 13, 9, 11, 913239869, 1674729411, 8, 6, 531573280, 0
3, 13, 9, 11, 913239869, 1674729411, 8, 5, 524261236, 0
3, 13, 9, 11, 913239869, 1674729411, 8, 4, 534541370, 0
3, 13, 9, 11, 913239869, 1674729411, 8, 3, 541141578, 0
3, 13, 9, 11, 913239869, 1674729411, 8, 2, 527152620, 1
3, 13, 9, 11, 913239869, 1674729411, 8, 1, 559981089, 1
3, 13, 9, 11, 913239869, 1674729411, 8, 0, 537235001, 0
3, 13, 9, 11, 913239869, 1674729411, 7, 8, 497863137, 0
3, 13, 9, 11, 913239869, 1674729411, 7, 7, 505913184, 0
3, 13, 9, 11, 913239869, 1674729411, 7, 6, 522557318, 0
3, 13, 9, 11, 913239869, 1674729411, 7, 5, 514572342, 0
3, 13, 9, 11, 913239869, 1674729411, 7, 4, 526533855, 0
3, 13, 9, 11, 913239869, 1674729411, 7, 3, 534545188, 0
3, 13, 9, 11, 913239869, 1674729411, 7, 2, 534881664, 1
3, 13, 9, 11, 913239869, 1674729411, 7, 1, 582128944, 1
3, 13, 9, 11, 913239869, 1674729411, 7, 0, 531155545, 0
3, 13, 9, 11, 913239869, 1674729411, 6, 8, 516265346, 0
3, 13, 9, 11, 913239869, 1674729411, 6, 7, 522557318, 0
3, 13, 9, 11, 913239869, 1674729411, 6, 6, 538770088, 0
3, 13, 9, 11, 913239869, 1674729411, 6, 5, 534662373, 0
3, 13, 9, 11, 913239869, 1674729411, 6, 4, 543500903, 0
3, 13, 9, 11, 913239869, 1674729411, 6, 3, 560409507, 0
3, 13, 9, 11, 913239869, 1674729411, 6, 2, 573918981, 0
3, 13, 9, 11, 913239869, 1674729411, 6, 1, 624306821, 1
3, 13, 9, 11, 913239869, 1674729411, 6, 0, 619681470, 0
3, 13, 9, 11, 913239869, 1674729411, 5, 8, 564301563, 0
3, 13, 9, 11, 913239869, 1674729411, 5, 7, 572683857, 0
3, 13, 9, 11, 913239869, 1674729411, 5, 6, 601278012, 0
3, 13, 9, 11, 913239869, 1674729411, 5, 5, 594215171, 0
3, 13, 9, 11, 913239869, 1674729411, 5, 4, 601792894, 0
3, 13, 9, 11, 913239869, 1674729411, 5, 3, 613218256, 0
3, 13, 9, 11, 913239869, 1674729411, 5, 2, 626734175, 0
3, 13, 9, 11, 913239869, 1674729411, 5, 1, 718912319, 1
3, 13, 9, 11, 913239869, 1674729411, 5, 0, 743617763, 0
3, 13, 9, 11, 913239869, 1674729411, 4, 8, 552044214, 0
3, 13, 9, 11, 913239869, 1674729411, 4, 7, 561898701, 0
3, 13, 9, 11, 913239869, 1674729411, 4, 6, 596066237, 0
3, 13, 9, 11, 913239869, 1674729411, 4, 5, 603668831, 0
3, 13, 9, 11, 913239869, 1674729411, 4, 4, 615700189, 0
3, 13, 9, 11, 913239869, 1674729411, 4, 3, 612462298, 0
3, 13, 9, 11, 913239869, 1674729411, 4, 2, 628799303, 0
3, 13, 9, 11, 913239869, 1674729411, 4, 1, 696077549, 1
3, 13, 9, 11, 913239869, 1674729411, 4, 0, 784574407, 0
3, 13, 9, 11, 913239869, 1674729411, 3, 8, 555620042, 0
3, 13, 9, 11, 913239869, 1674729411, 3, 7, 560997156, 0
3, 13, 9, 11, 913239869, 1674729411, 3, 6, 583078316, 0
3, 13, 9, 11, 913239869, 1674729411, 3, 5, 591269743, 0
3, 13, 9, 11, 913239869, 1674729411, 3, 4, 589253284, 0
3, 13, 9, 11, 913239869, 1674729411, 3, 3, 578115800, 0
3, 13, 9, 11, 913239869, 1674729411, 3, 2, 635591643, 0
3, 13, 9, 11, 913239869, 1674729411, 3, 1, 724137324, 1
3, 13, 9, 11, 913239869, 1674729411, 3, 0, 852835481, 0
3, 13, 9, 11, 913239869, 1674729411, 2, 8, 582549743, 0
3, 13, 9, 11, 913239869, 1674729411, 2, 7, 595932574, 0
3, 13, 9, 11, 913239869, 1674729411, 2, 6, 613330253, 0
3, 13, 9, 11, 913239869, 1674729411, 2, 5, 607685163, 0
3, 13, 9, 11, 913239869, 1674729411, 2, 4, 610228683, 0
3, 13, 9, 11, 913239869, 1674729411, 2, 3, 603188333, 0
3, 13, 9, 11, 913239869, 1674729411, 2, 2, 696348528, 0
3, 13, 9, 11, 913239869, 1674729411, 2, 1, 771238915, 1
3, 13, 9, 11, 913239869, 1674729411, 2, 0, 776846456, 0
3, 13, 9, 11, 913239869, 1674729411, 1, 8, 577644615, 0
3, 13, 9, 11, 913239869, 1674729411, 1, 7, 599737321, 0
3, 13, 9, 11, 913239869, 1674729411, 1, 6, 597243756, 0
3, 13, 9, 11, 913239869, 1674729411, 1, 5, 548742246, 0
3, 13, 9, 11, 913239869, 1674729411, 1, 4, 578144079, 0
3, 13, 9, 11, 913239869, 1674729411, 1, 3, 610067256, 0
3, 13, 9, 11, 913239869, 1674729411, 1, 2, 653102571, 0
3, 13, 9, 11, 913239869, 1674729411, 1, 1, 755073875, 1
3, 13, 9, 11, 913239869, 1674729411, 1, 0, 973901725, 0
3, 13, 9, 11, 913239869, 1674729411, 0, 8, 437571398, 1
3, 13, 9, 11, 913239869, 1674729411, 0, 7, 412089385, 1
3, 13, 9, 11, 913239869, 1674729411, 0, 6, 378113368, 1
3, 13, 9, 11, 913239869, 1674729411, 0, 5, 231324314, 1
3, 13, 9, 11, 913239869, 1674729411, 0, 4, 289155392, 1
3, 13, 9, 11, 913239869, 1674729411, 0, 3, 385540523, 1
3, 13, 9, 11, 913239869, 1674729411, 0, 2, 578310784, 1
3, 13, 9, 11, 913239869, 1674729411, 0, 1, 1156621568, 1
3, 14, 9, 11, 1674729412, 1689929337, 10, 8, 463080048, 0
3, 14, 9, 11, 1674729412, 1689929337, 10, 7, 463481790, 0
3, 14, 9, 11, 1674729412, 1689929337, 10, 6, 454191943, 0
3, 14, 9, 11, 1674729412, 1689929337, 10, 5, 460915155, 0
3, 14, 9, 11, 1674729412, 1689929337, 10, 4, 463990182, 0
3, 14, 9, 11, 1674729412, 1689929337, 10, 3, 473817872, 0
3, 14, 9, 11, 1674729412, 1689929337, 10, 2, 476878713, 0
3, 14, 9, 11, 1674729412, 1689929337, 10, 1, 472557998, 0
3, 14, 9, 11, 1674729412, 1689929337, 10, 0, 489813938, 0
3, 14, 9, 11, 1674729412, 1689929337, 9, 8, 466897189, 0
3, 14, 9, 11, 1674729412, 1689929337, 9, 7, 461961024, 0
3, 14, 9, 11, 1674729412, 1689929337, 9, 6, 452072747, 0
3, 14, 9, 11, 1674729412, 1689929337, 9, 5, 459326039, 0
3, 14, 9, 11, 1674729412, 1689929337, 9, 4, 458658263, 0
3, 14, 9, 11, 1674729412, 1689929337, 9, 3, 469420526, 0
3, 14, 9, 11, 1674729412, 1689929337, 9, 2, 473305249, 0
3, 14, 9, 11, 1674729412, 1689929337, 9, 1, 469771822, 0
3, 14, 9, 11, 1674729412, 1689929337, 9, 0, 488092750, 0
3, 14, 9, 11, 1674729412, 1689929337, 8, 8, 465745207, 0
3, 14, 9, 11, 1674729412, 1689929337, 8, 7, 461772955, 0
3, 14, 9, 11, 1674729412, 1689929337, 8, 6, 452578453, 0
3, 14, 9, 11, 1674729412, 1689929337, 8, 5, 461402681, 0
3, 14, 9, 11, 1674729412, 1689929337, 8, 4, 462888873, 0
3, 14, 9, 11, 1674729412, 1689929337, 8, 3, 462864458, 0
3, 14, 9, 11, 1674729412, 1689929337, 8, 2, 468575690, 0
3, 14, 9, 11, 1674729412, 1689929337, 8, 1, 463658970, 0
3, 14, 9, 11, 1674729412, 1689929337, 8, 0, 480159543, 0
3, 14, 9, 11, 1674729412, 1689929337, 7, 8, 460486831, 0
3, 14, 9, 11, 1674729412, 1689929337, 7, 7, 455405201, 0
3, 14, 9, 11, 1674729412, 1689929337, 7, 6, 445397155, 0
3, 14, 9, 11, 1674729412, 1689929337, 7, 5, 455542473, 0
3, 14, 9, 11, 1674729412, 1689929337, 7, 4, 457662004, 0
3, 14, 9, 11, 1674729412, 1689929337, 7, 3, 457176309, 0
3, 14, 9, 11, 1674729412, 1689929337, 7, 2, 461518106, 0
3, 14, 9, 11, 1674729412, 1689929337, 7, 1, 455051212, 0
3, 14, 9, 11, 1674729412, 1689929337, 7, 0, 476256384, 0
3, 14, 9, 11, 1674729412, 1689929337, 6, 8, 455943200, 0
3, 14, 9, 11, 1674729412, 1689929337, 6, 7, 448802345, 0
3, 14, 9, 11, 1674729412, 1689929337, 6, 6, 438086923, 0
3, 14, 9, 11, 1674729412, 1689929337, 6, 5, 448634997, 0
3, 14, 9, 11, 1674729412, 1689929337, 6, 4, 450424804, 0
3, 14, 9, 11, 1674729412, 1689929337, 6, 3, 450828195, 0
3, 14, 9, 11, 1674729412, 1689929337, 6, 2, 457113453, 0
3, 14, 9, 11, 1674729412, 1689929337, 6, 1, 449595022, 0
3, 14, 9, 11, 1674729412, 1689929337, 6, 0, 477549264, 0
3, 14, 9, 11, 1674729412, 1689929337, 5, 8, 449568468, 0
3, 14, 9, 11, 1674729412, 1689929337, 5, 7, 442349862, 0
3, 14, 9, 11, 1674729412, 1689929337, 5, 6, 430199912, 0
3, 14, 9, 11, 1674729412, 1689929337, 5, 5, 442988257, 0
3, 14, 9, 11, 1674729412, 1689929337, 5, 4, 444814909, 0
3, 14, 9, 11, 1674729412, 1689929337, 5, 3, 449640553, 0
3, 14, 9, 11, 1674729412, 1689929337, 5, 2, 449100508, 0
3, 14, 9, 11, 1674729412, 1689929337, 5, 1, 444179575, 0
3, 14, 9, 11, 1674729412, 1689929337, 5, 0, 479359295, 0
3, 14, 9, 11, 1674729412, 1689929337, 4, 8, 444893616, 0
3, 14, 9, 11, 1674729412, 1689929337, 4, 7, 437659785, 0
3, 14, 9, 11, 1674729412, 1689929337, 4, 6, 424119411, 0
3, 14, 9, 11, 1674729412, 1689929337, 4, 5, 423670778, 0
3, 14, 9, 11, 1674729412, 1689929337, 4, 4, 425311144, 0
3, 14, 9, 11, 1674729412, 1689929337, 4, 3, 429349134, 0
3, 14, 9, 11, 1674729412, 1689929337, 4, 2, 430397805, 0
3, 14, 9, 11, 1674729412, 1689929337, 4, 1, 428513962, 0
3, 14, 9, 11, 1674729412, 1689929337, 4, 0, 468499108, 0
3, 14, 9, 11, 1674729412, 1689929337, 3, 8, 422552321, 0
3, 14, 9, 11, 1674729412, 1689929337, 3, 7, 413224809, 0
3, 14, 9, 11, 1674729412, 1689929337, 3, 6, 395413950, 0
3, 14, 9, 11, 1674729412, 1689929337, 3, 5, 398922037, 0
3, 14, 9, 11, 1674729412, 1689929337, 3, 4, 401225823, 0
3, 14, 9, 11, 1674729412, 1689929337, 3, 3, 407511411, 0
3, 14, 9, 11, 1674729412, 1689929337, 3, 2, 411872924, 0
3, 14, 9, 11, 1674729412, 1689929337, 3, 1, 413036968, 0
3, 14, 9, 11, 1674729412, 1689929337, 3, 0, 468499108, 0
3, 14, 9, 11, 1674729412, 1689929337, 2, 8, 389342701, 0
3, 14, 9, 11, 1674729412, 1689929337, 2, 7, 372566507, 0
3, 14, 9, 11, 1674729412, 1689929337, 2, 6, 349932785, 0
3, 14, 9, 11, 1674729412, 1689929337, 2, 5, 353544948, 0
3, 14, 9, 11, 1674729412, 1689929337, 2, 4, 357007924, 0
3, 14, 9, 11, 1674729412, 1689929337, 2, 3, 367220185, 0
3, 14, 9, 11, 1674729412, 1689929337, 2, 2, 372780383, 0
3, 14, 9, 11, 1674729412, 1689929337, 2, 1, 385748618, 0
3, 14, 9, 11, 1674729412, 1689929337, 2, 0, 468499108, 0
3, 14, 9, 11, 1674729412, 1689929337, 1, 8, 333701328, 0
3, 14, 9, 11, 1674729412, 1689929337, 1, 7, 307509533, 0
3, 14, 9, 11, 1674729412, 1689929337, 1, 6, 273363144, 0
3, 14, 9, 11, 1674729412, 1689929337, 1, 5, 276898165, 0
3, 14, 9, 11, 1674729412, 1689929337, 1, 4, 279076051, 0
3, 14, 9, 11, 1674729412, 1689929337, 1, 3, 288177265, 0
3, 14, 9, 11, 1674729412, 1689929337, 1, 2, 303966005, 0
3, 14, 9, 11, 1674729412, 1689929337, 1, 1, 330560664, 0
3, 14, 9, 11, 1674729412, 1689929337, 1, 0, 468499108, 0
3, 14, 9, 11, 1674729412, 1689929337, 0, 8, 133216481, 1
3, 14, 9, 11, 1674729412, 1689929337, 0, 7, 73699562, 1
3, 14, 9, 11, 1674729412, 1689929337, 0, 6, 1, 1
3, 14, 9, 11, 1674729412, 1689929337, 0, 5, 1, 1
3, 14, 9, 11, 1674729412, 1689929337, 0, 4, 1, 1
3, 14, 9, 11, 1674729412, 1689929337, 0, 3, 1, 1
3, 14, 9, 11, 1674729412, 1689929337, 0, 2, 1, 1
3, 14, 9, 11, 1674729412, 1689929337, 0, 1, 1, 1
3, 15, 9, 11, 1689929338, 1748489744, 10, 8, 478174859, 0
3, 15, 9, 11, 1689929338, 1748489744, 10, 7, 479953340, 0
3, 15, 9, 11, 1689929338, 1748489744, 10, 6, 471142377, 0
3, 15, 9, 11, 1689929338, 1748489744, 10, 5, 477714613, 0
3, 15, 9, 11, 1689929338, 1748489744, 10, 4, 481079900, 0
3, 15, 9, 11, 1689929338, 1748489744, 10, 3, 491644690, 0
3, 15, 9, 11, 1689929338, 1748489744, 10, 2, 495474081, 0
3, 15, 9, 11, 1689929338, 1748489744, 10, 1, 497330522, 0
3, 15, 9, 11, 1689929338, 1748489744, 10, 0, 509664383, 0
3, 15, 9, 11, 1689929338, 1748489744, 9, 8, 482806609, 0
3, 15, 9, 11, 1689929338, 1748489744, 9, 7, 479298641, 0
3, 15, 9, 11, 1689929338, 1748489744, 9, 6, 470688343, 0
3, 15, 9, 11, 1689929338, 1748489744, 9, 5, 477971927, 0
3, 15, 9, 11, 1689929338, 1748489744, 9, 4, 477658006, 0
3, 15, 9, 11, 1689929338, 1748489744, 9, 3, 488424201, 0
3, 15, 9, 11, 1689929338, 1748489744, 9, 2, 493293064, 0
3, 15, 9, 11, 1689929338, 1748489744, 9, 1, 496313254, 0
3, 15, 9, 11, 1689929338, 1748489744, 9, 0, 512751768, 0
3, 15, 9, 11, 1689929338, 1748489744, 8, 8, 484461662, 0
3, 15, 9, 11, 1689929338, 1748489744, 8, 7, 481527487, 0
3, 15, 9, 11, 1689929338, 1748489744, 8, 6, 472339218, 0
3, 15, 9, 11, 1689929338, 1748489744, 8, 5, 482106451, 0
3, 15, 9, 11, 1689929338, 1748489744, 8, 4, 482869731, 0
3, 15, 9, 11, 1689929338, 1748489744, 8, 3, 482559134, 0
3, 15, 9, 11, 1689929338, 1748489744, 8, 2, 487585502, 0
3, 15, 9, 11, 1689929338, 1748489744, 8, 1, 487919747, 0
3, 15, 9, 11, 1689929338, 1748489744, 8, 0, 501006556, 0
3, 15, 9, 11, 1689929338, 1748489744, 7, 8, 477496977, 0
3, 15, 9, 11, 1689929338, 1748489744, 7, 7, 473860175, 0
3, 15, 9, 11, 1689929338, 1748489744, 7, 6, 464334865, 0
3, 15, 9, 11, 1689929338, 1748489744, 7, 5, 475666473, 0
3, 15, 9, 11, 1689929338, 1748489744, 7, 4, 476773320, 0
3, 15, 9, 11, 1689929338, 1748489744, 7, 3, 478436002, 0
3, 15, 9, 11, 1689929338, 1748489744, 7, 2, 488014060, 0
3, 15, 9, 11, 1689929338, 1748489744, 7, 1, 490589817, 0
3, 15, 9, 11, 1689929338, 1748489744, 7, 0, 505650477, 0
3, 15, 9, 11, 1689929338, 1748489744, 6, 8, 469995806, 0
3, 15, 9, 11, 1689929338, 1748489744, 6, 7, 463824247, 0
3, 15, 9, 11, 1689929338, 1748489744, 6, 6, 453884787, 0
3, 15, 9, 11, 1689929338, 1748489744, 6, 5, 466175476, 0
3, 15, 9, 11, 1689929338, 1748489744, 6, 4, 466997164, 0
3, 15, 9, 11, 1689929338, 1748489744, 6, 3, 468533404, 0
3, 15, 9, 11, 1689929338, 1748489744, 6, 2, 478385640, 0
3, 15, 9, 11, 1689929338, 1748489744, 6, 1, 483009990, 0
3, 15, 9, 11, 1689929338, 1748489744, 6, 0, 504505427, 0
3, 15, 9, 11, 1689929338, 1748489744, 5, 8, 463267186, 0
3, 15, 9, 11, 1689929338, 1748489744, 5, 7, 455264811, 0
3, 15, 9, 11, 1689929338, 1748489744, 5, 6, 444840314, 0
3, 15, 9, 11, 1689929338, 1748489744, 5, 5, 459922444, 0
3, 15, 9, 11, 1689929338, 1748489744, 5, 4, 462699374, 0
3, 15, 9, 11, 1689929338, 1748489744, 5, 3, 464803330, 0
3, 15, 9, 11, 1689929338, 1748489744, 5, 2, 466520919, 0
3, 15, 9, 11, 1689929338, 1748489744, 5, 1, 473193198, 0
3, 15, 9, 11, 1689929338, 1748489744, 5, 0, 486050890, 0
3, 15, 9, 11, 1689929338, 1748489744, 4, 8, 461849113, 0
3, 15, 9, 11, 1689929338, 1748489744, 4, 7, 453816346, 0
3, 15, 9, 11, 1689929338, 1748489744, 4, 6, 442821419, 0
3, 15, 9, 11, 1689929338, 1748489744, 4, 5, 445336582, 0
3, 15, 9, 11, 1689929338, 1748489744, 4, 4, 449318461, 0
3, 15, 9, 11, 1689929338, 1748489744, 4, 3, 451728753, 0
3, 15, 9, 11, 1689929338, 1748489744, 4, 2, 455135744, 0
3, 15, 9, 11, 1689929338, 1748489744, 4, 1, 462741926, 0
3, 15, 9, 11, 1689929338, 1748489744, 4, 0, 490438836, 0
3, 15, 9, 11, 1689929338, 1748489744, 3, 8, 448683659, 0
3, 15, 9, 11, 1689929338, 1748489744, 3, 7, 440117487, 0
3, 15, 9, 11, 1689929338, 1748489744, 3, 6, 426243199, 0
3, 15, 9, 11, 1689929338, 1748489744, 3, 5, 429024470, 0
3, 15, 9, 11, 1689929338, 1748489744, 3, 4, 436957567, 0
3, 15, 9, 11, 1689929338, 1748489744, 3, 3, 439726493, 0
3, 15, 9, 11, 1689929338, 1748489744, 3, 2, 445651185, 0
3, 15, 9, 11, 1689929338, 1748489744, 3, 1, 461354273, 0
3, 15, 9, 11, 1689929338, 1748489744, 3, 0, 525110246, 0
3, 15, 9, 11, 1689929338, 1748489744, 2, 8, 421937804, 0
3, 15, 9, 11, 1689929338, 1748489744, 2, 7, 407431594, 0
3, 15, 9, 11, 1689929338, 1748489744, 2, 6, 390494343, 0
3, 15, 9, 11, 1689929338, 1748489744, 2, 5, 393301523, 0
3, 15, 9, 11, 1689929338, 1748489744, 2, 4, 398712883, 0
3, 15, 9, 11, 1689929338, 1748489744, 2, 3, 404315575, 0
3, 15, 9, 11, 1689929338, 1748489744, 2, 2, 414120285, 0
3, 15, 9, 11, 1689929338, 1748489744, 2, 1, 435690649, 0
3, 15, 9, 11, 1689929338, 1748489744, 2, 0, 521972104, 0
3, 15, 9, 11, 1689929338, 1748489744, 1, 8, 354662349, 0
3, 15, 9, 11, 1689929338, 1748489744, 1, 7, 330419169, 0
3, 15, 9, 11, 1689929338, 1748489744, 1, 6, 304064356, 0
3, 15, 9, 11, 1689929338, 1748489744, 1, 5, 305983893, 0
3, 15, 9, 11, 1689929338, 1748489744, 1, 4, 310952034, 0
3, 15, 9, 11, 1689929338, 1748489744, 1, 3, 318759113, 0
3, 15, 9, 11, 1689929338, 1748489744, 1, 2, 332811854, 0
3, 15, 9, 11, 1689929338, 1748489744, 1, 1, 365601584, 0
3, 15, 9, 11, 1689929338, 1748489744, 1, 0, 529550233, 0
3, 15, 9, 11, 1689929338, 1748489744, 0, 8, 127819089, 1
3, 15, 9, 11, 1689929338, 1748489744, 0, 7, 69983598, 1
3, 15, 9, 11, 1689929338, 1748489744, 0, 6, 1, 1
3, 15, 9, 11, 1689929338, 1748489744, 0, 5, 1, 1
3, 15, 9, 11, 1689929338, 1748489744, 0, 4, 1, 1
3, 15, 9, 11, 1689929338, 1748489744, 0, 3, 1, 1
3, 15, 9, 11, 1689929338, 1748489744, 0, 2, 1, 1
3, 15, 9, 11, 1689929338, 1748489744, 0, 1, 1, 1
3, 16, 9, 11, 1748489745, 1753043203, 10, 8, 820448, 0
3, 16, 9, 11, 1748489745, 1753043203, 10, 7, 924183, 0
3, 16, 9, 11, 1748489745, 1753043203, 10, 6, 758026, 0
3, 16, 9, 11, 1748489745, 1753043203, 10, 5, 886307, 0
3, 16, 9, 11, 1748489745, 1753043203, 10, 4, 1066851, 0
3, 16, 9, 11, 1748489745, 1753043203, 10, 3, 1076836, 0
3, 16, 9, 11, 1748489745, 1753043203, 10, 2, 597181, 0
3, 16, 9, 11, 1748489745, 1753043203, 10, 1, 520661, 0
3, 16, 9, 11, 1748489745, 1753043203, 10, 0, 1093387, 0
3, 16, 9, 11, 1748489745, 1753043203, 9, 8, 903415, 0
3, 16, 9, 11, 1748489745, 1753043203, 9, 7, 1017771, 0
3, 16, 9, 11, 1748489745, 1753043203, 9, 6, 834927, 0
3, 16, 9, 11, 1748489745, 1753043203, 9, 5, 976440, 0
3, 16, 9, 11, 1748489745, 1753043203, 9, 4, 1175714, 0
3, 16, 9, 11, 1748489745, 1753043203, 9, 3, 1187281, 0
3, 16, 9, 11, 1748489745, 1753043203, 9, 2, 658959, 0
3, 16, 9, 11, 1748489745, 1753043203, 9, 1, 575467, 0
3, 16, 9, 11, 1748489745, 1753043203, 9, 0, 1214875, 0
3, 16, 9, 11, 1748489745, 1753043203, 8, 8, 868376, 1
3, 16, 9, 11, 1748489745, 1753043203, 8, 7, 978451, 1
3, 16, 9, 11, 1748489745, 1753043203, 8, 6, 752841, 1
3, 16, 9, 11, 1748489745, 1753043203, 8, 5, 880681, 1
3, 16, 9, 11, 1748489745, 1753043203, 8, 4, 1060821, 1
3, 16, 9, 11, 1748489745, 1753043203, 8, 3, 1010574, 1
3, 16, 9, 11, 1748489745, 1753043203, 8, 2, 314459, 1
3, 16, 9, 11, 1748489745, 1753043203, 8, 1, 1, 1
3, 16, 9, 11, 1748489745, 1753043203, 8, 0, 1, 0
3, 16, 9, 11, 1748489745, 1753043203, 7, 8, 978451, 1
3, 16, 9, 11, 1748489745, 1753043203, 7, 7, 1102699, 1
3, 16, 9, 11, 1748489745, 1753043203, 7, 6, 848657, 1
3, 16, 9, 11, 1748489745, 1753043203, 7, 5, 993109, 1
3, 16, 9, 11, 1748489745, 1753043203, 7, 4, 1196823, 1
3, 16, 9, 11, 1748489745, 1753043203, 7, 3, 1140970, 1
3, 16, 9, 11, 1748489745, 1753043203, 7, 2, 355475, 1
3, 16, 9, 11, 1748489745, 1753043203, 7, 1, 1, 1
3, 16, 9, 11, 1748489745, 1753043203, 7, 0, 1, 0
3, 16, 9, 11, 1748489745, 1753043203, 6, 8, 1120485, 1
3, 16, 9, 11, 1748489745, 1753043203, 6, 7, 1263092, 1
3, 16, 9, 11, 1748489745, 1753043203, 6, 6, 972419, 1
3, 16, 9, 11, 1748489745, 1753043203, 6, 5, 1138442, 1
3, 16, 9, 11, 1748489745, 1753043203, 6, 4, 1372826, 1
3, 16, 9, 11, 1748489745, 1753043203, 6, 3, 1310003, 1
3, 16, 9, 11, 1748489745, 1753043203, 6, 2, 408796, 1
3, 16, 9, 11, 1748489745, 1753043203, 6, 1, 1, 1
3, 16, 9, 11, 1748489745, 1753043203, 6, 0, 1, 0
3, 16, 9, 11, 1748489745, 1753043203, 5, 8, 1156493, 1
3, 16, 9, 11, 1748489745, 1753043203, 5, 7, 1304130, 1
3, 16, 9, 11, 1748489745, 1753043203, 5, 6, 939029, 1
3, 16, 9, 11, 1748489745, 1753043203, 5, 5, 1100005, 1
3, 16, 9, 11, 1748489745, 1753043203, 5, 4, 1327592, 1
3, 16, 9, 11, 1748489745, 1753043203, 5, 3, 1182355, 1
3, 16, 9, 11, 1748489745, 1753043203, 5, 2, 1, 1
3, 16, 9, 11, 1748489745, 1753043203, 5, 1, 1, 1
3, 16, 9, 11, 1748489745, 1753043203, 5, 0, 1, 0
3, 16, 9, 11, 1748489745, 1753043203, 4, 8, 1210081, 1
3, 16, 9, 11, 1748489745, 1753043203, 4, 7, 1365220, 1
3, 16, 9, 11, 1748489745, 1753043203, 4, 6, 895577, 1
3, 16, 9, 11, 1748489745, 1753043203, 4, 5, 1049987, 1
3, 16, 9, 11, 1748489745, 1753043203, 4, 4, 1268735, 1
3, 16, 9, 11, 1748489745, 1753043203, 4, 3, 1007558, 1
3, 16, 9, 11, 1748489745, 1753043203, 4, 2, 1, 1
3, 16, 9, 11, 1748489745, 1753043203, 4, 1, 1, 1
3, 16, 9, 11, 1748489745, 1753043203, 4, 0, 1, 0
3, 16, 9, 11, 1748489745, 1753043203, 3, 8, 1521245, 1
3, 16, 9, 11, 1748489745, 1753043203, 3, 7, 1717534, 1
3, 16, 9, 11, 1748489745, 1753043203, 3, 6, 1127764, 1
3, 16, 9, 11, 1748489745, 1753043203, 3, 5, 1323897, 1
3, 16, 9, 11, 1748489745, 1753043203, 3, 4, 1602612, 1
3, 16, 9, 11, 1748489745, 1753043203, 3, 3, 1276240, 1
3, 16, 9, 11, 1748489745, 1753043203, 3, 2, 1, 1
3, 16, 9, 11, 1748489745, 1753043203, 3, 1, 1, 1
3, 16, 9, 11, 1748489745, 1753043203, 3, 0, 1, 0
3, 16, 9, 11, 1748489745, 1753043203, 2, 8, 736293, 1
3, 16, 9, 11, 1748489745, 1753043203, 2, 7, 832331, 1
3, 16, 9, 11, 1748489745, 1753043203, 2, 6, 957180, 1
3, 16, 9, 11, 1748489745, 1753043203, 2, 5, 1126095, 1
3, 16, 9, 11, 1748489745, 1753043203, 2, 4, 1367400, 1
3, 16, 9, 11, 1748489745, 1753043203, 2, 3, 1740328, 1
3, 16, 9, 11, 1748489745, 1753043203, 2, 2, 1, 1
3, 16, 9, 11, 1748489745, 1753043203, 2, 1, 1, 1
3, 16, 9, 11, 1748489745, 1753043203, 2, 0, 1, 0
3, 16, 9, 11, 1748489745, 1753043203, 1, 8, 1, 1
3, 16, 9, 11, 1748489745, 1753043203, 1, 7, 1, 1
3, 16, 9, 11, 1748489745, 1753043203, 1, 6, 1, 1
3, 16, 9, 11, 1748489745, 1753043203, 1, 5, 1, 1
3, 16, 9, 11, 1748489745, 1753043203, 1, 4, 1, 1
3, 16, 9, 11, 1748489745, 1753043203, 1, 3, 1, 1
3, 16, 9, 11, 1748489745, 1753043203, 1, 2, 1, 1
3, 16, 9, 11, 1748489745, 1753043203, 1, 1, 1, 1
3, 16, 9, 11, 1748489745, 1753043203, 1, 0, 1, 0
3, 16, 9, 11, 1748489745, 1753043203, 0, 8, 1, 1
3, 16, 9, 11, 1748489745, 1753043203, 0, 7, 1, 1
3, 16, 9, 11, 1748489745, 1753043203, 0, 6, 1, 1
3, 16, 9, 11, 1748489745, 1753043203, 0, 5, 1, 1
3, 16, 9, 11, 1748489745, 1753043203, 0, 4, 1, 1
3, 16, 9, 11, 1748489745, 1753043203, 0, 3, 1, 1
3, 16, 9, 11, 1748489745, 1753043203, 0, 2, 1, 1
3, 16, 9, 11, 1748489745, 1753043203, 0, 1, 1, 1
