3, 1, 15, 8, 1, 85692881, 4, 11, 10791809, 1
3, 1, 15, 8, 1, 85692881, 4, 10, 10664566, 1
3, 1, 15, 8, 1, 85692881, 4, 9, 11690723, 1
3, 1, 15, 8, 1, 85692881, 4, 8, 12359710, 1
3, 1, 15, 8, 1, 85692881, 4, 7, 13944288, 1
3, 1, 15, 8, 1, 85692881, 4, 6, 9434120, 1
3, 1, 15, 8, 1, 85692881, 4, 5, 5991183, 1
3, 1, 15, 8, 1, 85692881, 4, 4, 2770965, 1
3, 1, 15, 8, 1, 85692881, 4, 3, 2342955, 1
3, 1, 15, 8, 1, 85692881, 4, 2, 3179725, 1
3, 1, 15, 8, 1, 85692881, 4, 1, 4946239, 1
3, 1, 15, 8, 1, 85692881, 4, 0, 1, 0
3, 1, 15, 8, 1, 85692881, 3, 11, 11512168, 1
3, 1, 15, 8, 1, 85692881, 3, 10, 11691431, 1
3, 1, 15, 8, 1, 85692881, 3, 9, 12812575, 1
3, 1, 15, 8, 1, 85692881, 3, 8, 13447778, 1
3, 1, 15, 8, 1, 85692881, 3, 7, 15182975, 1
3, 1, 15, 8, 1, 85692881, 3, 6, 9170558, 1
3, 1, 15, 8, 1, 85692881, 3, 5, 7554100, 1
3, 1, 15, 8, 1, 85692881, 3, 4, 3500167, 1
3, 1, 15, 8, 1, 85692881, 3, 3, 2967743, 1
3, 1, 15, 8, 1, 85692881, 3, 2, 4046923, 1
3, 1, 15, 8, 1, 85692881, 3, 1, 6359450, 1
3, 1, 15, 8, 1, 85692881, 3, 0, 1, 0
3, 1, 15, 8, 1, 85692881, 2, 11, 7132015, 1
3, 1, 15, 8, 1, 85692881, 2, 10, 7800642, 1
3, 1, 15, 8, 1, 85692881, 2, 9, 8502738, 1
3, 1, 15, 8, 1, 85692881, 2, 8, 9483824, 1
3, 1, 15, 8, 1, 85692881, 2, 7, 10720844, 1
3, 1, 15, 8, 1, 85692881, 2, 6, 11280903, 1
3, 1, 15, 8, 1, 85692881, 2, 5, 8926899, 1
3, 1, 15, 8, 1, 85692881, 2, 4, 3179725, 1
3, 1, 15, 8, 1, 85692881, 2, 3, 4046923, 1
3, 1, 15, 8, 1, 85692881, 2, 2, 5564519, 1
3, 1, 15, 8, 1, 85692881, 2, 1, 8903229, 1
3, 1, 15, 8, 1, 85692881, 2, 0, 1, 0
3, 1, 15, 8, 1, 85692881, 1, 11, 7364694, 1
3, 1, 15, 8, 1, 85692881, 1, 10, 8066093, 1
3, 1, 15, 8, 1, 85692881, 1, 9, 8755097, 1
3, 1, 15, 8, 1, 85692881, 1, 8, 9785108, 1
3, 1, 15, 8, 1, 85692881, 1, 7, 11089789, 1
3, 1, 15, 8, 1, 85692881, 1, 6, 11183499, 1
3, 1, 15, 8, 1, 85692881, 1, 5, 6502247, 1
3, 1, 15, 8, 1, 85692881, 1, 4, 4946239, 1
3, 1, 15, 8, 1, 85692881, 1, 3, 6359450, 1
3, 1, 15, 8, 1, 85692881, 1, 2, 8903229, 1
3, 1, 15, 8, 1, 85692881, 1, 1, 14838715, 1
3, 1, 15, 8, 1, 85692881, 1, 0, 1, 0
3, 1, 15, 8, 1, 85692881, 0, 11, 12943581, 1
3, 1, 15, 8, 1, 85692881, 0, 10, 14237939, 1
3, 1, 15, 8, 1, 85692881, 0, 9, 15482030, 1
3, 1, 15, 8, 1, 85692881, 0, 8, 17417284, 1
3, 1, 15, 8, 1, 85692881, 0, 7, 19905468, 1
3, 1, 15, 8, 1, 85692881, 0, 6, 19729486, 1
3, 1, 15, 8, 1, 85692881, 0, 5, 8903229, 1
3, 1, 15, 8, 1, 85692881, 0, 4, 11129037, 1
3, 1, 15, 8, 1, 85692881, 0, 3, 14838715, 1
3, 1, 15, 8, 1, 85692881, 0, 2, 22258073, 1
3, 1, 15, 8, 1, 85692881, 0, 1, 44516145, 1
3, 2, 15, 8, 85692882, 100145576, 4, 11, 34354617, 0
3, 2, 15, 8, 85692882, 100145576, 4, 10, 35213796, 0
3, 2, 15, 8, 85692882, 100145576, 4, 9, 38265117, 0
3, 2, 15, 8, 85692882, 100145576, 4, 8, 38906631, 0
3, 2, 15, 8, 85692882, 100145576, 4, 7, 35940039, 0
3, 2, 15, 8, 85692882, 100145576, 4, 6, 26677053, 0
3, 2, 15, 8, 85692882, 100145576, 4, 5, 26812814, 0
3, 2, 15, 8, 85692882, 100145576, 4, 4, 31677420, 0
3, 2, 15, 8, 85692882, 100145576, 4, 3, 33149189, 0
3, 2, 15, 8, 85692882, 100145576, 4, 2, 39544854, 0
3, 2, 15, 8, 85692882, 100145576, 4, 1, 41721541, 0
3, 2, 15, 8, 85692882, 100145576, 4, 0, 79637655, 0
3, 2, 15, 8, 85692882, 100145576, 3, 11, 36323209, 0
3, 2, 15, 8, 85692882, 100145576, 3, 10, 36786359, 0
3, 2, 15, 8, 85692882, 100145576, 3, 9, 40559319, 0
3, 2, 15, 8, 85692882, 100145576, 3, 8, 40534699, 0
3, 2, 15, 8, 85692882, 100145576, 3, 7, 36436303, 0
3, 2, 15, 8, 85692882, 100145576, 3, 6, 28206206, 0
3, 2, 15, 8, 85692882, 100145576, 3, 5, 27862270, 0
3, 2, 15, 8, 85692882, 100145576, 3, 4, 32816774, 0
3, 2, 15, 8, 85692882, 100145576, 3, 3, 36881203, 0
3, 2, 15, 8, 85692882, 100145576, 3, 2, 47808374, 0
3, 2, 15, 8, 85692882, 100145576, 3, 1, 49679719, 0
3, 2, 15, 8, 85692882, 100145576, 3, 0, 106183540, 0
3, 2, 15, 8, 85692882, 100145576, 2, 11, 35628191, 0
3, 2, 15, 8, 85692882, 100145576, 2, 10, 35050290, 0
3, 2, 15, 8, 85692882, 100145576, 2, 9, 38676182, 0
3, 2, 15, 8, 85692882, 100145576, 2, 8, 39007132, 0
3, 2, 15, 8, 85692882, 100145576, 2, 7, 31521581, 0
3, 2, 15, 8, 85692882, 100145576, 2, 6, 24497942, 0
3, 2, 15, 8, 85692882, 100145576, 2, 5, 21719030, 0
3, 2, 15, 8, 85692882, 100145576, 2, 4, 25136428, 0
3, 2, 15, 8, 85692882, 100145576, 2, 3, 31991818, 0
3, 2, 15, 8, 85692882, 100145576, 2, 2, 40573008, 0
3, 2, 15, 8, 85692882, 100145576, 2, 1, 48246494, 0
3, 2, 15, 8, 85692882, 100145576, 2, 0, 106012531, 0
3, 2, 15, 8, 85692882, 100145576, 1, 11, 39288900, 0
3, 2, 15, 8, 85692882, 100145576, 1, 10, 40763920, 0
3, 2, 15, 8, 85692882, 100145576, 1, 9, 45054858, 0
3, 2, 15, 8, 85692882, 100145576, 1, 8, 44036380, 0
3, 2, 15, 8, 85692882, 100145576, 1, 7, 38479452, 0
3, 2, 15, 8, 85692882, 100145576, 1, 6, 28728930, 0
3, 2, 15, 8, 85692882, 100145576, 1, 5, 22976433, 0
3, 2, 15, 8, 85692882, 100145576, 1, 4, 26158583, 0
3, 2, 15, 8, 85692882, 100145576, 1, 3, 33632463, 0
3, 2, 15, 8, 85692882, 100145576, 1, 2, 41620263, 0
3, 2, 15, 8, 85692882, 100145576, 1, 1, 41583240, 0
3, 2, 15, 8, 85692882, 100145576, 1, 0, 95542311, 0
3, 2, 15, 8, 85692882, 100145576, 0, 11, 27012889, 1
3, 2, 15, 8, 85692882, 100145576, 0, 10, 24953939, 1
3, 2, 15, 8, 85692882, 100145576, 0, 9, 27726599, 1
3, 2, 15, 8, 85692882, 100145576, 0, 8, 17764442, 1
3, 2, 15, 8, 85692882, 100145576, 0, 7, 20302220, 1
3, 2, 15, 8, 85692882, 100145576, 0, 6, 23685923, 1
3, 2, 15, 8, 85692882, 100145576, 0, 5, 25598208, 1
3, 2, 15, 8, 85692882, 100145576, 0, 4, 27669381, 1
3, 2, 15, 8, 85692882, 100145576, 0, 3, 36892507, 1
3, 2, 15, 8, 85692882, 100145576, 0, 2, 41675798, 1
3, 2, 15, 8, 85692882, 100145576, 0, 1, 1, 1
3, 3, 15, 8, 100145577, 160460541, 4, 11, 75079752, 1
3, 3, 15, 8, 100145577, 160460541, 4, 10, 70572902, 1
3, 3, 15, 8, 100145577, 160460541, 4, 9, 68952826, 1
3, 3, 15, 8, 100145577, 160460541, 4, 8, 70464418, 1
3, 3, 15, 8, 100145577, 160460541, 4, 7, 66257847, 1
3, 3, 15, 8, 100145577, 160460541, 4, 6, 66844339, 1
3, 3, 15, 8, 100145577, 160460541, 4, 5, 59230101, 1
3, 3, 15, 8, 100145577, 160460541, 4, 4, 61882603, 1
3, 3, 15, 8, 100145577, 160460541, 4, 3, 61815668, 1
3, 3, 15, 8, 100145577, 160460541, 4, 2, 67645681, 1
3, 3, 15, 8, 100145577, 160460541, 4, 1, 55414526, 1
3, 3, 15, 8, 100145577, 160460541, 4, 0, 28808380, 0
3, 3, 15, 8, 100145577, 160460541, 3, 11, 69865463, 1
3, 3, 15, 8, 100145577, 160460541, 3, 10, 67774139, 1
3, 3, 15, 8, 100145577, 160460541, 3, 9, 68930353, 1
3, 3, 15, 8, 100145577, 160460541, 3, 8, 72644125, 1
3, 3, 15, 8, 100145577, 160460541, 3, 7, 68453889, 1
3, 3, 15, 8, 100145577, 160460541, 3, 6, 71121273, 1
3, 3, 15, 8, 100145577, 160460541, 3, 5, 62077562, 1
3, 3, 15, 8, 100145577, 160460541, 3, 4, 62910183, 1
3, 3, 15, 8, 100145577, 160460541, 3, 3, 58973913, 1
3, 3, 15, 8, 100145577, 160460541, 3, 2, 59740956, 1
3, 3, 15, 8, 100145577, 160460541, 3, 1, 29834532, 1
3, 3, 15, 8, 100145577, 160460541, 3, 0, 1, 0
3, 3, 15, 8, 100145577, 160460541, 2, 11, 85277496, 1
3, 3, 15, 8, 100145577, 160460541, 2, 10, 87550186, 1
3, 3, 15, 8, 100145577, 160460541, 2, 9, 92699440, 1
3, 3, 15, 8, 100145577, 160460541, 2, 8, 97790168, 1
3, 3, 15, 8, 100145577, 160460541, 2, 7, 92263937, 1
3, 3, 15, 8, 100145577, 160460541, 2, 6, 96013719, 1
3, 3, 15, 8, 100145577, 160460541, 2, 5, 83987290, 1
3, 3, 15, 8, 100145577, 160460541, 2, 4, 85378105, 1
3, 3, 15, 8, 100145577, 160460541, 2, 3, 80418971, 1
3, 3, 15, 8, 100145577, 160460541, 2, 2, 82143815, 1
3, 3, 15, 8, 100145577, 160460541, 2, 1, 41768344, 1
3, 3, 15, 8, 100145577, 160460541, 2, 0, 1, 0
3, 3, 15, 8, 100145577, 160460541, 1, 11, 89208378, 1
3, 3, 15, 8, 100145577, 160460541, 1, 10, 95455710, 1
3, 3, 15, 8, 100145577, 160460541, 1, 9, 99539353, 1
3, 3, 15, 8, 100145577, 160460541, 1, 8, 103880649, 1
3, 3, 15, 8, 100145577, 160460541, 1, 7, 96296072, 1
3, 3, 15, 8, 100145577, 160460541, 1, 6, 102919988, 1
3, 3, 15, 8, 100145577, 160460541, 1, 5, 91331923, 1
3, 3, 15, 8, 100145577, 160460541, 1, 4, 85795633, 1
3, 3, 15, 8, 100145577, 160460541, 1, 3, 82696584, 1
3, 3, 15, 8, 100145577, 160460541, 1, 2, 89711709, 1
3, 3, 15, 8, 100145577, 160460541, 1, 1, 39373207, 1
3, 3, 15, 8, 100145577, 160460541, 1, 0, 1, 0
3, 3, 15, 8, 100145577, 160460541, 0, 11, 103103528, 1
3, 3, 15, 8, 100145577, 160460541, 0, 10, 113413881, 1
3, 3, 15, 8, 100145577, 160460541, 0, 9, 119710542, 1
3, 3, 15, 8, 100145577, 160460541, 0, 8, 119014775, 1
3, 3, 15, 8, 100145577, 160460541, 0, 7, 104922026, 1
3, 3, 15, 8, 100145577, 160460541, 0, 6, 122409031, 1
3, 3, 15, 8, 100145577, 160460541, 0, 5, 124484833, 1
3, 3, 15, 8, 100145577, 160460541, 0, 4, 114129013, 1
3, 3, 15, 8, 100145577, 160460541, 0, 3, 152172017, 1
3, 3, 15, 8, 100145577, 160460541, 0, 2, 163099254, 1
3, 3, 15, 8, 100145577, 160460541, 0, 1, 118119619, 1
3, 4, 15, 8, 160460542, 314700940, 4, 11, 521118473, 1
3, 4, 15, 8, 160460542, 314700940, 4, 10, 491613531, 1
3, 4, 15, 8, 160460542, 314700940, 4, 9, 482426668, 1
3, 4, 15, 8, 160460542, 314700940, 4, 8, 444211194, 1
3, 4, 15, 8, 160460542, 314700940, 4, 7, 438410074, 1
3, 4, 15, 8, 160460542, 314700940, 4, 6, 428745202, 1
3, 4, 15, 8, 160460542, 314700940, 4, 5, 389167684, 1
3, 4, 15, 8, 160460542, 314700940, 4, 4, 362821859, 1
3, 4, 15, 8, 160460542, 314700940, 4, 3, 343305194, 1
3, 4, 15, 8, 160460542, 314700940, 4, 2, 292842113, 1
3, 4, 15, 8, 160460542, 314700940, 4, 1, 229957410, 0
3, 4, 15, 8, 160460542, 314700940, 4, 0, 162931300, 0
3, 4, 15, 8, 160460542, 314700940, 3, 11, 536825448, 1
3, 4, 15, 8, 160460542, 314700940, 3, 10, 508763304, 1
3, 4, 15, 8, 160460542, 314700940, 3, 9, 506950237, 1
3, 4, 15, 8, 160460542, 314700940, 3, 8, 472325592, 1
3, 4, 15, 8, 160460542, 314700940, 3, 7, 484212518, 1
3, 4, 15, 8, 160460542, 314700940, 3, 6, 462590076, 1
3, 4, 15, 8, 160460542, 314700940, 3, 5, 433938835, 1
3, 4, 15, 8, 160460542, 314700940, 3, 4, 389602894, 1
3, 4, 15, 8, 160460542, 314700940, 3, 3, 347835271, 1
3, 4, 15, 8, 160460542, 314700940, 3, 2, 254047269, 1
3, 4, 15, 8, 160460542, 314700940, 3, 1, 109452328, 1
3, 4, 15, 8, 160460542, 314700940, 3, 0, 1, 0
3, 4, 15, 8, 160460542, 314700940, 2, 11, 652437772, 1
3, 4, 15, 8, 160460542, 314700940, 2, 10, 632080372, 1
3, 4, 15, 8, 160460542, 314700940, 2, 9, 651772046, 1
3, 4, 15, 8, 160460542, 314700940, 2, 8, 635752942, 1
3, 4, 15, 8, 160460542, 314700940, 2, 7, 652555167, 1
3, 4, 15, 8, 160460542, 314700940, 2, 6, 624405641, 1
3, 4, 15, 8, 160460542, 314700940, 2, 5, 586986705, 1
3, 4, 15, 8, 160460542, 314700940, 2, 4, 528616841, 1
3, 4, 15, 8, 160460542, 314700940, 2, 3, 474320824, 1
3, 4, 15, 8, 160460542, 314700940, 2, 2, 349314995, 1
3, 4, 15, 8, 160460542, 314700940, 2, 1, 153233258, 1
3, 4, 15, 8, 160460542, 314700940, 2, 0, 1, 0
3, 4, 15, 8, 160460542, 314700940, 1, 11, 634348598, 1
3, 4, 15, 8, 160460542, 314700940, 1, 10, 611132920, 1
3, 4, 15, 8, 160460542, 314700940, 1, 9, 623454287, 1
3, 4, 15, 8, 160460542, 314700940, 1, 8, 600630341, 1
3, 4, 15, 8, 160460542, 314700940, 1, 7, 630375564, 1
3, 4, 15, 8, 160460542, 314700940, 1, 6, 594627372, 1
3, 4, 15, 8, 160460542, 314700940, 1, 5, 558371573, 1
3, 4, 15, 8, 160460542, 314700940, 1, 4, 499736836, 1
3, 4, 15, 8, 160460542, 314700940, 1, 3, 408808430, 1
3, 4, 15, 8, 160460542, 314700940, 1, 2, 251317626, 1
3, 4, 15, 8, 160460542, 314700940, 1, 1, 60750054, 1
3, 4, 15, 8, 160460542, 314700940, 1, 0, 1, 0
3, 4, 15, 8, 160460542, 314700940, 0, 11, 684227906, 1
3, 4, 15, 8, 160460542, 314700940, 0, 10, 661315626, 1
3, 4, 15, 8, 160460542, 314700940, 0, 9, 720264833, 1
3, 4, 15, 8, 160460542, 314700940, 0, 8, 717417521, 1
3, 4, 15, 8, 160460542, 314700940, 0, 7, 718592185, 1
3, 4, 15, 8, 160460542, 314700940, 0, 6, 711213005, 1
3, 4, 15, 8, 160460542, 314700940, 0, 5, 692498672, 1
3, 4, 15, 8, 160460542, 314700940, 0, 4, 676890594, 1
3, 4, 15, 8, 160460542, 314700940, 0, 3, 615858751, 1
3, 4, 15, 8, 160460542, 314700940, 0, 2, 499741047, 1
3, 4, 15, 8, 160460542, 314700940, 0, 1, 96681959, 1
3, 5, 15, 8, 314700941, 339043595, 4, 11, 17400810, 1
3, 5, 15, 8, 314700941, 339043595, 4, 10, 16852480, 1
3, 5, 15, 8, 314700941, 339043595, 4, 9, 14938993, 1
3, 5, 15, 8, 314700941, 339043595, 4, 8, 14630879, 1
3, 5, 15, 8, 314700941, 339043595, 4, 7, 16506633, 1
3, 5, 15, 8, 314700941, 339043595, 4, 6, 17584968, 1
3, 5, 15, 8, 314700941, 339043595, 4, 5, 17699633, 1
3, 5, 15, 8, 314700941, 339043595, 4, 4, 18810825, 1
3, 5, 15, 8, 314700941, 339043595, 4, 3, 15908888, 1
3, 5, 15, 8, 314700941, 339043595, 4, 2, 13028252, 1
3, 5, 15, 8, 314700941, 339043595, 4, 1, 14318778, 1
3, 5, 15, 8, 314700941, 339043595, 4, 0, 18975507, 0
3, 5, 15, 8, 314700941, 339043595, 3, 11, 20558351, 1
3, 5, 15, 8, 314700941, 339043595, 3, 10, 20454431, 1
3, 5, 15, 8, 314700941, 339043595, 3, 9, 17987623, 1
3, 5, 15, 8, 314700941, 339043595, 3, 8, 17821805, 1
3, 5, 15, 8, 314700941, 339043595, 3, 7, 20121393, 1
3, 5, 15, 8, 314700941, 339043595, 3, 6, 21403459, 1
3, 5, 15, 8, 314700941, 339043595, 3, 5, 21447560, 1
3, 5, 15, 8, 314700941, 339043595, 3, 4, 22708647, 1
3, 5, 15, 8, 314700941, 339043595, 3, 3, 19074248, 1
3, 5, 15, 8, 314700941, 339043595, 3, 2, 15112762, 1
3, 5, 15, 8, 314700941, 339043595, 3, 1, 16101978, 1
3, 5, 15, 8, 314700941, 339043595, 3, 0, 19915626, 0
3, 5, 15, 8, 314700941, 339043595, 2, 11, 20629028, 1
3, 5, 15, 8, 314700941, 339043595, 2, 10, 19853563, 1
3, 5, 15, 8, 314700941, 339043595, 2, 9, 17868312, 1
3, 5, 15, 8, 314700941, 339043595, 2, 8, 16939498, 1
3, 5, 15, 8, 314700941, 339043595, 2, 7, 19148998, 1
3, 5, 15, 8, 314700941, 339043595, 2, 6, 22021348, 1
3, 5, 15, 8, 314700941, 339043595, 2, 5, 23243521, 1
3, 5, 15, 8, 314700941, 339043595, 2, 4, 24084030, 1
3, 5, 15, 8, 314700941, 339043595, 2, 3, 23740047, 1
3, 5, 15, 8, 314700941, 339043595, 2, 2, 17658399, 1
3, 5, 15, 8, 314700941, 339043595, 2, 1, 17548131, 1
3, 5, 15, 8, 314700941, 339043595, 2, 0, 17386843, 0
3, 5, 15, 8, 314700941, 339043595, 1, 11, 27718765, 1
3, 5, 15, 8, 314700941, 339043595, 1, 10, 27970672, 1
3, 5, 15, 8, 314700941, 339043595, 1, 9, 24750062, 1
3, 5, 15, 8, 314700941, 339043595, 1, 8, 23088063, 1
3, 5, 15, 8, 314700941, 339043595, 1, 7, 26166472, 1
3, 5, 15, 8, 314700941, 339043595, 1, 6, 30192082, 1
3, 5, 15, 8, 314700941, 339043595, 1, 5, 35364164, 1
3, 5, 15, 8, 314700941, 339043595, 1, 4, 36782484, 1
3, 5, 15, 8, 314700941, 339043595, 1, 3, 36429495, 1
3, 5, 15, 8, 314700941, 339043595, 1, 2, 27026626, 1
3, 5, 15, 8, 314700941, 339043595, 1, 1, 27202199, 1
3, 5, 15, 8, 314700941, 339043595, 1, 0, 28639630, 0
3, 5, 15, 8, 314700941, 339043595, 0, 11, 48472398, 1
3, 5, 15, 8, 314700941, 339043595, 0, 10, 53084489, 1
3, 5, 15, 8, 314700941, 339043595, 0, 9, 45967993, 1
3, 5, 15, 8, 314700941, 339043595, 0, 8, 41994730, 1
3, 5, 15, 8, 314700941, 339043595, 0, 7, 47993977, 1
3, 5, 15, 8, 314700941, 339043595, 0, 6, 55992973, 1
3, 5, 15, 8, 314700941, 339043595, 0, 5, 67191568, 1
3, 5, 15, 8, 314700941, 339043595, 0, 4, 69617980, 1
3, 5, 15, 8, 314700941, 339043595, 0, 3, 67478676, 1
3, 5, 15, 8, 314700941, 339043595, 0, 2, 41281349, 1
3, 5, 15, 8, 314700941, 339043595, 0, 1, 52966967, 1
3, 6, 15, 8, 339043596, 404339723, 4, 11, 625773732, 1
3, 6, 15, 8, 339043596, 404339723, 4, 10, 607515154, 1
3, 6, 15, 8, 339043596, 404339723, 4, 9, 588784045, 1
3, 6, 15, 8, 339043596, 404339723, 4, 8, 552046064, 1
3, 6, 15, 8, 339043596, 404339723, 4, 7, 545375362, 1
3, 6, 15, 8, 339043596, 404339723, 4, 6, 534900369, 1
3, 6, 15, 8, 339043596, 404339723, 4, 5, 484398771, 1
3, 6, 15, 8, 339043596, 404339723, 4, 4, 467805854, 1
3, 6, 15, 8, 339043596, 404339723, 4, 3, 423777364, 1
3, 6, 15, 8, 339043596, 404339723, 4, 2, 364445954, 1
3, 6, 15, 8, 339043596, 404339723, 4, 1, 317478885, 1
3, 6, 15, 8, 339043596, 404339723, 4, 0, 133029229, 0
3, 6, 15, 8, 339043596, 404339723, 3, 11, 658200798, 1
3, 6, 15, 8, 339043596, 404339723, 3, 10, 646773212, 1
3, 6, 15, 8, 339043596, 404339723, 3, 9, 633888331, 1
3, 6, 15, 8, 339043596, 404339723, 3, 8, 599180422, 1
3, 6, 15, 8, 339043596, 404339723, 3, 7, 610593161, 1
3, 6, 15, 8, 339043596, 404339723, 3, 6, 594856321, 1
3, 6, 15, 8, 339043596, 404339723, 3, 5, 560288651, 1
3, 6, 15, 8, 339043596, 404339723, 3, 4, 529811322, 1
3, 6, 15, 8, 339043596, 404339723, 3, 3, 459389636, 1
3, 6, 15, 8, 339043596, 404339723, 3, 2, 358301635, 1
3, 6, 15, 8, 339043596, 404339723, 3, 1, 242340655, 1
3, 6, 15, 8, 339043596, 404339723, 3, 0, 1, 0
3, 6, 15, 8, 339043596, 404339723, 2, 11, 789037513, 1
3, 6, 15, 8, 339043596, 404339723, 2, 10, 796078328, 1
3, 6, 15, 8, 339043596, 404339723, 2, 9, 810249788, 1
3, 6, 15, 8, 339043596, 404339723, 2, 8, 796138664, 1
3, 6, 15, 8, 339043596, 404339723, 2, 7, 811159935, 1
3, 6, 15, 8, 339043596, 404339723, 2, 6, 789470558, 1
3, 6, 15, 8, 339043596, 404339723, 2, 5, 742054674, 1
3, 6, 15, 8, 339043596, 404339723, 2, 4, 699621829, 1
3, 6, 15, 8, 339043596, 404339723, 2, 3, 601739549, 1
3, 6, 15, 8, 339043596, 404339723, 2, 2, 458701060, 1
3, 6, 15, 8, 339043596, 404339723, 2, 1, 284935017, 1
3, 6, 15, 8, 339043596, 404339723, 2, 0, 1, 0
3, 6, 15, 8, 339043596, 404339723, 1, 11, 764541245, 1
3, 6, 15, 8, 339043596, 404339723, 1, 10, 787173662, 1
3, 6, 15, 8, 339043596, 404339723, 1, 9, 813749086, 1
3, 6, 15, 8, 339043596, 404339723, 1, 8, 802326100, 1
3, 6, 15, 8, 339043596, 404339723, 1, 7, 837400029, 1
3, 6, 15, 8, 339043596, 404339723, 1, 6, 823412708, 1
3, 6, 15, 8, 339043596, 404339723, 1, 5, 783920871, 1
3, 6, 15, 8, 339043596, 404339723, 1, 4, 761864982, 1
3, 6, 15, 8, 339043596, 404339723, 1, 3, 668803230, 1
3, 6, 15, 8, 339043596, 404339723, 1, 2, 539616766, 1
3, 6, 15, 8, 339043596, 404339723, 1, 1, 468996636, 1
3, 6, 15, 8, 339043596, 404339723, 1, 0, 1, 0
3, 6, 15, 8, 339043596, 404339723, 0, 11, 911991276, 1
3, 6, 15, 8, 339043596, 404339723, 0, 10, 897810231, 1
3, 6, 15, 8, 339043596, 404339723, 0, 9, 980820727, 1
3, 6, 15, 8, 339043596, 404339723, 0, 8, 1000039421, 1
3, 6, 15, 8, 339043596, 404339723, 0, 7, 1017409419, 1
3, 6, 15, 8, 339043596, 404339723, 0, 6, 1029450291, 1
3, 6, 15, 8, 339043596, 404339723, 0, 5, 1030081525, 1
3, 6, 15, 8, 339043596, 404339723, 0, 4, 1066697193, 1
3, 6, 15, 8, 339043596, 404339723, 0, 3, 1046434214, 1
3, 6, 15, 8, 339043596, 404339723, 0, 2, 1092731584, 1
3, 6, 15, 8, 339043596, 404339723, 0, 1, 1104417202, 1
3, 7, 15, 8, 404339724, 491226863, 4, 11, 705946921, 1
3, 7, 15, 8, 404339724, 491226863, 4, 10, 686554580, 1
3, 7, 15, 8, 404339724, 491226863, 4, 9, 679159174, 1
3, 7, 15, 8, 404339724, 491226863, 4, 8, 641038559, 1
3, 7, 15, 8, 404339724, 491226863, 4, 7, 647724102, 1
3, 7, 15, 8, 404339724, 491226863, 4, 6, 650554801, 1
3, 7, 15, 8, 404339724, 491226863, 4, 5, 622723371, 1
3, 7, 15, 8, 404339724, 491226863, 4, 4, 599587400, 1
3, 7, 15, 8, 404339724, 491226863, 4, 3, 601513555, 1
3, 7, 15, 8, 404339724, 491226863, 4, 2, 530432132, 1
3, 7, 15, 8, 404339724, 491226863, 4, 1, 477062704, 1
3, 7, 15, 8, 404339724, 491226863, 4, 0, 236148426, 0
3, 7, 15, 8, 404339724, 491226863, 3, 11, 677846669, 1
3, 7, 15, 8, 404339724, 491226863, 3, 10, 659057380, 1
3, 7, 15, 8, 404339724, 491226863, 3, 9, 652858853, 1
3, 7, 15, 8, 404339724, 491226863, 3, 8, 609579415, 1
3, 7, 15, 8, 404339724, 491226863, 3, 7, 619138376, 1
3, 7, 15, 8, 404339724, 491226863, 3, 6, 597467853, 1
3, 7, 15, 8, 404339724, 491226863, 3, 5, 570188309, 1
3, 7, 15, 8, 404339724, 491226863, 3, 4, 550480107, 1
3, 7, 15, 8, 404339724, 491226863, 3, 3, 499852132, 1
3, 7, 15, 8, 404339724, 491226863, 3, 2, 412668907, 1
3, 7, 15, 8, 404339724, 491226863, 3, 1, 345725961, 1
3, 7, 15, 8, 404339724, 491226863, 3, 0, 1, 0
3, 7, 15, 8, 404339724, 491226863, 2, 11, 796294735, 1
3, 7, 15, 8, 404339724, 491226863, 2, 10, 783483675, 1
3, 7, 15, 8, 404339724, 491226863, 2, 9, 799969418, 1
3, 7, 15, 8, 404339724, 491226863, 2, 8, 773059535, 1
3, 7, 15, 8, 404339724, 491226863, 2, 7, 785466010, 1
3, 7, 15, 8, 404339724, 491226863, 2, 6, 755611037, 1
3, 7, 15, 8, 404339724, 491226863, 2, 5, 717828233, 1
3, 7, 15, 8, 404339724, 491226863, 2, 4, 681990778, 1
3, 7, 15, 8, 404339724, 491226863, 2, 3, 598775531, 1
3, 7, 15, 8, 404339724, 491226863, 2, 2, 453513355, 1
3, 7, 15, 8, 404339724, 491226863, 2, 1, 301766119, 1
3, 7, 15, 8, 404339724, 491226863, 2, 0, 1, 0
3, 7, 15, 8, 404339724, 491226863, 1, 11, 751960821, 1
3, 7, 15, 8, 404339724, 491226863, 1, 10, 731395069, 1
3, 7, 15, 8, 404339724, 491226863, 1, 9, 761259356, 1
3, 7, 15, 8, 404339724, 491226863, 1, 8, 728864194, 1
3, 7, 15, 8, 404339724, 491226863, 1, 7, 753847282, 1
3, 7, 15, 8, 404339724, 491226863, 1, 6, 717521414, 1
3, 7, 15, 8, 404339724, 491226863, 1, 5, 663217210, 1
3, 7, 15, 8, 404339724, 491226863, 1, 4, 614778052, 1
3, 7, 15, 8, 404339724, 491226863, 1, 3, 506446453, 1
3, 7, 15, 8, 404339724, 491226863, 1, 2, 321720756, 1
3, 7, 15, 8, 404339724, 491226863, 1, 1, 167965645, 1
3, 7, 15, 8, 404339724, 491226863, 1, 0, 1, 0
3, 7, 15, 8, 404339724, 491226863, 0, 11, 815783440, 1
3, 7, 15, 8, 404339724, 491226863, 0, 10, 807225014, 1
3, 7, 15, 8, 404339724, 491226863, 0, 9, 887252482, 1
3, 7, 15, 8, 404339724, 491226863, 0, 8, 864827262, 1
3, 7, 15, 8, 404339724, 491226863, 0, 7, 871468285, 1
3, 7, 15, 8, 404339724, 491226863, 0, 6, 852997266, 1
3, 7, 15, 8, 404339724, 491226863, 0, 5, 825262864, 1
3, 7, 15, 8, 404339724, 491226863, 0, 4, 814606758, 1
3, 7, 15, 8, 404339724, 491226863, 0, 3, 759515200, 1
3, 7, 15, 8, 404339724, 491226863, 0, 2, 617257804, 1
3, 7, 15, 8, 404339724, 491226863, 0, 1, 261433562, 1
3, 8, 15, 8, 491226864, 716445416, 4, 11, 222483417, 1
3, 8, 15, 8, 491226864, 716445416, 4, 10, 212553565, 1
3, 8, 15, 8, 491226864, 716445416, 4, 9, 184706818, 0
3, 8, 15, 8, 491226864, 716445416, 4, 8, 158050824, 0
3, 8, 15, 8, 491226864, 716445416, 4, 7, 143227875, 1
3, 8, 15, 8, 491226864, 716445416, 4, 6, 150822771, 1
3, 8, 15, 8, 491226864, 716445416, 4, 5, 110822942, 1
3, 8, 15, 8, 491226864, 716445416, 4, 4, 92056088, 0
3, 8, 15, 8, 491226864, 716445416, 4, 3, 81035086, 0
3, 8, 15, 8, 491226864, 716445416, 4, 2, 109976188, 0
3, 8, 15, 8, 491226864, 716445416, 4, 1, 171074070, 0
3, 8, 15, 8, 491226864, 716445416, 4, 0, 128305553, 0
3, 8, 15, 8, 491226864, 716445416, 3, 11, 172899025, 1
3, 8, 15, 8, 491226864, 716445416, 3, 10, 172917158, 1
3, 8, 15, 8, 491226864, 716445416, 3, 9, 141839768, 1
3, 8, 15, 8, 491226864, 716445416, 3, 8, 113112134, 1
3, 8, 15, 8, 491226864, 716445416, 3, 7, 113767092, 1
3, 8, 15, 8, 491226864, 716445416, 3, 6, 118220005, 1
3, 8, 15, 8, 491226864, 716445416, 3, 5, 95105257, 1
3, 8, 15, 8, 491226864, 716445416, 3, 4, 62257984, 1
3, 8, 15, 8, 491226864, 716445416, 3, 3, 34214814, 1
3, 8, 15, 8, 491226864, 716445416, 3, 2, 46656565, 1
3, 8, 15, 8, 491226864, 716445416, 3, 1, 73317459, 1
3, 8, 15, 8, 491226864, 716445416, 3, 0, 1, 0
3, 8, 15, 8, 491226864, 716445416, 2, 11, 163788278, 1
3, 8, 15, 8, 491226864, 716445416, 2, 10, 157555417, 1
3, 8, 15, 8, 491226864, 716445416, 2, 9, 141133693, 1
3, 8, 15, 8, 491226864, 716445416, 2, 8, 131661447, 1
3, 8, 15, 8, 491226864, 716445416, 2, 7, 131024246, 1
3, 8, 15, 8, 491226864, 716445416, 2, 6, 133935896, 1
3, 8, 15, 8, 491226864, 716445416, 2, 5, 98482276, 1
3, 8, 15, 8, 491226864, 716445416, 2, 4, 47834249, 1
3, 8, 15, 8, 491226864, 716445416, 2, 3, 1, 1
3, 8, 15, 8, 491226864, 716445416, 2, 2, 1, 1
3, 8, 15, 8, 491226864, 716445416, 2, 1, 1, 1
3, 8, 15, 8, 491226864, 716445416, 2, 0, 1, 0
3, 8, 15, 8, 491226864, 716445416, 1, 11, 147335285, 1
3, 8, 15, 8, 491226864, 716445416, 1, 10, 144415948, 1
3, 8, 15, 8, 491226864, 716445416, 1, 9, 127298863, 1
3, 8, 15, 8, 491226864, 716445416, 1, 8, 122578745, 1
3, 8, 15, 8, 491226864, 716445416, 1, 7, 133935896, 1
3, 8, 15, 8, 491226864, 716445416, 1, 6, 154541418, 1
3, 8, 15, 8, 491226864, 716445416, 1, 5, 121759905, 1
3, 8, 15, 8, 491226864, 716445416, 1, 4, 74408831, 1
3, 8, 15, 8, 491226864, 716445416, 1, 3, 1, 1
3, 8, 15, 8, 491226864, 716445416, 1, 2, 1, 1
3, 8, 15, 8, 491226864, 716445416, 1, 1, 1, 1
3, 8, 15, 8, 491226864, 716445416, 1, 0, 1, 0
3, 8, 15, 8, 491226864, 716445416, 0, 11, 147143248, 1
3, 8, 15, 8, 491226864, 716445416, 0, 10, 128373599, 1
3, 8, 15, 8, 491226864, 716445416, 0, 9, 111613247, 1
3, 8, 15, 8, 491226864, 716445416, 0, 8, 125564902, 1
3, 8, 15, 8, 491226864, 716445416, 0, 7, 143502745, 1
3, 8, 15, 8, 491226864, 716445416, 0, 6, 167419870, 1
3, 8, 15, 8, 491226864, 716445416, 0, 5, 133935896, 1
3, 8, 15, 8, 491226864, 716445416, 0, 4, 83709935, 1
3, 8, 15, 8, 491226864, 716445416, 0, 3, 1, 1
3, 8, 15, 8, 491226864, 716445416, 0, 2, 1, 1
3, 8, 15, 8, 491226864, 716445416, 0, 1, 1, 1
3, 9, 15, 8, 716445417, 1289487444, 4, 11, 212468899, 0
3, 9, 15, 8, 716445417, 1289487444, 4, 10, 226584390, 0
3, 9, 15, 8, 716445417, 1289487444, 4, 9, 245902832, 0
3, 9, 15, 8, 716445417, 1289487444, 4, 8, 267901705, 0
3, 9, 15, 8, 716445417, 1289487444, 4, 7, 289865065, 0
3, 9, 15, 8, 716445417, 1289487444, 4, 6, 300277405, 0
3, 9, 15, 8, 716445417, 1289487444, 4, 5, 303205877, 0
3, 9, 15, 8, 716445417, 1289487444, 4, 4, 276015218, 0
3, 9, 15, 8, 716445417, 1289487444, 4, 3, 219472588, 0
3, 9, 15, 8, 716445417, 1289487444, 4, 2, 190270368, 0
3, 9, 15, 8, 716445417, 1289487444, 4, 1, 187029045, 0
3, 9, 15, 8, 716445417, 1289487444, 4, 0, 118250634, 0
3, 9, 15, 8, 716445417, 1289487444, 3, 11, 197935514, 1
3, 9, 15, 8, 716445417, 1289487444, 3, 10, 209368865, 1
3, 9, 15, 8, 716445417, 1289487444, 3, 9, 226065202, 1
3, 9, 15, 8, 716445417, 1289487444, 3, 8, 244427976, 1
3, 9, 15, 8, 716445417, 1289487444, 3, 7, 260388440, 1
3, 9, 15, 8, 716445417, 1289487444, 3, 6, 258397626, 1
3, 9, 15, 8, 716445417, 1289487444, 3, 5, 241751068, 1
3, 9, 15, 8, 716445417, 1289487444, 3, 4, 222207683, 1
3, 9, 15, 8, 716445417, 1289487444, 3, 3, 183144331, 1
3, 9, 15, 8, 716445417, 1289487444, 3, 2, 152783316, 1
3, 9, 15, 8, 716445417, 1289487444, 3, 1, 100013247, 0
3, 9, 15, 8, 716445417, 1289487444, 3, 0, 11621729, 0
3, 9, 15, 8, 716445417, 1289487444, 2, 11, 81179461, 1
3, 9, 15, 8, 716445417, 1289487444, 2, 10, 79411661, 1
3, 9, 15, 8, 716445417, 1289487444, 2, 9, 81201890, 1
3, 9, 15, 8, 716445417, 1289487444, 2, 8, 80511196, 1
3, 9, 15, 8, 716445417, 1289487444, 2, 7, 75035141, 1
3, 9, 15, 8, 716445417, 1289487444, 2, 6, 76974496, 1
3, 9, 15, 8, 716445417, 1289487444, 2, 5, 68941593, 1
3, 9, 15, 8, 716445417, 1289487444, 2, 4, 60609066, 1
3, 9, 15, 8, 716445417, 1289487444, 2, 3, 39731035, 1
3, 9, 15, 8, 716445417, 1289487444, 2, 2, 29025231, 1
3, 9, 15, 8, 716445417, 1289487444, 2, 1, 28687936, 0
3, 9, 15, 8, 716445417, 1289487444, 2, 0, 11621729, 0
3, 9, 15, 8, 716445417, 1289487444, 1, 11, 76513528, 1
3, 9, 15, 8, 716445417, 1289487444, 1, 10, 73945824, 1
3, 9, 15, 8, 716445417, 1289487444, 1, 9, 76826482, 1
3, 9, 15, 8, 716445417, 1289487444, 1, 8, 75958740, 1
3, 9, 15, 8, 716445417, 1289487444, 1, 7, 70731838, 1
3, 9, 15, 8, 716445417, 1289487444, 1, 6, 74447571, 1
3, 9, 15, 8, 716445417, 1289487444, 1, 5, 67045219, 1
3, 9, 15, 8, 716445417, 1289487444, 1, 4, 56352935, 1
3, 9, 15, 8, 716445417, 1289487444, 1, 3, 33264674, 1
3, 9, 15, 8, 716445417, 1289487444, 1, 2, 20076780, 1
3, 9, 15, 8, 716445417, 1289487444, 1, 1, 23906613, 0
3, 9, 15, 8, 716445417, 1289487444, 1, 0, 11621729, 0
3, 9, 15, 8, 716445417, 1289487444, 0, 11, 71999798, 1
3, 9, 15, 8, 716445417, 1289487444, 0, 10, 69883862, 1
3, 9, 15, 8, 716445417, 1289487444, 0, 9, 67297718, 1
3, 9, 15, 8, 716445417, 1289487444, 0, 8, 75709933, 1
3, 9, 15, 8, 716445417, 1289487444, 0, 7, 66931088, 1
3, 9, 15, 8, 716445417, 1289487444, 0, 6, 78086270, 1
3, 9, 15, 8, 716445417, 1289487444, 0, 5, 66271155, 1
3, 9, 15, 8, 716445417, 1289487444, 0, 4, 59549154, 1
3, 9, 15, 8, 716445417, 1289487444, 0, 3, 33678257, 1
3, 9, 15, 8, 716445417, 1289487444, 0, 2, 14332029, 1
3, 9, 15, 8, 716445417, 1289487444, 0, 1, 1, 1
3, 10, 15, 8, 1289487445, 1323280343, 4, 11, 2738392, 0
3, 10, 15, 8, 1289487445, 1323280343, 4, 10, 2969987, 0
3, 10, 15, 8, 1289487445, 1323280343, 4, 9, 3273047, 0
3, 10, 15, 8, 1289487445, 1323280343, 4, 8, 3644984, 0
3, 10, 15, 8, 1289487445, 1323280343, 4, 7, 4112289, 0
3, 10, 15, 8, 1289487445, 1323280343, 4, 6, 4717038, 0
3, 10, 15, 8, 1289487445, 1323280343, 4, 5, 5530320, 0
3, 10, 15, 8, 1289487445, 1323280343, 4, 4, 6682470, 0
3, 10, 15, 8, 1289487445, 1323280343, 4, 3, 8441014, 0
3, 10, 15, 8, 1289487445, 1323280343, 4, 2, 11455662, 0
3, 10, 15, 8, 1289487445, 1323280343, 4, 1, 17819918, 0
3, 10, 15, 8, 1289487445, 1323280343, 4, 0, 40094815, 0
3, 10, 15, 8, 1289487445, 1323280343, 3, 11, 3437555, 0
3, 10, 15, 8, 1289487445, 1323280343, 3, 10, 3729751, 0
3, 10, 15, 8, 1289487445, 1323280343, 3, 9, 4112289, 0
3, 10, 15, 8, 1289487445, 1323280343, 3, 8, 4582265, 0
3, 10, 15, 8, 1289487445, 1323280343, 3, 7, 5173525, 0
3, 10, 15, 8, 1289487445, 1323280343, 3, 6, 5939973, 0
3, 10, 15, 8, 1289487445, 1323280343, 3, 5, 6973012, 0
3, 10, 15, 8, 1289487445, 1323280343, 3, 4, 8441014, 0
3, 10, 15, 8, 1289487445, 1323280343, 3, 3, 10691951, 0
3, 10, 15, 8, 1289487445, 1323280343, 3, 2, 14579933, 0
3, 10, 15, 8, 1289487445, 1323280343, 3, 1, 22911323, 0
3, 10, 15, 8, 1289487445, 1323280343, 3, 0, 53459753, 0
3, 10, 15, 8, 1289487445, 1323280343, 2, 11, 2286612, 0
3, 10, 15, 8, 1289487445, 1323280343, 2, 10, 2500982, 0
3, 10, 15, 8, 1289487445, 1323280343, 2, 9, 2759704, 0
3, 10, 15, 8, 1289487445, 1323280343, 2, 8, 3078131, 0
3, 10, 15, 8, 1289487445, 1323280343, 2, 7, 3479627, 0
3, 10, 15, 8, 1289487445, 1323280343, 2, 6, 4001571, 0
3, 10, 15, 8, 1289487445, 1323280343, 2, 5, 4707730, 0
3, 10, 15, 8, 1289487445, 1323280343, 2, 4, 5716529, 0
3, 10, 15, 8, 1289487445, 1323280343, 2, 3, 7275583, 0
3, 10, 15, 8, 1289487445, 1323280343, 2, 2, 10003926, 0
3, 10, 15, 8, 1289487445, 1323280343, 2, 1, 16006281, 0
3, 10, 15, 8, 1289487445, 1323280343, 2, 0, 40015702, 0
3, 10, 15, 8, 1289487445, 1323280343, 1, 11, 3479627, 0
3, 10, 15, 8, 1289487445, 1323280343, 1, 10, 3811020, 0
3, 10, 15, 8, 1289487445, 1323280343, 1, 9, 4212180, 0
3, 10, 15, 8, 1289487445, 1323280343, 1, 8, 4707730, 0
3, 10, 15, 8, 1289487445, 1323280343, 1, 7, 5335427, 0
3, 10, 15, 8, 1289487445, 1323280343, 1, 6, 6156262, 0
3, 10, 15, 8, 1289487445, 1323280343, 1, 5, 7275583, 0
3, 10, 15, 8, 1289487445, 1323280343, 1, 4, 8892379, 0
3, 10, 15, 8, 1289487445, 1323280343, 1, 3, 11433058, 0
3, 10, 15, 8, 1289487445, 1323280343, 1, 2, 16006281, 0
3, 10, 15, 8, 1289487445, 1323280343, 1, 1, 26677135, 0
3, 10, 15, 8, 1289487445, 1323280343, 1, 0, 80031404, 0
3, 10, 15, 8, 1289487445, 1323280343, 0, 11, 1, 1
3, 10, 15, 8, 1289487445, 1323280343, 0, 10, 1, 1
3, 10, 15, 8, 1289487445, 1323280343, 0, 9, 1, 1
3, 10, 15, 8, 1289487445, 1323280343, 0, 8, 1, 1
3, 10, 15, 8, 1289487445, 1323280343, 0, 7, 1, 1
3, 10, 15, 8, 1289487445, 1323280343, 0, 6, 1, 1
3, 10, 15, 8, 1289487445, 1323280343, 0, 5, 1, 1
3, 10, 15, 8, 1289487445, 1323280343, 0, 4, 1, 1
3, 10, 15, 8, 1289487445, 1323280343, 0, 3, 1, 1
3, 10, 15, 8, 1289487445, 1323280343, 0, 2, 1, 1
3, 10, 15, 8, 1289487445, 1323280343, 0, 1, 1, 1
3, 11, 15, 8, 1323280344, 1363845063, 4, 11, 293521997, 1
3, 11, 15, 8, 1323280344, 1363845063, 4, 10, 308967862, 1
3, 11, 15, 8, 1323280344, 1363845063, 4, 9, 316451251, 1
3, 11, 15, 8, 1323280344, 1363845063, 4, 8, 331479594, 1
3, 11, 15, 8, 1323280344, 1363845063, 4, 7, 344442246, 1
3, 11, 15, 8, 1323280344, 1363845063, 4, 6, 368007013, 1
3, 11, 15, 8, 1323280344, 1363845063, 4, 5, 355960194, 1
3, 11, 15, 8, 1323280344, 1363845063, 4, 4, 355723521, 1
3, 11, 15, 8, 1323280344, 1363845063, 4, 3, 338530622, 1
3, 11, 15, 8, 1323280344, 1363845063, 4, 2, 368634930, 1
3, 11, 15, 8, 1323280344, 1363845063, 4, 1, 312209130, 1
3, 11, 15, 8, 1323280344, 1363845063, 4, 0, 1, 0
3, 11, 15, 8, 1323280344, 1363845063, 3, 11, 319215877, 1
3, 11, 15, 8, 1323280344, 1363845063, 3, 10, 334177046, 1
3, 11, 15, 8, 1323280344, 1363845063, 3, 9, 338242557, 1
3, 11, 15, 8, 1323280344, 1363845063, 3, 8, 350584302, 1
3, 11, 15, 8, 1323280344, 1363845063, 3, 7, 358664388, 1
3, 11, 15, 8, 1323280344, 1363845063, 3, 6, 377688403, 1
3, 11, 15, 8, 1323280344, 1363845063, 3, 5, 348182350, 1
3, 11, 15, 8, 1323280344, 1363845063, 3, 4, 370245931, 1
3, 11, 15, 8, 1323280344, 1363845063, 3, 3, 378782605, 1
3, 11, 15, 8, 1323280344, 1363845063, 3, 2, 420266894, 1
3, 11, 15, 8, 1323280344, 1363845063, 3, 1, 324561283, 1
3, 11, 15, 8, 1323280344, 1363845063, 3, 0, 1, 0
3, 11, 15, 8, 1323280344, 1363845063, 2, 11, 315199688, 1
3, 11, 15, 8, 1323280344, 1363845063, 2, 10, 324951744, 1
3, 11, 15, 8, 1323280344, 1363845063, 2, 9, 317941467, 1
3, 11, 15, 8, 1323280344, 1363845063, 2, 8, 319203593, 1
3, 11, 15, 8, 1323280344, 1363845063, 2, 7, 338533765, 1
3, 11, 15, 8, 1323280344, 1363845063, 2, 6, 343263373, 1
3, 11, 15, 8, 1323280344, 1363845063, 2, 5, 326302471, 1
3, 11, 15, 8, 1323280344, 1363845063, 2, 4, 326687188, 1
3, 11, 15, 8, 1323280344, 1363845063, 2, 3, 364371961, 1
3, 11, 15, 8, 1323280344, 1363845063, 2, 2, 447967663, 1
3, 11, 15, 8, 1323280344, 1363845063, 2, 1, 383315993, 1
3, 11, 15, 8, 1323280344, 1363845063, 2, 0, 1, 0
3, 11, 15, 8, 1323280344, 1363845063, 1, 11, 259699121, 1
3, 11, 15, 8, 1323280344, 1363845063, 1, 10, 276192908, 1
3, 11, 15, 8, 1323280344, 1363845063, 1, 9, 275936714, 1
3, 11, 15, 8, 1323280344, 1363845063, 1, 8, 281311353, 1
3, 11, 15, 8, 1323280344, 1363845063, 1, 7, 315318717, 1
3, 11, 15, 8, 1323280344, 1363845063, 1, 6, 328405860, 1
3, 11, 15, 8, 1323280344, 1363845063, 1, 5, 341915854, 1
3, 11, 15, 8, 1323280344, 1363845063, 1, 4, 360895287, 1
3, 11, 15, 8, 1323280344, 1363845063, 1, 3, 390720110, 1
3, 11, 15, 8, 1323280344, 1363845063, 1, 2, 547008154, 1
3, 11, 15, 8, 1323280344, 1363845063, 1, 1, 497409900, 1
3, 11, 15, 8, 1323280344, 1363845063, 1, 0, 1, 0
3, 11, 15, 8, 1323280344, 1363845063, 0, 11, 239451342, 1
3, 11, 15, 8, 1323280344, 1363845063, 0, 10, 251344830, 1
3, 11, 15, 8, 1323280344, 1363845063, 0, 9, 228104859, 1
3, 11, 15, 8, 1323280344, 1363845063, 0, 8, 256617967, 1
3, 11, 15, 8, 1323280344, 1363845063, 0, 7, 293277676, 1
3, 11, 15, 8, 1323280344, 1363845063, 0, 6, 342157289, 1
3, 11, 15, 8, 1323280344, 1363845063, 0, 5, 401049302, 1
3, 11, 15, 8, 1323280344, 1363845063, 0, 4, 386185485, 1
3, 11, 15, 8, 1323280344, 1363845063, 0, 3, 497409900, 1
3, 11, 15, 8, 1323280344, 1363845063, 0, 2, 746114849, 1
3, 11, 15, 8, 1323280344, 1363845063, 0, 1, 673768894, 1
3, 12, 15, 8, 1363845064, 1402826472, 4, 11, 1, 1
3, 12, 15, 8, 1363845064, 1402826472, 4, 10, 1, 1
3, 12, 15, 8, 1363845064, 1402826472, 4, 9, 1, 1
3, 12, 15, 8, 1363845064, 1402826472, 4, 8, 1, 1
3, 12, 15, 8, 1363845064, 1402826472, 4, 7, 1, 1
3, 12, 15, 8, 1363845064, 1402826472, 4, 6, 1, 1
3, 12, 15, 8, 1363845064, 1402826472, 4, 5, 1, 1
3, 12, 15, 8, 1363845064, 1402826472, 4, 4, 1, 1
3, 12, 15, 8, 1363845064, 1402826472, 4, 3, 1, 1
3, 12, 15, 8, 1363845064, 1402826472, 4, 2, 1, 1
3, 12, 15, 8, 1363845064, 1402826472, 4, 1, 1, 1
3, 12, 15, 8, 1363845064, 1402826472, 4, 0, 1, 0
3, 12, 15, 8, 1363845064, 1402826472, 3, 11, 1, 1
3, 12, 15, 8, 1363845064, 1402826472, 3, 10, 1, 1
3, 12, 15, 8, 1363845064, 1402826472, 3, 9, 1, 1
3, 12, 15, 8, 1363845064, 1402826472, 3, 8, 1, 1
3, 12, 15, 8, 1363845064, 1402826472, 3, 7, 1, 1
3, 12, 15, 8, 1363845064, 1402826472, 3, 6, 1, 1
3, 12, 15, 8, 1363845064, 1402826472, 3, 5, 1, 1
3, 12, 15, 8, 1363845064, 1402826472, 3, 4, 1, 1
3, 12, 15, 8, 1363845064, 1402826472, 3, 3, 1, 1
3, 12, 15, 8, 1363845064, 1402826472, 3, 2, 1, 1
3, 12, 15, 8, 1363845064, 1402826472, 3, 1, 1, 1
3, 12, 15, 8, 1363845064, 1402826472, 3, 0, 1, 0
3, 12, 15, 8, 1363845064, 1402826472, 2, 11, 1, 1
3, 12, 15, 8, 1363845064, 1402826472, 2, 10, 1, 1
3, 12, 15, 8, 1363845064, 1402826472, 2, 9, 1, 1
3, 12, 15, 8, 1363845064, 1402826472, 2, 8, 1, 1
3, 12, 15, 8, 1363845064, 1402826472, 2, 7, 1, 1
3, 12, 15, 8, 1363845064, 1402826472, 2, 6, 1, 1
3, 12, 15, 8, 1363845064, 1402826472, 2, 5, 1, 1
3, 12, 15, 8, 1363845064, 1402826472, 2, 4, 1, 1
3, 12, 15, 8, 1363845064, 1402826472, 2, 3, 1, 1
3, 12, 15, 8, 1363845064, 1402826472, 2, 2, 1, 1
3, 12, 15, 8, 1363845064, 1402826472, 2, 1, 1, 1
3, 12, 15, 8, 1363845064, 1402826472, 2, 0, 1, 0
3, 12, 15, 8, 1363845064, 1402826472, 1, 11, 1, 1
3, 12, 15, 8, 1363845064, 1402826472, 1, 10, 1, 1
3, 12, 15, 8, 1363845064, 1402826472, 1, 9, 1, 1
3, 12, 15, 8, 1363845064, 1402826472, 1, 8, 1, 1
3, 12, 15, 8, 1363845064, 1402826472, 1, 7, 1, 1
3, 12, 15, 8, 1363845064, 1402826472, 1, 6, 1, 1
3, 12, 15, 8, 1363845064, 1402826472, 1, 5, 1, 1
3, 12, 15, 8, 1363845064, 1402826472, 1, 4, 1, 1
3, 12, 15, 8, 1363845064, 1402826472, 1, 3, 1, 1
3, 12, 15, 8, 1363845064, 1402826472, 1, 2, 1, 1
3, 12, 15, 8, 1363845064, 1402826472, 1, 1, 1, 1
3, 12, 15, 8, 1363845064, 1402826472, 1, 0, 1, 0
3, 12, 15, 8, 1363845064, 1402826472, 0, 11, 1, 1
3, 12, 15, 8, 1363845064, 1402826472, 0, 10, 1, 1
3, 12, 15, 8, 1363845064, 1402826472, 0, 9, 1, 1
3, 12, 15, 8, 1363845064, 1402826472, 0, 8, 1, 1
3, 12, 15, 8, 1363845064, 1402826472, 0, 7, 1, 1
3, 12, 15, 8, 1363845064, 1402826472, 0, 6, 1, 1
3, 12, 15, 8, 1363845064, 1402826472, 0, 5, 1, 1
3, 12, 15, 8, 1363845064, 1402826472, 0, 4, 1, 1
3, 12, 15, 8, 1363845064, 1402826472, 0, 3, 1, 1
3, 12, 15, 8, 1363845064, 1402826472, 0, 2, 1, 1
3, 12, 15, 8, 1363845064, 1402826472, 0, 1, 1, 1
3, 13, 15, 8, 1402826473, 1675746795, 4, 11, 322518522, 1
3, 13, 15, 8, 1402826473, 1675746795, 4, 10, 336231514, 1
3, 13, 15, 8, 1402826473, 1675746795, 4, 9, 343933760, 1
3, 13, 15, 8, 1402826473, 1675746795, 4, 8, 360182172, 1
3, 13, 15, 8, 1402826473, 1675746795, 4, 7, 373604275, 1
3, 13, 15, 8, 1402826473, 1675746795, 4, 6, 398994943, 1
3, 13, 15, 8, 1402826473, 1675746795, 4, 5, 386516420, 1
3, 13, 15, 8, 1402826473, 1675746795, 4, 4, 385668167, 1
3, 13, 15, 8, 1402826473, 1675746795, 4, 3, 365338396, 1
3, 13, 15, 8, 1402826473, 1675746795, 4, 2, 396045888, 1
3, 13, 15, 8, 1402826473, 1675746795, 4, 1, 336241837, 1
3, 13, 15, 8, 1402826473, 1675746795, 4, 0, 1742638, 0
3, 13, 15, 8, 1402826473, 1675746795, 3, 11, 351904503, 1
3, 13, 15, 8, 1402826473, 1675746795, 3, 10, 364358618, 1
3, 13, 15, 8, 1402826473, 1675746795, 3, 9, 368299309, 1
3, 13, 15, 8, 1402826473, 1675746795, 3, 8, 381683840, 1
3, 13, 15, 8, 1402826473, 1675746795, 3, 7, 389725340, 1
3, 13, 15, 8, 1402826473, 1675746795, 3, 6, 410249884, 1
3, 13, 15, 8, 1402826473, 1675746795, 3, 5, 379125870, 1
3, 13, 15, 8, 1402826473, 1675746795, 3, 4, 401093650, 1
3, 13, 15, 8, 1402826473, 1675746795, 3, 3, 406692446, 1
3, 13, 15, 8, 1402826473, 1675746795, 3, 2, 450713993, 1
3, 13, 15, 8, 1402826473, 1675746795, 3, 1, 348484004, 1
3, 13, 15, 8, 1402826473, 1675746795, 3, 0, 1, 0
3, 13, 15, 8, 1402826473, 1675746795, 2, 11, 348691497, 1
3, 13, 15, 8, 1402826473, 1675746795, 2, 10, 357658589, 1
3, 13, 15, 8, 1402826473, 1675746795, 2, 9, 349700942, 1
3, 13, 15, 8, 1402826473, 1675746795, 2, 8, 351407256, 1
3, 13, 15, 8, 1402826473, 1675746795, 2, 7, 371297492, 1
3, 13, 15, 8, 1402826473, 1675746795, 2, 6, 376755183, 1
3, 13, 15, 8, 1402826473, 1675746795, 2, 5, 358316701, 1
3, 13, 15, 8, 1402826473, 1675746795, 2, 4, 356590589, 1
3, 13, 15, 8, 1402826473, 1675746795, 2, 3, 391013174, 1
3, 13, 15, 8, 1402826473, 1675746795, 2, 2, 479366235, 1
3, 13, 15, 8, 1402826473, 1675746795, 2, 1, 408434851, 1
3, 13, 15, 8, 1402826473, 1675746795, 2, 0, 1, 0
3, 13, 15, 8, 1402826473, 1675746795, 1, 11, 290642641, 1
3, 13, 15, 8, 1402826473, 1675746795, 1, 10, 306096310, 1
3, 13, 15, 8, 1402826473, 1675746795, 1, 9, 304581025, 1
3, 13, 15, 8, 1402826473, 1675746795, 1, 8, 310862949, 1
3, 13, 15, 8, 1402826473, 1675746795, 1, 7, 346019542, 1
3, 13, 15, 8, 1402826473, 1675746795, 1, 6, 360609523, 1
3, 13, 15, 8, 1402826473, 1675746795, 1, 5, 372362953, 1
3, 13, 15, 8, 1402826473, 1675746795, 1, 4, 388805128, 1
3, 13, 15, 8, 1402826473, 1675746795, 1, 3, 414642831, 1
3, 13, 15, 8, 1402826473, 1675746795, 1, 2, 580499964, 1
3, 13, 15, 8, 1402826473, 1675746795, 1, 1, 525319741, 1
3, 13, 15, 8, 1402826473, 1675746795, 1, 0, 1, 0
3, 13, 15, 8, 1402826473, 1675746795, 0, 11, 266092555, 1
3, 13, 15, 8, 1402826473, 1675746795, 0, 10, 276463687, 1
3, 13, 15, 8, 1402826473, 1675746795, 0, 9, 251363060, 1
3, 13, 15, 8, 1402826473, 1675746795, 0, 8, 282783443, 1
3, 13, 15, 8, 1402826473, 1675746795, 0, 7, 323181078, 1
3, 13, 15, 8, 1402826473, 1675746795, 0, 6, 377044590, 1
3, 13, 15, 8, 1402826473, 1675746795, 0, 5, 434541111, 1
3, 13, 15, 8, 1402826473, 1675746795, 0, 4, 417584057, 1
3, 13, 15, 8, 1402826473, 1675746795, 0, 3, 525319741, 1
3, 13, 15, 8, 1402826473, 1675746795, 0, 2, 787979611, 1
3, 13, 15, 8, 1402826473, 1675746795, 0, 1, 715633656, 1
3, 14, 15, 8, 1675746796, 1689929256, 4, 11, 22225664, 1
3, 14, 15, 8, 1675746796, 1689929256, 4, 10, 21490944, 1
3, 14, 15, 8, 1675746796, 1689929256, 4, 9, 19664539, 1
3, 14, 15, 8, 1675746796, 1689929256, 4, 8, 21043424, 1
3, 14, 15, 8, 1675746796, 1689929256, 4, 7, 21632315, 1
3, 14, 15, 8, 1675746796, 1689929256, 4, 6, 20112937, 1
3, 14, 15, 8, 1675746796, 1689929256, 4, 5, 18368994, 1
3, 14, 15, 8, 1675746796, 1689929256, 4, 4, 16673575, 1
3, 14, 15, 8, 1675746796, 1689929256, 4, 3, 16743837, 1
3, 14, 15, 8, 1675746796, 1689929256, 4, 2, 16204836, 1
3, 14, 15, 8, 1675746796, 1689929256, 4, 1, 25207522, 1
3, 14, 15, 8, 1675746796, 1689929256, 4, 0, 1, 0
3, 14, 15, 8, 1675746796, 1689929256, 3, 11, 23064253, 1
3, 14, 15, 8, 1675746796, 1689929256, 3, 10, 21702713, 1
3, 14, 15, 8, 1675746796, 1689929256, 3, 9, 19170986, 1
3, 14, 15, 8, 1675746796, 1689929256, 3, 8, 20286191, 1
3, 14, 15, 8, 1675746796, 1689929256, 3, 7, 20250526, 1
3, 14, 15, 8, 1675746796, 1689929256, 3, 6, 18198755, 1
3, 14, 15, 8, 1675746796, 1689929256, 3, 5, 16595749, 1
3, 14, 15, 8, 1675746796, 1689929256, 3, 4, 15492312, 1
3, 14, 15, 8, 1675746796, 1689929256, 3, 3, 14269550, 1
3, 14, 15, 8, 1675746796, 1689929256, 3, 2, 12459653, 1
3, 14, 15, 8, 1675746796, 1689929256, 3, 1, 19579455, 1
3, 14, 15, 8, 1675746796, 1689929256, 3, 0, 1, 0
3, 14, 15, 8, 1675746796, 1689929256, 2, 11, 19231190, 1
3, 14, 15, 8, 1675746796, 1689929256, 2, 10, 19264189, 1
3, 14, 15, 8, 1675746796, 1689929256, 2, 9, 17784998, 1
3, 14, 15, 8, 1675746796, 1689929256, 2, 8, 18388968, 1
3, 14, 15, 8, 1675746796, 1689929256, 2, 7, 19286348, 1
3, 14, 15, 8, 1675746796, 1689929256, 2, 6, 15359304, 1
3, 14, 15, 8, 1675746796, 1689929256, 2, 5, 15926802, 1
3, 14, 15, 8, 1675746796, 1689929256, 2, 4, 13700215, 1
3, 14, 15, 8, 1675746796, 1689929256, 2, 3, 10215414, 1
3, 14, 15, 8, 1675746796, 1689929256, 2, 2, 11989300, 1
3, 14, 15, 8, 1675746796, 1689929256, 2, 1, 19182880, 1
3, 14, 15, 8, 1675746796, 1689929256, 2, 0, 1, 0
3, 14, 15, 8, 1675746796, 1689929256, 1, 11, 16444556, 1
3, 14, 15, 8, 1675746796, 1689929256, 1, 10, 15313676, 1
3, 14, 15, 8, 1675746796, 1689929256, 1, 9, 13800167, 1
3, 14, 15, 8, 1675746796, 1689929256, 1, 8, 14864683, 1
3, 14, 15, 8, 1675746796, 1689929256, 1, 7, 16846641, 1
3, 14, 15, 8, 1675746796, 1689929256, 1, 6, 8946129, 1
3, 14, 15, 8, 1675746796, 1689929256, 1, 5, 7260840, 1
3, 14, 15, 8, 1675746796, 1689929256, 1, 4, 2389699, 1
3, 14, 15, 8, 1675746796, 1689929256, 1, 3, 1, 1
3, 14, 15, 8, 1675746796, 1689929256, 1, 2, 1, 1
3, 14, 15, 8, 1675746796, 1689929256, 1, 1, 1, 1
3, 14, 15, 8, 1675746796, 1689929256, 1, 0, 1, 0
3, 14, 15, 8, 1675746796, 1689929256, 0, 11, 20886738, 1
3, 14, 15, 8, 1675746796, 1689929256, 0, 10, 17311651, 1
3, 14, 15, 8, 1675746796, 1689929256, 0, 9, 17825938, 1
3, 14, 15, 8, 1675746796, 1689929256, 0, 8, 18866234, 1
3, 14, 15, 8, 1675746796, 1689929256, 0, 7, 21561411, 1
3, 14, 15, 8, 1675746796, 1689929256, 0, 6, 9628993, 1
3, 14, 15, 8, 1675746796, 1689929256, 0, 5, 11554792, 1
3, 14, 15, 8, 1675746796, 1689929256, 0, 4, 1, 1
3, 14, 15, 8, 1675746796, 1689929256, 0, 3, 1, 1
3, 14, 15, 8, 1675746796, 1689929256, 0, 2, 1, 1
3, 14, 15, 8, 1675746796, 1689929256, 0, 1, 1, 1
3, 15, 15, 8, 1689929257, 1748485606, 4, 11, 38082589, 1
3, 15, 15, 8, 1689929257, 1748485606, 4, 10, 39962831, 1
3, 15, 15, 8, 1689929257, 1748485606, 4, 9, 36447336, 1
3, 15, 15, 8, 1689929257, 1748485606, 4, 8, 36008579, 1
3, 15, 15, 8, 1689929257, 1748485606, 4, 7, 35967242, 1
3, 15, 15, 8, 1689929257, 1748485606, 4, 6, 36019448, 1
3, 15, 15, 8, 1689929257, 1748485606, 4, 5, 32973860, 1
3, 15, 15, 8, 1689929257, 1748485606, 4, 4, 28699835, 1
3, 15, 15, 8, 1689929257, 1748485606, 4, 3, 26932502, 1
3, 15, 15, 8, 1689929257, 1748485606, 4, 2, 17609799, 0
3, 15, 15, 8, 1689929257, 1748485606, 4, 1, 11689481, 0
3, 15, 15, 8, 1689929257, 1748485606, 4, 0, 15724377, 0
3, 15, 15, 8, 1689929257, 1748485606, 3, 11, 42678310, 1
3, 15, 15, 8, 1689929257, 1748485606, 3, 10, 44581411, 1
3, 15, 15, 8, 1689929257, 1748485606, 3, 9, 41624092, 1
3, 15, 15, 8, 1689929257, 1748485606, 3, 8, 40622789, 1
3, 15, 15, 8, 1689929257, 1748485606, 3, 7, 40004598, 1
3, 15, 15, 8, 1689929257, 1748485606, 3, 6, 39336346, 1
3, 15, 15, 8, 1689929257, 1748485606, 3, 5, 37067716, 1
3, 15, 15, 8, 1689929257, 1748485606, 3, 4, 33535976, 1
3, 15, 15, 8, 1689929257, 1748485606, 3, 3, 33907039, 1
3, 15, 15, 8, 1689929257, 1748485606, 3, 2, 22129566, 0
3, 15, 15, 8, 1689929257, 1748485606, 3, 1, 14584768, 0
3, 15, 15, 8, 1689929257, 1748485606, 3, 0, 20965836, 0
3, 15, 15, 8, 1689929257, 1748485606, 2, 11, 45843011, 1
3, 15, 15, 8, 1689929257, 1748485606, 2, 10, 49022781, 1
3, 15, 15, 8, 1689929257, 1748485606, 2, 9, 43970144, 1
3, 15, 15, 8, 1689929257, 1748485606, 2, 8, 43605535, 1
3, 15, 15, 8, 1689929257, 1748485606, 2, 7, 41661123, 0
3, 15, 15, 8, 1689929257, 1748485606, 2, 6, 39007231, 1
3, 15, 15, 8, 1689929257, 1748485606, 2, 5, 36335790, 1
3, 15, 15, 8, 1689929257, 1748485606, 2, 4, 29405964, 0
3, 15, 15, 8, 1689929257, 1748485606, 2, 3, 29827049, 1
3, 15, 15, 8, 1689929257, 1748485606, 2, 2, 23252497, 0
3, 15, 15, 8, 1689929257, 1748485606, 2, 1, 20418675, 0
3, 15, 15, 8, 1689929257, 1748485606, 2, 0, 31448754, 0
3, 15, 15, 8, 1689929257, 1748485606, 1, 11, 40178120, 1
3, 15, 15, 8, 1689929257, 1748485606, 1, 10, 44004607, 1
3, 15, 15, 8, 1689929257, 1748485606, 1, 9, 38712521, 1
3, 15, 15, 8, 1689929257, 1748485606, 1, 8, 38931365, 1
3, 15, 15, 8, 1689929257, 1748485606, 1, 7, 36392897, 1
3, 15, 15, 8, 1689929257, 1748485606, 1, 6, 36790511, 1
3, 15, 15, 8, 1689929257, 1748485606, 1, 5, 39762157, 1
3, 15, 15, 8, 1689929257, 1748485606, 1, 4, 29428820, 1
3, 15, 15, 8, 1689929257, 1748485606, 1, 3, 25896204, 1
3, 15, 15, 8, 1689929257, 1748485606, 1, 2, 7839173, 1
3, 15, 15, 8, 1689929257, 1748485606, 1, 1, 13065288, 1
3, 15, 15, 8, 1689929257, 1748485606, 1, 0, 1, 0
3, 15, 15, 8, 1689929257, 1748485606, 0, 11, 37357158, 1
3, 15, 15, 8, 1689929257, 1748485606, 0, 10, 41092873, 1
3, 15, 15, 8, 1689929257, 1748485606, 0, 9, 36629871, 1
3, 15, 15, 8, 1689929257, 1748485606, 0, 8, 35146447, 1
3, 15, 15, 8, 1689929257, 1748485606, 0, 7, 29785000, 1
3, 15, 15, 8, 1689929257, 1748485606, 0, 6, 32068212, 1
3, 15, 15, 8, 1689929257, 1748485606, 0, 5, 38481854, 1
3, 15, 15, 8, 1689929257, 1748485606, 0, 4, 28291862, 1
3, 15, 15, 8, 1689929257, 1748485606, 0, 3, 37722482, 1
3, 15, 15, 8, 1689929257, 1748485606, 0, 2, 1, 1
3, 15, 15, 8, 1689929257, 1748485606, 0, 1, 1, 1
3, 16, 15, 8, 1748485607, 1753043203, 4, 11, 15384751, 1
3, 16, 15, 8, 1748485607, 1753043203, 4, 10, 15107195, 1
3, 16, 15, 8, 1748485607, 1753043203, 4, 9, 13754479, 1
3, 16, 15, 8, 1748485607, 1753043203, 4, 8, 14041715, 1
3, 16, 15, 8, 1748485607, 1753043203, 4, 7, 14564198, 1
3, 16, 15, 8, 1748485607, 1753043203, 4, 6, 14540207, 1
3, 16, 15, 8, 1748485607, 1753043203, 4, 5, 11739231, 1
3, 16, 15, 8, 1748485607, 1753043203, 4, 4, 7409025, 0
3, 16, 15, 8, 1748485607, 1753043203, 4, 3, 6919072, 0
3, 16, 15, 8, 1748485607, 1753043203, 4, 2, 4536758, 0
3, 16, 15, 8, 1748485607, 1753043203, 4, 1, 2708502, 0
3, 16, 15, 8, 1748485607, 1753043203, 4, 0, 5316139, 0
3, 16, 15, 8, 1748485607, 1753043203, 3, 11, 14651605, 1
3, 16, 15, 8, 1748485607, 1753043203, 3, 10, 14779579, 1
3, 16, 15, 8, 1748485607, 1753043203, 3, 9, 13141514, 1
3, 16, 15, 8, 1748485607, 1753043203, 3, 8, 13039572, 1
3, 16, 15, 8, 1748485607, 1753043203, 3, 7, 13171775, 1
3, 16, 15, 8, 1748485607, 1753043203, 3, 6, 12395864, 1
3, 16, 15, 8, 1748485607, 1753043203, 3, 5, 9984769, 1
3, 16, 15, 8, 1748485607, 1753043203, 3, 4, 6268451, 0
3, 16, 15, 8, 1748485607, 1753043203, 3, 3, 5458959, 0
3, 16, 15, 8, 1748485607, 1753043203, 3, 2, 1266967, 0
3, 16, 15, 8, 1748485607, 1753043203, 3, 1, 1990948, 0
3, 16, 15, 8, 1748485607, 1753043203, 3, 0, 4645544, 0
3, 16, 15, 8, 1748485607, 1753043203, 2, 11, 13882812, 1
3, 16, 15, 8, 1748485607, 1753043203, 2, 10, 15184326, 1
3, 16, 15, 8, 1748485607, 1753043203, 2, 9, 12515925, 1
3, 16, 15, 8, 1748485607, 1753043203, 2, 8, 11941476, 1
3, 16, 15, 8, 1748485607, 1753043203, 2, 7, 11675452, 1
3, 16, 15, 8, 1748485607, 1753043203, 2, 6, 9744935, 1
3, 16, 15, 8, 1748485607, 1753043203, 2, 5, 8055750, 1
3, 16, 15, 8, 1748485607, 1753043203, 2, 4, 2553401, 0
3, 16, 15, 8, 1748485607, 1753043203, 2, 3, 620408, 0
3, 16, 15, 8, 1748485607, 1753043203, 2, 2, 853061, 0
3, 16, 15, 8, 1748485607, 1753043203, 2, 1, 1364897, 0
3, 16, 15, 8, 1748485607, 1753043203, 2, 0, 3412242, 0
3, 16, 15, 8, 1748485607, 1753043203, 1, 11, 13823841, 1
3, 16, 15, 8, 1748485607, 1753043203, 1, 10, 15140397, 1
3, 16, 15, 8, 1748485607, 1753043203, 1, 9, 12828035, 1
3, 16, 15, 8, 1748485607, 1753043203, 1, 8, 13341957, 1
3, 16, 15, 8, 1748485607, 1753043203, 1, 7, 15120884, 1
3, 16, 15, 8, 1748485607, 1753043203, 1, 6, 12312899, 1
3, 16, 15, 8, 1748485607, 1753043203, 1, 5, 9283341, 1
3, 16, 15, 8, 1748485607, 1753043203, 1, 4, 3213681, 1
3, 16, 15, 8, 1748485607, 1753043203, 1, 3, 1, 1
3, 16, 15, 8, 1748485607, 1753043203, 1, 2, 1, 1
3, 16, 15, 8, 1748485607, 1753043203, 1, 1, 1, 1
3, 16, 15, 8, 1748485607, 1753043203, 1, 0, 1, 0
3, 16, 15, 8, 1748485607, 1753043203, 0, 11, 12304715, 1
3, 16, 15, 8, 1748485607, 1753043203, 0, 10, 13535187, 1
3, 16, 15, 8, 1748485607, 1753043203, 0, 9, 12805885, 1
3, 16, 15, 8, 1748485607, 1753043203, 0, 8, 12291695, 1
3, 16, 15, 8, 1748485607, 1753043203, 0, 7, 14047651, 1
3, 16, 15, 8, 1748485607, 1753043203, 0, 6, 13707972, 1
3, 16, 15, 8, 1748485607, 1753043203, 0, 5, 13037959, 1
3, 16, 15, 8, 1748485607, 1753043203, 0, 4, 1, 1
3, 16, 15, 8, 1748485607, 1753043203, 0, 3, 1, 1
3, 16, 15, 8, 1748485607, 1753043203, 0, 2, 1, 1
3, 16, 15, 8, 1748485607, 1753043203, 0, 1, 1, 1
