3, 1, 13, 5, 1, 99449478, 6, 14, 34174725, 1
3, 1, 13, 5, 1, 99449478, 6, 13, 34298069, 1
3, 1, 13, 5, 1, 99449478, 6, 12, 33988354, 1
3, 1, 13, 5, 1, 99449478, 6, 11, 35599442, 1
3, 1, 13, 5, 1, 99449478, 6, 10, 33208766, 1
3, 1, 13, 5, 1, 99449478, 6, 9, 30474751, 1
3, 1, 13, 5, 1, 99449478, 6, 8, 28118704, 1
3, 1, 13, 5, 1, 99449478, 6, 7, 26051447, 1
3, 1, 13, 5, 1, 99449478, 6, 6, 27707564, 1
3, 1, 13, 5, 1, 99449478, 6, 5, 31817333, 1
3, 1, 13, 5, 1, 99449478, 6, 4, 37121285, 1
3, 1, 13, 5, 1, 99449478, 6, 3, 40029592, 1
3, 1, 13, 5, 1, 99449478, 6, 2, 50475172, 1
3, 1, 13, 5, 1, 99449478, 6, 1, 25996170, 1
3, 1, 13, 5, 1, 99449478, 6, 0, 998683, 0
3, 1, 13, 5, 1, 99449478, 5, 14, 35291985, 1
3, 1, 13, 5, 1, 99449478, 5, 13, 36138224, 1
3, 1, 13, 5, 1, 99449478, 5, 12, 35559879, 1
3, 1, 13, 5, 1, 99449478, 5, 11, 37097360, 1
3, 1, 13, 5, 1, 99449478, 5, 10, 34586903, 1
3, 1, 13, 5, 1, 99449478, 5, 9, 31838270, 1
3, 1, 13, 5, 1, 99449478, 5, 8, 31235275, 1
3, 1, 13, 5, 1, 99449478, 5, 7, 28615734, 1
3, 1, 13, 5, 1, 99449478, 5, 6, 30294463, 1
3, 1, 13, 5, 1, 99449478, 5, 5, 34760589, 1
3, 1, 13, 5, 1, 99449478, 5, 4, 40490815, 1
3, 1, 13, 5, 1, 99449478, 5, 3, 43169953, 1
3, 1, 13, 5, 1, 99449478, 5, 2, 54685536, 1
3, 1, 13, 5, 1, 99449478, 5, 1, 23463716, 1
3, 1, 13, 5, 1, 99449478, 5, 0, 1198419, 0
3, 1, 13, 5, 1, 99449478, 4, 14, 31693841, 1
3, 1, 13, 5, 1, 99449478, 4, 13, 33411962, 1
3, 1, 13, 5, 1, 99449478, 4, 12, 31938491, 1
3, 1, 13, 5, 1, 99449478, 4, 11, 34443022, 1
3, 1, 13, 5, 1, 99449478, 4, 10, 31068983, 1
3, 1, 13, 5, 1, 99449478, 4, 9, 32110101, 1
3, 1, 13, 5, 1, 99449478, 4, 8, 30691058, 1
3, 1, 13, 5, 1, 99449478, 4, 7, 26663500, 1
3, 1, 13, 5, 1, 99449478, 4, 6, 30066230, 1
3, 1, 13, 5, 1, 99449478, 4, 5, 35250063, 1
3, 1, 13, 5, 1, 99449478, 4, 4, 40827702, 1
3, 1, 13, 5, 1, 99449478, 4, 3, 43306844, 1
3, 1, 13, 5, 1, 99449478, 4, 2, 54255374, 1
3, 1, 13, 5, 1, 99449478, 4, 1, 28677875, 1
3, 1, 13, 5, 1, 99449478, 4, 0, 1498024, 0
3, 1, 13, 5, 1, 99449478, 3, 14, 36578939, 1
3, 1, 13, 5, 1, 99449478, 3, 13, 38513428, 1
3, 1, 13, 5, 1, 99449478, 3, 12, 36409346, 1
3, 1, 13, 5, 1, 99449478, 3, 11, 39501383, 1
3, 1, 13, 5, 1, 99449478, 3, 10, 34933763, 1
3, 1, 13, 5, 1, 99449478, 3, 9, 35841580, 1
3, 1, 13, 5, 1, 99449478, 3, 8, 33566664, 1
3, 1, 13, 5, 1, 99449478, 3, 7, 32509374, 1
3, 1, 13, 5, 1, 99449478, 3, 6, 36672811, 1
3, 1, 13, 5, 1, 99449478, 3, 5, 43050691, 1
3, 1, 13, 5, 1, 99449478, 3, 4, 49883101, 1
3, 1, 13, 5, 1, 99449478, 3, 3, 52716275, 1
3, 1, 13, 5, 1, 99449478, 3, 2, 66135392, 1
3, 1, 13, 5, 1, 99449478, 3, 1, 32287852, 1
3, 1, 13, 5, 1, 99449478, 3, 0, 1997365, 0
3, 1, 13, 5, 1, 99449478, 2, 14, 46534902, 1
3, 1, 13, 5, 1, 99449478, 2, 13, 48966263, 1
3, 1, 13, 5, 1, 99449478, 2, 12, 45954076, 1
3, 1, 13, 5, 1, 99449478, 2, 11, 49892996, 1
3, 1, 13, 5, 1, 99449478, 2, 10, 43495052, 1
3, 1, 13, 5, 1, 99449478, 2, 9, 44396949, 1
3, 1, 13, 5, 1, 99449478, 2, 8, 40943198, 1
3, 1, 13, 5, 1, 99449478, 2, 7, 42945384, 1
3, 1, 13, 5, 1, 99449478, 2, 6, 48505958, 1
3, 1, 13, 5, 1, 99449478, 2, 5, 57065833, 1
3, 1, 13, 5, 1, 99449478, 2, 4, 66266585, 1
3, 1, 13, 5, 1, 99449478, 2, 3, 70063398, 1
3, 1, 13, 5, 1, 99449478, 2, 2, 88430321, 1
3, 1, 13, 5, 1, 99449478, 2, 1, 44004574, 1
3, 1, 13, 5, 1, 99449478, 2, 0, 1, 0
3, 1, 13, 5, 1, 99449478, 1, 14, 42212906, 1
3, 1, 13, 5, 1, 99449478, 1, 13, 43861311, 1
3, 1, 13, 5, 1, 99449478, 1, 12, 39567576, 1
3, 1, 13, 5, 1, 99449478, 1, 11, 43008234, 1
3, 1, 13, 5, 1, 99449478, 1, 10, 30227438, 1
3, 1, 13, 5, 1, 99449478, 1, 9, 32350642, 1
3, 1, 13, 5, 1, 99449478, 1, 8, 31105259, 1
3, 1, 13, 5, 1, 99449478, 1, 7, 30134007, 1
3, 1, 13, 5, 1, 99449478, 1, 6, 33414263, 1
3, 1, 13, 5, 1, 99449478, 1, 5, 39489584, 1
3, 1, 13, 5, 1, 99449478, 1, 4, 43555383, 1
3, 1, 13, 5, 1, 99449478, 1, 3, 48962085, 1
3, 1, 13, 5, 1, 99449478, 1, 2, 68546919, 1
3, 1, 13, 5, 1, 99449478, 1, 1, 24118507, 1
3, 1, 13, 5, 1, 99449478, 1, 0, 1, 0
3, 1, 13, 5, 1, 99449478, 0, 14, 45405931, 1
3, 1, 13, 5, 1, 99449478, 0, 13, 45828013, 1
3, 1, 13, 5, 1, 99449478, 0, 12, 33391513, 1
3, 1, 13, 5, 1, 99449478, 0, 11, 36427105, 1
3, 1, 13, 5, 1, 99449478, 0, 10, 18719861, 1
3, 1, 13, 5, 1, 99449478, 0, 9, 18564957, 1
3, 1, 13, 5, 1, 99449478, 0, 8, 15286957, 1
3, 1, 13, 5, 1, 99449478, 0, 7, 17470808, 1
3, 1, 13, 5, 1, 99449478, 0, 6, 20382609, 1
3, 1, 13, 5, 1, 99449478, 0, 5, 24459131, 1
3, 1, 13, 5, 1, 99449478, 0, 4, 30573914, 1
3, 1, 13, 5, 1, 99449478, 0, 3, 40765218, 1
3, 1, 13, 5, 1, 99449478, 0, 2, 61147827, 1
3, 1, 13, 5, 1, 99449478, 0, 1, 72355520, 1
3, 2, 13, 5, 99449479, 160431152, 6, 14, 2929729133, 1
3, 2, 13, 5, 99449479, 160431152, 6, 13, 2893878802, 1
3, 2, 13, 5, 99449479, 160431152, 6, 12, 2858995296, 1
3, 2, 13, 5, 99449479, 160431152, 6, 11, 2820149500, 1
3, 2, 13, 5, 99449479, 160431152, 6, 10, 2770075348, 1
3, 2, 13, 5, 99449479, 160431152, 6, 9, 2712961406, 1
3, 2, 13, 5, 99449479, 160431152, 6, 8, 2640931585, 1
3, 2, 13, 5, 99449479, 160431152, 6, 7, 2560975736, 1
3, 2, 13, 5, 99449479, 160431152, 6, 6, 2449242457, 1
3, 2, 13, 5, 99449479, 160431152, 6, 5, 2302803124, 1
3, 2, 13, 5, 99449479, 160431152, 6, 4, 2089853626, 1
3, 2, 13, 5, 99449479, 160431152, 6, 3, 1754753927, 1
3, 2, 13, 5, 99449479, 160431152, 6, 2, 1207749771, 1
3, 2, 13, 5, 99449479, 160431152, 6, 1, 640890053, 1
3, 2, 13, 5, 99449479, 160431152, 6, 0, 111919731, 0
3, 2, 13, 5, 99449479, 160431152, 5, 14, 2925380682, 1
3, 2, 13, 5, 99449479, 160431152, 5, 13, 2890648621, 1
3, 2, 13, 5, 99449479, 160431152, 5, 12, 2857591863, 1
3, 2, 13, 5, 99449479, 160431152, 5, 11, 2820156071, 1
3, 2, 13, 5, 99449479, 160431152, 5, 10, 2770484070, 1
3, 2, 13, 5, 99449479, 160431152, 5, 9, 2714589635, 1
3, 2, 13, 5, 99449479, 160431152, 5, 8, 2642790846, 1
3, 2, 13, 5, 99449479, 160431152, 5, 7, 2560740059, 1
3, 2, 13, 5, 99449479, 160431152, 5, 6, 2444773561, 1
3, 2, 13, 5, 99449479, 160431152, 5, 5, 2293084768, 1
3, 2, 13, 5, 99449479, 160431152, 5, 4, 2071345614, 1
3, 2, 13, 5, 99449479, 160431152, 5, 3, 1733398784, 1
3, 2, 13, 5, 99449479, 160431152, 5, 2, 1180070939, 1
3, 2, 13, 5, 99449479, 160431152, 5, 1, 596887192, 1
3, 2, 13, 5, 99449479, 160431152, 5, 0, 1, 0
3, 2, 13, 5, 99449479, 160431152, 4, 14, 2952068117, 1
3, 2, 13, 5, 99449479, 160431152, 4, 13, 2920368680, 1
3, 2, 13, 5, 99449479, 160431152, 4, 12, 2891094060, 1
3, 2, 13, 5, 99449479, 160431152, 4, 11, 2851993866, 1
3, 2, 13, 5, 99449479, 160431152, 4, 10, 2801036895, 1
3, 2, 13, 5, 99449479, 160431152, 4, 9, 2744352796, 1
3, 2, 13, 5, 99449479, 160431152, 4, 8, 2670872366, 1
3, 2, 13, 5, 99449479, 160431152, 4, 7, 2589133661, 1
3, 2, 13, 5, 99449479, 160431152, 4, 6, 2471414904, 1
3, 2, 13, 5, 99449479, 160431152, 4, 5, 2317976495, 1
3, 2, 13, 5, 99449479, 160431152, 4, 4, 2087410086, 1
3, 2, 13, 5, 99449479, 160431152, 4, 3, 1744459998, 1
3, 2, 13, 5, 99449479, 160431152, 4, 2, 1188495350, 1
3, 2, 13, 5, 99449479, 160431152, 4, 1, 607940659, 1
3, 2, 13, 5, 99449479, 160431152, 4, 0, 1, 0
3, 2, 13, 5, 99449479, 160431152, 3, 14, 2960063544, 1
3, 2, 13, 5, 99449479, 160431152, 3, 13, 2929694399, 1
3, 2, 13, 5, 99449479, 160431152, 3, 12, 2898832051, 1
3, 2, 13, 5, 99449479, 160431152, 3, 11, 2859567587, 1
3, 2, 13, 5, 99449479, 160431152, 3, 10, 2809026412, 1
3, 2, 13, 5, 99449479, 160431152, 3, 9, 2753895034, 1
3, 2, 13, 5, 99449479, 160431152, 3, 8, 2683067035, 1
3, 2, 13, 5, 99449479, 160431152, 3, 7, 2600806577, 1
3, 2, 13, 5, 99449479, 160431152, 3, 6, 2485017001, 1
3, 2, 13, 5, 99449479, 160431152, 3, 5, 2334216186, 1
3, 2, 13, 5, 99449479, 160431152, 3, 4, 2104343520, 1
3, 2, 13, 5, 99449479, 160431152, 3, 3, 1761420525, 1
3, 2, 13, 5, 99449479, 160431152, 3, 2, 1201514893, 1
3, 2, 13, 5, 99449479, 160431152, 3, 1, 625310392, 1
3, 2, 13, 5, 99449479, 160431152, 3, 0, 1, 0
3, 2, 13, 5, 99449479, 160431152, 2, 14, 2971578192, 1
3, 2, 13, 5, 99449479, 160431152, 2, 13, 2941152856, 1
3, 2, 13, 5, 99449479, 160431152, 2, 12, 2911901290, 1
3, 2, 13, 5, 99449479, 160431152, 2, 11, 2870206267, 1
3, 2, 13, 5, 99449479, 160431152, 2, 10, 2820334545, 1
3, 2, 13, 5, 99449479, 160431152, 2, 9, 2768004080, 1
3, 2, 13, 5, 99449479, 160431152, 2, 8, 2703846073, 1
3, 2, 13, 5, 99449479, 160431152, 2, 7, 2625452126, 1
3, 2, 13, 5, 99449479, 160431152, 2, 6, 2517514983, 1
3, 2, 13, 5, 99449479, 160431152, 2, 5, 2367043781, 1
3, 2, 13, 5, 99449479, 160431152, 2, 4, 2139915709, 1
3, 2, 13, 5, 99449479, 160431152, 2, 3, 1790715981, 1
3, 2, 13, 5, 99449479, 160431152, 2, 2, 1224299095, 1
3, 2, 13, 5, 99449479, 160431152, 2, 1, 656575912, 1
3, 2, 13, 5, 99449479, 160431152, 2, 0, 1, 0
3, 2, 13, 5, 99449479, 160431152, 1, 14, 2992907324, 1
3, 2, 13, 5, 99449479, 160431152, 1, 13, 2959023379, 1
3, 2, 13, 5, 99449479, 160431152, 1, 12, 2932660724, 1
3, 2, 13, 5, 99449479, 160431152, 1, 11, 2893388093, 1
3, 2, 13, 5, 99449479, 160431152, 1, 10, 2850487487, 1
3, 2, 13, 5, 99449479, 160431152, 1, 9, 2797025104, 1
3, 2, 13, 5, 99449479, 160431152, 1, 8, 2740267506, 1
3, 2, 13, 5, 99449479, 160431152, 1, 7, 2675801182, 1
3, 2, 13, 5, 99449479, 160431152, 1, 6, 2558989884, 1
3, 2, 13, 5, 99449479, 160431152, 1, 5, 2417071970, 1
3, 2, 13, 5, 99449479, 160431152, 1, 4, 2201789691, 1
3, 2, 13, 5, 99449479, 160431152, 1, 3, 1853491959, 1
3, 2, 13, 5, 99449479, 160431152, 1, 2, 1274424337, 1
3, 2, 13, 5, 99449479, 160431152, 1, 1, 729528791, 1
3, 2, 13, 5, 99449479, 160431152, 1, 0, 1, 0
3, 2, 13, 5, 99449479, 160431152, 0, 14, 3073386283, 1
3, 2, 13, 5, 99449479, 160431152, 0, 13, 3044843229, 1
3, 2, 13, 5, 99449479, 160431152, 0, 12, 3026830000, 1
3, 2, 13, 5, 99449479, 160431152, 0, 11, 2998846871, 1
3, 2, 13, 5, 99449479, 160431152, 0, 10, 2960068655, 1
3, 2, 13, 5, 99449479, 160431152, 0, 9, 2927520681, 1
3, 2, 13, 5, 99449479, 160431152, 0, 8, 2898570231, 1
3, 2, 13, 5, 99449479, 160431152, 0, 7, 2849263814, 1
3, 2, 13, 5, 99449479, 160431152, 0, 6, 2759471980, 1
3, 2, 13, 5, 99449479, 160431152, 0, 5, 2633129340, 1
3, 2, 13, 5, 99449479, 160431152, 0, 4, 2468047852, 1
3, 2, 13, 5, 99449479, 160431152, 0, 3, 2162407285, 1
3, 2, 13, 5, 99449479, 160431152, 0, 2, 1593030422, 1
3, 2, 13, 5, 99449479, 160431152, 0, 1, 1094293186, 1
3, 3, 13, 5, 160431153, 181440660, 6, 14, 3443872163, 1
3, 3, 13, 5, 160431153, 181440660, 6, 13, 3413349495, 1
3, 3, 13, 5, 160431153, 181440660, 6, 12, 3378433467, 1
3, 3, 13, 5, 160431153, 181440660, 6, 11, 3336421298, 1
3, 3, 13, 5, 160431153, 181440660, 6, 10, 3298000157, 1
3, 3, 13, 5, 160431153, 181440660, 6, 9, 3245886713, 1
3, 3, 13, 5, 160431153, 181440660, 6, 8, 3180724972, 1
3, 3, 13, 5, 160431153, 181440660, 6, 7, 3149096659, 1
3, 3, 13, 5, 160431153, 181440660, 6, 6, 3084786359, 1
3, 3, 13, 5, 160431153, 181440660, 6, 5, 3000394168, 1
3, 3, 13, 5, 160431153, 181440660, 6, 4, 2892631804, 1
3, 3, 13, 5, 160431153, 181440660, 6, 3, 2715970316, 1
3, 3, 13, 5, 160431153, 181440660, 6, 2, 2486961265, 1
3, 3, 13, 5, 160431153, 181440660, 6, 1, 1934986891, 1
3, 3, 13, 5, 160431153, 181440660, 6, 0, 1352197257, 0
3, 3, 13, 5, 160431153, 181440660, 5, 14, 3487443592, 1
3, 3, 13, 5, 160431153, 181440660, 5, 13, 3460804264, 1
3, 3, 13, 5, 160431153, 181440660, 5, 12, 3429876871, 1
3, 3, 13, 5, 160431153, 181440660, 5, 11, 3392577489, 1
3, 3, 13, 5, 160431153, 181440660, 5, 10, 3363257399, 1
3, 3, 13, 5, 160431153, 181440660, 5, 9, 3305033763, 1
3, 3, 13, 5, 160431153, 181440660, 5, 8, 3247265759, 1
3, 3, 13, 5, 160431153, 181440660, 5, 7, 3211216572, 1
3, 3, 13, 5, 160431153, 181440660, 5, 6, 3137154477, 1
3, 3, 13, 5, 160431153, 181440660, 5, 5, 3039899284, 1
3, 3, 13, 5, 160431153, 181440660, 5, 4, 2915742106, 1
3, 3, 13, 5, 160431153, 181440660, 5, 3, 2751180716, 1
3, 3, 13, 5, 160431153, 181440660, 5, 2, 2570359837, 1
3, 3, 13, 5, 160431153, 181440660, 5, 1, 2085496482, 1
3, 3, 13, 5, 160431153, 181440660, 5, 0, 1515388830, 0
3, 3, 13, 5, 160431153, 181440660, 4, 14, 3574035628, 1
3, 3, 13, 5, 160431153, 181440660, 4, 13, 3553115867, 1
3, 3, 13, 5, 160431153, 181440660, 4, 12, 3529477081, 1
3, 3, 13, 5, 160431153, 181440660, 4, 11, 3499442501, 1
3, 3, 13, 5, 160431153, 181440660, 4, 10, 3465752853, 1
3, 3, 13, 5, 160431153, 181440660, 4, 9, 3418083887, 1
3, 3, 13, 5, 160431153, 181440660, 4, 8, 3377947150, 1
3, 3, 13, 5, 160431153, 181440660, 4, 7, 3340474205, 1
3, 3, 13, 5, 160431153, 181440660, 4, 6, 3258863952, 1
3, 3, 13, 5, 160431153, 181440660, 4, 5, 3151766946, 1
3, 3, 13, 5, 160431153, 181440660, 4, 4, 3016167220, 1
3, 3, 13, 5, 160431153, 181440660, 4, 3, 2848903157, 1
3, 3, 13, 5, 160431153, 181440660, 4, 2, 2763799652, 1
3, 3, 13, 5, 160431153, 181440660, 4, 1, 2332667136, 1
3, 3, 13, 5, 160431153, 181440660, 4, 0, 1894236037, 0
3, 3, 13, 5, 160431153, 181440660, 3, 14, 3531067789, 1
3, 3, 13, 5, 160431153, 181440660, 3, 13, 3508346811, 1
3, 3, 13, 5, 160431153, 181440660, 3, 12, 3470929520, 1
3, 3, 13, 5, 160431153, 181440660, 3, 11, 3434512129, 1
3, 3, 13, 5, 160431153, 181440660, 3, 10, 3394384532, 1
3, 3, 13, 5, 160431153, 181440660, 3, 9, 3337855451, 1
3, 3, 13, 5, 160431153, 181440660, 3, 8, 3294030822, 1
3, 3, 13, 5, 160431153, 181440660, 3, 7, 3251239246, 1
3, 3, 13, 5, 160431153, 181440660, 3, 6, 3146134228, 1
3, 3, 13, 5, 160431153, 181440660, 3, 5, 3019592279, 1
3, 3, 13, 5, 160431153, 181440660, 3, 4, 2867294891, 1
3, 3, 13, 5, 160431153, 181440660, 3, 3, 2659390583, 1
3, 3, 13, 5, 160431153, 181440660, 3, 2, 2503826077, 1
3, 3, 13, 5, 160431153, 181440660, 3, 1, 1973815514, 1
3, 3, 13, 5, 160431153, 181440660, 3, 0, 1419441707, 0
3, 3, 13, 5, 160431153, 181440660, 2, 14, 3555732242, 1
3, 3, 13, 5, 160431153, 181440660, 2, 13, 3535910891, 1
3, 3, 13, 5, 160431153, 181440660, 2, 12, 3499348883, 1
3, 3, 13, 5, 160431153, 181440660, 2, 11, 3465337174, 1
3, 3, 13, 5, 160431153, 181440660, 2, 10, 3426171501, 1
3, 3, 13, 5, 160431153, 181440660, 2, 9, 3376038589, 1
3, 3, 13, 5, 160431153, 181440660, 2, 8, 3341935081, 1
3, 3, 13, 5, 160431153, 181440660, 2, 7, 3314638759, 1
3, 3, 13, 5, 160431153, 181440660, 2, 6, 3212853918, 1
3, 3, 13, 5, 160431153, 181440660, 2, 5, 3094485078, 1
3, 3, 13, 5, 160431153, 181440660, 2, 4, 2920925546, 1
3, 3, 13, 5, 160431153, 181440660, 2, 3, 2679815876, 1
3, 3, 13, 5, 160431153, 181440660, 2, 2, 2527049465, 1
3, 3, 13, 5, 160431153, 181440660, 2, 1, 2060382408, 1
3, 3, 13, 5, 160431153, 181440660, 2, 0, 1413511492, 0
3, 3, 13, 5, 160431153, 181440660, 1, 14, 3440292453, 1
3, 3, 13, 5, 160431153, 181440660, 1, 13, 3418116767, 1
3, 3, 13, 5, 160431153, 181440660, 1, 12, 3375532847, 1
3, 3, 13, 5, 160431153, 181440660, 1, 11, 3327395697, 1
3, 3, 13, 5, 160431153, 181440660, 1, 10, 3270341705, 1
3, 3, 13, 5, 160431153, 181440660, 1, 9, 3199729848, 1
3, 3, 13, 5, 160431153, 181440660, 1, 8, 3160225476, 1
3, 3, 13, 5, 160431153, 181440660, 1, 7, 3127489093, 1
3, 3, 13, 5, 160431153, 181440660, 1, 6, 2990761723, 1
3, 3, 13, 5, 160431153, 181440660, 1, 5, 2833123409, 1
3, 3, 13, 5, 160431153, 181440660, 1, 4, 2604562436, 1
3, 3, 13, 5, 160431153, 181440660, 1, 3, 2273943645, 1
3, 3, 13, 5, 160431153, 181440660, 1, 2, 1948643913, 1
3, 3, 13, 5, 160431153, 181440660, 1, 1, 1256609794, 1
3, 3, 13, 5, 160431153, 181440660, 1, 0, 1, 0
3, 3, 13, 5, 160431153, 181440660, 0, 14, 3630677516, 1
3, 3, 13, 5, 160431153, 181440660, 0, 13, 3611972540, 1
3, 3, 13, 5, 160431153, 181440660, 0, 12, 3592512770, 1
3, 3, 13, 5, 160431153, 181440660, 0, 11, 3564947211, 1
3, 3, 13, 5, 160431153, 181440660, 0, 10, 3530060992, 1
3, 3, 13, 5, 160431153, 181440660, 0, 9, 3476959058, 1
3, 3, 13, 5, 160431153, 181440660, 0, 8, 3509916303, 1
3, 3, 13, 5, 160431153, 181440660, 0, 7, 3481674422, 1
3, 3, 13, 5, 160431153, 181440660, 0, 6, 3391960757, 1
3, 3, 13, 5, 160431153, 181440660, 0, 5, 3274672081, 1
3, 3, 13, 5, 160431153, 181440660, 0, 4, 3145013797, 1
3, 3, 13, 5, 160431153, 181440660, 0, 3, 3030806299, 1
3, 3, 13, 5, 160431153, 181440660, 0, 2, 3002612962, 1
3, 3, 13, 5, 160431153, 181440660, 0, 1, 1936489312, 1
3, 4, 13, 5, 181440661, 239627432, 6, 14, 3139306233, 1
3, 4, 13, 5, 181440661, 239627432, 6, 13, 3084734527, 1
3, 4, 13, 5, 181440661, 239627432, 6, 12, 3031286116, 1
3, 4, 13, 5, 181440661, 239627432, 6, 11, 2955721070, 1
3, 4, 13, 5, 181440661, 239627432, 6, 10, 2889029675, 1
3, 4, 13, 5, 181440661, 239627432, 6, 9, 2829015544, 1
3, 4, 13, 5, 181440661, 239627432, 6, 8, 2732556568, 1
3, 4, 13, 5, 181440661, 239627432, 6, 7, 2633927073, 1
3, 4, 13, 5, 181440661, 239627432, 6, 6, 2490511075, 1
3, 4, 13, 5, 181440661, 239627432, 6, 5, 2296853556, 1
3, 4, 13, 5, 181440661, 239627432, 6, 4, 2037116200, 1
3, 4, 13, 5, 181440661, 239627432, 6, 3, 1663987345, 1
3, 4, 13, 5, 181440661, 239627432, 6, 2, 1125040147, 1
3, 4, 13, 5, 181440661, 239627432, 6, 1, 624551185, 1
3, 4, 13, 5, 181440661, 239627432, 6, 0, 98722588, 0
3, 4, 13, 5, 181440661, 239627432, 5, 14, 3154493261, 1
3, 4, 13, 5, 181440661, 239627432, 5, 13, 3101649629, 1
3, 4, 13, 5, 181440661, 239627432, 5, 12, 3051254734, 1
3, 4, 13, 5, 181440661, 239627432, 5, 11, 2977752063, 1
3, 4, 13, 5, 181440661, 239627432, 5, 10, 2918446583, 1
3, 4, 13, 5, 181440661, 239627432, 5, 9, 2854669065, 1
3, 4, 13, 5, 181440661, 239627432, 5, 8, 2764807124, 1
3, 4, 13, 5, 181440661, 239627432, 5, 7, 2657661937, 1
3, 4, 13, 5, 181440661, 239627432, 5, 6, 2498510225, 1
3, 4, 13, 5, 181440661, 239627432, 5, 5, 2285521003, 1
3, 4, 13, 5, 181440661, 239627432, 5, 4, 1997739852, 1
3, 4, 13, 5, 181440661, 239627432, 5, 3, 1624461796, 1
3, 4, 13, 5, 181440661, 239627432, 5, 2, 1099895530, 1
3, 4, 13, 5, 181440661, 239627432, 5, 1, 583785145, 1
3, 4, 13, 5, 181440661, 239627432, 5, 0, 1, 0
3, 4, 13, 5, 181440661, 239627432, 4, 14, 3231492699, 1
3, 4, 13, 5, 181440661, 239627432, 4, 13, 3183523228, 1
3, 4, 13, 5, 181440661, 239627432, 4, 12, 3141626737, 1
3, 4, 13, 5, 181440661, 239627432, 4, 11, 3076550452, 1
3, 4, 13, 5, 181440661, 239627432, 4, 10, 3014138247, 1
3, 4, 13, 5, 181440661, 239627432, 4, 9, 2948127949, 1
3, 4, 13, 5, 181440661, 239627432, 4, 8, 2853089306, 1
3, 4, 13, 5, 181440661, 239627432, 4, 7, 2739464476, 1
3, 4, 13, 5, 181440661, 239627432, 4, 6, 2565240835, 1
3, 4, 13, 5, 181440661, 239627432, 4, 5, 2334495032, 1
3, 4, 13, 5, 181440661, 239627432, 4, 4, 2023726175, 1
3, 4, 13, 5, 181440661, 239627432, 4, 3, 1633770791, 1
3, 4, 13, 5, 181440661, 239627432, 4, 2, 1106284330, 1
3, 4, 13, 5, 181440661, 239627432, 4, 1, 590715923, 1
3, 4, 13, 5, 181440661, 239627432, 4, 0, 1, 0
3, 4, 13, 5, 181440661, 239627432, 3, 14, 3229759080, 1
3, 4, 13, 5, 181440661, 239627432, 3, 13, 3182757914, 1
3, 4, 13, 5, 181440661, 239627432, 3, 12, 3135302928, 1
3, 4, 13, 5, 181440661, 239627432, 3, 11, 3068094572, 1
3, 4, 13, 5, 181440661, 239627432, 3, 10, 3007532366, 1
3, 4, 13, 5, 181440661, 239627432, 3, 9, 2946784799, 1
3, 4, 13, 5, 181440661, 239627432, 3, 8, 2857055972, 1
3, 4, 13, 5, 181440661, 239627432, 3, 7, 2747490404, 1
3, 4, 13, 5, 181440661, 239627432, 3, 6, 2563301608, 1
3, 4, 13, 5, 181440661, 239627432, 3, 5, 2331303567, 1
3, 4, 13, 5, 181440661, 239627432, 3, 4, 2029147521, 1
3, 4, 13, 5, 181440661, 239627432, 3, 3, 1648044583, 1
3, 4, 13, 5, 181440661, 239627432, 3, 2, 1116157929, 1
3, 4, 13, 5, 181440661, 239627432, 3, 1, 601607146, 1
3, 4, 13, 5, 181440661, 239627432, 3, 0, 1, 0
3, 4, 13, 5, 181440661, 239627432, 2, 14, 3250577800, 1
3, 4, 13, 5, 181440661, 239627432, 2, 13, 3206705643, 1
3, 4, 13, 5, 181440661, 239627432, 2, 12, 3165574089, 1
3, 4, 13, 5, 181440661, 239627432, 2, 11, 3100635139, 1
3, 4, 13, 5, 181440661, 239627432, 2, 10, 3025071784, 1
3, 4, 13, 5, 181440661, 239627432, 2, 9, 2981943303, 1
3, 4, 13, 5, 181440661, 239627432, 2, 8, 2901643246, 1
3, 4, 13, 5, 181440661, 239627432, 2, 7, 2809488067, 1
3, 4, 13, 5, 181440661, 239627432, 2, 6, 2627094286, 1
3, 4, 13, 5, 181440661, 239627432, 2, 5, 2401201997, 1
3, 4, 13, 5, 181440661, 239627432, 2, 4, 2074037538, 1
3, 4, 13, 5, 181440661, 239627432, 2, 3, 1672699315, 1
3, 4, 13, 5, 181440661, 239627432, 2, 2, 1133436727, 1
3, 4, 13, 5, 181440661, 239627432, 2, 1, 621211347, 1
3, 4, 13, 5, 181440661, 239627432, 2, 0, 1, 0
3, 4, 13, 5, 181440661, 239627432, 1, 14, 3278091027, 1
3, 4, 13, 5, 181440661, 239627432, 1, 13, 3242156723, 1
3, 4, 13, 5, 181440661, 239627432, 1, 12, 3183864849, 1
3, 4, 13, 5, 181440661, 239627432, 1, 11, 3116557040, 1
3, 4, 13, 5, 181440661, 239627432, 1, 10, 3037181280, 1
3, 4, 13, 5, 181440661, 239627432, 1, 9, 3017287670, 1
3, 4, 13, 5, 181440661, 239627432, 1, 8, 2953550111, 1
3, 4, 13, 5, 181440661, 239627432, 1, 7, 2883434461, 1
3, 4, 13, 5, 181440661, 239627432, 1, 6, 2703530468, 1
3, 4, 13, 5, 181440661, 239627432, 1, 5, 2489388306, 1
3, 4, 13, 5, 181440661, 239627432, 1, 4, 2179210663, 1
3, 4, 13, 5, 181440661, 239627432, 1, 3, 1740496821, 1
3, 4, 13, 5, 181440661, 239627432, 1, 2, 1192402396, 1
3, 4, 13, 5, 181440661, 239627432, 1, 1, 701875004, 1
3, 4, 13, 5, 181440661, 239627432, 1, 0, 1, 0
3, 4, 13, 5, 181440661, 239627432, 0, 14, 3375059899, 1
3, 4, 13, 5, 181440661, 239627432, 0, 13, 3334881267, 1
3, 4, 13, 5, 181440661, 239627432, 0, 12, 3290368898, 1
3, 4, 13, 5, 181440661, 239627432, 0, 11, 3232240329, 1
3, 4, 13, 5, 181440661, 239627432, 0, 10, 3161729431, 1
3, 4, 13, 5, 181440661, 239627432, 0, 9, 3140644353, 1
3, 4, 13, 5, 181440661, 239627432, 0, 8, 3128619771, 1
3, 4, 13, 5, 181440661, 239627432, 0, 7, 3042544112, 1
3, 4, 13, 5, 181440661, 239627432, 0, 6, 2871367577, 1
3, 4, 13, 5, 181440661, 239627432, 0, 5, 2645252283, 1
3, 4, 13, 5, 181440661, 239627432, 0, 4, 2352354072, 1
3, 4, 13, 5, 181440661, 239627432, 0, 3, 2013119364, 1
3, 4, 13, 5, 181440661, 239627432, 0, 2, 1464312605, 1
3, 4, 13, 5, 181440661, 239627432, 0, 1, 1000431725, 1
3, 5, 13, 5, 239627433, 253191539, 6, 14, 1894587284, 1
3, 5, 13, 5, 239627433, 253191539, 6, 13, 1852464012, 1
3, 5, 13, 5, 239627433, 253191539, 6, 12, 1810370717, 1
3, 5, 13, 5, 239627433, 253191539, 6, 11, 1747323647, 1
3, 5, 13, 5, 239627433, 253191539, 6, 10, 1695159532, 1
3, 5, 13, 5, 239627433, 253191539, 6, 9, 1656141315, 1
3, 5, 13, 5, 239627433, 253191539, 6, 8, 1584817471, 1
3, 5, 13, 5, 239627433, 253191539, 6, 7, 1513870151, 1
3, 5, 13, 5, 239627433, 253191539, 6, 6, 1412032616, 1
3, 5, 13, 5, 239627433, 253191539, 6, 5, 1280548315, 1
3, 5, 13, 5, 239627433, 253191539, 6, 4, 1100870606, 1
3, 5, 13, 5, 239627433, 253191539, 6, 3, 859028121, 1
3, 5, 13, 5, 239627433, 253191539, 6, 2, 540959788, 1
3, 5, 13, 5, 239627433, 253191539, 6, 1, 460436529, 1
3, 5, 13, 5, 239627433, 253191539, 6, 0, 1, 0
3, 5, 13, 5, 239627433, 253191539, 5, 14, 1892919691, 1
3, 5, 13, 5, 239627433, 253191539, 5, 13, 1851849251, 1
3, 5, 13, 5, 239627433, 253191539, 5, 12, 1810628589, 1
3, 5, 13, 5, 239627433, 253191539, 5, 11, 1746983209, 1
3, 5, 13, 5, 239627433, 253191539, 5, 10, 1698994749, 1
3, 5, 13, 5, 239627433, 253191539, 5, 9, 1652953878, 1
3, 5, 13, 5, 239627433, 253191539, 5, 8, 1584140442, 1
3, 5, 13, 5, 239627433, 253191539, 5, 7, 1502841165, 1
3, 5, 13, 5, 239627433, 253191539, 5, 6, 1379411506, 1
3, 5, 13, 5, 239627433, 253191539, 5, 5, 1221885797, 1
3, 5, 13, 5, 239627433, 253191539, 5, 4, 1012518578, 1
3, 5, 13, 5, 239627433, 253191539, 5, 3, 758566072, 1
3, 5, 13, 5, 239627433, 253191539, 5, 2, 437555155, 1
3, 5, 13, 5, 239627433, 253191539, 5, 1, 306923510, 1
3, 5, 13, 5, 239627433, 253191539, 5, 0, 1, 0
3, 5, 13, 5, 239627433, 253191539, 4, 14, 1951363304, 1
3, 5, 13, 5, 239627433, 253191539, 4, 13, 1913736822, 1
3, 5, 13, 5, 239627433, 253191539, 4, 12, 1882289455, 1
3, 5, 13, 5, 239627433, 253191539, 4, 11, 1824065751, 1
3, 5, 13, 5, 239627433, 253191539, 4, 10, 1774760992, 1
3, 5, 13, 5, 239627433, 253191539, 4, 9, 1729491371, 1
3, 5, 13, 5, 239627433, 253191539, 4, 8, 1659059210, 1
3, 5, 13, 5, 239627433, 253191539, 4, 7, 1572887508, 1
3, 5, 13, 5, 239627433, 253191539, 4, 6, 1439260765, 1
3, 5, 13, 5, 239627433, 253191539, 4, 5, 1263110791, 1
3, 5, 13, 5, 239627433, 253191539, 4, 4, 1029686026, 1
3, 5, 13, 5, 239627433, 253191539, 4, 3, 757782150, 1
3, 5, 13, 5, 239627433, 253191539, 4, 2, 432669703, 1
3, 5, 13, 5, 239627433, 253191539, 4, 1, 295279004, 1
3, 5, 13, 5, 239627433, 253191539, 4, 0, 1, 0
3, 5, 13, 5, 239627433, 253191539, 3, 14, 1949279676, 1
3, 5, 13, 5, 239627433, 253191539, 3, 13, 1914071708, 1
3, 5, 13, 5, 239627433, 253191539, 3, 12, 1876426433, 1
3, 5, 13, 5, 239627433, 253191539, 3, 11, 1819508591, 1
3, 5, 13, 5, 239627433, 253191539, 3, 10, 1771347450, 1
3, 5, 13, 5, 239627433, 253191539, 3, 9, 1731774341, 1
3, 5, 13, 5, 239627433, 253191539, 3, 8, 1668059848, 1
3, 5, 13, 5, 239627433, 253191539, 3, 7, 1591221990, 1
3, 5, 13, 5, 239627433, 253191539, 3, 6, 1449458004, 1
3, 5, 13, 5, 239627433, 253191539, 3, 5, 1274641228, 1
3, 5, 13, 5, 239627433, 253191539, 3, 4, 1053742770, 1
3, 5, 13, 5, 239627433, 253191539, 3, 3, 797234800, 1
3, 5, 13, 5, 239627433, 253191539, 3, 2, 480557636, 1
3, 5, 13, 5, 239627433, 253191539, 3, 1, 379644434, 1
3, 5, 13, 5, 239627433, 253191539, 3, 0, 1, 0
3, 5, 13, 5, 239627433, 253191539, 2, 14, 1980808732, 1
3, 5, 13, 5, 239627433, 253191539, 2, 13, 1949585366, 1
3, 5, 13, 5, 239627433, 253191539, 2, 12, 1917954953, 1
3, 5, 13, 5, 239627433, 253191539, 2, 11, 1864611807, 1
3, 5, 13, 5, 239627433, 253191539, 2, 10, 1800826071, 1
3, 5, 13, 5, 239627433, 253191539, 2, 9, 1780289677, 1
3, 5, 13, 5, 239627433, 253191539, 2, 8, 1727795264, 1
3, 5, 13, 5, 239627433, 253191539, 2, 7, 1670699377, 1
3, 5, 13, 5, 239627433, 253191539, 2, 6, 1533882674, 1
3, 5, 13, 5, 239627433, 253191539, 2, 5, 1369653492, 1
3, 5, 13, 5, 239627433, 253191539, 2, 4, 1130579184, 1
3, 5, 13, 5, 239627433, 253191539, 2, 3, 865380287, 1
3, 5, 13, 5, 239627433, 253191539, 2, 2, 564361518, 1
3, 5, 13, 5, 239627433, 253191539, 2, 1, 531502207, 1
3, 5, 13, 5, 239627433, 253191539, 2, 0, 1, 0
3, 5, 13, 5, 239627433, 253191539, 1, 14, 2020610949, 1
3, 5, 13, 5, 239627433, 253191539, 1, 13, 1998391890, 1
3, 5, 13, 5, 239627433, 253191539, 1, 12, 1948189561, 1
3, 5, 13, 5, 239627433, 253191539, 1, 11, 1891087148, 1
3, 5, 13, 5, 239627433, 253191539, 1, 10, 1832393862, 1
3, 5, 13, 5, 239627433, 253191539, 1, 9, 1837536933, 1
3, 5, 13, 5, 239627433, 253191539, 1, 8, 1804727038, 1
3, 5, 13, 5, 239627433, 253191539, 1, 7, 1773786429, 1
3, 5, 13, 5, 239627433, 253191539, 1, 6, 1645111336, 1
3, 5, 13, 5, 239627433, 253191539, 1, 5, 1500826764, 1
3, 5, 13, 5, 239627433, 253191539, 1, 4, 1291554530, 1
3, 5, 13, 5, 239627433, 253191539, 1, 3, 1011406329, 1
3, 5, 13, 5, 239627433, 253191539, 1, 2, 748730060, 1
3, 5, 13, 5, 239627433, 253191539, 1, 1, 885837011, 1
3, 5, 13, 5, 239627433, 253191539, 1, 0, 1, 0
3, 5, 13, 5, 239627433, 253191539, 0, 14, 1998990359, 1
3, 5, 13, 5, 239627433, 253191539, 0, 13, 1963932214, 1
3, 5, 13, 5, 239627433, 253191539, 0, 12, 1909101792, 1
3, 5, 13, 5, 239627433, 253191539, 0, 11, 1840261560, 1
3, 5, 13, 5, 239627433, 253191539, 0, 10, 1774816372, 1
3, 5, 13, 5, 239627433, 253191539, 0, 9, 1759922718, 1
3, 5, 13, 5, 239627433, 253191539, 0, 8, 1755637418, 1
3, 5, 13, 5, 239627433, 253191539, 0, 7, 1679512263, 1
3, 5, 13, 5, 239627433, 253191539, 0, 6, 1521603066, 1
3, 5, 13, 5, 239627433, 253191539, 0, 5, 1314062046, 1
3, 5, 13, 5, 239627433, 253191539, 0, 4, 1049025245, 1
3, 5, 13, 5, 239627433, 253191539, 0, 3, 756226222, 1
3, 5, 13, 5, 239627433, 253191539, 0, 2, 300290831, 1
3, 5, 13, 5, 239627433, 253191539, 0, 1, 1, 1
3, 6, 13, 5, 253191540, 312673089, 6, 14, 3270241971, 1
3, 6, 13, 5, 253191540, 312673089, 6, 13, 3217606532, 1
3, 6, 13, 5, 253191540, 312673089, 6, 12, 3159069939, 1
3, 6, 13, 5, 253191540, 312673089, 6, 11, 3077884618, 1
3, 6, 13, 5, 253191540, 312673089, 6, 10, 3006644907, 1
3, 6, 13, 5, 253191540, 312673089, 6, 9, 2939184745, 1
3, 6, 13, 5, 253191540, 312673089, 6, 8, 2840958337, 1
3, 6, 13, 5, 253191540, 312673089, 6, 7, 2736260527, 1
3, 6, 13, 5, 253191540, 312673089, 6, 6, 2588990476, 1
3, 6, 13, 5, 253191540, 312673089, 6, 5, 2394207190, 1
3, 6, 13, 5, 253191540, 312673089, 6, 4, 2130598573, 1
3, 6, 13, 5, 253191540, 312673089, 6, 3, 1754658709, 1
3, 6, 13, 5, 253191540, 312673089, 6, 2, 1179584453, 1
3, 6, 13, 5, 253191540, 312673089, 6, 1, 623761939, 1
3, 6, 13, 5, 253191540, 312673089, 6, 0, 100352474, 0
3, 6, 13, 5, 253191540, 312673089, 5, 14, 3285913452, 1
3, 6, 13, 5, 253191540, 312673089, 5, 13, 3235566179, 1
3, 6, 13, 5, 253191540, 312673089, 5, 12, 3178601755, 1
3, 6, 13, 5, 253191540, 312673089, 5, 11, 3097812614, 1
3, 6, 13, 5, 253191540, 312673089, 5, 10, 3034086257, 1
3, 6, 13, 5, 253191540, 312673089, 5, 9, 2959784255, 1
3, 6, 13, 5, 253191540, 312673089, 5, 8, 2866688603, 1
3, 6, 13, 5, 253191540, 312673089, 5, 7, 2754907396, 1
3, 6, 13, 5, 253191540, 312673089, 5, 6, 2589922304, 1
3, 6, 13, 5, 253191540, 312673089, 5, 5, 2379114455, 1
3, 6, 13, 5, 253191540, 312673089, 5, 4, 2094417314, 1
3, 6, 13, 5, 253191540, 312673089, 5, 3, 1718029620, 1
3, 6, 13, 5, 253191540, 312673089, 5, 2, 1153993527, 1
3, 6, 13, 5, 253191540, 312673089, 5, 1, 584333748, 1
3, 6, 13, 5, 253191540, 312673089, 5, 0, 1, 0
3, 6, 13, 5, 253191540, 312673089, 4, 14, 3352599726, 1
3, 6, 13, 5, 253191540, 312673089, 4, 13, 3306271298, 1
3, 6, 13, 5, 253191540, 312673089, 4, 12, 3258721188, 1
3, 6, 13, 5, 253191540, 312673089, 4, 11, 3185679029, 1
3, 6, 13, 5, 253191540, 312673089, 4, 10, 3121586306, 1
3, 6, 13, 5, 253191540, 312673089, 4, 9, 3047285951, 1
3, 6, 13, 5, 253191540, 312673089, 4, 8, 2953725528, 1
3, 6, 13, 5, 253191540, 312673089, 4, 7, 2838495241, 1
3, 6, 13, 5, 253191540, 312673089, 4, 6, 2664668258, 1
3, 6, 13, 5, 253191540, 312673089, 4, 5, 2437498320, 1
3, 6, 13, 5, 253191540, 312673089, 4, 4, 2131795273, 1
3, 6, 13, 5, 253191540, 312673089, 4, 3, 1740126544, 1
3, 6, 13, 5, 253191540, 312673089, 4, 2, 1168216666, 1
3, 6, 13, 5, 253191540, 312673089, 4, 1, 594283567, 1
3, 6, 13, 5, 253191540, 312673089, 4, 0, 1, 0
3, 6, 13, 5, 253191540, 312673089, 3, 14, 3353265667, 1
3, 6, 13, 5, 253191540, 312673089, 3, 13, 3309524078, 1
3, 6, 13, 5, 253191540, 312673089, 3, 12, 3254425563, 1
3, 6, 13, 5, 253191540, 312673089, 3, 11, 3182122025, 1
3, 6, 13, 5, 253191540, 312673089, 3, 10, 3119197177, 1
3, 6, 13, 5, 253191540, 312673089, 3, 9, 3047728932, 1
3, 6, 13, 5, 253191540, 312673089, 3, 8, 2960543731, 1
3, 6, 13, 5, 253191540, 312673089, 3, 7, 2854178208, 1
3, 6, 13, 5, 253191540, 312673089, 3, 6, 2670869827, 1
3, 6, 13, 5, 253191540, 312673089, 3, 5, 2443894536, 1
3, 6, 13, 5, 253191540, 312673089, 3, 4, 2148876084, 1
3, 6, 13, 5, 253191540, 312673089, 3, 3, 1766753319, 1
3, 6, 13, 5, 253191540, 312673089, 3, 2, 1180304460, 1
3, 6, 13, 5, 253191540, 312673089, 3, 1, 609918997, 1
3, 6, 13, 5, 253191540, 312673089, 3, 0, 1, 0
3, 6, 13, 5, 253191540, 312673089, 2, 14, 3389953582, 1
3, 6, 13, 5, 253191540, 312673089, 2, 13, 3350522038, 1
3, 6, 13, 5, 253191540, 312673089, 2, 12, 3299212906, 1
3, 6, 13, 5, 253191540, 312673089, 2, 11, 3229583271, 1
3, 6, 13, 5, 253191540, 312673089, 2, 10, 3151139552, 1
3, 6, 13, 5, 253191540, 312673089, 2, 9, 3093946416, 1
3, 6, 13, 5, 253191540, 312673089, 2, 8, 3017490479, 1
3, 6, 13, 5, 253191540, 312673089, 2, 7, 2930182234, 1
3, 6, 13, 5, 253191540, 312673089, 2, 6, 2749677946, 1
3, 6, 13, 5, 253191540, 312673089, 2, 5, 2531532056, 1
3, 6, 13, 5, 253191540, 312673089, 2, 4, 2215433880, 1
3, 6, 13, 5, 253191540, 312673089, 2, 3, 1814883365, 1
3, 6, 13, 5, 253191540, 312673089, 2, 2, 1204398322, 1
3, 6, 13, 5, 253191540, 312673089, 2, 1, 642767123, 1
3, 6, 13, 5, 253191540, 312673089, 2, 0, 1, 0
3, 6, 13, 5, 253191540, 312673089, 1, 14, 3423984507, 1
3, 6, 13, 5, 253191540, 312673089, 1, 13, 3393028432, 1
3, 6, 13, 5, 253191540, 312673089, 1, 12, 3328767039, 1
3, 6, 13, 5, 253191540, 312673089, 1, 11, 3252911463, 1
3, 6, 13, 5, 253191540, 312673089, 1, 10, 3179027800, 1
3, 6, 13, 5, 253191540, 312673089, 1, 9, 3136834302, 1
3, 6, 13, 5, 253191540, 312673089, 1, 8, 3077903712, 1
3, 6, 13, 5, 253191540, 312673089, 1, 7, 3013876888, 1
3, 6, 13, 5, 253191540, 312673089, 1, 6, 2833627326, 1
3, 6, 13, 5, 253191540, 312673089, 1, 5, 2628832337, 1
3, 6, 13, 5, 253191540, 312673089, 1, 4, 2332156167, 1
3, 6, 13, 5, 253191540, 312673089, 1, 3, 1914658925, 1
3, 6, 13, 5, 253191540, 312673089, 1, 2, 1252700464, 1
3, 6, 13, 5, 253191540, 312673089, 1, 1, 711572163, 1
3, 6, 13, 5, 253191540, 312673089, 1, 0, 1, 0
3, 6, 13, 5, 253191540, 312673089, 0, 14, 3506731050, 1
3, 6, 13, 5, 253191540, 312673089, 0, 13, 3470628091, 1
3, 6, 13, 5, 253191540, 312673089, 0, 12, 3414578719, 1
3, 6, 13, 5, 253191540, 312673089, 0, 11, 3344297908, 1
3, 6, 13, 5, 253191540, 312673089, 0, 10, 3277124027, 1
3, 6, 13, 5, 253191540, 312673089, 0, 9, 3244112479, 1
3, 6, 13, 5, 253191540, 312673089, 0, 8, 3235185488, 1
3, 6, 13, 5, 253191540, 312673089, 0, 7, 3153092446, 1
3, 6, 13, 5, 253191540, 312673089, 0, 6, 2969225656, 1
3, 6, 13, 5, 253191540, 312673089, 0, 5, 2746944498, 1
3, 6, 13, 5, 253191540, 312673089, 0, 4, 2459797489, 1
3, 6, 13, 5, 253191540, 312673089, 0, 3, 2130148119, 1
3, 6, 13, 5, 253191540, 312673089, 0, 2, 1600512036, 1
3, 6, 13, 5, 253191540, 312673089, 0, 1, 1079119128, 1
3, 7, 13, 5, 312673090, 333536220, 6, 14, 2659617512, 1
3, 7, 13, 5, 312673090, 333536220, 6, 13, 2632145393, 1
3, 7, 13, 5, 312673090, 333536220, 6, 12, 2598906671, 1
3, 7, 13, 5, 312673090, 333536220, 6, 11, 2561744927, 1
3, 7, 13, 5, 312673090, 333536220, 6, 10, 2517490988, 1
3, 7, 13, 5, 312673090, 333536220, 6, 9, 2491786398, 1
3, 7, 13, 5, 312673090, 333536220, 6, 8, 2426426743, 1
3, 7, 13, 5, 312673090, 333536220, 6, 7, 2360836497, 1
3, 7, 13, 5, 312673090, 333536220, 6, 6, 2256759373, 1
3, 7, 13, 5, 312673090, 333536220, 6, 5, 2142529388, 1
3, 7, 13, 5, 312673090, 333536220, 6, 4, 1989245620, 1
3, 7, 13, 5, 312673090, 333536220, 6, 3, 1800669762, 1
3, 7, 13, 5, 312673090, 333536220, 6, 2, 1373922342, 1
3, 7, 13, 5, 312673090, 333536220, 6, 1, 596852460, 0
3, 7, 13, 5, 312673090, 333536220, 6, 0, 366065435, 0
3, 7, 13, 5, 312673090, 333536220, 5, 14, 2669452931, 1
3, 7, 13, 5, 312673090, 333536220, 5, 13, 2643235856, 1
3, 7, 13, 5, 312673090, 333536220, 5, 12, 2609903071, 1
3, 7, 13, 5, 312673090, 333536220, 5, 11, 2574024426, 1
3, 7, 13, 5, 312673090, 333536220, 5, 10, 2530489933, 1
3, 7, 13, 5, 312673090, 333536220, 5, 9, 2491356365, 1
3, 7, 13, 5, 312673090, 333536220, 5, 8, 2425270076, 1
3, 7, 13, 5, 312673090, 333536220, 5, 7, 2342132611, 1
3, 7, 13, 5, 312673090, 333536220, 5, 6, 2234682612, 1
3, 7, 13, 5, 312673090, 333536220, 5, 5, 2119270284, 1
3, 7, 13, 5, 312673090, 333536220, 5, 4, 1934430191, 1
3, 7, 13, 5, 312673090, 333536220, 5, 3, 1726914682, 1
3, 7, 13, 5, 312673090, 333536220, 5, 2, 1273825151, 1
3, 7, 13, 5, 312673090, 333536220, 5, 1, 444068703, 0
3, 7, 13, 5, 312673090, 333536220, 5, 0, 439278522, 0
3, 7, 13, 5, 312673090, 333536220, 4, 14, 2676410290, 1
3, 7, 13, 5, 312673090, 333536220, 4, 13, 2650410998, 1
3, 7, 13, 5, 312673090, 333536220, 4, 12, 2618323140, 1
3, 7, 13, 5, 312673090, 333536220, 4, 11, 2582402181, 1
3, 7, 13, 5, 312673090, 333536220, 4, 10, 2538490833, 1
3, 7, 13, 5, 312673090, 333536220, 4, 9, 2503918901, 1
3, 7, 13, 5, 312673090, 333536220, 4, 8, 2439547694, 1
3, 7, 13, 5, 312673090, 333536220, 4, 7, 2357547558, 1
3, 7, 13, 5, 312673090, 333536220, 4, 6, 2253379272, 1
3, 7, 13, 5, 312673090, 333536220, 4, 5, 2113818536, 1
3, 7, 13, 5, 312673090, 333536220, 4, 4, 1927974924, 1
3, 7, 13, 5, 312673090, 333536220, 4, 3, 1733697233, 1
3, 7, 13, 5, 312673090, 333536220, 4, 2, 1282905851, 1
3, 7, 13, 5, 312673090, 333536220, 4, 1, 465581783, 0
3, 7, 13, 5, 312673090, 333536220, 4, 0, 549098152, 0
3, 7, 13, 5, 312673090, 333536220, 3, 14, 2692436892, 1
3, 7, 13, 5, 312673090, 333536220, 3, 13, 2668614545, 1
3, 7, 13, 5, 312673090, 333536220, 3, 12, 2637515902, 1
3, 7, 13, 5, 312673090, 333536220, 3, 11, 2601718877, 1
3, 7, 13, 5, 312673090, 333536220, 3, 10, 2559313485, 1
3, 7, 13, 5, 312673090, 333536220, 3, 9, 2529414030, 1
3, 7, 13, 5, 312673090, 333536220, 3, 8, 2468471052, 1
3, 7, 13, 5, 312673090, 333536220, 3, 7, 2388408815, 1
3, 7, 13, 5, 312673090, 333536220, 3, 6, 2286026256, 1
3, 7, 13, 5, 312673090, 333536220, 3, 5, 2147067833, 1
3, 7, 13, 5, 312673090, 333536220, 3, 4, 1965607600, 1
3, 7, 13, 5, 312673090, 333536220, 3, 3, 1802546930, 1
3, 7, 13, 5, 312673090, 333536220, 3, 2, 1374931267, 1
3, 7, 13, 5, 312673090, 333536220, 3, 1, 594442374, 0
3, 7, 13, 5, 312673090, 333536220, 3, 0, 732130869, 0
3, 7, 13, 5, 312673090, 333536220, 2, 14, 2708874552, 1
3, 7, 13, 5, 312673090, 333536220, 2, 13, 2688238319, 1
3, 7, 13, 5, 312673090, 333536220, 2, 12, 2657356936, 1
3, 7, 13, 5, 312673090, 333536220, 2, 11, 2622054305, 1
3, 7, 13, 5, 312673090, 333536220, 2, 10, 2580840710, 1
3, 7, 13, 5, 312673090, 333536220, 2, 9, 2555886260, 1
3, 7, 13, 5, 312673090, 333536220, 2, 8, 2497423227, 1
3, 7, 13, 5, 312673090, 333536220, 2, 7, 2419006057, 1
3, 7, 13, 5, 312673090, 333536220, 2, 6, 2318743614, 1
3, 7, 13, 5, 312673090, 333536220, 2, 5, 2180732002, 1
3, 7, 13, 5, 312673090, 333536220, 2, 4, 2008559322, 1
3, 7, 13, 5, 312673090, 333536220, 2, 3, 1894043501, 1
3, 7, 13, 5, 312673090, 333536220, 2, 2, 1501078695, 1
3, 7, 13, 5, 312673090, 333536220, 2, 1, 832219323, 0
3, 7, 13, 5, 312673090, 333536220, 2, 0, 1098196303, 0
3, 7, 13, 5, 312673090, 333536220, 1, 14, 2683391904, 1
3, 7, 13, 5, 312673090, 333536220, 1, 13, 2663239959, 1
3, 7, 13, 5, 312673090, 333536220, 1, 12, 2633835032, 1
3, 7, 13, 5, 312673090, 333536220, 1, 11, 2598932105, 1
3, 7, 13, 5, 312673090, 333536220, 1, 10, 2552171511, 1
3, 7, 13, 5, 312673090, 333536220, 1, 9, 2534926389, 1
3, 7, 13, 5, 312673090, 333536220, 1, 8, 2471189358, 1
3, 7, 13, 5, 312673090, 333536220, 1, 7, 2388754123, 1
3, 7, 13, 5, 312673090, 333536220, 1, 6, 2284965550, 1
3, 7, 13, 5, 312673090, 333536220, 1, 5, 2143769879, 1
3, 7, 13, 5, 312673090, 333536220, 1, 4, 1945819917, 1
3, 7, 13, 5, 312673090, 333536220, 1, 3, 1783413604, 1
3, 7, 13, 5, 312673090, 333536220, 1, 2, 1343503543, 1
3, 7, 13, 5, 312673090, 333536220, 1, 1, 213588548, 0
3, 7, 13, 5, 312673090, 333536220, 1, 0, 611626216, 0
3, 7, 13, 5, 312673090, 333536220, 0, 14, 2721292633, 1
3, 7, 13, 5, 312673090, 333536220, 0, 13, 2692131124, 1
3, 7, 13, 5, 312673090, 333536220, 0, 12, 2664731362, 1
3, 7, 13, 5, 312673090, 333536220, 0, 11, 2628380666, 1
3, 7, 13, 5, 312673090, 333536220, 0, 10, 2581075100, 1
3, 7, 13, 5, 312673090, 333536220, 0, 9, 2605024372, 1
3, 7, 13, 5, 312673090, 333536220, 0, 8, 2550201786, 1
3, 7, 13, 5, 312673090, 333536220, 0, 7, 2467563015, 1
3, 7, 13, 5, 312673090, 333536220, 0, 6, 2361260771, 1
3, 7, 13, 5, 312673090, 333536220, 0, 5, 2218201254, 1
3, 7, 13, 5, 312673090, 333536220, 0, 4, 2015917001, 1
3, 7, 13, 5, 312673090, 333536220, 0, 3, 2034386589, 1
3, 7, 13, 5, 312673090, 333536220, 0, 2, 1538887904, 1
3, 7, 13, 5, 312673090, 333536220, 0, 1, 29139428, 1
3, 8, 13, 5, 333536221, 388273019, 6, 14, 3357343888, 1
3, 8, 13, 5, 333536221, 388273019, 6, 13, 3303207892, 1
3, 8, 13, 5, 333536221, 388273019, 6, 12, 3234566419, 1
3, 8, 13, 5, 333536221, 388273019, 6, 11, 3155770222, 1
3, 8, 13, 5, 333536221, 388273019, 6, 10, 3090998484, 1
3, 8, 13, 5, 333536221, 388273019, 6, 9, 3013984449, 1
3, 8, 13, 5, 333536221, 388273019, 6, 8, 2901545487, 1
3, 8, 13, 5, 333536221, 388273019, 6, 7, 2796271762, 1
3, 8, 13, 5, 333536221, 388273019, 6, 6, 2643709863, 1
3, 8, 13, 5, 333536221, 388273019, 6, 5, 2432939883, 1
3, 8, 13, 5, 333536221, 388273019, 6, 4, 2137713891, 1
3, 8, 13, 5, 333536221, 388273019, 6, 3, 1669775604, 1
3, 8, 13, 5, 333536221, 388273019, 6, 2, 1106378968, 1
3, 8, 13, 5, 333536221, 388273019, 6, 1, 554178689, 1
3, 8, 13, 5, 333536221, 388273019, 6, 0, 73901241, 0
3, 8, 13, 5, 333536221, 388273019, 5, 14, 3383421786, 1
3, 8, 13, 5, 333536221, 388273019, 5, 13, 3331199370, 1
3, 8, 13, 5, 333536221, 388273019, 5, 12, 3263620352, 1
3, 8, 13, 5, 333536221, 388273019, 5, 11, 3187403256, 1
3, 8, 13, 5, 333536221, 388273019, 5, 10, 3129740872, 1
3, 8, 13, 5, 333536221, 388273019, 5, 9, 3047880056, 1
3, 8, 13, 5, 333536221, 388273019, 5, 8, 2940516005, 1
3, 8, 13, 5, 333536221, 388273019, 5, 7, 2829761456, 1
3, 8, 13, 5, 333536221, 388273019, 5, 6, 2660689314, 1
3, 8, 13, 5, 333536221, 388273019, 5, 5, 2426487731, 1
3, 8, 13, 5, 333536221, 388273019, 5, 4, 2107280039, 1
3, 8, 13, 5, 333536221, 388273019, 5, 3, 1620372340, 1
3, 8, 13, 5, 333536221, 388273019, 5, 2, 1088633675, 1
3, 8, 13, 5, 333536221, 388273019, 5, 1, 526824586, 1
3, 8, 13, 5, 333536221, 388273019, 5, 0, 1, 0
3, 8, 13, 5, 333536221, 388273019, 4, 14, 3471542814, 1
3, 8, 13, 5, 333536221, 388273019, 4, 13, 3426012365, 1
3, 8, 13, 5, 333536221, 388273019, 4, 12, 3366302786, 1
3, 8, 13, 5, 333536221, 388273019, 4, 11, 3297116935, 1
3, 8, 13, 5, 333536221, 388273019, 4, 10, 3234969482, 1
3, 8, 13, 5, 333536221, 388273019, 4, 9, 3145123387, 1
3, 8, 13, 5, 333536221, 388273019, 4, 8, 3026463597, 1
3, 8, 13, 5, 333536221, 388273019, 4, 7, 2905184239, 1
3, 8, 13, 5, 333536221, 388273019, 4, 6, 2717000168, 1
3, 8, 13, 5, 333536221, 388273019, 4, 5, 2464452685, 1
3, 8, 13, 5, 333536221, 388273019, 4, 4, 2109980223, 1
3, 8, 13, 5, 333536221, 388273019, 4, 3, 1629694692, 1
3, 8, 13, 5, 333536221, 388273019, 4, 2, 1094955217, 1
3, 8, 13, 5, 333536221, 388273019, 4, 1, 536580597, 1
3, 8, 13, 5, 333536221, 388273019, 4, 0, 1, 0
3, 8, 13, 5, 333536221, 388273019, 3, 14, 3474466551, 1
3, 8, 13, 5, 333536221, 388273019, 3, 13, 3431076026, 1
3, 8, 13, 5, 333536221, 388273019, 3, 12, 3371016461, 1
3, 8, 13, 5, 333536221, 388273019, 3, 11, 3301608425, 1
3, 8, 13, 5, 333536221, 388273019, 3, 10, 3242451105, 1
3, 8, 13, 5, 333536221, 388273019, 3, 9, 3152568761, 1
3, 8, 13, 5, 333536221, 388273019, 3, 8, 3034964149, 1
3, 8, 13, 5, 333536221, 388273019, 3, 7, 2920013114, 1
3, 8, 13, 5, 333536221, 388273019, 3, 6, 2730617263, 1
3, 8, 13, 5, 333536221, 388273019, 3, 5, 2474380055, 1
3, 8, 13, 5, 333536221, 388273019, 3, 4, 2115442440, 1
3, 8, 13, 5, 333536221, 388273019, 3, 3, 1643988966, 1
3, 8, 13, 5, 333536221, 388273019, 3, 2, 1104724873, 1
3, 8, 13, 5, 333536221, 388273019, 3, 1, 551911471, 1
3, 8, 13, 5, 333536221, 388273019, 3, 0, 1, 0
3, 8, 13, 5, 333536221, 388273019, 2, 14, 3495014159, 1
3, 8, 13, 5, 333536221, 388273019, 2, 13, 3456646082, 1
3, 8, 13, 5, 333536221, 388273019, 2, 12, 3396746656, 1
3, 8, 13, 5, 333536221, 388273019, 2, 11, 3327191782, 1
3, 8, 13, 5, 333536221, 388273019, 2, 10, 3250892906, 1
3, 8, 13, 5, 333536221, 388273019, 2, 9, 3158945955, 1
3, 8, 13, 5, 333536221, 388273019, 2, 8, 3040957807, 1
3, 8, 13, 5, 333536221, 388273019, 2, 7, 2936541621, 1
3, 8, 13, 5, 333536221, 388273019, 2, 6, 2746067909, 1
3, 8, 13, 5, 333536221, 388273019, 2, 5, 2486005757, 1
3, 8, 13, 5, 333536221, 388273019, 2, 4, 2124793516, 1
3, 8, 13, 5, 333536221, 388273019, 2, 3, 1668679076, 1
3, 8, 13, 5, 333536221, 388273019, 2, 2, 1121821770, 1
3, 8, 13, 5, 333536221, 388273019, 2, 1, 579507044, 1
3, 8, 13, 5, 333536221, 388273019, 2, 0, 1, 0
3, 8, 13, 5, 333536221, 388273019, 1, 14, 3492583960, 1
3, 8, 13, 5, 333536221, 388273019, 1, 13, 3459539562, 1
3, 8, 13, 5, 333536221, 388273019, 1, 12, 3402280007, 1
3, 8, 13, 5, 333536221, 388273019, 1, 11, 3334283007, 1
3, 8, 13, 5, 333536221, 388273019, 1, 10, 3250989735, 1
3, 8, 13, 5, 333536221, 388273019, 1, 9, 3153882819, 1
3, 8, 13, 5, 333536221, 388273019, 1, 8, 3031323717, 1
3, 8, 13, 5, 333536221, 388273019, 1, 7, 2949597258, 1
3, 8, 13, 5, 333536221, 388273019, 1, 6, 2759947009, 1
3, 8, 13, 5, 333536221, 388273019, 1, 5, 2501667236, 1
3, 8, 13, 5, 333536221, 388273019, 1, 4, 2134595792, 1
3, 8, 13, 5, 333536221, 388273019, 1, 3, 1721586453, 1
3, 8, 13, 5, 333536221, 388273019, 1, 2, 1159434945, 1
3, 8, 13, 5, 333536221, 388273019, 1, 1, 643896716, 1
3, 8, 13, 5, 333536221, 388273019, 1, 0, 1, 0
3, 8, 13, 5, 333536221, 388273019, 0, 14, 3600658718, 1
3, 8, 13, 5, 333536221, 388273019, 0, 13, 3573945651, 1
3, 8, 13, 5, 333536221, 388273019, 0, 12, 3526785098, 1
3, 8, 13, 5, 333536221, 388273019, 0, 11, 3467080740, 1
3, 8, 13, 5, 333536221, 388273019, 0, 10, 3391750779, 1
3, 8, 13, 5, 333536221, 388273019, 0, 9, 3306212180, 1
3, 8, 13, 5, 333536221, 388273019, 0, 8, 3199170067, 1
3, 8, 13, 5, 333536221, 388273019, 0, 7, 3106285602, 1
3, 8, 13, 5, 333536221, 388273019, 0, 6, 2919946451, 1
3, 8, 13, 5, 333536221, 388273019, 0, 5, 2664835266, 1
3, 8, 13, 5, 333536221, 388273019, 0, 4, 2294473509, 1
3, 8, 13, 5, 333536221, 388273019, 0, 3, 2032813926, 1
3, 8, 13, 5, 333536221, 388273019, 0, 2, 1485738277, 1
3, 8, 13, 5, 333536221, 388273019, 0, 1, 965845074, 1
3, 9, 13, 5, 388273020, 405475885, 6, 14, 3316189810, 1
3, 9, 13, 5, 388273020, 405475885, 6, 13, 3266604051, 1
3, 9, 13, 5, 388273020, 405475885, 6, 12, 3204519003, 1
3, 9, 13, 5, 388273020, 405475885, 6, 11, 3123290036, 1
3, 9, 13, 5, 388273020, 405475885, 6, 10, 3048090564, 1
3, 9, 13, 5, 388273020, 405475885, 6, 9, 2978441476, 1
3, 9, 13, 5, 388273020, 405475885, 6, 8, 2872806432, 1
3, 9, 13, 5, 388273020, 405475885, 6, 7, 2761301366, 1
3, 9, 13, 5, 388273020, 405475885, 6, 6, 2599919217, 1
3, 9, 13, 5, 388273020, 405475885, 6, 5, 2383998166, 1
3, 9, 13, 5, 388273020, 405475885, 6, 4, 2113477398, 1
3, 9, 13, 5, 388273020, 405475885, 6, 3, 1735344832, 1
3, 9, 13, 5, 388273020, 405475885, 6, 2, 1182668549, 1
3, 9, 13, 5, 388273020, 405475885, 6, 1, 622755920, 1
3, 9, 13, 5, 388273020, 405475885, 6, 0, 92474241, 0
3, 9, 13, 5, 388273020, 405475885, 5, 14, 3335147223, 1
3, 9, 13, 5, 388273020, 405475885, 5, 13, 3289566281, 1
3, 9, 13, 5, 388273020, 405475885, 5, 12, 3229666478, 1
3, 9, 13, 5, 388273020, 405475885, 5, 11, 3148720365, 1
3, 9, 13, 5, 388273020, 405475885, 5, 10, 3079951076, 1
3, 9, 13, 5, 388273020, 405475885, 5, 9, 3007155784, 1
3, 9, 13, 5, 388273020, 405475885, 5, 8, 2909937697, 1
3, 9, 13, 5, 388273020, 405475885, 5, 7, 2788979982, 1
3, 9, 13, 5, 388273020, 405475885, 5, 6, 2612302229, 1
3, 9, 13, 5, 388273020, 405475885, 5, 5, 2375713678, 1
3, 9, 13, 5, 388273020, 405475885, 5, 4, 2081450703, 1
3, 9, 13, 5, 388273020, 405475885, 5, 3, 1701246497, 1
3, 9, 13, 5, 388273020, 405475885, 5, 2, 1158720594, 1
3, 9, 13, 5, 388273020, 405475885, 5, 1, 587608949, 1
3, 9, 13, 5, 388273020, 405475885, 5, 0, 1, 0
3, 9, 13, 5, 388273020, 405475885, 4, 14, 3407833032, 1
3, 9, 13, 5, 388273020, 405475885, 4, 13, 3371106217, 1
3, 9, 13, 5, 388273020, 405475885, 4, 12, 3320282950, 1
3, 9, 13, 5, 388273020, 405475885, 4, 11, 3247324048, 1
3, 9, 13, 5, 388273020, 405475885, 4, 10, 3173558485, 1
3, 9, 13, 5, 388273020, 405475885, 4, 9, 3096732547, 1
3, 9, 13, 5, 388273020, 405475885, 4, 8, 2992881065, 1
3, 9, 13, 5, 388273020, 405475885, 4, 7, 2862561872, 1
3, 9, 13, 5, 388273020, 405475885, 4, 6, 2669412652, 1
3, 9, 13, 5, 388273020, 405475885, 4, 5, 2410462152, 1
3, 9, 13, 5, 388273020, 405475885, 4, 4, 2092219958, 1
3, 9, 13, 5, 388273020, 405475885, 4, 3, 1709999514, 1
3, 9, 13, 5, 388273020, 405475885, 4, 2, 1164141047, 1
3, 9, 13, 5, 388273020, 405475885, 4, 1, 598490597, 1
3, 9, 13, 5, 388273020, 405475885, 4, 0, 1, 0
3, 9, 13, 5, 388273020, 405475885, 3, 14, 3394377269, 1
3, 9, 13, 5, 388273020, 405475885, 3, 13, 3361197401, 1
3, 9, 13, 5, 388273020, 405475885, 3, 12, 3311840950, 1
3, 9, 13, 5, 388273020, 405475885, 3, 11, 3238558539, 1
3, 9, 13, 5, 388273020, 405475885, 3, 10, 3167327383, 1
3, 9, 13, 5, 388273020, 405475885, 3, 9, 3097739728, 1
3, 9, 13, 5, 388273020, 405475885, 3, 8, 2996469157, 1
3, 9, 13, 5, 388273020, 405475885, 3, 7, 2874898354, 1
3, 9, 13, 5, 388273020, 405475885, 3, 6, 2684473248, 1
3, 9, 13, 5, 388273020, 405475885, 3, 5, 2426799680, 1
3, 9, 13, 5, 388273020, 405475885, 3, 4, 2122026944, 1
3, 9, 13, 5, 388273020, 405475885, 3, 3, 1723420807, 1
3, 9, 13, 5, 388273020, 405475885, 3, 2, 1172518111, 1
3, 9, 13, 5, 388273020, 405475885, 3, 1, 615590328, 1
3, 9, 13, 5, 388273020, 405475885, 3, 0, 1, 0
3, 9, 13, 5, 388273020, 405475885, 2, 14, 3426105407, 1
3, 9, 13, 5, 388273020, 405475885, 2, 13, 3379142769, 1
3, 9, 13, 5, 388273020, 405475885, 2, 12, 3335262806, 1
3, 9, 13, 5, 388273020, 405475885, 2, 11, 3265182015, 1
3, 9, 13, 5, 388273020, 405475885, 2, 10, 3178209178, 1
3, 9, 13, 5, 388273020, 405475885, 2, 9, 3119632411, 1
3, 9, 13, 5, 388273020, 405475885, 2, 8, 3028739877, 1
3, 9, 13, 5, 388273020, 405475885, 2, 7, 2917991061, 1
3, 9, 13, 5, 388273020, 405475885, 2, 6, 2735774973, 1
3, 9, 13, 5, 388273020, 405475885, 2, 5, 2481663934, 1
3, 9, 13, 5, 388273020, 405475885, 2, 4, 2152775524, 1
3, 9, 13, 5, 388273020, 405475885, 2, 3, 1746603041, 1
3, 9, 13, 5, 388273020, 405475885, 2, 2, 1187177973, 1
3, 9, 13, 5, 388273020, 405475885, 2, 1, 646369844, 1
3, 9, 13, 5, 388273020, 405475885, 2, 0, 1, 0
3, 9, 13, 5, 388273020, 405475885, 1, 14, 3474746072, 1
3, 9, 13, 5, 388273020, 405475885, 1, 13, 3431474845, 1
3, 9, 13, 5, 388273020, 405475885, 1, 12, 3369362917, 1
3, 9, 13, 5, 388273020, 405475885, 1, 11, 3297431792, 1
3, 9, 13, 5, 388273020, 405475885, 1, 10, 3208528906, 1
3, 9, 13, 5, 388273020, 405475885, 1, 9, 3175227403, 1
3, 9, 13, 5, 388273020, 405475885, 1, 8, 3100957298, 1
3, 9, 13, 5, 388273020, 405475885, 1, 7, 3013656916, 1
3, 9, 13, 5, 388273020, 405475885, 1, 6, 2834380989, 1
3, 9, 13, 5, 388273020, 405475885, 1, 5, 2591998451, 1
3, 9, 13, 5, 388273020, 405475885, 1, 4, 2236388618, 1
3, 9, 13, 5, 388273020, 405475885, 1, 3, 1796279256, 1
3, 9, 13, 5, 388273020, 405475885, 1, 2, 1219429669, 1
3, 9, 13, 5, 388273020, 405475885, 1, 1, 718188716, 1
3, 9, 13, 5, 388273020, 405475885, 1, 0, 1, 0
3, 9, 13, 5, 388273020, 405475885, 0, 14, 3546017778, 1
3, 9, 13, 5, 388273020, 405475885, 0, 13, 3506529409, 1
3, 9, 13, 5, 388273020, 405475885, 0, 12, 3450864592, 1
3, 9, 13, 5, 388273020, 405475885, 0, 11, 3386913351, 1
3, 9, 13, 5, 388273020, 405475885, 0, 10, 3306000056, 1
3, 9, 13, 5, 388273020, 405475885, 0, 9, 3282843761, 1
3, 9, 13, 5, 388273020, 405475885, 0, 8, 3267847236, 1
3, 9, 13, 5, 388273020, 405475885, 0, 7, 3168854080, 1
3, 9, 13, 5, 388273020, 405475885, 0, 6, 2997207894, 1
3, 9, 13, 5, 388273020, 405475885, 0, 5, 2768104034, 1
3, 9, 13, 5, 388273020, 405475885, 0, 4, 2412069368, 1
3, 9, 13, 5, 388273020, 405475885, 0, 3, 2095659132, 1
3, 9, 13, 5, 388273020, 405475885, 0, 2, 1524287086, 1
3, 9, 13, 5, 388273020, 405475885, 0, 1, 1077283074, 1
3, 10, 13, 5, 405475886, 461062923, 6, 14, 3392780512, 1
3, 10, 13, 5, 405475886, 461062923, 6, 13, 3349509711, 1
3, 10, 13, 5, 405475886, 461062923, 6, 12, 3295120824, 1
3, 10, 13, 5, 405475886, 461062923, 6, 11, 3214697608, 1
3, 10, 13, 5, 405475886, 461062923, 6, 10, 3147259994, 1
3, 10, 13, 5, 405475886, 461062923, 6, 9, 3083968478, 1
3, 10, 13, 5, 405475886, 461062923, 6, 8, 2969714561, 1
3, 10, 13, 5, 405475886, 461062923, 6, 7, 2850157169, 1
3, 10, 13, 5, 405475886, 461062923, 6, 6, 2697152331, 1
3, 10, 13, 5, 405475886, 461062923, 6, 5, 2463253022, 1
3, 10, 13, 5, 405475886, 461062923, 6, 4, 2157986473, 1
3, 10, 13, 5, 405475886, 461062923, 6, 3, 1719009281, 1
3, 10, 13, 5, 405475886, 461062923, 6, 2, 1140491608, 1
3, 10, 13, 5, 405475886, 461062923, 6, 1, 584886631, 1
3, 10, 13, 5, 405475886, 461062923, 6, 0, 82217976, 0
3, 10, 13, 5, 405475886, 461062923, 5, 14, 3377431427, 1
3, 10, 13, 5, 405475886, 461062923, 5, 13, 3336617296, 1
3, 10, 13, 5, 405475886, 461062923, 5, 12, 3282491148, 1
3, 10, 13, 5, 405475886, 461062923, 5, 11, 3199925462, 1
3, 10, 13, 5, 405475886, 461062923, 5, 10, 3132400119, 1
3, 10, 13, 5, 405475886, 461062923, 5, 9, 3059758766, 1
3, 10, 13, 5, 405475886, 461062923, 5, 8, 2945920839, 1
3, 10, 13, 5, 405475886, 461062923, 5, 7, 2830229618, 1
3, 10, 13, 5, 405475886, 461062923, 5, 6, 2653998253, 1
3, 10, 13, 5, 405475886, 461062923, 5, 5, 2417864259, 1
3, 10, 13, 5, 405475886, 461062923, 5, 4, 2112193085, 1
3, 10, 13, 5, 405475886, 461062923, 5, 3, 1672224949, 1
3, 10, 13, 5, 405475886, 461062923, 5, 2, 1119960239, 1
3, 10, 13, 5, 405475886, 461062923, 5, 1, 554042989, 1
3, 10, 13, 5, 405475886, 461062923, 5, 0, 1, 0
3, 10, 13, 5, 405475886, 461062923, 4, 14, 3446973573, 1
3, 10, 13, 5, 405475886, 461062923, 4, 13, 3411323855, 1
3, 10, 13, 5, 405475886, 461062923, 4, 12, 3366195491, 1
3, 10, 13, 5, 405475886, 461062923, 4, 11, 3290559768, 1
3, 10, 13, 5, 405475886, 461062923, 4, 10, 3220360394, 1
3, 10, 13, 5, 405475886, 461062923, 4, 9, 3146211345, 1
3, 10, 13, 5, 405475886, 461062923, 4, 8, 3025398370, 1
3, 10, 13, 5, 405475886, 461062923, 4, 7, 2899820118, 1
3, 10, 13, 5, 405475886, 461062923, 4, 6, 2705134989, 1
3, 10, 13, 5, 405475886, 461062923, 4, 5, 2443944105, 1
3, 10, 13, 5, 405475886, 461062923, 4, 4, 2107966590, 1
3, 10, 13, 5, 405475886, 461062923, 4, 3, 1681420980, 1
3, 10, 13, 5, 405475886, 461062923, 4, 2, 1125865987, 1
3, 10, 13, 5, 405475886, 461062923, 4, 1, 564303044, 1
3, 10, 13, 5, 405475886, 461062923, 4, 0, 1, 0
3, 10, 13, 5, 405475886, 461062923, 3, 14, 3450110887, 1
3, 10, 13, 5, 405475886, 461062923, 3, 13, 3417488265, 1
3, 10, 13, 5, 405475886, 461062923, 3, 12, 3374543804, 1
3, 10, 13, 5, 405475886, 461062923, 3, 11, 3299394736, 1
3, 10, 13, 5, 405475886, 461062923, 3, 10, 3232925818, 1
3, 10, 13, 5, 405475886, 461062923, 3, 9, 3166442216, 1
3, 10, 13, 5, 405475886, 461062923, 3, 8, 3044518441, 1
3, 10, 13, 5, 405475886, 461062923, 3, 7, 2924625772, 1
3, 10, 13, 5, 405475886, 461062923, 3, 6, 2731683025, 1
3, 10, 13, 5, 405475886, 461062923, 3, 5, 2474526463, 1
3, 10, 13, 5, 405475886, 461062923, 3, 4, 2151709060, 1
3, 10, 13, 5, 405475886, 461062923, 3, 3, 1695521561, 1
3, 10, 13, 5, 405475886, 461062923, 3, 2, 1134993052, 1
3, 10, 13, 5, 405475886, 461062923, 3, 1, 580425988, 1
3, 10, 13, 5, 405475886, 461062923, 3, 0, 1, 0
3, 10, 13, 5, 405475886, 461062923, 2, 14, 3503840142, 1
3, 10, 13, 5, 405475886, 461062923, 2, 13, 3456374593, 1
3, 10, 13, 5, 405475886, 461062923, 2, 12, 3418331674, 1
3, 10, 13, 5, 405475886, 461062923, 2, 11, 3345999411, 1
3, 10, 13, 5, 405475886, 461062923, 2, 10, 3267370434, 1
3, 10, 13, 5, 405475886, 461062923, 2, 9, 3216065570, 1
3, 10, 13, 5, 405475886, 461062923, 2, 8, 3100403666, 1
3, 10, 13, 5, 405475886, 461062923, 2, 7, 2993357536, 1
3, 10, 13, 5, 405475886, 461062923, 2, 6, 2809211845, 1
3, 10, 13, 5, 405475886, 461062923, 2, 5, 2557198249, 1
3, 10, 13, 5, 405475886, 461062923, 2, 4, 2200666678, 1
3, 10, 13, 5, 405475886, 461062923, 2, 3, 1712647554, 1
3, 10, 13, 5, 405475886, 461062923, 2, 2, 1141024776, 1
3, 10, 13, 5, 405475886, 461062923, 2, 1, 609447287, 1
3, 10, 13, 5, 405475886, 461062923, 2, 0, 1, 0
3, 10, 13, 5, 405475886, 461062923, 1, 14, 3554291331, 1
3, 10, 13, 5, 405475886, 461062923, 1, 13, 3509451235, 1
3, 10, 13, 5, 405475886, 461062923, 1, 12, 3450575256, 1
3, 10, 13, 5, 405475886, 461062923, 1, 11, 3381799408, 1
3, 10, 13, 5, 405475886, 461062923, 1, 10, 3299170284, 1
3, 10, 13, 5, 405475886, 461062923, 1, 9, 3274310156, 1
3, 10, 13, 5, 405475886, 461062923, 1, 8, 3163831234, 1
3, 10, 13, 5, 405475886, 461062923, 1, 7, 3075114749, 1
3, 10, 13, 5, 405475886, 461062923, 1, 6, 2898507015, 1
3, 10, 13, 5, 405475886, 461062923, 1, 5, 2659066318, 1
3, 10, 13, 5, 405475886, 461062923, 1, 4, 2310749973, 1
3, 10, 13, 5, 405475886, 461062923, 1, 3, 1760706841, 1
3, 10, 13, 5, 405475886, 461062923, 1, 2, 1170199593, 1
3, 10, 13, 5, 405475886, 461062923, 1, 1, 677163653, 1
3, 10, 13, 5, 405475886, 461062923, 1, 0, 1, 0
3, 10, 13, 5, 405475886, 461062923, 0, 14, 3688072757, 1
3, 10, 13, 5, 405475886, 461062923, 0, 13, 3661584495, 1
3, 10, 13, 5, 405475886, 461062923, 0, 12, 3616034381, 1
3, 10, 13, 5, 405475886, 461062923, 0, 11, 3561132128, 1
3, 10, 13, 5, 405475886, 461062923, 0, 10, 3497845425, 1
3, 10, 13, 5, 405475886, 461062923, 0, 9, 3495248340, 1
3, 10, 13, 5, 405475886, 461062923, 0, 8, 3399452354, 1
3, 10, 13, 5, 405475886, 461062923, 0, 7, 3289470359, 1
3, 10, 13, 5, 405475886, 461062923, 0, 6, 3127938065, 1
3, 10, 13, 5, 405475886, 461062923, 0, 5, 2912089672, 1
3, 10, 13, 5, 405475886, 461062923, 0, 4, 2589758784, 1
3, 10, 13, 5, 405475886, 461062923, 0, 3, 2054157981, 1
3, 10, 13, 5, 405475886, 461062923, 0, 2, 1462749491, 1
3, 10, 13, 5, 405475886, 461062923, 0, 1, 1015745479, 1
3, 11, 13, 5, 461062924, 480033955, 6, 14, 2327995549, 1
3, 11, 13, 5, 461062924, 480033955, 6, 13, 2300457683, 1
3, 11, 13, 5, 461062924, 480033955, 6, 12, 2264457283, 1
3, 11, 13, 5, 461062924, 480033955, 6, 11, 2218658714, 1
3, 11, 13, 5, 461062924, 480033955, 6, 10, 2191514067, 1
3, 11, 13, 5, 461062924, 480033955, 6, 9, 2165785821, 1
3, 11, 13, 5, 461062924, 480033955, 6, 8, 2109741129, 1
3, 11, 13, 5, 461062924, 480033955, 6, 7, 2050026186, 1
3, 11, 13, 5, 461062924, 480033955, 6, 6, 1992673494, 1
3, 11, 13, 5, 461062924, 480033955, 6, 5, 1886429124, 1
3, 11, 13, 5, 461062924, 480033955, 6, 4, 1735319773, 1
3, 11, 13, 5, 461062924, 480033955, 6, 3, 1497693617, 1
3, 11, 13, 5, 461062924, 480033955, 6, 2, 1198216284, 1
3, 11, 13, 5, 461062924, 480033955, 6, 1, 622310755, 0
3, 11, 13, 5, 461062924, 480033955, 6, 0, 625754836, 0
3, 11, 13, 5, 461062924, 480033955, 5, 14, 2332260236, 1
3, 11, 13, 5, 461062924, 480033955, 5, 13, 2306467717, 1
3, 11, 13, 5, 461062924, 480033955, 5, 12, 2271731058, 1
3, 11, 13, 5, 461062924, 480033955, 5, 11, 2225445341, 1
3, 11, 13, 5, 461062924, 480033955, 5, 10, 2199856742, 1
3, 11, 13, 5, 461062924, 480033955, 5, 9, 2164928242, 1
3, 11, 13, 5, 461062924, 480033955, 5, 8, 2111571427, 1
3, 11, 13, 5, 461062924, 480033955, 5, 7, 2056375603, 1
3, 11, 13, 5, 461062924, 480033955, 5, 6, 1979835145, 1
3, 11, 13, 5, 461062924, 480033955, 5, 5, 1876799927, 1
3, 11, 13, 5, 461062924, 480033955, 5, 4, 1728747977, 1
3, 11, 13, 5, 461062924, 480033955, 5, 3, 1490201827, 1
3, 11, 13, 5, 461062924, 480033955, 5, 2, 1207120007, 1
3, 11, 13, 5, 461062924, 480033955, 5, 1, 495130953, 0
3, 11, 13, 5, 461062924, 480033955, 5, 0, 449840118, 0
3, 11, 13, 5, 461062924, 480033955, 4, 14, 2403274708, 1
3, 11, 13, 5, 461062924, 480033955, 4, 13, 2379763511, 1
3, 11, 13, 5, 461062924, 480033955, 4, 12, 2351108863, 1
3, 11, 13, 5, 461062924, 480033955, 4, 11, 2311121219, 1
3, 11, 13, 5, 461062924, 480033955, 4, 10, 2281918287, 1
3, 11, 13, 5, 461062924, 480033955, 4, 9, 2241776165, 1
3, 11, 13, 5, 461062924, 480033955, 4, 8, 2179839045, 1
3, 11, 13, 5, 461062924, 480033955, 4, 7, 2109640664, 1
3, 11, 13, 5, 461062924, 480033955, 4, 6, 2012537460, 1
3, 11, 13, 5, 461062924, 480033955, 4, 5, 1881645873, 1
3, 11, 13, 5, 461062924, 480033955, 4, 4, 1693338514, 1
3, 11, 13, 5, 461062924, 480033955, 4, 3, 1445659608, 1
3, 11, 13, 5, 461062924, 480033955, 4, 2, 1106366934, 1
3, 11, 13, 5, 461062924, 480033955, 4, 1, 339045588, 1
3, 11, 13, 5, 461062924, 480033955, 4, 0, 77886103, 0
3, 11, 13, 5, 461062924, 480033955, 3, 14, 2388115081, 1
3, 11, 13, 5, 461062924, 480033955, 3, 13, 2361788832, 1
3, 11, 13, 5, 461062924, 480033955, 3, 12, 2331722998, 1
3, 11, 13, 5, 461062924, 480033955, 3, 11, 2289459421, 1
3, 11, 13, 5, 461062924, 480033955, 3, 10, 2260420521, 1
3, 11, 13, 5, 461062924, 480033955, 3, 9, 2221876232, 1
3, 11, 13, 5, 461062924, 480033955, 3, 8, 2159061322, 1
3, 11, 13, 5, 461062924, 480033955, 3, 7, 2089761241, 1
3, 11, 13, 5, 461062924, 480033955, 3, 6, 1988809332, 1
3, 11, 13, 5, 461062924, 480033955, 3, 5, 1856677964, 1
3, 11, 13, 5, 461062924, 480033955, 3, 4, 1661355948, 1
3, 11, 13, 5, 461062924, 480033955, 3, 3, 1411554086, 1
3, 11, 13, 5, 461062924, 480033955, 3, 2, 1091661887, 1
3, 11, 13, 5, 461062924, 480033955, 3, 1, 284641188, 1
3, 11, 13, 5, 461062924, 480033955, 3, 0, 103848138, 0
3, 11, 13, 5, 461062924, 480033955, 2, 14, 2370224986, 1
3, 11, 13, 5, 461062924, 480033955, 2, 13, 2343881377, 1
3, 11, 13, 5, 461062924, 480033955, 2, 12, 2307953182, 1
3, 11, 13, 5, 461062924, 480033955, 2, 11, 2262905604, 1
3, 11, 13, 5, 461062924, 480033955, 2, 10, 2213594816, 1
3, 11, 13, 5, 461062924, 480033955, 2, 9, 2174585090, 1
3, 11, 13, 5, 461062924, 480033955, 2, 8, 2107417963, 1
3, 11, 13, 5, 461062924, 480033955, 2, 7, 2031910539, 1
3, 11, 13, 5, 461062924, 480033955, 2, 6, 1921619908, 1
3, 11, 13, 5, 461062924, 480033955, 2, 5, 1770931599, 1
3, 11, 13, 5, 461062924, 480033955, 2, 4, 1557183666, 1
3, 11, 13, 5, 461062924, 480033955, 2, 3, 1292333327, 1
3, 11, 13, 5, 461062924, 480033955, 2, 2, 982184300, 1
3, 11, 13, 5, 461062924, 480033955, 2, 1, 118934421, 1
3, 11, 13, 5, 461062924, 480033955, 2, 0, 1, 0
3, 11, 13, 5, 461062924, 480033955, 1, 14, 2441557612, 1
3, 11, 13, 5, 461062924, 480033955, 1, 13, 2422571948, 1
3, 11, 13, 5, 461062924, 480033955, 1, 12, 2393687111, 1
3, 11, 13, 5, 461062924, 480033955, 1, 11, 2358434223, 1
3, 11, 13, 5, 461062924, 480033955, 1, 10, 2318086679, 1
3, 11, 13, 5, 461062924, 480033955, 1, 9, 2301052884, 1
3, 11, 13, 5, 461062924, 480033955, 1, 8, 2248045877, 1
3, 11, 13, 5, 461062924, 480033955, 1, 7, 2186729931, 1
3, 11, 13, 5, 461062924, 480033955, 1, 6, 2096499427, 1
3, 11, 13, 5, 461062924, 480033955, 1, 5, 1977015270, 1
3, 11, 13, 5, 461062924, 480033955, 1, 4, 1798910063, 1
3, 11, 13, 5, 461062924, 480033955, 1, 3, 1520275116, 1
3, 11, 13, 5, 461062924, 480033955, 1, 2, 1211788003, 1
3, 11, 13, 5, 461062924, 480033955, 1, 1, 198224034, 1
3, 11, 13, 5, 461062924, 480033955, 1, 0, 1, 0
3, 11, 13, 5, 461062924, 480033955, 0, 14, 2516642691, 1
3, 11, 13, 5, 461062924, 480033955, 0, 13, 2512488158, 1
3, 11, 13, 5, 461062924, 480033955, 0, 12, 2492994063, 1
3, 11, 13, 5, 461062924, 480033955, 0, 11, 2465364129, 1
3, 11, 13, 5, 461062924, 480033955, 0, 10, 2438677481, 1
3, 11, 13, 5, 461062924, 480033955, 0, 9, 2390517177, 1
3, 11, 13, 5, 461062924, 480033955, 0, 8, 2339350866, 1
3, 11, 13, 5, 461062924, 480033955, 0, 7, 2286749881, 1
3, 11, 13, 5, 461062924, 480033955, 0, 6, 2197748354, 1
3, 11, 13, 5, 461062924, 480033955, 0, 5, 2088215730, 1
3, 11, 13, 5, 461062924, 480033955, 0, 4, 1925358496, 1
3, 11, 13, 5, 461062924, 480033955, 0, 3, 1655547117, 1
3, 11, 13, 5, 461062924, 480033955, 0, 2, 1595717473, 1
3, 11, 13, 5, 461062924, 480033955, 0, 1, 361366209, 1
3, 12, 13, 5, 480033956, 1462136497, 6, 14, 2905320734, 1
3, 12, 13, 5, 480033956, 1462136497, 6, 13, 2882479158, 1
3, 12, 13, 5, 480033956, 1462136497, 6, 12, 2858965108, 1
3, 12, 13, 5, 480033956, 1462136497, 6, 11, 2832010636, 1
3, 12, 13, 5, 480033956, 1462136497, 6, 10, 2793465780, 1
3, 12, 13, 5, 480033956, 1462136497, 6, 9, 2738446138, 1
3, 12, 13, 5, 480033956, 1462136497, 6, 8, 2664867315, 1
3, 12, 13, 5, 480033956, 1462136497, 6, 7, 2559423590, 1
3, 12, 13, 5, 480033956, 1462136497, 6, 6, 2417271677, 1
3, 12, 13, 5, 480033956, 1462136497, 6, 5, 2271469346, 1
3, 12, 13, 5, 480033956, 1462136497, 6, 4, 2065172480, 1
3, 12, 13, 5, 480033956, 1462136497, 6, 3, 1747072295, 1
3, 12, 13, 5, 480033956, 1462136497, 6, 2, 1225215300, 1
3, 12, 13, 5, 480033956, 1462136497, 6, 1, 667701824, 1
3, 12, 13, 5, 480033956, 1462136497, 6, 0, 82651084, 0
3, 12, 13, 5, 480033956, 1462136497, 5, 14, 2892693438, 1
3, 12, 13, 5, 480033956, 1462136497, 5, 13, 2867945172, 1
3, 12, 13, 5, 480033956, 1462136497, 5, 12, 2840795628, 1
3, 12, 13, 5, 480033956, 1462136497, 5, 11, 2809672100, 1
3, 12, 13, 5, 480033956, 1462136497, 5, 10, 2767320719, 1
3, 12, 13, 5, 480033956, 1462136497, 5, 9, 2706234613, 1
3, 12, 13, 5, 480033956, 1462136497, 5, 8, 2624140441, 1
3, 12, 13, 5, 480033956, 1462136497, 5, 7, 2523684680, 1
3, 12, 13, 5, 480033956, 1462136497, 5, 6, 2390499126, 1
3, 12, 13, 5, 480033956, 1462136497, 5, 5, 2248807099, 1
3, 12, 13, 5, 480033956, 1462136497, 5, 4, 2032451364, 1
3, 12, 13, 5, 480033956, 1462136497, 5, 3, 1721658461, 1
3, 12, 13, 5, 480033956, 1462136497, 5, 2, 1207445416, 1
3, 12, 13, 5, 480033956, 1462136497, 5, 1, 637731212, 1
3, 12, 13, 5, 480033956, 1462136497, 5, 0, 1, 0
3, 12, 13, 5, 480033956, 1462136497, 4, 14, 2847107775, 1
3, 12, 13, 5, 480033956, 1462136497, 4, 13, 2817656808, 1
3, 12, 13, 5, 480033956, 1462136497, 4, 12, 2785009080, 1
3, 12, 13, 5, 480033956, 1462136497, 4, 11, 2745448637, 1
3, 12, 13, 5, 480033956, 1462136497, 4, 10, 2697092370, 1
3, 12, 13, 5, 480033956, 1462136497, 4, 9, 2642875651, 1
3, 12, 13, 5, 480033956, 1462136497, 4, 8, 2570873242, 1
3, 12, 13, 5, 480033956, 1462136497, 4, 7, 2482665225, 1
3, 12, 13, 5, 480033956, 1462136497, 4, 6, 2365925280, 1
3, 12, 13, 5, 480033956, 1462136497, 4, 5, 2217489592, 1
3, 12, 13, 5, 480033956, 1462136497, 4, 4, 2024530704, 1
3, 12, 13, 5, 480033956, 1462136497, 4, 3, 1734092598, 1
3, 12, 13, 5, 480033956, 1462136497, 4, 2, 1217481761, 1
3, 12, 13, 5, 480033956, 1462136497, 4, 1, 649541049, 1
3, 12, 13, 5, 480033956, 1462136497, 4, 0, 1, 0
3, 12, 13, 5, 480033956, 1462136497, 3, 14, 2849092186, 1
3, 12, 13, 5, 480033956, 1462136497, 3, 13, 2819615975, 1
3, 12, 13, 5, 480033956, 1462136497, 3, 12, 2787279122, 1
3, 12, 13, 5, 480033956, 1462136497, 3, 11, 2747706786, 1
3, 12, 13, 5, 480033956, 1462136497, 3, 10, 2699949658, 1
3, 12, 13, 5, 480033956, 1462136497, 3, 9, 2646303832, 1
3, 12, 13, 5, 480033956, 1462136497, 3, 8, 2574784661, 1
3, 12, 13, 5, 480033956, 1462136497, 3, 7, 2486228370, 1
3, 12, 13, 5, 480033956, 1462136497, 3, 6, 2369803450, 1
3, 12, 13, 5, 480033956, 1462136497, 3, 5, 2220858199, 1
3, 12, 13, 5, 480033956, 1462136497, 3, 4, 2030437448, 1
3, 12, 13, 5, 480033956, 1462136497, 3, 3, 1743624544, 1
3, 12, 13, 5, 480033956, 1462136497, 3, 2, 1227580035, 1
3, 12, 13, 5, 480033956, 1462136497, 3, 1, 668099365, 1
3, 12, 13, 5, 480033956, 1462136497, 3, 0, 1, 0
3, 12, 13, 5, 480033956, 1462136497, 2, 14, 2859889755, 1
3, 12, 13, 5, 480033956, 1462136497, 2, 13, 2831422307, 1
3, 12, 13, 5, 480033956, 1462136497, 2, 12, 2797211216, 1
3, 12, 13, 5, 480033956, 1462136497, 2, 11, 2760295730, 1
3, 12, 13, 5, 480033956, 1462136497, 2, 10, 2713001942, 1
3, 12, 13, 5, 480033956, 1462136497, 2, 9, 2661178329, 1
3, 12, 13, 5, 480033956, 1462136497, 2, 8, 2589841555, 1
3, 12, 13, 5, 480033956, 1462136497, 2, 7, 2503721510, 1
3, 12, 13, 5, 480033956, 1462136497, 2, 6, 2389565316, 1
3, 12, 13, 5, 480033956, 1462136497, 2, 5, 2241375644, 1
3, 12, 13, 5, 480033956, 1462136497, 2, 4, 2046525375, 1
3, 12, 13, 5, 480033956, 1462136497, 2, 3, 1767676917, 1
3, 12, 13, 5, 480033956, 1462136497, 2, 2, 1245252015, 1
3, 12, 13, 5, 480033956, 1462136497, 2, 1, 701504333, 1
3, 12, 13, 5, 480033956, 1462136497, 2, 0, 1, 0
3, 12, 13, 5, 480033956, 1462136497, 1, 14, 2889101888, 1
3, 12, 13, 5, 480033956, 1462136497, 1, 13, 2862489458, 1
3, 12, 13, 5, 480033956, 1462136497, 1, 12, 2829720888, 1
3, 12, 13, 5, 480033956, 1462136497, 1, 11, 2791253437, 1
3, 12, 13, 5, 480033956, 1462136497, 1, 10, 2747554218, 1
3, 12, 13, 5, 480033956, 1462136497, 1, 9, 2694655163, 1
3, 12, 13, 5, 480033956, 1462136497, 1, 8, 2626720878, 1
3, 12, 13, 5, 480033956, 1462136497, 1, 7, 2543604297, 1
3, 12, 13, 5, 480033956, 1462136497, 1, 6, 2434913382, 1
3, 12, 13, 5, 480033956, 1462136497, 1, 5, 2290478217, 1
3, 12, 13, 5, 480033956, 1462136497, 1, 4, 2103203314, 1
3, 12, 13, 5, 480033956, 1462136497, 1, 3, 1824473862, 1
3, 12, 13, 5, 480033956, 1462136497, 1, 2, 1289164629, 1
3, 12, 13, 5, 480033956, 1462136497, 1, 1, 779449259, 1
3, 12, 13, 5, 480033956, 1462136497, 1, 0, 1, 0
3, 12, 13, 5, 480033956, 1462136497, 0, 14, 2988992823, 1
3, 12, 13, 5, 480033956, 1462136497, 0, 13, 2972558314, 1
3, 12, 13, 5, 480033956, 1462136497, 0, 12, 2945763346, 1
3, 12, 13, 5, 480033956, 1462136497, 0, 11, 2918096810, 1
3, 12, 13, 5, 480033956, 1462136497, 0, 10, 2884896967, 1
3, 12, 13, 5, 480033956, 1462136497, 0, 9, 2844319382, 1
3, 12, 13, 5, 480033956, 1462136497, 0, 8, 2793597400, 1
3, 12, 13, 5, 480033956, 1462136497, 0, 7, 2728383423, 1
3, 12, 13, 5, 480033956, 1462136497, 0, 6, 2641431453, 1
3, 12, 13, 5, 480033956, 1462136497, 0, 5, 2523856385, 1
3, 12, 13, 5, 480033956, 1462136497, 0, 4, 2350561934, 1
3, 12, 13, 5, 480033956, 1462136497, 0, 3, 2117617123, 1
3, 12, 13, 5, 480033956, 1462136497, 0, 2, 1597957644, 1
3, 12, 13, 5, 480033956, 1462136497, 0, 1, 1169173888, 1
3, 13, 13, 5, 1462136498, 1595271564, 6, 14, 3103521111, 1
3, 13, 13, 5, 1462136498, 1595271564, 6, 13, 3077342348, 1
3, 13, 13, 5, 1462136498, 1595271564, 6, 12, 3045237452, 1
3, 13, 13, 5, 1462136498, 1595271564, 6, 11, 3015215120, 1
3, 13, 13, 5, 1462136498, 1595271564, 6, 10, 2972488143, 1
3, 13, 13, 5, 1462136498, 1595271564, 6, 9, 2926962861, 1
3, 13, 13, 5, 1462136498, 1595271564, 6, 8, 2832940535, 1
3, 13, 13, 5, 1462136498, 1595271564, 6, 7, 2735876323, 1
3, 13, 13, 5, 1462136498, 1595271564, 6, 6, 2601550022, 1
3, 13, 13, 5, 1462136498, 1595271564, 6, 5, 2436512366, 1
3, 13, 13, 5, 1462136498, 1595271564, 6, 4, 2152425614, 1
3, 13, 13, 5, 1462136498, 1595271564, 6, 3, 1722177993, 1
3, 13, 13, 5, 1462136498, 1595271564, 6, 2, 1198800829, 1
3, 13, 13, 5, 1462136498, 1595271564, 6, 1, 671790434, 1
3, 13, 13, 5, 1462136498, 1595271564, 6, 0, 103188870, 0
3, 13, 13, 5, 1462136498, 1595271564, 5, 14, 3125194649, 1
3, 13, 13, 5, 1462136498, 1595271564, 5, 13, 3096684209, 1
3, 13, 13, 5, 1462136498, 1595271564, 5, 12, 3061563707, 1
3, 13, 13, 5, 1462136498, 1595271564, 5, 11, 3029272437, 1
3, 13, 13, 5, 1462136498, 1595271564, 5, 10, 2982631387, 1
3, 13, 13, 5, 1462136498, 1595271564, 5, 9, 2931843275, 1
3, 13, 13, 5, 1462136498, 1595271564, 5, 8, 2826548721, 1
3, 13, 13, 5, 1462136498, 1595271564, 5, 7, 2739316637, 1
3, 13, 13, 5, 1462136498, 1595271564, 5, 6, 2614619262, 1
3, 13, 13, 5, 1462136498, 1595271564, 5, 5, 2449495446, 1
3, 13, 13, 5, 1462136498, 1595271564, 5, 4, 2140647856, 1
3, 13, 13, 5, 1462136498, 1595271564, 5, 3, 1705697015, 1
3, 13, 13, 5, 1462136498, 1595271564, 5, 2, 1174782546, 1
3, 13, 13, 5, 1462136498, 1595271564, 5, 1, 632270838, 1
3, 13, 13, 5, 1462136498, 1595271564, 5, 0, 1, 0
3, 13, 13, 5, 1462136498, 1595271564, 4, 14, 3133759251, 1
3, 13, 13, 5, 1462136498, 1595271564, 4, 13, 3103618901, 1
3, 13, 13, 5, 1462136498, 1595271564, 4, 12, 3060930170, 1
3, 13, 13, 5, 1462136498, 1595271564, 4, 11, 3023456300, 1
3, 13, 13, 5, 1462136498, 1595271564, 4, 10, 2983581704, 1
3, 13, 13, 5, 1462136498, 1595271564, 4, 9, 2927185735, 1
3, 13, 13, 5, 1462136498, 1595271564, 4, 8, 2827946654, 1
3, 13, 13, 5, 1462136498, 1595271564, 4, 7, 2729572759, 1
3, 13, 13, 5, 1462136498, 1595271564, 4, 6, 2617358981, 1
3, 13, 13, 5, 1462136498, 1595271564, 4, 5, 2463984986, 1
3, 13, 13, 5, 1462136498, 1595271564, 4, 4, 2157658863, 1
3, 13, 13, 5, 1462136498, 1595271564, 4, 3, 1715229508, 1
3, 13, 13, 5, 1462136498, 1595271564, 4, 2, 1184694515, 1
3, 13, 13, 5, 1462136498, 1595271564, 4, 1, 643979557, 1
3, 13, 13, 5, 1462136498, 1595271564, 4, 0, 1, 0
3, 13, 13, 5, 1462136498, 1595271564, 3, 14, 3120234995, 1
3, 13, 13, 5, 1462136498, 1595271564, 3, 13, 3092797169, 1
3, 13, 13, 5, 1462136498, 1595271564, 3, 12, 3054363258, 1
3, 13, 13, 5, 1462136498, 1595271564, 3, 11, 3021603764, 1
3, 13, 13, 5, 1462136498, 1595271564, 3, 10, 2988449469, 1
3, 13, 13, 5, 1462136498, 1595271564, 3, 9, 2937960927, 1
3, 13, 13, 5, 1462136498, 1595271564, 3, 8, 2848168771, 1
3, 13, 13, 5, 1462136498, 1595271564, 3, 7, 2757033928, 1
3, 13, 13, 5, 1462136498, 1595271564, 3, 6, 2642792116, 1
3, 13, 13, 5, 1462136498, 1595271564, 3, 5, 2501871829, 1
3, 13, 13, 5, 1462136498, 1595271564, 3, 4, 2189137149, 1
3, 13, 13, 5, 1462136498, 1595271564, 3, 3, 1741430628, 1
3, 13, 13, 5, 1462136498, 1595271564, 3, 2, 1200013012, 1
3, 13, 13, 5, 1462136498, 1595271564, 3, 1, 662378973, 1
3, 13, 13, 5, 1462136498, 1595271564, 3, 0, 1, 0
3, 13, 13, 5, 1462136498, 1595271564, 2, 14, 3136772030, 1
3, 13, 13, 5, 1462136498, 1595271564, 2, 13, 3106790648, 1
3, 13, 13, 5, 1462136498, 1595271564, 2, 12, 3064257967, 1
3, 13, 13, 5, 1462136498, 1595271564, 2, 11, 3041231814, 1
3, 13, 13, 5, 1462136498, 1595271564, 2, 10, 3008797855, 1
3, 13, 13, 5, 1462136498, 1595271564, 2, 9, 2969556562, 1
3, 13, 13, 5, 1462136498, 1595271564, 2, 8, 2883885810, 1
3, 13, 13, 5, 1462136498, 1595271564, 2, 7, 2787549718, 1
3, 13, 13, 5, 1462136498, 1595271564, 2, 6, 2687971942, 1
3, 13, 13, 5, 1462136498, 1595271564, 2, 5, 2540112305, 1
3, 13, 13, 5, 1462136498, 1595271564, 2, 4, 2211054901, 1
3, 13, 13, 5, 1462136498, 1595271564, 2, 3, 1781730764, 1
3, 13, 13, 5, 1462136498, 1595271564, 2, 2, 1226820382, 1
3, 13, 13, 5, 1462136498, 1595271564, 2, 1, 695497922, 1
3, 13, 13, 5, 1462136498, 1595271564, 2, 0, 1, 0
3, 13, 13, 5, 1462136498, 1595271564, 1, 14, 3206955394, 1
3, 13, 13, 5, 1462136498, 1595271564, 1, 13, 3177060205, 1
3, 13, 13, 5, 1462136498, 1595271564, 1, 12, 3144098867, 1
3, 13, 13, 5, 1462136498, 1595271564, 1, 11, 3123097230, 1
3, 13, 13, 5, 1462136498, 1595271564, 1, 10, 3090893246, 1
3, 13, 13, 5, 1462136498, 1595271564, 1, 9, 3042096345, 1
3, 13, 13, 5, 1462136498, 1595271564, 1, 8, 2941727880, 1
3, 13, 13, 5, 1462136498, 1595271564, 1, 7, 2860029757, 1
3, 13, 13, 5, 1462136498, 1595271564, 1, 6, 2761285332, 1
3, 13, 13, 5, 1462136498, 1595271564, 1, 5, 2586554363, 1
3, 13, 13, 5, 1462136498, 1595271564, 1, 4, 2260152624, 1
3, 13, 13, 5, 1462136498, 1595271564, 1, 3, 1851052529, 1
3, 13, 13, 5, 1462136498, 1595271564, 1, 2, 1285796596, 1
3, 13, 13, 5, 1462136498, 1595271564, 1, 1, 772775469, 1
3, 13, 13, 5, 1462136498, 1595271564, 1, 0, 1, 0
3, 13, 13, 5, 1462136498, 1595271564, 0, 14, 3351889490, 1
3, 13, 13, 5, 1462136498, 1595271564, 0, 13, 3343371687, 1
3, 13, 13, 5, 1462136498, 1595271564, 0, 12, 3363379812, 1
3, 13, 13, 5, 1462136498, 1595271564, 0, 11, 3327463435, 1
3, 13, 13, 5, 1462136498, 1595271564, 0, 10, 3343807962, 1
3, 13, 13, 5, 1462136498, 1595271564, 0, 9, 3297735517, 1
3, 13, 13, 5, 1462136498, 1595271564, 0, 8, 3205952877, 1
3, 13, 13, 5, 1462136498, 1595271564, 0, 7, 3127023293, 1
3, 13, 13, 5, 1462136498, 1595271564, 0, 6, 3021783849, 1
3, 13, 13, 5, 1462136498, 1595271564, 0, 5, 2881679486, 1
3, 13, 13, 5, 1462136498, 1595271564, 0, 4, 2572995308, 1
3, 13, 13, 5, 1462136498, 1595271564, 0, 3, 2121286767, 1
3, 13, 13, 5, 1462136498, 1595271564, 0, 2, 1549833970, 1
3, 13, 13, 5, 1462136498, 1595271564, 0, 1, 1159163203, 1
3, 14, 13, 5, 1595271565, 1677605931, 6, 14, 2671557434, 1
3, 14, 13, 5, 1595271565, 1677605931, 6, 13, 2657481068, 1
3, 14, 13, 5, 1595271565, 1677605931, 6, 12, 2639361161, 1
3, 14, 13, 5, 1595271565, 1677605931, 6, 11, 2625682734, 1
3, 14, 13, 5, 1595271565, 1677605931, 6, 10, 2602310381, 1
3, 14, 13, 5, 1595271565, 1677605931, 6, 9, 2580066748, 1
3, 14, 13, 5, 1595271565, 1677605931, 6, 8, 2514583217, 1
3, 14, 13, 5, 1595271565, 1677605931, 6, 7, 2453322221, 1
3, 14, 13, 5, 1595271565, 1677605931, 6, 6, 2365241741, 1
3, 14, 13, 5, 1595271565, 1677605931, 6, 5, 2262241161, 1
3, 14, 13, 5, 1595271565, 1677605931, 6, 4, 2065736165, 1
3, 14, 13, 5, 1595271565, 1677605931, 6, 3, 1768483061, 1
3, 14, 13, 5, 1595271565, 1677605931, 6, 2, 1471196575, 1
3, 14, 13, 5, 1595271565, 1677605931, 6, 1, 1413759129, 1
3, 14, 13, 5, 1595271565, 1677605931, 6, 0, 701229335, 0
3, 14, 13, 5, 1595271565, 1677605931, 5, 14, 2678124802, 1
3, 14, 13, 5, 1595271565, 1677605931, 5, 13, 2660645576, 1
3, 14, 13, 5, 1595271565, 1677605931, 5, 12, 2638275438, 1
3, 14, 13, 5, 1595271565, 1677605931, 5, 11, 2620889522, 1
3, 14, 13, 5, 1595271565, 1677605931, 5, 10, 2591905585, 1
3, 14, 13, 5, 1595271565, 1677605931, 5, 9, 2562365863, 1
3, 14, 13, 5, 1595271565, 1677605931, 5, 8, 2483130655, 1
3, 14, 13, 5, 1595271565, 1677605931, 5, 7, 2428611367, 1
3, 14, 13, 5, 1595271565, 1677605931, 5, 6, 2346201264, 1
3, 14, 13, 5, 1595271565, 1677605931, 5, 5, 2237863215, 1
3, 14, 13, 5, 1595271565, 1677605931, 5, 4, 2009298949, 1
3, 14, 13, 5, 1595271565, 1677605931, 5, 3, 1696518385, 1
3, 14, 13, 5, 1595271565, 1677605931, 5, 2, 1374012035, 1
3, 14, 13, 5, 1595271565, 1677605931, 5, 1, 1267262757, 1
3, 14, 13, 5, 1595271565, 1677605931, 5, 0, 609555530, 0
3, 14, 13, 5, 1595271565, 1677605931, 4, 14, 2709517897, 1
3, 14, 13, 5, 1595271565, 1677605931, 4, 13, 2692089646, 1
3, 14, 13, 5, 1595271565, 1677605931, 4, 12, 2664099278, 1
3, 14, 13, 5, 1595271565, 1677605931, 4, 11, 2643815018, 1
3, 14, 13, 5, 1595271565, 1677605931, 4, 10, 2624313294, 1
3, 14, 13, 5, 1595271565, 1677605931, 4, 9, 2592447926, 1
3, 14, 13, 5, 1595271565, 1677605931, 4, 8, 2523314583, 1
3, 14, 13, 5, 1595271565, 1677605931, 4, 7, 2462765846, 1
3, 14, 13, 5, 1595271565, 1677605931, 4, 6, 2399502271, 1
3, 14, 13, 5, 1595271565, 1677605931, 4, 5, 2311957862, 1
3, 14, 13, 5, 1595271565, 1677605931, 4, 4, 2098890317, 1
3, 14, 13, 5, 1595271565, 1677605931, 4, 3, 1798803002, 1
3, 14, 13, 5, 1595271565, 1677605931, 4, 2, 1512282937, 1
3, 14, 13, 5, 1595271565, 1677605931, 4, 1, 1486710603, 1
3, 14, 13, 5, 1595271565, 1677605931, 4, 0, 761944413, 0
3, 14, 13, 5, 1595271565, 1677605931, 3, 14, 2674390773, 1
3, 14, 13, 5, 1595271565, 1677605931, 3, 13, 2658140153, 1
3, 14, 13, 5, 1595271565, 1677605931, 3, 12, 2632648303, 1
3, 14, 13, 5, 1595271565, 1677605931, 3, 11, 2615033775, 1
3, 14, 13, 5, 1595271565, 1677605931, 3, 10, 2599842114, 1
3, 14, 13, 5, 1595271565, 1677605931, 3, 9, 2571000848, 1
3, 14, 13, 5, 1595271565, 1677605931, 3, 8, 2507803917, 1
3, 14, 13, 5, 1595271565, 1677605931, 3, 7, 2450127584, 1
3, 14, 13, 5, 1595271565, 1677605931, 3, 6, 2379257914, 1
3, 14, 13, 5, 1595271565, 1677605931, 3, 5, 2296795730, 1
3, 14, 13, 5, 1595271565, 1677605931, 3, 4, 2067133093, 1
3, 14, 13, 5, 1595271565, 1677605931, 3, 3, 1746803705, 1
3, 14, 13, 5, 1595271565, 1677605931, 3, 2, 1425401135, 1
3, 14, 13, 5, 1595271565, 1677605931, 3, 1, 1359227909, 1
3, 14, 13, 5, 1595271565, 1677605931, 3, 0, 833298607, 0
3, 14, 13, 5, 1595271565, 1677605931, 2, 14, 2680379738, 1
3, 14, 13, 5, 1595271565, 1677605931, 2, 13, 2660881967, 1
3, 14, 13, 5, 1595271565, 1677605931, 2, 12, 2630488203, 1
3, 14, 13, 5, 1595271565, 1677605931, 2, 11, 2621681924, 1
3, 14, 13, 5, 1595271565, 1677605931, 2, 10, 2606134067, 1
3, 14, 13, 5, 1595271565, 1677605931, 2, 9, 2587272551, 1
3, 14, 13, 5, 1595271565, 1677605931, 2, 8, 2526684602, 1
3, 14, 13, 5, 1595271565, 1677605931, 2, 7, 2461974652, 1
3, 14, 13, 5, 1595271565, 1677605931, 2, 6, 2403510861, 1
3, 14, 13, 5, 1595271565, 1677605931, 2, 5, 2311276028, 1
3, 14, 13, 5, 1595271565, 1677605931, 2, 4, 2061682629, 1
3, 14, 13, 5, 1595271565, 1677605931, 2, 3, 1755166500, 1
3, 14, 13, 5, 1595271565, 1677605931, 2, 2, 1415170132, 1
3, 14, 13, 5, 1595271565, 1677605931, 2, 1, 1356658502, 1
3, 14, 13, 5, 1595271565, 1677605931, 2, 0, 1249947910, 0
3, 14, 13, 5, 1595271565, 1677605931, 1, 14, 2698257570, 1
3, 14, 13, 5, 1595271565, 1677605931, 1, 13, 2675100935, 1
3, 14, 13, 5, 1595271565, 1677605931, 1, 12, 2649956319, 1
3, 14, 13, 5, 1595271565, 1677605931, 1, 11, 2638130835, 1
3, 14, 13, 5, 1595271565, 1677605931, 1, 10, 2616850842, 1
3, 14, 13, 5, 1595271565, 1677605931, 1, 9, 2581277720, 1
3, 14, 13, 5, 1595271565, 1677605931, 1, 8, 2497244511, 1
3, 14, 13, 5, 1595271565, 1677605931, 1, 7, 2436237712, 1
3, 14, 13, 5, 1595271565, 1677605931, 1, 6, 2364551173, 1
3, 14, 13, 5, 1595271565, 1677605931, 1, 5, 2226717320, 1
3, 14, 13, 5, 1595271565, 1677605931, 1, 4, 1953611416, 1
3, 14, 13, 5, 1595271565, 1677605931, 1, 3, 1628261919, 1
3, 14, 13, 5, 1595271565, 1677605931, 1, 2, 1213757063, 1
3, 14, 13, 5, 1595271565, 1677605931, 1, 1, 1052488447, 1
3, 14, 13, 5, 1595271565, 1677605931, 1, 0, 1015560769, 0
3, 14, 13, 5, 1595271565, 1677605931, 0, 14, 2825286529, 1
3, 14, 13, 5, 1595271565, 1677605931, 0, 13, 2822389138, 1
3, 14, 13, 5, 1595271565, 1677605931, 0, 12, 2848954409, 1
3, 14, 13, 5, 1595271565, 1677605931, 0, 11, 2820787386, 1
3, 14, 13, 5, 1595271565, 1677605931, 0, 10, 2846431138, 1
3, 14, 13, 5, 1595271565, 1677605931, 0, 9, 2811724413, 1
3, 14, 13, 5, 1595271565, 1677605931, 0, 8, 2734148922, 1
3, 14, 13, 5, 1595271565, 1677605931, 0, 7, 2673485674, 1
3, 14, 13, 5, 1595271565, 1677605931, 0, 6, 2592601342, 1
3, 14, 13, 5, 1595271565, 1677605931, 0, 5, 2486594139, 1
3, 14, 13, 5, 1595271565, 1677605931, 0, 4, 2229055699, 1
3, 14, 13, 5, 1595271565, 1677605931, 0, 3, 1862590055, 1
3, 14, 13, 5, 1595271565, 1677605931, 0, 2, 1461623054, 1
3, 14, 13, 5, 1595271565, 1677605931, 0, 1, 1582409671, 1
3, 15, 13, 5, 1677605932, 1729139538, 6, 14, 2641430732, 1
3, 15, 13, 5, 1677605932, 1729139538, 6, 13, 2617500501, 1
3, 15, 13, 5, 1677605932, 1729139538, 6, 12, 2580116280, 1
3, 15, 13, 5, 1677605932, 1729139538, 6, 11, 2551791892, 1
3, 15, 13, 5, 1677605932, 1729139538, 6, 10, 2505498970, 1
3, 15, 13, 5, 1677605932, 1729139538, 6, 9, 2455947557, 1
3, 15, 13, 5, 1677605932, 1729139538, 6, 8, 2387024607, 1
3, 15, 13, 5, 1677605932, 1729139538, 6, 7, 2297889817, 1
3, 15, 13, 5, 1677605932, 1729139538, 6, 6, 2183703185, 1
3, 15, 13, 5, 1677605932, 1729139538, 6, 5, 2034717088, 1
3, 15, 13, 5, 1677605932, 1729139538, 6, 4, 1837727142, 1
3, 15, 13, 5, 1677605932, 1729139538, 6, 3, 1525711016, 1
3, 15, 13, 5, 1677605932, 1729139538, 6, 2, 1045483844, 1
3, 15, 13, 5, 1677605932, 1729139538, 6, 1, 589513251, 1
3, 15, 13, 5, 1677605932, 1729139538, 6, 0, 93343493, 0
3, 15, 13, 5, 1677605932, 1729139538, 5, 14, 2651367452, 1
3, 15, 13, 5, 1677605932, 1729139538, 5, 13, 2621771635, 1
3, 15, 13, 5, 1677605932, 1729139538, 5, 12, 2584873723, 1
3, 15, 13, 5, 1677605932, 1729139538, 5, 11, 2558521812, 1
3, 15, 13, 5, 1677605932, 1729139538, 5, 10, 2509316437, 1
3, 15, 13, 5, 1677605932, 1729139538, 5, 9, 2460715490, 1
3, 15, 13, 5, 1677605932, 1729139538, 5, 8, 2392701046, 1
3, 15, 13, 5, 1677605932, 1729139538, 5, 7, 2304054122, 1
3, 15, 13, 5, 1677605932, 1729139538, 5, 6, 2190481930, 1
3, 15, 13, 5, 1677605932, 1729139538, 5, 5, 2041445032, 1
3, 15, 13, 5, 1677605932, 1729139538, 5, 4, 1829114157, 1
3, 15, 13, 5, 1677605932, 1729139538, 5, 3, 1512860830, 1
3, 15, 13, 5, 1677605932, 1729139538, 5, 2, 1026078894, 1
3, 15, 13, 5, 1677605932, 1729139538, 5, 1, 553528154, 1
3, 15, 13, 5, 1677605932, 1729139538, 5, 0, 1, 0
3, 15, 13, 5, 1677605932, 1729139538, 4, 14, 2664197224, 1
3, 15, 13, 5, 1677605932, 1729139538, 4, 13, 2635883226, 1
3, 15, 13, 5, 1677605932, 1729139538, 4, 12, 2599080340, 1
3, 15, 13, 5, 1677605932, 1729139538, 4, 11, 2577253685, 1
3, 15, 13, 5, 1677605932, 1729139538, 4, 10, 2528731595, 1
3, 15, 13, 5, 1677605932, 1729139538, 4, 9, 2472135664, 1
3, 15, 13, 5, 1677605932, 1729139538, 4, 8, 2405672244, 1
3, 15, 13, 5, 1677605932, 1729139538, 4, 7, 2317261999, 1
3, 15, 13, 5, 1677605932, 1729139538, 4, 6, 2205127276, 1
3, 15, 13, 5, 1677605932, 1729139538, 4, 5, 2061212039, 1
3, 15, 13, 5, 1677605932, 1729139538, 4, 4, 1852632948, 1
3, 15, 13, 5, 1677605932, 1729139538, 4, 3, 1537730344, 1
3, 15, 13, 5, 1677605932, 1729139538, 4, 2, 1038361890, 1
3, 15, 13, 5, 1677605932, 1729139538, 4, 1, 563778675, 1
3, 15, 13, 5, 1677605932, 1729139538, 4, 0, 1, 0
3, 15, 13, 5, 1677605932, 1729139538, 3, 14, 2663858170, 1
3, 15, 13, 5, 1677605932, 1729139538, 3, 13, 2635739244, 1
3, 15, 13, 5, 1677605932, 1729139538, 3, 12, 2599466578, 1
3, 15, 13, 5, 1677605932, 1729139538, 3, 11, 2582855504, 1
3, 15, 13, 5, 1677605932, 1729139538, 3, 10, 2534517389, 1
3, 15, 13, 5, 1677605932, 1729139538, 3, 9, 2479865013, 1
3, 15, 13, 5, 1677605932, 1729139538, 3, 8, 2416803199, 1
3, 15, 13, 5, 1677605932, 1729139538, 3, 7, 2328456572, 1
3, 15, 13, 5, 1677605932, 1729139538, 3, 6, 2214957176, 1
3, 15, 13, 5, 1677605932, 1729139538, 3, 5, 2070715475, 1
3, 15, 13, 5, 1677605932, 1729139538, 3, 4, 1865017165, 1
3, 15, 13, 5, 1677605932, 1729139538, 3, 3, 1547386822, 1
3, 15, 13, 5, 1677605932, 1729139538, 3, 2, 1057344703, 1
3, 15, 13, 5, 1677605932, 1729139538, 3, 1, 579886637, 1
3, 15, 13, 5, 1677605932, 1729139538, 3, 0, 1, 0
3, 15, 13, 5, 1677605932, 1729139538, 2, 14, 2683530431, 1
3, 15, 13, 5, 1677605932, 1729139538, 2, 13, 2654788892, 1
3, 15, 13, 5, 1677605932, 1729139538, 2, 12, 2620991647, 1
3, 15, 13, 5, 1677605932, 1729139538, 2, 11, 2613748720, 1
3, 15, 13, 5, 1677605932, 1729139538, 2, 10, 2567231543, 1
3, 15, 13, 5, 1677605932, 1729139538, 2, 9, 2516218283, 1
3, 15, 13, 5, 1677605932, 1729139538, 2, 8, 2458519289, 1
3, 15, 13, 5, 1677605932, 1729139538, 2, 7, 2375901209, 1
3, 15, 13, 5, 1677605932, 1729139538, 2, 6, 2269395288, 1
3, 15, 13, 5, 1677605932, 1729139538, 2, 5, 2133901765, 1
3, 15, 13, 5, 1677605932, 1729139538, 2, 4, 1937282113, 1
3, 15, 13, 5, 1677605932, 1729139538, 2, 3, 1633956692, 1
3, 15, 13, 5, 1677605932, 1729139538, 2, 2, 1090564625, 1
3, 15, 13, 5, 1677605932, 1729139538, 2, 1, 608880969, 1
3, 15, 13, 5, 1677605932, 1729139538, 2, 0, 1, 0
3, 15, 13, 5, 1677605932, 1729139538, 1, 14, 2708753531, 1
3, 15, 13, 5, 1677605932, 1729139538, 1, 13, 2679697815, 1
3, 15, 13, 5, 1677605932, 1729139538, 1, 12, 2648853636, 1
3, 15, 13, 5, 1677605932, 1729139538, 1, 11, 2660446206, 1
3, 15, 13, 5, 1677605932, 1729139538, 1, 10, 2617621212, 1
3, 15, 13, 5, 1677605932, 1729139538, 1, 9, 2570629156, 1
3, 15, 13, 5, 1677605932, 1729139538, 1, 8, 2509969691, 1
3, 15, 13, 5, 1677605932, 1729139538, 1, 7, 2433990321, 1
3, 15, 13, 5, 1677605932, 1729139538, 1, 6, 2329426973, 1
3, 15, 13, 5, 1677605932, 1729139538, 1, 5, 2211004029, 1
3, 15, 13, 5, 1677605932, 1729139538, 1, 4, 2015785669, 1
3, 15, 13, 5, 1677605932, 1729139538, 1, 3, 1718620987, 1
3, 15, 13, 5, 1677605932, 1729139538, 1, 2, 1163648453, 1
3, 15, 13, 5, 1677605932, 1729139538, 1, 1, 676534410, 1
3, 15, 13, 5, 1677605932, 1729139538, 1, 0, 1, 0
3, 15, 13, 5, 1677605932, 1729139538, 0, 14, 2839852993, 1
3, 15, 13, 5, 1677605932, 1729139538, 0, 13, 2818647159, 1
3, 15, 13, 5, 1677605932, 1729139538, 0, 12, 2798440688, 1
3, 15, 13, 5, 1677605932, 1729139538, 0, 11, 2775257560, 1
3, 15, 13, 5, 1677605932, 1729139538, 0, 10, 2740879304, 1
3, 15, 13, 5, 1677605932, 1729139538, 0, 9, 2706777929, 1
3, 15, 13, 5, 1677605932, 1729139538, 0, 8, 2661312317, 1
3, 15, 13, 5, 1677605932, 1729139538, 0, 7, 2600381039, 1
3, 15, 13, 5, 1677605932, 1729139538, 0, 6, 2516767192, 1
3, 15, 13, 5, 1677605932, 1729139538, 0, 5, 2432177447, 1
3, 15, 13, 5, 1677605932, 1729139538, 0, 4, 2271439429, 1
3, 15, 13, 5, 1677605932, 1729139538, 0, 3, 2021322435, 1
3, 15, 13, 5, 1677605932, 1729139538, 0, 2, 1454560566, 1
3, 15, 13, 5, 1677605932, 1729139538, 0, 1, 1014801615, 1
3, 16, 13, 5, 1729139539, 1753043203, 6, 14, 918478131, 1
3, 16, 13, 5, 1729139539, 1753043203, 6, 13, 910324994, 1
3, 16, 13, 5, 1729139539, 1753043203, 6, 12, 891172083, 1
3, 16, 13, 5, 1729139539, 1753043203, 6, 11, 884154165, 1
3, 16, 13, 5, 1729139539, 1753043203, 6, 10, 863092588, 1
3, 16, 13, 5, 1729139539, 1753043203, 6, 9, 843891924, 1
3, 16, 13, 5, 1729139539, 1753043203, 6, 8, 812173118, 1
3, 16, 13, 5, 1729139539, 1753043203, 6, 7, 769712619, 1
3, 16, 13, 5, 1729139539, 1753043203, 6, 6, 715813610, 1
3, 16, 13, 5, 1729139539, 1753043203, 6, 5, 647701157, 1
3, 16, 13, 5, 1729139539, 1753043203, 6, 4, 564885765, 1
3, 16, 13, 5, 1729139539, 1753043203, 6, 3, 426245814, 1
3, 16, 13, 5, 1729139539, 1753043203, 6, 2, 240758140, 1
3, 16, 13, 5, 1729139539, 1753043203, 6, 1, 298247880, 1
3, 16, 13, 5, 1729139539, 1753043203, 6, 0, 99572392, 0
3, 16, 13, 5, 1729139539, 1753043203, 5, 14, 925196474, 1
3, 16, 13, 5, 1729139539, 1753043203, 5, 13, 911172253, 1
3, 16, 13, 5, 1729139539, 1753043203, 5, 12, 892272679, 1
3, 16, 13, 5, 1729139539, 1753043203, 5, 11, 886961078, 1
3, 16, 13, 5, 1729139539, 1753043203, 5, 10, 862680379, 1
3, 16, 13, 5, 1729139539, 1753043203, 5, 9, 844073534, 1
3, 16, 13, 5, 1729139539, 1753043203, 5, 8, 812844308, 1
3, 16, 13, 5, 1729139539, 1753043203, 5, 7, 770374573, 1
3, 16, 13, 5, 1729139539, 1753043203, 5, 6, 716494846, 1
3, 16, 13, 5, 1729139539, 1753043203, 5, 5, 647616399, 1
3, 16, 13, 5, 1729139539, 1753043203, 5, 4, 548612990, 1
3, 16, 13, 5, 1729139539, 1753043203, 5, 3, 404814503, 1
3, 16, 13, 5, 1729139539, 1753043203, 5, 2, 212220235, 1
3, 16, 13, 5, 1729139539, 1753043203, 5, 1, 242709421, 1
3, 16, 13, 5, 1729139539, 1753043203, 5, 0, 119486870, 0
3, 16, 13, 5, 1729139539, 1753043203, 4, 14, 923420578, 1
3, 16, 13, 5, 1729139539, 1753043203, 4, 13, 909657406, 1
3, 16, 13, 5, 1729139539, 1753043203, 4, 12, 889678914, 1
3, 16, 13, 5, 1729139539, 1753043203, 4, 11, 887528244, 1
3, 16, 13, 5, 1729139539, 1753043203, 4, 10, 862325841, 1
3, 16, 13, 5, 1729139539, 1753043203, 4, 9, 833808716, 1
3, 16, 13, 5, 1729139539, 1753043203, 4, 8, 801805648, 1
3, 16, 13, 5, 1729139539, 1753043203, 4, 7, 756691744, 1
3, 16, 13, 5, 1729139539, 1753043203, 4, 6, 700587579, 1
3, 16, 13, 5, 1729139539, 1753043203, 4, 5, 632023783, 1
3, 16, 13, 5, 1729139539, 1753043203, 4, 4, 530192567, 1
3, 16, 13, 5, 1729139539, 1753043203, 4, 3, 378220929, 1
3, 16, 13, 5, 1729139539, 1753043203, 4, 2, 158162702, 1
3, 16, 13, 5, 1729139539, 1753043203, 4, 1, 141815275, 1
3, 16, 13, 5, 1729139539, 1753043203, 4, 0, 31968746, 0
3, 16, 13, 5, 1729139539, 1753043203, 3, 14, 907032144, 1
3, 16, 13, 5, 1729139539, 1753043203, 3, 13, 892349729, 1
3, 16, 13, 5, 1729139539, 1753043203, 3, 12, 871621263, 1
3, 16, 13, 5, 1729139539, 1753043203, 3, 11, 873200209, 1
3, 16, 13, 5, 1729139539, 1753043203, 3, 10, 846436304, 1
3, 16, 13, 5, 1729139539, 1753043203, 3, 9, 817783616, 1
3, 16, 13, 5, 1729139539, 1753043203, 3, 8, 786664277, 1
3, 16, 13, 5, 1729139539, 1753043203, 3, 7, 738503345, 1
3, 16, 13, 5, 1729139539, 1753043203, 3, 6, 677096516, 1
3, 16, 13, 5, 1729139539, 1753043203, 3, 5, 603066536, 1
3, 16, 13, 5, 1729139539, 1753043203, 3, 4, 497142776, 1
3, 16, 13, 5, 1729139539, 1753043203, 3, 3, 332500076, 1
3, 16, 13, 5, 1729139539, 1753043203, 3, 2, 106709341, 1
3, 16, 13, 5, 1729139539, 1753043203, 3, 1, 167686107, 1
3, 16, 13, 5, 1729139539, 1753043203, 3, 0, 42624994, 0
3, 16, 13, 5, 1729139539, 1753043203, 2, 14, 916115683, 1
3, 16, 13, 5, 1729139539, 1753043203, 2, 13, 900117800, 1
3, 16, 13, 5, 1729139539, 1753043203, 2, 12, 881076369, 1
3, 16, 13, 5, 1729139539, 1753043203, 2, 11, 891118822, 1
3, 16, 13, 5, 1729139539, 1753043203, 2, 10, 865128035, 1
3, 16, 13, 5, 1729139539, 1753043203, 2, 9, 838888002, 1
3, 16, 13, 5, 1729139539, 1753043203, 2, 8, 811679137, 1
3, 16, 13, 5, 1729139539, 1753043203, 2, 7, 767505130, 1
3, 16, 13, 5, 1729139539, 1753043203, 2, 6, 710976505, 1
3, 16, 13, 5, 1729139539, 1753043203, 2, 5, 643099325, 1
3, 16, 13, 5, 1729139539, 1753043203, 2, 4, 543074447, 1
3, 16, 13, 5, 1729139539, 1753043203, 2, 3, 389031858, 1
3, 16, 13, 5, 1729139539, 1753043203, 2, 2, 106884748, 1
3, 16, 13, 5, 1729139539, 1753043203, 2, 1, 171015597, 1
3, 16, 13, 5, 1729139539, 1753043203, 2, 0, 63937491, 0
3, 16, 13, 5, 1729139539, 1753043203, 1, 14, 930786718, 1
3, 16, 13, 5, 1729139539, 1753043203, 1, 13, 913850354, 1
3, 16, 13, 5, 1729139539, 1753043203, 1, 12, 897064622, 1
3, 16, 13, 5, 1729139539, 1753043203, 1, 11, 925160587, 1
3, 16, 13, 5, 1729139539, 1753043203, 1, 10, 901982492, 1
3, 16, 13, 5, 1729139539, 1753043203, 1, 9, 878773523, 1
3, 16, 13, 5, 1729139539, 1753043203, 1, 8, 847493166, 1
3, 16, 13, 5, 1729139539, 1753043203, 1, 7, 808727334, 1
3, 16, 13, 5, 1729139539, 1753043203, 1, 6, 752827842, 1
3, 16, 13, 5, 1729139539, 1753043203, 1, 5, 700764702, 1
3, 16, 13, 5, 1729139539, 1753043203, 1, 4, 601399392, 1
3, 16, 13, 5, 1729139539, 1753043203, 1, 3, 454860932, 1
3, 16, 13, 5, 1729139539, 1753043203, 1, 2, 171015597, 1
3, 16, 13, 5, 1729139539, 1753043203, 1, 1, 285025994, 1
3, 16, 13, 5, 1729139539, 1753043203, 1, 0, 127874982, 0
3, 16, 13, 5, 1729139539, 1753043203, 0, 14, 994782146, 1
3, 16, 13, 5, 1729139539, 1753043203, 0, 13, 980999942, 1
3, 16, 13, 5, 1729139539, 1753043203, 0, 12, 969454374, 1
3, 16, 13, 5, 1729139539, 1753043203, 0, 11, 956506859, 1
3, 16, 13, 5, 1729139539, 1753043203, 0, 10, 934411339, 1
3, 16, 13, 5, 1729139539, 1753043203, 0, 9, 915322196, 1
3, 16, 13, 5, 1729139539, 1753043203, 0, 8, 888621874, 1
3, 16, 13, 5, 1729139539, 1753043203, 0, 7, 851817396, 1
3, 16, 13, 5, 1729139539, 1753043203, 0, 6, 800372618, 1
3, 16, 13, 5, 1729139539, 1753043203, 0, 5, 760819569, 1
3, 16, 13, 5, 1729139539, 1753043203, 0, 4, 667636595, 1
3, 16, 13, 5, 1729139539, 1753043203, 0, 3, 530111340, 1
3, 16, 13, 5, 1729139539, 1753043203, 0, 2, 188532950, 1
3, 16, 13, 5, 1729139539, 1753043203, 0, 1, 377065900, 1
