1,1.0,99910133.0,2053700084.9928412
2,99910134.0,142027898.0,3006837396.161883
3,142027899.0,175996770.0,2698330081.058224
4,175996771.0,204172768.0,3292930968.4262114
5,204172769.0,276101688.0,2760514845.7382426
6,276101689.0,303714166.0,3082101168.0461254
7,303714167.0,419980845.0,2759344259.5163226
8,419980846.0,452570604.0,3527713965.0421157
9,452570605.0,520234079.0,3245762289.120022
10,520234080.0,561445248.0,3731960297.9577394
11,561445249.0,676471150.0,3802036152.612209
12,676471151.0,709822837.0,4049568288.997022
13,709822838.0,735428724.0,3760788825.8053527
14,735428725.0,775526286.0,3909490638.989655
15,775526287.0,852946146.0,3589116091.0248256
16,852946147.0,921874591.0,3848689016.133355
17,921874592.0,939674243.0,4058275494.117028
18,939674244.0,969052776.0,3783357583.7990127
19,969052777.0,1008814361.0,3587178976.6011086
20,1008814362.0,1101728657.0,3703120527.728194
21,1101728658.0,1142980927.0,4004212421.3766694
22,1142980928.0,1167182415.0,3816215141.664698
23,1167182416.0,1206535056.0,3970976314.024974
24,1206535057.0,1288613343.0,3638234073.0306044
25,1288613344.0,1317332275.0,3913943348.4607606
26,1317332276.0,1338863614.0,3759540896.8971553
27,1338863615.0,1380007356.0,3904243042.8093624
28,1380007357.0,1487080106.0,3647763835.87453
29,1487080107.0,1522196242.0,3681362068.245827
30,1522196243.0,1544850524.0,3832740330.409459
31,1544850525.0,1600494037.0,3605412145.956363
32,1600494038.0,1627328219.0,3833546593.908875
33,1627328220.0,1684615598.0,3876864029.8615026
34,1684615599.0,1737116007.0,3771781473.396437
35,1737116008.0,1785874727.0,3389327300.5969214
36,1785874728.0,1804731881.0,3677727283.9317446
37,1804731882.0,1880064472.0,3961388813.0863724
38,1880064473.0,1919077628.0,4149592544.710865
39,1919077629.0,1930032288.0,3867763178.2029443
40,1930032289.0,1966999030.0,3551083839.96776
41,1966999031.0,2196025834.0,3678455066.770814
