3, 1, 17, 7, 1, 86324623, 2, 12, 84465413, 0
3, 1, 17, 7, 1, 86324623, 2, 11, 80374606, 0
3, 1, 17, 7, 1, 86324623, 2, 10, 82284377, 0
3, 1, 17, 7, 1, 86324623, 2, 9, 79999270, 0
3, 1, 17, 7, 1, 86324623, 2, 8, 74449888, 0
3, 1, 17, 7, 1, 86324623, 2, 7, 61290615, 0
3, 1, 17, 7, 1, 86324623, 2, 6, 58432848, 0
3, 1, 17, 7, 1, 86324623, 2, 5, 53673764, 0
3, 1, 17, 7, 1, 86324623, 2, 4, 51613915, 0
3, 1, 17, 7, 1, 86324623, 2, 3, 53865914, 0
3, 1, 17, 7, 1, 86324623, 2, 2, 71445447, 0
3, 1, 17, 7, 1, 86324623, 2, 1, 77470870, 0
3, 1, 17, 7, 1, 86324623, 2, 0, 137348122, 0
3, 1, 17, 7, 1, 86324623, 1, 12, 89591508, 0
3, 1, 17, 7, 1, 86324623, 1, 11, 88416312, 0
3, 1, 17, 7, 1, 86324623, 1, 10, 93560969, 0
3, 1, 17, 7, 1, 86324623, 1, 9, 86929427, 0
3, 1, 17, 7, 1, 86324623, 1, 8, 83359905, 0
3, 1, 17, 7, 1, 86324623, 1, 7, 69809360, 0
3, 1, 17, 7, 1, 86324623, 1, 6, 80549262, 0
3, 1, 17, 7, 1, 86324623, 1, 5, 71903402, 0
3, 1, 17, 7, 1, 86324623, 1, 4, 66786471, 0
3, 1, 17, 7, 1, 86324623, 1, 3, 67286926, 0
3, 1, 17, 7, 1, 86324623, 1, 2, 90009402, 0
3, 1, 17, 7, 1, 86324623, 1, 1, 91565415, 0
3, 1, 17, 7, 1, 86324623, 1, 0, 274696244, 0
3, 1, 17, 7, 1, 86324623, 0, 12, 44192774, 1
3, 1, 17, 7, 1, 86324623, 0, 11, 48210299, 1
3, 1, 17, 7, 1, 86324623, 0, 10, 53031329, 1
3, 1, 17, 7, 1, 86324623, 0, 9, 46009158, 1
3, 1, 17, 7, 1, 86324623, 0, 8, 39438715, 1
3, 1, 17, 7, 1, 86324623, 0, 7, 45072817, 1
3, 1, 17, 7, 1, 86324623, 0, 6, 52584953, 1
3, 1, 17, 7, 1, 86324623, 0, 5, 13480996, 1
3, 1, 17, 7, 1, 86324623, 0, 4, 16851245, 1
3, 1, 17, 7, 1, 86324623, 0, 3, 22468326, 1
3, 1, 17, 7, 1, 86324623, 0, 2, 23221752, 1
3, 1, 17, 7, 1, 86324623, 0, 1, 1, 1
3, 2, 17, 7, 86324624, 100160871, 2, 12, 23557700, 0
3, 2, 17, 7, 86324624, 100160871, 2, 11, 23919178, 0
3, 2, 17, 7, 86324624, 100160871, 2, 10, 25949082, 0
3, 2, 17, 7, 86324624, 100160871, 2, 9, 27394798, 0
3, 2, 17, 7, 86324624, 100160871, 2, 8, 26736648, 0
3, 2, 17, 7, 86324624, 100160871, 2, 7, 20151640, 0
3, 2, 17, 7, 86324624, 100160871, 2, 6, 23174386, 0
3, 2, 17, 7, 86324624, 100160871, 2, 5, 27263984, 0
3, 2, 17, 7, 86324624, 100160871, 2, 4, 26612251, 0
3, 2, 17, 7, 86324624, 100160871, 2, 3, 31222223, 0
3, 2, 17, 7, 86324624, 100160871, 2, 2, 33551951, 1
3, 2, 17, 7, 86324624, 100160871, 2, 1, 52086682, 1
3, 2, 17, 7, 86324624, 100160871, 2, 0, 38466193, 0
3, 2, 17, 7, 86324624, 100160871, 1, 12, 28107830, 0
3, 2, 17, 7, 86324624, 100160871, 1, 11, 28029321, 0
3, 2, 17, 7, 86324624, 100160871, 1, 10, 30698780, 0
3, 2, 17, 7, 86324624, 100160871, 1, 9, 32039626, 0
3, 2, 17, 7, 86324624, 100160871, 1, 8, 30043772, 0
3, 2, 17, 7, 86324624, 100160871, 1, 7, 25733952, 0
3, 2, 17, 7, 86324624, 100160871, 1, 6, 29693021, 0
3, 2, 17, 7, 86324624, 100160871, 1, 5, 35091752, 0
3, 2, 17, 7, 86324624, 100160871, 1, 4, 37273584, 0
3, 2, 17, 7, 86324624, 100160871, 1, 3, 47923180, 0
3, 2, 17, 7, 86324624, 100160871, 1, 2, 52086682, 0
3, 2, 17, 7, 86324624, 100160871, 1, 1, 86811137, 1
3, 2, 17, 7, 86324624, 100160871, 1, 0, 76932385, 0
3, 2, 17, 7, 86324624, 100160871, 0, 12, 22027286, 1
3, 2, 17, 7, 86324624, 100160871, 0, 11, 18755096, 1
3, 2, 17, 7, 86324624, 100160871, 0, 10, 20630606, 1
3, 2, 17, 7, 86324624, 100160871, 0, 9, 22922895, 1
3, 2, 17, 7, 86324624, 100160871, 0, 8, 13537161, 1
3, 2, 17, 7, 86324624, 100160871, 0, 7, 13818445, 1
3, 2, 17, 7, 86324624, 100160871, 0, 6, 16121519, 1
3, 2, 17, 7, 86324624, 100160871, 0, 5, 19345822, 1
3, 2, 17, 7, 86324624, 100160871, 0, 4, 24182278, 1
3, 2, 17, 7, 86324624, 100160871, 0, 3, 32243037, 1
3, 2, 17, 7, 86324624, 100160871, 0, 2, 48364555, 1
3, 2, 17, 7, 86324624, 100160871, 0, 1, 96729109, 1
3, 3, 17, 7, 100160872, 162396634, 2, 12, 929014349, 1
3, 3, 17, 7, 100160872, 162396634, 2, 11, 908898572, 1
3, 3, 17, 7, 100160872, 162396634, 2, 10, 896608558, 1
3, 3, 17, 7, 100160872, 162396634, 2, 9, 892379223, 1
3, 3, 17, 7, 100160872, 162396634, 2, 8, 881838074, 1
3, 3, 17, 7, 100160872, 162396634, 2, 7, 868111458, 1
3, 3, 17, 7, 100160872, 162396634, 2, 6, 849423927, 1
3, 3, 17, 7, 100160872, 162396634, 2, 5, 845333042, 1
3, 3, 17, 7, 100160872, 162396634, 2, 4, 828150908, 1
3, 3, 17, 7, 100160872, 162396634, 2, 3, 803438478, 1
3, 3, 17, 7, 100160872, 162396634, 2, 2, 770787188, 1
3, 3, 17, 7, 100160872, 162396634, 2, 1, 606956580, 1
3, 3, 17, 7, 100160872, 162396634, 2, 0, 1, 0
3, 3, 17, 7, 100160872, 162396634, 1, 12, 919964808, 1
3, 3, 17, 7, 100160872, 162396634, 1, 11, 901329913, 1
3, 3, 17, 7, 100160872, 162396634, 1, 10, 894763761, 1
3, 3, 17, 7, 100160872, 162396634, 1, 9, 899118969, 1
3, 3, 17, 7, 100160872, 162396634, 1, 8, 894184738, 1
3, 3, 17, 7, 100160872, 162396634, 1, 7, 888176641, 1
3, 3, 17, 7, 100160872, 162396634, 1, 6, 875407066, 1
3, 3, 17, 7, 100160872, 162396634, 1, 5, 873223445, 1
3, 3, 17, 7, 100160872, 162396634, 1, 4, 852432416, 1
3, 3, 17, 7, 100160872, 162396634, 1, 3, 822655020, 1
3, 3, 17, 7, 100160872, 162396634, 1, 2, 786008448, 1
3, 3, 17, 7, 100160872, 162396634, 1, 1, 648788751, 1
3, 3, 17, 7, 100160872, 162396634, 1, 0, 1, 0
3, 3, 17, 7, 100160872, 162396634, 0, 12, 1037607157, 1
3, 3, 17, 7, 100160872, 162396634, 0, 11, 1031110831, 1
3, 3, 17, 7, 100160872, 162396634, 0, 10, 1048753529, 1
3, 3, 17, 7, 100160872, 162396634, 0, 9, 1054876607, 1
3, 3, 17, 7, 100160872, 162396634, 0, 8, 1052720308, 1
3, 3, 17, 7, 100160872, 162396634, 0, 7, 1050466343, 1
3, 3, 17, 7, 100160872, 162396634, 0, 6, 1036816586, 1
3, 3, 17, 7, 100160872, 162396634, 0, 5, 1057809682, 1
3, 3, 17, 7, 100160872, 162396634, 0, 4, 1049616277, 1
3, 3, 17, 7, 100160872, 162396634, 0, 3, 1042713785, 1
3, 3, 17, 7, 100160872, 162396634, 0, 2, 1018544178, 1
3, 3, 17, 7, 100160872, 162396634, 0, 1, 973183127, 1
3, 4, 17, 7, 162396635, 181339632, 2, 12, 9929205, 1
3, 4, 17, 7, 162396635, 181339632, 2, 11, 10780280, 1
3, 4, 17, 7, 162396635, 181339632, 2, 10, 11790931, 1
3, 4, 17, 7, 162396635, 181339632, 2, 9, 13010682, 1
3, 4, 17, 7, 162396635, 181339632, 2, 8, 12978363, 1
3, 4, 17, 7, 162396635, 181339632, 2, 7, 14671193, 1
3, 4, 17, 7, 162396635, 181339632, 2, 6, 13788956, 1
3, 4, 17, 7, 162396635, 181339632, 2, 5, 16222301, 1
3, 4, 17, 7, 162396635, 181339632, 2, 4, 19698508, 1
3, 4, 17, 7, 162396635, 181339632, 2, 3, 25070829, 1
3, 4, 17, 7, 162396635, 181339632, 2, 2, 26047886, 1
3, 4, 17, 7, 162396635, 181339632, 2, 1, 41676617, 1
3, 4, 17, 7, 162396635, 181339632, 2, 0, 1, 0
3, 4, 17, 7, 162396635, 181339632, 1, 12, 12012643, 1
3, 4, 17, 7, 162396635, 181339632, 1, 11, 13057221, 1
3, 4, 17, 7, 162396635, 181339632, 1, 10, 14300766, 1
3, 4, 17, 7, 162396635, 181339632, 1, 9, 15806109, 1
3, 4, 17, 7, 162396635, 181339632, 1, 8, 17665652, 1
3, 4, 17, 7, 162396635, 181339632, 1, 7, 20021072, 1
3, 4, 17, 7, 162396635, 181339632, 1, 6, 18358289, 1
3, 4, 17, 7, 162396635, 181339632, 1, 5, 21696160, 1
3, 4, 17, 7, 162396635, 181339632, 1, 4, 26517529, 1
3, 4, 17, 7, 162396635, 181339632, 1, 3, 34093966, 1
3, 4, 17, 7, 162396635, 181339632, 1, 2, 34252346, 1
3, 4, 17, 7, 162396635, 181339632, 1, 1, 57087243, 1
3, 4, 17, 7, 162396635, 181339632, 1, 0, 1, 0
3, 4, 17, 7, 162396635, 181339632, 0, 12, 5616336, 1
3, 4, 17, 7, 162396635, 181339632, 0, 11, 6126912, 1
3, 4, 17, 7, 162396635, 181339632, 0, 10, 6739603, 1
3, 4, 17, 7, 162396635, 181339632, 0, 9, 7488448, 1
3, 4, 17, 7, 162396635, 181339632, 0, 8, 8424504, 1
3, 4, 17, 7, 162396635, 181339632, 0, 7, 9628005, 1
3, 4, 17, 7, 162396635, 181339632, 0, 6, 11232672, 1
3, 4, 17, 7, 162396635, 181339632, 0, 5, 13479206, 1
3, 4, 17, 7, 162396635, 181339632, 0, 4, 16849008, 1
3, 4, 17, 7, 162396635, 181339632, 0, 3, 22465344, 1
3, 4, 17, 7, 162396635, 181339632, 0, 2, 1, 1
3, 4, 17, 7, 162396635, 181339632, 0, 1, 1, 1
3, 5, 17, 7, 181339633, 244437007, 2, 12, 1313873494, 1
3, 5, 17, 7, 181339633, 244437007, 2, 11, 1270795554, 1
3, 5, 17, 7, 181339633, 244437007, 2, 10, 1235647875, 1
3, 5, 17, 7, 181339633, 244437007, 2, 9, 1174654660, 1
3, 5, 17, 7, 181339633, 244437007, 2, 8, 1134542122, 1
3, 5, 17, 7, 181339633, 244437007, 2, 7, 1123841187, 1
3, 5, 17, 7, 181339633, 244437007, 2, 6, 1065379022, 1
3, 5, 17, 7, 181339633, 244437007, 2, 5, 1052645239, 1
3, 5, 17, 7, 181339633, 244437007, 2, 4, 1060837222, 1
3, 5, 17, 7, 181339633, 244437007, 2, 3, 1034772456, 1
3, 5, 17, 7, 181339633, 244437007, 2, 2, 981847687, 1
3, 5, 17, 7, 181339633, 244437007, 2, 1, 733754703, 1
3, 5, 17, 7, 181339633, 244437007, 2, 0, 1, 0
3, 5, 17, 7, 181339633, 244437007, 1, 12, 1330097002, 1
3, 5, 17, 7, 181339633, 244437007, 1, 11, 1289288899, 1
3, 5, 17, 7, 181339633, 244437007, 1, 10, 1263079818, 1
3, 5, 17, 7, 181339633, 244437007, 1, 9, 1205713829, 1
3, 5, 17, 7, 181339633, 244437007, 1, 8, 1192579269, 1
3, 5, 17, 7, 181339633, 244437007, 1, 7, 1173978621, 1
3, 5, 17, 7, 181339633, 244437007, 1, 6, 1142825415, 1
3, 5, 17, 7, 181339633, 244437007, 1, 5, 1115174598, 1
3, 5, 17, 7, 181339633, 244437007, 1, 4, 1107654235, 1
3, 5, 17, 7, 181339633, 244437007, 1, 3, 1046066511, 1
3, 5, 17, 7, 181339633, 244437007, 1, 2, 907993111, 1
3, 5, 17, 7, 181339633, 244437007, 1, 1, 670455181, 1
3, 5, 17, 7, 181339633, 244437007, 1, 0, 1, 0
3, 5, 17, 7, 181339633, 244437007, 0, 12, 1675319107, 1
3, 5, 17, 7, 181339633, 244437007, 0, 11, 1658692984, 1
3, 5, 17, 7, 181339633, 244437007, 0, 10, 1690291736, 1
3, 5, 17, 7, 181339633, 244437007, 0, 9, 1684481933, 1
3, 5, 17, 7, 181339633, 244437007, 0, 8, 1673616165, 1
3, 5, 17, 7, 181339633, 244437007, 0, 7, 1655438309, 1
3, 5, 17, 7, 181339633, 244437007, 0, 6, 1616404393, 1
3, 5, 17, 7, 181339633, 244437007, 0, 5, 1586283620, 1
3, 5, 17, 7, 181339633, 244437007, 0, 4, 1594650283, 1
3, 5, 17, 7, 181339633, 244437007, 0, 3, 1518326714, 1
3, 5, 17, 7, 181339633, 244437007, 0, 2, 1297640835, 1
3, 5, 17, 7, 181339633, 244437007, 0, 1, 1005682771, 1
3, 6, 17, 7, 244437008, 319435818, 2, 12, 1292679105, 1
3, 6, 17, 7, 244437008, 319435818, 2, 11, 1252029146, 1
3, 6, 17, 7, 244437008, 319435818, 2, 10, 1217353028, 1
3, 6, 17, 7, 244437008, 319435818, 2, 9, 1151623781, 1
3, 6, 17, 7, 244437008, 319435818, 2, 8, 1105755048, 1
3, 6, 17, 7, 244437008, 319435818, 2, 7, 1095222234, 1
3, 6, 17, 7, 244437008, 319435818, 2, 6, 1032293698, 1
3, 6, 17, 7, 244437008, 319435818, 2, 5, 1001058095, 1
3, 6, 17, 7, 244437008, 319435818, 2, 4, 1002781142, 1
3, 6, 17, 7, 244437008, 319435818, 2, 3, 973772208, 1
3, 6, 17, 7, 244437008, 319435818, 2, 2, 905996889, 1
3, 6, 17, 7, 244437008, 319435818, 2, 1, 677689994, 1
3, 6, 17, 7, 244437008, 319435818, 2, 0, 1, 0
3, 6, 17, 7, 244437008, 319435818, 1, 12, 1317900755, 1
3, 6, 17, 7, 244437008, 319435818, 1, 11, 1280747602, 1
3, 6, 17, 7, 244437008, 319435818, 1, 10, 1251942281, 1
3, 6, 17, 7, 244437008, 319435818, 1, 9, 1183381432, 1
3, 6, 17, 7, 244437008, 319435818, 1, 8, 1163208538, 1
3, 6, 17, 7, 244437008, 319435818, 1, 7, 1135692666, 1
3, 6, 17, 7, 244437008, 319435818, 1, 6, 1090010994, 1
3, 6, 17, 7, 244437008, 319435818, 1, 5, 1040084632, 1
3, 6, 17, 7, 244437008, 319435818, 1, 4, 1010918579, 1
3, 6, 17, 7, 244437008, 319435818, 1, 3, 952785700, 1
3, 6, 17, 7, 244437008, 319435818, 1, 2, 820931021, 1
3, 6, 17, 7, 244437008, 319435818, 1, 1, 597903439, 1
3, 6, 17, 7, 244437008, 319435818, 1, 0, 1, 0
3, 6, 17, 7, 244437008, 319435818, 0, 12, 1613936634, 1
3, 6, 17, 7, 244437008, 319435818, 0, 11, 1592635874, 1
3, 6, 17, 7, 244437008, 319435818, 0, 10, 1628511677, 1
3, 6, 17, 7, 244437008, 319435818, 0, 9, 1598950789, 1
3, 6, 17, 7, 244437008, 319435818, 0, 8, 1590997080, 1
3, 6, 17, 7, 244437008, 319435818, 0, 7, 1576563299, 1
3, 6, 17, 7, 244437008, 319435818, 0, 6, 1536302937, 1
3, 6, 17, 7, 244437008, 319435818, 0, 5, 1477456007, 1
3, 6, 17, 7, 244437008, 319435818, 0, 4, 1485822670, 1
3, 6, 17, 7, 244437008, 319435818, 0, 3, 1409499101, 1
3, 6, 17, 7, 244437008, 319435818, 0, 2, 1188813222, 1
3, 6, 17, 7, 244437008, 319435818, 0, 1, 896855158, 1
3, 7, 17, 7, 319435819, 335420419, 2, 12, 205101652, 1
3, 7, 17, 7, 319435819, 335420419, 2, 11, 200389057, 1
3, 7, 17, 7, 319435819, 335420419, 2, 10, 196234340, 1
3, 7, 17, 7, 319435819, 335420419, 2, 9, 193876583, 1
3, 7, 17, 7, 319435819, 335420419, 2, 8, 191504235, 1
3, 7, 17, 7, 319435819, 335420419, 2, 7, 195879124, 1
3, 7, 17, 7, 319435819, 335420419, 2, 6, 184148624, 1
3, 7, 17, 7, 319435819, 335420419, 2, 5, 187900108, 1
3, 7, 17, 7, 319435819, 335420419, 2, 4, 172328887, 1
3, 7, 17, 7, 319435819, 335420419, 2, 3, 183634064, 1
3, 7, 17, 7, 319435819, 335420419, 2, 2, 199325400, 1
3, 7, 17, 7, 319435819, 335420419, 2, 1, 227620583, 1
3, 7, 17, 7, 319435819, 335420419, 2, 0, 167160941, 0
3, 7, 17, 7, 319435819, 335420419, 1, 12, 228910707, 1
3, 7, 17, 7, 319435819, 335420419, 1, 11, 227156813, 1
3, 7, 17, 7, 319435819, 335420419, 1, 10, 222554912, 1
3, 7, 17, 7, 319435819, 335420419, 1, 9, 225223470, 1
3, 7, 17, 7, 319435819, 335420419, 1, 8, 226485984, 1
3, 7, 17, 7, 319435819, 335420419, 1, 7, 225091431, 1
3, 7, 17, 7, 319435819, 335420419, 1, 6, 214685958, 1
3, 7, 17, 7, 319435819, 335420419, 1, 5, 209295164, 1
3, 7, 17, 7, 319435819, 335420419, 1, 4, 197395846, 1
3, 7, 17, 7, 319435819, 335420419, 1, 3, 229978885, 1
3, 7, 17, 7, 319435819, 335420419, 1, 2, 236896139, 1
3, 7, 17, 7, 319435819, 335420419, 1, 1, 242660135, 1
3, 7, 17, 7, 319435819, 335420419, 1, 0, 192527401, 0
3, 7, 17, 7, 319435819, 335420419, 0, 12, 228868933, 1
3, 7, 17, 7, 319435819, 335420419, 0, 11, 223427257, 1
3, 7, 17, 7, 319435819, 335420419, 0, 10, 221980946, 1
3, 7, 17, 7, 319435819, 335420419, 0, 9, 219868495, 1
3, 7, 17, 7, 319435819, 335420419, 0, 8, 216649837, 1
3, 7, 17, 7, 319435819, 335420419, 0, 7, 222478728, 1
3, 7, 17, 7, 319435819, 335420419, 0, 6, 210563732, 1
3, 7, 17, 7, 319435819, 335420419, 0, 5, 206150149, 1
3, 7, 17, 7, 319435819, 335420419, 0, 4, 206638531, 1
3, 7, 17, 7, 319435819, 335420419, 0, 3, 219947901, 1
3, 7, 17, 7, 319435819, 335420419, 0, 2, 236909344, 1
3, 7, 17, 7, 319435819, 335420419, 0, 1, 258306935, 1
3, 8, 17, 7, 335420420, 462155011, 2, 12, 1321896959, 1
3, 8, 17, 7, 335420420, 462155011, 2, 11, 1273723319, 1
3, 8, 17, 7, 335420420, 462155011, 2, 10, 1220543099, 1
3, 8, 17, 7, 335420420, 462155011, 2, 9, 1156701932, 1
3, 8, 17, 7, 335420420, 462155011, 2, 8, 1113550650, 1
3, 8, 17, 7, 335420420, 462155011, 2, 7, 1094004392, 1
3, 8, 17, 7, 335420420, 462155011, 2, 6, 1033402200, 1
3, 8, 17, 7, 335420420, 462155011, 2, 5, 1008774641, 1
3, 8, 17, 7, 335420420, 462155011, 2, 4, 977411755, 1
3, 8, 17, 7, 335420420, 462155011, 2, 3, 933175375, 1
3, 8, 17, 7, 335420420, 462155011, 2, 2, 855761708, 1
3, 8, 17, 7, 335420420, 462155011, 2, 1, 655669899, 1
3, 8, 17, 7, 335420420, 462155011, 2, 0, 1, 0
3, 8, 17, 7, 335420420, 462155011, 1, 12, 1360299056, 1
3, 8, 17, 7, 335420420, 462155011, 1, 11, 1315728756, 1
3, 8, 17, 7, 335420420, 462155011, 1, 10, 1262858675, 1
3, 8, 17, 7, 335420420, 462155011, 1, 9, 1196446376, 1
3, 8, 17, 7, 335420420, 462155011, 1, 8, 1178430224, 1
3, 8, 17, 7, 335420420, 462155011, 1, 7, 1152526525, 1
3, 8, 17, 7, 335420420, 462155011, 1, 6, 1128755247, 1
3, 8, 17, 7, 335420420, 462155011, 1, 5, 1084521425, 1
3, 8, 17, 7, 335420420, 462155011, 1, 4, 1026569323, 1
3, 8, 17, 7, 335420420, 462155011, 1, 3, 942154431, 1
3, 8, 17, 7, 335420420, 462155011, 1, 2, 790207624, 1
3, 8, 17, 7, 335420420, 462155011, 1, 1, 610273907, 1
3, 8, 17, 7, 335420420, 462155011, 1, 0, 1, 0
3, 8, 17, 7, 335420420, 462155011, 0, 12, 1719600139, 1
3, 8, 17, 7, 335420420, 462155011, 0, 11, 1707934592, 1
3, 8, 17, 7, 335420420, 462155011, 0, 10, 1696402127, 1
3, 8, 17, 7, 335420420, 462155011, 0, 9, 1674740086, 1
3, 8, 17, 7, 335420420, 462155011, 0, 8, 1649108301, 1
3, 8, 17, 7, 335420420, 462155011, 0, 7, 1609546205, 1
3, 8, 17, 7, 335420420, 462155011, 0, 6, 1578686123, 1
3, 8, 17, 7, 335420420, 462155011, 0, 5, 1500565354, 1
3, 8, 17, 7, 335420420, 462155011, 0, 4, 1396751891, 1
3, 8, 17, 7, 335420420, 462155011, 0, 3, 1239252410, 1
3, 8, 17, 7, 335420420, 462155011, 0, 2, 924253448, 1
3, 8, 17, 7, 335420420, 462155011, 0, 1, 915410860, 1
3, 9, 17, 7, 462155012, 486361091, 2, 12, 239121464, 1
3, 9, 17, 7, 462155012, 486361091, 2, 11, 239590880, 1
3, 9, 17, 7, 462155012, 486361091, 2, 10, 227773653, 1
3, 9, 17, 7, 462155012, 486361091, 2, 9, 214322685, 1
3, 9, 17, 7, 462155012, 486361091, 2, 8, 221365359, 1
3, 9, 17, 7, 462155012, 486361091, 2, 7, 232425549, 1
3, 9, 17, 7, 462155012, 486361091, 2, 6, 226188901, 1
3, 9, 17, 7, 462155012, 486361091, 2, 5, 219199112, 1
3, 9, 17, 7, 462155012, 486361091, 2, 4, 241668109, 1
3, 9, 17, 7, 462155012, 486361091, 2, 3, 231222506, 1
3, 9, 17, 7, 462155012, 486361091, 2, 2, 226140596, 1
3, 9, 17, 7, 462155012, 486361091, 2, 1, 180846977, 1
3, 9, 17, 7, 462155012, 486361091, 2, 0, 107469261, 0
3, 9, 17, 7, 462155012, 486361091, 1, 12, 227659767, 1
3, 9, 17, 7, 462155012, 486361091, 1, 11, 234844624, 1
3, 9, 17, 7, 462155012, 486361091, 1, 10, 224394231, 1
3, 9, 17, 7, 462155012, 486361091, 1, 9, 208039761, 1
3, 9, 17, 7, 462155012, 486361091, 1, 8, 214625633, 1
3, 9, 17, 7, 462155012, 486361091, 1, 7, 215928271, 1
3, 9, 17, 7, 462155012, 486361091, 1, 6, 216367004, 1
3, 9, 17, 7, 462155012, 486361091, 1, 5, 216574645, 1
3, 9, 17, 7, 462155012, 486361091, 1, 4, 226587746, 1
3, 9, 17, 7, 462155012, 486361091, 1, 3, 228134214, 1
3, 9, 17, 7, 462155012, 486361091, 1, 2, 245819607, 1
3, 9, 17, 7, 462155012, 486361091, 1, 1, 202123041, 1
3, 9, 17, 7, 462155012, 486361091, 1, 0, 214938521, 0
3, 9, 17, 7, 462155012, 486361091, 0, 12, 366622514, 1
3, 9, 17, 7, 462155012, 486361091, 0, 11, 380287490, 1
3, 9, 17, 7, 462155012, 486361091, 0, 10, 385289455, 1
3, 9, 17, 7, 462155012, 486361091, 0, 9, 385921526, 1
3, 9, 17, 7, 462155012, 486361091, 0, 8, 396146757, 1
3, 9, 17, 7, 462155012, 486361091, 0, 7, 394208907, 1
3, 9, 17, 7, 462155012, 486361091, 0, 6, 388884889, 1
3, 9, 17, 7, 462155012, 486361091, 0, 5, 380571876, 1
3, 9, 17, 7, 462155012, 486361091, 0, 4, 389956999, 1
3, 9, 17, 7, 462155012, 486361091, 0, 3, 372492596, 1
3, 9, 17, 7, 462155012, 486361091, 0, 2, 374818162, 1
3, 9, 17, 7, 462155012, 486361091, 0, 1, 391430602, 1
3, 10, 17, 7, 486361092, 791111941, 2, 12, 1393371054, 0
3, 10, 17, 7, 486361092, 791111941, 2, 11, 1394691508, 0
3, 10, 17, 7, 486361092, 791111941, 2, 10, 1374550430, 0
3, 10, 17, 7, 486361092, 791111941, 2, 9, 1352023054, 0
3, 10, 17, 7, 486361092, 791111941, 2, 8, 1302738297, 0
3, 10, 17, 7, 486361092, 791111941, 2, 7, 1323375329, 0
3, 10, 17, 7, 486361092, 791111941, 2, 6, 1310877646, 0
3, 10, 17, 7, 486361092, 791111941, 2, 5, 1355226944, 0
3, 10, 17, 7, 486361092, 791111941, 2, 4, 1287720218, 0
3, 10, 17, 7, 486361092, 791111941, 2, 3, 1288877024, 0
3, 10, 17, 7, 486361092, 791111941, 2, 2, 1315863263, 0
3, 10, 17, 7, 486361092, 791111941, 2, 1, 1359961770, 0
3, 10, 17, 7, 486361092, 791111941, 2, 0, 1692957989, 0
3, 10, 17, 7, 486361092, 791111941, 1, 12, 1239770404, 0
3, 10, 17, 7, 486361092, 791111941, 1, 11, 1253187158, 0
3, 10, 17, 7, 486361092, 791111941, 1, 10, 1215400772, 0
3, 10, 17, 7, 486361092, 791111941, 1, 9, 1172377455, 0
3, 10, 17, 7, 486361092, 791111941, 1, 8, 1110531302, 0
3, 10, 17, 7, 486361092, 791111941, 1, 7, 1104911413, 0
3, 10, 17, 7, 486361092, 791111941, 1, 6, 1097562328, 0
3, 10, 17, 7, 486361092, 791111941, 1, 5, 1091725312, 0
3, 10, 17, 7, 486361092, 791111941, 1, 4, 1005661214, 0
3, 10, 17, 7, 486361092, 791111941, 1, 3, 1034883894, 0
3, 10, 17, 7, 486361092, 791111941, 1, 2, 1116485286, 0
3, 10, 17, 7, 486361092, 791111941, 1, 1, 1094833131, 0
3, 10, 17, 7, 486361092, 791111941, 1, 0, 1388957770, 0
3, 10, 17, 7, 486361092, 791111941, 0, 12, 1153965885, 1
3, 10, 17, 7, 486361092, 791111941, 0, 11, 1137056530, 1
3, 10, 17, 7, 486361092, 791111941, 0, 10, 1116765306, 1
3, 10, 17, 7, 486361092, 791111941, 0, 9, 1091964920, 1
3, 10, 17, 7, 486361092, 791111941, 0, 8, 1060964437, 1
3, 10, 17, 7, 486361092, 791111941, 0, 7, 1021106674, 1
3, 10, 17, 7, 486361092, 791111941, 0, 6, 967962990, 1
3, 10, 17, 7, 486361092, 791111941, 0, 5, 893561832, 1
3, 10, 17, 7, 486361092, 791111941, 0, 4, 875921068, 1
3, 10, 17, 7, 486361092, 791111941, 0, 3, 872094550, 1
3, 10, 17, 7, 486361092, 791111941, 0, 2, 936942934, 1
3, 10, 17, 7, 486361092, 791111941, 0, 1, 1005129041, 1
3, 11, 17, 7, 791111942, 845110568, 2, 12, 955040112, 1
3, 11, 17, 7, 791111942, 845110568, 2, 11, 969373384, 1
3, 11, 17, 7, 791111942, 845110568, 2, 10, 986394144, 1
3, 11, 17, 7, 791111942, 845110568, 2, 9, 1006936440, 1
3, 11, 17, 7, 791111942, 845110568, 2, 8, 1019874624, 1
3, 11, 17, 7, 791111942, 845110568, 2, 7, 1026527759, 1
3, 11, 17, 7, 791111942, 845110568, 2, 6, 1025950497, 1
3, 11, 17, 7, 791111942, 845110568, 2, 5, 1019028018, 1
3, 11, 17, 7, 791111942, 845110568, 2, 4, 937126868, 1
3, 11, 17, 7, 791111942, 845110568, 2, 3, 915377543, 1
3, 11, 17, 7, 791111942, 845110568, 2, 2, 811562873, 1
3, 11, 17, 7, 791111942, 845110568, 2, 1, 614348911, 1
3, 11, 17, 7, 791111942, 845110568, 2, 0, 20151914, 0
3, 11, 17, 7, 791111942, 845110568, 1, 12, 978318395, 1
3, 11, 17, 7, 791111942, 845110568, 1, 11, 991192832, 1
3, 11, 17, 7, 791111942, 845110568, 1, 10, 1006519544, 1
3, 11, 17, 7, 791111942, 845110568, 1, 9, 1025072931, 1
3, 11, 17, 7, 791111942, 845110568, 1, 8, 1029111780, 1
3, 11, 17, 7, 791111942, 845110568, 1, 7, 1019415306, 1
3, 11, 17, 7, 791111942, 845110568, 1, 6, 992540937, 1
3, 11, 17, 7, 791111942, 845110568, 1, 5, 967396234, 1
3, 11, 17, 7, 791111942, 845110568, 1, 4, 926186919, 1
3, 11, 17, 7, 791111942, 845110568, 1, 3, 941305584, 1
3, 11, 17, 7, 791111942, 845110568, 1, 2, 773441489, 1
3, 11, 17, 7, 791111942, 845110568, 1, 1, 583006944, 1
3, 11, 17, 7, 791111942, 845110568, 1, 0, 20151914, 0
3, 11, 17, 7, 791111942, 845110568, 0, 12, 932153321, 1
3, 11, 17, 7, 791111942, 845110568, 0, 11, 929840567, 1
3, 11, 17, 7, 791111942, 845110568, 0, 10, 927065262, 1
3, 11, 17, 7, 791111942, 845110568, 0, 9, 923673222, 1
3, 11, 17, 7, 791111942, 845110568, 0, 8, 913932837, 1
3, 11, 17, 7, 791111942, 845110568, 0, 7, 907695583, 1
3, 11, 17, 7, 791111942, 845110568, 0, 6, 868624789, 1
3, 11, 17, 7, 791111942, 845110568, 0, 5, 850831023, 1
3, 11, 17, 7, 791111942, 845110568, 0, 4, 813139703, 1
3, 11, 17, 7, 791111942, 845110568, 0, 3, 831888023, 1
3, 11, 17, 7, 791111942, 845110568, 0, 2, 840024632, 1
3, 11, 17, 7, 791111942, 845110568, 0, 1, 864434459, 1
3, 12, 17, 7, 845110569, 1008823770, 2, 12, 1100391484, 1
3, 12, 17, 7, 845110569, 1008823770, 2, 11, 1125603714, 1
3, 12, 17, 7, 845110569, 1008823770, 2, 10, 1160835184, 1
3, 12, 17, 7, 845110569, 1008823770, 2, 9, 1207666770, 1
3, 12, 17, 7, 845110569, 1008823770, 2, 8, 1201454235, 1
3, 12, 17, 7, 845110569, 1008823770, 2, 7, 1212858755, 1
3, 12, 17, 7, 845110569, 1008823770, 2, 6, 1209372181, 1
3, 12, 17, 7, 845110569, 1008823770, 2, 5, 1170289549, 1
3, 12, 17, 7, 845110569, 1008823770, 2, 4, 1141733772, 1
3, 12, 17, 7, 845110569, 1008823770, 2, 3, 997864515, 1
3, 12, 17, 7, 845110569, 1008823770, 2, 2, 937456464, 1
3, 12, 17, 7, 845110569, 1008823770, 2, 1, 799050771, 1
3, 12, 17, 7, 845110569, 1008823770, 2, 0, 1, 0
3, 12, 17, 7, 845110569, 1008823770, 1, 12, 1127240074, 1
3, 12, 17, 7, 845110569, 1008823770, 1, 11, 1153594618, 1
3, 12, 17, 7, 845110569, 1008823770, 1, 10, 1186024499, 1
3, 12, 17, 7, 845110569, 1008823770, 1, 9, 1231861435, 1
3, 12, 17, 7, 845110569, 1008823770, 1, 8, 1269603492, 1
3, 12, 17, 7, 845110569, 1008823770, 1, 7, 1267441426, 1
3, 12, 17, 7, 845110569, 1008823770, 1, 6, 1250460742, 1
3, 12, 17, 7, 845110569, 1008823770, 1, 5, 1234408243, 1
3, 12, 17, 7, 845110569, 1008823770, 1, 4, 1270243544, 1
3, 12, 17, 7, 845110569, 1008823770, 1, 3, 1092688570, 1
3, 12, 17, 7, 845110569, 1008823770, 1, 2, 989398327, 1
3, 12, 17, 7, 845110569, 1008823770, 1, 1, 924123601, 1
3, 12, 17, 7, 845110569, 1008823770, 1, 0, 1, 0
3, 12, 17, 7, 845110569, 1008823770, 0, 12, 1052035226, 1
3, 12, 17, 7, 845110569, 1008823770, 0, 11, 1067865260, 1
3, 12, 17, 7, 845110569, 1008823770, 0, 10, 1086861300, 1
3, 12, 17, 7, 845110569, 1008823770, 0, 9, 1110078683, 1
3, 12, 17, 7, 845110569, 1008823770, 0, 8, 1133600075, 1
3, 12, 17, 7, 845110569, 1008823770, 0, 7, 1170127963, 1
3, 12, 17, 7, 845110569, 1008823770, 0, 6, 1211498033, 1
3, 12, 17, 7, 845110569, 1008823770, 0, 5, 1278216668, 1
3, 12, 17, 7, 845110569, 1008823770, 0, 4, 1367293948, 1
3, 12, 17, 7, 845110569, 1008823770, 0, 3, 1221896998, 1
3, 12, 17, 7, 845110569, 1008823770, 0, 2, 1410423592, 1
3, 12, 17, 7, 845110569, 1008823770, 0, 1, 1976003373, 1
3, 13, 17, 7, 1008823771, 1063593534, 2, 12, 1109430643, 1
3, 13, 17, 7, 1008823771, 1063593534, 2, 11, 1126780741, 1
3, 13, 17, 7, 1008823771, 1063593534, 2, 10, 1152675930, 1
3, 13, 17, 7, 1008823771, 1063593534, 2, 9, 1188239591, 1
3, 13, 17, 7, 1008823771, 1063593534, 2, 8, 1214004898, 1
3, 13, 17, 7, 1008823771, 1063593534, 2, 7, 1213903327, 1
3, 13, 17, 7, 1008823771, 1063593534, 2, 6, 1204571596, 1
3, 13, 17, 7, 1008823771, 1063593534, 2, 5, 1146859915, 1
3, 13, 17, 7, 1008823771, 1063593534, 2, 4, 1047144786, 1
3, 13, 17, 7, 1008823771, 1063593534, 2, 3, 966342966, 1
3, 13, 17, 7, 1008823771, 1063593534, 2, 2, 878887483, 1
3, 13, 17, 7, 1008823771, 1063593534, 2, 1, 640072870, 1
3, 13, 17, 7, 1008823771, 1063593534, 2, 0, 41227181, 0
3, 13, 17, 7, 1008823771, 1063593534, 1, 12, 1145933885, 1
3, 13, 17, 7, 1008823771, 1063593534, 1, 11, 1165151888, 1
3, 13, 17, 7, 1008823771, 1063593534, 1, 10, 1189085888, 1
3, 13, 17, 7, 1008823771, 1063593534, 1, 9, 1224638337, 1
3, 13, 17, 7, 1008823771, 1063593534, 1, 8, 1249676025, 1
3, 13, 17, 7, 1008823771, 1063593534, 1, 7, 1231421760, 1
3, 13, 17, 7, 1008823771, 1063593534, 1, 6, 1193397431, 1
3, 13, 17, 7, 1008823771, 1063593534, 1, 5, 1148649053, 1
3, 13, 17, 7, 1008823771, 1063593534, 1, 4, 1073740312, 1
3, 13, 17, 7, 1008823771, 1063593534, 1, 3, 994080528, 1
3, 13, 17, 7, 1008823771, 1063593534, 1, 2, 847136911, 1
3, 13, 17, 7, 1008823771, 1063593534, 1, 1, 611830030, 1
3, 13, 17, 7, 1008823771, 1063593534, 1, 0, 41227181, 0
3, 13, 17, 7, 1008823771, 1063593534, 0, 12, 975632225, 1
3, 13, 17, 7, 1008823771, 1063593534, 0, 11, 975356165, 1
3, 13, 17, 7, 1008823771, 1063593534, 0, 10, 975024893, 1
3, 13, 17, 7, 1008823771, 1063593534, 0, 9, 974620005, 1
3, 13, 17, 7, 1008823771, 1063593534, 0, 8, 968613559, 1
3, 13, 17, 7, 1008823771, 1063593534, 0, 7, 967177085, 1
3, 13, 17, 7, 1008823771, 1063593534, 0, 6, 957928003, 1
3, 13, 17, 7, 1008823771, 1063593534, 0, 5, 953779827, 1
3, 13, 17, 7, 1008823771, 1063593534, 0, 4, 936556891, 1
3, 13, 17, 7, 1008823771, 1063593534, 0, 3, 929449043, 1
3, 13, 17, 7, 1008823771, 1063593534, 0, 2, 921369646, 1
3, 13, 17, 7, 1008823771, 1063593534, 0, 1, 897131455, 1
3, 14, 17, 7, 1063593535, 1677449333, 2, 12, 1260578368, 1
3, 14, 17, 7, 1063593535, 1677449333, 2, 11, 1265921751, 1
3, 14, 17, 7, 1063593535, 1677449333, 2, 10, 1277718529, 1
3, 14, 17, 7, 1063593535, 1677449333, 2, 9, 1293616451, 1
3, 14, 17, 7, 1063593535, 1677449333, 2, 8, 1282785436, 1
3, 14, 17, 7, 1063593535, 1677449333, 2, 7, 1304602676, 1
3, 14, 17, 7, 1063593535, 1677449333, 2, 6, 1263077855, 1
3, 14, 17, 7, 1063593535, 1677449333, 2, 5, 1225471731, 1
3, 14, 17, 7, 1063593535, 1677449333, 2, 4, 1144724143, 1
3, 14, 17, 7, 1063593535, 1677449333, 2, 3, 1049120876, 1
3, 14, 17, 7, 1063593535, 1677449333, 2, 2, 931811297, 1
3, 14, 17, 7, 1063593535, 1677449333, 2, 1, 584444468, 1
3, 14, 17, 7, 1063593535, 1677449333, 2, 0, 1, 0
3, 14, 17, 7, 1063593535, 1677449333, 1, 12, 1359992882, 1
3, 14, 17, 7, 1063593535, 1677449333, 1, 11, 1361962684, 1
3, 14, 17, 7, 1063593535, 1677449333, 1, 10, 1372614750, 1
3, 14, 17, 7, 1063593535, 1677449333, 1, 9, 1388043699, 1
3, 14, 17, 7, 1063593535, 1677449333, 1, 8, 1360612407, 1
3, 14, 17, 7, 1063593535, 1677449333, 1, 7, 1374253917, 1
3, 14, 17, 7, 1063593535, 1677449333, 1, 6, 1291503130, 1
3, 14, 17, 7, 1063593535, 1677449333, 1, 5, 1294954664, 1
3, 14, 17, 7, 1063593535, 1677449333, 1, 4, 1251278607, 1
3, 14, 17, 7, 1063593535, 1677449333, 1, 3, 1151375311, 1
3, 14, 17, 7, 1063593535, 1677449333, 1, 2, 961670871, 1
3, 14, 17, 7, 1063593535, 1677449333, 1, 1, 628526011, 1
3, 14, 17, 7, 1063593535, 1677449333, 1, 0, 1, 0
3, 14, 17, 7, 1063593535, 1677449333, 0, 12, 1475144775, 1
3, 14, 17, 7, 1063593535, 1677449333, 0, 11, 1469972201, 1
3, 14, 17, 7, 1063593535, 1677449333, 0, 10, 1447725595, 1
3, 14, 17, 7, 1063593535, 1677449333, 0, 9, 1438356984, 1
3, 14, 17, 7, 1063593535, 1677449333, 0, 8, 1426646221, 1
3, 14, 17, 7, 1063593535, 1677449333, 0, 7, 1411589526, 1
3, 14, 17, 7, 1063593535, 1677449333, 0, 6, 1333277415, 1
3, 14, 17, 7, 1063593535, 1677449333, 0, 5, 1293524280, 1
3, 14, 17, 7, 1063593535, 1677449333, 0, 4, 1335892660, 1
3, 14, 17, 7, 1063593535, 1677449333, 0, 3, 1282560617, 1
3, 14, 17, 7, 1063593535, 1677449333, 0, 2, 1175896531, 1
3, 14, 17, 7, 1063593535, 1677449333, 0, 1, 855904274, 1
3, 15, 17, 7, 1677449334, 1734959792, 2, 12, 1057085441, 1
3, 15, 17, 7, 1677449334, 1734959792, 2, 11, 1063839776, 1
3, 15, 17, 7, 1677449334, 1734959792, 2, 10, 1050455971, 1
3, 15, 17, 7, 1677449334, 1734959792, 2, 9, 1036408933, 1
3, 15, 17, 7, 1677449334, 1734959792, 2, 8, 1029209002, 1
3, 15, 17, 7, 1677449334, 1734959792, 2, 7, 1032427189, 1
3, 15, 17, 7, 1677449334, 1734959792, 2, 6, 1004100620, 1
3, 15, 17, 7, 1677449334, 1734959792, 2, 5, 973576724, 1
3, 15, 17, 7, 1677449334, 1734959792, 2, 4, 931239039, 1
3, 15, 17, 7, 1677449334, 1734959792, 2, 3, 863163771, 1
3, 15, 17, 7, 1677449334, 1734959792, 2, 2, 802459104, 1
3, 15, 17, 7, 1677449334, 1734959792, 2, 1, 606018119, 1
3, 15, 17, 7, 1677449334, 1734959792, 2, 0, 1, 0
3, 15, 17, 7, 1677449334, 1734959792, 1, 12, 1103846675, 1
3, 15, 17, 7, 1677449334, 1734959792, 1, 11, 1096366490, 1
3, 15, 17, 7, 1677449334, 1734959792, 1, 10, 1086689016, 1
3, 15, 17, 7, 1677449334, 1734959792, 1, 9, 1073777598, 1
3, 15, 17, 7, 1677449334, 1734959792, 1, 8, 1061482431, 1
3, 15, 17, 7, 1677449334, 1734959792, 1, 7, 1078287021, 1
3, 15, 17, 7, 1677449334, 1734959792, 1, 6, 1054985895, 1
3, 15, 17, 7, 1677449334, 1734959792, 1, 5, 1034646306, 1
3, 15, 17, 7, 1677449334, 1734959792, 1, 4, 1006842331, 1
3, 15, 17, 7, 1677449334, 1734959792, 1, 3, 951818862, 1
3, 15, 17, 7, 1677449334, 1734959792, 1, 2, 846108497, 1
3, 15, 17, 7, 1677449334, 1734959792, 1, 1, 663167019, 1
3, 15, 17, 7, 1677449334, 1734959792, 1, 0, 1, 0
3, 15, 17, 7, 1677449334, 1734959792, 0, 12, 1198250866, 1
3, 15, 17, 7, 1677449334, 1734959792, 0, 11, 1199800468, 1
3, 15, 17, 7, 1677449334, 1734959792, 0, 10, 1194734034, 1
3, 15, 17, 7, 1677449334, 1734959792, 0, 9, 1192691770, 1
3, 15, 17, 7, 1677449334, 1734959792, 0, 8, 1191149843, 1
3, 15, 17, 7, 1677449334, 1734959792, 0, 7, 1181903644, 1
3, 15, 17, 7, 1677449334, 1734959792, 0, 6, 1167725560, 1
3, 15, 17, 7, 1677449334, 1734959792, 0, 5, 1165484785, 1
3, 15, 17, 7, 1677449334, 1734959792, 0, 4, 1174579103, 1
3, 15, 17, 7, 1677449334, 1734959792, 0, 3, 1189333038, 1
3, 15, 17, 7, 1677449334, 1734959792, 0, 2, 1169321828, 1
3, 15, 17, 7, 1677449334, 1734959792, 0, 1, 1208326360, 1
3, 16, 17, 7, 1734959793, 1753043203, 2, 12, 158045716, 1
3, 16, 17, 7, 1734959793, 1753043203, 2, 11, 160059719, 1
3, 16, 17, 7, 1734959793, 1753043203, 2, 10, 154575780, 1
3, 16, 17, 7, 1734959793, 1753043203, 2, 9, 150063063, 1
3, 16, 17, 7, 1734959793, 1753043203, 2, 8, 152744091, 1
3, 16, 17, 7, 1734959793, 1753043203, 2, 7, 154297870, 1
3, 16, 17, 7, 1734959793, 1753043203, 2, 6, 142458698, 1
3, 16, 17, 7, 1734959793, 1753043203, 2, 5, 134241279, 1
3, 16, 17, 7, 1734959793, 1753043203, 2, 4, 123769988, 1
3, 16, 17, 7, 1734959793, 1753043203, 2, 3, 104942786, 1
3, 16, 17, 7, 1734959793, 1753043203, 2, 2, 87283960, 1
3, 16, 17, 7, 1734959793, 1753043203, 2, 1, 54565063, 1
3, 16, 17, 7, 1734959793, 1753043203, 2, 0, 1, 0
3, 16, 17, 7, 1734959793, 1753043203, 1, 12, 178518920, 1
3, 16, 17, 7, 1734959793, 1753043203, 1, 11, 176492433, 1
3, 16, 17, 7, 1734959793, 1753043203, 1, 10, 173307458, 1
3, 16, 17, 7, 1734959793, 1753043203, 1, 9, 168255381, 1
3, 16, 17, 7, 1734959793, 1753043203, 1, 8, 165668811, 1
3, 16, 17, 7, 1734959793, 1753043203, 1, 7, 169902789, 1
3, 16, 17, 7, 1734959793, 1753043203, 1, 6, 158857210, 1
3, 16, 17, 7, 1734959793, 1753043203, 1, 5, 155229731, 1
3, 16, 17, 7, 1734959793, 1753043203, 1, 4, 151565472, 1
3, 16, 17, 7, 1734959793, 1753043203, 1, 3, 134475840, 1
3, 16, 17, 7, 1734959793, 1753043203, 1, 2, 97046383, 1
3, 16, 17, 7, 1734959793, 1753043203, 1, 1, 73427023, 1
3, 16, 17, 7, 1734959793, 1753043203, 1, 0, 1, 0
3, 16, 17, 7, 1734959793, 1753043203, 0, 12, 210205575, 1
3, 16, 17, 7, 1734959793, 1753043203, 0, 11, 211755177, 1
3, 16, 17, 7, 1734959793, 1753043203, 0, 10, 206688743, 1
3, 16, 17, 7, 1734959793, 1753043203, 0, 9, 204646479, 1
3, 16, 17, 7, 1734959793, 1753043203, 0, 8, 203104552, 1
3, 16, 17, 7, 1734959793, 1753043203, 0, 7, 193858353, 1
3, 16, 17, 7, 1734959793, 1753043203, 0, 6, 179680269, 1
3, 16, 17, 7, 1734959793, 1753043203, 0, 5, 177439494, 1
3, 16, 17, 7, 1734959793, 1753043203, 0, 4, 186533812, 1
3, 16, 17, 7, 1734959793, 1753043203, 0, 3, 201287747, 1
3, 16, 17, 7, 1734959793, 1753043203, 0, 2, 181276537, 1
3, 16, 17, 7, 1734959793, 1753043203, 0, 1, 220281069, 1
