1, 1, 18, 17, 1, 65390239, 1, 2, 50421690, 1
1, 1, 18, 17, 1, 65390239, 1, 1, 32597546, 0
1, 1, 18, 17, 1, 65390239, 1, 0, 33950735, 0
1, 1, 18, 17, 1, 65390239, 0, 2, 63822047, 1
1, 1, 18, 17, 1, 65390239, 0, 1, 1, 1
1, 2, 18, 17, 65390240, 100199346, 1, 2, 22745413, 1
1, 2, 18, 17, 65390240, 100199346, 1, 1, 4875320, 1
1, 2, 18, 17, 65390240, 100199346, 1, 0, 1, 0
1, 2, 18, 17, 65390240, 100199346, 0, 2, 56863531, 1
1, 2, 18, 17, 65390240, 100199346, 0, 1, 14625959, 1
1, 3, 18, 17, 100199347, 124396447, 1, 2, 8763882, 1
1, 3, 18, 17, 100199347, 124396447, 1, 1, 1, 1
1, 3, 18, 17, 100199347, 124396447, 1, 0, 1, 0
1, 3, 18, 17, 100199347, 124396447, 0, 2, 1, 1
1, 3, 18, 17, 100199347, 124396447, 0, 1, 1, 1
1, 4, 18, 17, 124396448, 158040133, 1, 2, 1, 1
1, 4, 18, 17, 124396448, 158040133, 1, 1, 1, 1
1, 4, 18, 17, 124396448, 158040133, 1, 0, 1, 0
1, 4, 18, 17, 124396448, 158040133, 0, 2, 1, 1
1, 4, 18, 17, 124396448, 158040133, 0, 1, 1, 1
1, 5, 18, 17, 158040134, 182470718, 1, 2, 1, 1
1, 5, 18, 17, 158040134, 182470718, 1, 1, 1, 1
1, 5, 18, 17, 158040134, 182470718, 1, 0, 1, 0
1, 5, 18, 17, 158040134, 182470718, 0, 2, 1, 1
1, 5, 18, 17, 158040134, 182470718, 0, 1, 1, 1
1, 6, 18, 17, 182470719, 230521962, 1, 2, 1, 1
1, 6, 18, 17, 182470719, 230521962, 1, 1, 1, 1
1, 6, 18, 17, 182470719, 230521962, 1, 0, 1, 0
1, 6, 18, 17, 182470719, 230521962, 0, 2, 1, 1
1, 6, 18, 17, 182470719, 230521962, 0, 1, 1, 1
1, 7, 18, 17, 230521963, 336138259, 1, 2, 4932370, 0
1, 7, 18, 17, 230521963, 336138259, 1, 1, 8220616, 0
1, 7, 18, 17, 230521963, 336138259, 1, 0, 24661847, 0
1, 7, 18, 17, 230521963, 336138259, 0, 2, 1, 1
1, 7, 18, 17, 230521963, 336138259, 0, 1, 1, 1
1, 8, 18, 17, 336138260, 365275638, 1, 2, 1, 1
1, 8, 18, 17, 336138260, 365275638, 1, 1, 1, 1
1, 8, 18, 17, 336138260, 365275638, 1, 0, 1, 0
1, 8, 18, 17, 336138260, 365275638, 0, 2, 1, 1
1, 8, 18, 17, 336138260, 365275638, 0, 1, 1, 1
1, 9, 18, 17, 365275639, 446697849, 1, 2, 1, 1
1, 9, 18, 17, 365275639, 446697849, 1, 1, 1, 1
1, 9, 18, 17, 365275639, 446697849, 1, 0, 1, 0
1, 9, 18, 17, 365275639, 446697849, 0, 2, 1, 1
1, 9, 18, 17, 365275639, 446697849, 0, 1, 1, 1
1, 10, 18, 17, 446697850, 550865143, 1, 2, 7156093, 0
1, 10, 18, 17, 446697850, 550865143, 1, 1, 9495779, 0
1, 10, 18, 17, 446697850, 550865143, 1, 0, 28487336, 0
1, 10, 18, 17, 446697850, 550865143, 0, 2, 1823282, 1
1, 10, 18, 17, 446697850, 550865143, 0, 1, 1, 1
1, 11, 18, 17, 550865144, 638269448, 1, 2, 1, 1
1, 11, 18, 17, 550865144, 638269448, 1, 1, 1, 1
1, 11, 18, 17, 550865144, 638269448, 1, 0, 1, 0
1, 11, 18, 17, 550865144, 638269448, 0, 2, 1, 1
1, 11, 18, 17, 550865144, 638269448, 0, 1, 1, 1
1, 12, 18, 17, 638269449, 697822751, 1, 2, 1, 1
1, 12, 18, 17, 638269449, 697822751, 1, 1, 1, 1
1, 12, 18, 17, 638269449, 697822751, 1, 0, 1, 0
1, 12, 18, 17, 638269449, 697822751, 0, 2, 1, 1
1, 12, 18, 17, 638269449, 697822751, 0, 1, 1, 1
1, 13, 18, 17, 697822752, 713185258, 1, 2, 2790366, 1
1, 13, 18, 17, 697822752, 713185258, 1, 1, 1, 1
1, 13, 18, 17, 697822752, 713185258, 1, 0, 1, 0
1, 13, 18, 17, 697822752, 713185258, 0, 2, 1, 1
1, 13, 18, 17, 697822752, 713185258, 0, 1, 1, 1
1, 14, 18, 17, 713185259, 805109371, 1, 2, 1, 1
1, 14, 18, 17, 713185259, 805109371, 1, 1, 1, 1
1, 14, 18, 17, 713185259, 805109371, 1, 0, 1, 0
1, 14, 18, 17, 713185259, 805109371, 0, 2, 1, 1
1, 14, 18, 17, 713185259, 805109371, 0, 1, 1, 1
1, 15, 18, 17, 805109372, 892596270, 1, 2, 1, 1
1, 15, 18, 17, 805109372, 892596270, 1, 1, 1, 1
1, 15, 18, 17, 805109372, 892596270, 1, 0, 1, 0
1, 15, 18, 17, 805109372, 892596270, 0, 2, 1, 1
1, 15, 18, 17, 805109372, 892596270, 0, 1, 1, 1
1, 16, 18, 17, 892596271, 1045425905, 1, 2, 12599156, 1
1, 16, 18, 17, 892596271, 1045425905, 1, 1, 16591623, 1
1, 16, 18, 17, 892596271, 1045425905, 1, 0, 1, 0
1, 16, 18, 17, 892596271, 1045425905, 0, 2, 24887435, 1
1, 16, 18, 17, 892596271, 1045425905, 0, 1, 49774869, 1
1, 17, 18, 17, 1045425906, 1137862104, 1, 2, 10473904, 1
1, 17, 18, 17, 1045425906, 1137862104, 1, 1, 17456506, 1
1, 17, 18, 17, 1045425906, 1137862104, 1, 0, 1, 0
1, 17, 18, 17, 1045425906, 1137862104, 0, 2, 26184759, 1
1, 17, 18, 17, 1045425906, 1137862104, 0, 1, 52369517, 1
1, 18, 18, 17, 1137862105, 1216524561, 1, 2, 9405790, 1
1, 18, 18, 17, 1137862105, 1216524561, 1, 1, 15676317, 1
1, 18, 18, 17, 1137862105, 1216524561, 1, 0, 1, 0
1, 18, 18, 17, 1137862105, 1216524561, 0, 2, 23514475, 1
1, 18, 18, 17, 1137862105, 1216524561, 0, 1, 47028949, 1
1, 19, 18, 17, 1216524562, 1274601302, 1, 2, 6149324, 1
1, 19, 18, 17, 1216524562, 1274601302, 1, 1, 7938911, 1
1, 19, 18, 17, 1216524562, 1274601302, 1, 0, 1, 0
1, 19, 18, 17, 1216524562, 1274601302, 0, 2, 15373309, 1
1, 19, 18, 17, 1216524562, 1274601302, 0, 1, 23816732, 1
1, 20, 18, 17, 1274601303, 1288618366, 1, 2, 87846494, 0
1, 20, 18, 17, 1274601303, 1288618366, 1, 1, 74461487, 0
1, 20, 18, 17, 1274601303, 1288618366, 1, 0, 161663245, 0
1, 20, 18, 17, 1274601303, 1288618366, 0, 2, 21873905, 1
1, 20, 18, 17, 1274601303, 1288618366, 0, 1, 1, 1
1, 21, 18, 17, 1288618367, 1374780357, 1, 2, 1, 1
1, 21, 18, 17, 1288618367, 1374780357, 1, 1, 1, 1
1, 21, 18, 17, 1288618367, 1374780357, 1, 0, 1, 0
1, 21, 18, 17, 1288618367, 1374780357, 0, 2, 1, 1
1, 21, 18, 17, 1288618367, 1374780357, 0, 1, 1, 1
1, 22, 18, 17, 1374780358, 1435554590, 1, 2, 1, 1
1, 22, 18, 17, 1374780358, 1435554590, 1, 1, 1, 1
1, 22, 18, 17, 1374780358, 1435554590, 1, 0, 1, 0
1, 22, 18, 17, 1374780358, 1435554590, 0, 2, 1, 1
1, 22, 18, 17, 1374780358, 1435554590, 0, 1, 1, 1
1, 23, 18, 17, 1435554591, 1523954403, 1, 2, 1, 1
1, 23, 18, 17, 1435554591, 1523954403, 1, 1, 1, 1
1, 23, 18, 17, 1435554591, 1523954403, 1, 0, 1, 0
1, 23, 18, 17, 1435554591, 1523954403, 0, 2, 1, 1
1, 23, 18, 17, 1435554591, 1523954403, 0, 1, 1, 1
1, 24, 18, 17, 1523954404, 1609696960, 1, 2, 5092689, 1
1, 24, 18, 17, 1523954404, 1609696960, 1, 1, 8487814, 1
1, 24, 18, 17, 1523954404, 1609696960, 1, 0, 1, 0
1, 24, 18, 17, 1523954404, 1609696960, 0, 2, 1, 1
1, 24, 18, 17, 1523954404, 1609696960, 0, 1, 1, 1
1, 25, 18, 17, 1609696961, 1685171850, 1, 2, 1, 1
1, 25, 18, 17, 1609696961, 1685171850, 1, 1, 1, 1
1, 25, 18, 17, 1609696961, 1685171850, 1, 0, 1, 0
1, 25, 18, 17, 1609696961, 1685171850, 0, 2, 1, 1
1, 25, 18, 17, 1609696961, 1685171850, 0, 1, 1, 1
1, 26, 18, 17, 1685171851, 1779330428, 1, 2, 1, 1
1, 26, 18, 17, 1685171851, 1779330428, 1, 1, 1, 1
1, 26, 18, 17, 1685171851, 1779330428, 1, 0, 1, 0
1, 26, 18, 17, 1685171851, 1779330428, 0, 2, 1, 1
1, 26, 18, 17, 1685171851, 1779330428, 0, 1, 1, 1
1, 27, 18, 17, 1779330429, 1861736857, 1, 2, 1, 1
1, 27, 18, 17, 1779330429, 1861736857, 1, 1, 1, 1
1, 27, 18, 17, 1779330429, 1861736857, 1, 0, 1, 0
1, 27, 18, 17, 1779330429, 1861736857, 0, 2, 1, 1
1, 27, 18, 17, 1779330429, 1861736857, 0, 1, 1, 1
1, 28, 18, 17, 1861736858, 1942167510, 1, 2, 1, 1
1, 28, 18, 17, 1861736858, 1942167510, 1, 1, 1, 1
1, 28, 18, 17, 1861736858, 1942167510, 1, 0, 1, 0
1, 28, 18, 17, 1861736858, 1942167510, 0, 2, 1, 1
1, 28, 18, 17, 1861736858, 1942167510, 0, 1, 1, 1
1, 29, 18, 17, 1942167511, 2023263073, 1, 2, 26245155, 0
1, 29, 18, 17, 1942167511, 2023263073, 1, 1, 31755261, 0
1, 29, 18, 17, 1942167511, 2023263073, 1, 0, 50427034, 0
1, 29, 18, 17, 1942167511, 2023263073, 0, 2, 31409372, 1
1, 29, 18, 17, 1942167511, 2023263073, 0, 1, 44838750, 1
1, 30, 18, 17, 2023263074, 2075491782, 1, 2, 499700531, 0
1, 30, 18, 17, 2023263074, 2075491782, 1, 1, 458192990, 0
1, 30, 18, 17, 2023263074, 2075491782, 1, 0, 610820821, 0
1, 30, 18, 17, 2023263074, 2075491782, 0, 2, 550963810, 1
1, 30, 18, 17, 2023263074, 2075491782, 0, 1, 550369451, 1
1, 31, 18, 17, 2075491783, 2089449890, 1, 2, 1, 1
1, 31, 18, 17, 2075491783, 2089449890, 1, 1, 1, 1
1, 31, 18, 17, 2075491783, 2089449890, 1, 0, 1, 0
1, 31, 18, 17, 2075491783, 2089449890, 0, 2, 1, 1
1, 31, 18, 17, 2075491783, 2089449890, 0, 1, 1, 1
1, 32, 18, 17, 2089449891, 2122898238, 1, 2, 377289139, 0
1, 32, 18, 17, 2089449891, 2122898238, 1, 1, 325992441, 0
1, 32, 18, 17, 2089449891, 2122898238, 1, 0, 441937688, 0
1, 32, 18, 17, 2089449891, 2122898238, 0, 2, 437104553, 1
1, 32, 18, 17, 2089449891, 2122898238, 0, 1, 419974920, 1
1, 33, 18, 17, 2122898239, 2143183185, 1, 2, 1, 1
1, 33, 18, 17, 2122898239, 2143183185, 1, 1, 1, 1
1, 33, 18, 17, 2122898239, 2143183185, 1, 0, 1, 0
1, 33, 18, 17, 2122898239, 2143183185, 0, 2, 1, 1
1, 33, 18, 17, 2122898239, 2143183185, 0, 1, 1, 1
1, 34, 18, 17, 2143183186, 2253808014, 1, 2, 456509552, 0
1, 34, 18, 17, 2143183186, 2253808014, 1, 1, 450125496, 0
1, 34, 18, 17, 2143183186, 2253808014, 1, 0, 460190536, 0
1, 34, 18, 17, 2143183186, 2253808014, 0, 2, 452156701, 1
1, 34, 18, 17, 2143183186, 2253808014, 0, 1, 438227768, 1
1, 35, 18, 17, 2253808015, 2286702845, 1, 2, 503965339, 0
1, 35, 18, 17, 2253808015, 2286702845, 1, 1, 509000639, 0
1, 35, 18, 17, 2253808015, 2286702845, 1, 0, 511555870, 0
1, 35, 18, 17, 2253808015, 2286702845, 0, 2, 502814560, 1
1, 35, 18, 17, 2253808015, 2286702845, 0, 1, 503890177, 1
1, 36, 18, 17, 2286702846, 2316125705, 1, 2, 124943410, 0
1, 36, 18, 17, 2286702846, 2316125705, 1, 1, 208239016, 0
1, 36, 18, 17, 2286702846, 2316125705, 1, 0, 348470939, 0
1, 36, 18, 17, 2286702846, 2316125705, 0, 2, 1, 1
1, 36, 18, 17, 2286702846, 2316125705, 0, 1, 1, 1
1, 37, 18, 17, 2316125706, 2354251030, 1, 2, 522306322, 0
1, 37, 18, 17, 2316125706, 2354251030, 1, 1, 525297437, 1
1, 37, 18, 17, 2316125706, 2354251030, 1, 0, 525297437, 0
1, 37, 18, 17, 2316125706, 2354251030, 0, 2, 524221820, 1
1, 37, 18, 17, 2316125706, 2354251030, 0, 1, 525297437, 1
1, 38, 18, 17, 2354251031, 2418856488, 1, 2, 178478673, 0
1, 38, 18, 17, 2354251031, 2418856488, 1, 1, 261896675, 0
1, 38, 18, 17, 2354251031, 2418856488, 1, 0, 420479302, 0
1, 38, 18, 17, 2354251031, 2418856488, 0, 2, 59753842, 1
1, 38, 18, 17, 2354251031, 2418856488, 0, 1, 66156013, 1
1, 39, 18, 17, 2418856489, 2446955211, 1, 2, 1, 1
1, 39, 18, 17, 2418856489, 2446955211, 1, 1, 1, 1
1, 39, 18, 17, 2418856489, 2446955211, 1, 0, 1, 0
1, 39, 18, 17, 2418856489, 2446955211, 0, 2, 1, 1
1, 39, 18, 17, 2418856489, 2446955211, 0, 1, 1, 1
1, 40, 18, 17, 2446955212, 2497599592, 1, 2, 118273111, 0
1, 40, 18, 17, 2446955212, 2497599592, 1, 1, 197121851, 0
1, 40, 18, 17, 2446955212, 2497599592, 1, 0, 346260327, 0
1, 40, 18, 17, 2446955212, 2497599592, 0, 2, 4291914, 1
1, 40, 18, 17, 2446955212, 2497599592, 0, 1, 8583828, 1
1, 41, 18, 17, 2497599593, 2574727552, 1, 2, 6286942, 0
1, 41, 18, 17, 2497599593, 2574727552, 1, 1, 10478237, 0
1, 41, 18, 17, 2497599593, 2574727552, 1, 0, 31434710, 0
1, 41, 18, 17, 2497599593, 2574727552, 0, 2, 1, 1
1, 41, 18, 17, 2497599593, 2574727552, 0, 1, 1, 1
1, 42, 18, 17, 2574727553, 2766061070, 1, 2, 1, 1
1, 42, 18, 17, 2574727553, 2766061070, 1, 1, 1, 1
1, 42, 18, 17, 2574727553, 2766061070, 1, 0, 1, 0
1, 42, 18, 17, 2574727553, 2766061070, 0, 2, 1, 1
1, 42, 18, 17, 2574727553, 2766061070, 0, 1, 1, 1
1, 43, 18, 17, 2766061071, 2811868959, 1, 2, 1, 1
1, 43, 18, 17, 2766061071, 2811868959, 1, 1, 1, 1
1, 43, 18, 17, 2766061071, 2811868959, 1, 0, 1, 0
1, 43, 18, 17, 2766061071, 2811868959, 0, 2, 1, 1
1, 43, 18, 17, 2766061071, 2811868959, 0, 1, 1, 1
1, 44, 18, 17, 2811868960, 2843840810, 1, 2, 6055670, 1
1, 44, 18, 17, 2811868960, 2843840810, 1, 1, 10092783, 1
1, 44, 18, 17, 2811868960, 2843840810, 1, 0, 1, 0
1, 44, 18, 17, 2811868960, 2843840810, 0, 2, 1, 1
1, 44, 18, 17, 2811868960, 2843840810, 0, 1, 1, 1
1, 45, 18, 17, 2843840811, 2968244686, 1, 2, 1574694, 1
1, 45, 18, 17, 2843840811, 2968244686, 1, 1, 1, 1
1, 45, 18, 17, 2843840811, 2968244686, 1, 0, 1, 0
1, 45, 18, 17, 2843840811, 2968244686, 0, 2, 1, 1
1, 45, 18, 17, 2843840811, 2968244686, 0, 1, 1, 1
1, 46, 18, 17, 2968244687, 2992451339, 1, 2, 317829, 1
1, 46, 18, 17, 2968244687, 2992451339, 1, 1, 529715, 1
1, 46, 18, 17, 2968244687, 2992451339, 1, 0, 1, 0
1, 46, 18, 17, 2968244687, 2992451339, 0, 2, 794572, 1
1, 46, 18, 17, 2968244687, 2992451339, 0, 1, 1589144, 1
1, 47, 18, 17, 2992451340, 3045012199, 1, 2, 1, 1
1, 47, 18, 17, 2992451340, 3045012199, 1, 1, 1, 1
1, 47, 18, 17, 2992451340, 3045012199, 1, 0, 1, 0
1, 47, 18, 17, 2992451340, 3045012199, 0, 2, 1, 1
1, 47, 18, 17, 2992451340, 3045012199, 0, 1, 1, 1
1, 48, 18, 17, 3045012200, 3065913435, 1, 2, 13618546, 1
1, 48, 18, 17, 3045012200, 3065913435, 1, 1, 1, 1
1, 48, 18, 17, 3045012200, 3065913435, 1, 0, 1, 0
1, 48, 18, 17, 3045012200, 3065913435, 0, 2, 1, 1
1, 48, 18, 17, 3045012200, 3065913435, 0, 1, 1, 1
1, 49, 18, 17, 3065913436, 3282844666, 1, 2, 3600049, 1
1, 49, 18, 17, 3065913436, 3282844666, 1, 1, 1, 1
1, 49, 18, 17, 3065913436, 3282844666, 1, 0, 1, 0
1, 49, 18, 17, 3065913436, 3282844666, 0, 2, 9000121, 1
1, 49, 18, 17, 3065913436, 3282844666, 0, 1, 1, 1
1, 50, 18, 17, 3282844667, 3572841645, 1, 2, 56936409, 1
1, 50, 18, 17, 3282844667, 3572841645, 1, 1, 1, 1
1, 50, 18, 17, 3282844667, 3572841645, 1, 0, 1, 0
1, 50, 18, 17, 3282844667, 3572841645, 0, 2, 1, 1
1, 50, 18, 17, 3282844667, 3572841645, 0, 1, 1, 1
1, 51, 18, 17, 3572841646, 3799423922, 1, 2, 3989735, 1
1, 51, 18, 17, 3572841646, 3799423922, 1, 1, 6649559, 1
1, 51, 18, 17, 3572841646, 3799423922, 1, 0, 1, 0
1, 51, 18, 17, 3572841646, 3799423922, 0, 2, 1, 1
1, 51, 18, 17, 3572841646, 3799423922, 0, 1, 1, 1
1, 52, 18, 17, 3799423923, 3813580277, 1, 2, 59337675, 1
1, 52, 18, 17, 3799423923, 3813580277, 1, 1, 31850351, 1
1, 52, 18, 17, 3799423923, 3813580277, 1, 0, 1, 0
1, 52, 18, 17, 3799423923, 3813580277, 0, 2, 18042811, 1
1, 52, 18, 17, 3799423923, 3813580277, 0, 1, 36085621, 1
1, 53, 18, 17, 3813580278, 3830046785, 1, 2, 81204687, 1
1, 53, 18, 17, 3813580278, 3830046785, 1, 1, 59789680, 0
1, 53, 18, 17, 3813580278, 3830046785, 1, 0, 114036, 0
1, 53, 18, 17, 3813580278, 3830046785, 0, 2, 16643108, 1
1, 53, 18, 17, 3813580278, 3830046785, 0, 1, 1, 1
1, 54, 18, 17, 3830046786, 3848526348, 1, 2, 181597000, 1
1, 54, 18, 17, 3830046786, 3848526348, 1, 1, 155278001, 1
1, 54, 18, 17, 3830046786, 3848526348, 1, 0, 70221688, 0
1, 54, 18, 17, 3830046786, 3848526348, 0, 2, 201923775, 1
1, 54, 18, 17, 3830046786, 3848526348, 0, 1, 210842051, 1
1, 55, 18, 17, 3848526349, 3859020440, 1, 2, 101945525, 0
1, 55, 18, 17, 3848526349, 3859020440, 1, 1, 123833938, 0
1, 55, 18, 17, 3848526349, 3859020440, 1, 0, 168645072, 0
1, 55, 18, 17, 3848526349, 3859020440, 0, 2, 49166241, 1
1, 55, 18, 17, 3848526349, 3859020440, 0, 1, 87372636, 1
1, 56, 18, 17, 3859020441, 3866744006, 1, 2, 417145048, 1
1, 56, 18, 17, 3859020441, 3866744006, 1, 1, 423443393, 1
1, 56, 18, 17, 3859020441, 3866744006, 1, 0, 320495038, 0
1, 56, 18, 17, 3859020441, 3866744006, 0, 2, 578175376, 1
1, 56, 18, 17, 3859020441, 3866744006, 0, 1, 672873628, 1
1, 57, 18, 17, 3866744007, 3867542120, 1, 2, 252075158, 1
1, 57, 18, 17, 3866744007, 3867542120, 1, 1, 232376614, 1
1, 57, 18, 17, 3866744007, 3867542120, 1, 0, 136387742, 0
1, 57, 18, 17, 3866744007, 3867542120, 0, 2, 330933458, 1
1, 57, 18, 17, 3866744007, 3867542120, 0, 1, 371941965, 1
1, 58, 18, 17, 3867542121, 3868907008, 1, 2, 18322730, 1
1, 58, 18, 17, 3867542121, 3868907008, 1, 1, 13309034, 1
1, 58, 18, 17, 3867542121, 3868907008, 1, 0, 864235, 0
1, 58, 18, 17, 3867542121, 3868907008, 0, 2, 29445825, 1
1, 58, 18, 17, 3867542121, 3868907008, 0, 1, 27903382, 1
1, 59, 18, 17, 3868907009, 3871140840, 1, 2, 15554871, 1
1, 59, 18, 17, 3868907009, 3871140840, 1, 1, 9907587, 1
1, 59, 18, 17, 3868907009, 3871140840, 1, 0, 2800003, 0
1, 59, 18, 17, 3868907009, 3871140840, 0, 2, 17839642, 1
1, 59, 18, 17, 3868907009, 3871140840, 0, 1, 13218593, 1
1, 60, 18, 17, 3871140841, 3876015987, 1, 2, 22081344, 1
1, 60, 18, 17, 3871140841, 3876015987, 1, 1, 10253471, 1
1, 60, 18, 17, 3871140841, 3876015987, 1, 0, 3166806, 0
1, 60, 18, 17, 3871140841, 3876015987, 0, 2, 35746997, 1
1, 60, 18, 17, 3871140841, 3876015987, 0, 1, 13762789, 1
1, 61, 18, 17, 3876015988, 3884630029, 1, 2, 55777782, 1
1, 61, 18, 17, 3876015988, 3884630029, 1, 1, 92962970, 1
1, 61, 18, 17, 3876015988, 3884630029, 1, 0, 1, 0
1, 61, 18, 17, 3876015988, 3884630029, 0, 2, 93167932, 1
1, 61, 18, 17, 3876015988, 3884630029, 0, 1, 186335864, 1
1, 62, 18, 17, 3884630030, 3888596930, 1, 2, 16037431, 1
1, 62, 18, 17, 3884630030, 3888596930, 1, 1, 1, 1
1, 62, 18, 17, 3884630030, 3888596930, 1, 0, 1, 0
1, 62, 18, 17, 3884630030, 3888596930, 0, 2, 1, 1
1, 62, 18, 17, 3884630030, 3888596930, 0, 1, 1, 1
1, 63, 18, 17, 3888596931, 3889452426, 1, 2, 105285595, 1
1, 63, 18, 17, 3888596931, 3889452426, 1, 1, 60423346, 0
1, 63, 18, 17, 3888596931, 3889452426, 1, 0, 102358834, 0
1, 63, 18, 17, 3888596931, 3889452426, 0, 2, 172578968, 1
1, 63, 18, 17, 3888596931, 3889452426, 0, 1, 1, 1
1, 64, 18, 17, 3889452427, 3893500244, 1, 2, 27639453, 0
1, 64, 18, 17, 3889452427, 3893500244, 1, 1, 28985050, 0
1, 64, 18, 17, 3889452427, 3893500244, 1, 0, 61659573, 0
1, 64, 18, 17, 3889452427, 3893500244, 0, 2, 18279613, 1
1, 64, 18, 17, 3889452427, 3893500244, 0, 1, 11423947, 1
1, 65, 18, 17, 3893500245, 3899347268, 1, 2, 102233235, 1
1, 65, 18, 17, 3893500245, 3899347268, 1, 1, 9408853, 1
1, 65, 18, 17, 3893500245, 3899347268, 1, 0, 1, 0
1, 65, 18, 17, 3893500245, 3899347268, 0, 2, 163613450, 1
1, 65, 18, 17, 3893500245, 3899347268, 0, 1, 28226557, 1
1, 66, 18, 17, 3899347269, 3900565298, 1, 2, 42223585, 0
1, 66, 18, 17, 3899347269, 3900565298, 1, 1, 37358026, 0
1, 66, 18, 17, 3899347269, 3900565298, 1, 0, 76784891, 0
1, 66, 18, 17, 3899347269, 3900565298, 0, 2, 53778811, 1
1, 66, 18, 17, 3899347269, 3900565298, 0, 1, 8513776, 1
1, 67, 18, 17, 3900565299, 3907558334, 1, 2, 121528898, 1
1, 67, 18, 17, 3900565299, 3907558334, 1, 1, 73157598, 1
1, 67, 18, 17, 3900565299, 3907558334, 1, 0, 4338773, 0
1, 67, 18, 17, 3900565299, 3907558334, 0, 2, 159365564, 1
1, 67, 18, 17, 3900565299, 3907558334, 0, 1, 115092168, 1
1, 68, 18, 17, 3907558335, 3912992425, 1, 2, 35100910, 1
1, 68, 18, 17, 3907558335, 3912992425, 1, 1, 20999064, 1
1, 68, 18, 17, 3907558335, 3912992425, 1, 0, 1, 0
1, 68, 18, 17, 3907558335, 3912992425, 0, 2, 19962458, 1
1, 68, 18, 17, 3907558335, 3912992425, 0, 1, 1, 1
1, 69, 18, 17, 3912992426, 3914844308, 1, 2, 8255942, 1
1, 69, 18, 17, 3912992426, 3914844308, 1, 1, 3449111, 1
1, 69, 18, 17, 3912992426, 3914844308, 1, 0, 1, 0
1, 69, 18, 17, 3912992426, 3914844308, 0, 2, 13817722, 1
1, 69, 18, 17, 3912992426, 3914844308, 0, 1, 8285963, 1
1, 70, 18, 17, 3914844309, 3922236812, 1, 2, 142504400, 0
1, 70, 18, 17, 3914844309, 3922236812, 1, 1, 123854481, 0
1, 70, 18, 17, 3914844309, 3922236812, 1, 0, 371563442, 0
1, 70, 18, 17, 3914844309, 3922236812, 0, 2, 1, 1
1, 70, 18, 17, 3914844309, 3922236812, 0, 1, 1, 1
1, 71, 18, 17, 3922236813, 3925883143, 1, 2, 1, 1
1, 71, 18, 17, 3922236813, 3925883143, 1, 1, 1, 1
1, 71, 18, 17, 3922236813, 3925883143, 1, 0, 1, 0
1, 71, 18, 17, 3922236813, 3925883143, 0, 2, 1, 1
1, 71, 18, 17, 3922236813, 3925883143, 0, 1, 1, 1
1, 72, 18, 17, 3925883144, 3926811504, 1, 2, 351196457, 0
1, 72, 18, 17, 3925883144, 3926811504, 1, 1, 319863543, 0
1, 72, 18, 17, 3925883144, 3926811504, 1, 0, 376115138, 0
1, 72, 18, 17, 3925883144, 3926811504, 0, 2, 367202443, 1
1, 72, 18, 17, 3925883144, 3926811504, 0, 1, 315769641, 1
1, 73, 18, 17, 3926811505, 3930544555, 1, 2, 113929587, 1
1, 73, 18, 17, 3926811505, 3930544555, 1, 1, 171941382, 1
1, 73, 18, 17, 3926811505, 3930544555, 1, 0, 2268507, 0
1, 73, 18, 17, 3926811505, 3930544555, 0, 2, 260675443, 1
1, 73, 18, 17, 3926811505, 3930544555, 0, 1, 495087417, 1
1, 74, 18, 17, 3930544556, 3961496439, 1, 2, 16064824, 0
1, 74, 18, 17, 3930544556, 3961496439, 1, 1, 26774706, 0
1, 74, 18, 17, 3930544556, 3961496439, 1, 0, 41467343, 0
1, 74, 18, 17, 3930544556, 3961496439, 0, 2, 19428387, 1
1, 74, 18, 17, 3930544556, 3961496439, 0, 1, 38856774, 1
1, 75, 18, 17, 3961496440, 3970152380, 1, 2, 24155843, 1
1, 75, 18, 17, 3961496440, 3970152380, 1, 1, 13767010, 0
1, 75, 18, 17, 3961496440, 3970152380, 1, 0, 22044003, 0
1, 75, 18, 17, 3961496440, 3970152380, 0, 2, 43350660, 1
1, 75, 18, 17, 3961496440, 3970152380, 0, 1, 19257027, 1
1, 76, 18, 17, 3970152381, 3982474729, 1, 2, 49711715, 0
1, 76, 18, 17, 3970152381, 3982474729, 1, 1, 69173352, 1
1, 76, 18, 17, 3970152381, 3982474729, 1, 0, 89247207, 0
1, 76, 18, 17, 3970152381, 3982474729, 0, 2, 59136424, 1
1, 76, 18, 17, 3970152381, 3982474729, 0, 1, 118272848, 1
