1,1.0,99828465.0,2048254150.1141617
2,99828466.0,142041297.0,3363638070.702982
3,142041298.0,175135107.0,3067431581.372057
4,175135108.0,205646928.0,3280192057.1953273
5,205646929.0,277002647.0,3115425907.3381224
6,277002648.0,302638656.0,3350729468.7291574
7,302638657.0,420651620.0,3221624549.732946
8,420651621.0,452596964.0,3684355303.7039895
9,452596965.0,519183544.0,3309201686.2931247
10,519183545.0,677471569.0,3229957128.990379
11,677471570.0,706629124.0,4009052305.3205504
12,706629125.0,736759072.0,3380841605.9360905
13,736759073.0,773704898.0,3451064900.717658
14,773704899.0,855186304.0,3289594054.0276585
15,855186305.0,921817188.0,3441169831.738026
16,921817189.0,943445874.0,3969837456.379469
17,943445875.0,973694016.0,3298435073.13956
18,973694017.0,1009660692.0,3583349371.4826636
19,1009660693.0,1099098436.0,3657689997.904893
20,1099098437.0,1140103055.0,3912811569.762239
21,1140103056.0,1164345796.0,3243324490.2364435
22,1164345797.0,1204307301.0,3422029110.86853
23,1204307302.0,1248868434.0,3231188930.4915924
24,1248868435.0,1285936072.0,3283053617.5857124
25,1285936073.0,1316429800.0,3834152821.0531206
26,1316429801.0,1345160717.0,3275747553.3692207
27,1345160718.0,1365069173.0,3615209809.7489934
28,1365069174.0,1417936151.0,3318969463.611902
29,1417936152.0,1438718087.0,3267145764.3188295
30,1438718088.0,1546460281.0,3417995856.755143
31,1546460282.0,1599296170.0,3557666453.0997686
32,1599296171.0,1626363467.0,3825543986.7649913
33,1626363468.0,1683591946.0,3888924730.41908
34,1683591947.0,1731465109.0,3754597951.2781568
35,1731465110.0,1750252119.0,3596098269.7435946
36,1750252120.0,1794414251.0,3376490331.1605864
37,1794414252.0,1822759563.0,3751797449.4568405
38,1822759564.0,1927705228.0,3955792479.268444
39,1927705229.0,1965598004.0,3464354804.647921
40,1965598005.0,2152597009.0,3748823651.149993
41,2152597010.0,2196025834.0,3252249620.6217585
