1,1.0,99910884.0,2074798230.3440719
2,99910885.0,142484840.0,3355419875.2819214
3,142484841.0,175707667.0,3108977672.3582234
4,175707668.0,205044977.0,3285597619.392637
5,205044978.0,276229453.0,3121671775.6683545
6,276229454.0,302280534.0,3371922498.332945
7,302280535.0,417820257.0,3162919233.405149
8,417820258.0,453246223.0,3738079497.0783777
9,453246224.0,520235898.0,3674610041.581909
10,520235899.0,561375144.0,3900407798.4184103
11,561375145.0,675388247.0,3448648784.297049
12,675388248.0,700175184.0,4053556966.1668525
13,700175185.0,807675547.0,3159299525.0791426
14,807675548.0,840071971.0,3121796523.571161
15,840071972.0,870091785.0,3541536995.4987574
16,870091786.0,919023334.0,3357626151.8080287
17,919023335.0,936437756.0,3956361635.029408
18,936437757.0,969337537.0,3581925695.9866066
19,969337538.0,1009187227.0,3378730309.1020036
20,1009187228.0,1103413897.0,3673018572.2826605
21,1103413898.0,1141246114.0,3897724710.9094253
22,1141246115.0,1166233207.0,3747615218.01369
23,1166233208.0,1204159549.0,3923000967.5997953
24,1204159550.0,1248352209.0,3645376034.438283
25,1248352210.0,1284077062.0,3622621695.283775
26,1284077063.0,1351073773.0,3644776373.0147476
27,1351073774.0,1363541123.0,3920880012.199037
28,1363541124.0,1415479757.0,3745913475.679649
29,1415479758.0,1439826484.0,3617917640.2517247
30,1439826485.0,1482313801.0,3784121736.03601
31,1482313802.0,1560098765.0,3656120434.314522
32,1560098766.0,1598668411.0,3516245682.6034284
33,1598668412.0,1625782759.0,3781242742.974452
34,1625782760.0,1681293432.0,3884446425.185871
35,1681293433.0,1733071785.0,3755593185.600443
36,1733071786.0,1750973750.0,3558095683.439341
37,1750973751.0,1793414348.0,3336414951.499541
38,1793414349.0,1819733897.0,3757393532.3063173
39,1819733898.0,1927819360.0,3900533010.002506
40,1927819361.0,1967354963.0,3472755329.2200475
41,1967354964.0,2196025834.0,3659809614.6179776
