1,1.0,99883177.0,2046520367.4129531
2,99883178.0,142330642.0,2969379275.328295
3,142330643.0,173836130.0,2789530704.7386026
4,173836131.0,207666021.0,2881418038.213699
5,207666022.0,289165757.0,2748025966.224057
6,289165758.0,302409169.0,3405770445.064537
7,302409170.0,419362704.0,2890959196.162422
8,419362705.0,452216900.0,3644020966.2025056
9,452216901.0,519482227.0,3351304514.697581
10,519482228.0,562067165.0,3908957396.886721
11,562067166.0,674533503.0,3763035058.314299
12,674533504.0,701642911.0,4000096936.2057414
13,701642912.0,801983217.0,3685856687.9634123
14,801983218.0,852414063.0,3531573780.5312023
15,852414064.0,920626830.0,3808380383.832901
16,920626831.0,946345769.0,3960412480.82399
17,946345770.0,975115587.0,3671804883.622553
18,975115588.0,1012097386.0,3578935873.572556
19,1012097387.0,1106301739.0,3676387765.676793
20,1106301740.0,1134410635.0,3943530057.045155
21,1134410636.0,1163744164.0,3737560589.1543984
22,1163744165.0,1204159541.0,3929279682.604542
23,1204159542.0,1248038044.0,3722941892.002839
24,1248038045.0,1280482090.0,3631013025.0494714
25,1280482091.0,1345663199.0,3725168526.802787
26,1345663200.0,1365414854.0,3922050779.763348
27,1365414855.0,1411343793.0,3745414771.6914783
28,1411343794.0,1438996656.0,3617830458.370202
29,1438996657.0,1478771225.0,3752256761.013211
30,1478771226.0,1553232805.0,3125957557.969614
31,1553232806.0,1596577889.0,3036374057.581238
32,1596577890.0,1724425881.0,3331165569.4465694
33,1724425882.0,1749671161.0,3401408171.0039344
34,1749671162.0,1794455080.0,2953569803.486628
35,1794455081.0,1820083995.0,3750632685.6762295
36,1820083996.0,1928370384.0,3748781217.5504613
37,1928370385.0,1966610307.0,3470577598.381774
38,1966610308.0,2141824816.0,3690678063.012842
39,2141824817.0,2154936606.0,3303730436.7335024
40,2154936607.0,2180353629.0,3342008541.7463584
41,2180353630.0,2196025834.0,3303730436.7335024
