1,1.0,99924535.0,2060413931.4634194
2,99924536.0,141802656.0,3160853523.2477307
3,141802657.0,175483531.0,2789193964.726002
4,175483532.0,205245653.0,2917572093.597355
5,205245654.0,277691910.0,3021155203.335857
6,277691911.0,302280574.0,3373717357.900285
7,302280575.0,421107532.0,3177537089.4363375
8,421107533.0,452587337.0,3718256072.6889253
9,452587338.0,519625483.0,3735511205.157501
10,519625484.0,563777407.0,3821220059.301837
11,563777408.0,613328944.0,3793775903.251402
12,613328945.0,675623407.0,3803776273.006242
13,675623408.0,707878207.0,4023575943.494992
14,707878208.0,735324821.0,3650097035.2536845
15,735324822.0,775230304.0,3903512142.414263
16,775230305.0,853317559.0,3573419776.3605657
17,853317560.0,921787211.0,3825423157.597436
18,921787212.0,942858813.0,4005790223.579146
19,942858814.0,968972090.0,3250255760.8782654
20,968972091.0,1024052200.0,3134766682.5675907
21,1024052201.0,1073371548.0,3471496979.3101645
22,1073371549.0,1101724182.0,3177271859.66773
23,1101724183.0,1142745675.0,3642544697.2461057
24,1142745676.0,1165854474.0,3283603078.0554347
25,1165854475.0,1207067724.0,3633306409.6913977
26,1207067725.0,1287529242.0,3176061760.8771873
27,1287529243.0,1316329307.0,3670030204.720896
28,1316329308.0,1335882571.0,3714816364.555807
29,1335882572.0,1380702154.0,3887334444.942838
30,1380702155.0,1547477595.0,3626522935.563651
31,1547477596.0,1599870817.0,3601778158.2701983
32,1599870818.0,1626350680.0,3822324215.4935555
33,1626350681.0,1684299929.0,3687084309.0528755
34,1684299930.0,1736578017.0,3729237910.9671183
35,1736578018.0,1788856765.0,3411750075.9179177
36,1788856766.0,1811903614.0,3700960267.6578803
37,1811903615.0,1920121039.0,4010412177.965649
38,1920121040.0,1930372856.0,3858104089.2886763
39,1930372857.0,1965371890.0,3506710966.303426
40,1965371891.0,2152404382.0,3763672767.7667894
41,2152404383.0,2196025834.0,3565834617.187558
