2, 1, 19, 4, 1, 87639508, 0, 15, 360858175, 1
2, 1, 19, 4, 1, 87639508, 0, 14, 344662850, 1
2, 1, 19, 4, 1, 87639508, 0, 13, 320335131, 1
2, 1, 19, 4, 1, 87639508, 0, 12, 327046714, 1
2, 1, 19, 4, 1, 87639508, 0, 11, 326839484, 1
2, 1, 19, 4, 1, 87639508, 0, 10, 324444650, 1
2, 1, 19, 4, 1, 87639508, 0, 9, 349577548, 1
2, 1, 19, 4, 1, 87639508, 0, 8, 316980048, 1
2, 1, 19, 4, 1, 87639508, 0, 7, 275848865, 1
2, 1, 19, 4, 1, 87639508, 0, 6, 278526846, 1
2, 1, 19, 4, 1, 87639508, 0, 5, 247878231, 1
2, 1, 19, 4, 1, 87639508, 0, 4, 263567943, 1
2, 1, 19, 4, 1, 87639508, 0, 3, 270670230, 1
2, 1, 19, 4, 1, 87639508, 0, 2, 312123925, 1
2, 1, 19, 4, 1, 87639508, 0, 1, 239628190, 1
2, 2, 19, 4, 87639509, 101848079, 0, 15, 1927748, 1
2, 2, 19, 4, 87639509, 101848079, 0, 14, 2065444, 1
2, 2, 19, 4, 87639509, 101848079, 0, 13, 2224325, 1
2, 2, 19, 4, 87639509, 101848079, 0, 12, 2409685, 1
2, 2, 19, 4, 87639509, 101848079, 0, 11, 1, 1
2, 2, 19, 4, 87639509, 101848079, 0, 10, 1, 1
2, 2, 19, 4, 87639509, 101848079, 0, 9, 1, 1
2, 2, 19, 4, 87639509, 101848079, 0, 8, 1, 1
2, 2, 19, 4, 87639509, 101848079, 0, 7, 1, 1
2, 2, 19, 4, 87639509, 101848079, 0, 6, 1, 1
2, 2, 19, 4, 87639509, 101848079, 0, 5, 1, 1
2, 2, 19, 4, 87639509, 101848079, 0, 4, 1, 1
2, 2, 19, 4, 87639509, 101848079, 0, 3, 1, 1
2, 2, 19, 4, 87639509, 101848079, 0, 2, 1, 1
2, 2, 19, 4, 87639509, 101848079, 0, 1, 1, 1
2, 3, 19, 4, 101848080, 172735376, 0, 15, 12657190, 1
2, 3, 19, 4, 101848080, 172735376, 0, 14, 1, 1
2, 3, 19, 4, 101848080, 172735376, 0, 13, 1, 1
2, 3, 19, 4, 101848080, 172735376, 0, 12, 1, 1
2, 3, 19, 4, 101848080, 172735376, 0, 11, 1, 1
2, 3, 19, 4, 101848080, 172735376, 0, 10, 1, 1
2, 3, 19, 4, 101848080, 172735376, 0, 9, 1, 1
2, 3, 19, 4, 101848080, 172735376, 0, 8, 1, 1
2, 3, 19, 4, 101848080, 172735376, 0, 7, 1, 1
2, 3, 19, 4, 101848080, 172735376, 0, 6, 1, 1
2, 3, 19, 4, 101848080, 172735376, 0, 5, 1, 1
2, 3, 19, 4, 101848080, 172735376, 0, 4, 1, 1
2, 3, 19, 4, 101848080, 172735376, 0, 3, 1, 1
2, 3, 19, 4, 101848080, 172735376, 0, 2, 1, 1
2, 3, 19, 4, 101848080, 172735376, 0, 1, 1, 1
2, 4, 19, 4, 172735377, 207585595, 0, 15, 20717124, 1
2, 4, 19, 4, 172735377, 207585595, 0, 14, 19829703, 1
2, 4, 19, 4, 172735377, 207585595, 0, 13, 20390494, 1
2, 4, 19, 4, 172735377, 207585595, 0, 12, 22089702, 1
2, 4, 19, 4, 172735377, 207585595, 0, 11, 23591831, 1
2, 4, 19, 4, 172735377, 207585595, 0, 10, 25951014, 1
2, 4, 19, 4, 172735377, 207585595, 0, 9, 28834460, 1
2, 4, 19, 4, 172735377, 207585595, 0, 8, 32438767, 1
2, 4, 19, 4, 172735377, 207585595, 0, 7, 25505588, 1
2, 4, 19, 4, 172735377, 207585595, 0, 6, 23474401, 1
2, 4, 19, 4, 172735377, 207585595, 0, 5, 28169281, 1
2, 4, 19, 4, 172735377, 207585595, 0, 4, 34836466, 1
2, 4, 19, 4, 172735377, 207585595, 0, 3, 46448621, 1
2, 4, 19, 4, 172735377, 207585595, 0, 2, 37071595, 1
2, 4, 19, 4, 172735377, 207585595, 0, 1, 74143190, 1
2, 5, 19, 4, 207585596, 232403232, 0, 15, 138078049, 1
2, 5, 19, 4, 207585596, 232403232, 0, 14, 144071324, 1
2, 5, 19, 4, 207585596, 232403232, 0, 13, 139676513, 1
2, 5, 19, 4, 207585596, 232403232, 0, 12, 145076584, 1
2, 5, 19, 4, 207585596, 232403232, 0, 11, 144299136, 1
2, 5, 19, 4, 207585596, 232403232, 0, 10, 139693802, 1
2, 5, 19, 4, 207585596, 232403232, 0, 9, 133471837, 1
2, 5, 19, 4, 207585596, 232403232, 0, 8, 146296768, 1
2, 5, 19, 4, 207585596, 232403232, 0, 7, 136680046, 1
2, 5, 19, 4, 207585596, 232403232, 0, 6, 159460053, 1
2, 5, 19, 4, 207585596, 232403232, 0, 5, 151565761, 1
2, 5, 19, 4, 207585596, 232403232, 0, 4, 136553700, 1
2, 5, 19, 4, 207585596, 232403232, 0, 3, 124026580, 1
2, 5, 19, 4, 207585596, 232403232, 0, 2, 168805267, 1
2, 5, 19, 4, 207585596, 232403232, 0, 1, 188296587, 1
2, 6, 19, 4, 232403233, 276419556, 0, 15, 7312223, 1
2, 6, 19, 4, 232403233, 276419556, 0, 14, 7834524, 1
2, 6, 19, 4, 232403233, 276419556, 0, 13, 8229807, 1
2, 6, 19, 4, 232403233, 276419556, 0, 12, 8915624, 1
2, 6, 19, 4, 232403233, 276419556, 0, 11, 8038830, 1
2, 6, 19, 4, 232403233, 276419556, 0, 10, 8842713, 1
2, 6, 19, 4, 232403233, 276419556, 0, 9, 8032650, 1
2, 6, 19, 4, 232403233, 276419556, 0, 8, 9036731, 1
2, 6, 19, 4, 232403233, 276419556, 0, 7, 10327692, 1
2, 6, 19, 4, 232403233, 276419556, 0, 6, 12048974, 1
2, 6, 19, 4, 232403233, 276419556, 0, 5, 14458769, 1
2, 6, 19, 4, 232403233, 276419556, 0, 4, 8531162, 1
2, 6, 19, 4, 232403233, 276419556, 0, 3, 11374883, 1
2, 6, 19, 4, 232403233, 276419556, 0, 2, 12874580, 1
2, 6, 19, 4, 232403233, 276419556, 0, 1, 1, 1
2, 7, 19, 4, 276419557, 319083587, 0, 15, 22671905, 1
2, 7, 19, 4, 276419557, 319083587, 0, 14, 20355597, 1
2, 7, 19, 4, 276419557, 319083587, 0, 13, 19447359, 1
2, 7, 19, 4, 276419557, 319083587, 0, 12, 21067972, 1
2, 7, 19, 4, 276419557, 319083587, 0, 11, 20860470, 1
2, 7, 19, 4, 276419557, 319083587, 0, 10, 22946517, 1
2, 7, 19, 4, 276419557, 319083587, 0, 9, 19749365, 1
2, 7, 19, 4, 276419557, 319083587, 0, 8, 16175262, 1
2, 7, 19, 4, 276419557, 319083587, 0, 7, 10580096, 1
2, 7, 19, 4, 276419557, 319083587, 0, 6, 12343445, 1
2, 7, 19, 4, 276419557, 319083587, 0, 5, 14812134, 1
2, 7, 19, 4, 276419557, 319083587, 0, 4, 15913424, 1
2, 7, 19, 4, 276419557, 319083587, 0, 3, 21217898, 1
2, 7, 19, 4, 276419557, 319083587, 0, 2, 19820934, 1
2, 7, 19, 4, 276419557, 319083587, 0, 1, 1, 1
2, 8, 19, 4, 319083588, 360238689, 0, 15, 5030311, 1
2, 8, 19, 4, 319083588, 360238689, 0, 14, 5389619, 1
2, 8, 19, 4, 319083588, 360238689, 0, 13, 3973421, 1
2, 8, 19, 4, 319083588, 360238689, 0, 12, 4304539, 1
2, 8, 19, 4, 319083588, 360238689, 0, 11, 4695861, 1
2, 8, 19, 4, 319083588, 360238689, 0, 10, 5165447, 1
2, 8, 19, 4, 319083588, 360238689, 0, 9, 4110993, 1
2, 8, 19, 4, 319083588, 360238689, 0, 8, 4187612, 1
2, 8, 19, 4, 319083588, 360238689, 0, 7, 3279811, 1
2, 8, 19, 4, 319083588, 360238689, 0, 6, 3826446, 1
2, 8, 19, 4, 319083588, 360238689, 0, 5, 4591735, 1
2, 8, 19, 4, 319083588, 360238689, 0, 4, 5739669, 1
2, 8, 19, 4, 319083588, 360238689, 0, 3, 7652892, 1
2, 8, 19, 4, 319083588, 360238689, 0, 2, 11479338, 1
2, 8, 19, 4, 319083588, 360238689, 0, 1, 15140630, 1
2, 9, 19, 4, 360238690, 385387538, 0, 15, 131128932, 1
2, 9, 19, 4, 360238690, 385387538, 0, 14, 128364650, 1
2, 9, 19, 4, 360238690, 385387538, 0, 13, 118360719, 1
2, 9, 19, 4, 360238690, 385387538, 0, 12, 128224112, 1
2, 9, 19, 4, 360238690, 385387538, 0, 11, 117245188, 1
2, 9, 19, 4, 360238690, 385387538, 0, 10, 128969706, 1
2, 9, 19, 4, 360238690, 385387538, 0, 9, 115625442, 1
2, 9, 19, 4, 360238690, 385387538, 0, 8, 98314641, 1
2, 9, 19, 4, 360238690, 385387538, 0, 7, 78327274, 1
2, 9, 19, 4, 360238690, 385387538, 0, 6, 91381820, 1
2, 9, 19, 4, 360238690, 385387538, 0, 5, 83226448, 1
2, 9, 19, 4, 360238690, 385387538, 0, 4, 45258305, 1
2, 9, 19, 4, 360238690, 385387538, 0, 3, 60344407, 1
2, 9, 19, 4, 360238690, 385387538, 0, 2, 90516610, 1
2, 9, 19, 4, 360238690, 385387538, 0, 1, 181033219, 1
2, 10, 19, 4, 385387539, 388616998, 0, 15, 2011317294, 1
2, 10, 19, 4, 385387539, 388616998, 0, 14, 1982607550, 1
2, 10, 19, 4, 385387539, 388616998, 0, 13, 1950851547, 1
2, 10, 19, 4, 385387539, 388616998, 0, 12, 1916407238, 1
2, 10, 19, 4, 385387539, 388616998, 0, 11, 1868337633, 1
2, 10, 19, 4, 385387539, 388616998, 0, 10, 1797843334, 1
2, 10, 19, 4, 385387539, 388616998, 0, 9, 1746696697, 1
2, 10, 19, 4, 385387539, 388616998, 0, 8, 1697811347, 1
2, 10, 19, 4, 385387539, 388616998, 0, 7, 1629705724, 1
2, 10, 19, 4, 385387539, 388616998, 0, 6, 1458825563, 1
2, 10, 19, 4, 385387539, 388616998, 0, 5, 1339602715, 1
2, 10, 19, 4, 385387539, 388616998, 0, 4, 1195765966, 1
2, 10, 19, 4, 385387539, 388616998, 0, 3, 1353931294, 1
2, 10, 19, 4, 385387539, 388616998, 0, 2, 964669350, 1
2, 10, 19, 4, 385387539, 388616998, 0, 1, 1729472927, 1
2, 11, 19, 4, 388616999, 391095528, 0, 15, 2070083753, 1
2, 11, 19, 4, 388616999, 391095528, 0, 14, 2011400972, 1
2, 11, 19, 4, 388616999, 391095528, 0, 13, 1945060696, 1
2, 11, 19, 4, 388616999, 391095528, 0, 12, 1870268067, 1
2, 11, 19, 4, 388616999, 391095528, 0, 11, 1774514085, 1
2, 11, 19, 4, 388616999, 391095528, 0, 10, 1762634616, 1
2, 11, 19, 4, 388616999, 391095528, 0, 9, 1654421568, 1
2, 11, 19, 4, 388616999, 391095528, 0, 8, 1534203204, 1
2, 11, 19, 4, 388616999, 391095528, 0, 7, 1374383706, 1
2, 11, 19, 4, 388616999, 391095528, 0, 6, 1358828970, 1
2, 11, 19, 4, 388616999, 391095528, 0, 5, 1123929007, 1
2, 11, 19, 4, 388616999, 391095528, 0, 4, 806576586, 1
2, 11, 19, 4, 388616999, 391095528, 0, 3, 675549128, 1
2, 11, 19, 4, 388616999, 391095528, 0, 2, 586374018, 1
2, 11, 19, 4, 388616999, 391095528, 0, 1, 494493283, 1
2, 12, 19, 4, 391095529, 453088553, 0, 15, 1037222447, 1
2, 12, 19, 4, 391095529, 453088553, 0, 14, 997374510, 1
2, 12, 19, 4, 391095529, 453088553, 0, 13, 951405295, 1
2, 12, 19, 4, 391095529, 453088553, 0, 12, 898146531, 1
2, 12, 19, 4, 391095529, 453088553, 0, 11, 833874805, 1
2, 12, 19, 4, 391095529, 453088553, 0, 10, 769414182, 1
2, 12, 19, 4, 391095529, 453088553, 0, 9, 707033060, 1
2, 12, 19, 4, 391095529, 453088553, 0, 8, 646489115, 1
2, 12, 19, 4, 391095529, 453088553, 0, 7, 573674383, 1
2, 12, 19, 4, 391095529, 453088553, 0, 6, 507244172, 1
2, 12, 19, 4, 391095529, 453088553, 0, 5, 437525057, 1
2, 12, 19, 4, 391095529, 453088553, 0, 4, 364707705, 1
2, 12, 19, 4, 391095529, 453088553, 0, 3, 290172841, 1
2, 12, 19, 4, 391095529, 453088553, 0, 2, 209676088, 1
2, 12, 19, 4, 391095529, 453088553, 0, 1, 104192896, 1
2, 13, 19, 4, 453088554, 482977002, 0, 15, 910572086, 1
2, 13, 19, 4, 453088554, 482977002, 0, 14, 904021210, 1
2, 13, 19, 4, 453088554, 482977002, 0, 13, 883396969, 1
2, 13, 19, 4, 453088554, 482977002, 0, 12, 861057689, 1
2, 13, 19, 4, 453088554, 482977002, 0, 11, 840390677, 1
2, 13, 19, 4, 453088554, 482977002, 0, 10, 820655013, 1
2, 13, 19, 4, 453088554, 482977002, 0, 9, 783617720, 1
2, 13, 19, 4, 453088554, 482977002, 0, 8, 749840862, 1
2, 13, 19, 4, 453088554, 482977002, 0, 7, 706963279, 1
2, 13, 19, 4, 453088554, 482977002, 0, 6, 651321778, 1
2, 13, 19, 4, 453088554, 482977002, 0, 5, 573400183, 1
2, 13, 19, 4, 453088554, 482977002, 0, 4, 473105528, 1
2, 13, 19, 4, 453088554, 482977002, 0, 3, 395626838, 1
2, 13, 19, 4, 453088554, 482977002, 0, 2, 313327533, 1
2, 13, 19, 4, 453088554, 482977002, 0, 1, 208116927, 1
2, 14, 19, 4, 482977003, 497320208, 0, 15, 917524664, 1
2, 14, 19, 4, 482977003, 497320208, 0, 14, 915085574, 1
2, 14, 19, 4, 482977003, 497320208, 0, 13, 898376253, 1
2, 14, 19, 4, 482977003, 497320208, 0, 12, 880316222, 1
2, 14, 19, 4, 482977003, 497320208, 0, 11, 857902132, 1
2, 14, 19, 4, 482977003, 497320208, 0, 10, 844978855, 1
2, 14, 19, 4, 482977003, 497320208, 0, 9, 806290367, 1
2, 14, 19, 4, 482977003, 497320208, 0, 8, 757575333, 1
2, 14, 19, 4, 482977003, 497320208, 0, 7, 706475309, 1
2, 14, 19, 4, 482977003, 497320208, 0, 6, 632342300, 1
2, 14, 19, 4, 482977003, 497320208, 0, 5, 542942887, 1
2, 14, 19, 4, 482977003, 497320208, 0, 4, 422493105, 1
2, 14, 19, 4, 482977003, 497320208, 0, 3, 345014415, 1
2, 14, 19, 4, 482977003, 497320208, 0, 2, 262715110, 1
2, 14, 19, 4, 482977003, 497320208, 0, 1, 157504504, 1
2, 15, 19, 4, 497320209, 512683044, 0, 15, 1070484942, 1
2, 15, 19, 4, 497320209, 512683044, 0, 14, 1057331264, 1
2, 15, 19, 4, 497320209, 512683044, 0, 13, 1036151647, 1
2, 15, 19, 4, 497320209, 512683044, 0, 12, 1011999747, 1
2, 15, 19, 4, 497320209, 512683044, 0, 11, 984843807, 1
2, 15, 19, 4, 497320209, 512683044, 0, 10, 956262549, 1
2, 15, 19, 4, 497320209, 512683044, 0, 9, 930513819, 1
2, 15, 19, 4, 497320209, 512683044, 0, 8, 897973483, 1
2, 15, 19, 4, 497320209, 512683044, 0, 7, 838473307, 1
2, 15, 19, 4, 497320209, 512683044, 0, 6, 787202320, 1
2, 15, 19, 4, 497320209, 512683044, 0, 5, 703095689, 1
2, 15, 19, 4, 497320209, 512683044, 0, 4, 523305029, 1
2, 15, 19, 4, 497320209, 512683044, 0, 3, 417769763, 1
2, 15, 19, 4, 497320209, 512683044, 0, 2, 316815135, 1
2, 15, 19, 4, 497320209, 512683044, 0, 1, 202069698, 1
2, 16, 19, 4, 512683045, 535333233, 0, 15, 1014069684, 1
2, 16, 19, 4, 512683045, 535333233, 0, 14, 994877297, 1
2, 16, 19, 4, 512683045, 535333233, 0, 13, 961673810, 1
2, 16, 19, 4, 512683045, 535333233, 0, 12, 939381534, 1
2, 16, 19, 4, 512683045, 535333233, 0, 11, 910061113, 1
2, 16, 19, 4, 512683045, 535333233, 0, 10, 877293172, 1
2, 16, 19, 4, 512683045, 535333233, 0, 9, 867577078, 1
2, 16, 19, 4, 512683045, 535333233, 0, 8, 883921502, 1
2, 16, 19, 4, 512683045, 535333233, 0, 7, 813183790, 1
2, 16, 19, 4, 512683045, 535333233, 0, 6, 816955418, 1
2, 16, 19, 4, 512683045, 535333233, 0, 5, 669825699, 1
2, 16, 19, 4, 512683045, 535333233, 0, 4, 377961050, 1
2, 16, 19, 4, 512683045, 535333233, 0, 3, 303099418, 1
2, 16, 19, 4, 512683045, 535333233, 0, 2, 366087594, 1
2, 16, 19, 4, 512683045, 535333233, 0, 1, 97865137, 1
2, 17, 19, 4, 535333234, 566786068, 0, 15, 940049227, 1
2, 17, 19, 4, 535333234, 566786068, 0, 14, 909143550, 1
2, 17, 19, 4, 535333234, 566786068, 0, 13, 862691845, 1
2, 17, 19, 4, 535333234, 566786068, 0, 12, 807335933, 1
2, 17, 19, 4, 535333234, 566786068, 0, 11, 754348713, 1
2, 17, 19, 4, 535333234, 566786068, 0, 10, 739845273, 1
2, 17, 19, 4, 535333234, 566786068, 0, 9, 686624160, 1
2, 17, 19, 4, 535333234, 566786068, 0, 8, 688571041, 1
2, 17, 19, 4, 535333234, 566786068, 0, 7, 585839801, 1
2, 17, 19, 4, 535333234, 566786068, 0, 6, 494722762, 1
2, 17, 19, 4, 535333234, 566786068, 0, 5, 593667314, 1
2, 17, 19, 4, 535333234, 566786068, 0, 4, 724085914, 1
2, 17, 19, 4, 535333234, 566786068, 0, 3, 555995038, 1
2, 17, 19, 4, 535333234, 566786068, 0, 2, 362986242, 1
2, 17, 19, 4, 535333234, 566786068, 0, 1, 725972483, 1
2, 18, 19, 4, 566786069, 769313873, 0, 15, 835378759, 1
2, 18, 19, 4, 566786069, 769313873, 0, 14, 837537828, 1
2, 18, 19, 4, 566786069, 769313873, 0, 13, 829682477, 1
2, 18, 19, 4, 566786069, 769313873, 0, 12, 829521582, 1
2, 18, 19, 4, 566786069, 769313873, 0, 11, 852461170, 1
2, 18, 19, 4, 566786069, 769313873, 0, 10, 842380550, 1
2, 18, 19, 4, 566786069, 769313873, 0, 9, 836353154, 1
2, 18, 19, 4, 566786069, 769313873, 0, 8, 822071720, 1
2, 18, 19, 4, 566786069, 769313873, 0, 7, 860422466, 1
2, 18, 19, 4, 566786069, 769313873, 0, 6, 911556793, 1
2, 18, 19, 4, 566786069, 769313873, 0, 5, 930994171, 1
2, 18, 19, 4, 566786069, 769313873, 0, 4, 917365263, 1
2, 18, 19, 4, 566786069, 769313873, 0, 3, 905171527, 1
2, 18, 19, 4, 566786069, 769313873, 0, 2, 920600553, 1
2, 18, 19, 4, 566786069, 769313873, 0, 1, 858648400, 1
2, 19, 19, 4, 769313874, 800554655, 0, 15, 904062113, 1
2, 19, 19, 4, 769313874, 800554655, 0, 14, 906450347, 1
2, 19, 19, 4, 769313874, 800554655, 0, 13, 899771766, 1
2, 19, 19, 4, 769313874, 800554655, 0, 12, 900983770, 1
2, 19, 19, 4, 769313874, 800554655, 0, 11, 925545875, 1
2, 19, 19, 4, 769313874, 800554655, 0, 10, 926270892, 1
2, 19, 19, 4, 769313874, 800554655, 0, 9, 923607478, 1
2, 19, 19, 4, 769313874, 800554655, 0, 8, 913531022, 1
2, 19, 19, 4, 769313874, 800554655, 0, 7, 957288167, 1
2, 19, 19, 4, 769313874, 800554655, 0, 6, 972119681, 1
2, 19, 19, 4, 769313874, 800554655, 0, 5, 981850237, 1
2, 19, 19, 4, 769313874, 800554655, 0, 4, 975983877, 1
2, 19, 19, 4, 769313874, 800554655, 0, 3, 965458177, 1
2, 19, 19, 4, 769313874, 800554655, 0, 2, 966676882, 1
2, 19, 19, 4, 769313874, 800554655, 0, 1, 976786277, 1
2, 20, 19, 4, 800554656, 891987025, 0, 15, 766993284, 1
2, 20, 19, 4, 800554656, 891987025, 0, 14, 767147514, 1
2, 20, 19, 4, 800554656, 891987025, 0, 13, 767325473, 1
2, 20, 19, 4, 800554656, 891987025, 0, 12, 767533092, 1
2, 20, 19, 4, 800554656, 891987025, 0, 11, 767778459, 1
2, 20, 19, 4, 800554656, 891987025, 0, 10, 768072900, 1
2, 20, 19, 4, 800554656, 891987025, 0, 9, 765907220, 1
2, 20, 19, 4, 800554656, 891987025, 0, 8, 765020900, 1
2, 20, 19, 4, 800554656, 891987025, 0, 7, 790486859, 1
2, 20, 19, 4, 800554656, 891987025, 0, 6, 800707026, 1
2, 20, 19, 4, 800554656, 891987025, 0, 5, 802107534, 1
2, 20, 19, 4, 800554656, 891987025, 0, 4, 807005917, 1
2, 20, 19, 4, 800554656, 891987025, 0, 3, 794311230, 1
2, 20, 19, 4, 800554656, 891987025, 0, 2, 813619809, 1
2, 20, 19, 4, 800554656, 891987025, 0, 1, 870993489, 1
2, 21, 19, 4, 891987026, 1058302643, 0, 15, 538631424, 1
2, 21, 19, 4, 891987026, 1058302643, 0, 14, 534496514, 1
2, 21, 19, 4, 891987026, 1058302643, 0, 13, 528889470, 1
2, 21, 19, 4, 891987026, 1058302643, 0, 12, 526145601, 1
2, 21, 19, 4, 891987026, 1058302643, 0, 11, 523915941, 1
2, 21, 19, 4, 891987026, 1058302643, 0, 10, 533874765, 1
2, 21, 19, 4, 891987026, 1058302643, 0, 9, 544905274, 1
2, 21, 19, 4, 891987026, 1058302643, 0, 8, 534526659, 1
2, 21, 19, 4, 891987026, 1058302643, 0, 7, 529457926, 1
2, 21, 19, 4, 891987026, 1058302643, 0, 6, 519788422, 1
2, 21, 19, 4, 891987026, 1058302643, 0, 5, 500592495, 1
2, 21, 19, 4, 891987026, 1058302643, 0, 4, 462009009, 1
2, 21, 19, 4, 891987026, 1058302643, 0, 3, 616012012, 1
2, 21, 19, 4, 891987026, 1058302643, 0, 2, 614739226, 1
2, 21, 19, 4, 891987026, 1058302643, 0, 1, 613109488, 1
2, 22, 19, 4, 1058302644, 1264986312, 0, 15, 701094094, 1
2, 22, 19, 4, 1058302644, 1264986312, 0, 14, 693487795, 1
2, 22, 19, 4, 1058302644, 1264986312, 0, 13, 684227603, 1
2, 22, 19, 4, 1058302644, 1264986312, 0, 12, 677310877, 1
2, 22, 19, 4, 1058302644, 1264986312, 0, 11, 668671302, 1
2, 22, 19, 4, 1058302644, 1264986312, 0, 10, 654284802, 1
2, 22, 19, 4, 1058302644, 1264986312, 0, 9, 657858087, 1
2, 22, 19, 4, 1058302644, 1264986312, 0, 8, 660203633, 1
2, 22, 19, 4, 1058302644, 1264986312, 0, 7, 641880666, 1
2, 22, 19, 4, 1058302644, 1264986312, 0, 6, 618602018, 1
2, 22, 19, 4, 1058302644, 1264986312, 0, 5, 581136559, 1
2, 22, 19, 4, 1058302644, 1264986312, 0, 4, 581284326, 1
2, 22, 19, 4, 1058302644, 1264986312, 0, 3, 708528081, 1
2, 22, 19, 4, 1058302644, 1264986312, 0, 2, 668330724, 1
2, 22, 19, 4, 1058302644, 1264986312, 0, 1, 528555625, 1
2, 23, 19, 4, 1264986313, 1268430964, 0, 15, 2053220412, 1
2, 23, 19, 4, 1264986313, 1268430964, 0, 14, 2074068523, 1
2, 23, 19, 4, 1264986313, 1268430964, 0, 13, 2033614520, 1
2, 23, 19, 4, 1264986313, 1268430964, 0, 12, 1986300978, 1
2, 23, 19, 4, 1264986313, 1268430964, 0, 11, 1929246736, 1
2, 23, 19, 4, 1264986313, 1268430964, 0, 10, 1835840937, 1
2, 23, 19, 4, 1264986313, 1268430964, 0, 9, 1864166107, 1
2, 23, 19, 4, 1264986313, 1268430964, 0, 8, 1816255142, 1
2, 23, 19, 4, 1264986313, 1268430964, 0, 7, 1707594887, 1
2, 23, 19, 4, 1264986313, 1268430964, 0, 6, 1669717176, 1
2, 23, 19, 4, 1264986313, 1268430964, 0, 5, 1549374158, 1
2, 23, 19, 4, 1264986313, 1268430964, 0, 4, 1813684538, 1
2, 23, 19, 4, 1264986313, 1268430964, 0, 3, 1686830929, 1
2, 23, 19, 4, 1264986313, 1268430964, 0, 2, 1318243017, 1
2, 23, 19, 4, 1264986313, 1268430964, 0, 1, 896730621, 1
2, 24, 19, 4, 1268430965, 1272004055, 0, 15, 2353710459, 1
2, 24, 19, 4, 1268430965, 1272004055, 0, 14, 2294995993, 1
2, 24, 19, 4, 1268430965, 1272004055, 0, 13, 2293790573, 1
2, 24, 19, 4, 1268430965, 1272004055, 0, 12, 2281966921, 1
2, 24, 19, 4, 1268430965, 1272004055, 0, 11, 2281254665, 1
2, 24, 19, 4, 1268430965, 1272004055, 0, 10, 2239865251, 1
2, 24, 19, 4, 1268430965, 1272004055, 0, 9, 2155930220, 1
2, 24, 19, 4, 1268430965, 1272004055, 0, 8, 1967694004, 1
2, 24, 19, 4, 1268430965, 1272004055, 0, 7, 1912935253, 1
2, 24, 19, 4, 1268430965, 1272004055, 0, 6, 1673553249, 1
2, 24, 19, 4, 1268430965, 1272004055, 0, 5, 1271104222, 1
2, 24, 19, 4, 1268430965, 1272004055, 0, 4, 1112255587, 1
2, 24, 19, 4, 1268430965, 1272004055, 0, 3, 892005073, 1
2, 24, 19, 4, 1268430965, 1272004055, 0, 2, 805514230, 1
2, 24, 19, 4, 1268430965, 1272004055, 0, 1, 206546460, 1
2, 25, 19, 4, 1272004056, 1313150360, 0, 15, 1107308872, 1
2, 25, 19, 4, 1272004056, 1313150360, 0, 14, 1090283256, 1
2, 25, 19, 4, 1272004056, 1313150360, 0, 13, 1070638315, 1
2, 25, 19, 4, 1272004056, 1313150360, 0, 12, 1047719216, 1
2, 25, 19, 4, 1272004056, 1313150360, 0, 11, 1020633008, 1
2, 25, 19, 4, 1272004056, 1313150360, 0, 10, 988129559, 1
2, 25, 19, 4, 1272004056, 1313150360, 0, 9, 948403122, 1
2, 25, 19, 4, 1272004056, 1313150360, 0, 8, 889728726, 1
2, 25, 19, 4, 1272004056, 1313150360, 0, 7, 812375889, 1
2, 25, 19, 4, 1272004056, 1313150360, 0, 6, 713562528, 1
2, 25, 19, 4, 1272004056, 1313150360, 0, 5, 608032484, 1
2, 25, 19, 4, 1272004056, 1313150360, 0, 4, 506725801, 1
2, 25, 19, 4, 1272004056, 1313150360, 0, 3, 404721179, 1
2, 25, 19, 4, 1272004056, 1313150360, 0, 2, 305398656, 1
2, 25, 19, 4, 1272004056, 1313150360, 0, 1, 204363908, 1
2, 26, 19, 4, 1313150361, 1329817974, 0, 15, 1202301426, 1
2, 26, 19, 4, 1313150361, 1329817974, 0, 14, 1181698781, 1
2, 26, 19, 4, 1313150361, 1329817974, 0, 13, 1143978200, 1
2, 26, 19, 4, 1313150361, 1329817974, 0, 12, 1119364190, 1
2, 26, 19, 4, 1313150361, 1329817974, 0, 11, 1091736151, 1
2, 26, 19, 4, 1313150361, 1329817974, 0, 10, 1067703211, 1
2, 26, 19, 4, 1313150361, 1329817974, 0, 9, 1038329618, 1
2, 26, 19, 4, 1313150361, 1329817974, 0, 8, 997928296, 1
2, 26, 19, 4, 1313150361, 1329817974, 0, 7, 934692142, 1
2, 26, 19, 4, 1313150361, 1329817974, 0, 6, 858832272, 1
2, 26, 19, 4, 1313150361, 1329817974, 0, 5, 785884606, 1
2, 26, 19, 4, 1313150361, 1329817974, 0, 4, 732892127, 1
2, 26, 19, 4, 1313150361, 1329817974, 0, 3, 694161251, 1
2, 26, 19, 4, 1313150361, 1329817974, 0, 2, 747261111, 1
2, 26, 19, 4, 1313150361, 1329817974, 0, 1, 200248893, 1
2, 27, 19, 4, 1329817975, 1362724361, 0, 15, 1445539183, 1
2, 27, 19, 4, 1329817975, 1362724361, 0, 14, 1364766207, 1
2, 27, 19, 4, 1329817975, 1362724361, 0, 13, 1444457876, 1
2, 27, 19, 4, 1329817975, 1362724361, 0, 12, 1374301333, 1
2, 27, 19, 4, 1329817975, 1362724361, 0, 11, 1290217621, 1
2, 27, 19, 4, 1329817975, 1362724361, 0, 10, 1246483493, 1
2, 27, 19, 4, 1329817975, 1362724361, 0, 9, 1211046300, 1
2, 27, 19, 4, 1329817975, 1362724361, 0, 8, 1216500102, 1
2, 27, 19, 4, 1329817975, 1362724361, 0, 7, 1032607405, 1
2, 27, 19, 4, 1329817975, 1362724361, 0, 6, 994411592, 1
2, 27, 19, 4, 1329817975, 1362724361, 0, 5, 847878907, 1
2, 27, 19, 4, 1329817975, 1362724361, 0, 4, 979458984, 1
2, 27, 19, 4, 1329817975, 1362724361, 0, 3, 724973120, 1
2, 27, 19, 4, 1329817975, 1362724361, 0, 2, 523533162, 1
2, 27, 19, 4, 1329817975, 1362724361, 0, 1, 1047066324, 1
2, 28, 19, 4, 1362724362, 1396862361, 0, 15, 91626244, 1
2, 28, 19, 4, 1362724362, 1396862361, 0, 14, 98170976, 1
2, 28, 19, 4, 1362724362, 1396862361, 0, 13, 105722590, 1
2, 28, 19, 4, 1362724362, 1396862361, 0, 12, 114532805, 1
2, 28, 19, 4, 1362724362, 1396862361, 0, 11, 124944878, 1
2, 28, 19, 4, 1362724362, 1396862361, 0, 10, 84551013, 1
2, 28, 19, 4, 1362724362, 1396862361, 0, 9, 93945570, 1
2, 28, 19, 4, 1362724362, 1396862361, 0, 8, 105688766, 1
2, 28, 19, 4, 1362724362, 1396862361, 0, 7, 120787161, 1
2, 28, 19, 4, 1362724362, 1396862361, 0, 6, 140918354, 1
2, 28, 19, 4, 1362724362, 1396862361, 0, 5, 57412170, 1
2, 28, 19, 4, 1362724362, 1396862361, 0, 4, 71765213, 1
2, 28, 19, 4, 1362724362, 1396862361, 0, 3, 95686950, 1
2, 28, 19, 4, 1362724362, 1396862361, 0, 2, 143530425, 1
2, 28, 19, 4, 1362724362, 1396862361, 0, 1, 287060849, 1
2, 29, 19, 4, 1396862362, 1462911232, 0, 15, 1595026, 1
2, 29, 19, 4, 1396862362, 1462911232, 0, 14, 106014, 1
2, 29, 19, 4, 1396862362, 1462911232, 0, 13, 114169, 1
2, 29, 19, 4, 1396862362, 1462911232, 0, 12, 123683, 1
2, 29, 19, 4, 1396862362, 1462911232, 0, 11, 1, 1
2, 29, 19, 4, 1396862362, 1462911232, 0, 10, 1, 1
2, 29, 19, 4, 1396862362, 1462911232, 0, 9, 1, 1
2, 29, 19, 4, 1396862362, 1462911232, 0, 8, 1, 1
2, 29, 19, 4, 1396862362, 1462911232, 0, 7, 1, 1
2, 29, 19, 4, 1396862362, 1462911232, 0, 6, 1, 1
2, 29, 19, 4, 1396862362, 1462911232, 0, 5, 1, 1
2, 29, 19, 4, 1396862362, 1462911232, 0, 4, 1, 1
2, 29, 19, 4, 1396862362, 1462911232, 0, 3, 1, 1
2, 29, 19, 4, 1396862362, 1462911232, 0, 2, 1, 1
2, 29, 19, 4, 1396862362, 1462911232, 0, 1, 1, 1
2, 30, 19, 4, 1462911233, 1581533396, 0, 15, 149203643, 1
2, 30, 19, 4, 1462911233, 1581533396, 0, 14, 137487033, 1
2, 30, 19, 4, 1462911233, 1581533396, 0, 13, 148062958, 1
2, 30, 19, 4, 1462911233, 1581533396, 0, 12, 155870927, 1
2, 30, 19, 4, 1462911233, 1581533396, 0, 11, 136998842, 1
2, 30, 19, 4, 1462911233, 1581533396, 0, 10, 119102616, 1
2, 30, 19, 4, 1462911233, 1581533396, 0, 9, 132336240, 1
2, 30, 19, 4, 1462911233, 1581533396, 0, 8, 148878270, 1
2, 30, 19, 4, 1462911233, 1581533396, 0, 7, 170146594, 1
2, 30, 19, 4, 1462911233, 1581533396, 0, 6, 198504360, 1
2, 30, 19, 4, 1462911233, 1581533396, 0, 5, 167285556, 1
2, 30, 19, 4, 1462911233, 1581533396, 0, 4, 127103765, 1
2, 30, 19, 4, 1462911233, 1581533396, 0, 3, 142070433, 1
2, 30, 19, 4, 1462911233, 1581533396, 0, 2, 65942394, 1
2, 30, 19, 4, 1462911233, 1581533396, 0, 1, 131884788, 1
2, 31, 19, 4, 1581533397, 1660903696, 0, 15, 2970261, 1
2, 31, 19, 4, 1581533397, 1660903696, 0, 14, 2677625, 1
2, 31, 19, 4, 1581533397, 1660903696, 0, 13, 2883596, 1
2, 31, 19, 4, 1581533397, 1660903696, 0, 12, 3123896, 1
2, 31, 19, 4, 1581533397, 1660903696, 0, 11, 3407886, 1
2, 31, 19, 4, 1581533397, 1660903696, 0, 10, 3748675, 1
2, 31, 19, 4, 1581533397, 1660903696, 0, 9, 4165194, 1
2, 31, 19, 4, 1581533397, 1660903696, 0, 8, 4685843, 1
2, 31, 19, 4, 1581533397, 1660903696, 0, 7, 5355249, 1
2, 31, 19, 4, 1581533397, 1660903696, 0, 6, 6247791, 1
2, 31, 19, 4, 1581533397, 1660903696, 0, 5, 1, 1
2, 31, 19, 4, 1581533397, 1660903696, 0, 4, 1, 1
2, 31, 19, 4, 1581533397, 1660903696, 0, 3, 1, 1
2, 31, 19, 4, 1581533397, 1660903696, 0, 2, 1, 1
2, 31, 19, 4, 1581533397, 1660903696, 0, 1, 1, 1
2, 32, 19, 4, 1660903697, 1749396296, 0, 15, 7501705, 1
2, 32, 19, 4, 1660903697, 1749396296, 0, 14, 8037541, 1
2, 32, 19, 4, 1660903697, 1749396296, 0, 13, 8655814, 1
2, 32, 19, 4, 1660903697, 1749396296, 0, 12, 9377131, 1
2, 32, 19, 4, 1660903697, 1749396296, 0, 11, 10229598, 1
2, 32, 19, 4, 1660903697, 1749396296, 0, 10, 11252558, 1
2, 32, 19, 4, 1660903697, 1749396296, 0, 9, 12502842, 1
2, 32, 19, 4, 1660903697, 1749396296, 0, 8, 14065697, 1
2, 32, 19, 4, 1660903697, 1749396296, 0, 7, 16075082, 1
2, 32, 19, 4, 1660903697, 1749396296, 0, 6, 4910021, 1
2, 32, 19, 4, 1660903697, 1749396296, 0, 5, 1, 1
2, 32, 19, 4, 1660903697, 1749396296, 0, 4, 1, 1
2, 32, 19, 4, 1660903697, 1749396296, 0, 3, 1, 1
2, 32, 19, 4, 1660903697, 1749396296, 0, 2, 1, 1
2, 32, 19, 4, 1660903697, 1749396296, 0, 1, 1, 1
2, 33, 19, 4, 1749396297, 1840053111, 0, 15, 1, 1
2, 33, 19, 4, 1749396297, 1840053111, 0, 14, 1, 1
2, 33, 19, 4, 1749396297, 1840053111, 0, 13, 1, 1
2, 33, 19, 4, 1749396297, 1840053111, 0, 12, 1, 1
2, 33, 19, 4, 1749396297, 1840053111, 0, 11, 1, 1
2, 33, 19, 4, 1749396297, 1840053111, 0, 10, 1, 1
2, 33, 19, 4, 1749396297, 1840053111, 0, 9, 1, 1
2, 33, 19, 4, 1749396297, 1840053111, 0, 8, 1, 1
2, 33, 19, 4, 1749396297, 1840053111, 0, 7, 1, 1
2, 33, 19, 4, 1749396297, 1840053111, 0, 6, 1, 1
2, 33, 19, 4, 1749396297, 1840053111, 0, 5, 1, 1
2, 33, 19, 4, 1749396297, 1840053111, 0, 4, 1, 1
2, 33, 19, 4, 1749396297, 1840053111, 0, 3, 1, 1
2, 33, 19, 4, 1749396297, 1840053111, 0, 2, 1, 1
2, 33, 19, 4, 1749396297, 1840053111, 0, 1, 1, 1
2, 34, 19, 4, 1840053112, 1921679100, 0, 15, 4023320, 1
2, 34, 19, 4, 1840053112, 1921679100, 0, 14, 4310700, 1
2, 34, 19, 4, 1840053112, 1921679100, 0, 13, 4642292, 1
2, 34, 19, 4, 1840053112, 1921679100, 0, 12, 5029149, 1
2, 34, 19, 4, 1840053112, 1921679100, 0, 11, 5486345, 1
2, 34, 19, 4, 1840053112, 1921679100, 0, 10, 6034979, 1
2, 34, 19, 4, 1840053112, 1921679100, 0, 9, 6705532, 1
2, 34, 19, 4, 1840053112, 1921679100, 0, 8, 7543724, 1
2, 34, 19, 4, 1840053112, 1921679100, 0, 7, 3082931, 1
2, 34, 19, 4, 1840053112, 1921679100, 0, 6, 3596753, 1
2, 34, 19, 4, 1840053112, 1921679100, 0, 5, 1, 1
2, 34, 19, 4, 1840053112, 1921679100, 0, 4, 1, 1
2, 34, 19, 4, 1840053112, 1921679100, 0, 3, 1, 1
2, 34, 19, 4, 1840053112, 1921679100, 0, 2, 1, 1
2, 34, 19, 4, 1840053112, 1921679100, 0, 1, 1, 1
2, 35, 19, 4, 1921679101, 1986345373, 0, 15, 13927819, 1
2, 35, 19, 4, 1921679101, 1986345373, 0, 14, 14922664, 1
2, 35, 19, 4, 1921679101, 1986345373, 0, 13, 16070561, 1
2, 35, 19, 4, 1921679101, 1986345373, 0, 12, 17409774, 1
2, 35, 19, 4, 1921679101, 1986345373, 0, 11, 18992481, 1
2, 35, 19, 4, 1921679101, 1986345373, 0, 10, 20891729, 1
2, 35, 19, 4, 1921679101, 1986345373, 0, 9, 23213032, 1
2, 35, 19, 4, 1921679101, 1986345373, 0, 8, 26114661, 1
2, 35, 19, 4, 1921679101, 1986345373, 0, 7, 29845327, 1
2, 35, 19, 4, 1921679101, 1986345373, 0, 6, 34819548, 1
2, 35, 19, 4, 1921679101, 1986345373, 0, 5, 27595029, 1
2, 35, 19, 4, 1921679101, 1986345373, 0, 4, 34493786, 1
2, 35, 19, 4, 1921679101, 1986345373, 0, 3, 40349785, 1
2, 35, 19, 4, 1921679101, 1986345373, 0, 2, 1, 1
2, 35, 19, 4, 1921679101, 1986345373, 0, 1, 1, 1
2, 36, 19, 4, 1986345374, 2009223783, 0, 15, 86659975, 1
2, 36, 19, 4, 1986345374, 2009223783, 0, 14, 92849973, 1
2, 36, 19, 4, 1986345374, 2009223783, 0, 13, 99992278, 1
2, 36, 19, 4, 1986345374, 2009223783, 0, 12, 108324968, 1
2, 36, 19, 4, 1986345374, 2009223783, 0, 11, 118172693, 1
2, 36, 19, 4, 1986345374, 2009223783, 0, 10, 129989962, 1
2, 36, 19, 4, 1986345374, 2009223783, 0, 9, 144433291, 1
2, 36, 19, 4, 1986345374, 2009223783, 0, 8, 162487452, 1
2, 36, 19, 4, 1986345374, 2009223783, 0, 7, 185699945, 1
2, 36, 19, 4, 1986345374, 2009223783, 0, 6, 216649936, 1
2, 36, 19, 4, 1986345374, 2009223783, 0, 5, 90711268, 1
2, 36, 19, 4, 1986345374, 2009223783, 0, 4, 113389085, 1
2, 36, 19, 4, 1986345374, 2009223783, 0, 3, 151185447, 1
2, 36, 19, 4, 1986345374, 2009223783, 0, 2, 226778170, 1
2, 36, 19, 4, 1986345374, 2009223783, 0, 1, 1, 1
2, 37, 19, 4, 2009223784, 2011812200, 0, 15, 1336645630, 1
2, 37, 19, 4, 2009223784, 2011812200, 0, 14, 1316736965, 1
2, 37, 19, 4, 2009223784, 2011812200, 0, 13, 1304062616, 1
2, 37, 19, 4, 2009223784, 2011812200, 0, 12, 1324751250, 1
2, 37, 19, 4, 2009223784, 2011812200, 0, 11, 1360416510, 1
2, 37, 19, 4, 2009223784, 2011812200, 0, 10, 1453990433, 1
2, 37, 19, 4, 2009223784, 2011812200, 0, 9, 1502714150, 1
2, 37, 19, 4, 2009223784, 2011812200, 0, 8, 1521351812, 1
2, 37, 19, 4, 2009223784, 2011812200, 0, 7, 1735340102, 1
2, 37, 19, 4, 2009223784, 2011812200, 0, 6, 1914568245, 1
2, 37, 19, 4, 2009223784, 2011812200, 0, 5, 2229375609, 1
2, 37, 19, 4, 2009223784, 2011812200, 0, 4, 2215102206, 1
2, 37, 19, 4, 2009223784, 2011812200, 0, 3, 2095624182, 1
2, 37, 19, 4, 2009223784, 2011812200, 0, 2, 1670566515, 1
2, 37, 19, 4, 2009223784, 2011812200, 0, 1, 2019068742, 1
2, 38, 19, 4, 2011812201, 2016060097, 0, 15, 2215865567, 1
2, 38, 19, 4, 2011812201, 2016060097, 0, 14, 2130078003, 1
2, 38, 19, 4, 2011812201, 2016060097, 0, 13, 2041389538, 1
2, 38, 19, 4, 2011812201, 2016060097, 0, 12, 1973395038, 1
2, 38, 19, 4, 2011812201, 2016060097, 0, 11, 1904252957, 1
2, 38, 19, 4, 2011812201, 2016060097, 0, 10, 1872058071, 1
2, 38, 19, 4, 2011812201, 2016060097, 0, 9, 1767064354, 1
2, 38, 19, 4, 2011812201, 2016060097, 0, 8, 1593555226, 1
2, 38, 19, 4, 2011812201, 2016060097, 0, 7, 1560497641, 1
2, 38, 19, 4, 2011812201, 2016060097, 0, 6, 1410331284, 1
2, 38, 19, 4, 2011812201, 2016060097, 0, 5, 1263986348, 1
2, 38, 19, 4, 2011812201, 2016060097, 0, 4, 1352312611, 1
2, 38, 19, 4, 2011812201, 2016060097, 0, 3, 1110279775, 1
2, 38, 19, 4, 2011812201, 2016060097, 0, 2, 291489548, 1
2, 38, 19, 4, 2011812201, 2016060097, 0, 1, 189466657, 1
2, 39, 19, 4, 2016060098, 2021010995, 0, 15, 1987432958, 1
2, 39, 19, 4, 2016060098, 2021010995, 0, 14, 1885315081, 1
2, 39, 19, 4, 2016060098, 2021010995, 0, 13, 1777783947, 1
2, 39, 19, 4, 2016060098, 2021010995, 0, 12, 1687806333, 1
2, 39, 19, 4, 2016060098, 2021010995, 0, 11, 1592684209, 1
2, 39, 19, 4, 2016060098, 2021010995, 0, 10, 1529313272, 1
2, 39, 19, 4, 2016060098, 2021010995, 0, 9, 1386215492, 1
2, 39, 19, 4, 2016060098, 2021010995, 0, 8, 1165076284, 1
2, 39, 19, 4, 2016060098, 2021010995, 0, 7, 1070780026, 1
2, 39, 19, 4, 2016060098, 2021010995, 0, 6, 838962104, 1
2, 39, 19, 4, 2016060098, 2021010995, 0, 5, 578304978, 1
2, 39, 19, 4, 2016060098, 2021010995, 0, 4, 495162956, 1
2, 39, 19, 4, 2016060098, 2021010995, 0, 3, 388029939, 1
2, 39, 19, 4, 2016060098, 2021010995, 0, 2, 291681319, 1
2, 39, 19, 4, 2016060098, 2021010995, 0, 1, 189658428, 1
2, 40, 19, 4, 2021010996, 2058290969, 0, 15, 2018722357, 1
2, 40, 19, 4, 2021010996, 2058290969, 0, 14, 1916528545, 1
2, 40, 19, 4, 2021010996, 2058290969, 0, 13, 1808909794, 1
2, 40, 19, 4, 2021010996, 2058290969, 0, 12, 1718829960, 1
2, 40, 19, 4, 2021010996, 2058290969, 0, 11, 1623587031, 1
2, 40, 19, 4, 2021010996, 2058290969, 0, 10, 1560071127, 1
2, 40, 19, 4, 2021010996, 2058290969, 0, 9, 1416796167, 1
2, 40, 19, 4, 2021010996, 2058290969, 0, 8, 1195435483, 1
2, 40, 19, 4, 2021010996, 2058290969, 0, 7, 1100854469, 1
2, 40, 19, 4, 2021010996, 2058290969, 0, 6, 868656875, 1
2, 40, 19, 4, 2021010996, 2058290969, 0, 5, 607468206, 1
2, 40, 19, 4, 2021010996, 2058290969, 0, 4, 523528870, 1
2, 40, 19, 4, 2021010996, 2058290969, 0, 3, 415066996, 1
2, 40, 19, 4, 2021010996, 2058290969, 0, 2, 317656583, 1
2, 40, 19, 4, 2021010996, 2058290969, 0, 1, 209827991, 1
2, 41, 19, 4, 2058290970, 2096458027, 0, 15, 1221664922, 1
2, 41, 19, 4, 2058290970, 2096458027, 0, 14, 1208321396, 1
2, 41, 19, 4, 2058290970, 2096458027, 0, 13, 1192925021, 1
2, 41, 19, 4, 2058290970, 2096458027, 0, 12, 1174962583, 1
2, 41, 19, 4, 2058290970, 2096458027, 0, 11, 1153734247, 1
2, 41, 19, 4, 2058290970, 2096458027, 0, 10, 1128260244, 1
2, 41, 19, 4, 2058290970, 2096458027, 0, 9, 1097125352, 1
2, 41, 19, 4, 2058290970, 2096458027, 0, 8, 998340744, 1
2, 41, 19, 4, 2058290970, 2096458027, 0, 7, 876996989, 1
2, 41, 19, 4, 2058290970, 2096458027, 0, 6, 758158881, 1
2, 41, 19, 4, 2058290970, 2096458027, 0, 5, 576053589, 1
2, 41, 19, 4, 2058290970, 2096458027, 0, 4, 470395811, 1
2, 41, 19, 4, 2058290970, 2096458027, 0, 3, 371794008, 1
2, 41, 19, 4, 2058290970, 2096458027, 0, 2, 281341073, 1
2, 41, 19, 4, 2058290970, 2096458027, 0, 1, 190052912, 1
