1, 1, 12, 17, 1, 98307288, 7, 2, 39860529, 1
1, 1, 12, 17, 1, 98307288, 7, 1, 33680167, 0
1, 1, 12, 17, 1, 98307288, 7, 0, 28668488, 0
1, 1, 12, 17, 1, 98307288, 6, 2, 45839608, 1
1, 1, 12, 17, 1, 98307288, 6, 1, 38861731, 0
1, 1, 12, 17, 1, 98307288, 6, 0, 33446569, 0
1, 1, 12, 17, 1, 98307288, 5, 2, 50558872, 1
1, 1, 12, 17, 1, 98307288, 5, 1, 45927501, 0
1, 1, 12, 17, 1, 98307288, 5, 0, 40135883, 0
1, 1, 12, 17, 1, 98307288, 4, 2, 59703418, 0
1, 1, 12, 17, 1, 98307288, 4, 1, 55131566, 0
1, 1, 12, 17, 1, 98307288, 4, 0, 50169854, 0
1, 1, 12, 17, 1, 98307288, 3, 2, 73228891, 0
1, 1, 12, 17, 1, 98307288, 3, 1, 67415661, 0
1, 1, 12, 17, 1, 98307288, 3, 0, 58801649, 0
1, 1, 12, 17, 1, 98307288, 2, 2, 72865048, 0
1, 1, 12, 17, 1, 98307288, 2, 1, 64469084, 0
1, 1, 12, 17, 1, 98307288, 2, 0, 56424849, 0
1, 1, 12, 17, 1, 98307288, 1, 2, 57049860, 0
1, 1, 12, 17, 1, 98307288, 1, 1, 49531798, 0
1, 1, 12, 17, 1, 98307288, 1, 0, 64885698, 0
1, 1, 12, 17, 1, 98307288, 0, 2, 47915681, 1
1, 1, 12, 17, 1, 98307288, 0, 1, 16423301, 1
1, 2, 12, 17, 98307289, 133886589, 7, 2, 674049799, 0
1, 2, 12, 17, 98307289, 133886589, 7, 1, 699210150, 0
1, 2, 12, 17, 98307289, 133886589, 7, 0, 704458825, 0
1, 2, 12, 17, 98307289, 133886589, 6, 2, 637128772, 0
1, 2, 12, 17, 98307289, 133886589, 6, 1, 667460402, 0
1, 2, 12, 17, 98307289, 133886589, 6, 0, 670938044, 0
1, 2, 12, 17, 98307289, 133886589, 5, 2, 597706628, 0
1, 2, 12, 17, 98307289, 133886589, 5, 1, 624165291, 0
1, 2, 12, 17, 98307289, 133886589, 5, 0, 624008951, 0
1, 2, 12, 17, 98307289, 133886589, 4, 2, 541389280, 0
1, 2, 12, 17, 98307289, 133886589, 4, 1, 561627909, 0
1, 2, 12, 17, 98307289, 133886589, 4, 0, 553615311, 0
1, 2, 12, 17, 98307289, 133886589, 3, 2, 478422949, 0
1, 2, 12, 17, 98307289, 133886589, 3, 1, 502883487, 0
1, 2, 12, 17, 98307289, 133886589, 3, 0, 528525995, 0
1, 2, 12, 17, 98307289, 133886589, 2, 2, 406407809, 0
1, 2, 12, 17, 98307289, 133886589, 2, 1, 437216349, 0
1, 2, 12, 17, 98307289, 133886589, 2, 0, 478347364, 0
1, 2, 12, 17, 98307289, 133886589, 1, 2, 341201985, 0
1, 2, 12, 17, 98307289, 133886589, 1, 1, 380874330, 0
1, 2, 12, 17, 98307289, 133886589, 1, 0, 463772955, 0
1, 2, 12, 17, 98307289, 133886589, 0, 2, 233738881, 1
1, 2, 12, 17, 98307289, 133886589, 0, 1, 240738508, 1
1, 3, 12, 17, 133886590, 161119814, 7, 2, 486655418, 0
1, 3, 12, 17, 133886590, 161119814, 7, 1, 522373871, 0
1, 3, 12, 17, 133886590, 161119814, 7, 0, 541752491, 0
1, 3, 12, 17, 133886590, 161119814, 6, 2, 508719473, 0
1, 3, 12, 17, 133886590, 161119814, 6, 1, 555314892, 0
1, 3, 12, 17, 133886590, 161119814, 6, 0, 580668366, 0
1, 3, 12, 17, 133886590, 161119814, 5, 2, 516558690, 0
1, 3, 12, 17, 133886590, 161119814, 5, 1, 551956990, 0
1, 3, 12, 17, 133886590, 161119814, 5, 0, 569267744, 0
1, 3, 12, 17, 133886590, 161119814, 4, 2, 521757867, 0
1, 3, 12, 17, 133886590, 161119814, 4, 1, 555201110, 0
1, 3, 12, 17, 133886590, 161119814, 4, 0, 577245067, 0
1, 3, 12, 17, 133886590, 161119814, 3, 2, 467520579, 0
1, 3, 12, 17, 133886590, 161119814, 3, 1, 510764303, 0
1, 3, 12, 17, 133886590, 161119814, 3, 0, 527765838, 0
1, 3, 12, 17, 133886590, 161119814, 2, 2, 440341742, 0
1, 3, 12, 17, 133886590, 161119814, 2, 1, 483050604, 0
1, 3, 12, 17, 133886590, 161119814, 2, 0, 431423458, 0
1, 3, 12, 17, 133886590, 161119814, 1, 2, 352226134, 0
1, 3, 12, 17, 133886590, 161119814, 1, 1, 371181695, 0
1, 3, 12, 17, 133886590, 161119814, 1, 0, 260658199, 0
1, 3, 12, 17, 133886590, 161119814, 0, 2, 162815290, 1
1, 3, 12, 17, 133886590, 161119814, 0, 1, 137940323, 1
1, 4, 12, 17, 161119815, 185139404, 7, 2, 142426570, 0
1, 4, 12, 17, 161119815, 185139404, 7, 1, 140959004, 0
1, 4, 12, 17, 161119815, 185139404, 7, 0, 173909931, 0
1, 4, 12, 17, 161119815, 185139404, 6, 2, 145885541, 0
1, 4, 12, 17, 161119815, 185139404, 6, 1, 140115204, 0
1, 4, 12, 17, 161119815, 185139404, 6, 0, 175437865, 0
1, 4, 12, 17, 161119815, 185139404, 5, 2, 152718105, 0
1, 4, 12, 17, 161119815, 185139404, 5, 1, 142291591, 0
1, 4, 12, 17, 161119815, 185139404, 5, 0, 184896422, 0
1, 4, 12, 17, 161119815, 185139404, 4, 2, 159864822, 0
1, 4, 12, 17, 161119815, 185139404, 4, 1, 141368899, 0
1, 4, 12, 17, 161119815, 185139404, 4, 0, 189934945, 0
1, 4, 12, 17, 161119815, 185139404, 3, 2, 126624605, 0
1, 4, 12, 17, 161119815, 185139404, 3, 1, 85514917, 0
1, 4, 12, 17, 161119815, 185139404, 3, 0, 71389730, 0
1, 4, 12, 17, 161119815, 185139404, 2, 2, 127726833, 0
1, 4, 12, 17, 161119815, 185139404, 2, 1, 79813923, 0
1, 4, 12, 17, 161119815, 185139404, 2, 0, 71389730, 0
1, 4, 12, 17, 161119815, 185139404, 1, 2, 130151735, 0
1, 4, 12, 17, 161119815, 185139404, 1, 1, 66511603, 0
1, 4, 12, 17, 161119815, 185139404, 1, 0, 71389730, 0
1, 4, 12, 17, 161119815, 185139404, 0, 2, 3789048, 1
1, 4, 12, 17, 161119815, 185139404, 0, 1, 1, 1
1, 5, 12, 17, 185139405, 254330393, 7, 2, 411019704, 0
1, 5, 12, 17, 185139405, 254330393, 7, 1, 407548279, 0
1, 5, 12, 17, 185139405, 254330393, 7, 0, 397672729, 0
1, 5, 12, 17, 185139405, 254330393, 6, 2, 413911640, 0
1, 5, 12, 17, 185139405, 254330393, 6, 1, 411798721, 0
1, 5, 12, 17, 185139405, 254330393, 6, 0, 408361905, 0
1, 5, 12, 17, 185139405, 254330393, 5, 2, 412367467, 0
1, 5, 12, 17, 185139405, 254330393, 5, 1, 409161555, 0
1, 5, 12, 17, 185139405, 254330393, 5, 0, 404773660, 0
1, 5, 12, 17, 185139405, 254330393, 4, 2, 386637565, 0
1, 5, 12, 17, 185139405, 254330393, 4, 1, 368759518, 0
1, 5, 12, 17, 185139405, 254330393, 4, 0, 399391291, 0
1, 5, 12, 17, 185139405, 254330393, 3, 2, 359725857, 0
1, 5, 12, 17, 185139405, 254330393, 3, 1, 324275660, 0
1, 5, 12, 17, 185139405, 254330393, 3, 0, 312788337, 0
1, 5, 12, 17, 185139405, 254330393, 2, 2, 348678945, 0
1, 5, 12, 17, 185139405, 254330393, 2, 1, 313487081, 0
1, 5, 12, 17, 185139405, 254330393, 2, 0, 312788337, 0
1, 5, 12, 17, 185139405, 254330393, 1, 2, 335609378, 0
1, 5, 12, 17, 185139405, 254330393, 1, 1, 307036466, 0
1, 5, 12, 17, 185139405, 254330393, 1, 0, 312788337, 0
1, 5, 12, 17, 185139405, 254330393, 0, 2, 236948382, 1
1, 5, 12, 17, 185139405, 254330393, 0, 1, 182017927, 1
1, 6, 12, 17, 254330394, 309832009, 7, 2, 284497498, 0
1, 6, 12, 17, 254330394, 309832009, 7, 1, 274221609, 0
1, 6, 12, 17, 254330394, 309832009, 7, 0, 276730248, 0
1, 6, 12, 17, 254330394, 309832009, 6, 2, 282333501, 0
1, 6, 12, 17, 254330394, 309832009, 6, 1, 269132882, 0
1, 6, 12, 17, 254330394, 309832009, 6, 0, 269580414, 0
1, 6, 12, 17, 254330394, 309832009, 5, 2, 283409947, 0
1, 6, 12, 17, 254330394, 309832009, 5, 1, 268382030, 0
1, 6, 12, 17, 254330394, 309832009, 5, 0, 264503015, 0
1, 6, 12, 17, 254330394, 309832009, 4, 2, 278323916, 0
1, 6, 12, 17, 254330394, 309832009, 4, 1, 256993758, 0
1, 6, 12, 17, 254330394, 309832009, 4, 0, 250721455, 0
1, 6, 12, 17, 254330394, 309832009, 3, 2, 271076401, 0
1, 6, 12, 17, 254330394, 309832009, 3, 1, 248941873, 0
1, 6, 12, 17, 254330394, 309832009, 3, 0, 250721455, 0
1, 6, 12, 17, 254330394, 309832009, 2, 2, 258393251, 0
1, 6, 12, 17, 254330394, 309832009, 2, 1, 234448480, 0
1, 6, 12, 17, 254330394, 309832009, 2, 0, 250721455, 0
1, 6, 12, 17, 254330394, 309832009, 1, 2, 230490320, 0
1, 6, 12, 17, 254330394, 309832009, 1, 1, 200630564, 0
1, 6, 12, 17, 254330394, 309832009, 1, 0, 250721455, 0
1, 6, 12, 17, 254330394, 309832009, 0, 2, 131209521, 1
1, 6, 12, 17, 254330394, 309832009, 0, 1, 56202828, 1
1, 7, 12, 17, 309832010, 325233101, 7, 2, 687330, 1
1, 7, 12, 17, 309832010, 325233101, 7, 1, 1, 1
1, 7, 12, 17, 309832010, 325233101, 7, 0, 1, 0
1, 7, 12, 17, 309832010, 325233101, 6, 2, 790429, 1
1, 7, 12, 17, 309832010, 325233101, 6, 1, 1, 1
1, 7, 12, 17, 309832010, 325233101, 6, 0, 1, 0
1, 7, 12, 17, 309832010, 325233101, 5, 2, 929916, 1
1, 7, 12, 17, 309832010, 325233101, 5, 1, 1, 1
1, 7, 12, 17, 309832010, 325233101, 5, 0, 1, 0
1, 7, 12, 17, 309832010, 325233101, 4, 2, 1129184, 1
1, 7, 12, 17, 309832010, 325233101, 4, 1, 1, 1
1, 7, 12, 17, 309832010, 325233101, 4, 0, 1, 0
1, 7, 12, 17, 309832010, 325233101, 3, 2, 1437143, 1
1, 7, 12, 17, 309832010, 325233101, 3, 1, 1, 1
1, 7, 12, 17, 309832010, 325233101, 3, 0, 1, 0
1, 7, 12, 17, 309832010, 325233101, 2, 2, 1976072, 1
1, 7, 12, 17, 309832010, 325233101, 2, 1, 1, 1
1, 7, 12, 17, 309832010, 325233101, 2, 0, 1, 0
1, 7, 12, 17, 309832010, 325233101, 1, 2, 3161715, 1
1, 7, 12, 17, 309832010, 325233101, 1, 1, 1, 1
1, 7, 12, 17, 309832010, 325233101, 1, 0, 1, 0
1, 7, 12, 17, 309832010, 325233101, 0, 2, 1, 1
1, 7, 12, 17, 309832010, 325233101, 0, 1, 1, 1
1, 8, 12, 17, 325233102, 366367825, 7, 2, 518922166, 0
1, 8, 12, 17, 325233102, 366367825, 7, 1, 470552759, 0
1, 8, 12, 17, 325233102, 366367825, 7, 0, 473944429, 0
1, 8, 12, 17, 325233102, 366367825, 6, 2, 492733036, 0
1, 8, 12, 17, 325233102, 366367825, 6, 1, 434099471, 0
1, 8, 12, 17, 325233102, 366367825, 6, 0, 436983631, 0
1, 8, 12, 17, 325233102, 366367825, 5, 2, 465692232, 0
1, 8, 12, 17, 325233102, 366367825, 5, 1, 394862669, 0
1, 8, 12, 17, 325233102, 366367825, 5, 0, 378911097, 0
1, 8, 12, 17, 325233102, 366367825, 4, 2, 423633247, 0
1, 8, 12, 17, 325233102, 366367825, 4, 1, 337700986, 0
1, 8, 12, 17, 325233102, 366367825, 4, 0, 311554949, 0
1, 8, 12, 17, 325233102, 366367825, 3, 2, 427733690, 0
1, 8, 12, 17, 325233102, 366367825, 3, 1, 348104478, 0
1, 8, 12, 17, 325233102, 366367825, 3, 0, 324466600, 0
1, 8, 12, 17, 325233102, 366367825, 2, 2, 387136692, 0
1, 8, 12, 17, 325233102, 366367825, 2, 1, 294195431, 0
1, 8, 12, 17, 325233102, 366367825, 2, 0, 350289902, 0
1, 8, 12, 17, 325233102, 366367825, 1, 2, 349537653, 0
1, 8, 12, 17, 325233102, 366367825, 1, 1, 263643241, 0
1, 8, 12, 17, 325233102, 366367825, 1, 0, 350289902, 0
1, 8, 12, 17, 325233102, 366367825, 0, 2, 197880029, 1
1, 8, 12, 17, 325233102, 366367825, 0, 1, 110882291, 1
1, 9, 12, 17, 366367826, 403756005, 7, 2, 214125415, 0
1, 9, 12, 17, 366367826, 403756005, 7, 1, 208059895, 0
1, 9, 12, 17, 366367826, 403756005, 7, 0, 200489060, 0
1, 9, 12, 17, 366367826, 403756005, 6, 2, 214188965, 0
1, 9, 12, 17, 366367826, 403756005, 6, 1, 205332251, 0
1, 9, 12, 17, 366367826, 403756005, 6, 0, 196272306, 0
1, 9, 12, 17, 366367826, 403756005, 5, 2, 215088737, 0
1, 9, 12, 17, 366367826, 403756005, 5, 1, 202870416, 0
1, 9, 12, 17, 366367826, 403756005, 5, 0, 190368851, 0
1, 9, 12, 17, 366367826, 403756005, 4, 2, 211968159, 0
1, 9, 12, 17, 366367826, 403756005, 4, 1, 192192734, 0
1, 9, 12, 17, 366367826, 403756005, 4, 0, 181513669, 0
1, 9, 12, 17, 366367826, 403756005, 3, 2, 209492880, 0
1, 9, 12, 17, 366367826, 403756005, 3, 1, 190727568, 0
1, 9, 12, 17, 366367826, 403756005, 3, 0, 185734210, 0
1, 9, 12, 17, 366367826, 403756005, 2, 2, 205161142, 0
1, 9, 12, 17, 366367826, 403756005, 2, 1, 188090270, 0
1, 9, 12, 17, 366367826, 403756005, 2, 0, 194175292, 0
1, 9, 12, 17, 366367826, 403756005, 1, 2, 175449858, 0
1, 9, 12, 17, 366367826, 403756005, 1, 1, 148300810, 0
1, 9, 12, 17, 366367826, 403756005, 1, 0, 168852046, 0
1, 9, 12, 17, 366367826, 403756005, 0, 2, 81927972, 1
1, 9, 12, 17, 366367826, 403756005, 0, 1, 1, 1
1, 10, 12, 17, 403756006, 413114445, 7, 2, 1, 1
1, 10, 12, 17, 403756006, 413114445, 7, 1, 1, 1
1, 10, 12, 17, 403756006, 413114445, 7, 0, 1, 0
1, 10, 12, 17, 403756006, 413114445, 6, 2, 1, 1
1, 10, 12, 17, 403756006, 413114445, 6, 1, 1, 1
1, 10, 12, 17, 403756006, 413114445, 6, 0, 1, 0
1, 10, 12, 17, 403756006, 413114445, 5, 2, 1, 1
1, 10, 12, 17, 403756006, 413114445, 5, 1, 1, 1
1, 10, 12, 17, 403756006, 413114445, 5, 0, 1, 0
1, 10, 12, 17, 403756006, 413114445, 4, 2, 1, 1
1, 10, 12, 17, 403756006, 413114445, 4, 1, 1, 1
1, 10, 12, 17, 403756006, 413114445, 4, 0, 1, 0
1, 10, 12, 17, 403756006, 413114445, 3, 2, 1, 1
1, 10, 12, 17, 403756006, 413114445, 3, 1, 1, 1
1, 10, 12, 17, 403756006, 413114445, 3, 0, 1, 0
1, 10, 12, 17, 403756006, 413114445, 2, 2, 1, 1
1, 10, 12, 17, 403756006, 413114445, 2, 1, 1, 1
1, 10, 12, 17, 403756006, 413114445, 2, 0, 1, 0
1, 10, 12, 17, 403756006, 413114445, 1, 2, 1, 1
1, 10, 12, 17, 403756006, 413114445, 1, 1, 1, 1
1, 10, 12, 17, 403756006, 413114445, 1, 0, 1, 0
1, 10, 12, 17, 403756006, 413114445, 0, 2, 1, 1
1, 10, 12, 17, 403756006, 413114445, 0, 1, 1, 1
1, 11, 12, 17, 413114446, 497576567, 7, 2, 298086607, 0
1, 11, 12, 17, 413114446, 497576567, 7, 1, 287270165, 0
1, 11, 12, 17, 413114446, 497576567, 7, 0, 277688972, 0
1, 11, 12, 17, 413114446, 497576567, 6, 2, 298722645, 0
1, 11, 12, 17, 413114446, 497576567, 6, 1, 285715002, 0
1, 11, 12, 17, 413114446, 497576567, 6, 0, 272033402, 0
1, 11, 12, 17, 413114446, 497576567, 5, 2, 299583166, 0
1, 11, 12, 17, 413114446, 497576567, 5, 1, 283594325, 0
1, 11, 12, 17, 413114446, 497576567, 5, 0, 269813071, 0
1, 11, 12, 17, 413114446, 497576567, 4, 2, 298777672, 0
1, 11, 12, 17, 413114446, 497576567, 4, 1, 277365865, 0
1, 11, 12, 17, 413114446, 497576567, 4, 0, 259360741, 0
1, 11, 12, 17, 413114446, 497576567, 3, 2, 296329646, 0
1, 11, 12, 17, 413114446, 497576567, 3, 1, 276352606, 0
1, 11, 12, 17, 413114446, 497576567, 3, 0, 262413605, 0
1, 11, 12, 17, 413114446, 497576567, 2, 2, 289755953, 0
1, 11, 12, 17, 413114446, 497576567, 2, 1, 270865304, 0
1, 11, 12, 17, 413114446, 497576567, 2, 0, 259360741, 0
1, 11, 12, 17, 413114446, 497576567, 1, 2, 280991295, 0
1, 11, 12, 17, 413114446, 497576567, 1, 1, 267557376, 0
1, 11, 12, 17, 413114446, 497576567, 1, 0, 250202149, 0
1, 11, 12, 17, 413114446, 497576567, 0, 2, 240847586, 1
1, 11, 12, 17, 413114446, 497576567, 0, 1, 240847586, 1
1, 12, 12, 17, 497576568, 537578921, 7, 2, 5861776, 0
1, 12, 12, 17, 497576568, 537578921, 7, 1, 6472967, 0
1, 12, 12, 17, 497576568, 537578921, 7, 0, 9149653, 0
1, 12, 12, 17, 497576568, 537578921, 6, 2, 6741042, 0
1, 12, 12, 17, 497576568, 537578921, 6, 1, 7468808, 0
1, 12, 12, 17, 497576568, 537578921, 6, 0, 10674596, 0
1, 12, 12, 17, 497576568, 537578921, 5, 2, 7930638, 0
1, 12, 12, 17, 497576568, 537578921, 5, 1, 8826773, 0
1, 12, 12, 17, 497576568, 537578921, 5, 0, 12809515, 0
1, 12, 12, 17, 497576568, 537578921, 4, 2, 9630060, 0
1, 12, 12, 17, 497576568, 537578921, 4, 1, 10788278, 0
1, 12, 12, 17, 497576568, 537578921, 4, 0, 16011893, 0
1, 12, 12, 17, 497576568, 537578921, 3, 2, 9636029, 0
1, 12, 12, 17, 497576568, 537578921, 3, 1, 9752854, 0
1, 12, 12, 17, 497576568, 537578921, 3, 0, 11741016, 0
1, 12, 12, 17, 497576568, 537578921, 2, 2, 2397131, 1
1, 12, 12, 17, 497576568, 537578921, 2, 1, 3835410, 1
1, 12, 12, 17, 497576568, 537578921, 2, 0, 1, 0
1, 12, 12, 17, 497576568, 537578921, 1, 2, 3835410, 1
1, 12, 12, 17, 497576568, 537578921, 1, 1, 6392350, 1
1, 12, 12, 17, 497576568, 537578921, 1, 0, 1, 0
1, 12, 12, 17, 497576568, 537578921, 0, 2, 1, 1
1, 12, 12, 17, 497576568, 537578921, 0, 1, 1, 1
1, 13, 12, 17, 537578922, 583648065, 7, 2, 37264736, 0
1, 13, 12, 17, 537578922, 583648065, 7, 1, 25370654, 0
1, 13, 12, 17, 537578922, 583648065, 7, 0, 21873492, 0
1, 13, 12, 17, 537578922, 583648065, 6, 2, 38491676, 0
1, 13, 12, 17, 537578922, 583648065, 6, 1, 23075698, 0
1, 13, 12, 17, 537578922, 583648065, 6, 0, 18804429, 0
1, 13, 12, 17, 537578922, 583648065, 5, 2, 40793650, 0
1, 13, 12, 17, 537578922, 583648065, 5, 1, 20938389, 0
1, 13, 12, 17, 537578922, 583648065, 5, 0, 14507741, 0
1, 13, 12, 17, 537578922, 583648065, 4, 2, 42706849, 0
1, 13, 12, 17, 537578922, 583648065, 4, 1, 19063825, 0
1, 13, 12, 17, 537578922, 583648065, 4, 0, 10791195, 0
1, 13, 12, 17, 537578922, 583648065, 3, 2, 41013672, 0
1, 13, 12, 17, 537578922, 583648065, 3, 1, 18772758, 0
1, 13, 12, 17, 537578922, 583648065, 3, 0, 10791195, 0
1, 13, 12, 17, 537578922, 583648065, 2, 2, 38050614, 0
1, 13, 12, 17, 537578922, 583648065, 2, 1, 18248837, 0
1, 13, 12, 17, 537578922, 583648065, 2, 0, 10791195, 0
1, 13, 12, 17, 537578922, 583648065, 1, 2, 29349097, 0
1, 13, 12, 17, 537578922, 583648065, 1, 1, 13388374, 0
1, 13, 12, 17, 537578922, 583648065, 1, 0, 10791195, 0
1, 13, 12, 17, 537578922, 583648065, 0, 2, 1, 1
1, 13, 12, 17, 537578922, 583648065, 0, 1, 1, 1
1, 14, 12, 17, 583648066, 617107277, 7, 2, 5053285, 0
1, 14, 12, 17, 583648066, 617107277, 7, 1, 5650070, 0
1, 14, 12, 17, 583648066, 617107277, 7, 0, 11544830, 0
1, 14, 12, 17, 583648066, 617107277, 6, 2, 5811277, 0
1, 14, 12, 17, 583648066, 617107277, 6, 1, 6519311, 0
1, 14, 12, 17, 583648066, 617107277, 6, 0, 13468968, 0
1, 14, 12, 17, 583648066, 617107277, 5, 2, 6836797, 0
1, 14, 12, 17, 583648066, 617107277, 5, 1, 7704640, 0
1, 14, 12, 17, 583648066, 617107277, 5, 0, 16162761, 0
1, 14, 12, 17, 583648066, 617107277, 4, 2, 8301824, 0
1, 14, 12, 17, 583648066, 617107277, 4, 1, 9416783, 0
1, 14, 12, 17, 583648066, 617107277, 4, 0, 20203452, 0
1, 14, 12, 17, 583648066, 617107277, 3, 2, 6153661, 0
1, 14, 12, 17, 583648066, 617107277, 3, 1, 5173682, 0
1, 14, 12, 17, 583648066, 617107277, 3, 0, 10759512, 0
1, 14, 12, 17, 583648066, 617107277, 2, 2, 6819154, 0
1, 14, 12, 17, 583648066, 617107277, 2, 1, 4615747, 0
1, 14, 12, 17, 583648066, 617107277, 2, 0, 9570750, 0
1, 14, 12, 17, 583648066, 617107277, 1, 2, 7082346, 1
1, 14, 12, 17, 583648066, 617107277, 1, 1, 1312412, 1
1, 14, 12, 17, 583648066, 617107277, 1, 0, 1, 0
1, 14, 12, 17, 583648066, 617107277, 0, 2, 1, 1
1, 14, 12, 17, 583648066, 617107277, 0, 1, 1, 1
1, 15, 12, 17, 617107278, 684214148, 7, 2, 32109989, 0
1, 15, 12, 17, 617107278, 684214148, 7, 1, 27057511, 0
1, 15, 12, 17, 617107278, 684214148, 7, 0, 19622302, 0
1, 15, 12, 17, 617107278, 684214148, 6, 2, 33982195, 0
1, 15, 12, 17, 617107278, 684214148, 6, 1, 26690526, 0
1, 15, 12, 17, 617107278, 684214148, 6, 0, 17985533, 0
1, 15, 12, 17, 617107278, 684214148, 5, 2, 36515181, 0
1, 15, 12, 17, 617107278, 684214148, 5, 1, 26190091, 0
1, 15, 12, 17, 617107278, 684214148, 5, 0, 15694056, 0
1, 15, 12, 17, 617107278, 684214148, 4, 2, 38085535, 0
1, 15, 12, 17, 617107278, 684214148, 4, 1, 25467240, 0
1, 15, 12, 17, 617107278, 684214148, 4, 0, 12256841, 0
1, 15, 12, 17, 617107278, 684214148, 3, 2, 37786472, 0
1, 15, 12, 17, 617107278, 684214148, 3, 1, 26786486, 0
1, 15, 12, 17, 617107278, 684214148, 3, 0, 12256841, 0
1, 15, 12, 17, 617107278, 684214148, 2, 2, 33158111, 0
1, 15, 12, 17, 617107278, 684214148, 2, 1, 22593126, 0
1, 15, 12, 17, 617107278, 684214148, 2, 0, 12256841, 0
1, 15, 12, 17, 617107278, 684214148, 1, 2, 30198500, 0
1, 15, 12, 17, 617107278, 684214148, 1, 1, 24846592, 0
1, 15, 12, 17, 617107278, 684214148, 1, 0, 12256841, 0
1, 15, 12, 17, 617107278, 684214148, 0, 2, 303096, 1
1, 15, 12, 17, 617107278, 684214148, 0, 1, 1, 1
1, 16, 12, 17, 684214149, 769666420, 7, 2, 119726617, 0
1, 16, 12, 17, 684214149, 769666420, 7, 1, 105488220, 0
1, 16, 12, 17, 684214149, 769666420, 7, 0, 77087327, 0
1, 16, 12, 17, 684214149, 769666420, 6, 2, 105880074, 0
1, 16, 12, 17, 684214149, 769666420, 6, 1, 79059841, 0
1, 16, 12, 17, 684214149, 769666420, 6, 0, 73990384, 0
1, 16, 12, 17, 684214149, 769666420, 5, 2, 109446350, 0
1, 16, 12, 17, 684214149, 769666420, 5, 1, 76039997, 0
1, 16, 12, 17, 684214149, 769666420, 5, 0, 69654663, 0
1, 16, 12, 17, 684214149, 769666420, 4, 2, 110107609, 0
1, 16, 12, 17, 684214149, 769666420, 4, 1, 71677999, 0
1, 16, 12, 17, 684214149, 769666420, 4, 0, 63151083, 0
1, 16, 12, 17, 684214149, 769666420, 3, 2, 88054604, 0
1, 16, 12, 17, 684214149, 769666420, 3, 1, 71964948, 0
1, 16, 12, 17, 684214149, 769666420, 3, 0, 70066622, 0
1, 16, 12, 17, 684214149, 769666420, 2, 2, 84902454, 0
1, 16, 12, 17, 684214149, 769666420, 2, 1, 72481456, 0
1, 16, 12, 17, 684214149, 769666420, 2, 0, 83897701, 0
1, 16, 12, 17, 684214149, 769666420, 1, 2, 62562640, 0
1, 16, 12, 17, 684214149, 769666420, 1, 1, 47115786, 0
1, 16, 12, 17, 684214149, 769666420, 1, 0, 42404465, 0
1, 16, 12, 17, 684214149, 769666420, 0, 2, 11716093, 1
1, 16, 12, 17, 684214149, 769666420, 0, 1, 1, 1
1, 17, 12, 17, 769666421, 816730649, 7, 2, 142878034, 0
1, 17, 12, 17, 769666421, 816730649, 7, 1, 145379428, 0
1, 17, 12, 17, 769666421, 816730649, 7, 0, 115792102, 0
1, 17, 12, 17, 769666421, 816730649, 6, 2, 133462171, 0
1, 17, 12, 17, 769666421, 816730649, 6, 1, 126363697, 0
1, 17, 12, 17, 769666421, 816730649, 6, 0, 119575513, 0
1, 17, 12, 17, 769666421, 816730649, 5, 2, 141416009, 0
1, 17, 12, 17, 769666421, 816730649, 5, 1, 132413162, 0
1, 17, 12, 17, 769666421, 816730649, 5, 0, 124872288, 0
1, 17, 12, 17, 769666421, 816730649, 4, 2, 127896753, 0
1, 17, 12, 17, 769666421, 816730649, 4, 1, 102446130, 0
1, 17, 12, 17, 769666421, 816730649, 4, 0, 45730864, 0
1, 17, 12, 17, 769666421, 816730649, 3, 2, 84449747, 0
1, 17, 12, 17, 769666421, 816730649, 3, 1, 70762459, 0
1, 17, 12, 17, 769666421, 816730649, 3, 0, 51318807, 0
1, 17, 12, 17, 769666421, 816730649, 2, 2, 74358296, 0
1, 17, 12, 17, 769666421, 816730649, 2, 1, 60762754, 0
1, 17, 12, 17, 769666421, 816730649, 2, 0, 28967035, 0
1, 17, 12, 17, 769666421, 816730649, 1, 2, 55298335, 0
1, 17, 12, 17, 769666421, 816730649, 1, 1, 42665491, 0
1, 17, 12, 17, 769666421, 816730649, 1, 0, 28967035, 0
1, 17, 12, 17, 769666421, 816730649, 0, 2, 5937801, 1
1, 17, 12, 17, 769666421, 816730649, 0, 1, 5937801, 1
1, 18, 12, 17, 816730650, 855265065, 7, 2, 49047511, 0
1, 18, 12, 17, 816730650, 855265065, 7, 1, 42580879, 0
1, 18, 12, 17, 816730650, 855265065, 7, 0, 27969299, 0
1, 18, 12, 17, 816730650, 855265065, 6, 2, 49605775, 0
1, 18, 12, 17, 816730650, 855265065, 6, 1, 41786594, 0
1, 18, 12, 17, 816730650, 855265065, 6, 0, 24874348, 0
1, 18, 12, 17, 816730650, 855265065, 5, 2, 50693130, 0
1, 18, 12, 17, 816730650, 855265065, 5, 1, 40484437, 0
1, 18, 12, 17, 816730650, 855265065, 5, 0, 20059526, 0
1, 18, 12, 17, 816730650, 855265065, 4, 2, 48578698, 1
1, 18, 12, 17, 816730650, 855265065, 4, 1, 32898080, 1
1, 18, 12, 17, 816730650, 855265065, 4, 0, 1, 0
1, 18, 12, 17, 816730650, 855265065, 3, 2, 43981762, 1
1, 18, 12, 17, 816730650, 855265065, 3, 1, 27969299, 1
1, 18, 12, 17, 816730650, 855265065, 3, 0, 1, 0
1, 18, 12, 17, 816730650, 855265065, 2, 2, 42355770, 1
1, 18, 12, 17, 816730650, 855265065, 2, 1, 29367326, 1
1, 18, 12, 17, 816730650, 855265065, 2, 0, 1, 0
1, 18, 12, 17, 816730650, 855265065, 1, 2, 28508754, 1
1, 18, 12, 17, 816730650, 855265065, 1, 1, 15513001, 1
1, 18, 12, 17, 816730650, 855265065, 1, 0, 1, 0
1, 18, 12, 17, 816730650, 855265065, 0, 2, 1, 1
1, 18, 12, 17, 816730650, 855265065, 0, 1, 1, 1
1, 19, 12, 17, 855265066, 920871041, 7, 2, 82587030, 0
1, 19, 12, 17, 855265066, 920871041, 7, 1, 79980707, 0
1, 19, 12, 17, 855265066, 920871041, 7, 0, 51953388, 0
1, 19, 12, 17, 855265066, 920871041, 6, 2, 80762354, 0
1, 19, 12, 17, 855265066, 920871041, 6, 1, 78670693, 0
1, 19, 12, 17, 855265066, 920871041, 6, 0, 50400633, 0
1, 19, 12, 17, 855265066, 920871041, 5, 2, 77018406, 0
1, 19, 12, 17, 855265066, 920871041, 5, 1, 71934151, 1
1, 19, 12, 17, 855265066, 920871041, 5, 0, 37336424, 0
1, 19, 12, 17, 855265066, 920871041, 4, 2, 79935742, 0
1, 19, 12, 17, 855265066, 920871041, 4, 1, 75061553, 0
1, 19, 12, 17, 855265066, 920871041, 4, 0, 46670530, 0
1, 19, 12, 17, 855265066, 920871041, 3, 2, 77256797, 0
1, 19, 12, 17, 855265066, 920871041, 3, 1, 73870330, 0
1, 19, 12, 17, 855265066, 920871041, 3, 0, 46421746, 0
1, 19, 12, 17, 855265066, 920871041, 2, 2, 71762690, 0
1, 19, 12, 17, 855265066, 920871041, 2, 1, 70436603, 0
1, 19, 12, 17, 855265066, 920871041, 2, 0, 45038810, 0
1, 19, 12, 17, 855265066, 920871041, 1, 2, 61916408, 0
1, 19, 12, 17, 855265066, 920871041, 1, 1, 66159162, 0
1, 19, 12, 17, 855265066, 920871041, 1, 0, 47416882, 0
1, 19, 12, 17, 855265066, 920871041, 0, 2, 20153208, 1
1, 19, 12, 17, 855265066, 920871041, 0, 1, 40015815, 1
1, 20, 12, 17, 920871042, 1013036601, 7, 2, 92997130, 0
1, 20, 12, 17, 920871042, 1013036601, 7, 1, 89162073, 0
1, 20, 12, 17, 920871042, 1013036601, 7, 0, 76110256, 0
1, 20, 12, 17, 920871042, 1013036601, 6, 2, 90324990, 0
1, 20, 12, 17, 920871042, 1013036601, 6, 1, 86509403, 0
1, 20, 12, 17, 920871042, 1013036601, 6, 0, 71061227, 0
1, 20, 12, 17, 920871042, 1013036601, 5, 2, 85840473, 0
1, 20, 12, 17, 920871042, 1013036601, 5, 1, 78367137, 0
1, 20, 12, 17, 920871042, 1013036601, 5, 0, 63992587, 0
1, 20, 12, 17, 920871042, 1013036601, 4, 2, 90589684, 0
1, 20, 12, 17, 920871042, 1013036601, 4, 1, 83959343, 0
1, 20, 12, 17, 920871042, 1013036601, 4, 0, 79990734, 0
1, 20, 12, 17, 920871042, 1013036601, 3, 2, 85990957, 0
1, 20, 12, 17, 920871042, 1013036601, 3, 1, 80204916, 0
1, 20, 12, 17, 920871042, 1013036601, 3, 0, 77389230, 0
1, 20, 12, 17, 920871042, 1013036601, 2, 2, 77943185, 0
1, 20, 12, 17, 920871042, 1013036601, 2, 1, 73446948, 0
1, 20, 12, 17, 920871042, 1013036601, 2, 0, 72186222, 0
1, 20, 12, 17, 920871042, 1013036601, 1, 2, 66481697, 0
1, 20, 12, 17, 920871042, 1013036601, 1, 1, 68084371, 0
1, 20, 12, 17, 920871042, 1013036601, 1, 0, 87795246, 0
1, 20, 12, 17, 920871042, 1013036601, 0, 2, 5026720, 1
1, 20, 12, 17, 920871042, 1013036601, 0, 1, 10053440, 1
1, 21, 12, 17, 1013036602, 1089599178, 7, 2, 103710279, 0
1, 21, 12, 17, 1013036602, 1089599178, 7, 1, 94747126, 0
1, 21, 12, 17, 1013036602, 1089599178, 7, 0, 80067204, 0
1, 21, 12, 17, 1013036602, 1089599178, 6, 2, 101913815, 0
1, 21, 12, 17, 1013036602, 1089599178, 6, 1, 90465155, 0
1, 21, 12, 17, 1013036602, 1089599178, 6, 0, 72892519, 0
1, 21, 12, 17, 1013036602, 1089599178, 5, 2, 99420319, 0
1, 21, 12, 17, 1013036602, 1089599178, 5, 1, 84528762, 0
1, 21, 12, 17, 1013036602, 1089599178, 5, 0, 62847959, 0
1, 21, 12, 17, 1013036602, 1089599178, 4, 2, 104652133, 0
1, 21, 12, 17, 1013036602, 1089599178, 4, 1, 89633451, 0
1, 21, 12, 17, 1013036602, 1089599178, 4, 0, 78559949, 0
1, 21, 12, 17, 1013036602, 1089599178, 3, 2, 101207732, 0
1, 21, 12, 17, 1013036602, 1089599178, 3, 1, 87338345, 0
1, 21, 12, 17, 1013036602, 1089599178, 3, 0, 80674156, 0
1, 21, 12, 17, 1013036602, 1089599178, 2, 2, 95180031, 0
1, 21, 12, 17, 1013036602, 1089599178, 2, 1, 83207154, 0
1, 21, 12, 17, 1013036602, 1089599178, 2, 0, 84902569, 0
1, 21, 12, 17, 1013036602, 1089599178, 1, 2, 85036759, 0
1, 21, 12, 17, 1013036602, 1089599178, 1, 1, 78763825, 0
1, 21, 12, 17, 1013036602, 1089599178, 1, 0, 113176158, 0
1, 21, 12, 17, 1013036602, 1089599178, 0, 2, 16190081, 1
1, 21, 12, 17, 1013036602, 1089599178, 0, 1, 1, 1
1, 22, 12, 17, 1089599179, 1160777025, 7, 2, 157628364, 0
1, 22, 12, 17, 1089599179, 1160777025, 7, 1, 148543821, 0
1, 22, 12, 17, 1089599179, 1160777025, 7, 0, 107663866, 0
1, 22, 12, 17, 1089599179, 1160777025, 6, 2, 155223282, 0
1, 22, 12, 17, 1089599179, 1160777025, 6, 1, 143883833, 0
1, 22, 12, 17, 1089599179, 1160777025, 6, 0, 95802220, 0
1, 22, 12, 17, 1089599179, 1160777025, 5, 2, 121550142, 0
1, 22, 12, 17, 1089599179, 1160777025, 5, 1, 115652160, 0
1, 22, 12, 17, 1089599179, 1160777025, 5, 0, 78055801, 0
1, 22, 12, 17, 1089599179, 1160777025, 4, 2, 127913707, 0
1, 22, 12, 17, 1089599179, 1160777025, 4, 1, 125942741, 0
1, 22, 12, 17, 1089599179, 1160777025, 4, 0, 97569751, 0
1, 22, 12, 17, 1089599179, 1160777025, 3, 2, 123840349, 0
1, 22, 12, 17, 1089599179, 1160777025, 3, 1, 123087283, 0
1, 22, 12, 17, 1089599179, 1160777025, 3, 0, 99079688, 0
1, 22, 12, 17, 1089599179, 1160777025, 2, 2, 115244434, 0
1, 22, 12, 17, 1089599179, 1160777025, 2, 1, 115599396, 0
1, 22, 12, 17, 1089599179, 1160777025, 2, 0, 99079688, 0
1, 22, 12, 17, 1089599179, 1160777025, 1, 2, 97473534, 0
1, 22, 12, 17, 1089599179, 1160777025, 1, 1, 100027850, 0
1, 22, 12, 17, 1089599179, 1160777025, 1, 0, 99079688, 0
1, 22, 12, 17, 1089599179, 1160777025, 0, 2, 22170120, 1
1, 22, 12, 17, 1089599179, 1160777025, 0, 1, 22170120, 1
1, 23, 12, 17, 1160777026, 1242301101, 7, 2, 213841007, 0
1, 23, 12, 17, 1160777026, 1242301101, 7, 1, 206682729, 0
1, 23, 12, 17, 1160777026, 1242301101, 7, 0, 217624022, 0
1, 23, 12, 17, 1160777026, 1242301101, 6, 2, 200115375, 0
1, 23, 12, 17, 1160777026, 1242301101, 6, 1, 180363576, 0
1, 23, 12, 17, 1160777026, 1242301101, 6, 0, 161722875, 0
1, 23, 12, 17, 1160777026, 1242301101, 5, 2, 169327084, 0
1, 23, 12, 17, 1160777026, 1242301101, 5, 1, 154093456, 0
1, 23, 12, 17, 1160777026, 1242301101, 5, 0, 153570741, 0
1, 23, 12, 17, 1160777026, 1242301101, 4, 2, 133558137, 0
1, 23, 12, 17, 1160777026, 1242301101, 4, 1, 131235068, 0
1, 23, 12, 17, 1160777026, 1242301101, 4, 0, 104070047, 0
1, 23, 12, 17, 1160777026, 1242301101, 3, 2, 133943060, 0
1, 23, 12, 17, 1160777026, 1242301101, 3, 1, 133308639, 0
1, 23, 12, 17, 1160777026, 1242301101, 3, 0, 107034166, 0
1, 23, 12, 17, 1160777026, 1242301101, 2, 2, 124423531, 0
1, 23, 12, 17, 1160777026, 1242301101, 2, 1, 127099847, 0
1, 23, 12, 17, 1160777026, 1242301101, 2, 0, 112962404, 0
1, 23, 12, 17, 1160777026, 1242301101, 1, 2, 105688547, 0
1, 23, 12, 17, 1160777026, 1242301101, 1, 1, 105679612, 0
1, 23, 12, 17, 1160777026, 1242301101, 1, 0, 116689745, 0
1, 23, 12, 17, 1160777026, 1242301101, 0, 2, 31079728, 1
1, 23, 12, 17, 1160777026, 1242301101, 0, 1, 31079728, 1
1, 24, 12, 17, 1242301102, 1335530604, 7, 2, 187778067, 0
1, 24, 12, 17, 1242301102, 1335530604, 7, 1, 169560419, 0
1, 24, 12, 17, 1242301102, 1335530604, 7, 0, 168478513, 0
1, 24, 12, 17, 1242301102, 1335530604, 6, 2, 136741948, 0
1, 24, 12, 17, 1242301102, 1335530604, 6, 1, 117510811, 0
1, 24, 12, 17, 1242301102, 1335530604, 6, 0, 103582617, 0
1, 24, 12, 17, 1242301102, 1335530604, 5, 2, 102594480, 0
1, 24, 12, 17, 1242301102, 1335530604, 5, 1, 88804199, 0
1, 24, 12, 17, 1242301102, 1335530604, 5, 0, 90413283, 0
1, 24, 12, 17, 1242301102, 1335530604, 4, 2, 101728245, 0
1, 24, 12, 17, 1242301102, 1335530604, 4, 1, 89599392, 0
1, 24, 12, 17, 1242301102, 1335530604, 4, 0, 112761011, 0
1, 24, 12, 17, 1242301102, 1335530604, 3, 2, 86536647, 0
1, 24, 12, 17, 1242301102, 1335530604, 3, 1, 71319881, 0
1, 24, 12, 17, 1242301102, 1335530604, 3, 0, 104439322, 0
1, 24, 12, 17, 1242301102, 1335530604, 2, 2, 61126931, 0
1, 24, 12, 17, 1242301102, 1335530604, 2, 1, 40297689, 0
1, 24, 12, 17, 1242301102, 1335530604, 2, 0, 100744221, 0
1, 24, 12, 17, 1242301102, 1335530604, 1, 2, 55393295, 0
1, 24, 12, 17, 1242301102, 1335530604, 1, 1, 37276509, 0
1, 24, 12, 17, 1242301102, 1335530604, 1, 0, 111829526, 0
1, 24, 12, 17, 1242301102, 1335530604, 0, 2, 1, 1
1, 24, 12, 17, 1242301102, 1335530604, 0, 1, 1, 1
1, 25, 12, 17, 1335530605, 1358266189, 7, 2, 127090195, 0
1, 25, 12, 17, 1335530605, 1358266189, 7, 1, 103735121, 0
1, 25, 12, 17, 1335530605, 1358266189, 7, 0, 99273071, 0
1, 25, 12, 17, 1335530605, 1358266189, 6, 2, 124452152, 0
1, 25, 12, 17, 1335530605, 1358266189, 6, 1, 93579632, 0
1, 25, 12, 17, 1335530605, 1358266189, 6, 0, 88215746, 0
1, 25, 12, 17, 1335530605, 1358266189, 5, 2, 116905267, 0
1, 25, 12, 17, 1335530605, 1358266189, 5, 1, 78980552, 0
1, 25, 12, 17, 1335530605, 1358266189, 5, 0, 71083981, 0
1, 25, 12, 17, 1335530605, 1358266189, 4, 2, 117995250, 0
1, 25, 12, 17, 1335530605, 1358266189, 4, 1, 76604871, 0
1, 25, 12, 17, 1335530605, 1358266189, 4, 0, 87488062, 0
1, 25, 12, 17, 1335530605, 1358266189, 3, 2, 110314987, 0
1, 25, 12, 17, 1335530605, 1358266189, 3, 1, 62334108, 0
1, 25, 12, 17, 1335530605, 1358266189, 3, 0, 87488062, 0
1, 25, 12, 17, 1335530605, 1358266189, 2, 2, 95842333, 0
1, 25, 12, 17, 1335530605, 1358266189, 2, 1, 34995225, 0
1, 25, 12, 17, 1335530605, 1358266189, 2, 0, 87488062, 0
1, 25, 12, 17, 1335530605, 1358266189, 1, 2, 54570325, 0
1, 25, 12, 17, 1335530605, 1358266189, 1, 1, 29162688, 0
1, 25, 12, 17, 1335530605, 1358266189, 1, 0, 87488062, 0
1, 25, 12, 17, 1335530605, 1358266189, 0, 2, 1, 1
1, 25, 12, 17, 1335530605, 1358266189, 0, 1, 1, 1
1, 26, 12, 17, 1358266190, 1385698734, 7, 2, 1, 1
1, 26, 12, 17, 1358266190, 1385698734, 7, 1, 1, 1
1, 26, 12, 17, 1358266190, 1385698734, 7, 0, 1, 0
1, 26, 12, 17, 1358266190, 1385698734, 6, 2, 1, 1
1, 26, 12, 17, 1358266190, 1385698734, 6, 1, 1, 1
1, 26, 12, 17, 1358266190, 1385698734, 6, 0, 1, 0
1, 26, 12, 17, 1358266190, 1385698734, 5, 2, 1, 1
1, 26, 12, 17, 1358266190, 1385698734, 5, 1, 1, 1
1, 26, 12, 17, 1358266190, 1385698734, 5, 0, 1, 0
1, 26, 12, 17, 1358266190, 1385698734, 4, 2, 1, 1
1, 26, 12, 17, 1358266190, 1385698734, 4, 1, 1, 1
1, 26, 12, 17, 1358266190, 1385698734, 4, 0, 1, 0
1, 26, 12, 17, 1358266190, 1385698734, 3, 2, 1, 1
1, 26, 12, 17, 1358266190, 1385698734, 3, 1, 1, 1
1, 26, 12, 17, 1358266190, 1385698734, 3, 0, 1, 0
1, 26, 12, 17, 1358266190, 1385698734, 2, 2, 1, 1
1, 26, 12, 17, 1358266190, 1385698734, 2, 1, 1, 1
1, 26, 12, 17, 1358266190, 1385698734, 2, 0, 1, 0
1, 26, 12, 17, 1358266190, 1385698734, 1, 2, 1, 1
1, 26, 12, 17, 1358266190, 1385698734, 1, 1, 1, 1
1, 26, 12, 17, 1358266190, 1385698734, 1, 0, 1, 0
1, 26, 12, 17, 1358266190, 1385698734, 0, 2, 1, 1
1, 26, 12, 17, 1358266190, 1385698734, 0, 1, 1, 1
1, 27, 12, 17, 1385698735, 1418547898, 7, 2, 112466353, 0
1, 27, 12, 17, 1385698735, 1418547898, 7, 1, 106695324, 0
1, 27, 12, 17, 1385698735, 1418547898, 7, 0, 74612749, 0
1, 27, 12, 17, 1385698735, 1418547898, 6, 2, 109080850, 0
1, 27, 12, 17, 1385698735, 1418547898, 6, 1, 101828595, 0
1, 27, 12, 17, 1385698735, 1418547898, 6, 0, 63993363, 0
1, 27, 12, 17, 1385698735, 1418547898, 5, 2, 104500462, 0
1, 27, 12, 17, 1385698735, 1418547898, 5, 1, 95192146, 0
1, 27, 12, 17, 1385698735, 1418547898, 5, 0, 49126223, 0
1, 27, 12, 17, 1385698735, 1418547898, 4, 2, 107810924, 0
1, 27, 12, 17, 1385698735, 1418547898, 4, 1, 100976061, 0
1, 27, 12, 17, 1385698735, 1418547898, 4, 0, 61407779, 0
1, 27, 12, 17, 1385698735, 1418547898, 3, 2, 104795288, 0
1, 27, 12, 17, 1385698735, 1418547898, 3, 1, 101465054, 0
1, 27, 12, 17, 1385698735, 1418547898, 3, 0, 61810337, 0
1, 27, 12, 17, 1385698735, 1418547898, 2, 2, 95768376, 0
1, 27, 12, 17, 1385698735, 1418547898, 2, 1, 96345965, 0
1, 27, 12, 17, 1385698735, 1418547898, 2, 0, 47617260, 0
1, 27, 12, 17, 1385698735, 1418547898, 1, 2, 43655141, 0
1, 27, 12, 17, 1385698735, 1418547898, 1, 1, 20066702, 0
1, 27, 12, 17, 1385698735, 1418547898, 1, 0, 60200104, 0
1, 27, 12, 17, 1385698735, 1418547898, 0, 2, 1, 1
1, 27, 12, 17, 1385698735, 1418547898, 0, 1, 1, 1
1, 28, 12, 17, 1418547899, 1491206133, 7, 2, 152029937, 0
1, 28, 12, 17, 1418547899, 1491206133, 7, 1, 138257559, 0
1, 28, 12, 17, 1418547899, 1491206133, 7, 0, 156123899, 0
1, 28, 12, 17, 1418547899, 1491206133, 6, 2, 143746143, 0
1, 28, 12, 17, 1418547899, 1491206133, 6, 1, 127985575, 0
1, 28, 12, 17, 1418547899, 1491206133, 6, 0, 150734869, 0
1, 28, 12, 17, 1418547899, 1491206133, 5, 2, 137431672, 0
1, 28, 12, 17, 1418547899, 1491206133, 5, 1, 116990575, 0
1, 28, 12, 17, 1418547899, 1491206133, 5, 0, 143190228, 0
1, 28, 12, 17, 1418547899, 1491206133, 4, 2, 141872290, 0
1, 28, 12, 17, 1418547899, 1491206133, 4, 1, 122048694, 0
1, 28, 12, 17, 1418547899, 1491206133, 4, 0, 131873266, 0
1, 28, 12, 17, 1418547899, 1491206133, 3, 2, 128174291, 0
1, 28, 12, 17, 1418547899, 1491206133, 3, 1, 104535536, 0
1, 28, 12, 17, 1418547899, 1491206133, 3, 0, 130364924, 0
1, 28, 12, 17, 1418547899, 1491206133, 2, 2, 104202793, 0
1, 28, 12, 17, 1418547899, 1491206133, 2, 1, 73011851, 0
1, 28, 12, 17, 1418547899, 1491206133, 2, 0, 127348240, 0
1, 28, 12, 17, 1418547899, 1491206133, 1, 2, 96633579, 0
1, 28, 12, 17, 1418547899, 1491206133, 1, 1, 82253689, 0
1, 28, 12, 17, 1418547899, 1491206133, 1, 0, 136398292, 0
1, 28, 12, 17, 1418547899, 1491206133, 0, 2, 26801472, 1
1, 28, 12, 17, 1418547899, 1491206133, 0, 1, 26801472, 1
1, 29, 12, 17, 1491206134, 1521461283, 7, 2, 206219977, 0
1, 29, 12, 17, 1491206134, 1521461283, 7, 1, 171941829, 0
1, 29, 12, 17, 1491206134, 1521461283, 7, 0, 180945028, 0
1, 29, 12, 17, 1491206134, 1521461283, 6, 2, 179473070, 0
1, 29, 12, 17, 1491206134, 1521461283, 6, 1, 158460078, 0
1, 29, 12, 17, 1491206134, 1521461283, 6, 0, 167840330, 0
1, 29, 12, 17, 1491206134, 1521461283, 5, 2, 166913620, 0
1, 29, 12, 17, 1491206134, 1521461283, 5, 1, 140075872, 0
1, 29, 12, 17, 1491206134, 1521461283, 5, 0, 149493754, 0
1, 29, 12, 17, 1491206134, 1521461283, 4, 2, 169331311, 0
1, 29, 12, 17, 1491206134, 1521461283, 4, 1, 145191647, 0
1, 29, 12, 17, 1491206134, 1521461283, 4, 0, 128339749, 0
1, 29, 12, 17, 1491206134, 1521461283, 3, 2, 155785010, 0
1, 29, 12, 17, 1491206134, 1521461283, 3, 1, 124861079, 0
1, 29, 12, 17, 1491206134, 1521461283, 3, 0, 113411648, 0
1, 29, 12, 17, 1491206134, 1521461283, 2, 2, 150257204, 0
1, 29, 12, 17, 1491206134, 1521461283, 2, 1, 122890868, 0
1, 29, 12, 17, 1491206134, 1521461283, 2, 0, 170117471, 0
1, 29, 12, 17, 1491206134, 1521461283, 1, 2, 155848371, 0
1, 29, 12, 17, 1491206134, 1521461283, 1, 1, 149114484, 0
1, 29, 12, 17, 1491206134, 1521461283, 1, 0, 173124054, 0
1, 29, 12, 17, 1491206134, 1521461283, 0, 2, 76193515, 1
1, 29, 12, 17, 1491206134, 1521461283, 0, 1, 76193515, 1
1, 30, 12, 17, 1521461284, 1534641336, 7, 2, 1, 1
1, 30, 12, 17, 1521461284, 1534641336, 7, 1, 1, 1
1, 30, 12, 17, 1521461284, 1534641336, 7, 0, 1, 0
1, 30, 12, 17, 1521461284, 1534641336, 6, 2, 1, 1
1, 30, 12, 17, 1521461284, 1534641336, 6, 1, 1, 1
1, 30, 12, 17, 1521461284, 1534641336, 6, 0, 1, 0
1, 30, 12, 17, 1521461284, 1534641336, 5, 2, 1, 1
1, 30, 12, 17, 1521461284, 1534641336, 5, 1, 1, 1
1, 30, 12, 17, 1521461284, 1534641336, 5, 0, 1, 0
1, 30, 12, 17, 1521461284, 1534641336, 4, 2, 1, 1
1, 30, 12, 17, 1521461284, 1534641336, 4, 1, 1, 1
1, 30, 12, 17, 1521461284, 1534641336, 4, 0, 1, 0
1, 30, 12, 17, 1521461284, 1534641336, 3, 2, 1, 1
1, 30, 12, 17, 1521461284, 1534641336, 3, 1, 1, 1
1, 30, 12, 17, 1521461284, 1534641336, 3, 0, 1, 0
1, 30, 12, 17, 1521461284, 1534641336, 2, 2, 1, 1
1, 30, 12, 17, 1521461284, 1534641336, 2, 1, 1, 1
1, 30, 12, 17, 1521461284, 1534641336, 2, 0, 1, 0
1, 30, 12, 17, 1521461284, 1534641336, 1, 2, 1, 1
1, 30, 12, 17, 1521461284, 1534641336, 1, 1, 1, 1
1, 30, 12, 17, 1521461284, 1534641336, 1, 0, 1, 0
1, 30, 12, 17, 1521461284, 1534641336, 0, 2, 1, 1
1, 30, 12, 17, 1521461284, 1534641336, 0, 1, 1, 1
1, 31, 12, 17, 1534641337, 1613201204, 7, 2, 151865971, 0
1, 31, 12, 17, 1534641337, 1613201204, 7, 1, 159385126, 0
1, 31, 12, 17, 1534641337, 1613201204, 7, 0, 129646862, 0
1, 31, 12, 17, 1534641337, 1613201204, 6, 2, 146410537, 0
1, 31, 12, 17, 1534641337, 1613201204, 6, 1, 153424348, 0
1, 31, 12, 17, 1534641337, 1613201204, 6, 0, 118052351, 0
1, 31, 12, 17, 1534641337, 1613201204, 5, 2, 138902156, 0
1, 31, 12, 17, 1534641337, 1613201204, 5, 1, 145098970, 0
1, 31, 12, 17, 1534641337, 1613201204, 5, 0, 101820036, 0
1, 31, 12, 17, 1534641337, 1613201204, 4, 2, 112677938, 0
1, 31, 12, 17, 1534641337, 1613201204, 4, 1, 99410810, 0
1, 31, 12, 17, 1534641337, 1613201204, 4, 0, 77471563, 0
1, 31, 12, 17, 1534641337, 1613201204, 3, 2, 98885376, 0
1, 31, 12, 17, 1534641337, 1613201204, 3, 1, 84907918, 0
1, 31, 12, 17, 1534641337, 1613201204, 3, 0, 68863612, 0
1, 31, 12, 17, 1534641337, 1613201204, 2, 2, 99576794, 0
1, 31, 12, 17, 1534641337, 1613201204, 2, 1, 82359885, 0
1, 31, 12, 17, 1534641337, 1613201204, 2, 0, 103295418, 0
1, 31, 12, 17, 1534641337, 1613201204, 1, 2, 100781760, 0
1, 31, 12, 17, 1534641337, 1613201204, 1, 1, 102834668, 0
1, 31, 12, 17, 1534641337, 1613201204, 1, 0, 103295418, 0
1, 31, 12, 17, 1534641337, 1613201204, 0, 2, 5994660, 1
1, 31, 12, 17, 1534641337, 1613201204, 0, 1, 5994660, 1
1, 32, 12, 17, 1613201205, 1711361837, 7, 2, 159660071, 0
1, 32, 12, 17, 1613201205, 1711361837, 7, 1, 169753494, 0
1, 32, 12, 17, 1613201205, 1711361837, 7, 0, 150819983, 0
1, 32, 12, 17, 1613201205, 1711361837, 6, 2, 162424554, 0
1, 32, 12, 17, 1613201205, 1711361837, 6, 1, 178768327, 0
1, 32, 12, 17, 1613201205, 1711361837, 6, 0, 175956647, 0
1, 32, 12, 17, 1613201205, 1711361837, 5, 2, 136786340, 0
1, 32, 12, 17, 1613201205, 1711361837, 5, 1, 145658304, 0
1, 32, 12, 17, 1613201205, 1711361837, 5, 0, 166685143, 0
1, 32, 12, 17, 1613201205, 1711361837, 4, 2, 132821629, 0
1, 32, 12, 17, 1613201205, 1711361837, 4, 1, 126264041, 0
1, 32, 12, 17, 1613201205, 1711361837, 4, 0, 91890185, 0
1, 32, 12, 17, 1613201205, 1711361837, 3, 2, 119290502, 0
1, 32, 12, 17, 1613201205, 1711361837, 3, 1, 112214152, 0
1, 32, 12, 17, 1613201205, 1711361837, 3, 0, 79665867, 0
1, 32, 12, 17, 1613201205, 1711361837, 2, 2, 139116887, 0
1, 32, 12, 17, 1613201205, 1711361837, 2, 1, 144015030, 0
1, 32, 12, 17, 1613201205, 1711361837, 2, 0, 119498800, 0
1, 32, 12, 17, 1613201205, 1711361837, 1, 2, 116165912, 0
1, 32, 12, 17, 1613201205, 1711361837, 1, 1, 128133194, 0
1, 32, 12, 17, 1613201205, 1711361837, 1, 0, 125636203, 0
1, 32, 12, 17, 1613201205, 1711361837, 0, 2, 18224607, 1
1, 32, 12, 17, 1613201205, 1711361837, 0, 1, 36449213, 1
1, 33, 12, 17, 1711361838, 1761743555, 7, 2, 194865594, 0
1, 33, 12, 17, 1711361838, 1761743555, 7, 1, 198972020, 0
1, 33, 12, 17, 1711361838, 1761743555, 7, 0, 236953380, 0
1, 33, 12, 17, 1711361838, 1761743555, 6, 2, 213849867, 0
1, 33, 12, 17, 1711361838, 1761743555, 6, 1, 229583100, 0
1, 33, 12, 17, 1711361838, 1761743555, 6, 0, 276445610, 0
1, 33, 12, 17, 1711361838, 1761743555, 5, 2, 212876604, 0
1, 33, 12, 17, 1711361838, 1761743555, 5, 1, 230126960, 0
1, 33, 12, 17, 1711361838, 1761743555, 5, 0, 286416359, 0
1, 33, 12, 17, 1711361838, 1761743555, 4, 2, 223247313, 0
1, 33, 12, 17, 1711361838, 1761743555, 4, 1, 226439630, 0
1, 33, 12, 17, 1711361838, 1761743555, 4, 0, 234660476, 0
1, 33, 12, 17, 1711361838, 1761743555, 3, 2, 151896978, 0
1, 33, 12, 17, 1711361838, 1761743555, 3, 1, 155966592, 0
1, 33, 12, 17, 1711361838, 1761743555, 3, 0, 148689170, 0
1, 33, 12, 17, 1711361838, 1761743555, 2, 2, 135160810, 0
1, 33, 12, 17, 1711361838, 1761743555, 2, 1, 144007345, 0
1, 33, 12, 17, 1711361838, 1761743555, 2, 0, 133426493, 0
1, 33, 12, 17, 1711361838, 1761743555, 1, 2, 109012185, 0
1, 33, 12, 17, 1711361838, 1761743555, 1, 1, 119554190, 0
1, 33, 12, 17, 1711361838, 1761743555, 1, 0, 132070700, 0
1, 33, 12, 17, 1711361838, 1761743555, 0, 2, 6630898, 1
1, 33, 12, 17, 1711361838, 1761743555, 0, 1, 1, 1
1, 34, 12, 17, 1761743556, 1790213802, 7, 2, 1109375, 1
1, 34, 12, 17, 1761743556, 1790213802, 7, 1, 1, 1
1, 34, 12, 17, 1761743556, 1790213802, 7, 0, 1, 0
1, 34, 12, 17, 1761743556, 1790213802, 6, 2, 1275782, 1
1, 34, 12, 17, 1761743556, 1790213802, 6, 1, 1, 1
1, 34, 12, 17, 1761743556, 1790213802, 6, 0, 1, 0
1, 34, 12, 17, 1761743556, 1790213802, 5, 2, 1500920, 1
1, 34, 12, 17, 1761743556, 1790213802, 5, 1, 1, 1
1, 34, 12, 17, 1761743556, 1790213802, 5, 0, 1, 0
1, 34, 12, 17, 1761743556, 1790213802, 4, 2, 1822545, 1
1, 34, 12, 17, 1761743556, 1790213802, 4, 1, 1, 1
1, 34, 12, 17, 1761743556, 1790213802, 4, 0, 1, 0
1, 34, 12, 17, 1761743556, 1790213802, 3, 2, 2319603, 1
1, 34, 12, 17, 1761743556, 1790213802, 3, 1, 1, 1
1, 34, 12, 17, 1761743556, 1790213802, 3, 0, 1, 0
1, 34, 12, 17, 1761743556, 1790213802, 2, 2, 3189454, 1
1, 34, 12, 17, 1761743556, 1790213802, 2, 1, 1, 1
1, 34, 12, 17, 1761743556, 1790213802, 2, 0, 1, 0
1, 34, 12, 17, 1761743556, 1790213802, 1, 2, 5103125, 1
1, 34, 12, 17, 1761743556, 1790213802, 1, 1, 1, 1
1, 34, 12, 17, 1761743556, 1790213802, 1, 0, 1, 0
1, 34, 12, 17, 1761743556, 1790213802, 0, 2, 12757813, 1
1, 34, 12, 17, 1761743556, 1790213802, 0, 1, 1, 1
1, 35, 12, 17, 1790213803, 1863124709, 7, 2, 128026748, 0
1, 35, 12, 17, 1790213803, 1863124709, 7, 1, 111448972, 0
1, 35, 12, 17, 1790213803, 1863124709, 7, 0, 105225352, 0
1, 35, 12, 17, 1790213803, 1863124709, 6, 2, 138512994, 0
1, 35, 12, 17, 1790213803, 1863124709, 6, 1, 128594967, 0
1, 35, 12, 17, 1790213803, 1863124709, 6, 0, 122762911, 0
1, 35, 12, 17, 1790213803, 1863124709, 5, 2, 129978516, 0
1, 35, 12, 17, 1790213803, 1863124709, 5, 1, 116860434, 0
1, 35, 12, 17, 1790213803, 1863124709, 5, 0, 108688513, 0
1, 35, 12, 17, 1790213803, 1863124709, 4, 2, 128834607, 0
1, 35, 12, 17, 1790213803, 1863124709, 4, 1, 121369986, 0
1, 35, 12, 17, 1790213803, 1863124709, 4, 0, 87576916, 0
1, 35, 12, 17, 1790213803, 1863124709, 3, 2, 118111923, 0
1, 35, 12, 17, 1790213803, 1863124709, 3, 1, 109500609, 0
1, 35, 12, 17, 1790213803, 1863124709, 3, 0, 72538985, 0
1, 35, 12, 17, 1790213803, 1863124709, 2, 2, 120142779, 0
1, 35, 12, 17, 1790213803, 1863124709, 2, 1, 120777351, 0
1, 35, 12, 17, 1790213803, 1863124709, 2, 0, 108808477, 0
1, 35, 12, 17, 1790213803, 1863124709, 1, 2, 93962280, 0
1, 35, 12, 17, 1790213803, 1863124709, 1, 1, 97061220, 0
1, 35, 12, 17, 1790213803, 1863124709, 1, 0, 98048759, 0
1, 35, 12, 17, 1790213803, 1863124709, 0, 2, 1, 1
1, 35, 12, 17, 1790213803, 1863124709, 0, 1, 1, 1
1, 36, 12, 17, 1863124710, 1942497493, 7, 2, 101771466, 0
1, 36, 12, 17, 1863124710, 1942497493, 7, 1, 105581743, 0
1, 36, 12, 17, 1863124710, 1942497493, 7, 0, 76090951, 0
1, 36, 12, 17, 1863124710, 1942497493, 6, 2, 108331572, 0
1, 36, 12, 17, 1863124710, 1942497493, 6, 1, 121825088, 0
1, 36, 12, 17, 1863124710, 1942497493, 6, 0, 88772776, 0
1, 36, 12, 17, 1863124710, 1942497493, 5, 2, 101710477, 0
1, 36, 12, 17, 1863124710, 1942497493, 5, 1, 112138794, 0
1, 36, 12, 17, 1863124710, 1942497493, 5, 0, 71507390, 0
1, 36, 12, 17, 1863124710, 1942497493, 4, 2, 98491335, 0
1, 36, 12, 17, 1863124710, 1942497493, 4, 1, 98147479, 0
1, 36, 12, 17, 1863124710, 1942497493, 4, 0, 45609310, 0
1, 36, 12, 17, 1863124710, 1942497493, 3, 2, 82012552, 0
1, 36, 12, 17, 1863124710, 1942497493, 3, 1, 85385235, 0
1, 36, 12, 17, 1863124710, 1942497493, 3, 0, 23968760, 0
1, 36, 12, 17, 1863124710, 1942497493, 2, 2, 71514715, 0
1, 36, 12, 17, 1863124710, 1942497493, 2, 1, 83979401, 0
1, 36, 12, 17, 1863124710, 1942497493, 2, 0, 35953139, 0
1, 36, 12, 17, 1863124710, 1942497493, 1, 2, 65022346, 1
1, 36, 12, 17, 1863124710, 1942497493, 1, 1, 57630339, 1
1, 36, 12, 17, 1863124710, 1942497493, 1, 0, 1, 0
1, 36, 12, 17, 1863124710, 1942497493, 0, 2, 1, 1
1, 36, 12, 17, 1863124710, 1942497493, 0, 1, 1, 1
1, 37, 12, 17, 1942497494, 2049743986, 7, 2, 141703878, 0
1, 37, 12, 17, 1942497494, 2049743986, 7, 1, 175813752, 0
1, 37, 12, 17, 1942497494, 2049743986, 7, 0, 183215699, 0
1, 37, 12, 17, 1942497494, 2049743986, 6, 2, 122368838, 0
1, 37, 12, 17, 1942497494, 2049743986, 6, 1, 154649559, 0
1, 37, 12, 17, 1942497494, 2049743986, 6, 0, 177502072, 0
1, 37, 12, 17, 1942497494, 2049743986, 5, 2, 110785102, 0
1, 37, 12, 17, 1942497494, 2049743986, 5, 1, 148314970, 0
1, 37, 12, 17, 1942497494, 2049743986, 5, 0, 179588402, 0
1, 37, 12, 17, 1942497494, 2049743986, 4, 2, 112635165, 0
1, 37, 12, 17, 1942497494, 2049743986, 4, 1, 147223359, 0
1, 37, 12, 17, 1942497494, 2049743986, 4, 0, 171508208, 0
1, 37, 12, 17, 1942497494, 2049743986, 3, 2, 103222198, 0
1, 37, 12, 17, 1942497494, 2049743986, 3, 1, 144214734, 0
1, 37, 12, 17, 1942497494, 2049743986, 3, 0, 184899510, 0
1, 37, 12, 17, 1942497494, 2049743986, 2, 2, 98326551, 0
1, 37, 12, 17, 1942497494, 2049743986, 2, 1, 132134275, 0
1, 37, 12, 17, 1942497494, 2049743986, 2, 0, 211682113, 0
1, 37, 12, 17, 1942497494, 2049743986, 1, 2, 93904145, 0
1, 37, 12, 17, 1942497494, 2049743986, 1, 1, 114526563, 0
1, 37, 12, 17, 1942497494, 2049743986, 1, 0, 323770000, 0
1, 37, 12, 17, 1942497494, 2049743986, 0, 2, 1, 1
1, 37, 12, 17, 1942497494, 2049743986, 0, 1, 1, 1
1, 38, 12, 17, 2049743987, 2132446070, 7, 2, 124919022, 0
1, 38, 12, 17, 2049743987, 2132446070, 7, 1, 112096894, 0
1, 38, 12, 17, 2049743987, 2132446070, 7, 0, 82113286, 0
1, 38, 12, 17, 2049743987, 2132446070, 6, 2, 126714218, 0
1, 38, 12, 17, 2049743987, 2132446070, 6, 1, 116782699, 0
1, 38, 12, 17, 2049743987, 2132446070, 6, 0, 68585780, 0
1, 38, 12, 17, 2049743987, 2132446070, 5, 2, 128489614, 0
1, 38, 12, 17, 2049743987, 2132446070, 5, 1, 122162635, 0
1, 38, 12, 17, 2049743987, 2132446070, 5, 0, 82302936, 0
1, 38, 12, 17, 2049743987, 2132446070, 4, 2, 119363157, 0
1, 38, 12, 17, 2049743987, 2132446070, 4, 1, 111791619, 0
1, 38, 12, 17, 2049743987, 2132446070, 4, 0, 59282145, 0
1, 38, 12, 17, 2049743987, 2132446070, 3, 2, 128436535, 0
1, 38, 12, 17, 2049743987, 2132446070, 3, 1, 127492531, 0
1, 38, 12, 17, 2049743987, 2132446070, 3, 0, 52240259, 0
1, 38, 12, 17, 2049743987, 2132446070, 2, 2, 117909984, 0
1, 38, 12, 17, 2049743987, 2132446070, 2, 1, 127530762, 0
1, 38, 12, 17, 2049743987, 2132446070, 2, 0, 38156486, 0
1, 38, 12, 17, 2049743987, 2132446070, 1, 2, 46876044, 1
1, 38, 12, 17, 2049743987, 2132446070, 1, 1, 58128701, 1
1, 38, 12, 17, 2049743987, 2132446070, 1, 0, 1, 0
1, 38, 12, 17, 2049743987, 2132446070, 0, 2, 1, 1
1, 38, 12, 17, 2049743987, 2132446070, 0, 1, 1, 1
1, 39, 12, 17, 2132446071, 2193824157, 7, 2, 115261337, 0
1, 39, 12, 17, 2132446071, 2193824157, 7, 1, 97052503, 0
1, 39, 12, 17, 2132446071, 2193824157, 7, 0, 96466382, 0
1, 39, 12, 17, 2132446071, 2193824157, 6, 2, 113376292, 0
1, 39, 12, 17, 2132446071, 2193824157, 6, 1, 97707180, 0
1, 39, 12, 17, 2132446071, 2193824157, 6, 0, 81611744, 0
1, 39, 12, 17, 2132446071, 2193824157, 5, 2, 112494417, 0
1, 39, 12, 17, 2132446071, 2193824157, 5, 1, 100596536, 0
1, 39, 12, 17, 2132446071, 2193824157, 5, 0, 97934092, 0
1, 39, 12, 17, 2132446071, 2193824157, 4, 2, 96409097, 0
1, 39, 12, 17, 2132446071, 2193824157, 4, 1, 81708164, 0
1, 39, 12, 17, 2132446071, 2193824157, 4, 0, 76019063, 0
1, 39, 12, 17, 2132446071, 2193824157, 3, 2, 92665860, 0
1, 39, 12, 17, 2132446071, 2193824157, 3, 1, 82437835, 0
1, 39, 12, 17, 2132446071, 2193824157, 3, 0, 67117519, 0
1, 39, 12, 17, 2132446071, 2193824157, 2, 2, 114575096, 0
1, 39, 12, 17, 2132446071, 2193824157, 2, 1, 94868229, 0
1, 39, 12, 17, 2132446071, 2193824157, 2, 0, 49314431, 0
1, 39, 12, 17, 2132446071, 2193824157, 1, 2, 75218889, 1
1, 39, 12, 17, 2132446071, 2193824157, 1, 1, 63372692, 1
1, 39, 12, 17, 2132446071, 2193824157, 1, 0, 1, 0
1, 39, 12, 17, 2132446071, 2193824157, 0, 2, 4523865, 1
1, 39, 12, 17, 2132446071, 2193824157, 0, 1, 4523865, 1
1, 40, 12, 17, 2193824158, 2210587808, 7, 2, 1, 1
1, 40, 12, 17, 2193824158, 2210587808, 7, 1, 1, 1
1, 40, 12, 17, 2193824158, 2210587808, 7, 0, 1, 0
1, 40, 12, 17, 2193824158, 2210587808, 6, 2, 1, 1
1, 40, 12, 17, 2193824158, 2210587808, 6, 1, 1, 1
1, 40, 12, 17, 2193824158, 2210587808, 6, 0, 1, 0
1, 40, 12, 17, 2193824158, 2210587808, 5, 2, 1, 1
1, 40, 12, 17, 2193824158, 2210587808, 5, 1, 1, 1
1, 40, 12, 17, 2193824158, 2210587808, 5, 0, 1, 0
1, 40, 12, 17, 2193824158, 2210587808, 4, 2, 1, 1
1, 40, 12, 17, 2193824158, 2210587808, 4, 1, 1, 1
1, 40, 12, 17, 2193824158, 2210587808, 4, 0, 1, 0
1, 40, 12, 17, 2193824158, 2210587808, 3, 2, 1, 1
1, 40, 12, 17, 2193824158, 2210587808, 3, 1, 1, 1
1, 40, 12, 17, 2193824158, 2210587808, 3, 0, 1, 0
1, 40, 12, 17, 2193824158, 2210587808, 2, 2, 1, 1
1, 40, 12, 17, 2193824158, 2210587808, 2, 1, 1, 1
1, 40, 12, 17, 2193824158, 2210587808, 2, 0, 1, 0
1, 40, 12, 17, 2193824158, 2210587808, 1, 2, 1, 1
1, 40, 12, 17, 2193824158, 2210587808, 1, 1, 1, 1
1, 40, 12, 17, 2193824158, 2210587808, 1, 0, 1, 0
1, 40, 12, 17, 2193824158, 2210587808, 0, 2, 1, 1
1, 40, 12, 17, 2193824158, 2210587808, 0, 1, 1, 1
1, 41, 12, 17, 2210587809, 2363285021, 7, 2, 121303577, 0
1, 41, 12, 17, 2210587809, 2363285021, 7, 1, 131313246, 0
1, 41, 12, 17, 2210587809, 2363285021, 7, 0, 121024076, 0
1, 41, 12, 17, 2210587809, 2363285021, 6, 2, 112276612, 0
1, 41, 12, 17, 2210587809, 2363285021, 6, 1, 122545024, 0
1, 41, 12, 17, 2210587809, 2363285021, 6, 0, 109810308, 0
1, 41, 12, 17, 2210587809, 2363285021, 5, 2, 99887930, 0
1, 41, 12, 17, 2210587809, 2363285021, 5, 1, 111285240, 0
1, 41, 12, 17, 2210587809, 2363285021, 5, 0, 94111033, 0
1, 41, 12, 17, 2210587809, 2363285021, 4, 2, 81282691, 0
1, 41, 12, 17, 2210587809, 2363285021, 4, 1, 92426350, 0
1, 41, 12, 17, 2210587809, 2363285021, 4, 0, 66640340, 0
1, 41, 12, 17, 2210587809, 2363285021, 3, 2, 61195220, 0
1, 41, 12, 17, 2210587809, 2363285021, 3, 1, 72929293, 0
1, 41, 12, 17, 2210587809, 2363285021, 3, 0, 49741022, 0
1, 41, 12, 17, 2210587809, 2363285021, 2, 2, 73517278, 0
1, 41, 12, 17, 2210587809, 2363285021, 2, 1, 85099170, 0
1, 41, 12, 17, 2210587809, 2363285021, 2, 0, 32106934, 0
1, 41, 12, 17, 2210587809, 2363285021, 1, 2, 64823829, 1
1, 41, 12, 17, 2210587809, 2363285021, 1, 1, 60213664, 1
1, 41, 12, 17, 2210587809, 2363285021, 1, 0, 1, 0
1, 41, 12, 17, 2210587809, 2363285021, 0, 2, 1, 1
1, 41, 12, 17, 2210587809, 2363285021, 0, 1, 1, 1
1, 42, 12, 17, 2363285022, 2498570904, 7, 2, 153492024, 0
1, 42, 12, 17, 2363285022, 2498570904, 7, 1, 150083900, 0
1, 42, 12, 17, 2363285022, 2498570904, 7, 0, 156521464, 0
1, 42, 12, 17, 2363285022, 2498570904, 6, 2, 145271920, 0
1, 42, 12, 17, 2363285022, 2498570904, 6, 1, 140793968, 0
1, 42, 12, 17, 2363285022, 2498570904, 6, 0, 147530298, 0
1, 42, 12, 17, 2363285022, 2498570904, 5, 2, 138883260, 0
1, 42, 12, 17, 2363285022, 2498570904, 5, 1, 128125878, 0
1, 42, 12, 17, 2363285022, 2498570904, 5, 0, 134942665, 0
1, 42, 12, 17, 2363285022, 2498570904, 4, 2, 124009804, 0
1, 42, 12, 17, 2363285022, 2498570904, 4, 1, 109827526, 0
1, 42, 12, 17, 2363285022, 2498570904, 4, 0, 116061216, 0
1, 42, 12, 17, 2363285022, 2498570904, 3, 2, 121598764, 0
1, 42, 12, 17, 2363285022, 2498570904, 3, 1, 112814733, 0
1, 42, 12, 17, 2363285022, 2498570904, 3, 0, 116694247, 0
1, 42, 12, 17, 2363285022, 2498570904, 2, 2, 129909138, 0
1, 42, 12, 17, 2363285022, 2498570904, 2, 1, 135108202, 0
1, 42, 12, 17, 2363285022, 2498570904, 2, 0, 117960309, 0
1, 42, 12, 17, 2363285022, 2498570904, 1, 2, 107153517, 0
1, 42, 12, 17, 2363285022, 2498570904, 1, 1, 118728890, 0
1, 42, 12, 17, 2363285022, 2498570904, 1, 0, 127034740, 0
1, 42, 12, 17, 2363285022, 2498570904, 0, 2, 18683470, 1
1, 42, 12, 17, 2363285022, 2498570904, 0, 1, 18683470, 1
1, 43, 12, 17, 2498570905, 2576809682, 7, 2, 132626854, 0
1, 43, 12, 17, 2498570905, 2576809682, 7, 1, 130403249, 0
1, 43, 12, 17, 2498570905, 2576809682, 7, 0, 149671339, 0
1, 43, 12, 17, 2498570905, 2576809682, 6, 2, 121790092, 0
1, 43, 12, 17, 2498570905, 2576809682, 6, 1, 118109658, 0
1, 43, 12, 17, 2498570905, 2576809682, 6, 0, 136945072, 0
1, 43, 12, 17, 2498570905, 2576809682, 5, 2, 120389022, 0
1, 43, 12, 17, 2498570905, 2576809682, 5, 1, 104203372, 0
1, 43, 12, 17, 2498570905, 2576809682, 5, 0, 125415240, 0
1, 43, 12, 17, 2498570905, 2576809682, 4, 2, 104530878, 0
1, 43, 12, 17, 2498570905, 2576809682, 4, 1, 84116514, 0
1, 43, 12, 17, 2498570905, 2576809682, 4, 0, 108120491, 0
1, 43, 12, 17, 2498570905, 2576809682, 3, 2, 83426925, 0
1, 43, 12, 17, 2498570905, 2576809682, 3, 1, 55185395, 0
1, 43, 12, 17, 2498570905, 2576809682, 3, 0, 95920018, 0
1, 43, 12, 17, 2498570905, 2576809682, 2, 2, 71058023, 0
1, 43, 12, 17, 2498570905, 2576809682, 2, 1, 42410208, 0
1, 43, 12, 17, 2498570905, 2576809682, 2, 0, 87020820, 0
1, 43, 12, 17, 2498570905, 2576809682, 1, 2, 60317782, 0
1, 43, 12, 17, 2498570905, 2576809682, 1, 1, 40053677, 0
1, 43, 12, 17, 2498570905, 2576809682, 1, 0, 113718415, 0
1, 43, 12, 17, 2498570905, 2576809682, 0, 2, 6442616, 1
1, 43, 12, 17, 2498570905, 2576809682, 0, 1, 6442616, 1
1, 44, 12, 17, 2576809683, 2614878857, 7, 2, 107537808, 0
1, 44, 12, 17, 2576809683, 2614878857, 7, 1, 105443868, 0
1, 44, 12, 17, 2576809683, 2614878857, 7, 0, 120990049, 0
1, 44, 12, 17, 2576809683, 2614878857, 6, 2, 96339093, 0
1, 44, 12, 17, 2576809683, 2614878857, 6, 1, 93639542, 0
1, 44, 12, 17, 2576809683, 2614878857, 6, 0, 110905287, 0
1, 44, 12, 17, 2576809683, 2614878857, 5, 2, 99046967, 0
1, 44, 12, 17, 2576809683, 2614878857, 5, 1, 88575512, 0
1, 44, 12, 17, 2576809683, 2614878857, 5, 0, 96786621, 0
1, 44, 12, 17, 2576809683, 2614878857, 4, 2, 83056592, 0
1, 44, 12, 17, 2576809683, 2614878857, 4, 1, 67776296, 0
1, 44, 12, 17, 2576809683, 2614878857, 4, 0, 75271939, 0
1, 44, 12, 17, 2576809683, 2614878857, 3, 2, 70134397, 0
1, 44, 12, 17, 2576809683, 2614878857, 3, 1, 54273386, 0
1, 44, 12, 17, 2576809683, 2614878857, 3, 0, 84171137, 0
1, 44, 12, 17, 2576809683, 2614878857, 2, 2, 65287633, 0
1, 44, 12, 17, 2576809683, 2614878857, 2, 1, 55100212, 0
1, 44, 12, 17, 2576809683, 2614878857, 2, 0, 75271939, 0
1, 44, 12, 17, 2576809683, 2614878857, 1, 2, 40800977, 0
1, 44, 12, 17, 2576809683, 2614878857, 1, 1, 33989845, 0
1, 44, 12, 17, 2576809683, 2614878857, 1, 0, 101969534, 0
1, 44, 12, 17, 2576809683, 2614878857, 0, 2, 1, 1
1, 44, 12, 17, 2576809683, 2614878857, 0, 1, 1, 1
1, 45, 12, 17, 2614878858, 2631147806, 7, 2, 1, 1
1, 45, 12, 17, 2614878858, 2631147806, 7, 1, 1, 1
1, 45, 12, 17, 2614878858, 2631147806, 7, 0, 1, 0
1, 45, 12, 17, 2614878858, 2631147806, 6, 2, 1, 1
1, 45, 12, 17, 2614878858, 2631147806, 6, 1, 1, 1
1, 45, 12, 17, 2614878858, 2631147806, 6, 0, 1, 0
1, 45, 12, 17, 2614878858, 2631147806, 5, 2, 1, 1
1, 45, 12, 17, 2614878858, 2631147806, 5, 1, 1, 1
1, 45, 12, 17, 2614878858, 2631147806, 5, 0, 1, 0
1, 45, 12, 17, 2614878858, 2631147806, 4, 2, 1, 1
1, 45, 12, 17, 2614878858, 2631147806, 4, 1, 1, 1
1, 45, 12, 17, 2614878858, 2631147806, 4, 0, 1, 0
1, 45, 12, 17, 2614878858, 2631147806, 3, 2, 1, 1
1, 45, 12, 17, 2614878858, 2631147806, 3, 1, 1, 1
1, 45, 12, 17, 2614878858, 2631147806, 3, 0, 1, 0
1, 45, 12, 17, 2614878858, 2631147806, 2, 2, 1, 1
1, 45, 12, 17, 2614878858, 2631147806, 2, 1, 1, 1
1, 45, 12, 17, 2614878858, 2631147806, 2, 0, 1, 0
1, 45, 12, 17, 2614878858, 2631147806, 1, 2, 1, 1
1, 45, 12, 17, 2614878858, 2631147806, 1, 1, 1, 1
1, 45, 12, 17, 2614878858, 2631147806, 1, 0, 1, 0
1, 45, 12, 17, 2614878858, 2631147806, 0, 2, 1, 1
1, 45, 12, 17, 2614878858, 2631147806, 0, 1, 1, 1
1, 46, 12, 17, 2631147807, 2695774048, 7, 2, 123000840, 0
1, 46, 12, 17, 2631147807, 2695774048, 7, 1, 107053807, 0
1, 46, 12, 17, 2631147807, 2695774048, 7, 0, 106262212, 0
1, 46, 12, 17, 2631147807, 2695774048, 6, 2, 112421256, 0
1, 46, 12, 17, 2631147807, 2695774048, 6, 1, 92475899, 0
1, 46, 12, 17, 2631147807, 2695774048, 6, 0, 90337546, 0
1, 46, 12, 17, 2631147807, 2695774048, 5, 2, 101167687, 0
1, 46, 12, 17, 2631147807, 2695774048, 5, 1, 83507281, 0
1, 46, 12, 17, 2631147807, 2695774048, 5, 0, 68043013, 0
1, 46, 12, 17, 2631147807, 2695774048, 4, 2, 81375464, 0
1, 46, 12, 17, 2631147807, 2695774048, 4, 1, 57217742, 0
1, 46, 12, 17, 2631147807, 2695774048, 4, 0, 34601215, 0
1, 46, 12, 17, 2631147807, 2695774048, 3, 2, 67069893, 0
1, 46, 12, 17, 2631147807, 2695774048, 3, 1, 39792607, 0
1, 46, 12, 17, 2631147807, 2695774048, 3, 0, 34601215, 0
1, 46, 12, 17, 2631147807, 2695774048, 2, 2, 64417084, 0
1, 46, 12, 17, 2631147807, 2695774048, 2, 1, 44238468, 0
1, 46, 12, 17, 2631147807, 2695774048, 2, 0, 34601215, 0
1, 46, 12, 17, 2631147807, 2695774048, 1, 2, 34078088, 0
1, 46, 12, 17, 2631147807, 2695774048, 1, 1, 13774119, 0
1, 46, 12, 17, 2631147807, 2695774048, 1, 0, 34601215, 0
1, 46, 12, 17, 2631147807, 2695774048, 0, 2, 6721141, 1
1, 46, 12, 17, 2631147807, 2695774048, 0, 1, 6721141, 1
1, 47, 12, 17, 2695774049, 2708050396, 7, 2, 16392855, 0
1, 47, 12, 17, 2695774049, 2708050396, 7, 1, 12711315, 0
1, 47, 12, 17, 2695774049, 2708050396, 7, 0, 27238531, 0
1, 47, 12, 17, 2695774049, 2708050396, 6, 2, 18851783, 0
1, 47, 12, 17, 2695774049, 2708050396, 6, 1, 14666902, 0
1, 47, 12, 17, 2695774049, 2708050396, 6, 0, 31778286, 0
1, 47, 12, 17, 2695774049, 2708050396, 5, 2, 22178568, 0
1, 47, 12, 17, 2695774049, 2708050396, 5, 1, 17333611, 0
1, 47, 12, 17, 2695774049, 2708050396, 5, 0, 38133943, 0
1, 47, 12, 17, 2695774049, 2708050396, 4, 2, 26931118, 0
1, 47, 12, 17, 2695774049, 2708050396, 4, 1, 21185524, 0
1, 47, 12, 17, 2695774049, 2708050396, 4, 0, 47667429, 0
1, 47, 12, 17, 2695774049, 2708050396, 3, 2, 1, 1
1, 47, 12, 17, 2695774049, 2708050396, 3, 1, 1, 1
1, 47, 12, 17, 2695774049, 2708050396, 3, 0, 1, 0
1, 47, 12, 17, 2695774049, 2708050396, 2, 2, 1, 1
1, 47, 12, 17, 2695774049, 2708050396, 2, 1, 1, 1
1, 47, 12, 17, 2695774049, 2708050396, 2, 0, 1, 0
1, 47, 12, 17, 2695774049, 2708050396, 1, 2, 1, 1
1, 47, 12, 17, 2695774049, 2708050396, 1, 1, 1, 1
1, 47, 12, 17, 2695774049, 2708050396, 1, 0, 1, 0
1, 47, 12, 17, 2695774049, 2708050396, 0, 2, 1, 1
1, 47, 12, 17, 2695774049, 2708050396, 0, 1, 1, 1
1, 48, 12, 17, 2708050397, 2857035888, 7, 2, 133363834, 0
1, 48, 12, 17, 2708050397, 2857035888, 7, 1, 129542209, 0
1, 48, 12, 17, 2708050397, 2857035888, 7, 0, 114437839, 0
1, 48, 12, 17, 2708050397, 2857035888, 6, 2, 124572568, 0
1, 48, 12, 17, 2708050397, 2857035888, 6, 1, 119514213, 0
1, 48, 12, 17, 2708050397, 2857035888, 6, 0, 101056782, 0
1, 48, 12, 17, 2708050397, 2857035888, 5, 2, 123647235, 0
1, 48, 12, 17, 2708050397, 2857035888, 5, 1, 105839673, 0
1, 48, 12, 17, 2708050397, 2857035888, 5, 0, 82323301, 0
1, 48, 12, 17, 2708050397, 2857035888, 4, 2, 112788416, 0
1, 48, 12, 17, 2708050397, 2857035888, 4, 1, 91971077, 0
1, 48, 12, 17, 2708050397, 2857035888, 4, 0, 67460996, 0
1, 48, 12, 17, 2708050397, 2857035888, 3, 2, 81500324, 0
1, 48, 12, 17, 2708050397, 2857035888, 3, 1, 80895878, 0
1, 48, 12, 17, 2708050397, 2857035888, 3, 0, 67699872, 0
1, 48, 12, 17, 2708050397, 2857035888, 2, 2, 73096468, 0
1, 48, 12, 17, 2708050397, 2857035888, 2, 1, 64498106, 0
1, 48, 12, 17, 2708050397, 2857035888, 2, 0, 63883174, 0
1, 48, 12, 17, 2708050397, 2857035888, 1, 2, 41294775, 0
1, 48, 12, 17, 2708050397, 2857035888, 1, 1, 25111090, 0
1, 48, 12, 17, 2708050397, 2857035888, 1, 0, 75333268, 0
1, 48, 12, 17, 2708050397, 2857035888, 0, 2, 1, 1
1, 48, 12, 17, 2708050397, 2857035888, 0, 1, 1, 1
1, 49, 12, 17, 2857035889, 3133287403, 7, 2, 150954924, 0
1, 49, 12, 17, 2857035889, 3133287403, 7, 1, 149047984, 0
1, 49, 12, 17, 2857035889, 3133287403, 7, 0, 128883377, 0
1, 49, 12, 17, 2857035889, 3133287403, 6, 2, 130891831, 0
1, 49, 12, 17, 2857035889, 3133287403, 6, 1, 141847267, 0
1, 49, 12, 17, 2857035889, 3133287403, 6, 0, 117721832, 0
1, 49, 12, 17, 2857035889, 3133287403, 5, 2, 119884521, 0
1, 49, 12, 17, 2857035889, 3133287403, 5, 1, 130040279, 0
1, 49, 12, 17, 2857035889, 3133287403, 5, 0, 99909058, 0
1, 49, 12, 17, 2857035889, 3133287403, 4, 2, 115826032, 0
1, 49, 12, 17, 2857035889, 3133287403, 4, 1, 117693367, 0
1, 49, 12, 17, 2857035889, 3133287403, 4, 0, 75923160, 0
1, 49, 12, 17, 2857035889, 3133287403, 3, 2, 108469062, 0
1, 49, 12, 17, 2857035889, 3133287403, 3, 1, 108429295, 0
1, 49, 12, 17, 2857035889, 3133287403, 3, 0, 66436681, 0
1, 49, 12, 17, 2857035889, 3133287403, 2, 2, 88080023, 0
1, 49, 12, 17, 2857035889, 3133287403, 2, 1, 88927338, 0
1, 49, 12, 17, 2857035889, 3133287403, 2, 0, 40397160, 0
1, 49, 12, 17, 2857035889, 3133287403, 1, 2, 76123603, 0
1, 49, 12, 17, 2857035889, 3133287403, 1, 1, 82928014, 0
1, 49, 12, 17, 2857035889, 3133287403, 1, 0, 80794319, 0
1, 49, 12, 17, 2857035889, 3133287403, 0, 2, 3664454, 1
1, 49, 12, 17, 2857035889, 3133287403, 0, 1, 3664454, 1
1, 50, 12, 17, 3133287404, 3271315970, 7, 2, 135634817, 0
1, 50, 12, 17, 3133287404, 3271315970, 7, 1, 145174742, 0
1, 50, 12, 17, 3133287404, 3271315970, 7, 0, 137771976, 0
1, 50, 12, 17, 3133287404, 3271315970, 6, 2, 138648364, 0
1, 50, 12, 17, 3133287404, 3271315970, 6, 1, 140845201, 0
1, 50, 12, 17, 3133287404, 3271315970, 6, 0, 131847846, 0
1, 50, 12, 17, 3133287404, 3271315970, 5, 2, 131471575, 0
1, 50, 12, 17, 3133287404, 3271315970, 5, 1, 134941282, 0
1, 50, 12, 17, 3133287404, 3271315970, 5, 0, 123554065, 0
1, 50, 12, 17, 3133287404, 3271315970, 4, 2, 122368815, 0
1, 50, 12, 17, 3133287404, 3271315970, 4, 1, 126413399, 0
1, 50, 12, 17, 3133287404, 3271315970, 4, 0, 111113392, 0
1, 50, 12, 17, 3133287404, 3271315970, 3, 2, 117279583, 0
1, 50, 12, 17, 3133287404, 3271315970, 3, 1, 121684799, 0
1, 50, 12, 17, 3133287404, 3271315970, 3, 0, 110614442, 0
1, 50, 12, 17, 3133287404, 3271315970, 2, 2, 105804217, 0
1, 50, 12, 17, 3133287404, 3271315970, 2, 1, 113173319, 0
1, 50, 12, 17, 3133287404, 3271315970, 2, 0, 109616541, 0
1, 50, 12, 17, 3133287404, 3271315970, 1, 2, 86019394, 0
1, 50, 12, 17, 3133287404, 3271315970, 1, 1, 95563613, 0
1, 50, 12, 17, 3133287404, 3271315970, 1, 0, 113374084, 0
1, 50, 12, 17, 3133287404, 3271315970, 0, 2, 3122562, 1
1, 50, 12, 17, 3133287404, 3271315970, 0, 1, 1, 1
1, 51, 12, 17, 3271315971, 3573109911, 7, 2, 129718923, 0
1, 51, 12, 17, 3271315971, 3573109911, 7, 1, 142560661, 0
1, 51, 12, 17, 3271315971, 3573109911, 7, 0, 121850661, 0
1, 51, 12, 17, 3271315971, 3573109911, 6, 2, 128301331, 0
1, 51, 12, 17, 3271315971, 3573109911, 6, 1, 137749360, 0
1, 51, 12, 17, 3271315971, 3573109911, 6, 0, 113186752, 0
1, 51, 12, 17, 3271315971, 3573109911, 5, 2, 119257506, 0
1, 51, 12, 17, 3271315971, 3573109911, 5, 1, 128584056, 0
1, 51, 12, 17, 3271315971, 3573109911, 5, 0, 98192395, 0
1, 51, 12, 17, 3271315971, 3573109911, 4, 2, 108384100, 0
1, 51, 12, 17, 3271315971, 3573109911, 4, 1, 118528487, 0
1, 51, 12, 17, 3271315971, 3573109911, 4, 0, 79281965, 0
1, 51, 12, 17, 3271315971, 3573109911, 3, 2, 97848323, 0
1, 51, 12, 17, 3271315971, 3573109911, 3, 1, 110412652, 0
1, 51, 12, 17, 3271315971, 3573109911, 3, 0, 70472858, 0
1, 51, 12, 17, 3271315971, 3573109911, 2, 2, 81201264, 0
1, 51, 12, 17, 3271315971, 3573109911, 2, 1, 98669032, 0
1, 51, 12, 17, 3271315971, 3573109911, 2, 0, 52854644, 0
1, 51, 12, 17, 3271315971, 3573109911, 1, 2, 63301087, 0
1, 51, 12, 17, 3271315971, 3573109911, 1, 1, 101728876, 0
1, 51, 12, 17, 3271315971, 3573109911, 1, 0, 105709287, 0
1, 51, 12, 17, 3271315971, 3573109911, 0, 2, 11318808, 1
1, 51, 12, 17, 3271315971, 3573109911, 0, 1, 11318808, 1
1, 52, 12, 17, 3573109912, 3791361131, 7, 2, 144151079, 0
1, 52, 12, 17, 3573109912, 3791361131, 7, 1, 144033556, 0
1, 52, 12, 17, 3573109912, 3791361131, 7, 0, 121304814, 0
1, 52, 12, 17, 3573109912, 3791361131, 6, 2, 136660433, 0
1, 52, 12, 17, 3573109912, 3791361131, 6, 1, 135611446, 0
1, 52, 12, 17, 3573109912, 3791361131, 6, 0, 110055127, 0
1, 52, 12, 17, 3573109912, 3791361131, 5, 2, 128062133, 0
1, 52, 12, 17, 3573109912, 3791361131, 5, 1, 125940266, 0
1, 52, 12, 17, 3573109912, 3791361131, 5, 0, 94305565, 0
1, 52, 12, 17, 3573109912, 3791361131, 4, 2, 115338485, 0
1, 52, 12, 17, 3573109912, 3791361131, 4, 1, 111970784, 0
1, 52, 12, 17, 3573109912, 3791361131, 4, 0, 70681222, 0
1, 52, 12, 17, 3573109912, 3791361131, 3, 2, 107942350, 0
1, 52, 12, 17, 3573109912, 3791361131, 3, 1, 104039530, 0
1, 52, 12, 17, 3573109912, 3791361131, 3, 0, 64022494, 0
1, 52, 12, 17, 3573109912, 3791361131, 2, 2, 94999113, 0
1, 52, 12, 17, 3573109912, 3791361131, 2, 1, 89763274, 0
1, 52, 12, 17, 3573109912, 3791361131, 2, 0, 50705036, 0
1, 52, 12, 17, 3573109912, 3791361131, 1, 2, 78011228, 0
1, 52, 12, 17, 3573109912, 3791361131, 1, 1, 75597399, 0
1, 52, 12, 17, 3573109912, 3791361131, 1, 0, 68188836, 0
1, 52, 12, 17, 3573109912, 3791361131, 0, 2, 15351346, 1
1, 52, 12, 17, 3573109912, 3791361131, 0, 1, 15351346, 1
1, 53, 12, 17, 3791361132, 3811852755, 7, 2, 127893373, 0
1, 53, 12, 17, 3791361132, 3811852755, 7, 1, 112370929, 0
1, 53, 12, 17, 3791361132, 3811852755, 7, 0, 73125425, 0
1, 53, 12, 17, 3791361132, 3811852755, 6, 2, 119304141, 0
1, 53, 12, 17, 3791361132, 3811852755, 6, 1, 113743653, 0
1, 53, 12, 17, 3791361132, 3811852755, 6, 0, 85312996, 0
1, 53, 12, 17, 3791361132, 3811852755, 5, 2, 119650867, 0
1, 53, 12, 17, 3791361132, 3811852755, 5, 1, 104338169, 0
1, 53, 12, 17, 3791361132, 3811852755, 5, 0, 72889395, 0
1, 53, 12, 17, 3791361132, 3811852755, 4, 2, 106548016, 0
1, 53, 12, 17, 3791361132, 3811852755, 4, 1, 97817426, 0
1, 53, 12, 17, 3791361132, 3811852755, 4, 0, 75995096, 0
1, 53, 12, 17, 3791361132, 3811852755, 3, 2, 95245794, 0
1, 53, 12, 17, 3791361132, 3811852755, 3, 1, 84700418, 0
1, 53, 12, 17, 3791361132, 3811852755, 3, 0, 68240327, 0
1, 53, 12, 17, 3791361132, 3811852755, 2, 2, 70479058, 0
1, 53, 12, 17, 3791361132, 3811852755, 2, 1, 56729200, 0
1, 53, 12, 17, 3791361132, 3811852755, 2, 0, 51180245, 0
1, 53, 12, 17, 3791361132, 3811852755, 1, 2, 21114425, 1
1, 53, 12, 17, 3791361132, 3811852755, 1, 1, 1, 1
1, 53, 12, 17, 3791361132, 3811852755, 1, 0, 1, 0
1, 53, 12, 17, 3791361132, 3811852755, 0, 2, 1, 1
1, 53, 12, 17, 3791361132, 3811852755, 0, 1, 1, 1
1, 54, 12, 17, 3811852756, 3827998949, 7, 2, 114947772, 0
1, 54, 12, 17, 3811852756, 3827998949, 7, 1, 101519256, 0
1, 54, 12, 17, 3811852756, 3827998949, 7, 0, 84423192, 0
1, 54, 12, 17, 3811852756, 3827998949, 6, 2, 100410225, 0
1, 54, 12, 17, 3811852756, 3827998949, 6, 1, 89860135, 0
1, 54, 12, 17, 3811852756, 3827998949, 6, 0, 83871548, 0
1, 54, 12, 17, 3811852756, 3827998949, 5, 2, 102380390, 0
1, 54, 12, 17, 3811852756, 3827998949, 5, 1, 92849920, 0
1, 54, 12, 17, 3811852756, 3827998949, 5, 0, 83122054, 0
1, 54, 12, 17, 3811852756, 3827998949, 4, 2, 83676850, 0
1, 54, 12, 17, 3811852756, 3827998949, 4, 1, 77480311, 0
1, 54, 12, 17, 3811852756, 3827998949, 4, 0, 81273517, 0
1, 54, 12, 17, 3811852756, 3827998949, 3, 2, 84772208, 0
1, 54, 12, 17, 3811852756, 3827998949, 3, 1, 91526396, 0
1, 54, 12, 17, 3811852756, 3827998949, 3, 0, 108364690, 0
1, 54, 12, 17, 3811852756, 3827998949, 2, 2, 82478291, 1
1, 54, 12, 17, 3811852756, 3827998949, 2, 1, 73603363, 1
1, 54, 12, 17, 3811852756, 3827998949, 2, 0, 26213056, 0
1, 54, 12, 17, 3811852756, 3827998949, 1, 2, 40477195, 1
1, 54, 12, 17, 3811852756, 3827998949, 1, 1, 29277039, 1
1, 54, 12, 17, 3811852756, 3827998949, 1, 0, 1, 0
1, 54, 12, 17, 3811852756, 3827998949, 0, 2, 40477544, 1
1, 54, 12, 17, 3811852756, 3827998949, 0, 1, 54775320, 1
1, 55, 12, 17, 3827998950, 3842930382, 7, 2, 233393952, 0
1, 55, 12, 17, 3827998950, 3842930382, 7, 1, 217219789, 0
1, 55, 12, 17, 3827998950, 3842930382, 7, 0, 157164865, 0
1, 55, 12, 17, 3827998950, 3842930382, 6, 2, 215502079, 0
1, 55, 12, 17, 3827998950, 3842930382, 6, 1, 202619254, 0
1, 55, 12, 17, 3827998950, 3842930382, 6, 0, 140884180, 0
1, 55, 12, 17, 3827998950, 3842930382, 5, 2, 197194834, 0
1, 55, 12, 17, 3827998950, 3842930382, 5, 1, 186723061, 0
1, 55, 12, 17, 3827998950, 3842930382, 5, 0, 132135559, 0
1, 55, 12, 17, 3827998950, 3842930382, 4, 2, 176773726, 0
1, 55, 12, 17, 3827998950, 3842930382, 4, 1, 170222858, 0
1, 55, 12, 17, 3827998950, 3842930382, 4, 0, 98599501, 0
1, 55, 12, 17, 3827998950, 3842930382, 3, 2, 183851977, 0
1, 55, 12, 17, 3827998950, 3842930382, 3, 1, 164871381, 0
1, 55, 12, 17, 3827998950, 3842930382, 3, 0, 131466001, 0
1, 55, 12, 17, 3827998950, 3842930382, 2, 2, 162153789, 0
1, 55, 12, 17, 3827998950, 3842930382, 2, 1, 158890308, 0
1, 55, 12, 17, 3827998950, 3842930382, 2, 0, 197199001, 0
1, 55, 12, 17, 3827998950, 3842930382, 1, 2, 111516097, 0
1, 55, 12, 17, 3827998950, 3842930382, 1, 1, 121346982, 0
1, 55, 12, 17, 3827998950, 3842930382, 1, 0, 164915281, 0
1, 55, 12, 17, 3827998950, 3842930382, 0, 2, 67175418, 1
1, 55, 12, 17, 3827998950, 3842930382, 0, 1, 93221160, 1
1, 56, 12, 17, 3842930383, 3849992777, 7, 2, 309141738, 0
1, 56, 12, 17, 3842930383, 3849992777, 7, 1, 319363283, 0
1, 56, 12, 17, 3842930383, 3849992777, 7, 0, 327728964, 0
1, 56, 12, 17, 3842930383, 3849992777, 6, 2, 269173916, 0
1, 56, 12, 17, 3842930383, 3849992777, 6, 1, 266146339, 0
1, 56, 12, 17, 3842930383, 3849992777, 6, 0, 281017270, 0
1, 56, 12, 17, 3842930383, 3849992777, 5, 2, 247613570, 0
1, 56, 12, 17, 3842930383, 3849992777, 5, 1, 233253044, 0
1, 56, 12, 17, 3842930383, 3849992777, 5, 0, 229665235, 0
1, 56, 12, 17, 3842930383, 3849992777, 4, 2, 221100303, 0
1, 56, 12, 17, 3842930383, 3849992777, 4, 1, 202788752, 0
1, 56, 12, 17, 3842930383, 3849992777, 4, 0, 201128728, 0
1, 56, 12, 17, 3842930383, 3849992777, 3, 2, 199355299, 0
1, 56, 12, 17, 3842930383, 3849992777, 3, 1, 192901049, 0
1, 56, 12, 17, 3842930383, 3849992777, 3, 0, 198203591, 0
1, 56, 12, 17, 3842930383, 3849992777, 2, 2, 144591735, 0
1, 56, 12, 17, 3842930383, 3849992777, 2, 1, 134461210, 0
1, 56, 12, 17, 3842930383, 3849992777, 2, 0, 124872850, 0
1, 56, 12, 17, 3842930383, 3849992777, 1, 2, 75129438, 0
1, 56, 12, 17, 3842930383, 3849992777, 1, 1, 63853059, 1
1, 56, 12, 17, 3842930383, 3849992777, 1, 0, 53842128, 0
1, 56, 12, 17, 3842930383, 3849992777, 0, 2, 43531066, 1
1, 56, 12, 17, 3842930383, 3849992777, 0, 1, 65701591, 1
1, 57, 12, 17, 3849992778, 3863294982, 7, 2, 224586198, 0
1, 57, 12, 17, 3849992778, 3863294982, 7, 1, 247538445, 0
1, 57, 12, 17, 3849992778, 3863294982, 7, 0, 251407205, 0
1, 57, 12, 17, 3849992778, 3863294982, 6, 2, 218274673, 0
1, 57, 12, 17, 3849992778, 3863294982, 6, 1, 231197858, 0
1, 57, 12, 17, 3849992778, 3863294982, 6, 0, 279798127, 0
1, 57, 12, 17, 3849992778, 3863294982, 5, 2, 186885336, 0
1, 57, 12, 17, 3849992778, 3863294982, 5, 1, 187379377, 0
1, 57, 12, 17, 3849992778, 3863294982, 5, 0, 233566004, 0
1, 57, 12, 17, 3849992778, 3863294982, 4, 2, 158545702, 0
1, 57, 12, 17, 3849992778, 3863294982, 4, 1, 158183802, 0
1, 57, 12, 17, 3849992778, 3863294982, 4, 0, 204119181, 0
1, 57, 12, 17, 3849992778, 3863294982, 3, 2, 98532654, 0
1, 57, 12, 17, 3849992778, 3863294982, 3, 1, 96633918, 0
1, 57, 12, 17, 3849992778, 3863294982, 3, 0, 141430698, 0
1, 57, 12, 17, 3849992778, 3863294982, 2, 2, 60157919, 0
1, 57, 12, 17, 3849992778, 3863294982, 2, 1, 52873447, 0
1, 57, 12, 17, 3849992778, 3863294982, 2, 0, 107005303, 0
1, 57, 12, 17, 3849992778, 3863294982, 1, 2, 29988727, 0
1, 57, 12, 17, 3849992778, 3863294982, 1, 1, 31482887, 0
1, 57, 12, 17, 3849992778, 3863294982, 1, 0, 66469857, 0
1, 57, 12, 17, 3849992778, 3863294982, 0, 2, 20497104, 1
1, 57, 12, 17, 3849992778, 3863294982, 0, 1, 27978803, 1
1, 58, 12, 17, 3863294983, 3867008995, 7, 2, 351909554, 0
1, 58, 12, 17, 3863294983, 3867008995, 7, 1, 298165188, 0
1, 58, 12, 17, 3863294983, 3867008995, 7, 0, 295421070, 0
1, 58, 12, 17, 3863294983, 3867008995, 6, 2, 315432684, 0
1, 58, 12, 17, 3863294983, 3867008995, 6, 1, 254186684, 0
1, 58, 12, 17, 3863294983, 3867008995, 6, 0, 243692544, 0
1, 58, 12, 17, 3863294983, 3867008995, 5, 2, 309093070, 0
1, 58, 12, 17, 3863294983, 3867008995, 5, 1, 274466337, 0
1, 58, 12, 17, 3863294983, 3867008995, 5, 0, 235371615, 0
1, 58, 12, 17, 3863294983, 3867008995, 4, 2, 249272778, 0
1, 58, 12, 17, 3863294983, 3867008995, 4, 1, 233220991, 0
1, 58, 12, 17, 3863294983, 3867008995, 4, 0, 266903370, 0
1, 58, 12, 17, 3863294983, 3867008995, 3, 2, 214393635, 0
1, 58, 12, 17, 3863294983, 3867008995, 3, 1, 194458686, 0
1, 58, 12, 17, 3863294983, 3867008995, 3, 0, 233987477, 0
1, 58, 12, 17, 3863294983, 3867008995, 2, 2, 263371215, 0
1, 58, 12, 17, 3863294983, 3867008995, 2, 1, 221970108, 0
1, 58, 12, 17, 3863294983, 3867008995, 2, 0, 279544543, 0
1, 58, 12, 17, 3863294983, 3867008995, 1, 2, 240659121, 0
1, 58, 12, 17, 3863294983, 3867008995, 1, 1, 211965463, 0
1, 58, 12, 17, 3863294983, 3867008995, 1, 0, 217021821, 0
1, 58, 12, 17, 3863294983, 3867008995, 0, 2, 165834529, 1
1, 58, 12, 17, 3863294983, 3867008995, 0, 1, 65196578, 1
1, 59, 12, 17, 3867008996, 3867946049, 7, 2, 171413110, 0
1, 59, 12, 17, 3867008996, 3867946049, 7, 1, 141517268, 0
1, 59, 12, 17, 3867008996, 3867946049, 7, 0, 183978250, 0
1, 59, 12, 17, 3867008996, 3867946049, 6, 2, 140943405, 0
1, 59, 12, 17, 3867008996, 3867946049, 6, 1, 125339149, 0
1, 59, 12, 17, 3867008996, 3867946049, 6, 0, 132416277, 0
1, 59, 12, 17, 3867008996, 3867946049, 5, 2, 144817985, 1
1, 59, 12, 17, 3867008996, 3867946049, 5, 1, 115676963, 0
1, 59, 12, 17, 3867008996, 3867946049, 5, 0, 87507063, 0
1, 59, 12, 17, 3867008996, 3867946049, 4, 2, 175850411, 0
1, 59, 12, 17, 3867008996, 3867946049, 4, 1, 141382955, 0
1, 59, 12, 17, 3867008996, 3867946049, 4, 0, 109383829, 0
1, 59, 12, 17, 3867008996, 3867946049, 3, 2, 163830447, 0
1, 59, 12, 17, 3867008996, 3867946049, 3, 1, 140891150, 0
1, 59, 12, 17, 3867008996, 3867946049, 3, 0, 145845105, 0
1, 59, 12, 17, 3867008996, 3867946049, 2, 2, 171656964, 0
1, 59, 12, 17, 3867008996, 3867946049, 2, 1, 118607158, 0
1, 59, 12, 17, 3867008996, 3867946049, 2, 0, 120361352, 0
1, 59, 12, 17, 3867008996, 3867946049, 1, 2, 141667461, 0
1, 59, 12, 17, 3867008996, 3867946049, 1, 1, 138608150, 0
1, 59, 12, 17, 3867008996, 3867946049, 1, 0, 240722704, 0
1, 59, 12, 17, 3867008996, 3867946049, 0, 2, 104157587, 1
1, 59, 12, 17, 3867008996, 3867946049, 0, 1, 26045132, 1
1, 60, 12, 17, 3867946050, 3869084450, 7, 2, 15393208, 1
1, 60, 12, 17, 3867946050, 3869084450, 7, 1, 9150932, 1
1, 60, 12, 17, 3867946050, 3869084450, 7, 0, 5318723, 0
1, 60, 12, 17, 3867946050, 3869084450, 6, 2, 15131574, 1
1, 60, 12, 17, 3867946050, 3869084450, 6, 1, 8675389, 1
1, 60, 12, 17, 3867946050, 3869084450, 6, 0, 5022787, 0
1, 60, 12, 17, 3867946050, 3869084450, 5, 2, 14925767, 1
1, 60, 12, 17, 3867946050, 3869084450, 5, 1, 9191363, 1
1, 60, 12, 17, 3867946050, 3869084450, 5, 0, 4781323, 0
1, 60, 12, 17, 3867946050, 3869084450, 4, 2, 16689510, 1
1, 60, 12, 17, 3867946050, 3869084450, 4, 1, 10886001, 1
1, 60, 12, 17, 3867946050, 3869084450, 4, 0, 5976654, 0
1, 60, 12, 17, 3867946050, 3869084450, 3, 2, 17445091, 1
1, 60, 12, 17, 3867946050, 3869084450, 3, 1, 11011880, 1
1, 60, 12, 17, 3867946050, 3869084450, 3, 0, 6222568, 0
1, 60, 12, 17, 3867946050, 3869084450, 2, 2, 18779935, 1
1, 60, 12, 17, 3867946050, 3869084450, 2, 1, 11993288, 1
1, 60, 12, 17, 3867946050, 3869084450, 2, 0, 7257658, 0
1, 60, 12, 17, 3867946050, 3869084450, 1, 2, 18446596, 1
1, 60, 12, 17, 3867946050, 3869084450, 1, 1, 10399499, 1
1, 60, 12, 17, 3867946050, 3869084450, 1, 0, 3056814, 0
1, 60, 12, 17, 3867946050, 3869084450, 0, 2, 20068549, 1
1, 60, 12, 17, 3867946050, 3869084450, 0, 1, 11973890, 1
1, 61, 12, 17, 3869084451, 3871811776, 7, 2, 11136420, 1
1, 61, 12, 17, 3869084451, 3871811776, 7, 1, 5877609, 1
1, 61, 12, 17, 3869084451, 3871811776, 7, 0, 901908, 0
1, 61, 12, 17, 3869084451, 3871811776, 6, 2, 11080016, 1
1, 61, 12, 17, 3869084451, 3871811776, 6, 1, 5899880, 1
1, 61, 12, 17, 3869084451, 3871811776, 6, 0, 1005432, 0
1, 61, 12, 17, 3869084451, 3871811776, 5, 2, 11232912, 1
1, 61, 12, 17, 3869084451, 3871811776, 5, 1, 5999917, 1
1, 61, 12, 17, 3869084451, 3871811776, 5, 0, 1206519, 0
1, 61, 12, 17, 3869084451, 3871811776, 4, 2, 11454703, 1
1, 61, 12, 17, 3869084451, 3871811776, 4, 1, 6401525, 1
1, 61, 12, 17, 3869084451, 3871811776, 4, 0, 1508148, 0
1, 61, 12, 17, 3869084451, 3871811776, 3, 2, 11408157, 1
1, 61, 12, 17, 3869084451, 3871811776, 3, 1, 6321310, 1
1, 61, 12, 17, 3869084451, 3871811776, 3, 0, 834639, 0
1, 61, 12, 17, 3869084451, 3871811776, 2, 2, 11357863, 1
1, 61, 12, 17, 3869084451, 3871811776, 2, 1, 6286416, 1
1, 61, 12, 17, 3869084451, 3871811776, 2, 0, 404209, 0
1, 61, 12, 17, 3869084451, 3871811776, 1, 2, 11519904, 1
1, 61, 12, 17, 3869084451, 3871811776, 1, 1, 6756108, 1
1, 61, 12, 17, 3869084451, 3871811776, 1, 0, 468545, 0
1, 61, 12, 17, 3869084451, 3871811776, 0, 2, 13487147, 1
1, 61, 12, 17, 3869084451, 3871811776, 0, 1, 10200081, 1
1, 62, 12, 17, 3871811777, 3880658529, 7, 2, 194340134, 0
1, 62, 12, 17, 3871811777, 3880658529, 7, 1, 175748000, 0
1, 62, 12, 17, 3871811777, 3880658529, 7, 0, 232366800, 0
1, 62, 12, 17, 3871811777, 3880658529, 6, 2, 188509263, 0
1, 62, 12, 17, 3871811777, 3880658529, 6, 1, 175518481, 0
1, 62, 12, 17, 3871811777, 3880658529, 6, 0, 213439789, 0
1, 62, 12, 17, 3871811777, 3880658529, 5, 2, 196444234, 1
1, 62, 12, 17, 3871811777, 3880658529, 5, 1, 173050750, 0
1, 62, 12, 17, 3871811777, 3880658529, 5, 0, 182187921, 0
1, 62, 12, 17, 3871811777, 3880658529, 4, 2, 184133848, 0
1, 62, 12, 17, 3871811777, 3880658529, 4, 1, 162051690, 0
1, 62, 12, 17, 3871811777, 3880658529, 4, 0, 206610839, 0
1, 62, 12, 17, 3871811777, 3880658529, 3, 2, 126211706, 1
1, 62, 12, 17, 3871811777, 3880658529, 3, 1, 97817143, 0
1, 62, 12, 17, 3871811777, 3880658529, 3, 0, 151726101, 0
1, 62, 12, 17, 3871811777, 3880658529, 2, 2, 163835721, 0
1, 62, 12, 17, 3871811777, 3880658529, 2, 1, 135647432, 0
1, 62, 12, 17, 3871811777, 3880658529, 2, 0, 227589151, 0
1, 62, 12, 17, 3871811777, 3880658529, 1, 2, 153396361, 1
1, 62, 12, 17, 3871811777, 3880658529, 1, 1, 64882877, 1
1, 62, 12, 17, 3871811777, 3880658529, 1, 0, 1, 0
1, 62, 12, 17, 3871811777, 3880658529, 0, 2, 190808699, 1
1, 62, 12, 17, 3871811777, 3880658529, 0, 1, 133931291, 1
1, 63, 12, 17, 3880658530, 3888987901, 7, 2, 85490725, 1
1, 63, 12, 17, 3880658530, 3888987901, 7, 1, 89124139, 0
1, 63, 12, 17, 3880658530, 3888987901, 7, 0, 98565465, 0
1, 63, 12, 17, 3880658530, 3888987901, 6, 2, 81861819, 1
1, 63, 12, 17, 3880658530, 3888987901, 6, 1, 77523984, 0
1, 63, 12, 17, 3880658530, 3888987901, 6, 0, 97686016, 0
1, 63, 12, 17, 3880658530, 3888987901, 5, 2, 79376601, 1
1, 63, 12, 17, 3880658530, 3888987901, 5, 1, 70242876, 1
1, 63, 12, 17, 3880658530, 3888987901, 5, 0, 70195186, 0
1, 63, 12, 17, 3880658530, 3888987901, 4, 2, 51390432, 1
1, 63, 12, 17, 3880658530, 3888987901, 4, 1, 38532142, 1
1, 63, 12, 17, 3880658530, 3888987901, 4, 0, 31412413, 0
1, 63, 12, 17, 3880658530, 3888987901, 3, 2, 40864865, 1
1, 63, 12, 17, 3880658530, 3888987901, 3, 1, 10976678, 1
1, 63, 12, 17, 3880658530, 3888987901, 3, 0, 1, 0
1, 63, 12, 17, 3880658530, 3888987901, 2, 2, 56189190, 1
1, 63, 12, 17, 3880658530, 3888987901, 2, 1, 15367349, 1
1, 63, 12, 17, 3880658530, 3888987901, 2, 0, 1, 0
1, 63, 12, 17, 3880658530, 3888987901, 1, 2, 66322178, 1
1, 63, 12, 17, 3880658530, 3888987901, 1, 1, 25612248, 1
1, 63, 12, 17, 3880658530, 3888987901, 1, 0, 1, 0
1, 63, 12, 17, 3880658530, 3888987901, 0, 2, 104205405, 1
1, 63, 12, 17, 3880658530, 3888987901, 0, 1, 76836742, 1
1, 64, 12, 17, 3888987902, 3889983748, 7, 2, 63347177, 0
1, 64, 12, 17, 3888987902, 3889983748, 7, 1, 46417556, 0
1, 64, 12, 17, 3888987902, 3889983748, 7, 0, 68984401, 0
1, 64, 12, 17, 3888987902, 3889983748, 6, 2, 62678754, 0
1, 64, 12, 17, 3888987902, 3889983748, 6, 1, 52991303, 0
1, 64, 12, 17, 3888987902, 3889983748, 6, 0, 80481801, 0
1, 64, 12, 17, 3888987902, 3889983748, 5, 2, 71719058, 0
1, 64, 12, 17, 3888987902, 3889983748, 5, 1, 61197809, 0
1, 64, 12, 17, 3888987902, 3889983748, 5, 0, 96578161, 0
1, 64, 12, 17, 3888987902, 3889983748, 4, 2, 63955283, 0
1, 64, 12, 17, 3888987902, 3889983748, 4, 1, 74038599, 0
1, 64, 12, 17, 3888987902, 3889983748, 4, 0, 120722701, 0
1, 64, 12, 17, 3888987902, 3889983748, 3, 2, 53883085, 0
1, 64, 12, 17, 3888987902, 3889983748, 3, 1, 76500891, 0
1, 64, 12, 17, 3888987902, 3889983748, 3, 0, 160963601, 0
1, 64, 12, 17, 3888987902, 3889983748, 2, 2, 39232089, 0
1, 64, 12, 17, 3888987902, 3889983748, 2, 1, 54842870, 0
1, 64, 12, 17, 3888987902, 3889983748, 2, 0, 122560703, 0
1, 64, 12, 17, 3888987902, 3889983748, 1, 2, 29309906, 0
1, 64, 12, 17, 3888987902, 3889983748, 1, 1, 37897350, 0
1, 64, 12, 17, 3888987902, 3889983748, 1, 0, 98034344, 0
1, 64, 12, 17, 3888987902, 3889983748, 0, 2, 11630783, 1
1, 64, 12, 17, 3888987902, 3889983748, 0, 1, 7242171, 1
1, 65, 12, 17, 3889983749, 3894854591, 7, 2, 25074823, 0
1, 65, 12, 17, 3889983749, 3894854591, 7, 1, 26488337, 0
1, 65, 12, 17, 3889983749, 3894854591, 7, 0, 42906895, 0
1, 65, 12, 17, 3889983749, 3894854591, 6, 2, 23800042, 0
1, 65, 12, 17, 3889983749, 3894854591, 6, 1, 24800447, 0
1, 65, 12, 17, 3889983749, 3894854591, 6, 0, 39832446, 0
1, 65, 12, 17, 3889983749, 3894854591, 5, 2, 25885505, 0
1, 65, 12, 17, 3889983749, 3894854591, 5, 1, 28298895, 0
1, 65, 12, 17, 3889983749, 3894854591, 5, 0, 47798935, 0
1, 65, 12, 17, 3889983749, 3894854591, 4, 2, 28895160, 0
1, 65, 12, 17, 3889983749, 3894854591, 4, 1, 33141121, 0
1, 65, 12, 17, 3889983749, 3894854591, 4, 0, 59748668, 0
1, 65, 12, 17, 3889983749, 3894854591, 3, 2, 29879107, 0
1, 65, 12, 17, 3889983749, 3894854591, 3, 1, 35371331, 0
1, 65, 12, 17, 3889983749, 3894854591, 3, 0, 66608572, 0
1, 65, 12, 17, 3889983749, 3894854591, 2, 2, 36407156, 0
1, 65, 12, 17, 3889983749, 3894854591, 2, 1, 46609426, 0
1, 65, 12, 17, 3889983749, 3894854591, 2, 0, 99557635, 0
1, 65, 12, 17, 3889983749, 3894854591, 1, 2, 52723052, 0
1, 65, 12, 17, 3889983749, 3894854591, 1, 1, 72793091, 0
1, 65, 12, 17, 3889983749, 3894854591, 1, 0, 196632756, 0
1, 65, 12, 17, 3889983749, 3894854591, 0, 2, 16660993, 1
1, 65, 12, 17, 3889983749, 3894854591, 0, 1, 11113339, 1
1, 66, 12, 17, 3894854592, 3900608378, 7, 2, 67150705, 1
1, 66, 12, 17, 3894854592, 3900608378, 7, 1, 47896253, 1
1, 66, 12, 17, 3894854592, 3900608378, 7, 0, 52987712, 0
1, 66, 12, 17, 3894854592, 3900608378, 6, 2, 64598178, 1
1, 66, 12, 17, 3894854592, 3900608378, 6, 1, 41983954, 1
1, 66, 12, 17, 3894854592, 3900608378, 6, 0, 33043599, 0
1, 66, 12, 17, 3894854592, 3900608378, 5, 2, 64532483, 1
1, 66, 12, 17, 3894854592, 3900608378, 5, 1, 49617400, 1
1, 66, 12, 17, 3894854592, 3900608378, 5, 0, 39652318, 0
1, 66, 12, 17, 3894854592, 3900608378, 4, 2, 71394774, 1
1, 66, 12, 17, 3894854592, 3900608378, 4, 1, 49807336, 1
1, 66, 12, 17, 3894854592, 3900608378, 4, 0, 44242931, 0
1, 66, 12, 17, 3894854592, 3900608378, 3, 2, 68778884, 1
1, 66, 12, 17, 3894854592, 3900608378, 3, 1, 38756329, 1
1, 66, 12, 17, 3894854592, 3900608378, 3, 0, 1, 0
1, 66, 12, 17, 3894854592, 3900608378, 2, 2, 81124821, 1
1, 66, 12, 17, 3894854592, 3900608378, 2, 1, 50778262, 1
1, 66, 12, 17, 3894854592, 3900608378, 2, 0, 1, 0
1, 66, 12, 17, 3894854592, 3900608378, 1, 2, 85814548, 1
1, 66, 12, 17, 3894854592, 3900608378, 1, 1, 74667505, 1
1, 66, 12, 17, 3894854592, 3900608378, 1, 0, 1, 0
1, 66, 12, 17, 3894854592, 3900608378, 0, 2, 78998451, 1
1, 66, 12, 17, 3894854592, 3900608378, 0, 1, 66207740, 1
1, 67, 12, 17, 3900608379, 3907482680, 7, 2, 100360796, 1
1, 67, 12, 17, 3900608379, 3907482680, 7, 1, 52638390, 1
1, 67, 12, 17, 3900608379, 3907482680, 7, 0, 1046928, 0
1, 67, 12, 17, 3900608379, 3907482680, 6, 2, 101753637, 1
1, 67, 12, 17, 3900608379, 3907482680, 6, 1, 53477577, 1
1, 67, 12, 17, 3900608379, 3907482680, 6, 0, 1221416, 0
1, 67, 12, 17, 3900608379, 3907482680, 5, 2, 101628861, 1
1, 67, 12, 17, 3900608379, 3907482680, 5, 1, 53253713, 1
1, 67, 12, 17, 3900608379, 3907482680, 5, 0, 1465700, 0
1, 67, 12, 17, 3900608379, 3907482680, 4, 2, 102478081, 1
1, 67, 12, 17, 3900608379, 3907482680, 4, 1, 53638783, 1
1, 67, 12, 17, 3900608379, 3907482680, 4, 0, 1832124, 0
1, 67, 12, 17, 3900608379, 3907482680, 3, 2, 104406389, 1
1, 67, 12, 17, 3900608379, 3907482680, 3, 1, 54671661, 1
1, 67, 12, 17, 3900608379, 3907482680, 3, 0, 2442832, 0
1, 67, 12, 17, 3900608379, 3907482680, 2, 2, 111260869, 1
1, 67, 12, 17, 3900608379, 3907482680, 2, 1, 58193885, 1
1, 67, 12, 17, 3900608379, 3907482680, 2, 0, 3664248, 0
1, 67, 12, 17, 3900608379, 3907482680, 1, 2, 122337891, 1
1, 67, 12, 17, 3900608379, 3907482680, 1, 1, 70039091, 1
1, 67, 12, 17, 3900608379, 3907482680, 1, 0, 7328496, 0
1, 67, 12, 17, 3900608379, 3907482680, 0, 2, 145608730, 1
1, 67, 12, 17, 3900608379, 3907482680, 0, 1, 96448028, 1
1, 68, 12, 17, 3907482681, 3913202731, 7, 2, 51406416, 1
1, 68, 12, 17, 3907482681, 3913202731, 7, 1, 35824790, 1
1, 68, 12, 17, 3907482681, 3913202731, 7, 0, 26001722, 0
1, 68, 12, 17, 3907482681, 3913202731, 6, 2, 50382171, 1
1, 68, 12, 17, 3907482681, 3913202731, 6, 1, 34985569, 1
1, 68, 12, 17, 3907482681, 3913202731, 6, 0, 30335343, 0
1, 68, 12, 17, 3907482681, 3913202731, 5, 2, 54343901, 1
1, 68, 12, 17, 3907482681, 3913202731, 5, 1, 39136589, 1
1, 68, 12, 17, 3907482681, 3913202731, 5, 0, 32489959, 0
1, 68, 12, 17, 3907482681, 3913202731, 4, 2, 56811333, 1
1, 68, 12, 17, 3907482681, 3913202731, 4, 1, 39459683, 1
1, 68, 12, 17, 3907482681, 3913202731, 4, 0, 21771116, 0
1, 68, 12, 17, 3907482681, 3913202731, 3, 2, 58407786, 1
1, 68, 12, 17, 3907482681, 3913202731, 3, 1, 40842437, 1
1, 68, 12, 17, 3907482681, 3913202731, 3, 0, 15343522, 0
1, 68, 12, 17, 3907482681, 3913202731, 2, 2, 55122212, 1
1, 68, 12, 17, 3907482681, 3913202731, 2, 1, 28097269, 1
1, 68, 12, 17, 3907482681, 3913202731, 2, 0, 23015282, 0
1, 68, 12, 17, 3907482681, 3913202731, 1, 2, 63799958, 1
1, 68, 12, 17, 3907482681, 3913202731, 1, 1, 32563767, 1
1, 68, 12, 17, 3907482681, 3913202731, 1, 0, 21868122, 0
1, 68, 12, 17, 3907482681, 3913202731, 0, 2, 71743590, 1
1, 68, 12, 17, 3907482681, 3913202731, 0, 1, 75823180, 1
1, 69, 12, 17, 3913202732, 3915145228, 7, 2, 16234523, 1
1, 69, 12, 17, 3913202732, 3915145228, 7, 1, 11289713, 1
1, 69, 12, 17, 3913202732, 3915145228, 7, 0, 6544551, 0
1, 69, 12, 17, 3913202732, 3915145228, 6, 2, 16338570, 1
1, 69, 12, 17, 3913202732, 3915145228, 6, 1, 11188657, 1
1, 69, 12, 17, 3913202732, 3915145228, 6, 0, 5854441, 0
1, 69, 12, 17, 3913202732, 3915145228, 5, 2, 15629191, 1
1, 69, 12, 17, 3913202732, 3915145228, 5, 1, 10443039, 1
1, 69, 12, 17, 3913202732, 3915145228, 5, 0, 4796015, 0
1, 69, 12, 17, 3913202732, 3915145228, 4, 2, 14179752, 1
1, 69, 12, 17, 3913202732, 3915145228, 4, 1, 9499454, 1
1, 69, 12, 17, 3913202732, 3915145228, 4, 0, 3251914, 0
1, 69, 12, 17, 3913202732, 3915145228, 3, 2, 12791713, 1
1, 69, 12, 17, 3913202732, 3915145228, 3, 1, 9209962, 1
1, 69, 12, 17, 3913202732, 3915145228, 3, 0, 1964334, 0
1, 69, 12, 17, 3913202732, 3915145228, 2, 2, 10715597, 1
1, 69, 12, 17, 3913202732, 3915145228, 2, 1, 6508946, 1
1, 69, 12, 17, 3913202732, 3915145228, 2, 0, 79465, 0
1, 69, 12, 17, 3913202732, 3915145228, 1, 2, 11929527, 1
1, 69, 12, 17, 3913202732, 3915145228, 1, 1, 7043425, 1
1, 69, 12, 17, 3913202732, 3915145228, 1, 0, 1, 0
1, 69, 12, 17, 3913202732, 3915145228, 0, 2, 15155265, 1
1, 69, 12, 17, 3913202732, 3915145228, 0, 1, 10481081, 1
1, 70, 12, 17, 3915145229, 3922506778, 7, 2, 71499896, 0
1, 70, 12, 17, 3915145229, 3922506778, 7, 1, 61493015, 0
1, 70, 12, 17, 3915145229, 3922506778, 7, 0, 79822460, 0
1, 70, 12, 17, 3915145229, 3922506778, 6, 2, 47260198, 0
1, 70, 12, 17, 3915145229, 3922506778, 6, 1, 42880458, 0
1, 70, 12, 17, 3915145229, 3922506778, 6, 0, 32301325, 0
1, 70, 12, 17, 3915145229, 3922506778, 5, 2, 55600233, 0
1, 70, 12, 17, 3915145229, 3922506778, 5, 1, 50676904, 0
1, 70, 12, 17, 3915145229, 3922506778, 5, 0, 38761590, 0
1, 70, 12, 17, 3915145229, 3922506778, 4, 2, 25974143, 1
1, 70, 12, 17, 3915145229, 3922506778, 4, 1, 40404222, 1
1, 70, 12, 17, 3915145229, 3922506778, 4, 0, 1, 0
1, 70, 12, 17, 3915145229, 3922506778, 3, 2, 33058000, 1
1, 70, 12, 17, 3915145229, 3922506778, 3, 1, 51948285, 1
1, 70, 12, 17, 3915145229, 3922506778, 3, 0, 1, 0
1, 70, 12, 17, 3915145229, 3922506778, 2, 2, 45454750, 1
1, 70, 12, 17, 3915145229, 3922506778, 2, 1, 72727599, 1
1, 70, 12, 17, 3915145229, 3922506778, 2, 0, 1, 0
1, 70, 12, 17, 3915145229, 3922506778, 1, 2, 72727599, 1
1, 70, 12, 17, 3915145229, 3922506778, 1, 1, 121212665, 1
1, 70, 12, 17, 3915145229, 3922506778, 1, 0, 1, 0
1, 70, 12, 17, 3915145229, 3922506778, 0, 2, 1, 1
1, 70, 12, 17, 3915145229, 3922506778, 0, 1, 1, 1
1, 71, 12, 17, 3922506779, 3926157544, 7, 2, 3714745, 0
1, 71, 12, 17, 3922506779, 3926157544, 7, 1, 5695942, 0
1, 71, 12, 17, 3922506779, 3926157544, 7, 0, 12205589, 0
1, 71, 12, 17, 3922506779, 3926157544, 6, 2, 4271957, 0
1, 71, 12, 17, 3922506779, 3926157544, 6, 1, 6572241, 0
1, 71, 12, 17, 3922506779, 3926157544, 6, 0, 14239854, 0
1, 71, 12, 17, 3922506779, 3926157544, 5, 2, 1, 1
1, 71, 12, 17, 3922506779, 3926157544, 5, 1, 1, 1
1, 71, 12, 17, 3922506779, 3926157544, 5, 0, 1, 0
1, 71, 12, 17, 3922506779, 3926157544, 4, 2, 1, 1
1, 71, 12, 17, 3922506779, 3926157544, 4, 1, 1, 1
1, 71, 12, 17, 3922506779, 3926157544, 4, 0, 1, 0
1, 71, 12, 17, 3922506779, 3926157544, 3, 2, 1, 1
1, 71, 12, 17, 3922506779, 3926157544, 3, 1, 1, 1
1, 71, 12, 17, 3922506779, 3926157544, 3, 0, 1, 0
1, 71, 12, 17, 3922506779, 3926157544, 2, 2, 1, 1
1, 71, 12, 17, 3922506779, 3926157544, 2, 1, 1, 1
1, 71, 12, 17, 3922506779, 3926157544, 2, 0, 1, 0
1, 71, 12, 17, 3922506779, 3926157544, 1, 2, 1, 1
1, 71, 12, 17, 3922506779, 3926157544, 1, 1, 1, 1
1, 71, 12, 17, 3922506779, 3926157544, 1, 0, 1, 0
1, 71, 12, 17, 3922506779, 3926157544, 0, 2, 1, 1
1, 71, 12, 17, 3922506779, 3926157544, 0, 1, 1, 1
1, 72, 12, 17, 3926157545, 3926862173, 7, 2, 163413372, 1
1, 72, 12, 17, 3926157545, 3926862173, 7, 1, 127354114, 1
1, 72, 12, 17, 3926157545, 3926862173, 7, 0, 60266410, 0
1, 72, 12, 17, 3926157545, 3926862173, 6, 2, 162688760, 1
1, 72, 12, 17, 3926157545, 3926862173, 6, 1, 131766986, 1
1, 72, 12, 17, 3926157545, 3926862173, 6, 0, 70310811, 0
1, 72, 12, 17, 3926157545, 3926862173, 5, 2, 176962972, 1
1, 72, 12, 17, 3926157545, 3926862173, 5, 1, 133415103, 1
1, 72, 12, 17, 3926157545, 3926862173, 5, 0, 84372974, 0
1, 72, 12, 17, 3926157545, 3926862173, 4, 2, 190393152, 1
1, 72, 12, 17, 3926157545, 3926862173, 4, 1, 163062903, 1
1, 72, 12, 17, 3926157545, 3926862173, 4, 0, 105466217, 0
1, 72, 12, 17, 3926157545, 3926862173, 3, 2, 210195987, 1
1, 72, 12, 17, 3926157545, 3926862173, 3, 1, 209652304, 1
1, 72, 12, 17, 3926157545, 3926862173, 3, 0, 140621622, 0
1, 72, 12, 17, 3926157545, 3926862173, 2, 2, 231913782, 1
1, 72, 12, 17, 3926157545, 3926862173, 2, 1, 202144106, 1
1, 72, 12, 17, 3926157545, 3926862173, 2, 0, 107196089, 0
1, 72, 12, 17, 3926157545, 3926862173, 1, 2, 331804486, 1
1, 72, 12, 17, 3926157545, 3926862173, 1, 1, 271477569, 1
1, 72, 12, 17, 3926157545, 3926862173, 1, 0, 214392178, 0
1, 72, 12, 17, 3926157545, 3926862173, 0, 2, 356553220, 1
1, 72, 12, 17, 3926157545, 3926862173, 0, 1, 258247990, 1
1, 73, 12, 17, 3926862174, 3930776914, 7, 2, 140056394, 1
1, 73, 12, 17, 3926862174, 3930776914, 7, 1, 168414357, 1
1, 73, 12, 17, 3926862174, 3930776914, 7, 0, 5696259, 0
1, 73, 12, 17, 3926862174, 3930776914, 6, 2, 157999025, 1
1, 73, 12, 17, 3926862174, 3930776914, 6, 1, 192061458, 1
1, 73, 12, 17, 3926862174, 3930776914, 6, 0, 5544245, 0
1, 73, 12, 17, 3926862174, 3930776914, 5, 2, 154447654, 1
1, 73, 12, 17, 3926862174, 3930776914, 5, 1, 181184716, 1
1, 73, 12, 17, 3926862174, 3930776914, 5, 0, 5785127, 0
1, 73, 12, 17, 3926862174, 3930776914, 4, 2, 149298912, 1
1, 73, 12, 17, 3926862174, 3930776914, 4, 1, 217643660, 1
1, 73, 12, 17, 3926862174, 3930776914, 4, 0, 4191862, 0
1, 73, 12, 17, 3926862174, 3930776914, 3, 2, 185531683, 1
1, 73, 12, 17, 3926862174, 3930776914, 3, 1, 276441329, 1
1, 73, 12, 17, 3926862174, 3930776914, 3, 0, 3296716, 0
1, 73, 12, 17, 3926862174, 3930776914, 2, 2, 188075963, 1
1, 73, 12, 17, 3926862174, 3930776914, 2, 1, 285381968, 1
1, 73, 12, 17, 3926862174, 3930776914, 2, 0, 1610548, 0
1, 73, 12, 17, 3926862174, 3930776914, 1, 2, 199044616, 1
1, 73, 12, 17, 3926862174, 3930776914, 1, 1, 315245213, 1
1, 73, 12, 17, 3926862174, 3930776914, 1, 0, 1, 0
1, 73, 12, 17, 3926862174, 3930776914, 0, 2, 249304789, 1
1, 73, 12, 17, 3926862174, 3930776914, 0, 1, 474158942, 1
1, 74, 12, 17, 3930776915, 3954541030, 7, 2, 12469132, 0
1, 74, 12, 17, 3930776915, 3954541030, 7, 1, 16152384, 1
1, 74, 12, 17, 3930776915, 3954541030, 7, 0, 9034885, 0
1, 74, 12, 17, 3930776915, 3954541030, 6, 2, 12071718, 1
1, 74, 12, 17, 3930776915, 3954541030, 6, 1, 15148469, 1
1, 74, 12, 17, 3930776915, 3954541030, 6, 0, 2981422, 0
1, 74, 12, 17, 3930776915, 3954541030, 5, 2, 11458879, 1
1, 74, 12, 17, 3930776915, 3954541030, 5, 1, 13663334, 1
1, 74, 12, 17, 3930776915, 3954541030, 5, 0, 2800042, 0
1, 74, 12, 17, 3930776915, 3954541030, 4, 2, 8033625, 1
1, 74, 12, 17, 3930776915, 3954541030, 4, 1, 12496750, 1
1, 74, 12, 17, 3930776915, 3954541030, 4, 0, 3500052, 0
1, 74, 12, 17, 3930776915, 3954541030, 3, 2, 9857857, 1
1, 74, 12, 17, 3930776915, 3954541030, 3, 1, 15490918, 1
1, 74, 12, 17, 3930776915, 3954541030, 3, 0, 3321961, 0
1, 74, 12, 17, 3930776915, 3954541030, 2, 2, 6926084, 1
1, 74, 12, 17, 3930776915, 3954541030, 2, 1, 11081734, 1
1, 74, 12, 17, 3930776915, 3954541030, 2, 0, 883194, 0
1, 74, 12, 17, 3930776915, 3954541030, 1, 2, 6474266, 1
1, 74, 12, 17, 3930776915, 3954541030, 1, 1, 10790444, 1
1, 74, 12, 17, 3930776915, 3954541030, 1, 0, 1, 0
1, 74, 12, 17, 3930776915, 3954541030, 0, 2, 8738394, 1
1, 74, 12, 17, 3930776915, 3954541030, 0, 1, 17476788, 1
1, 75, 12, 17, 3954541031, 3964276575, 7, 2, 41367695, 0
1, 75, 12, 17, 3954541031, 3964276575, 7, 1, 26476465, 0
1, 75, 12, 17, 3954541031, 3964276575, 7, 0, 39663688, 0
1, 75, 12, 17, 3954541031, 3964276575, 6, 2, 47572849, 0
1, 75, 12, 17, 3954541031, 3964276575, 6, 1, 30549768, 0
1, 75, 12, 17, 3954541031, 3964276575, 6, 0, 46274302, 0
1, 75, 12, 17, 3954541031, 3964276575, 5, 2, 50032836, 0
1, 75, 12, 17, 3954541031, 3964276575, 5, 1, 36104271, 0
1, 75, 12, 17, 3954541031, 3964276575, 5, 0, 55529163, 0
1, 75, 12, 17, 3954541031, 3964276575, 4, 2, 51190232, 0
1, 75, 12, 17, 3954541031, 3964276575, 4, 1, 29250224, 0
1, 75, 12, 17, 3954541031, 3964276575, 4, 0, 49375167, 0
1, 75, 12, 17, 3954541031, 3964276575, 3, 2, 47128625, 0
1, 75, 12, 17, 3954541031, 3964276575, 3, 1, 28214381, 0
1, 75, 12, 17, 3954541031, 3964276575, 3, 0, 65833555, 0
1, 75, 12, 17, 3954541031, 3964276575, 2, 2, 39743534, 0
1, 75, 12, 17, 3954541031, 3964276575, 2, 1, 15655367, 0
1, 75, 12, 17, 3954541031, 3964276575, 2, 0, 39138417, 0
1, 75, 12, 17, 3954541031, 3964276575, 1, 2, 38176362, 1
1, 75, 12, 17, 3954541031, 3964276575, 1, 1, 9530493, 0
1, 75, 12, 17, 3954541031, 3964276575, 1, 0, 28591479, 0
1, 75, 12, 17, 3954541031, 3964276575, 0, 2, 33293922, 1
1, 75, 12, 17, 3954541031, 3964276575, 0, 1, 1, 1
1, 76, 12, 17, 3964276576, 3982474729, 7, 2, 65750416, 0
1, 76, 12, 17, 3964276576, 3982474729, 7, 1, 52631825, 0
1, 76, 12, 17, 3964276576, 3982474729, 7, 0, 66669310, 0
1, 76, 12, 17, 3964276576, 3982474729, 6, 2, 62240137, 0
1, 76, 12, 17, 3964276576, 3982474729, 6, 1, 53568365, 0
1, 76, 12, 17, 3964276576, 3982474729, 6, 0, 77780861, 0
1, 76, 12, 17, 3964276576, 3982474729, 5, 2, 63353182, 0
1, 76, 12, 17, 3964276576, 3982474729, 5, 1, 51187187, 0
1, 76, 12, 17, 3964276576, 3982474729, 5, 0, 66671096, 0
1, 76, 12, 17, 3964276576, 3982474729, 4, 2, 60491067, 0
1, 76, 12, 17, 3964276576, 3982474729, 4, 1, 61319139, 0
1, 76, 12, 17, 3964276576, 3982474729, 4, 0, 83338870, 0
1, 76, 12, 17, 3964276576, 3982474729, 3, 2, 58196842, 0
1, 76, 12, 17, 3964276576, 3982474729, 3, 1, 77340374, 0
1, 76, 12, 17, 3964276576, 3982474729, 3, 0, 111118494, 0
1, 76, 12, 17, 3964276576, 3982474729, 2, 2, 53373425, 0
1, 76, 12, 17, 3964276576, 3982474729, 2, 1, 70266440, 0
1, 76, 12, 17, 3964276576, 3982474729, 2, 0, 71652531, 0
1, 76, 12, 17, 3964276576, 3982474729, 1, 2, 34983743, 0
1, 76, 12, 17, 3964276576, 3982474729, 1, 1, 44893937, 0
1, 76, 12, 17, 3964276576, 3982474729, 1, 0, 134681810, 0
1, 76, 12, 17, 3964276576, 3982474729, 0, 2, 8911883, 1
1, 76, 12, 17, 3964276576, 3982474729, 0, 1, 1, 1
