1, 1, 19, 7, 1, 99833959, 0, 12, 163356293, 1
1, 1, 19, 7, 1, 99833959, 0, 11, 169512081, 1
1, 1, 19, 7, 1, 99833959, 0, 10, 173182009, 1
1, 1, 19, 7, 1, 99833959, 0, 9, 180988718, 1
1, 1, 19, 7, 1, 99833959, 0, 8, 192435114, 1
1, 1, 19, 7, 1, 99833959, 0, 7, 204724431, 1
1, 1, 19, 7, 1, 99833959, 0, 6, 210991857, 1
1, 1, 19, 7, 1, 99833959, 0, 5, 206877391, 1
1, 1, 19, 7, 1, 99833959, 0, 4, 193540842, 1
1, 1, 19, 7, 1, 99833959, 0, 3, 146528534, 1
1, 1, 19, 7, 1, 99833959, 0, 2, 92893365, 1
1, 1, 19, 7, 1, 99833959, 0, 1, 40343338, 1
1, 2, 19, 7, 99833960, 113776279, 0, 12, 1028872827, 1
1, 2, 19, 7, 99833960, 113776279, 0, 11, 997473232, 1
1, 2, 19, 7, 99833960, 113776279, 0, 10, 964175659, 1
1, 2, 19, 7, 99833960, 113776279, 0, 9, 923478626, 1
1, 2, 19, 7, 99833960, 113776279, 0, 8, 872607334, 1
1, 2, 19, 7, 99833960, 113776279, 0, 7, 812724488, 1
1, 2, 19, 7, 99833960, 113776279, 0, 6, 735603694, 1
1, 2, 19, 7, 99833960, 113776279, 0, 5, 658026768, 1
1, 2, 19, 7, 99833960, 113776279, 0, 4, 588525696, 1
1, 2, 19, 7, 99833960, 113776279, 0, 3, 537406017, 1
1, 2, 19, 7, 99833960, 113776279, 0, 2, 474476262, 1
1, 2, 19, 7, 99833960, 113776279, 0, 1, 463390787, 1
1, 3, 19, 7, 113776280, 222858670, 0, 12, 25395399, 1
1, 3, 19, 7, 113776280, 222858670, 0, 11, 27704071, 1
1, 3, 19, 7, 113776280, 222858670, 0, 10, 30474478, 1
1, 3, 19, 7, 113776280, 222858670, 0, 9, 33860531, 1
1, 3, 19, 7, 113776280, 222858670, 0, 8, 38093098, 1
1, 3, 19, 7, 113776280, 222858670, 0, 7, 43534969, 1
1, 3, 19, 7, 113776280, 222858670, 0, 6, 50790797, 1
1, 3, 19, 7, 113776280, 222858670, 0, 5, 53434091, 1
1, 3, 19, 7, 113776280, 222858670, 0, 4, 66792614, 1
1, 3, 19, 7, 113776280, 222858670, 0, 3, 77089444, 1
1, 3, 19, 7, 113776280, 222858670, 0, 2, 115634166, 1
1, 3, 19, 7, 113776280, 222858670, 0, 1, 79321588, 1
1, 4, 19, 7, 222858671, 406503077, 0, 12, 4232115, 1
1, 4, 19, 7, 222858671, 406503077, 0, 11, 4616852, 1
1, 4, 19, 7, 222858671, 406503077, 0, 10, 5078537, 1
1, 4, 19, 7, 222858671, 406503077, 0, 9, 5642819, 1
1, 4, 19, 7, 222858671, 406503077, 0, 8, 6348172, 1
1, 4, 19, 7, 222858671, 406503077, 0, 7, 7255053, 1
1, 4, 19, 7, 222858671, 406503077, 0, 6, 8464229, 1
1, 4, 19, 7, 222858671, 406503077, 0, 5, 10157074, 1
1, 4, 19, 7, 222858671, 406503077, 0, 4, 12696343, 1
1, 4, 19, 7, 222858671, 406503077, 0, 3, 16928457, 1
1, 4, 19, 7, 222858671, 406503077, 0, 2, 25392685, 1
1, 4, 19, 7, 222858671, 406503077, 0, 1, 1470749, 1
1, 5, 19, 7, 406503078, 583572379, 0, 12, 1, 1
1, 5, 19, 7, 406503078, 583572379, 0, 11, 1, 1
1, 5, 19, 7, 406503078, 583572379, 0, 10, 1, 1
1, 5, 19, 7, 406503078, 583572379, 0, 9, 1, 1
1, 5, 19, 7, 406503078, 583572379, 0, 8, 1, 1
1, 5, 19, 7, 406503078, 583572379, 0, 7, 1, 1
1, 5, 19, 7, 406503078, 583572379, 0, 6, 1, 1
1, 5, 19, 7, 406503078, 583572379, 0, 5, 1, 1
1, 5, 19, 7, 406503078, 583572379, 0, 4, 1, 1
1, 5, 19, 7, 406503078, 583572379, 0, 3, 1, 1
1, 5, 19, 7, 406503078, 583572379, 0, 2, 1, 1
1, 5, 19, 7, 406503078, 583572379, 0, 1, 1, 1
1, 6, 19, 7, 583572380, 617799930, 0, 12, 1, 1
1, 6, 19, 7, 583572380, 617799930, 0, 11, 1, 1
1, 6, 19, 7, 583572380, 617799930, 0, 10, 1, 1
1, 6, 19, 7, 583572380, 617799930, 0, 9, 1, 1
1, 6, 19, 7, 583572380, 617799930, 0, 8, 1, 1
1, 6, 19, 7, 583572380, 617799930, 0, 7, 1, 1
1, 6, 19, 7, 583572380, 617799930, 0, 6, 1, 1
1, 6, 19, 7, 583572380, 617799930, 0, 5, 1, 1
1, 6, 19, 7, 583572380, 617799930, 0, 4, 1, 1
1, 6, 19, 7, 583572380, 617799930, 0, 3, 1, 1
1, 6, 19, 7, 583572380, 617799930, 0, 2, 1, 1
1, 6, 19, 7, 583572380, 617799930, 0, 1, 1, 1
1, 7, 19, 7, 617799931, 677912455, 0, 12, 1, 1
1, 7, 19, 7, 617799931, 677912455, 0, 11, 1, 1
1, 7, 19, 7, 617799931, 677912455, 0, 10, 1, 1
1, 7, 19, 7, 617799931, 677912455, 0, 9, 1, 1
1, 7, 19, 7, 617799931, 677912455, 0, 8, 1, 1
1, 7, 19, 7, 617799931, 677912455, 0, 7, 1, 1
1, 7, 19, 7, 617799931, 677912455, 0, 6, 1, 1
1, 7, 19, 7, 617799931, 677912455, 0, 5, 1, 1
1, 7, 19, 7, 617799931, 677912455, 0, 4, 1, 1
1, 7, 19, 7, 617799931, 677912455, 0, 3, 1, 1
1, 7, 19, 7, 617799931, 677912455, 0, 2, 1, 1
1, 7, 19, 7, 617799931, 677912455, 0, 1, 1, 1
1, 8, 19, 7, 677912456, 703436926, 0, 12, 884770, 1
1, 8, 19, 7, 677912456, 703436926, 0, 11, 965204, 1
1, 8, 19, 7, 677912456, 703436926, 0, 10, 1061724, 1
1, 8, 19, 7, 677912456, 703436926, 0, 9, 1179694, 1
1, 8, 19, 7, 677912456, 703436926, 0, 8, 1327155, 1
1, 8, 19, 7, 677912456, 703436926, 0, 7, 1516749, 1
1, 8, 19, 7, 677912456, 703436926, 0, 6, 1769540, 1
1, 8, 19, 7, 677912456, 703436926, 0, 5, 2123448, 1
1, 8, 19, 7, 677912456, 703436926, 0, 4, 2654310, 1
1, 8, 19, 7, 677912456, 703436926, 0, 3, 3539080, 1
1, 8, 19, 7, 677912456, 703436926, 0, 2, 5308620, 1
1, 8, 19, 7, 677912456, 703436926, 0, 1, 1, 1
1, 9, 19, 7, 703436927, 759078659, 0, 12, 31837697, 1
1, 9, 19, 7, 703436927, 759078659, 0, 11, 34732033, 1
1, 9, 19, 7, 703436927, 759078659, 0, 10, 14727037, 1
1, 9, 19, 7, 703436927, 759078659, 0, 9, 16363374, 1
1, 9, 19, 7, 703436927, 759078659, 0, 8, 18408796, 1
1, 9, 19, 7, 703436927, 759078659, 0, 7, 21038623, 1
1, 9, 19, 7, 703436927, 759078659, 0, 6, 24545061, 1
1, 9, 19, 7, 703436927, 759078659, 0, 5, 29454073, 1
1, 9, 19, 7, 703436927, 759078659, 0, 4, 36817591, 1
1, 9, 19, 7, 703436927, 759078659, 0, 3, 47425905, 1
1, 9, 19, 7, 703436927, 759078659, 0, 2, 71138858, 1
1, 9, 19, 7, 703436927, 759078659, 0, 1, 47385295, 1
1, 10, 19, 7, 759078660, 788613836, 0, 12, 19008558, 1
1, 10, 19, 7, 759078660, 788613836, 0, 11, 20736608, 1
1, 10, 19, 7, 759078660, 788613836, 0, 10, 22810269, 1
1, 10, 19, 7, 759078660, 788613836, 0, 9, 25344743, 1
1, 10, 19, 7, 759078660, 788613836, 0, 8, 28512836, 1
1, 10, 19, 7, 759078660, 788613836, 0, 7, 32586098, 1
1, 10, 19, 7, 759078660, 788613836, 0, 6, 38017115, 1
1, 10, 19, 7, 759078660, 788613836, 0, 5, 45620537, 1
1, 10, 19, 7, 759078660, 788613836, 0, 4, 57025672, 1
1, 10, 19, 7, 759078660, 788613836, 0, 3, 65388644, 1
1, 10, 19, 7, 759078660, 788613836, 0, 2, 98082966, 1
1, 10, 19, 7, 759078660, 788613836, 0, 1, 74329403, 1
1, 11, 19, 7, 788613837, 827337094, 0, 12, 127988082, 1
1, 11, 19, 7, 788613837, 827337094, 0, 11, 137078127, 1
1, 11, 19, 7, 788613837, 827337094, 0, 10, 112203252, 1
1, 11, 19, 7, 788613837, 827337094, 0, 9, 120887303, 1
1, 11, 19, 7, 788613837, 827337094, 0, 8, 125022539, 1
1, 11, 19, 7, 788613837, 827337094, 0, 7, 137674867, 1
1, 11, 19, 7, 788613837, 827337094, 0, 6, 154946213, 1
1, 11, 19, 7, 788613837, 827337094, 0, 5, 165318941, 1
1, 11, 19, 7, 788613837, 827337094, 0, 4, 186890794, 1
1, 11, 19, 7, 788613837, 827337094, 0, 3, 193366113, 1
1, 11, 19, 7, 788613837, 827337094, 0, 2, 233611046, 1
1, 11, 19, 7, 788613837, 827337094, 0, 1, 209857483, 1
1, 12, 19, 7, 827337095, 869209173, 0, 12, 270817659, 1
1, 12, 19, 7, 827337095, 869209173, 0, 11, 278550255, 1
1, 12, 19, 7, 827337095, 869209173, 0, 10, 286983503, 1
1, 12, 19, 7, 827337095, 869209173, 0, 9, 297558523, 1
1, 12, 19, 7, 827337095, 869209173, 0, 8, 285831161, 1
1, 12, 19, 7, 827337095, 869209173, 0, 7, 298918788, 1
1, 12, 19, 7, 827337095, 869209173, 0, 6, 316770533, 1
1, 12, 19, 7, 827337095, 869209173, 0, 5, 327955819, 1
1, 12, 19, 7, 827337095, 869209173, 0, 4, 350746510, 1
1, 12, 19, 7, 827337095, 869209173, 0, 3, 354150728, 1
1, 12, 19, 7, 827337095, 869209173, 0, 2, 398912445, 1
1, 12, 19, 7, 827337095, 869209173, 0, 1, 416096591, 1
1, 13, 19, 7, 869209174, 923353934, 0, 12, 332438700, 1
1, 13, 19, 7, 869209174, 923353934, 0, 11, 339787766, 1
1, 13, 19, 7, 869209174, 923353934, 0, 10, 344483560, 1
1, 13, 19, 7, 869209174, 923353934, 0, 9, 356273060, 1
1, 13, 19, 7, 869209174, 923353934, 0, 8, 364788076, 1
1, 13, 19, 7, 869209174, 923353934, 0, 7, 382846649, 1
1, 13, 19, 7, 869209174, 923353934, 0, 6, 398628935, 1
1, 13, 19, 7, 869209174, 923353934, 0, 5, 415342244, 1
1, 13, 19, 7, 869209174, 923353934, 0, 4, 449358554, 1
1, 13, 19, 7, 869209174, 923353934, 0, 3, 452762772, 1
1, 13, 19, 7, 869209174, 923353934, 0, 2, 497524489, 1
1, 13, 19, 7, 869209174, 923353934, 0, 1, 514708635, 1
1, 14, 19, 7, 923353935, 946003377, 0, 12, 345147843, 1
1, 14, 19, 7, 923353935, 946003377, 0, 11, 351486167, 1
1, 14, 19, 7, 923353935, 946003377, 0, 10, 360414246, 1
1, 14, 19, 7, 923353935, 946003377, 0, 9, 371326343, 1
1, 14, 19, 7, 923353935, 946003377, 0, 8, 378744605, 1
1, 14, 19, 7, 923353935, 946003377, 0, 7, 395393067, 1
1, 14, 19, 7, 923353935, 946003377, 0, 6, 409295204, 1
1, 14, 19, 7, 923353935, 946003377, 0, 5, 423376305, 1
1, 14, 19, 7, 923353935, 946003377, 0, 4, 453444303, 1
1, 14, 19, 7, 923353935, 946003377, 0, 3, 450268001, 1
1, 14, 19, 7, 923353935, 946003377, 0, 2, 486043773, 1
1, 14, 19, 7, 923353935, 946003377, 0, 1, 490743042, 1
1, 15, 19, 7, 946003378, 983598065, 0, 12, 360365209, 1
1, 15, 19, 7, 946003378, 983598065, 0, 11, 363838240, 1
1, 15, 19, 7, 946003378, 983598065, 0, 10, 369327969, 1
1, 15, 19, 7, 946003378, 983598065, 0, 9, 376037636, 1
1, 15, 19, 7, 946003378, 983598065, 0, 8, 378202863, 1
1, 15, 19, 7, 946003378, 983598065, 0, 7, 388097420, 1
1, 15, 19, 7, 946003378, 983598065, 0, 6, 452780324, 1
1, 15, 19, 7, 946003378, 983598065, 0, 5, 466211331, 1
1, 15, 19, 7, 946003378, 983598065, 0, 4, 495304189, 1
1, 15, 19, 7, 946003378, 983598065, 0, 3, 497003586, 1
1, 15, 19, 7, 946003378, 983598065, 0, 2, 532779358, 1
1, 15, 19, 7, 946003378, 983598065, 0, 1, 537478627, 1
1, 16, 19, 7, 983598066, 1036045942, 0, 12, 447835652, 1
1, 16, 19, 7, 983598066, 1036045942, 0, 11, 455728414, 1
1, 16, 19, 7, 983598066, 1036045942, 0, 10, 463022088, 1
1, 16, 19, 7, 983598066, 1036045942, 0, 9, 471936580, 1
1, 16, 19, 7, 983598066, 1036045942, 0, 8, 483079694, 1
1, 16, 19, 7, 983598066, 1036045942, 0, 7, 497406554, 1
1, 16, 19, 7, 983598066, 1036045942, 0, 6, 506265695, 1
1, 16, 19, 7, 983598066, 1036045942, 0, 5, 515623636, 1
1, 16, 19, 7, 983598066, 1036045942, 0, 4, 538606892, 1
1, 16, 19, 7, 983598066, 1036045942, 0, 3, 530123620, 1
1, 16, 19, 7, 983598066, 1036045942, 0, 2, 545534055, 1
1, 16, 19, 7, 983598066, 1036045942, 0, 1, 489137313, 1
1, 17, 19, 7, 1036045943, 1057203343, 0, 12, 398202133, 1
1, 17, 19, 7, 1036045943, 1057203343, 0, 11, 399061495, 1
1, 17, 19, 7, 1036045943, 1057203343, 0, 10, 398078298, 1
1, 17, 19, 7, 1036045943, 1057203343, 0, 9, 396757640, 1
1, 17, 19, 7, 1036045943, 1057203343, 0, 8, 395819389, 1
1, 17, 19, 7, 1036045943, 1057203343, 0, 7, 393951664, 1
1, 17, 19, 7, 1036045943, 1057203343, 0, 6, 459610274, 1
1, 17, 19, 7, 1036045943, 1057203343, 0, 5, 455408371, 1
1, 17, 19, 7, 1036045943, 1057203343, 0, 4, 456812363, 1
1, 17, 19, 7, 1036045943, 1057203343, 0, 3, 412363648, 1
1, 17, 19, 7, 1036045943, 1057203343, 0, 2, 355843198, 1
1, 17, 19, 7, 1036045943, 1057203343, 0, 1, 467255491, 1
1, 18, 19, 7, 1057203344, 1104827150, 0, 12, 475290189, 1
1, 18, 19, 7, 1057203344, 1104827150, 0, 11, 475462239, 1
1, 18, 19, 7, 1057203344, 1104827150, 0, 10, 473547193, 1
1, 18, 19, 7, 1057203344, 1104827150, 0, 9, 471206580, 1
1, 18, 19, 7, 1057203344, 1104827150, 0, 8, 468993385, 1
1, 18, 19, 7, 1057203344, 1104827150, 0, 7, 465333482, 1
1, 18, 19, 7, 1057203344, 1104827150, 0, 6, 542889063, 1
1, 18, 19, 7, 1057203344, 1104827150, 0, 5, 538413221, 1
1, 18, 19, 7, 1057203344, 1104827150, 0, 4, 541460847, 1
1, 18, 19, 7, 1057203344, 1104827150, 0, 3, 497012132, 1
1, 18, 19, 7, 1057203344, 1104827150, 0, 2, 440491682, 1
1, 18, 19, 7, 1057203344, 1104827150, 0, 1, 551903975, 1
1, 19, 19, 7, 1104827151, 1139664483, 0, 12, 620007254, 1
1, 19, 19, 7, 1104827151, 1139664483, 0, 11, 619251012, 1
1, 19, 19, 7, 1104827151, 1139664483, 0, 10, 616792072, 1
1, 19, 19, 7, 1104827151, 1139664483, 0, 9, 613786700, 1
1, 19, 19, 7, 1104827151, 1139664483, 0, 8, 610029986, 1
1, 19, 19, 7, 1104827151, 1139664483, 0, 7, 604385557, 1
1, 19, 19, 7, 1104827151, 1139664483, 0, 6, 684173354, 1
1, 19, 19, 7, 1104827151, 1139664483, 0, 5, 676968715, 1
1, 19, 19, 7, 1104827151, 1139664483, 0, 4, 675923144, 1
1, 19, 19, 7, 1104827151, 1139664483, 0, 3, 636944393, 1
1, 19, 19, 7, 1104827151, 1139664483, 0, 2, 587708457, 1
1, 19, 19, 7, 1104827151, 1139664483, 0, 1, 691409244, 1
1, 20, 19, 7, 1139664484, 1197265797, 0, 12, 607120208, 1
1, 20, 19, 7, 1139664484, 1197265797, 0, 11, 604786463, 1
1, 20, 19, 7, 1139664484, 1197265797, 0, 10, 597789737, 1
1, 20, 19, 7, 1139664484, 1197265797, 0, 9, 589238183, 1
1, 20, 19, 7, 1139664484, 1197265797, 0, 8, 577532379, 1
1, 20, 19, 7, 1139664484, 1197265797, 0, 7, 612994096, 1
1, 20, 19, 7, 1139664484, 1197265797, 0, 6, 687897358, 1
1, 20, 19, 7, 1139664484, 1197265797, 0, 5, 669869796, 1
1, 20, 19, 7, 1139664484, 1197265797, 0, 4, 659321168, 1
1, 20, 19, 7, 1139664484, 1197265797, 0, 3, 604503990, 1
1, 20, 19, 7, 1139664484, 1197265797, 0, 2, 523591199, 1
1, 20, 19, 7, 1139664484, 1197265797, 0, 1, 532261421, 1
1, 21, 19, 7, 1197265798, 1262269771, 0, 12, 689985890, 1
1, 21, 19, 7, 1197265798, 1262269771, 0, 11, 688191681, 1
1, 21, 19, 7, 1197265798, 1262269771, 0, 10, 682643523, 1
1, 21, 19, 7, 1197265798, 1262269771, 0, 9, 675862440, 1
1, 21, 19, 7, 1197265798, 1262269771, 0, 8, 669447576, 1
1, 21, 19, 7, 1197265798, 1262269771, 0, 7, 732251147, 1
1, 21, 19, 7, 1197265798, 1262269771, 0, 6, 801216437, 1
1, 21, 19, 7, 1197265798, 1262269771, 0, 5, 800036334, 1
1, 21, 19, 7, 1197265798, 1262269771, 0, 4, 808508646, 1
1, 21, 19, 7, 1197265798, 1262269771, 0, 3, 765780802, 1
1, 21, 19, 7, 1197265798, 1262269771, 0, 2, 710630192, 1
1, 21, 19, 7, 1197265798, 1262269771, 0, 1, 530327079, 1
1, 22, 19, 7, 1262269772, 1299058961, 0, 12, 1032685050, 1
1, 22, 19, 7, 1262269772, 1299058961, 0, 11, 1012060079, 1
1, 22, 19, 7, 1262269772, 1299058961, 0, 10, 998348012, 1
1, 22, 19, 7, 1262269772, 1299058961, 0, 9, 970484149, 1
1, 22, 19, 7, 1262269772, 1299058961, 0, 8, 984207395, 1
1, 22, 19, 7, 1262269772, 1299058961, 0, 7, 966817716, 1
1, 22, 19, 7, 1262269772, 1299058961, 0, 6, 933974647, 1
1, 22, 19, 7, 1262269772, 1299058961, 0, 5, 932642821, 1
1, 22, 19, 7, 1262269772, 1299058961, 0, 4, 940887550, 1
1, 22, 19, 7, 1262269772, 1299058961, 0, 3, 897780399, 1
1, 22, 19, 7, 1262269772, 1299058961, 0, 2, 841871177, 1
1, 22, 19, 7, 1262269772, 1299058961, 0, 1, 628612370, 1
1, 23, 19, 7, 1299058962, 1390680119, 0, 12, 799698513, 1
1, 23, 19, 7, 1299058962, 1390680119, 0, 11, 800440277, 1
1, 23, 19, 7, 1299058962, 1390680119, 0, 10, 793396922, 1
1, 23, 19, 7, 1299058962, 1390680119, 0, 9, 785705883, 1
1, 23, 19, 7, 1299058962, 1390680119, 0, 8, 775059890, 1
1, 23, 19, 7, 1299058962, 1390680119, 0, 7, 821562190, 1
1, 23, 19, 7, 1299058962, 1390680119, 0, 6, 912012630, 1
1, 23, 19, 7, 1299058962, 1390680119, 0, 5, 910928080, 1
1, 23, 19, 7, 1299058962, 1390680119, 0, 4, 911200211, 1
1, 23, 19, 7, 1299058962, 1390680119, 0, 3, 865300360, 1
1, 23, 19, 7, 1299058962, 1390680119, 0, 2, 788063294, 1
1, 23, 19, 7, 1299058962, 1390680119, 0, 1, 540040494, 1
1, 24, 19, 7, 1390680120, 1422019578, 0, 12, 878381750, 1
1, 24, 19, 7, 1390680120, 1422019578, 0, 11, 873438721, 1
1, 24, 19, 7, 1390680120, 1422019578, 0, 10, 866519281, 1
1, 24, 19, 7, 1390680120, 1422019578, 0, 9, 858062188, 1
1, 24, 19, 7, 1390680120, 1422019578, 0, 8, 847490821, 1
1, 24, 19, 7, 1390680120, 1422019578, 0, 7, 897641439, 1
1, 24, 19, 7, 1390680120, 1422019578, 0, 6, 913380460, 1
1, 24, 19, 7, 1390680120, 1422019578, 0, 5, 898642450, 1
1, 24, 19, 7, 1390680120, 1422019578, 0, 4, 875403331, 1
1, 24, 19, 7, 1390680120, 1422019578, 0, 3, 866324852, 1
1, 24, 19, 7, 1390680120, 1422019578, 0, 2, 749591609, 1
1, 24, 19, 7, 1390680120, 1422019578, 0, 1, 520649801, 1
1, 25, 19, 7, 1422019579, 1484282826, 0, 12, 947384261, 1
1, 25, 19, 7, 1422019579, 1484282826, 0, 11, 942094015, 1
1, 25, 19, 7, 1422019579, 1484282826, 0, 10, 934757913, 1
1, 25, 19, 7, 1422019579, 1484282826, 0, 9, 929473207, 1
1, 25, 19, 7, 1422019579, 1484282826, 0, 8, 918725479, 1
1, 25, 19, 7, 1422019579, 1484282826, 0, 7, 968649347, 1
1, 25, 19, 7, 1422019579, 1484282826, 0, 6, 969964048, 1
1, 25, 19, 7, 1422019579, 1484282826, 0, 5, 951978374, 1
1, 25, 19, 7, 1422019579, 1484282826, 0, 4, 923867759, 1
1, 25, 19, 7, 1422019579, 1484282826, 0, 3, 906670120, 1
1, 25, 19, 7, 1422019579, 1484282826, 0, 2, 788223961, 1
1, 25, 19, 7, 1422019579, 1484282826, 0, 1, 525092595, 1
1, 26, 19, 7, 1484282827, 1571367403, 0, 12, 1000217328, 1
1, 26, 19, 7, 1484282827, 1571367403, 0, 11, 1003357544, 1
1, 26, 19, 7, 1484282827, 1571367403, 0, 10, 1001502690, 1
1, 26, 19, 7, 1484282827, 1571367403, 0, 9, 1002064916, 1
1, 26, 19, 7, 1484282827, 1571367403, 0, 8, 999584770, 1
1, 26, 19, 7, 1484282827, 1571367403, 0, 7, 962960117, 1
1, 26, 19, 7, 1484282827, 1571367403, 0, 6, 984078113, 1
1, 26, 19, 7, 1484282827, 1571367403, 0, 5, 964979650, 1
1, 26, 19, 7, 1484282827, 1571367403, 0, 4, 951033128, 1
1, 26, 19, 7, 1484282827, 1571367403, 0, 3, 889175402, 1
1, 26, 19, 7, 1484282827, 1571367403, 0, 2, 750854401, 1
1, 26, 19, 7, 1484282827, 1571367403, 0, 1, 479982107, 1
1, 27, 19, 7, 1571367404, 1648311091, 0, 12, 1021256670, 1
1, 27, 19, 7, 1571367404, 1648311091, 0, 11, 1017973157, 1
1, 27, 19, 7, 1571367404, 1648311091, 0, 10, 1011939164, 1
1, 27, 19, 7, 1571367404, 1648311091, 0, 9, 1041516699, 1
1, 27, 19, 7, 1571367404, 1648311091, 0, 8, 1036646215, 1
1, 27, 19, 7, 1571367404, 1648311091, 0, 7, 1033044319, 1
1, 27, 19, 7, 1571367404, 1648311091, 0, 6, 1025499525, 1
1, 27, 19, 7, 1571367404, 1648311091, 0, 5, 1013977535, 1
1, 27, 19, 7, 1571367404, 1648311091, 0, 4, 990615683, 1
1, 27, 19, 7, 1571367404, 1648311091, 0, 3, 900869416, 1
1, 27, 19, 7, 1571367404, 1648311091, 0, 2, 728497372, 1
1, 27, 19, 7, 1571367404, 1648311091, 0, 1, 444227757, 1
1, 28, 19, 7, 1648311092, 1746245776, 0, 12, 950528489, 1
1, 28, 19, 7, 1648311092, 1746245776, 0, 11, 938074620, 1
1, 28, 19, 7, 1648311092, 1746245776, 0, 10, 960286749, 1
1, 28, 19, 7, 1648311092, 1746245776, 0, 9, 1007380834, 1
1, 28, 19, 7, 1648311092, 1746245776, 0, 8, 992510340, 1
1, 28, 19, 7, 1648311092, 1746245776, 0, 7, 975840159, 1
1, 28, 19, 7, 1648311092, 1746245776, 0, 6, 953613252, 1
1, 28, 19, 7, 1648311092, 1746245776, 0, 5, 1005322166, 1
1, 28, 19, 7, 1648311092, 1746245776, 0, 4, 982531890, 1
1, 28, 19, 7, 1648311092, 1746245776, 0, 3, 883714599, 1
1, 28, 19, 7, 1648311092, 1746245776, 0, 2, 689242110, 1
1, 28, 19, 7, 1648311092, 1746245776, 0, 1, 441036384, 1
1, 29, 19, 7, 1746245777, 1791572633, 0, 12, 1005468703, 1
1, 29, 19, 7, 1746245777, 1791572633, 0, 11, 991423980, 1
1, 29, 19, 7, 1746245777, 1791572633, 0, 10, 1011727085, 1
1, 29, 19, 7, 1746245777, 1791572633, 0, 9, 989050372, 1
1, 29, 19, 7, 1746245777, 1791572633, 0, 8, 1020078342, 1
1, 29, 19, 7, 1746245777, 1791572633, 0, 7, 1001866073, 1
1, 29, 19, 7, 1746245777, 1791572633, 0, 6, 977583047, 1
1, 29, 19, 7, 1746245777, 1791572633, 0, 5, 1037421091, 1
1, 29, 19, 7, 1746245777, 1791572633, 0, 4, 999921804, 1
1, 29, 19, 7, 1746245777, 1791572633, 0, 3, 921220573, 1
1, 29, 19, 7, 1746245777, 1791572633, 0, 2, 705509830, 1
1, 29, 19, 7, 1746245777, 1791572633, 0, 1, 480105451, 1
1, 30, 19, 7, 1791572634, 1857969533, 0, 12, 953045670, 1
1, 30, 19, 7, 1791572634, 1857969533, 0, 11, 933547518, 1
1, 30, 19, 7, 1791572634, 1857969533, 0, 10, 961393048, 1
1, 30, 19, 7, 1791572634, 1857969533, 0, 9, 988488761, 1
1, 30, 19, 7, 1791572634, 1857969533, 0, 8, 1014603942, 1
1, 30, 19, 7, 1791572634, 1857969533, 0, 7, 990075230, 1
1, 30, 19, 7, 1791572634, 1857969533, 0, 6, 957370281, 1
1, 30, 19, 7, 1791572634, 1857969533, 0, 5, 1002573468, 1
1, 30, 19, 7, 1791572634, 1857969533, 0, 4, 946677100, 1
1, 30, 19, 7, 1791572634, 1857969533, 0, 3, 837314069, 1
1, 30, 19, 7, 1791572634, 1857969533, 0, 2, 655883257, 1
1, 30, 19, 7, 1791572634, 1857969533, 0, 1, 385959857, 1
1, 31, 19, 7, 1857969534, 1937320630, 0, 12, 1047774327, 1
1, 31, 19, 7, 1857969534, 1937320630, 0, 11, 1029485550, 1
1, 31, 19, 7, 1857969534, 1937320630, 0, 10, 1039312302, 1
1, 31, 19, 7, 1857969534, 1937320630, 0, 9, 1054154413, 1
1, 31, 19, 7, 1857969534, 1937320630, 0, 8, 1093120905, 1
1, 31, 19, 7, 1857969534, 1937320630, 0, 7, 1070718421, 1
1, 31, 19, 7, 1857969534, 1937320630, 0, 6, 1040848443, 1
1, 31, 19, 7, 1857969534, 1937320630, 0, 5, 1071270899, 1
1, 31, 19, 7, 1857969534, 1937320630, 0, 4, 1012867226, 1
1, 31, 19, 7, 1857969534, 1937320630, 0, 3, 867225887, 1
1, 31, 19, 7, 1857969534, 1937320630, 0, 2, 707384572, 1
1, 31, 19, 7, 1857969534, 1937320630, 0, 1, 477533082, 1
1, 32, 19, 7, 1937320631, 2037116614, 0, 12, 1104964342, 1
1, 32, 19, 7, 1937320631, 2037116614, 0, 11, 1089797973, 1
1, 32, 19, 7, 1937320631, 2037116614, 0, 10, 1114855923, 1
1, 32, 19, 7, 1937320631, 2037116614, 0, 9, 1093813088, 1
1, 32, 19, 7, 1937320631, 2037116614, 0, 8, 1121025471, 1
1, 32, 19, 7, 1937320631, 2037116614, 0, 7, 1106000662, 1
1, 32, 19, 7, 1937320631, 2037116614, 0, 6, 1073891913, 1
1, 32, 19, 7, 1937320631, 2037116614, 0, 5, 1108038835, 1
1, 32, 19, 7, 1937320631, 2037116614, 0, 4, 1042113092, 1
1, 32, 19, 7, 1937320631, 2037116614, 0, 3, 894753877, 1
1, 32, 19, 7, 1937320631, 2037116614, 0, 2, 692133434, 1
1, 32, 19, 7, 1937320631, 2037116614, 0, 1, 457674656, 1
1, 33, 19, 7, 2037116615, 2150488109, 0, 12, 1096004203, 1
1, 33, 19, 7, 2037116615, 2150488109, 0, 11, 1081374577, 1
1, 33, 19, 7, 2037116615, 2150488109, 0, 10, 1097635974, 1
1, 33, 19, 7, 2037116615, 2150488109, 0, 9, 1081302906, 1
1, 33, 19, 7, 2037116615, 2150488109, 0, 8, 1105520267, 1
1, 33, 19, 7, 2037116615, 2150488109, 0, 7, 1084060109, 1
1, 33, 19, 7, 2037116615, 2150488109, 0, 6, 1057297863, 1
1, 33, 19, 7, 2037116615, 2150488109, 0, 5, 1058070169, 1
1, 33, 19, 7, 2037116615, 2150488109, 0, 4, 998530446, 1
1, 33, 19, 7, 2037116615, 2150488109, 0, 3, 852116757, 1
1, 33, 19, 7, 2037116615, 2150488109, 0, 2, 633873512, 1
1, 33, 19, 7, 2037116615, 2150488109, 0, 1, 397362138, 1
1, 34, 19, 7, 2150488110, 2247895263, 0, 12, 1209572162, 1
1, 34, 19, 7, 2150488110, 2247895263, 0, 11, 1202048192, 1
1, 34, 19, 7, 2150488110, 2247895263, 0, 10, 1194432172, 1
1, 34, 19, 7, 2150488110, 2247895263, 0, 9, 1184208998, 1
1, 34, 19, 7, 2150488110, 2247895263, 0, 8, 1169943063, 1
1, 34, 19, 7, 2150488110, 2247895263, 0, 7, 1153842164, 1
1, 34, 19, 7, 2150488110, 2247895263, 0, 6, 1131742402, 1
1, 34, 19, 7, 2150488110, 2247895263, 0, 5, 1093165392, 1
1, 34, 19, 7, 2150488110, 2247895263, 0, 4, 1031947687, 1
1, 34, 19, 7, 2150488110, 2247895263, 0, 3, 882737361, 1
1, 34, 19, 7, 2150488110, 2247895263, 0, 2, 650614219, 1
1, 34, 19, 7, 2150488110, 2247895263, 0, 1, 433682947, 1
1, 35, 19, 7, 2247895264, 2393344949, 0, 12, 1209629891, 1
1, 35, 19, 7, 2247895264, 2393344949, 0, 11, 1201099857, 1
1, 35, 19, 7, 2247895264, 2393344949, 0, 10, 1189583382, 1
1, 35, 19, 7, 2247895264, 2393344949, 0, 9, 1175507690, 1
1, 35, 19, 7, 2247895264, 2393344949, 0, 8, 1157913076, 1
1, 35, 19, 7, 2247895264, 2393344949, 0, 7, 1134196329, 1
1, 35, 19, 7, 2247895264, 2393344949, 0, 6, 1103851616, 1
1, 35, 19, 7, 2247895264, 2393344949, 0, 5, 1045726062, 1
1, 35, 19, 7, 2247895264, 2393344949, 0, 4, 967749879, 1
1, 35, 19, 7, 2247895264, 2393344949, 0, 3, 788938795, 1
1, 35, 19, 7, 2247895264, 2393344949, 0, 2, 557991947, 1
1, 35, 19, 7, 2247895264, 2393344949, 0, 1, 365666676, 1
1, 36, 19, 7, 2393344950, 2478079811, 0, 12, 1238237427, 1
1, 36, 19, 7, 2393344950, 2478079811, 0, 11, 1228687399, 1
1, 36, 19, 7, 2393344950, 2478079811, 0, 10, 1216574643, 1
1, 36, 19, 7, 2393344950, 2478079811, 0, 9, 1201770164, 1
1, 36, 19, 7, 2393344950, 2478079811, 0, 8, 1184225646, 1
1, 36, 19, 7, 2393344950, 2478079811, 0, 7, 1160570030, 1
1, 36, 19, 7, 2393344950, 2478079811, 0, 6, 1129029209, 1
1, 36, 19, 7, 2393344950, 2478079811, 0, 5, 1071938625, 1
1, 36, 19, 7, 2393344950, 2478079811, 0, 4, 985734594, 1
1, 36, 19, 7, 2393344950, 2478079811, 0, 3, 810508833, 1
1, 36, 19, 7, 2393344950, 2478079811, 0, 2, 604447096, 1
1, 36, 19, 7, 2393344950, 2478079811, 0, 1, 401790249, 1
1, 37, 19, 7, 2478079812, 2553032349, 0, 12, 1213600889, 1
1, 37, 19, 7, 2478079812, 2553032349, 0, 11, 1203125251, 1
1, 37, 19, 7, 2478079812, 2553032349, 0, 10, 1190494324, 1
1, 37, 19, 7, 2478079812, 2553032349, 0, 9, 1171563778, 1
1, 37, 19, 7, 2478079812, 2553032349, 0, 8, 1147900597, 1
1, 37, 19, 7, 2478079812, 2553032349, 0, 7, 1117476506, 1
1, 37, 19, 7, 2478079812, 2553032349, 0, 6, 1082150170, 1
1, 37, 19, 7, 2478079812, 2553032349, 0, 5, 1017868805, 1
1, 37, 19, 7, 2478079812, 2553032349, 0, 4, 931689387, 1
1, 37, 19, 7, 2478079812, 2553032349, 0, 3, 755592363, 1
1, 37, 19, 7, 2478079812, 2553032349, 0, 2, 517680024, 1
1, 37, 19, 7, 2478079812, 2553032349, 0, 1, 320017535, 1
1, 38, 19, 7, 2553032350, 2849383122, 0, 12, 1245705866, 1
1, 38, 19, 7, 2553032350, 2849383122, 0, 11, 1235745135, 1
1, 38, 19, 7, 2553032350, 2849383122, 0, 10, 1221308614, 1
1, 38, 19, 7, 2553032350, 2849383122, 0, 9, 1203663977, 1
1, 38, 19, 7, 2553032350, 2849383122, 0, 8, 1181608181, 1
1, 38, 19, 7, 2553032350, 2849383122, 0, 7, 1153250729, 1
1, 38, 19, 7, 2553032350, 2849383122, 0, 6, 1115440794, 1
1, 38, 19, 7, 2553032350, 2849383122, 0, 5, 1049007473, 1
1, 38, 19, 7, 2553032350, 2849383122, 0, 4, 951726977, 1
1, 38, 19, 7, 2553032350, 2849383122, 0, 3, 770372875, 1
1, 38, 19, 7, 2553032350, 2849383122, 0, 2, 581198162, 1
1, 38, 19, 7, 2553032350, 2849383122, 0, 1, 383985021, 1
1, 39, 19, 7, 2849383123, 3084972734, 0, 12, 1199299128, 1
1, 39, 19, 7, 2849383123, 3084972734, 0, 11, 1228227633, 1
1, 39, 19, 7, 2849383123, 3084972734, 0, 10, 1212148274, 1
1, 39, 19, 7, 2849383123, 3084972734, 0, 9, 1192495724, 1
1, 39, 19, 7, 2849383123, 3084972734, 0, 8, 1167930036, 1
1, 39, 19, 7, 2849383123, 3084972734, 0, 7, 1136345580, 1
1, 39, 19, 7, 2849383123, 3084972734, 0, 6, 1096461641, 1
1, 39, 19, 7, 2849383123, 3084972734, 0, 5, 1058140555, 1
1, 39, 19, 7, 2849383123, 3084972734, 0, 4, 960883564, 1
1, 39, 19, 7, 2849383123, 3084972734, 0, 3, 784032193, 1
1, 39, 19, 7, 2849383123, 3084972734, 0, 2, 575836168, 1
1, 39, 19, 7, 2849383123, 3084972734, 0, 1, 388848396, 1
1, 40, 19, 7, 3084972735, 3244436690, 0, 12, 1177140926, 1
1, 40, 19, 7, 3084972735, 3244436690, 0, 11, 1191996018, 1
1, 40, 19, 7, 3084972735, 3244436690, 0, 10, 1174661849, 1
1, 40, 19, 7, 3084972735, 3244436690, 0, 9, 1153475641, 1
1, 40, 19, 7, 3084972735, 3244436690, 0, 8, 1126992882, 1
1, 40, 19, 7, 3084972735, 3244436690, 0, 7, 1092943621, 1
1, 40, 19, 7, 3084972735, 3244436690, 0, 6, 1047544605, 1
1, 40, 19, 7, 3084972735, 3244436690, 0, 5, 968699344, 1
1, 40, 19, 7, 3084972735, 3244436690, 0, 4, 853606012, 1
1, 40, 19, 7, 3084972735, 3244436690, 0, 3, 648472551, 1
1, 40, 19, 7, 3084972735, 3244436690, 0, 2, 540043718, 1
1, 40, 19, 7, 3084972735, 3244436690, 0, 1, 363484598, 1
1, 41, 19, 7, 3244436691, 3494867483, 0, 12, 1194261407, 1
1, 41, 19, 7, 3244436691, 3494867483, 0, 11, 1207408265, 1
1, 41, 19, 7, 3244436691, 3494867483, 0, 10, 1188835272, 1
1, 41, 19, 7, 3244436691, 3494867483, 0, 9, 1166134947, 1
1, 41, 19, 7, 3244436691, 3494867483, 0, 8, 1137759541, 1
1, 41, 19, 7, 3244436691, 3494867483, 0, 7, 1099230531, 1
1, 41, 19, 7, 3244436691, 3494867483, 0, 6, 1047858517, 1
1, 41, 19, 7, 3244436691, 3494867483, 0, 5, 964918961, 1
1, 41, 19, 7, 3244436691, 3494867483, 0, 4, 837629454, 1
1, 41, 19, 7, 3244436691, 3494867483, 0, 3, 629536283, 1
1, 41, 19, 7, 3244436691, 3494867483, 0, 2, 570979483, 1
1, 41, 19, 7, 3244436691, 3494867483, 0, 1, 365949200, 1
1, 42, 19, 7, 3494867484, 3786546807, 0, 12, 1257661214, 1
1, 42, 19, 7, 3494867484, 3786546807, 0, 11, 1242376355, 1
1, 42, 19, 7, 3494867484, 3786546807, 0, 10, 1223625389, 1
1, 42, 19, 7, 3494867484, 3786546807, 0, 9, 1200707542, 1
1, 42, 19, 7, 3494867484, 3786546807, 0, 8, 1172060234, 1
1, 42, 19, 7, 3494867484, 3786546807, 0, 7, 1135227980, 1
1, 42, 19, 7, 3494867484, 3786546807, 0, 6, 1086118308, 1
1, 42, 19, 7, 3494867484, 3786546807, 0, 5, 1002413519, 1
1, 42, 19, 7, 3494867484, 3786546807, 0, 4, 887018444, 1
1, 42, 19, 7, 3494867484, 3786546807, 0, 3, 703497856, 1
1, 42, 19, 7, 3494867484, 3786546807, 0, 2, 542149445, 1
1, 42, 19, 7, 3494867484, 3786546807, 0, 1, 354232275, 1
1, 43, 19, 7, 3786546808, 3808721881, 0, 12, 1432260430, 1
1, 43, 19, 7, 3786546808, 3808721881, 0, 11, 1402212669, 1
1, 43, 19, 7, 3786546808, 3808721881, 0, 10, 1380322543, 1
1, 43, 19, 7, 3786546808, 3808721881, 0, 9, 1354622558, 1
1, 43, 19, 7, 3786546808, 3808721881, 0, 8, 1322497576, 1
1, 43, 19, 7, 3786546808, 3808721881, 0, 7, 1288872632, 1
1, 43, 19, 7, 3786546808, 3808721881, 0, 6, 1268301603, 1
1, 43, 19, 7, 3786546808, 3808721881, 0, 5, 1191421127, 1
1, 43, 19, 7, 3786546808, 3808721881, 0, 4, 1077843852, 1
1, 43, 19, 7, 3786546808, 3808721881, 0, 3, 937227399, 1
1, 43, 19, 7, 3786546808, 3808721881, 0, 2, 723885849, 1
1, 43, 19, 7, 3786546808, 3808721881, 0, 1, 535968679, 1
1, 44, 19, 7, 3808721882, 3814240911, 0, 12, 1345267603, 1
1, 44, 19, 7, 3808721882, 3814240911, 0, 11, 1307317772, 1
1, 44, 19, 7, 3808721882, 3814240911, 0, 10, 1263189293, 1
1, 44, 19, 7, 3808721882, 3814240911, 0, 9, 1189901162, 1
1, 44, 19, 7, 3808721882, 3814240911, 0, 8, 1099916477, 1
1, 44, 19, 7, 3808721882, 3814240911, 0, 7, 954174046, 1
1, 44, 19, 7, 3808721882, 3814240911, 0, 6, 784113033, 1
1, 44, 19, 7, 3808721882, 3814240911, 0, 5, 650441563, 1
1, 44, 19, 7, 3808721882, 3814240911, 0, 4, 590491261, 1
1, 44, 19, 7, 3808721882, 3814240911, 0, 3, 467264745, 1
1, 44, 19, 7, 3808721882, 3814240911, 0, 2, 226991873, 1
1, 44, 19, 7, 3808721882, 3814240911, 0, 1, 180894802, 1
1, 45, 19, 7, 3814240912, 3819966013, 0, 12, 1491009830, 1
1, 45, 19, 7, 3814240912, 3819966013, 0, 11, 1436868259, 1
1, 45, 19, 7, 3814240912, 3819966013, 0, 10, 1373309691, 1
1, 45, 19, 7, 3814240912, 3819966013, 0, 9, 1276273675, 1
1, 45, 19, 7, 3814240912, 3819966013, 0, 8, 1156604133, 1
1, 45, 19, 7, 3814240912, 3819966013, 0, 7, 1047923678, 1
1, 45, 19, 7, 3814240912, 3819966013, 0, 6, 940060078, 1
1, 45, 19, 7, 3814240912, 3819966013, 0, 5, 772807743, 1
1, 45, 19, 7, 3814240912, 3819966013, 0, 4, 662486145, 1
1, 45, 19, 7, 3814240912, 3819966013, 0, 3, 455307468, 1
1, 45, 19, 7, 3814240912, 3819966013, 0, 2, 393798799, 1
1, 45, 19, 7, 3814240912, 3819966013, 0, 1, 190657288, 1
1, 46, 19, 7, 3819966014, 3840151346, 0, 12, 1144524231, 1
1, 46, 19, 7, 3819966014, 3840151346, 0, 11, 1081412150, 1
1, 46, 19, 7, 3819966014, 3840151346, 0, 10, 1012115176, 1
1, 46, 19, 7, 3819966014, 3840151346, 0, 9, 940146494, 1
1, 46, 19, 7, 3819966014, 3840151346, 0, 8, 835352309, 1
1, 46, 19, 7, 3819966014, 3840151346, 0, 7, 742270232, 1
1, 46, 19, 7, 3819966014, 3840151346, 0, 6, 649524964, 1
1, 46, 19, 7, 3819966014, 3840151346, 0, 5, 554174835, 1
1, 46, 19, 7, 3819966014, 3840151346, 0, 4, 449073153, 1
1, 46, 19, 7, 3819966014, 3840151346, 0, 3, 359158523, 1
1, 46, 19, 7, 3819966014, 3840151346, 0, 2, 262372724, 1
1, 46, 19, 7, 3819966014, 3840151346, 0, 1, 157639453, 1
1, 47, 19, 7, 3840151347, 3847426035, 0, 12, 1100507482, 1
1, 47, 19, 7, 3840151347, 3847426035, 0, 11, 1028409337, 1
1, 47, 19, 7, 3840151347, 3847426035, 0, 10, 948329086, 1
1, 47, 19, 7, 3840151347, 3847426035, 0, 9, 863180843, 1
1, 47, 19, 7, 3840151347, 3847426035, 0, 8, 772408264, 1
1, 47, 19, 7, 3840151347, 3847426035, 0, 7, 688561177, 1
1, 47, 19, 7, 3840151347, 3847426035, 0, 6, 598249607, 1
1, 47, 19, 7, 3840151347, 3847426035, 0, 5, 524578985, 1
1, 47, 19, 7, 3840151347, 3847426035, 0, 4, 448541299, 1
1, 47, 19, 7, 3840151347, 3847426035, 0, 3, 356933644, 1
1, 47, 19, 7, 3840151347, 3847426035, 0, 2, 273809443, 1
1, 47, 19, 7, 3840151347, 3847426035, 0, 1, 166593242, 1
1, 48, 19, 7, 3847426036, 3867412447, 0, 12, 901423417, 1
1, 48, 19, 7, 3847426036, 3867412447, 0, 11, 879651404, 1
1, 48, 19, 7, 3847426036, 3867412447, 0, 10, 859020631, 1
1, 48, 19, 7, 3847426036, 3867412447, 0, 9, 828968183, 1
1, 48, 19, 7, 3847426036, 3867412447, 0, 8, 772440045, 1
1, 48, 19, 7, 3847426036, 3867412447, 0, 7, 698593583, 1
1, 48, 19, 7, 3847426036, 3867412447, 0, 6, 595553227, 1
1, 48, 19, 7, 3847426036, 3867412447, 0, 5, 549396909, 1
1, 48, 19, 7, 3847426036, 3867412447, 0, 4, 477727406, 1
1, 48, 19, 7, 3847426036, 3867412447, 0, 3, 369628975, 1
1, 48, 19, 7, 3847426036, 3867412447, 0, 2, 310400768, 1
1, 48, 19, 7, 3847426036, 3867412447, 0, 1, 152331938, 1
1, 49, 19, 7, 3867412448, 3867783646, 0, 12, 1, 1
1, 49, 19, 7, 3867412448, 3867783646, 0, 11, 1, 1
1, 49, 19, 7, 3867412448, 3867783646, 0, 10, 1, 1
1, 49, 19, 7, 3867412448, 3867783646, 0, 9, 1, 1
1, 49, 19, 7, 3867412448, 3867783646, 0, 8, 1, 1
1, 49, 19, 7, 3867412448, 3867783646, 0, 7, 1, 1
1, 49, 19, 7, 3867412448, 3867783646, 0, 6, 1, 1
1, 49, 19, 7, 3867412448, 3867783646, 0, 5, 1, 1
1, 49, 19, 7, 3867412448, 3867783646, 0, 4, 1, 1
1, 49, 19, 7, 3867412448, 3867783646, 0, 3, 1, 1
1, 49, 19, 7, 3867412448, 3867783646, 0, 2, 1, 1
1, 49, 19, 7, 3867412448, 3867783646, 0, 1, 1, 1
1, 50, 19, 7, 3867783647, 3868259327, 0, 12, 70886763, 1
1, 50, 19, 7, 3867783647, 3868259327, 0, 11, 65106514, 1
1, 50, 19, 7, 3867783647, 3868259327, 0, 10, 59124095, 1
1, 50, 19, 7, 3867783647, 3868259327, 0, 9, 52956166, 1
1, 50, 19, 7, 3867783647, 3868259327, 0, 8, 46438036, 1
1, 50, 19, 7, 3867783647, 3868259327, 0, 7, 39612778, 1
1, 50, 19, 7, 3867783647, 3868259327, 0, 6, 32294742, 1
1, 50, 19, 7, 3867783647, 3868259327, 0, 5, 24806312, 1
1, 50, 19, 7, 3867783647, 3868259327, 0, 4, 19208144, 1
1, 50, 19, 7, 3867783647, 3868259327, 0, 3, 13572965, 1
1, 50, 19, 7, 3867783647, 3868259327, 0, 2, 7952242, 1
1, 50, 19, 7, 3867783647, 3868259327, 0, 1, 2228230, 1
1, 51, 19, 7, 3868259328, 3873766749, 0, 12, 74418516, 1
1, 51, 19, 7, 3868259328, 3873766749, 0, 11, 68887325, 1
1, 51, 19, 7, 3868259328, 3873766749, 0, 10, 63058325, 1
1, 51, 19, 7, 3868259328, 3873766749, 0, 9, 57118882, 1
1, 51, 19, 7, 3868259328, 3873766749, 0, 8, 51450893, 1
1, 51, 19, 7, 3868259328, 3873766749, 0, 7, 45904043, 1
1, 51, 19, 7, 3868259328, 3873766749, 0, 6, 40334492, 1
1, 51, 19, 7, 3868259328, 3873766749, 0, 5, 34709531, 1
1, 51, 19, 7, 3868259328, 3873766749, 0, 4, 29111363, 1
1, 51, 19, 7, 3868259328, 3873766749, 0, 3, 23476184, 1
1, 51, 19, 7, 3868259328, 3873766749, 0, 2, 17855461, 1
1, 51, 19, 7, 3868259328, 3873766749, 0, 1, 12131449, 1
1, 52, 19, 7, 3873766750, 3877220787, 0, 12, 185189020, 1
1, 52, 19, 7, 3873766750, 3877220787, 0, 11, 165698276, 1
1, 52, 19, 7, 3873766750, 3877220787, 0, 10, 175970099, 1
1, 52, 19, 7, 3873766750, 3877220787, 0, 9, 189709440, 1
1, 52, 19, 7, 3873766750, 3877220787, 0, 8, 192599340, 1
1, 52, 19, 7, 3873766750, 3877220787, 0, 7, 183986920, 1
1, 52, 19, 7, 3873766750, 3877220787, 0, 6, 179689617, 1
1, 52, 19, 7, 3873766750, 3877220787, 0, 5, 135115295, 1
1, 52, 19, 7, 3873766750, 3877220787, 0, 4, 85470063, 1
1, 52, 19, 7, 3873766750, 3877220787, 0, 3, 62670200, 1
1, 52, 19, 7, 3873766750, 3877220787, 0, 2, 81034529, 1
1, 52, 19, 7, 3873766750, 3877220787, 0, 1, 162069057, 1
1, 53, 19, 7, 3877220788, 3880775897, 0, 12, 64822452, 1
1, 53, 19, 7, 3877220788, 3880775897, 0, 11, 62943351, 1
1, 53, 19, 7, 3877220788, 3880775897, 0, 10, 48979018, 1
1, 53, 19, 7, 3877220788, 3880775897, 0, 9, 44836312, 1
1, 53, 19, 7, 3877220788, 3880775897, 0, 8, 50440851, 1
1, 53, 19, 7, 3877220788, 3880775897, 0, 7, 57646687, 1
1, 53, 19, 7, 3877220788, 3880775897, 0, 6, 67254468, 1
1, 53, 19, 7, 3877220788, 3880775897, 0, 5, 63012046, 1
1, 53, 19, 7, 3877220788, 3880775897, 0, 4, 73864662, 1
1, 53, 19, 7, 3877220788, 3880775897, 0, 3, 98486216, 1
1, 53, 19, 7, 3877220788, 3880775897, 0, 2, 77532453, 1
1, 53, 19, 7, 3877220788, 3880775897, 0, 1, 155064905, 1
1, 54, 19, 7, 3880775898, 3889274791, 0, 12, 374468735, 1
1, 54, 19, 7, 3880775898, 3889274791, 0, 11, 407987446, 1
1, 54, 19, 7, 3880775898, 3889274791, 0, 10, 384501369, 1
1, 54, 19, 7, 3880775898, 3889274791, 0, 9, 369281271, 1
1, 54, 19, 7, 3880775898, 3889274791, 0, 8, 352511259, 1
1, 54, 19, 7, 3880775898, 3889274791, 0, 7, 330801890, 1
1, 54, 19, 7, 3880775898, 3889274791, 0, 6, 305650094, 1
1, 54, 19, 7, 3880775898, 3889274791, 0, 5, 281471209, 1
1, 54, 19, 7, 3880775898, 3889274791, 0, 4, 261255765, 1
1, 54, 19, 7, 3880775898, 3889274791, 0, 3, 245522182, 1
1, 54, 19, 7, 3880775898, 3889274791, 0, 2, 132849237, 1
1, 54, 19, 7, 3880775898, 3889274791, 0, 1, 75335257, 1
1, 55, 19, 7, 3889274792, 3889738559, 0, 12, 13993867, 1
1, 55, 19, 7, 3889274792, 3889738559, 0, 11, 1, 1
1, 55, 19, 7, 3889274792, 3889738559, 0, 10, 1, 1
1, 55, 19, 7, 3889274792, 3889738559, 0, 9, 1, 1
1, 55, 19, 7, 3889274792, 3889738559, 0, 8, 1, 1
1, 55, 19, 7, 3889274792, 3889738559, 0, 7, 1, 1
1, 55, 19, 7, 3889274792, 3889738559, 0, 6, 1, 1
1, 55, 19, 7, 3889274792, 3889738559, 0, 5, 1, 1
1, 55, 19, 7, 3889274792, 3889738559, 0, 4, 1, 1
1, 55, 19, 7, 3889274792, 3889738559, 0, 3, 1, 1
1, 55, 19, 7, 3889274792, 3889738559, 0, 2, 1, 1
1, 55, 19, 7, 3889274792, 3889738559, 0, 1, 1, 1
1, 56, 19, 7, 3889738560, 3893820026, 0, 12, 81661292, 1
1, 56, 19, 7, 3889738560, 3893820026, 0, 11, 77116482, 1
1, 56, 19, 7, 3889738560, 3893820026, 0, 10, 72886232, 1
1, 56, 19, 7, 3889738560, 3893820026, 0, 9, 62406155, 1
1, 56, 19, 7, 3889738560, 3893820026, 0, 8, 58200727, 1
1, 56, 19, 7, 3889738560, 3893820026, 0, 7, 52837792, 1
1, 56, 19, 7, 3889738560, 3893820026, 0, 6, 49144574, 1
1, 56, 19, 7, 3889738560, 3893820026, 0, 5, 46347631, 1
1, 56, 19, 7, 3889738560, 3893820026, 0, 4, 44187527, 1
1, 56, 19, 7, 3889738560, 3893820026, 0, 3, 21403904, 1
1, 56, 19, 7, 3889738560, 3893820026, 0, 2, 15462384, 1
1, 56, 19, 7, 3889738560, 3893820026, 0, 1, 10381787, 1
1, 57, 19, 7, 3893820027, 3897480802, 0, 12, 137626717, 1
1, 57, 19, 7, 3893820027, 3897480802, 0, 11, 112877293, 1
1, 57, 19, 7, 3893820027, 3897480802, 0, 10, 102221973, 1
1, 57, 19, 7, 3893820027, 3897480802, 0, 9, 112585263, 1
1, 57, 19, 7, 3893820027, 3897480802, 0, 8, 97574089, 1
1, 57, 19, 7, 3893820027, 3897480802, 0, 7, 111513244, 1
1, 57, 19, 7, 3893820027, 3897480802, 0, 6, 121915493, 1
1, 57, 19, 7, 3893820027, 3897480802, 0, 5, 135534017, 1
1, 57, 19, 7, 3893820027, 3897480802, 0, 4, 73283995, 1
1, 57, 19, 7, 3893820027, 3897480802, 0, 3, 97711993, 1
1, 57, 19, 7, 3893820027, 3897480802, 0, 2, 13194370, 1
1, 57, 19, 7, 3893820027, 3897480802, 0, 1, 1, 1
1, 58, 19, 7, 3897480803, 3900864425, 0, 12, 124886637, 1
1, 58, 19, 7, 3897480803, 3900864425, 0, 11, 122249861, 1
1, 58, 19, 7, 3897480803, 3900864425, 0, 10, 114806466, 1
1, 58, 19, 7, 3897480803, 3900864425, 0, 9, 100152374, 1
1, 58, 19, 7, 3897480803, 3900864425, 0, 8, 112671421, 1
1, 58, 19, 7, 3897480803, 3900864425, 0, 7, 108817331, 1
1, 58, 19, 7, 3897480803, 3900864425, 0, 6, 114620614, 1
1, 58, 19, 7, 3897480803, 3900864425, 0, 5, 82836811, 1
1, 58, 19, 7, 3897480803, 3900864425, 0, 4, 71407288, 1
1, 58, 19, 7, 3897480803, 3900864425, 0, 3, 52766529, 1
1, 58, 19, 7, 3897480803, 3900864425, 0, 2, 73765776, 1
1, 58, 19, 7, 3897480803, 3900864425, 0, 1, 26678513, 1
1, 59, 19, 7, 3900864426, 3901167187, 0, 12, 33589163, 1
1, 59, 19, 7, 3900864426, 3901167187, 0, 11, 16407729, 1
1, 59, 19, 7, 3900864426, 3901167187, 0, 10, 4239097, 1
1, 59, 19, 7, 3900864426, 3901167187, 0, 9, 1, 1
1, 59, 19, 7, 3900864426, 3901167187, 0, 8, 1, 1
1, 59, 19, 7, 3900864426, 3901167187, 0, 7, 1, 1
1, 59, 19, 7, 3900864426, 3901167187, 0, 6, 1, 1
1, 59, 19, 7, 3900864426, 3901167187, 0, 5, 1, 1
1, 59, 19, 7, 3900864426, 3901167187, 0, 4, 1, 1
1, 59, 19, 7, 3900864426, 3901167187, 0, 3, 1, 1
1, 59, 19, 7, 3900864426, 3901167187, 0, 2, 1, 1
1, 59, 19, 7, 3900864426, 3901167187, 0, 1, 1, 1
1, 60, 19, 7, 3901167188, 3903739347, 0, 12, 124538707, 1
1, 60, 19, 7, 3901167188, 3903739347, 0, 11, 101899732, 1
1, 60, 19, 7, 3901167188, 3903739347, 0, 10, 83182050, 1
1, 60, 19, 7, 3901167188, 3903739347, 0, 9, 70938559, 1
1, 60, 19, 7, 3901167188, 3903739347, 0, 8, 61671939, 1
1, 60, 19, 7, 3901167188, 3903739347, 0, 7, 56667796, 1
1, 60, 19, 7, 3901167188, 3903739347, 0, 6, 53602994, 1
1, 60, 19, 7, 3901167188, 3903739347, 0, 5, 51633547, 1
1, 60, 19, 7, 3901167188, 3903739347, 0, 4, 29254292, 1
1, 60, 19, 7, 3901167188, 3903739347, 0, 3, 23362296, 1
1, 60, 19, 7, 3901167188, 3903739347, 0, 2, 18105589, 1
1, 60, 19, 7, 3901167188, 3903739347, 0, 1, 12916573, 1
1, 61, 19, 7, 3903739348, 3907218996, 0, 12, 179854996, 1
1, 61, 19, 7, 3903739348, 3907218996, 0, 11, 172604851, 1
1, 61, 19, 7, 3903739348, 3907218996, 0, 10, 172353767, 1
1, 61, 19, 7, 3903739348, 3907218996, 0, 9, 182680561, 1
1, 61, 19, 7, 3903739348, 3907218996, 0, 8, 201626798, 1
1, 61, 19, 7, 3903739348, 3907218996, 0, 7, 191212987, 1
1, 61, 19, 7, 3903739348, 3907218996, 0, 6, 187394349, 1
1, 61, 19, 7, 3903739348, 3907218996, 0, 5, 156638516, 1
1, 61, 19, 7, 3903739348, 3907218996, 0, 4, 189000718, 1
1, 61, 19, 7, 3903739348, 3907218996, 0, 3, 153963641, 1
1, 61, 19, 7, 3903739348, 3907218996, 0, 2, 168989321, 1
1, 61, 19, 7, 3903739348, 3907218996, 0, 1, 154241904, 1
1, 62, 19, 7, 3907218997, 3913396548, 0, 12, 174636061, 1
1, 62, 19, 7, 3907218997, 3913396548, 0, 11, 162693940, 1
1, 62, 19, 7, 3907218997, 3913396548, 0, 10, 149321921, 1
1, 62, 19, 7, 3907218997, 3913396548, 0, 9, 144688259, 1
1, 62, 19, 7, 3907218997, 3913396548, 0, 8, 131780062, 1
1, 62, 19, 7, 3907218997, 3913396548, 0, 7, 150605785, 1
1, 62, 19, 7, 3907218997, 3913396548, 0, 6, 130233940, 1
1, 62, 19, 7, 3907218997, 3913396548, 0, 5, 145760920, 1
1, 62, 19, 7, 3907218997, 3913396548, 0, 4, 132027638, 1
1, 62, 19, 7, 3907218997, 3913396548, 0, 3, 174191027, 1
1, 62, 19, 7, 3907218997, 3913396548, 0, 2, 173098109, 1
1, 62, 19, 7, 3907218997, 3913396548, 0, 1, 126995082, 1
1, 63, 19, 7, 3913396549, 3913737475, 0, 12, 1, 1
1, 63, 19, 7, 3913396549, 3913737475, 0, 11, 1, 1
1, 63, 19, 7, 3913396549, 3913737475, 0, 10, 1, 1
1, 63, 19, 7, 3913396549, 3913737475, 0, 9, 1, 1
1, 63, 19, 7, 3913396549, 3913737475, 0, 8, 1, 1
1, 63, 19, 7, 3913396549, 3913737475, 0, 7, 1, 1
1, 63, 19, 7, 3913396549, 3913737475, 0, 6, 1, 1
1, 63, 19, 7, 3913396549, 3913737475, 0, 5, 1, 1
1, 63, 19, 7, 3913396549, 3913737475, 0, 4, 1, 1
1, 63, 19, 7, 3913396549, 3913737475, 0, 3, 1, 1
1, 63, 19, 7, 3913396549, 3913737475, 0, 2, 1, 1
1, 63, 19, 7, 3913396549, 3913737475, 0, 1, 1, 1
1, 64, 19, 7, 3913737476, 3916652801, 0, 12, 71753981, 1
1, 64, 19, 7, 3913737476, 3916652801, 0, 11, 66591876, 1
1, 64, 19, 7, 3913737476, 3916652801, 0, 10, 61349504, 1
1, 64, 19, 7, 3913737476, 3916652801, 0, 9, 55222463, 1
1, 64, 19, 7, 3913737476, 3916652801, 0, 8, 49980245, 1
1, 64, 19, 7, 3913737476, 3916652801, 0, 7, 44806951, 1
1, 64, 19, 7, 3913737476, 3916652801, 0, 6, 39730130, 1
1, 64, 19, 7, 3913737476, 3916652801, 0, 5, 34765812, 1
1, 64, 19, 7, 3913737476, 3916652801, 0, 4, 29713147, 1
1, 64, 19, 7, 3913737476, 3916652801, 0, 3, 24635996, 1
1, 64, 19, 7, 3913737476, 3916652801, 0, 2, 20178518, 1
1, 64, 19, 7, 3913737476, 3916652801, 0, 1, 10177773, 1
1, 65, 19, 7, 3916652802, 3919934037, 0, 12, 191828143, 1
1, 65, 19, 7, 3916652802, 3919934037, 0, 11, 169981070, 1
1, 65, 19, 7, 3916652802, 3919934037, 0, 10, 184173125, 1
1, 65, 19, 7, 3916652802, 3919934037, 0, 9, 153220046, 1
1, 65, 19, 7, 3916652802, 3919934037, 0, 8, 149401515, 1
1, 65, 19, 7, 3916652802, 3919934037, 0, 7, 132974525, 1
1, 65, 19, 7, 3916652802, 3919934037, 0, 6, 117827620, 1
1, 65, 19, 7, 3916652802, 3919934037, 0, 5, 126660171, 1
1, 65, 19, 7, 3916652802, 3919934037, 0, 4, 107067072, 1
1, 65, 19, 7, 3916652802, 3919934037, 0, 3, 75171561, 1
1, 65, 19, 7, 3916652802, 3919934037, 0, 2, 57504882, 1
1, 65, 19, 7, 3916652802, 3919934037, 0, 1, 115009764, 1
1, 66, 19, 7, 3919934038, 3926673594, 0, 12, 159429198, 1
1, 66, 19, 7, 3919934038, 3926673594, 0, 11, 165751733, 1
1, 66, 19, 7, 3919934038, 3926673594, 0, 10, 159167160, 1
1, 66, 19, 7, 3919934038, 3926673594, 0, 9, 163465045, 1
1, 66, 19, 7, 3919934038, 3926673594, 0, 8, 126553577, 1
1, 66, 19, 7, 3919934038, 3926673594, 0, 7, 144632659, 1
1, 66, 19, 7, 3919934038, 3926673594, 0, 6, 125006309, 1
1, 66, 19, 7, 3919934038, 3926673594, 0, 5, 90209109, 1
1, 66, 19, 7, 3919934038, 3926673594, 0, 4, 63744181, 1
1, 66, 19, 7, 3919934038, 3926673594, 0, 3, 84992242, 1
1, 66, 19, 7, 3919934038, 3926673594, 0, 2, 33722966, 1
1, 66, 19, 7, 3919934038, 3926673594, 0, 1, 67445931, 1
1, 67, 19, 7, 3926673595, 3926995192, 0, 12, 1, 1
1, 67, 19, 7, 3926673595, 3926995192, 0, 11, 1, 1
1, 67, 19, 7, 3926673595, 3926995192, 0, 10, 1, 1
1, 67, 19, 7, 3926673595, 3926995192, 0, 9, 1, 1
1, 67, 19, 7, 3926673595, 3926995192, 0, 8, 1, 1
1, 67, 19, 7, 3926673595, 3926995192, 0, 7, 1, 1
1, 67, 19, 7, 3926673595, 3926995192, 0, 6, 1, 1
1, 67, 19, 7, 3926673595, 3926995192, 0, 5, 1, 1
1, 67, 19, 7, 3926673595, 3926995192, 0, 4, 1, 1
1, 67, 19, 7, 3926673595, 3926995192, 0, 3, 1, 1
1, 67, 19, 7, 3926673595, 3926995192, 0, 2, 1, 1
1, 67, 19, 7, 3926673595, 3926995192, 0, 1, 1, 1
1, 68, 19, 7, 3926995193, 3927479996, 0, 12, 71044389, 1
1, 68, 19, 7, 3926995193, 3927479996, 0, 11, 65075508, 1
1, 68, 19, 7, 3926995193, 3927479996, 0, 10, 58822060, 1
1, 68, 19, 7, 3926995193, 3927479996, 0, 9, 52978925, 1
1, 68, 19, 7, 3926995193, 3927479996, 0, 8, 47513621, 1
1, 68, 19, 7, 3926995193, 3927479996, 0, 7, 41987543, 1
1, 68, 19, 7, 3926995193, 3927479996, 0, 6, 36557087, 1
1, 68, 19, 7, 3926995193, 3927479996, 0, 5, 30987802, 1
1, 68, 19, 7, 3926995193, 3927479996, 0, 4, 25405125, 1
1, 68, 19, 7, 3926995193, 3927479996, 0, 3, 19512856, 1
1, 68, 19, 7, 3926995193, 3927479996, 0, 2, 13648022, 1
1, 68, 19, 7, 3926995193, 3927479996, 0, 1, 7143376, 1
1, 69, 19, 7, 3927479997, 3930594302, 0, 12, 88830333, 1
1, 69, 19, 7, 3927479997, 3930594302, 0, 11, 84193216, 1
1, 69, 19, 7, 3927479997, 3930594302, 0, 10, 79537885, 1
1, 69, 19, 7, 3927479997, 3930594302, 0, 9, 75648005, 1
1, 69, 19, 7, 3927479997, 3930594302, 0, 8, 72624268, 1
1, 69, 19, 7, 3927479997, 3930594302, 0, 7, 70237348, 1
1, 69, 19, 7, 3927479997, 3930594302, 0, 6, 65282306, 1
1, 69, 19, 7, 3927479997, 3930594302, 0, 5, 64830758, 1
1, 69, 19, 7, 3927479997, 3930594302, 0, 4, 28541664, 1
1, 69, 19, 7, 3927479997, 3930594302, 0, 3, 22649395, 1
1, 69, 19, 7, 3927479997, 3930594302, 0, 2, 16784561, 1
1, 69, 19, 7, 3927479997, 3930594302, 0, 1, 10279915, 1
1, 70, 19, 7, 3930594303, 3936123379, 0, 12, 326982600, 1
1, 70, 19, 7, 3930594303, 3936123379, 0, 11, 347850398, 1
1, 70, 19, 7, 3930594303, 3936123379, 0, 10, 373800966, 1
1, 70, 19, 7, 3930594303, 3936123379, 0, 9, 352270574, 1
1, 70, 19, 7, 3930594303, 3936123379, 0, 8, 332910177, 1
1, 70, 19, 7, 3930594303, 3936123379, 0, 7, 306819452, 1
1, 70, 19, 7, 3930594303, 3936123379, 0, 6, 272833991, 1
1, 70, 19, 7, 3930594303, 3936123379, 0, 5, 247780998, 1
1, 70, 19, 7, 3930594303, 3936123379, 0, 4, 201706832, 1
1, 70, 19, 7, 3930594303, 3936123379, 0, 3, 158884074, 1
1, 70, 19, 7, 3930594303, 3936123379, 0, 2, 126516989, 1
1, 70, 19, 7, 3930594303, 3936123379, 0, 1, 75375635, 1
1, 71, 19, 7, 3936123380, 3937628427, 0, 12, 163215124, 1
1, 71, 19, 7, 3936123380, 3937628427, 0, 11, 178052862, 1
1, 71, 19, 7, 3936123380, 3937628427, 0, 10, 195858148, 1
1, 71, 19, 7, 3936123380, 3937628427, 0, 9, 179732744, 1
1, 71, 19, 7, 3936123380, 3937628427, 0, 8, 167128581, 1
1, 71, 19, 7, 3936123380, 3937628427, 0, 7, 149724444, 1
1, 71, 19, 7, 3936123380, 3937628427, 0, 6, 127321099, 1
1, 71, 19, 7, 3936123380, 3937628427, 0, 5, 118483069, 1
1, 71, 19, 7, 3936123380, 3937628427, 0, 4, 96731346, 1
1, 71, 19, 7, 3936123380, 3937628427, 0, 3, 94445994, 1
1, 71, 19, 7, 3936123380, 3937628427, 0, 2, 67335139, 1
1, 71, 19, 7, 3936123380, 3937628427, 0, 1, 134670277, 1
1, 72, 19, 7, 3937628428, 3941042347, 0, 12, 96544619, 1
1, 72, 19, 7, 3937628428, 3941042347, 0, 11, 105321403, 1
1, 72, 19, 7, 3937628428, 3941042347, 0, 10, 115853543, 1
1, 72, 19, 7, 3937628428, 3941042347, 0, 9, 102393275, 1
1, 72, 19, 7, 3937628428, 3941042347, 0, 8, 93120532, 1
1, 72, 19, 7, 3937628428, 3941042347, 0, 7, 79999648, 1
1, 72, 19, 7, 3937628428, 3941042347, 0, 6, 63307309, 1
1, 72, 19, 7, 3937628428, 3941042347, 0, 5, 62464687, 1
1, 72, 19, 7, 3937628428, 3941042347, 0, 4, 52706076, 1
1, 72, 19, 7, 3937628428, 3941042347, 0, 3, 70274768, 1
1, 72, 19, 7, 3937628428, 3941042347, 0, 2, 83073714, 1
1, 72, 19, 7, 3937628428, 3941042347, 0, 1, 30679448, 1
1, 73, 19, 7, 3941042348, 3941355562, 0, 12, 254879327, 1
1, 73, 19, 7, 3941042348, 3941355562, 0, 11, 278050174, 1
1, 73, 19, 7, 3941042348, 3941355562, 0, 10, 305855192, 1
1, 73, 19, 7, 3941042348, 3941355562, 0, 9, 287744740, 1
1, 73, 19, 7, 3941042348, 3941355562, 0, 8, 272659266, 1
1, 73, 19, 7, 3941042348, 3941355562, 0, 7, 252064873, 1
1, 73, 19, 7, 3941042348, 3941355562, 0, 6, 225407853, 1
1, 73, 19, 7, 3941042348, 3941355562, 0, 5, 210614679, 1
1, 73, 19, 7, 3941042348, 3941355562, 0, 4, 179930240, 1
1, 73, 19, 7, 3941042348, 3941355562, 0, 3, 162757026, 1
1, 73, 19, 7, 3941042348, 3941355562, 0, 2, 105870448, 1
1, 73, 19, 7, 3941042348, 3941355562, 0, 1, 1, 1
1, 74, 19, 7, 3941355563, 3942111224, 0, 12, 379165665, 1
1, 74, 19, 7, 3941355563, 3942111224, 0, 11, 401522112, 1
1, 74, 19, 7, 3941355563, 3942111224, 0, 10, 429259058, 1
1, 74, 19, 7, 3941355563, 3942111224, 0, 9, 409912018, 1
1, 74, 19, 7, 3941355563, 3942111224, 0, 8, 393280810, 1
1, 74, 19, 7, 3941355563, 3942111224, 0, 7, 370699043, 1
1, 74, 19, 7, 3941355563, 3942111224, 0, 6, 341392193, 1
1, 74, 19, 7, 3941355563, 3942111224, 0, 5, 322889256, 1
1, 74, 19, 7, 3941355563, 3942111224, 0, 4, 286640172, 1
1, 74, 19, 7, 3941355563, 3942111224, 0, 3, 260192551, 1
1, 74, 19, 7, 3941355563, 3942111224, 0, 2, 184757158, 1
1, 74, 19, 7, 3941355563, 3942111224, 0, 1, 23240266, 1
1, 75, 19, 7, 3942111225, 3964647019, 0, 12, 171541988, 1
1, 75, 19, 7, 3942111225, 3964647019, 0, 11, 162206403, 1
1, 75, 19, 7, 3942111225, 3964647019, 0, 10, 150353596, 1
1, 75, 19, 7, 3942111225, 3964647019, 0, 9, 135359632, 1
1, 75, 19, 7, 3942111225, 3964647019, 0, 8, 124169768, 1
1, 75, 19, 7, 3942111225, 3964647019, 0, 7, 108584016, 1
1, 75, 19, 7, 3942111225, 3964647019, 0, 6, 88605184, 1
1, 75, 19, 7, 3942111225, 3964647019, 0, 5, 83161473, 1
1, 75, 19, 7, 3942111225, 3964647019, 0, 4, 66501229, 1
1, 75, 19, 7, 3942111225, 3964647019, 0, 3, 40390370, 1
1, 75, 19, 7, 3942111225, 3964647019, 0, 2, 14095456, 1
1, 75, 19, 7, 3942111225, 3964647019, 0, 1, 1, 1
1, 76, 19, 7, 3964647020, 3982474729, 0, 12, 279906782, 1
1, 76, 19, 7, 3964647020, 3982474729, 0, 11, 260072577, 1
1, 76, 19, 7, 3964647020, 3982474729, 0, 10, 244399488, 1
1, 76, 19, 7, 3964647020, 3982474729, 0, 9, 236801264, 1
1, 76, 19, 7, 3964647020, 3982474729, 0, 8, 207609196, 1
1, 76, 19, 7, 3964647020, 3982474729, 0, 7, 170640327, 1
1, 76, 19, 7, 3964647020, 3982474729, 0, 6, 149878551, 1
1, 76, 19, 7, 3964647020, 3982474729, 0, 5, 101795222, 1
1, 76, 19, 7, 3964647020, 3982474729, 0, 4, 71973102, 1
1, 76, 19, 7, 3964647020, 3982474729, 0, 3, 29199059, 1
1, 76, 19, 7, 3964647020, 3982474729, 0, 2, 19037711, 1
1, 76, 19, 7, 3964647020, 3982474729, 0, 1, 17358522, 1
